0 ~Sticker  2.6 x  6 with White and Red Stripes - Scalloping
0 Name: s\003497bs02.dat
0 Author: Takeshi Takahashi [RainbowDolphin]
0 !LDRAW_ORG Unofficial_Subpart 
0 !LICENSE Redistributable under CCAL version 2.0 : see CAreadme.txt

0 BFC CERTIFY CCW


1 16 -60 0 -5 6.9291 0 -2.87013 0 -.25 0 -.95671 0 -2.3097 3-16cyli.dat
1 16 -60 0 -5 6.9291 0 -2.87013 0 -1 0 -.95671 0 -2.3097 3-16disc.dat

1 16 -45 0 -5 -6.9291 0 2.87013 0 -.25 0 -.9567 0 -2.3097 3-8cyli.dat
1 16 -45 0 -5 -6.9291 0 2.87013 0 -1 0 -.9567 0 -2.3097 3-8disc.dat

1 16 -30 0 -5 -6.9291 0 2.87013 0 -.25 0 -.9567 0 -2.3097 3-8cyli.dat
1 16 -30 0 -5 -6.9291 0 2.87013 0 -1 0 -.9567 0 -2.3097 3-8disc.dat

1 16 -15 0 -5 -6.9291 0 2.87013 0 -.25 0 -.9567 0 -2.3097 3-8cyli.dat
1 16 -15 0 -5 -6.9291 0 2.87013 0 -1 0 -.9567 0 -2.3097 3-8disc.dat

1 16 0 0 -5 -6.9291 0 2.87013 0 -.25 0 -.9567 0 -2.3097 3-8cyli.dat
1 16 0 0 -5 -6.9291 0 2.87013 0 -1 0 -.9567 0 -2.3097 3-8disc.dat

1 16 15 0 -5 -6.9291 0 2.87013 0 -.25 0 -.9567 0 -2.3097 3-8cyli.dat
1 16 15 0 -5 -6.9291 0 2.87013 0 -1 0 -.9567 0 -2.3097 3-8disc.dat

1 16 30 0 -5 -6.9291 0 2.87013 0 -.25 0 -.9567 0 -2.3097 3-8cyli.dat
1 16 30 0 -5 -6.9291 0 2.87013 0 -1 0 -.9567 0 -2.3097 3-8disc.dat

1 16 45 0 -5 -6.9291 0 2.87013 0 -.25 0 -.9567 0 -2.3097 3-8cyli.dat
1 16 45 0 -5 -6.9291 0 2.87013 0 -1 0 -.9567 0 -2.3097 3-8disc.dat

1 16 60 0 -5 -6.9291 0 2.87013 0 -.25 0 -.95671 0 -2.3097 3-16cyli.dat
1 16 60 0 -5 -6.9291 0 2.87013 0 -1 0 -.95671 0 -2.3097 3-16disc.dat

4 16 -51.9291 0 -5.9567 -53.071 0 -5.9567 -60 0 -5 -45 0 -5
4 16 -36.9291 0 -5.9567 -38.071 0 -5.9567 -45 0 -5 -30 0 -5
4 16 -21.9291 0 -5.9567 -23.071 0 -5.9567 -30 0 -5 -15 0 -5
4 16 -6.9291 0 -5.9567 -8.071 0 -5.9567 -15 0 -5 0 0 -5
4 16 8.0709 0 -5.9567 6.929 0 -5.9567 0 0 -5 15 0 -5
4 16 23.0709 0 -5.9567 21.929 0 -5.9567 15 0 -5 30 0 -5
4 16 38.0709 0 -5.9567 36.929 0 -5.9567 30 0 -5 45 0 -5
4 16 53.0709 0 -5.9567 51.929 0 -5.9567 45 0 -5 60 0 -5
3 16 -45 0 -5 -60 0 -5 -60 0 0
3 16 -45 0 -5 -60 0 0 -30 0 -5
3 16 -30 0 -5 -60 0 0 -15 0 -5
3 16 -15 0 -5 -60 0 0 0 0 -5
3 16 0 0 -5 -60 0 0 60 0 0
3 16 60 0 0 45 0 -5 30 0 -5
3 16 60 0 0 30 0 -5 15 0 -5
3 16 60 0 0 15 0 -5 0 0 -5
3 16 60 0 0 60 0 -5 45 0 -5

4 16 -60 -.25 0 -60 0 0 -60 0 -7.5 -60 -.25 -7.5
4 16 60 0 -7.5 60 0 0 60 -.25 0 60 -.25 -7.5

1 15 -60 -.25 -5 6.9291 0 -2.87013 0 1 0 -.95671 0 -2.3097 3-16disc.dat
1 4 -45 -.25 -5 -6.9291 0 2.8701 0 1 0 -.95671 0 -2.3097 3-8disc.dat
1 15 -30 -.25 -5 -6.9291 0 2.87013 0 1 0 -.95671 0 -2.3097 3-16disc.dat
1 4 -30 -.25 -5 6.9291 0 -2.87013 0 1 0 -.95671 0 -2.3097 3-16disc.dat
1 4 -15 -.25 -5 -6.9291 0 2.87013 0 1 0 -.95671 0 -2.3097 3-16disc.dat
1 15 -15 -.25 -5 6.9291 0 -2.87013 0 1 0 -.95671 0 -2.3097 3-16disc.dat
1 4 0 -.25 -5 -6.9291 0 2.8701 0 1 0 -.95671 0 -2.3097 3-8disc.dat
1 15 15 -.25 -5 -6.9291 0 2.87013 0 1 0 -.95671 0 -2.3097 3-16disc.dat
1 4 15 -.25 -5 6.9291 0 -2.87013 0 1 0 -.95671 0 -2.3097 3-16disc.dat
1 4 30 -.25 -5 -6.9291 0 2.87013 0 1 0 -.95671 0 -2.3097 3-16disc.dat
1 15 30 -.25 -5 6.9291 0 -2.87013 0 1 0 -.95671 0 -2.3097 3-16disc.dat
1 4 45 -.25 -5 -6.9291 0 2.8701 0 1 0 -.95671 0 -2.3097 3-8disc.dat
1 15 60 -.25 -5 -6.9291 0 2.87013 0 1 0 -.95671 0 -2.3097 3-16disc.dat
4 15 -60 -.25 0 -60 -.25 -5 -53.0709 -.25 -5.95671 -52.5 -.25 0
3 15 -52.5 -.25 0 -53.0709 -.25 -5.95671 -52.5 -.25 -5.95671
4 4 -52.5 -.25 0 -52.5 -.25 -5.95671 -51.9291 -.25 -5.95671 -45 -.25 -5
3 4 -52.5 -.25 0 -45 -.25 -5 -37.5 -.25 0
4 4 -37.5 -.25 0 -45 -.25 -5 -38.0709 -.25 -5.95671 -37.5 -.25 -5.95671
3 15 -37.5 -.25 0 -37.5 -.25 -5.95671 -36.9291 -.25 -5.95671
4 15 -37.5 -.25 0 -36.9291 -.25 -5.95671 -30 -.25 -5 -30 -.25 0
3 4 -30 -.25 0 -30 -.25 -5 -23.0709 -.25 -5.95671
3 4 -21.9291 -.25 -5.95671 -15 -.25 -5 -15 -.25 0
4 4 -30 -.25 0 -23.0709 -.25 -5.95671 -21.9291 -.25 -5.95671 -15 -.25 0
4 15 -15 -.25 0 -15 -.25 -5 -8.0709 -.25 -5.95671 -7.5 -.25 0
3 15 -7.5 -.25 0 -8.0709 -.25 -5.95671 -7.5 -.25 -5.95671
4 4 -7.5 -.25 0 -7.5 -.25 -5.95671 -6.9291 -.25 -5.95671 0 -.25 -5
3 4 -7.5 -.25 0 0 -.25 -5 7.5 -.25 0
4 4 7.5 -.25 0 0 -.25 -5 6.9291 -.25 -5.95671 7.5 -.25 -5.95671
3 15 7.5 -.25 0 7.5 -.25 -5.95671 8.0709 -.25 -5.95671
4 15 7.5 -.25 0 8.0709 -.25 -5.95671 15 -.25 -5 15 -.25 0
3 4 15 -.25 0 15 -.25 -5 21.9291 -.25 -5.95671
3 4 23.0709 -.25 -5.95671 30 -.25 -5 30 -.25 0
4 4 15 -.25 0 21.9291 -.25 -5.95671 23.0709 -.25 -5.95671 30 -.25 0
4 15 30 -.25 0 30 -.25 -5 36.9291 -.25 -5.95671 37.5 -.25 0
3 15 37.5 -.25 0 36.9291 -.25 -5.95671 37.5 -.25 -5.95671
4 4 37.5 -.25 0 37.5 -.25 -5.95671 38.0709 -.25 -5.95671 45 -.25 -5
3 4 37.5 -.25 0 45 -.25 -5 52.5 -.25 0
4 4 52.5 -.25 0 45 -.25 -5 51.9291 -.25 -5.95671 52.5 -.25 -5.95671
3 15 52.5 -.25 0 52.5 -.25 -5.95671 53.0709 -.25 -5.95671
4 15 52.5 -.25 0 53.0709 -.25 -5.95671 60 -.25 -5 60 -.25 0
4 16 -53.0709 -.25 -5.95671 -53.0709 0 -5.95671 -51.9291 0 -5.95671 -51.9291 -.25 -5.95671
4 16 -38.0709 -.25 -5.95671 -38.0709 0 -5.95671 -36.9291 0 -5.95671 -36.9291 -.25 -5.95671
4 16 -23.0709 -.25 -5.95671 -23.0709 0 -5.95671 -21.9291 0 -5.95671 -21.9291 -.25 -5.95671
4 16 -8.0709 -.25 -5.95671 -8.0709 0 -5.95671 -6.9291 0 -5.95671 -6.9291 -.25 -5.95671
4 16 6.9291 -.25 -5.95671 6.9291 0 -5.95671 8.0709 0 -5.95671 8.0709 -.25 -5.95671
4 16 21.9291 -.25 -5.95671 21.9291 0 -5.95671 23.0709 0 -5.95671 23.0709 -.25 -5.95671
4 16 36.9291 -.25 -5.95671 36.9291 0 -5.95671 38.0709 0 -5.95671 38.0709 -.25 -5.95671
4 16 51.9291 -.25 -5.95671 51.9291 0 -5.95671 53.0709 0 -5.95671 53.0709 -.25 -5.95671
