0 ~Legoland Logo
0 Name: s\003435as01.dat
0 Author: J.C. Tchang [tchang]
0 !LDRAW_ORG Unofficial_Subpart 
0 !LICENSE Redistributable under CCAL version 2.0 : see CAreadme.txt

0 BFC CERTIFY CCW


4 0 -24.35 0 5.5 -24.6 0 5.4 -24.6 0 -3.6 -22.85 0 5.5
4 0 -24.6 0 -3.6 -22.6 0 -1.7 -22.6 0 5.4 -22.85 0 5.5
4 0 -24.6 0 -3.6 -19.2 0 -2 -19.3 0 -1.7 -22.6 0 -1.7
4 0 -24.6 0 -3.6 -19.3 0 -3.6 -19.2 0 -3.4 -19.2 0 -2
4 0 -18.93 0 -1.63 -17.26 0 -1.45 -17.39 0 -0.89 -19.16 0 -0.14
4 0 -18.93 0 1.3 -19.16 0 -0.14 -17.39 0 0.65 -17.26 0 1.08
4 0 -18.26 0 2.46 -18.93 0 1.3 -17.26 0 1.08 -16.97 0 1.49
4 0 -17.21 0 3.25 -18.26 0 2.46 -16.97 0 1.49 -16.5 0 1.79
4 0 -18.26 0 -2.79 -16.92 0 -1.85 -17.26 0 -1.45 -18.93 0 -1.63
4 0 -16.92 0 -1.85 -18.26 0 -2.79 -17.21 0 -3.55 -16.41 0 -2.1
4 0 -16.5 0 1.79 -15.83 0 1.9 -15.83 0 3.53 -17.21 0 3.25
4 0 -15.83 0 -3.81 -15.83 0 -2.18 -16.41 0 -2.1 -17.21 0 -3.55
4 0 -14.49 0 -3.61 -14.67 0 -1.87 -15.12 0 -2.09 -15.83 0 -3.81
3 0 -15.12 0 -2.09 -15.83 0 -2.18 -15.83 0 -3.81
4 0 -15.83 0 3.53 -15.83 0 1.9 -15.11 0 1.79 -14.45 0 3.25
4 0 -14.45 0 3.25 -15.11 0 1.79 -14.66 0 1.49 -13.39 0 2.51
4 0 -17.39 0 -0.89 -14.32 0 0.65 -17.39 0 0.65 -19.16 0 -0.14
4 0 -13.97 0 -1.27 -14.38 0 -1.37 -14.67 0 -1.87 -13.51 0 -3.12
3 0 -14.67 0 -1.87 -14.49 0 -3.61 -13.51 0 -3.12
4 0 -13.39 0 2.51 -14.66 0 1.49 -14.42 0 1.08 -12.72 0 1.41
4 0 -13.97 0 -1.27 -13.51 0 -3.12 -12.92 0 -2.53 -12.98 0 -1.27
4 0 -12.72 0 1.41 -14.42 0 1.08 -14.32 0 0.65 -12.48 0 0.08
4 0 -12.98 0 -1.27 -12.92 0 -2.53 -12.71 0 -2.04 -12.61 0 -1.49
4 0 -12.48 0 -0.53 -12.48 0 0.08 -12.85 0 -0.89 -12.59 0 -0.79
4 0 -14.32 0 0.65 -17.39 0 -0.89 -12.85 0 -0.89 -12.48 0 0.08
4 0 -11.93 0 -3.9 -11.68 0 -4.62 -11.6 0 -3.57 -11.84 0 -3.67
4 0 -10.43 0 0.4 -11.8 0 1.58 -12.03 0 0.49 -12.05 0 0.06
4 0 -12.03 0 -0.37 -11.8 0 -1.46 -10.43 0 -0.29 -12.05 0 0.06
3 0 -10.43 0 0.4 -12.05 0 0.06 -10.43 0 -0.29
4 0 -10.26 0 -3.9 -10.47 0 -3.69 -10.76 0 -3.57 -11.68 0 -4.62
3 0 -10.76 0 -3.57 -11.6 0 -3.57 -11.68 0 -4.62
3 0 -10.43 0 -0.29 -11.8 0 -1.46 -10.23 0 -0.96
3 0 -11.8 0 1.58 -10.43 0 0.4 -10.2 0 1.15
4 0 -11.8 0 1.58 -10.2 0 1.15 -9.94 0 1.56 -11.25 0 2.51
4 0 -9.94 0 -1.44 -11.8 0 -1.46 -11.25 0 -2.39 -10.4 0 -3.03
3 0 -10.23 0 -0.96 -11.8 0 -1.46 -9.94 0 -1.44
4 0 -10.4 0 3.15 -11.25 0 2.51 -9.94 0 1.56 -9.47 0 1.81
4 0 -11.05 0 -5.25 -10.12 0 -5.69 -9.82 0 -4.25 -10.26 0 -3.9
3 0 -10.26 0 -3.9 -11.68 0 -4.62 -11.05 0 -5.25
3 0 -9.94 0 -1.44 -10.4 0 -3.03 -9.57 0 -1.66
4 0 -10.12 0 -5.69 -8.95 0 -5.86 -8.95 0 -4.38 -9.82 0 -4.25
4 0 -10.4 0 3.15 -9.47 0 1.81 -8.91 0 1.91 -9.28 0 3.39
4 0 -8.91 0 -1.79 -9.57 0 -1.66 -10.4 0 -3.03 -9.28 0 -3.27
4 0 -8.6 0 3.31 -9.28 0 3.39 -8.91 0 1.91 -8.07 0 3.13
4 0 -8.91 0 -1.79 -9.28 0 -3.27 -8.6 0 -3.2 -8.07 0 -3.01
4 0 -7.68 0 -2.77 -8.28 0 -1.66 -8.91 0 -1.79 -8.07 0 -3.01
4 0 -7.9 0 -1.43 -8.28 0 -1.66 -7.68 0 -2.77 -7.42 0 -2.53
4 0 -7.68 0 2.89 -8.07 0 3.13 -8.91 0 1.91 -8.29 0 1.78
4 0 -8.42 0 -4.3 -8.95 0 -4.38 -8.95 0 -5.86 -7.64 0 -5.67
3 0 -7.63 0 -1.06 -7.9 0 -1.43 -7.42 0 -2.53
4 0 -7.42 0 2.65 -7.6 0 1.09 -7.42 0 0.53 -5.82 0 2.94
4 0 -7.9 0 1.54 -7.42 0 2.65 -7.68 0 2.89 -8.29 0 1.78
4 0 -7.42 0 -0.41 -7.63 0 -1.06 -7.42 0 -2.53 -5.82 0 -2.85
3 0 -7.42 0 2.65 -7.9 0 1.54 -7.6 0 1.09
4 0 -7.09 0 3.27 -7.32 0 3.17 -7.42 0 2.93 -7.42 0 2.65
4 0 -7.93 0 -4.05 -8.42 0 -4.3 -7.64 0 -5.67 -6.65 0 -5.1
4 0 -6.15 0 3.27 -7.09 0 3.27 -7.42 0 2.65 -5.82 0 2.94
4 0 -6.65 0 -5.1 -6.03 0 -4.16 -7.56 0 -3.61 -7.93 0 -4.05
3 0 -6.15 0 3.27 -5.82 0 2.94 -5.92 0 3.17
4 0 -5.82 0 2.94 -7.42 0 0.53 -7.4 0 0.06 -5.82 0 -2.85
4 0 -5.82 0 -2.85 -7.42 0 -2.53 -7.42 0 -2.99 -6.03 0 -4.16
3 0 -7.42 0 -2.99 -7.56 0 -3.61 -6.03 0 -4.16
3 0 -7.4 0 0.06 -7.42 0 -0.41 -5.82 0 -2.85
4 0 -5.23 0 -0.84 -3.5 0 -0.76 -3.53 0 -0.16 -5.26 0 -0.18
4 0 -5.23 0 0.5 -5.26 0 -0.18 -3.53 0 -0.16 -3.5 0 0.44
4 0 -4.93 0 1.64 -5.23 0 0.5 -3.5 0 0.44 -3.31 0 1.12
4 0 -3.5 0 -0.76 -5.23 0 -0.84 -4.92 0 -1.98 -3.31 0 -1.45
4 0 -3.31 0 -1.45 -4.92 0 -1.98 -4.24 0 -2.91 -2.93 0 -1.88
4 0 -4.24 0 2.57 -4.93 0 1.64 -3.31 0 1.12 -2.93 0 1.55
4 0 -2.93 0 1.55 -2.44 0 1.77 -3.22 0 3.2 -4.24 0 2.57
4 0 -3.22 0 -3.53 -2.44 0 -2.1 -2.93 0 -1.88 -4.24 0 -2.91
4 0 -2.44 0 -2.1 -3.22 0 -3.53 -1.89 0 -3.75 -1.89 0 -2.16
4 0 -1.89 0 3.43 -3.22 0 3.2 -2.44 0 1.77 -1.89 0 1.83
4 0 -1.35 0 -2.1 -1.89 0 -2.16 -1.89 0 -3.75 -0.57 0 -3.53
4 0 -1.89 0 3.43 -1.89 0 1.83 -1.35 0 1.77 -0.57 0 3.2
4 0 -0.86 0 1.55 0.45 0 2.57 -0.57 0 3.2 -1.35 0 1.77
4 0 -0.86 0 -1.88 -1.35 0 -2.1 -0.57 0 -3.53 0.45 0 -2.91
4 0 -0.48 0 -1.45 -0.86 0 -1.88 0.45 0 -2.91 1.14 0 -1.98
4 0 0.45 0 2.57 -0.86 0 1.55 -0.48 0 1.12 1.14 0 1.64
4 0 -0.29 0 0.44 1.44 0 0.5 1.14 0 1.64 -0.48 0 1.12
4 0 -0.29 0 -0.76 -0.48 0 -1.45 1.14 0 -1.98 1.44 0 -0.84
4 0 1.45 0 -0.18 -0.27 0 -0.16 -0.29 0 -0.76 1.44 0 -0.84
4 0 -0.29 0 0.44 -0.27 0 -0.16 1.45 0 -0.18 1.44 0 0.5
4 0 3.75 0 -3.35 2 0 6 2 0 -3.25 2.25 0 -3.35
4 0 4 0 -3.25 4 0 6 2 0 6 3.75 0 -3.35
4 0 5.03 0 1.92 5.09 0 1.51 5.31 0 1.43 5.27 0 2.51
4 0 6.27 0 -1.23 5.26 0 0.07 4.84 0 -0.54 4.62 0 -1.3
4 0 6.27 0 -1.23 4.62 0 -1.3 4.73 0 -2.11 5.19 0 -2.76
4 0 5.26 0 0.07 6.27 0 -1.23 6.5 0 -0.76 5.97 0 0.5
4 0 5.27 0 2.51 5.31 0 1.43 6.53 0 1.43 5.8 0 3.1
4 0 6.55 0 -1.64 6.27 0 -1.23 5.19 0 -2.76 5.94 0 -3.19
4 0 6.55 0 -1.64 5.94 0 -3.19 6.95 0 -3.34 7.21 0 -1.77
4 0 6.53 0 1.43 6.75 0 1.47 6.96 0 1.82 5.8 0 3.1
4 0 6.5 0 -0.76 7.27 0 -0.49 6.92 0 0.81 5.97 0 0.5
4 0 6.65 0 3.55 5.8 0 3.1 6.96 0 1.82 7.31 0 2.06
4 0 7.31 0 2.06 7.82 0 2.16 7.82 0 3.72 6.65 0 3.55
4 0 7.21 0 -1.77 6.95 0 -3.34 8.26 0 -3.07 8 0 -1.64
4 0 9.03 0 3.55 7.82 0 3.72 7.82 0 2.16 8.7 0 1.93
4 0 6.92 0 0.81 7.27 0 -0.49 9.05 0 -0.17 9.05 0 1.18
4 0 8 0 -1.64 8.26 0 -3.07 9.05 0 -2.42 8.58 0 -1.31
4 0 9.05 0 -2.85 9.16 0 -3.1 9.41 0 -3.21 9.05 0 -2.42
4 0 9.05 0 -2.42 9.41 0 -3.21 10.4 0 -3.21 10.75 0 -2.85
4 0 8.7 0 1.93 9.05 0 1.18 10.55 0 2.18 9.95 0 3.03
3 0 9.03 0 3.55 8.7 0 1.93 9.95 0 3.03
3 0 10.75 0 -2.85 10.4 0 -3.21 10.65 0 -3.1
4 0 9.05 0 -0.17 8.94 0 -0.84 10.75 0 -2.85 10.75 0 0.99
4 0 9.05 0 1.18 9.05 0 -0.17 10.75 0 0.99 10.55 0 2.18
4 0 8.94 0 -0.84 8.58 0 -1.31 9.05 0 -2.42 10.75 0 -2.85
4 0 11.33 0 -2.95 11.44 0 -3.2 11.68 0 -3.3 12.67 0 -3.3
4 0 11.68 0 3.43 11.44 0 3.32 11.33 0 3.08 13.01 0 2.78
4 0 12.67 0 -3.3 12.91 0 -3.2 13.01 0 -2.95 11.33 0 -2.95
4 0 11.33 0 -2.95 13.01 0 -2.95 13.01 0 0.33 11.33 0 3.08
4 0 12.67 0 3.43 11.68 0 3.43 13.01 0 2.78 13.01 0 3.08
3 0 12.67 0 3.43 13.01 0 3.08 12.91 0 3.32
3 0 11.33 0 3.08 13.01 0 0.33 13.08 0 1
4 0 13.41 0 1.57 13.01 0 2.78 11.33 0 3.08 13.08 0 1
3 0 13.01 0 2.78 13.41 0 1.57 13.78 0 1.85
4 0 13.01 0 2.78 13.78 0 1.85 14.34 0 2.04 13.65 0 3.33
4 0 14.73 0 3.55 13.65 0 3.33 14.34 0 2.04 14.9 0 1.87
4 0 14.73 0 3.55 14.9 0 1.87 15.35 0 1.57 15.95 0 3.31
4 0 16.8 0 2.65 15.95 0 3.31 15.35 0 1.57 17.26 0 1.68
4 0 15.72 0 -2.95 15.82 0 -3.2 16.06 0 -3.3 17.05 0 -3.3
3 0 17.26 0 1.68 15.35 0 1.57 15.68 0 1
4 0 17.26 0 1.68 15.68 0 1 15.72 0 0.33 17.4 0 0.53
4 0 17.4 0 -2.95 17.4 0 0.53 15.72 0 0.33 15.72 0 -2.95
4 0 17.4 0 -2.95 15.72 0 -2.95 17.05 0 -3.3 17.29 0 -3.2
4 0 19.73 0 0.62 17.97 0 0.71 17.96 0 0.24 19.73 0 -0.14
4 0 17.97 0 -0.23 18.22 0 -1.43 19.73 0 -0.14 17.96 0 0.24
3 0 19.73 0 -0.14 18.22 0 -1.43 19.97 0 -0.91
4 0 18.22 0 1.91 17.97 0 0.71 19.73 0 0.62 19.98 0 1.41
4 0 18.83 0 2.93 18.22 0 1.91 20.28 0 1.89 19.77 0 3.63
3 0 18.22 0 1.91 19.98 0 1.41 20.28 0 1.89
4 0 20.28 0 -1.41 18.22 0 -1.43 18.83 0 -2.45 19.77 0 -3.15
3 0 19.97 0 -0.91 18.22 0 -1.43 20.28 0 -1.41
3 0 19.77 0 3.63 20.28 0 1.89 20.76 0 2.16
3 0 20.28 0 -1.41 19.77 0 -3.15 20.77 0 -1.68
4 0 19.77 0 3.63 20.76 0 2.16 21.4 0 2.27 20.99 0 3.9
4 0 19.77 0 -3.15 20.99 0 -3.42 21.4 0 -1.79 20.77 0 -1.68
4 0 21.74 0 3.81 20.99 0 3.9 21.4 0 2.27 22.33 0 3.61
4 0 21.4 0 -1.79 20.99 0 -3.42 21.74 0 -3.34 22.33 0 -3.13
4 0 22.75 0 3.35 22.03 0 2.14 22.52 0 1.87 23.04 0 3.08
4 0 22.75 0 3.35 22.33 0 3.61 21.4 0 2.27 22.03 0 2.14
4 0 21.4 0 -1.79 22.33 0 -3.13 22.75 0 -2.87 22.09 0 -1.65
4 0 23.04 0 -2.6 22.84 0 -0.91 22.52 0 -1.4 22.75 0 -2.87
4 0 23.04 0 3.08 22.83 0 1.41 23.04 0 0.75 24.8 0 5.97
4 0 23.04 0 -0.27 22.84 0 -0.91 23.04 0 -2.6 24.8 0 -2.91
3 0 22.52 0 -1.4 22.09 0 -1.65 22.75 0 -2.87
3 0 23.04 0 3.08 22.52 0 1.87 22.83 0 1.41
4 0 23.04 0 -2.91 23.15 0 -3.17 23.4 0 -3.28 23.04 0 -2.6
4 0 23.4 0 6.34 23.15 0 6.23 23.04 0 5.97 24.43 0 6.34
4 0 23.04 0 -2.6 23.4 0 -3.28 24.43 0 -3.28 24.8 0 -2.91
3 0 24.8 0 -2.91 24.43 0 -3.28 24.69 0 -3.17
3 0 23.06 0 0.24 23.04 0 -0.27 24.8 0 -2.91
4 0 23.04 0 0.75 23.06 0 0.24 24.8 0 -2.91 24.8 0 5.97
4 0 24.8 0 5.97 24.69 0 6.23 24.43 0 6.34 23.04 0 5.97
3 0 24.8 0 5.97 23.04 0 5.97 23.04 0 3.08
4 0 2.38 0 6.34 2.13 0 6.23 2 0 6 3.63 0 6.34
4 0 4 0 6 3.89 0 6.23 3.63 0 6.34 2 0 6
4 16 -19.16 0 -0.14 -18.93 0 1.3 -22.6 0 5.4 -22.6 0 -1.7
4 16 -19.16 0 -0.14 -22.6 0 -1.7 -19.3 0 -1.7 -18.93 0 -1.63
4 16 -18.93 0 -1.63 -19.3 0 -1.7 -19.2 0 -2 -18.26 0 -2.79
3 16 -22.6 0 5.4 -18.93 0 1.3 -18.26 0 2.46
3 16 -19.2 0 -2 -19.2 0 -3.4 -18.26 0 -2.79
4 16 -17.21 0 -3.55 -18.26 0 -2.79 -19.2 0 -3.4 -19.3 0 -3.6
3 16 -22.6 0 5.4 -18.26 0 2.46 -17.21 0 3.25
4 16 -17.26 0 1.08 -17.39 0 0.65 -16.5 0 1.79 -16.97 0 1.49
4 16 -17.39 0 -0.89 -17.26 0 -1.45 -16.92 0 -1.85 -16.41 0 -2.1
3 16 -22.6 0 5.4 -17.21 0 3.25 -15.83 0 3.53
3 16 -17.21 0 -3.55 -19.3 0 -3.6 -15.83 0 -3.81
4 16 -17.39 0 -0.89 -16.41 0 -2.1 -15.83 0 -2.18 -15.12 0 -2.09
4 16 -17.39 0 -0.89 -15.12 0 -2.09 -14.67 0 -1.87 -14.38 0 -1.37
4 16 -14.42 0 1.08 -14.66 0 1.49 -15.11 0 1.79 -14.32 0 0.65
4 16 -17.39 0 0.65 -14.32 0 0.65 -15.83 0 1.9 -16.5 0 1.79
3 16 -15.83 0 1.9 -14.32 0 0.65 -15.11 0 1.79
4 16 -17.39 0 -0.89 -14.38 0 -1.37 -13.97 0 -1.27 -12.85 0 -0.89
3 16 -12.85 0 -0.89 -13.97 0 -1.27 -12.98 0 -1.27
4 16 -12.85 0 -0.89 -12.98 0 -1.27 -12.61 0 -1.49 -12.59 0 -0.79
4 16 -12.48 0 0.08 -12.05 0 0.06 -12.03 0 0.49 -12.72 0 1.41
4 16 -12.48 0 0.08 -12.48 0 -0.53 -12.03 0 -0.37 -12.05 0 0.06
4 16 -12.92 0 -2.53 -13.51 0 -3.12 -11.93 0 -3.9 -11.84 0 -3.67
4 16 -12.71 0 -2.04 -12.92 0 -2.53 -11.84 0 -3.67 -11.25 0 -2.39
4 16 -12.72 0 1.41 -12.03 0 0.49 -11.8 0 1.58 -13.39 0 2.51
4 16 -12.03 0 -0.37 -12.48 0 -0.53 -12.59 0 -0.79 -11.8 0 -1.46
4 16 -11.93 0 -3.9 -13.51 0 -3.12 -14.49 0 -3.61 -11.68 0 -4.62
4 16 -13.39 0 2.51 -11.8 0 1.58 -11.25 0 2.51 -14.45 0 3.25
3 16 -11.25 0 -2.39 -11.84 0 -3.67 -11.6 0 -3.57
4 16 -12.61 0 -1.49 -12.71 0 -2.04 -11.25 0 -2.39 -11.8 0 -1.46
3 16 -12.59 0 -0.79 -12.61 0 -1.49 -11.8 0 -1.46
4 16 -15.83 0 -3.81 -19.3 0 -3.6 -24.6 0 -3.6 -11.05 0 -5.25
4 16 -11.68 0 -4.62 -14.49 0 -3.61 -15.83 0 -3.81 -11.05 0 -5.25
3 16 -14.45 0 3.25 -11.25 0 2.51 -10.4 0 3.15
4 16 -15.83 0 3.53 -14.45 0 3.25 -10.4 0 3.15 -22.6 0 5.4
4 16 -10.76 0 -3.57 -10.47 0 -3.69 -10.4 0 -3.03 -11.25 0 -2.39
3 16 -11.25 0 -2.39 -11.6 0 -3.57 -10.76 0 -3.57
4 16 -10.23 0 -0.96 -9.94 0 -1.44 -9.57 0 -1.66 -10.43 0 -0.29
4 16 -10.4 0 -3.03 -10.47 0 -3.69 -10.26 0 -3.9 -9.28 0 -3.27
3 16 -22.6 0 5.4 -10.4 0 3.15 -9.28 0 3.39
4 16 -9.28 0 -3.27 -10.26 0 -3.9 -9.82 0 -4.25 -8.95 0 -4.38
4 16 -10.2 0 1.15 -8.91 0 1.91 -9.47 0 1.81 -9.94 0 1.56
4 16 -10.43 0 -0.29 -9.57 0 -1.66 -8.91 0 -1.79 -7.42 0 -0.41
4 16 -8.6 0 -3.2 -9.28 0 -3.27 -8.95 0 -4.38 -8.42 0 -4.3
4 16 -7.93 0 -4.05 -8.07 0 -3.01 -8.6 0 -3.2 -8.42 0 -4.3
4 16 -8.28 0 -1.66 -7.9 0 -1.43 -7.63 0 -1.06 -8.91 0 -1.79
4 16 -7.6 0 1.09 -7.9 0 1.54 -8.29 0 1.78 -7.42 0 0.53
3 16 -7.42 0 -2.53 -7.68 0 -2.77 -7.42 0 -2.99
3 16 -7.42 0 2.93 -7.68 0 2.89 -7.42 0 2.65
4 16 -8.07 0 -3.01 -7.93 0 -4.05 -7.56 0 -3.61 -7.42 0 -2.99
4 16 -10.43 0 0.4 -7.42 0 0.53 -8.91 0 1.91 -10.2 0 1.15
3 16 -7.42 0 -0.41 -8.91 0 -1.79 -7.63 0 -1.06
3 16 -7.68 0 -2.77 -8.07 0 -3.01 -7.42 0 -2.99
3 16 -8.91 0 1.91 -7.42 0 0.53 -8.29 0 1.78
4 16 -10.43 0 -0.29 -7.42 0 -0.41 -7.4 0 0.06 -10.43 0 0.4
3 16 -7.42 0 0.53 -10.43 0 0.4 -7.4 0 0.06
4 16 -7.68 0 2.89 -7.42 0 2.93 -7.32 0 3.17 -8.07 0 3.13
4 16 -9.28 0 3.39 -8.6 0 3.31 -7.09 0 3.27 -22.6 0 5.4
4 16 -8.07 0 3.13 -7.32 0 3.17 -7.09 0 3.27 -8.6 0 3.31
4 16 -5.26 0 -0.18 -5.23 0 0.5 -5.82 0 2.94 -5.82 0 -2.85
3 16 -5.26 0 -0.18 -5.82 0 -2.85 -5.23 0 -0.84
3 16 -5.82 0 2.94 -5.23 0 0.5 -4.93 0 1.64
3 16 -5.23 0 -0.84 -5.82 0 -2.85 -4.92 0 -1.98
3 16 -4.92 0 -1.98 -5.82 0 -2.85 -4.24 0 -2.91
4 16 -5.82 0 2.94 -4.93 0 1.64 -4.24 0 2.57 -5.92 0 3.17
4 16 -3.3 0 5.75 -6.15 0 3.27 -5.92 0 3.17 -3.22 0 3.2
4 16 -7.09 0 3.27 -6.15 0 3.27 -3.3 0 5.75 -22.6 0 5.4
3 16 -3.3 0 5.75 -22.85 0 5.5 -22.6 0 5.4
4 16 -5.82 0 -2.85 -6.03 0 -4.16 -3.22 0 -3.53 -4.24 0 -2.91
3 16 -3.22 0 3.2 -5.92 0 3.17 -4.24 0 2.57
4 16 -3.31 0 -1.45 -2.93 0 -1.88 -2.44 0 -2.1 -3.5 0 -0.76
4 16 -2.44 0 1.77 -2.93 0 1.55 -3.31 0 1.12 -3.5 0 0.44
4 16 -3.22 0 -3.53 -6.03 0 -4.16 -6.65 0 -5.1 -1.89 0 -3.75
3 16 -3.3 0 5.75 -3.22 0 3.2 -1.89 0 3.43
4 16 -3.5 0 -0.76 -2.44 0 -2.1 -1.89 0 -2.16 -0.29 0 -0.76
3 16 -3.3 0 5.75 -1.89 0 3.43 -0.57 0 3.2
4 16 -3.5 0 0.44 -0.29 0 0.44 -1.89 0 1.83 -2.44 0 1.77
4 16 -0.48 0 1.12 -0.86 0 1.55 -1.35 0 1.77 -0.29 0 0.44
4 16 -1.35 0 -2.1 -0.86 0 -1.88 -0.48 0 -1.45 -0.29 0 -0.76
3 16 -0.29 0 -0.76 -1.89 0 -2.16 -1.35 0 -2.1
3 16 -1.89 0 1.83 -0.29 0 0.44 -1.35 0 1.77
4 16 -0.27 0 -0.16 -0.29 0 0.44 -3.5 0 0.44 -3.53 0 -0.16
4 16 -0.27 0 -0.16 -3.53 0 -0.16 -3.5 0 -0.76 -0.29 0 -0.76
3 16 1.44 0 -0.84 1.14 0 -1.98 2 0 -3.25
4 16 -3.3 0 5.75 -0.57 0 3.2 0.45 0 2.57 2 0 6
3 16 1.14 0 -1.98 0.45 0 -2.91 2 0 -3.25
3 16 2 0 6 0.45 0 2.57 1.14 0 1.64
3 16 2 0 6 1.14 0 1.64 1.44 0 0.5
4 16 2 0 6 1.44 0 0.5 1.45 0 -0.18 2 0 -3.25
3 16 1.45 0 -0.18 1.44 0 -0.84 2 0 -3.25
3 16 4.62 0 -1.3 4 0 -3.25 4.73 0 -2.11
4 16 5.03 0 1.92 4 0 -3.25 4.62 0 -1.3 5.09 0 1.51
3 16 5.09 0 1.51 4.62 0 -1.3 4.84 0 -0.54
3 16 4.73 0 -2.11 4 0 -3.25 5.19 0 -2.76
4 16 5.09 0 1.51 4.84 0 -0.54 5.26 0 0.07 5.31 0 1.43
3 16 5.31 0 1.43 5.26 0 0.07 5.97 0 0.5
3 16 6.75 0 1.47 6.53 0 1.43 6.92 0 0.81
4 16 6.92 0 0.81 6.53 0 1.43 5.31 0 1.43 5.97 0 0.5
4 16 6.5 0 -0.76 6.27 0 -1.23 6.55 0 -1.64 7.21 0 -1.77
4 16 6.96 0 1.82 6.75 0 1.47 6.92 0 0.81 7.31 0 2.06
4 16 7.21 0 -1.77 8 0 -1.64 7.27 0 -0.49 6.5 0 -0.76
4 16 7.27 0 -0.49 8 0 -1.64 8.58 0 -1.31 8.94 0 -0.84
3 16 9.05 0 -0.17 7.27 0 -0.49 8.94 0 -0.84
3 16 9.05 0 -2.42 8.26 0 -3.07 9.05 0 -2.85
4 16 9.05 0 1.18 8.7 0 1.93 7.82 0 2.16 6.92 0 0.81
3 16 7.82 0 2.16 7.31 0 2.06 6.92 0 0.81
3 16 9.05 0 -2.85 8.26 0 -3.07 9.16 0 -3.1
4 16 8.26 0 -3.07 6.95 0 -3.34 9.41 0 -3.21 9.16 0 -3.1
3 16 10.4 0 -3.21 9.41 0 -3.21 6.95 0 -3.34
3 16 11.33 0 3.08 10.55 0 2.18 10.75 0 0.99
4 16 11.33 0 -2.95 11.33 0 3.08 10.75 0 0.99 10.75 0 -2.85
4 16 10.75 0 -2.85 10.65 0 -3.1 11.44 0 -3.2 11.33 0 -2.95
4 16 11.33 0 3.08 11.44 0 3.32 9.95 0 3.03 10.55 0 2.18
3 16 13.65 0 3.33 12.91 0 3.32 13.01 0 3.08
3 16 13.65 0 3.33 13.01 0 3.08 13.01 0 2.78
4 16 12.67 0 3.43 12.91 0 3.32 13.65 0 3.33 14.73 0 3.55
4 16 15.68 0 1 15.35 0 1.57 14.9 0 1.87 15.72 0 0.33
4 16 15.72 0 0.33 14.34 0 2.04 13.78 0 1.85 13.41 0 1.57
3 16 14.34 0 2.04 15.72 0 0.33 14.9 0 1.87
4 16 13.01 0 -2.95 15.72 0 -2.95 15.72 0 0.33 13.01 0 0.33
4 16 15.72 0 0.33 13.41 0 1.57 13.08 0 1 13.01 0 0.33
4 16 12.91 0 -3.2 15.82 0 -3.2 15.72 0 -2.95 13.01 0 -2.95
4 16 12.67 0 -3.3 16.06 0 -3.3 15.82 0 -3.2 12.91 0 -3.2
4 16 17.4 0 0.53 17.96 0 0.24 17.97 0 0.71 17.26 0 1.68
4 16 17.96 0 0.24 17.4 0 0.53 17.4 0 -2.95 17.97 0 -0.23
4 16 17.26 0 1.68 17.97 0 0.71 18.22 0 1.91 16.8 0 2.65
3 16 17.97 0 -0.23 17.4 0 -2.95 18.22 0 -1.43
4 16 16.8 0 2.65 18.22 0 1.91 18.83 0 2.93 15.95 0 3.31
4 16 17.4 0 -2.95 17.29 0 -3.2 18.83 0 -2.45 18.22 0 -1.43
4 16 19.77 0 -3.15 17.29 0 -3.2 17.05 0 -3.3 20.99 0 -3.42
3 16 18.83 0 -2.45 17.29 0 -3.2 19.77 0 -3.15
4 16 20.76 0 2.16 20.28 0 1.89 19.98 0 1.41 19.73 0 0.62
4 16 19.97 0 -0.91 20.28 0 -1.41 20.77 0 -1.68 21.4 0 -1.79
4 16 19.73 0 -0.14 19.97 0 -0.91 21.4 0 -1.79 23.04 0 -0.27
4 16 21.4 0 2.27 20.76 0 2.16 19.73 0 0.62 23.04 0 0.75
4 16 22.83 0 1.41 22.52 0 1.87 22.03 0 2.14 21.4 0 2.27
4 16 22.09 0 -1.65 22.52 0 -1.4 22.84 0 -0.91 23.04 0 -0.27
3 16 23.04 0 5.97 22.33 0 3.61 22.75 0 3.35
3 16 23.04 0 5.97 22.75 0 3.35 23.04 0 3.08
3 16 23.04 0 5.97 21.74 0 3.81 22.33 0 3.61
3 16 23.04 0 5.97 20.99 0 3.9 21.74 0 3.81
3 16 23.04 0 -0.27 21.4 0 -1.79 22.09 0 -1.65
3 16 21.4 0 2.27 23.04 0 0.75 22.83 0 1.41
3 16 23.04 0 -2.6 22.75 0 -2.87 23.04 0 -2.91
4 16 19.73 0 -0.14 23.04 0 -0.27 23.06 0 0.24 19.73 0 0.62
3 16 23.04 0 0.75 19.73 0 0.62 23.06 0 0.24
4 16 22.75 0 -2.87 22.33 0 -3.13 23.15 0 -3.17 23.04 0 -2.91
4 16 23.15 0 6.23 14.73 0 3.55 15.95 0 3.31 19.77 0 3.63
4 16 19.77 0 3.63 20.99 0 3.9 23.04 0 5.97 23.15 0 6.23
3 16 19.77 0 3.63 15.95 0 3.31 18.83 0 2.93
4 16 22.33 0 -3.13 21.74 0 -3.34 23.4 0 -3.28 23.15 0 -3.17
4 16 2 0 -3.25 0.45 0 -2.91 -0.57 0 -3.53 2.25 0 -3.35
4 16 2.25 0 -3.35 -0.57 0 -3.53 -1.89 0 -3.75 -6.65 0 -5.1
4 16 2.25 0 -3.35 -6.65 0 -5.1 -7.64 0 -5.67 3.75 0 -3.35
3 16 5.19 0 -2.76 4 0 -3.25 5.94 0 -3.19
4 16 5.94 0 -3.19 4 0 -3.25 3.75 0 -3.35 6.95 0 -3.34
3 16 4 0 6 4 0 -3.25 5.03 0 1.92
3 16 4 0 6 5.03 0 1.92 5.27 0 2.51
3 16 4 0 6 5.27 0 2.51 5.8 0 3.1
4 16 3.89 0 6.23 4 0 6 5.8 0 3.1 6.65 0 3.55
3 16 3.89 0 6.23 6.65 0 3.55 7.82 0 3.72
4 16 9.03 0 3.55 9.95 0 3.03 11.44 0 3.32 11.68 0 3.43
4 16 7.82 0 3.72 9.03 0 3.55 11.68 0 3.43 12.67 0 3.43
4 16 3.89 0 6.23 7.82 0 3.72 12.67 0 3.43 14.73 0 3.55
4 16 3.89 0 6.23 14.73 0 3.55 23.15 0 6.23 23.4 0 6.34
3 16 23.4 0 6.34 3.63 0 6.34 3.89 0 6.23
4 16 23.4 0 -3.28 21.74 0 -3.34 20.99 0 -3.42 24.43 0 -3.28
4 16 11.44 0 -3.2 10.65 0 -3.1 10.4 0 -3.21 11.68 0 -3.3
3 16 6.95 0 -3.34 3.75 0 -3.35 -7.64 0 -5.67
3 16 -24.6 0 -3.6 -10.12 0 -5.69 -11.05 0 -5.25
3 16 2.13 0 6.23 -3.3 0 5.75 2 0 6
