0 ~Animal Foal Friends with Black and Reddish Brown Eyes Pattern - Eye
0 Name: s\11241p01s01.dat
0 Author: Takeshi Takahashi [RainbowDolphin]
0 !LDRAW_ORG Unofficial_Subpart 
0 !LICENSE Redistributable under CCAL version 2.0 : see CAreadme.txt

0 BFC CERTIFY CCW


4 16 8.7324 -84.1 -43.5 8.6391 -84 -44 8.6034 -83.7 -44.3 8.6459 -83.2 -44.3
4 16 8.8632 -84 -42.9 8.7324 -84.1 -43.5 8.6459 -83.2 -44.3 8.7581 -82.6 -44
4 16 8.9584 -83.6 -42.6 8.8632 -84 -42.9 8.7581 -82.6 -44 8.877 -82.4 -43.5
4 16 9.0094 -83 -42.6 8.9584 -83.6 -42.6 8.877 -82.4 -43.5 8.9823 -82.6 -42.9
4 70 8.9569 -81.7 -43.4 8.9043 -81.6 -43.7 8.9094 -81.3 -43.8 9.0469 -81.6 -43
4 70 9.0469 -81.6 -43 8.9094 -81.3 -43.8 9.0249 -80.9 -43.4 9.1557 -80.8 -42.8
4 70 9.1488 -81.6 -42.5 9.0469 -81.6 -43 9.1557 -80.8 -42.8 9.2898 -80.9 -42.1
4 70 9.2167 -82 -42 9.1488 -81.6 -42.5 9.2898 -80.9 -42.1 9.3985 -81.3 -41.4
4 70 9.2167 -82 -42 9.3985 -81.3 -41.4 9.4001 -82 -41.1 9.2353 -82.5 -41.7
4 70 9.2353 -82.5 -41.7 9.4001 -82 -41.1 9.3321 -82.8 -41.1 9.2624 -82.9 -41.4
4 0 8.6034 -83.7 -44.3 8.6391 -84 -44 8.5166 -85.2 -44.1 8.471 -84.8158 -44.4842
4 0 8.5642 -82.4132 -45.0294 8.5866 -82.7 -44.8 8.6034 -83.7 -44.3 8.471 -84.8158 -44.4842
3 0 8.6069 -81.3127 -45.2792 8.656 -80.0451 -45.5668 8.6836 -80.6 -45.2
3 0 8.6836 -80.6 -45.2 8.656 -80.0451 -45.5668 8.772 -79.8 -45.1
4 0 8.5166 -85.2 -44.1 8.6391 -84 -44 8.7324 -84.1 -43.5 8.6949 -85.5 -43.1
4 0 8.6949 -85.5 -43.1 8.7324 -84.1 -43.5 8.8632 -84 -42.9 8.8987 -85.5 -42.1
4 0 8.8987 -85.5 -42.1 8.8632 -84 -42.9 9.2776 -84.4 -40.7 9.0736 -85.915 -41.0686
3 0 9.0736 -85.915 -41.0686 9.2776 -84.4 -40.7 9.6741 -84.5305 -38.7
3 0 9.6741 -84.5305 -38.7 9.2776 -84.4 -40.7 9.5187 -84.2 -39.6
3 0 9.6741 -84.5305 -38.7 9.5187 -84.2 -39.6 9.7362 -83.8 -38.7
4 0 9.7362 -83.8 -38.7 9.5187 -84.2 -39.6 9.5953 -83.3 -39.6 9.7397 -82.8 -39.1
3 0 9.5953 -83.3 -39.6 9.6599 -82.3 -39.7 9.7397 -82.8 -39.1
4 0 9.2776 -84.4 -40.7 8.8632 -84 -42.9 8.9584 -83.6 -42.6 9.3897 -83.8 -40.4
4 0 9.3897 -83.8 -40.4 8.9584 -83.6 -42.6 9.2624 -82.9 -41.4 9.3321 -82.8 -41.1
4 0 9.524 -82.7 -40.2 9.3897 -83.8 -40.4 9.3321 -82.8 -41.1 9.4001 -82 -41.1
4 0 9.5887 -81.7 -40.3 9.524 -82.7 -40.2 9.4001 -82 -41.1 9.3985 -81.3 -41.4
3 0 9.5898 -81.3612 -40.4355 9.5887 -81.7 -40.3 9.3985 -81.3 -41.4
3 0 9.5898 -81.3612 -40.4355 9.3985 -81.3 -41.4 9.2898 -80.9 -42.1
3 0 9.1565 -79.9557 -43.1485 9.5898 -81.3612 -40.4355 9.2898 -80.9 -42.1
3 0 9.2898 -80.9 -42.1 9.1557 -80.8 -42.8 9.1565 -79.9557 -43.1485
3 0 9.1565 -79.9557 -43.1485 9.1557 -80.8 -42.8 9.0249 -80.9 -43.4
3 0 9.1565 -79.9557 -43.1485 9.0249 -80.9 -43.4 9.0029 -80.2 -43.8
4 0 9.0029 -80.2 -43.8 9.0249 -80.9 -43.4 8.9094 -81.3 -43.8 8.8585 -80.7 -44.3
4 0 8.8585 -80.7 -44.3 8.9094 -81.3 -43.8 8.7581 -82.6 -44 8.709 -81.5 -44.7
4 0 8.709 -81.5 -44.7 8.7581 -82.6 -44 8.6459 -83.2 -44.3 8.5866 -82.7 -44.8
3 0 8.6034 -83.7 -44.3 8.5866 -82.7 -44.8 8.6459 -83.2 -44.3
4 0 8.7581 -82.6 -44 8.9094 -81.3 -43.8 8.9043 -81.6 -43.7 8.877 -82.4 -43.5
4 0 8.877 -82.4 -43.5 8.9043 -81.6 -43.7 8.9569 -81.7 -43.4 8.9823 -82.6 -42.9
4 0 8.9823 -82.6 -42.9 8.9569 -81.7 -43.4 9.0469 -81.6 -43 9.1488 -81.6 -42.5
4 0 9.0094 -83 -42.6 8.9823 -82.6 -42.9 9.1488 -81.6 -42.5 9.2167 -82 -42
4 0 9.0094 -83 -42.6 9.2167 -82 -42 9.2353 -82.5 -41.7 8.9584 -83.6 -42.6
3 0 8.9584 -83.6 -42.6 9.2353 -82.5 -41.7 9.2624 -82.9 -41.4
3 16 9.6741 -84.5305 -38.7 9.7362 -83.8 -38.7 10.196 -83.327 -36.641
3 16 9.7362 -83.8 -38.7 9.7397 -82.8 -39.1 10.196 -83.327 -36.641
4 16 10.196 -83.327 -36.641 9.7397 -82.8 -39.1 9.6599 -82.3 -39.7 9.5887 -81.7 -40.3
4 16 9.524 -82.7 -40.2 9.5887 -81.7 -40.3 9.6599 -82.3 -39.7 9.5953 -83.3 -39.6
4 16 9.3897 -83.8 -40.4 9.524 -82.7 -40.2 9.5953 -83.3 -39.6 9.5187 -84.2 -39.6
3 16 9.2776 -84.4 -40.7 9.3897 -83.8 -40.4 9.5187 -84.2 -39.6
3 16 10.196 -83.327 -36.641 9.5887 -81.7 -40.3 9.5898 -81.3612 -40.4355
4 16 8.715 -78.524 -45.912 9.1565 -79.9557 -43.1485 9.0029 -80.2 -43.8 8.772 -79.8 -45.1
4 16 8.772 -79.8 -45.1 9.0029 -80.2 -43.8 8.8585 -80.7 -44.3 8.6836 -80.6 -45.2
3 16 8.709 -81.5 -44.7 8.6836 -80.6 -45.2 8.8585 -80.7 -44.3
4 16 8.6836 -80.6 -45.2 8.709 -81.5 -44.7 8.5866 -82.7 -44.8 8.5642 -82.4132 -45.0294
3 16 8.5642 -82.4132 -45.0294 8.6069 -81.3127 -45.2792 8.6836 -80.6 -45.2
3 16 8.772 -79.8 -45.1 8.656 -80.0451 -45.5668 8.715 -78.524 -45.912
3 16 8.365 -87.549 -43.864 8.471 -84.8158 -44.4842 8.5166 -85.2 -44.1
3 16 8.365 -87.549 -43.864 8.5166 -85.2 -44.1 8.6949 -85.5 -43.1
4 16 8.365 -87.549 -43.864 8.6949 -85.5 -43.1 8.8987 -85.5 -42.1 9.0736 -85.915 -41.0686
4 0 8.5642 -82.4132 -45.0294 8.471 -84.8158 -44.4842 8.2625 -84.4 -44.9 7.9904 -83.3 -45.6
4 0 8.5642 -82.4132 -45.0294 7.9904 -83.3 -45.6 8.0176 -82.1 -45.9 8.6069 -81.3127 -45.2792
3 0 8.6069 -81.3127 -45.2792 8.0176 -82.1 -45.9 8.3243 -80.9 -45.8
3 0 8.3243 -80.9 -45.8 8.656 -80.0451 -45.5668 8.6069 -81.3127 -45.2792
4 16 8.715 -78.524 -45.912 8.656 -80.0451 -45.5668 8.3243 -80.9 -45.8 5.64 -82.558 -49.173
3 16 5.64 -82.558 -49.173 8.3243 -80.9 -45.8 8.0176 -82.1 -45.9
3 16 7.9904 -83.3 -45.6 5.64 -82.558 -49.173 8.0176 -82.1 -45.9
4 16 5.64 -82.558 -49.173 7.9904 -83.3 -45.6 8.2625 -84.4 -44.9 8.365 -87.549 -43.864
3 16 8.365 -87.549 -43.864 8.2625 -84.4 -44.9 8.471 -84.8158 -44.4842
3 0 9.5898 -81.3612 -40.4355 9.3751 -80.2 -41.5 9.5091 -80.7 -40.7
4 0 9.1565 -79.9557 -43.1485 9.2678 -79.9 -42.2 9.3751 -80.2 -41.5 9.5898 -81.3612 -40.4355
4 16 10.196 -83.327 -36.641 9.5898 -81.3612 -40.4355 9.5091 -80.7 -40.7 8.68 -73.713 -43.3
3 16 9.5091 -80.7 -40.7 9.3751 -80.2 -41.5 8.68 -73.713 -43.3
3 16 9.3751 -80.2 -41.5 9.2678 -79.9 -42.2 8.68 -73.713 -43.3
4 16 8.68 -73.713 -43.3 9.2678 -79.9 -42.2 9.1565 -79.9557 -43.1485 8.715 -78.524 -45.912
3 0 9.0736 -85.915 -41.0686 9.6741 -84.5305 -38.7 9.2534 -85.8 -39.8
3 0 9.2534 -85.8 -39.8 9.0222 -86.5 -40.4 9.0736 -85.915 -41.0686
4 0 9.0222 -86.5 -40.4 9.2534 -85.8 -39.8 9.0844 -86.6 -39.7 8.9817 -87 -39.8
3 0 9.6741 -84.5305 -38.7 9.4287 -85.4 -39.1 9.2534 -85.8 -39.8
4 0 9.1902 -86.4 -39.2 9.2534 -85.8 -39.8 9.4287 -85.4 -39.1 9.2281 -86.5 -38.7
3 0 9.1481 -86.8 -38.8 9.1902 -86.4 -39.2 9.2281 -86.5 -38.7
4 0 9.5046 -85.6 -38.1 9.4287 -85.4 -39.1 9.6741 -84.5305 -38.7 9.5968 -85.3 -37.9
4 16 8.322 -90.37 -38.947 8.365 -87.549 -43.864 9.0222 -86.5 -40.4 8.9817 -87 -39.8
4 16 8.322 -90.37 -38.947 8.9817 -87 -39.8 9.0844 -86.6 -39.7 9.1902 -86.4 -39.2
3 16 9.0844 -86.6 -39.7 9.2534 -85.8 -39.8 9.1902 -86.4 -39.2
3 16 8.322 -90.37 -38.947 9.1902 -86.4 -39.2 9.1481 -86.8 -38.8
4 16 8.322 -90.37 -38.947 9.1481 -86.8 -38.8 9.2281 -86.5 -38.7 9.5046 -85.6 -38.1
3 16 9.2281 -86.5 -38.7 9.4287 -85.4 -39.1 9.5046 -85.6 -38.1
3 16 8.322 -90.37 -38.947 9.5046 -85.6 -38.1 9.5968 -85.3 -37.9
3 16 8.322 -90.37 -38.947 9.5968 -85.3 -37.9 10.196 -83.327 -36.641
3 16 10.196 -83.327 -36.641 9.5968 -85.3 -37.9 9.6741 -84.5305 -38.7
3 16 8.365 -87.549 -43.864 9.0736 -85.915 -41.0686 9.0222 -86.5 -40.4
3 16 6.614 -69.628 -51.562 8.68 -73.713 -43.3 8.715 -78.524 -45.912
3 16 8.715 -78.524 -45.912 5.587 -73.602 -53.37 6.614 -69.628 -51.562
3 16 6.614 -69.628 -51.562 5.587 -73.602 -53.37 5.864 -67.981 -54.648
3 16 5.864 -67.981 -54.648 5.587 -73.602 -53.37 5.081 -70.806 -55.939
3 16 2.632 -71.308 -57.286 5.081 -70.806 -55.939 3.314 -75.366 -54.989
3 16 5.587 -73.602 -53.37 3.314 -75.366 -54.989 5.081 -70.806 -55.939
3 16 2.842 -66.061 -54.24 5.864 -67.981 -54.648 2.632 -71.308 -57.286
3 16 5.864 -67.981 -54.648 5.081 -70.806 -55.939 2.632 -71.308 -57.286
3 16 5.587 -73.602 -53.37 8.715 -78.524 -45.912 5.64 -82.558 -49.173
3 16 5.64 -82.558 -49.173 3.314 -75.366 -54.989 5.587 -73.602 -53.37
3 16 0 -71.453 -57.562 0 -65.777 -54.635 2.632 -71.308 -57.286
3 16 0 -65.777 -54.635 2.842 -66.061 -54.24 2.632 -71.308 -57.286
3 16 3.314 -75.366 -54.989 0 -75.614 -55.5 2.632 -71.308 -57.286
3 16 0 -75.614 -55.5 0 -71.453 -57.562 2.632 -71.308 -57.286
3 16 3.314 -75.366 -54.989 5.64 -82.558 -49.173 0 -83.943 -49.774
3 16 0 -83.943 -49.774 0 -75.614 -55.5 3.314 -75.366 -54.989
3 16 1.898 -91.499 -44.515 8.365 -87.549 -43.864 4.185 -92.071 -42.594
3 16 4.185 -92.071 -42.594 8.365 -87.549 -43.864 8.322 -90.37 -38.947
4 16 .833 -90.828 -45.551 0 -90.56 -45.918 0 -83.943 -49.774 5.64 -82.558 -49.173
3 16 5.64 -82.558 -49.173 8.365 -87.549 -43.864 1.898 -91.499 -44.515
3 16 1.898 -91.499 -44.515 .833 -90.828 -45.551 5.64 -82.558 -49.173
5 24 5.587 -73.602 -53.37 5.864 -67.981 -54.648 5.081 -70.806 -55.939 6.614 -69.628 -51.562
5 24 8.68 -73.713 -43.3 8.715 -78.524 -45.912 10.196 -83.327 -36.641 6.614 -69.628 -51.562
5 24 8.715 -78.524 -45.912 6.614 -69.628 -51.562 8.68 -73.713 -43.3 5.587 -73.602 -53.37
5 24 2.632 -71.308 -57.286 0 -71.453 -57.562 0 -75.614 -55.5 0 -65.777 -54.635
5 24 8.365 -87.549 -43.864 5.64 -82.558 -49.173 8.715 -78.524 -45.912 1.898 -91.499 -44.515
5 24 5.64 -82.558 -49.173 8.715 -78.524 -45.912 8.365 -87.549 -43.864 5.587 -73.602 -53.37
5 24 8.715 -78.524 -45.912 8.365 -87.549 -43.864 10.196 -83.327 -36.641 5.64 -82.558 -49.173
5 24 5.64 -82.558 -49.173 5.587 -73.602 -53.37 3.314 -75.366 -54.989 8.715 -78.524 -45.912
5 24 .833 -90.828 -45.551 5.64 -82.558 -49.173 1.898 -91.499 -44.515 0 -83.943 -49.774
5 24 6.614 -69.628 -51.562 5.587 -73.602 -53.37 8.715 -78.524 -45.912 5.864 -67.981 -54.648
5 24 5.64 -82.558 -49.173 0 -83.943 -49.774 3.314 -75.366 -54.989 .833 -90.828 -45.551
5 24 3.314 -75.366 -54.989 0 -75.614 -55.5 2.632 -71.308 -57.286 0 -83.943 -49.774
5 24 5.587 -73.602 -53.37 3.314 -75.366 -54.989 5.081 -70.806 -55.939 5.64 -82.558 -49.173
5 24 3.314 -75.366 -54.989 2.632 -71.308 -57.286 0 -75.614 -55.5 5.081 -70.806 -55.939
5 24 5.64 -82.558 -49.173 3.314 -75.366 -54.989 5.587 -73.602 -53.37 0 -83.943 -49.774
5 24 8.715 -78.524 -45.912 5.587 -73.602 -53.37 6.614 -69.628 -51.562 5.64 -82.558 -49.173
5 24 5.587 -73.602 -53.37 5.081 -70.806 -55.939 5.864 -67.981 -54.648 3.314 -75.366 -54.989
5 24 0 -83.943 -49.774 3.314 -75.366 -54.989 5.64 -82.558 -49.173 0 -75.614 -55.5
5 24 0 -65.777 -54.635 2.632 -71.308 -57.286 0 -71.453 -57.562 2.842 -66.061 -54.24
5 24 5.081 -70.806 -55.939 5.864 -67.981 -54.648 5.587 -73.602 -53.37 2.632 -71.308 -57.286
5 24 5.864 -67.981 -54.648 2.632 -71.308 -57.286 2.842 -66.061 -54.24 5.081 -70.806 -55.939
5 24 0 -75.614 -55.5 2.632 -71.308 -57.286 3.314 -75.366 -54.989 0 -71.453 -57.562
5 24 5.081 -70.806 -55.939 3.314 -75.366 -54.989 2.632 -71.308 -57.286 5.587 -73.602 -53.37
5 24 8.365 -87.549 -43.864 10.196 -83.327 -36.641 8.715 -78.524 -45.912 8.322 -90.37 -38.947
5 24 10.196 -83.327 -36.641 8.715 -78.524 -45.912 8.365 -87.549 -43.864 8.68 -73.713 -43.3
5 24 5.64 -82.558 -49.173 1.898 -91.499 -44.515 .833 -90.828 -45.551 8.365 -87.549 -43.864
5 24 4.185 -92.071 -42.594 8.365 -87.549 -43.864 1.898 -91.499 -44.515 8.322 -90.37 -38.947
5 24 2.632 -71.308 -57.286 5.081 -70.806 -55.939 3.314 -75.366 -54.989 5.864 -67.981 -54.648
5 24 2.632 -71.308 -57.286 2.842 -66.061 -54.24 0 -65.777 -54.635 5.864 -67.981 -54.648
5 24 1.898 -91.499 -44.515 8.365 -87.549 -43.864 4.185 -92.071 -42.594 5.64 -82.558 -49.173
5 24 8.365 -87.549 -43.864 8.322 -90.37 -38.947 4.185 -92.071 -42.594 10.196 -83.327 -36.641
5 24 0 -75.614 -55.5 0 -71.453 -57.562 -2.632 -71.308 -57.286 2.632 -71.308 -57.286
5 24 0 -71.453 -57.562 0 -65.777 -54.635 2.632 -71.308 -57.286 -2.632 -71.308 -57.286
5 24 0 -83.943 -49.774 0 -75.614 -55.5 -3.314 -75.366 -54.989 3.314 -75.366 -54.989
5 24 0 -90.56 -45.918 0 -83.943 -49.774 .833 -90.828 -45.551 -.833 -90.828 -45.551
5 24 10.196 -83.327 -36.641 8.68 -73.713 -43.3 8.715 -78.524 -45.912 9.533 -76.977 -35.57
5 24 8.68 -73.713 -43.3 6.614 -69.628 -51.562 8.715 -78.524 -45.912 3.754 -69.419 -41.405
5 24 4.185 -92.071 -42.594 8.322 -90.37 -38.947 8.365 -87.549 -43.864 5.861 -91.908 -39.826
5 24 2.842 -66.061 -54.24 0 -65.777 -54.635 0 -64.545 -49.545 2.632 -71.308 -57.286
5 24 8.322 -90.37 -38.947 10.196 -83.327 -36.641 8.694 -88.444 -35.876 8.365 -87.549 -43.864
5 24 5.864 -67.981 -54.648 2.842 -66.061 -54.24 2.632 -71.308 -57.286 3.515 -65.261 -49.712
5 24 1.898 -91.499 -44.515 4.185 -92.071 -42.594 2.207 -92.685 -42.822 8.365 -87.549 -43.864
5 24 6.614 -69.628 -51.562 5.864 -67.981 -54.648 3.515 -65.261 -49.712 5.587 -73.602 -53.37
