0 ~Technic Rotor  1 Blade 14L with Axle - One Half Blade
0 Name: s\11305s01.dat
0 Author: Massimo Maso [Sirio]
0 !LDRAW_ORG Unofficial_Subpart 
0 !LICENSE Redistributable under CCAL version 2.0 : see CAreadme.txt

0 BFC CERTIFY CCW


0 // Primiitves
1 16 -5 -10 0 0 1 0 0 0 -1 1 0 0 2-4ring5.dat
0 BFC INVERTNEXT
1 16 -3.125 -195 2.5 0 .875 0 -3.5 0 0 0 0 -3.5 3-16cylo.dat
0 BFC INVERTNEXT
1 16 -3.125 -195 2.5 0 .875 0 -3.5 0 0 0 0 3.5 3-16cylo.dat
1 16 -2.25 -195 2.5 0 1 0 -3.5 0 0 0 0 -3.5 3-16chrd.dat
1 16 -2.25 -195 2.5 0 1 0 -3.5 0 0 0 0 3.5 3-16chrd.dat
1 16 -3.125 -195 2.5 0 1 0 -3.5 0 0 0 0 -3.5 3-16ndis.dat
1 16 -3.125 -195 2.5 0 1 0 -3.5 0 0 0 0 3.5 3-16ndis.dat
0 BFC INVERTNEXT
1 16 -3.25 -16.6538 0 .75 0 0 0 -4.9246 -4.9246 0 1.6413 -1.6413 box2-5.dat
0 // Ring
0 // Faces
4 16 0 -.625 8 -3.0616 -.625 7.3912 -3.54 -.625 8.5461 0 -.625 9.25
4 16 -3.0616 -.625 7.3912 -5.6568 -.625 5.6568 -6.5407 -.625 6.5407 -3.54 -.625 8.5461
4 16 -5.6568 -.625 5.6568 -7.3912 -.625 3.0616 -8.5461 -.625 3.54 -6.5407 -.625 6.5407
4 16 -7.3912 -.625 3.0616 -8 -.625 0 -9.25 -.625 0 -8.5461 -.625 3.54
4 16 -8 -.625 0 -7.3912 -.625 -3.0616 -8.5461 -.625 -3.54 -9.25 -.625 0
4 16 -7.3912 -.625 -3.0616 -5.6568 -.625 -5.6568 -6.5407 -.625 -6.5407 -8.5461 -.625 -3.54
4 16 -5.6568 -.625 -5.6568 -3.0616 -.625 -7.3912 -3.54 -.625 -8.5461 -6.5407 -.625 -6.5407
4 16 -3.0616 -.625 -7.3912 0 -.625 -8 0 -.625 -9.25 -3.54 -.625 -8.5461
0 // Cylinder
0 // Faces
4 16 0 -.625 9.25 -3.54 -.625 8.5461 -3.54 -4 8.5461 0 -4 9.25
3 16 -3.54 -4 8.5461 -3.54 -.625 8.5461 -3.9082 -4 8.3
4 16 -4 -4 8.2387 -3.9082 -4 8.3 -3.54 -.625 8.5461 -6.5407 -.625 6.5407
3 16 -4 -4 8.2387 -6.5407 -.625 6.5407 -6.5407 -4 6.5407
4 16 -6.5407 -.625 6.5407 -8.5461 -.625 3.54 -8.5461 -4 3.54 -6.5407 -4 6.5407
4 16 -8.5461 -.625 -3.54 -6.5407 -.625 -6.5407 -6.5407 -4 -6.5407 -8.5461 -4 -3.54
3 16 -6.5407 -.625 -6.5407 -4 -4 -8.2387 -6.5407 -4 -6.5407
4 16 -3.54 -.625 -8.5461 -3.9082 -4 -8.3 -4 -4 -8.2387 -6.5407 -.625 -6.5407
3 16 -3.54 -.625 -8.5461 -3.54 -4 -8.5461 -3.9082 -4 -8.3
3 16 -3.54 -.625 -8.5461 -.8084 -4 -9.0892 -3.54 -4 -8.5461
4 16 0 -.625 -9.25 -.6286 -4 -9.125 -.8084 -4 -9.0892 -3.54 -.625 -8.5461
3 16 0 -.625 -9.25 0 -4 -9.25 -.6286 -4 -9.125
0 // Edges
2 24 0 -.625 9.25 -3.54 -.625 8.5461
2 24 -3.54 -.625 8.5461 -6.5407 -.625 6.5407
2 24 -6.5407 -.625 6.5407 -8.5461 -.625 3.54
2 24 -8.5461 -.625 3.54 -9.25 -.625 0
2 24 -9.25 -.625 0 -8.5461 -.625 -3.54
2 24 -8.5461 -.625 -3.54 -6.5407 -.625 -6.5407
2 24 -6.5407 -.625 -6.5407 -3.54 -.625 -8.5461
2 24 -3.54 -.625 -8.5461 0 -.625 -9.25
2 24 -3.9082 -4 8.3 -4 -4 8.2387
2 24 -4 -4 -8.2387 -3.9082 -4 -8.3
0 // Conditional lines
5 24 0 -.625 9.25 0 -4 9.25 -3.54 -.625 8.5461 3.54 -.625 8.5461
5 24 -3.54 -.625 8.5461 -3.54 -4 8.5461 -6.5407 -.625 6.5407 0 -.625 9.25
5 24 -6.5407 -.625 6.5407 -6.5407 -4 6.5407 -8.5461 -.625 3.54 -3.54 -.625 8.5461
5 24 -8.5461 -.625 3.54 -8.5461 -4 3.54 -9.25 -.625 0 -6.5407 -.625 6.5407
5 24 -9.25 -.625 0 -9.25 -4 0 -8.5461 -.625 -3.54 -8.5461 -.625 3.54
5 24 -8.5461 -.625 -3.54 -8.5461 -4 -3.54 -6.5407 -.625 -6.5407 -9.25 -.625 0
5 24 -6.5407 -.625 -6.5407 -6.5407 -4 -6.5407 -3.54 -.625 -8.5461 -8.5461 -.625 -3.54
5 24 -3.54 -.625 -8.5461 -3.54 -4 -8.5461 0 -.625 -9.25 -6.5407 -.625 -6.5407
5 24 0 -.625 -9.25 0 -4 -9.25 3.54 -.625 -8.5461 -3.54 -.625 -8.5461
5 24 0 -4 9.25 -3.54 -4 8.5461 0 -7.54 8.5461 0 -.625 9.25
5 24 -6.5407 -4 6.5407 -3.54 -4 8.5461 -6.0429 -7.54 6.0429 -6.5407 -.625 6.5407
5 24 -6.5407 -4 6.5407 -8.5461 -4 3.54 -6.0429 -7.54 6.0429 -6.5407 -.625 6.5407
5 24 -6.5407 -4 -6.5407 -8.5461 -4 -3.54 -6.0429 -7.54 -6.0429 -6.5407 -.625 -6.5407
5 24 -6.5407 -4 -6.5407 -3.54 -4 -8.5461 -6.0429 -7.54 -6.0429 -6.5407 -.625 -6.5407
5 24 0 -4 -9.25 -3.54 -4 -8.5461 0 -4.6286 -9.125 0 -.625 -9.25
0 // Sphere
0 // Faces
3 16 0 -4 9.25 -3.54 -4 8.5461 -3.2706 -5.3548 8.5461
3 16 0 -4 9.25 -3.2706 -5.3548 8.5461 -2.5031 -6.5031 8.5461
3 16 0 -4 9.25 -2.5031 -6.5031 8.5461 -1.3548 -7.2706 8.5461
3 16 0 -4 9.25 -1.3548 -7.2706 8.5461 0 -7.54 8.5461
4 16 -3.54 -4 8.5461 -3.9082 -4 8.3 -3.6108 -5.4957 8.3 -3.2706 -5.3548 8.5461
4 16 -3.2706 -5.3548 8.5461 -3.6108 -5.4957 8.3 -2.7635 -6.7635 8.3 -2.5031 -6.5031 8.5461
4 16 -2.5031 -6.5031 8.5461 -2.7635 -6.7635 8.3 -1.4957 -7.6108 8.3 -1.3548 -7.2706 8.5461
4 16 -1.3548 -7.2706 8.5461 -1.4957 -7.6108 8.3 0 -7.9082 8.3 0 -7.54 8.5461
4 16 -4 -4 8.2387 -4.8607 -7.1298 6.9293 -4.5946 -7.54 7.0108 -4 -7.54 7.4082
4 16 -4 -4 8.2387 -6.5407 -4 6.5407 -5 -7.0266 6.8603 -4.8607 -7.1298 6.9293
4 16 -6.5407 -4 6.5407 -6.0429 -7.54 6.0429 -5 -7.54 6.7399 -5 -7.0266 6.8603
4 16 -6.5407 -4 6.5407 -7.971 -6.4645 3.5355 -7.2383 -7.54 4.2543 -6.0429 -7.54 6.0429
4 16 -6.5407 -4 6.5407 -8.5461 -4 3.54 -8.1147 -6.3481 3.3613 -7.971 -6.4645 3.5355
4 16 -6.5407 -4 -6.5407 -7.971 -6.4645 -3.5355 -8.1147 -6.3481 -3.3613 -8.5461 -4 -3.54
4 16 -6.5407 -4 -6.5407 -6.0429 -7.54 -6.0429 -7.2383 -7.54 -4.2543 -7.971 -6.4645 -3.5355
4 16 -6.5407 -4 -6.5407 -5 -7.0266 -6.8603 -5 -7.54 -6.7399 -6.0429 -7.54 -6.0429
4 16 -4 -4 -8.2387 -4.8607 -7.1298 -6.9293 -5 -7.0266 -6.8603 -6.5407 -4 -6.5407
4 16 -4 -4 -8.2387 -4 -7.54 -7.4082 -4.5946 -7.54 -7.0108 -4.8607 -7.1298 -6.9293
4 16 -3.54 -4 -8.5461 -3.2706 -5.3548 -8.5461 -3.6108 -5.4957 -8.3 -3.9082 -4 -8.3
4 16 -3.2706 -5.3548 -8.5461 -2.5031 -6.5031 -8.5461 -2.7635 -6.7635 -8.3 -3.6108 -5.4957 -8.3
4 16 -2.5031 -6.5031 -8.5461 -1.3548 -7.2706 -8.5461 -1.4957 -7.6108 -8.3 -2.7635 -6.7635 -8.3
4 16 -1.3548 -7.2706 -8.5461 -.9368 -7.3537 -8.5461 -.9949 -7.7104 -8.3 -1.4957 -7.6108 -8.3
4 16 -.8084 -4 -9.0892 -.8117 -4.3363 -9.0753 -3.2706 -5.3548 -8.5461 -3.54 -4 -8.5461
4 16 -.8117 -4.3363 -9.0753 -.8253 -4.8253 -9.0179 -2.5031 -6.5031 -8.5461 -3.2706 -5.3548 -8.5461
4 16 -.8253 -4.8253 -9.0179 -.8783 -6.1203 -8.7937 -1.3548 -7.2706 -8.5461 -2.5031 -6.5031 -8.5461
3 16 -.8783 -6.1203 -8.7937 -.9368 -7.3537 -8.5461 -1.3548 -7.2706 -8.5461
3 16 0 -4 -9.25 -.5808 -4.2406 -9.125 -.6286 -4 -9.125
3 16 0 -4 -9.25 -.4445 -4.4445 -9.125 -.5808 -4.2406 -9.125
3 16 0 -4 -9.25 -.2406 -4.5808 -9.125 -.4445 -4.4445 -9.125
3 16 0 -4.6286 -9.125 -.2406 -4.5808 -9.125 0 -4 -9.25
3 16 -4 -7.54 7.4082 -4.5946 -7.54 7.0108 -4 -7.9425 7.0909
3 16 -6.0429 -7.54 6.0429 -5 -9.7469 5 -5 -7.54 6.7399
4 16 -6.0429 -7.54 6.0429 -6.5633 -8.0865 4.6195 -5 -9.7834 4.9569 -5 -9.7469 5
3 16 -6.0429 -7.54 6.0429 -7.2383 -7.54 4.2543 -6.5633 -8.0865 4.6195
3 16 -6.0429 -7.54 -6.0429 -6.5634 -8.0865 -4.6195 -7.2383 -7.54 -4.2543
4 16 -6.0429 -7.54 -6.0429 -5 -9.7469 -5 -5 -9.7834 -4.9569 -6.5634 -8.0865 -4.6195
3 16 -6.0429 -7.54 -6.0429 -5 -7.54 -6.7399 -5 -9.7469 -5
3 16 -4 -7.54 -7.4082 -4 -7.9425 -7.0909 -4.5946 -7.54 -7.0108
0 // Edges
2 24 -3.9082 -4 8.3 -3.6108 -5.4957 8.3
2 24 -3.6108 -5.4957 8.3 -2.7635 -6.7635 8.3
2 24 -2.7635 -6.7635 8.3 -1.4957 -7.6108 8.3
2 24 -1.4957 -7.6108 8.3 0 -7.9082 8.3
2 24 -4 -4 8.2387 -4 -7.54 7.4082
2 24 -4 -7.54 7.4082 -4 -7.9425 7.0909
2 24 -4 -7.9425 7.0909 -4.5946 -7.54 7.0108
2 24 -4.5946 -7.54 7.0108 -4.8607 -7.1298 6.9293
2 24 -4.8607 -7.1298 6.9293 -5 -7.0266 6.8603
2 24 -5 -7.0266 6.8603 -5 -7.54 6.739897
2 24 -5 -7.54 6.739897 -5 -9.7469 5
2 24 -5 -9.7469 5 -5 -9.7834 4.9569
2 24 -5 -9.7834 4.9569 -6.5633 -8.0865 4.6195
2 24 -6.5633 -8.0865 4.6195 -7.2383 -7.54 4.2543
2 24 -7.2383 -7.54 4.2543 -7.971 -6.4645 3.5355
2 24 -7.971 -6.4645 3.5355 -8.1147 -6.3481 3.3613
2 24 -8.1147 -6.3481 -3.3613 -7.971 -6.4645 -3.5355
2 24 -7.971 -6.4645 -3.5355 -7.2383 -7.54 -4.2543
2 24 -7.2383 -7.54 -4.2543 -6.5634 -8.0865 -4.6195
2 24 -6.5634 -8.0865 -4.6195 -5 -9.7834 -4.9569
2 24 -5 -9.7834 -4.9569 -5 -9.7469 -5
2 24 -5 -9.7469 -5 -5 -7.54 -6.739897
2 24 -5 -7.54 -6.739897 -5 -7.0266 -6.8603
2 24 -5 -7.0266 -6.8603 -4.8607 -7.1298 -6.9293
2 24 -4.8607 -7.1298 -6.9293 -4.5946 -7.54 -7.0108
2 24 -4.5946 -7.54 -7.0108 -4 -7.9425 -7.0909
2 24 -4 -7.9425 -7.0909 -4 -7.54 -7.4082
2 24 -4 -7.54 -7.4082 -4 -4 -8.2387
2 24 -3.9082 -4 -8.3 -3.6108 -5.4957 -8.3
2 24 -3.6108 -5.4957 -8.3 -2.7635 -6.7635 -8.3
2 24 -2.7635 -6.7635 -8.3 -1.4957 -7.6108 -8.3
2 24 -1.4957 -7.6108 -8.3 -.9949 -7.7104 -8.3
2 24 -.9949 -7.7104 -8.3 -.9368 -7.3537 -8.5461
2 24 -.9368 -7.3537 -8.5461 -.8783 -6.1203 -8.7937
2 24 -.8783 -6.1203 -8.7937 -.8253 -4.8253 -9.0179
2 24 -.8253 -4.8253 -9.0179 -.8117 -4.3363 -9.0753
2 24 -.8117 -4.3363 -9.0753 -.8084 -4 -9.0892
2 24 -.6286 -4 -9.125 -.5808 -4.2406 -9.125
2 24 -.5808 -4.2406 -9.125 -.4445 -4.4445 -9.125
2 24 -.4445 -4.4445 -9.125 -.2406 -4.5808 -9.125
2 24 -.2406 -4.5808 -9.125 0 -4.6286 -9.125
0 // Conditional lines
5 24 -3.2706 -5.3548 8.5461 0 -4 9.25 -2.5031 -6.5031 8.5461 -3.54 -4 8.5461
5 24 -2.5031 -6.5031 8.5461 0 -4 9.25 -1.3548 -7.2706 8.5461 -3.2706 -5.3548 8.5461
5 24 -1.3548 -7.2706 8.5461 0 -4 9.25 0 -7.54 8.5461 -2.5031 -6.5031 8.5461
5 24 0 -7.54 8.5461 0 -4 9.25 1.3548 -7.2706 8.5461 -1.3548 -7.2706 8.5461
5 24 -3.6108 -5.4957 8.3 -3.2706 -5.3548 8.5461 -2.7635 -6.7635 8.3 -3.9082 -4 8.3
5 24 -2.7635 -6.7635 8.3 -2.5031 -6.5031 8.5461 -1.4957 -7.6108 8.3 -3.6108 -5.4957 8.3
5 24 -1.4957 -7.6108 8.3 -1.3548 -7.2706 8.5461 0 -7.9082 8.3 -2.7635 -6.7635 8.3
5 24 0 -7.9082 8.3 0 -7.54 8.5461 1.4957 -7.6108 8.3 -1.4957 -7.6108 8.3
5 24 -3.54 -4 8.5461 -3.2706 -5.3548 8.5461 -3.9082 -4 8.3 0 -4 9.25
5 24 -3.2706 -5.3548 8.5461 -2.5031 -6.5031 8.5461 -3.6108 -5.4957 8.3 0 -4 9.25
5 24 -2.5031 -6.5031 8.5461 -1.3548 -7.2706 8.5461 -2.7635 -6.7635 8.3 0 -4 9.25
5 24 -1.3548 -7.2706 8.5461 0 -7.54 8.5461 -1.4957 -7.6108 8.3 0 -4 9.25
5 24 -3.2706 -5.3548 -8.5461 -.8117 -4.3363 -9.0753 -2.5031 -6.5031 -8.5461 -3.54 -4 -8.5461
5 24 -2.5031 -6.5031 -8.5461 -.8253 -4.8253 -9.0179 -1.3548 -7.2706 -8.5461 -3.2706 -5.3548 -8.5461
5 24 -1.3548 -7.2706 -8.5461 -.8783 -6.1203 -8.7937 -.9368 -7.3537 -8.5461 -2.5031 -6.5031 -8.5461
5 24 -3.6108 -5.4957 -8.3 -3.2706 -5.3548 -8.5461 -2.7635 -6.7635 -8.3 -3.9082 -4 -8.3
5 24 -2.7635 -6.7635 -8.3 -2.5031 -6.5031 -8.5461 -1.4957 -7.6108 -8.3 -3.6108 -5.4957 -8.3
5 24 -1.4957 -7.6108 -8.3 -1.3548 -7.2706 -8.5461 -.9949 -7.7104 -8.3 -2.7635 -6.7635 -8.3
5 24 -3.54 -4 -8.5461 -3.2706 -5.3548 -8.5461 -3.9082 -4 -8.3 -.8084 -4 -9.0892
5 24 -3.2706 -5.3548 -8.5461 -2.5031 -6.5031 -8.5461 -3.6108 -5.4957 -8.3 -.8117 -4.3363 -9.0753
5 24 -2.5031 -6.5031 -8.5461 -1.3548 -7.2706 -8.5461 -2.7635 -6.7635 -8.3 -.8253 -4.8253 -9.0179
5 24 -1.3548 -7.2706 -8.5461 -.9368 -7.3537 -8.5461 -1.4957 -7.6108 -8.3 -.8783 -6.1203 -8.7937
5 24 -.5808 -4.2406 -9.125 0 -4 -9.25 -.4445 -4.4445 -9.125 -.6286 -4 -9.125
5 24 -.4445 -4.4445 -9.125 0 -4 -9.25 -.2406 -4.5808 -9.125 -.5808 -4.2406 -9.125
5 24 -.2406 -4.5808 -9.125 0 -4 -9.25 0 -4.6286 -9.125 -.4445 -4.4445 -9.125
5 24 0 -4.6286 -9.125 0 -4 -9.25 .2406 -4.5808 -9.125 -.2406 -4.5808 -9.125
5 24 -6.5407 -4 6.5407 -6.0429 -7.54 6.0429 -8.5461 -4 3.54 -4 -4 8.2387
5 24 -8.5461 -4 3.54 -8.1147 -6.3481 3.3613 -9.25 -4 0 -6.5407 -4 6.5407
5 24 -8.5461 -4 -3.54 -8.1147 -6.3481 -3.3613 -9.25 -4 0 -6.5407 -4 -6.5407
5 24 -6.5407 -4 -6.5407 -6.0429 -7.54 -6.0429 -8.5461 -4 -3.54 -4 -4 -8.2387
5 24 -4 -7.54 7.4082 -4.5946 -7.54 7.0108 -4 -7.9425 7.0909 -4 -4 8.2387
5 24 -6.0429 -7.54 6.0429 -5 -7.54 6.7399 -5 -9.7469 5 -6.5407 -4 6.5407
5 24 -6.0429 -7.54 6.0429 -7.2383 -7.54 4.2543 -5 -9.7469 5 -6.5407 -4 6.5407
5 24 -6.0429 -7.54 -6.0429 -7.2383 -7.54 -4.2543 -5 -9.7469 -5 -6.5407 -4 -6.5407
5 24 -6.0429 -7.54 -6.0429 -5 -7.54 -6.7399 -5 -9.7469 -5 -6.5407 -4 -6.5407
5 24 -4 -7.54 -7.4082 -4.5946 -7.54 -7.0108 -4 -7.9425 -7.0909 -4 -4 -8.2387
5 24 -6.0429 -7.54 6.0429 -5 -9.7469 5 -7.2383 -7.54 4.2543 -5 -7.54 6.7399
5 24 -6.0429 -7.54 -6.0429 -5 -9.7469 -5 -7.2383 -7.54 -4.2543 -5 -7.54 -6.7399
0 // Ring
0 // Faces
3 16 -5 -7.1298 6.9293 -4.8607 -7.1298 6.9293 -5 -7.0266 6.8603
3 16 -5 -7.1298 -6.9293 -5 -7.0266 -6.8603 -4.8607 -7.1298 -6.9293
4 16 -5 -10 7.5 -4 -10 7.5 -4 -7.9425 7.0909 -4.5946 -7.54 7.0108
4 16 -5 -10 7.5 -4.5946 -7.54 7.0108 -4.8607 -7.1298 6.9293 -5 -7.1298 6.9293
4 16 -5 -10 7.5 -5 -7.1298 6.9293 -5 -7.0266 6.8603 -5 -7.54 6.7399
4 16 -5 -7.54 6.7399 -5 -9.7469 5 -5 -10 6 -5 -10 7.5
4 16 -5 -10 5 -5 -10 6 -5 -9.7469 5 -5 -9.7834 4.9569
4 16 -5 -10 -5 -5 -9.7834 -4.9569 -5 -9.7469 -5 -5 -10 -6
4 16 -5 -10 -7.5 -5 -10 -6 -5 -9.7469 -5 -5 -7.54 -6.7399
4 16 -5 -10 -7.5 -5 -7.54 -6.7399 -5 -7.0266 -6.8603 -5 -7.1298 -6.9293
4 16 -5 -10 -7.5 -5 -7.1298 -6.9293 -4.8607 -7.1298 -6.9293 -4.5946 -7.54 -7.0108
4 16 -5 -10 -7.5 -4.5946 -7.54 -7.0108 -4 -7.9425 -7.0909 -4 -10 -7.5
4 16 -5 -12.8703 6.9293 -4 -12.8703 6.9293 -4 -10 7.5 -5 -10 7.5
4 16 -5 -12.8703 6.9293 -5 -10 7.5 -5 -10 6 -5 -12.2962 5.5434
4 16 -5 -12.8703 6.9293 -5 -15.3033 5.3033 -4 -15.3033 5.3033 -4 -12.8703 6.9293
4 16 -5 -12.8703 6.9293 -5 -12.2962 5.5434 -5 -14.2426 4.2426 -5 -15.3033 5.3033
4 16 -5 -16.9293 2.8703 -2.5 -16.9293 2.8703 -2.5 -16.6538 3.2826 -4 -16.6538 3.2826
4 16 -5 -16.9293 2.8703 -4 -16.6538 3.2826 -4 -15.3033 5.3033 -5 -15.3033 5.3033
4 16 -5 -16.9293 2.8703 -5 -15.3033 5.3033 -5 -14.2426 4.2426 -5 -15.5434 2.2962
4 16 -5 -16.9293 2.8703 -5 -17.5 0 -2.5 -17.5 0 -2.5 -16.9293 2.8703
4 16 -5 -16.9293 2.8703 -5 -15.5434 2.2962 -5 -16 0 -5 -17.5 0
4 16 -5 -12.8703 -6.9293 -5 -10 -7.5 -4 -10 -7.5 -4 -12.8703 -6.9293
4 16 -5 -12.8703 -6.9293 -5 -12.2962 -5.5434 -5 -10 -6 -5 -10 -7.5
4 16 -5 -12.8703 -6.9293 -4 -12.8703 -6.9293 -4 -15.3033 -5.3033 -5 -15.3033 -5.3033
4 16 -5 -12.8703 -6.9293 -5 -15.3033 -5.3033 -5 -14.2426 -4.2426 -5 -12.2962 -5.5434
4 16 -5 -16.9293 -2.8703 -4 -16.6538 -3.2826 -2.5 -16.6538 -3.2826 -2.5 -16.9293 -2.8703
4 16 -5 -16.9293 -2.8703 -5 -15.3033 -5.3033 -4 -15.3033 -5.3033 -4 -16.6538 -3.2826
4 16 -5 -16.9293 -2.8703 -5 -15.5434 -2.2962 -5 -14.2426 -4.2426 -5 -15.3033 -5.3033
4 16 -5 -16.9293 -2.8703 -2.5 -16.9293 -2.8703 -2.5 -17.5 0 -5 -17.5 0
4 16 -5 -16.9293 -2.8703 -5 -17.5 0 -5 -16 0 -5 -15.5434 -2.2962
0 // Edges
2 24 -4 -7.9425 7.0909 -4 -10 7.5
2 24 -4 -10 7.5 -4 -12.8703 6.9293
2 24 -4 -12.8703 6.9293 -4 -15.3033 5.3033
2 24 -4 -15.3033 5.3033 -4 -16.6538 3.2826
2 24 -4 -16.6538 3.2826 -2.5 -16.6538 3.2826
2 24 -2.5 -16.6538 3.2826 -2.5 -16.9293 2.8703
2 24 -2.5 -16.9293 2.8703 -2.5 -17.5 0
2 24 -2.5 -17.5 0 -2.5 -16.9293 -2.8703
2 24 -2.5 -16.9293 -2.8703 -2.5 -16.6538 -3.2826
2 24 -2.5 -16.6538 -3.2826 -4 -16.6538 -3.2826
2 24 -4 -16.6538 -3.2826 -4 -15.3033 -5.3033
2 24 -4 -15.3033 -5.3033 -4 -12.8703 -6.9293
2 24 -4 -12.8703 -6.9293 -4 -10 -7.5
2 24 -4 -10 -7.5 -4 -7.9425 -7.0909
2 24 -5 -7.0266 6.8603 -5 -7.1298 6.9293
2 24 -5 -7.1298 6.9293 -5 -10 7.5
2 24 -5 -10 7.5 -5 -12.8703 6.9293
2 24 -5 -12.8703 6.9293 -5 -15.3033 5.3033
2 24 -5 -15.3033 5.3033 -5 -16.9293 2.8703
2 24 -5 -16.9293 2.8703 -5 -17.5 0
2 24 -5 -17.5 0 -5 -16.9293 -2.8703
2 24 -5 -16.9293 -2.8703 -5 -15.3033 -5.3033
2 24 -5 -15.3033 -5.3033 -5 -12.8703 -6.9293
2 24 -5 -12.8703 -6.9293 -5 -10 -7.5
2 24 -5 -10 -7.5 -5 -7.1298 -6.9293
2 24 -5 -7.1298 -6.9293 -5 -7.0266 -6.8603
2 24 -5 -9.7834 4.9569 -5 -10 5
2 24 -5 -9.7834 -4.9569 -5 -10 -5
0 // Conditional lines
5 24 -5 -7.1298 6.9293 -4.8607 -7.1298 6.9293 -5 -10 7.5 -5 -7.0266 6.8603
5 24 -5 -10 7.5 -4 -10 7.5 -5 -12.8703 6.9293 -5 -7.1298 6.9293
5 24 -5 -12.8703 6.9293 -4 -12.8703 6.9293 -5 -15.3033 5.3033 -5 -10 7.5
5 24 -5 -15.3033 5.3033 -4 -15.3033 5.3033 -5 -16.9293 2.8703 -5 -12.8703 6.9293
5 24 -5 -16.9293 2.8703 -2.5 -16.9293 2.8703 -5 -17.5 0 -5 -15.3033 5.3033
5 24 -5 -17.5 0 -2.5 -17.5 0 -5 -16.9293 -2.8703 -5 -16.9293 2.8703
5 24 -5 -16.9293 -2.8703 -2.5 -16.9293 -2.8703 -5 -15.3033 -5.3033 -5 -17.5 0
5 24 -5 -15.3033 -5.3033 -4 -15.3033 -5.3033 -5 -12.8703 -6.9293 -5 -16.9293 -2.8703
5 24 -5 -12.8703 -6.9293 -4 -12.8703 -6.9293 -5 -10 -7.5 -5 -15.3033 -5.3033
5 24 -5 -10 -7.5 -4 -10 -7.5 -5 -7.1298 -6.9293 -5 -12.8703 -6.9293
5 24 -5 -7.1298 -6.9293 -4.8607 -7.1298 -6.9293 -5 -7.0266 -6.8603 -5 -10 -7.5
0 // Vertical planes
0 // Faces
3 16 -3.125 -9.75 8.3 0 -7.9082 8.3 -1.4957 -7.6108 8.3
3 16 -3.125 -9.75 8.3 -1.4957 -7.6108 8.3 -2.7635 -6.7635 8.3
3 16 -3.125 -9.75 8.3 -2.7635 -6.7635 8.3 -3.6108 -5.4957 8.3
4 16 -4 -14.25 8.3 -3.125 -9.75 8.3 -3.6108 -5.4957 8.3 -3.9082 -4 8.3
3 16 -4 -14.25 8.3 -3.125 -14.25 8.3 -3.125 -9.75 8.3
3 16 -4 -14.25 8.3 -3.9082 -4 8.3 -4 -4 8.2387
3 16 -.8 -32 -9.125 -.2406 -4.5808 -9.125 0 -4.6286 -9.125
3 16 -.8 -32 -9.125 -.4445 -4.4445 -9.125 -.2406 -4.5808 -9.125
3 16 -.8 -32 -9.125 -.5808 -4.2406 -9.125 -.4445 -4.4445 -9.125
3 16 -.8 -32 -9.125 -.6286 -4 -9.125 -.5808 -4.2406 -9.125
3 16 -.8 -32 -9.125 -.8084 -4 -9.0892 -.6286 -4 -9.125
3 16 -.8 -32 -9.125 -.8117 -4.3363 -9.0753 -.8084 -4 -9.0892
3 16 -.8 -32 -9.125 -.8253 -4.8253 -9.0179 -.8117 -4.3363 -9.0753
3 16 -.8 -32 -9.125 -.8783 -6.1203 -8.7937 -.8253 -4.8253 -9.0179
3 16 -.8 -32 -9.125 -.9368 -7.3537 -8.5461 -.8783 -6.1203 -8.7937
4 16 -.8 -32 -9.125 -.9949 -14.25 -8.3 -.9949 -7.7104 -8.3 -.9368 -7.3537 -8.5461
4 16 -4 -14.25 -8.3 -1.4957 -7.6108 -8.3 -.9949 -7.7104 -8.3 -.9949 -14.25 -8.3
3 16 -4 -14.25 -8.3 -2.7635 -6.7635 -8.3 -1.4957 -7.6108 -8.3
3 16 -3.6108 -5.4957 -8.3 -2.7635 -6.7635 -8.3 -4 -14.25 -8.3
3 16 -4 -14.25 -8.3 -3.9082 -4 -8.3 -3.6108 -5.4957 -8.3
3 16 -4 -14.25 -8.3 -4 -4 -8.2387 -3.9082 -4 -8.3
0 // Edges
2 24 -4 -14.25 8.3 -3.9082 -4 8.3
2 24 -4 -14.25 8.3 -4 -4 8.2387
2 24 -4 -14.25 -8.3 -4 -4 -8.2387
2 24 -4 -14.25 -8.3 -3.9082 -4 -8.3
2 24 -.8 -32 -9.125 -.8084 -4 -9.0892
2 24 -.8 -32 -9.125 -.6286 -4 -9.125
0 // Embossed triangle
0 // Faces
3 16 -2.5 -26.503 0 -2.5 -16.6538 3.2826 -2.5 -16.9293 2.8703
3 16 -2.5 -26.503 0 -2.5 -16.9293 2.8703 -2.5 -17.5 0
3 16 -2.5 -26.503 0 -2.5 -17.5 0 -2.5 -16.9293 -2.8703
3 16 -2.5 -26.503 0 -2.5 -16.9293 -2.8703 -2.5 -16.6538 -3.2826
3 16 -4 -14.25 8.3 -4 -4 8.2387 -4 -7.54 7.4082
3 16 -4 -10 7.5 -4 -7.54 7.4082 -4 -7.9425 7.0909
3 16 -4 -14.25 8.3 -4 -7.54 7.4082 -4 -10 7.5
3 16 -4 -14.25 8.3 -4 -10 7.5 -4 -12.8703 6.9293
4 16 -4 -36.3827 .9236 -4 -14.25 8.3 -4 -12.8703 6.9293 -4 -15.3033 5.3033
4 16 -4 -36.3827 .9236 -4 -15.3033 5.3033 -4 -16.6538 3.2826 -4 -26.503 0
3 16 -4 -14.25 -8.3 -4 -7.54 -7.4082 -4 -4 -8.2387
3 16 -4 -10 -7.5 -4 -7.9425 -7.0909 -4 -7.54 -7.4082
3 16 -4 -14.25 -8.3 -4 -10 -7.5 -4 -7.54 -7.4082
3 16 -4 -14.25 -8.3 -4 -12.8703 -6.9293 -4 -10 -7.5
4 16 -4 -36.3827 -.9236 -4 -15.3033 -5.3033 -4 -12.8703 -6.9293 -4 -14.25 -8.3
4 16 -4 -36.3827 -.9236 -4 -26.503 0 -4 -16.6538 -3.2826 -4 -15.3033 -5.3033
4 16 -4 -37 0 -4 -36.3827 .9236 -4 -26.503 0 -4 -36.3827 -.9236
4 16 -4 -37 0 -4 -36.9236 .3827 -4 -36.7071 .7071 -4 -36.3827 .9236
4 16 -4 -37 0 -4 -36.3827 -.9236 -4 -36.7071 -.7071 -4 -36.9236 -.3827
3 16 -4 -14.25 8.3 -3.125 -15.6821 7.8227 -3.125 -14.25 8.3
3 16 -4 -14.25 8.3 -3.125 -24.7424 4.8031 -3.125 -15.6821 7.8227
3 16 -4 -36.3827 .9236 -3.125 -24.7424 4.8031 -4 -14.25 8.3
3 16 -4 -36.3827 .9236 -3.125 -34.615 1.5128 -3.125 -24.7424 4.8031
3 16 -4 -36.3827 .9236 -2.9168 -36.3827 .9236 -3.125 -34.615 1.5128
4 16 -4 -36.3827 .9236 -4 -36.7071 .7071 -2.8539 -36.7071 .7071 -2.9168 -36.3827 .9236
4 16 -4 -36.7071 .7071 -4 -36.9236 .3827 -2.7707 -36.9236 .3827 -2.8539 -36.7071 .7071
4 16 -4 -37 0 -2.6799 -37 0 -2.7707 -36.9236 .3827 -4 -36.9236 .3827
4 16 -4 -37 0 -4 -36.9236 -.3827 -2.5956 -36.9236 -.3827 -2.6799 -37 0
4 16 -4 -36.9236 -.3827 -4 -36.7071 -.7071 -2.5303 -36.7071 -.7071 -2.5956 -36.9236 -.3827
4 16 -4 -36.3827 -.9236 -2.4943 -36.3827 -.9236 -2.5303 -36.7071 -.7071 -4 -36.7071 -.7071
3 16 -4 -36.3827 -.9236 -2.302 -30.847 -2.769 -2.4943 -36.3827 -.9236
4 16 -4 -36.3827 -.9236 -4 -14.25 -8.3 -.9949 -14.25 -8.3 -2.302 -30.847 -2.769
0 // Edges
2 24 -3.125 -14.25 8.3 -4 -14.25 8.3
2 24 -4 -14.25 8.3 -4 -36.3827 .9236
2 24 -4 -36.3827 .9236 -4 -36.7071 .7071
2 24 -4 -36.7071 .7071 -4 -36.9236 .3827
2 24 -4 -36.9236 .3827 -4 -37 0
2 24 -4 -37 0 -4 -36.9236 -.3827
2 24 -4 -36.9236 -.3827 -4 -36.7071 -.7071
2 24 -4 -36.7071 -.7071 -4 -36.3827 -.9236
2 24 -4 -36.3827 -.9236 -4 -14.25 -8.3
2 24 -4 -14.25 -8.3 -.9949 -14.25 -8.3
2 24 -3.125 -9.75 8.3 -3.125 -14.25 8.3
2 24 -3.125 -14.25 8.3 -3.125 -15.6821 7.8227
2 24 -.9949 -7.7104 -8.3 -.9949 -14.25 -8.3
2 24 -.9949 -14.25 -8.3 -2.302 -30.847 -2.769
2 24 -3.125 -24.7424 4.8031 -3.125 -34.615 1.5128
2 24 -3.125 -34.615 1.5128 -2.9168 -36.3827 .9236
2 24 -2.9168 -36.3827 .9236 -2.8539 -36.7071 .7071
2 24 -2.8539 -36.7071 .7071 -2.7707 -36.9236 .3827
2 24 -2.7707 -36.9236 .3827 -2.6799 -37 0
2 24 -2.6799 -37 0 -2.5956 -36.9236 -.3827
2 24 -2.5956 -36.9236 -.3827 -2.5303 -36.7071 -.7071
2 24 -2.5303 -36.7071 -.7071 -2.4943 -36.3827 -.9236
2 24 -2.4943 -36.3827 -.9236 -2.302 -30.847 -2.769
0 // Conditional lines
5 24 -4 -36.3827 .9236 -2.9168 -36.3827 .9236 -4 -36.7071 .7071 -4 -14.25 8.3
5 24 -4 -36.7071 .7071 -2.8539 -36.7071 .7071 -4 -36.9236 .3827 -4 -36.3827 .9236
5 24 -4 -36.9236 .3827 -2.7707 -36.9236 .3827 -4 -37 0 -4 -36.7071 .7071
5 24 -4 -37 0 -2.6799 -37 0 -4 -36.9236 -.3827 -4 -36.9236 .3827
5 24 -4 -36.9236 -.3827 -2.5956 -36.9236 -.3827 -4 -36.7071 -.7071 -4 -37 0
5 24 -4 -36.7071 -.7071 -2.5303 -36.7071 -.7071 -4 -36.3827 -.9236 -4 -36.9236 -.3827
5 24 -4 -36.3827 -.9236 -2.4943 -36.3827 -.9236 -4 -14.25 -8.3 -4 -36.7071 -.7071
0 // Embossed decoration
0 // Faces
3 16 -2.25 -18.6855 10.1382 -2.25 -15.6821 7.8227 -2.25 -24.7424 4.8031
4 16 -2.25 -18.6855 10.1382 -2.25 -24.7424 4.8031 -2.25 -46.0889 8.6763 -2.25 -21.6155 15.24
3 16 -2.25 -21.6155 15.24 -2.25 -46.0889 8.6763 -2.25 -63.4356 10.7947
3 16 -2.25 -21.6155 15.24 -2.25 -63.4356 10.7947 -2.25 -80.8759 11.9046
3 16 -2.25 -21.6155 15.24 -2.25 -80.8759 11.9046 -2.25 -98.372 12.0023
3 16 -2.25 -21.6155 15.24 -2.25 -98.372 12.0023 -2.25 -178.8704 15.24
3 16 -2.25 -178.8704 15.24 -2.25 -98.372 12.0023 -2.25 -117.4749 10.9474
3 16 -2.25 -178.8704 15.24 -2.25 -117.4749 10.9474 -2.25 -136.493 8.6792
3 16 -2.25 -178.8704 15.24 -2.25 -136.493 8.6792 -2.25 -155.3287 5.2082
4 16 -2.25 -178.8704 15.24 -2.25 -155.3287 5.2082 -2.25 -173.906 .5482 -2.25 -183.4904 11.1015
4 16 -2.25 -183.4904 11.1015 -2.25 -173.906 .5482 -2.25 -181.0999 -1.7507 -2.25 -190.705 7.1974
4 16 -2.25 -190.705 7.1974 -2.25 -181.0999 -1.7507 -2.25 -195.5219 -.8962 -2.25 -195.6934 5.8622
4 16 -2.25 -195.6934 5.8622 -2.25 -195.5219 -.8962 -2.25 -196.33945 -.73365 -2.25 -196.33945 5.73365
3 16 -2.25 -196.33945 5.73365 -2.25 -196.33945 -.73365 -2.25 -198.5 2.5
4 16 -2.25 -15.6821 7.8227 -2.25 -18.6855 10.1382 -3.125 -18.6855 10.1382 -3.125 -15.6821 7.8227
4 16 -2.25 -18.6855 10.1382 -2.25 -21.6155 15.24 -3.125 -21.6155 15.24 -3.125 -18.6855 10.1382
4 16 -2.25 -21.6155 15.24 -2.25 -178.8704 15.24 -3.125 -178.8704 15.24 -3.125 -21.6155 15.24
4 16 -2.25 -178.8704 15.24 -2.25 -183.4904 11.1015 -3.125 -183.4904 11.1015 -3.125 -178.8704 15.24
4 16 -3.125 -183.4904 11.1015 -2.25 -183.4904 11.1015 -2.25 -190.705 7.1974 -3.125 -190.705 7.1974
4 16 -2.25 -190.705 7.1974 -2.25 -195.6934 5.8622 -3.125 -195.6934 5.8622 -3.125 -190.705 7.1974
4 16 -2.25 -195.6934 5.8622 -2.25 -196.33945 5.73365 -3.125 -196.33945 5.73365 -3.125 -195.6934 5.8622
4 16 -2.25 -24.7424 4.8031 -2.25 -15.6821 7.8227 -3.125 -15.6821 7.8227 -3.125 -24.7424 4.8031
4 16 -2.25 -46.0889 8.6763 -2.25 -24.7424 4.8031 -3.125 -24.7424 4.8031 -3.125 -46.0889 8.6763
4 16 -2.25 -63.4356 10.7947 -2.25 -46.0889 8.6763 -3.125 -46.0889 8.6763 -3.125 -63.4356 10.7947
4 16 -2.25 -80.8759 11.9046 -2.25 -63.4356 10.7947 -3.125 -63.4356 10.7947 -3.125 -80.8759 11.9046
4 16 -2.25 -98.372 12.0023 -2.25 -80.8759 11.9046 -3.125 -80.8759 11.9046 -3.125 -98.372 12.0023
4 16 -2.25 -117.4749 10.9474 -2.25 -98.372 12.0023 -3.125 -98.372 12.0023 -3.125 -117.4749 10.9474
4 16 -2.25 -136.493 8.6792 -2.25 -117.4749 10.9474 -3.125 -117.4749 10.9474 -3.125 -136.493 8.6792
4 16 -2.25 -155.3287 5.2082 -2.25 -136.493 8.6792 -3.125 -136.493 8.6792 -3.125 -155.3287 5.2082
4 16 -2.25 -173.906 .5482 -2.25 -155.3287 5.2082 -3.125 -155.3287 5.2082 -3.125 -173.906 .5482
4 16 -2.25 -181.0999 -1.7507 -2.25 -173.906 .5482 -3.125 -173.906 .5482 -3.125 -181.0999 -1.7507
4 16 -2.25 -195.5219 -.8962 -2.25 -181.0999 -1.7507 -3.125 -181.0999 -1.7507 -3.125 -195.5219 -.8962
4 16 -2.25 -196.33945 -.73365 -2.25 -195.5219 -.8962 -3.125 -195.5219 -.8962 -3.125 -196.33945 -.73365
0 // Edges
2 24 -2.25 -15.6821 7.8227 -2.25 -18.6855 10.1382
2 24 -2.25 -18.6855 10.1382 -2.25 -21.6155 15.24
2 24 -2.25 -21.6155 15.24 -2.25 -178.8704 15.24
2 24 -2.25 -178.8704 15.24 -2.25 -183.4904 11.1015
2 24 -2.25 -183.4904 11.1015 -2.25 -190.705 7.1974
2 24 -2.25 -190.705 7.1974 -2.25 -195.6934 5.8622
2 24 -2.25 -195.6934 5.8622 -2.25 -196.33945 5.73365
2 24 -2.25 -15.6821 7.8227 -2.25 -24.7424 4.8031
2 24 -2.25 -24.7424 4.8031 -2.25 -46.0889 8.6763
2 24 -2.25 -46.0889 8.6763 -2.25 -63.4356 10.7947
2 24 -2.25 -63.4356 10.7947 -2.25 -80.8759 11.9046
2 24 -2.25 -80.8759 11.9046 -2.25 -98.372 12.0023
2 24 -2.25 -98.372 12.0023 -2.25 -117.4749 10.9474
2 24 -2.25 -117.4749 10.9474 -2.25 -136.493 8.6792
2 24 -2.25 -136.493 8.6792 -2.25 -155.3287 5.2082
2 24 -2.25 -155.3287 5.2082 -2.25 -173.906 .5482
2 24 -2.25 -173.906 .5482 -2.25 -181.0999 -1.7507
2 24 -2.25 -181.0999 -1.7507 -2.25 -195.5219 -.8962
2 24 -2.25 -195.5219 -.8962 -2.25 -196.33945 -.73365
2 24 -2.25 -15.6821 7.8227 -3.125 -15.6821 7.8227
2 24 -2.25 -21.6155 15.24 -3.125 -21.6155 15.24
2 24 -2.25 -178.8704 15.24 -3.125 -178.8704 15.24
2 24 -2.25 -24.7424 4.8031 -3.125 -24.7424 4.8031
2 24 -2.25 -181.0999 -1.7507 -3.125 -181.0999 -1.7507
2 24 -3.125 -15.6821 7.8227 -3.125 -18.6855 10.1382
2 24 -3.125 -18.6855 10.1382 -3.125 -21.6155 15.24
2 24 -3.125 -21.6155 15.24 -3.125 -178.8704 15.24
2 24 -3.125 -178.8704 15.24 -3.125 -183.4904 11.1015
2 24 -3.125 -183.4904 11.1015 -3.125 -190.705 7.1974
2 24 -3.125 -190.705 7.1974 -3.125 -195.6934 5.8622
2 24 -3.125 -195.6934 5.8622 -3.125 -196.33945 5.73365
2 24 -3.125 -24.7424 4.8031 -3.125 -46.0889 8.6763
2 24 -3.125 -46.0889 8.6763 -3.125 -63.4356 10.7947
2 24 -3.125 -63.4356 10.7947 -3.125 -80.8759 11.9046
2 24 -3.125 -80.8759 11.9046 -3.125 -98.372 12.0023
2 24 -3.125 -98.372 12.0023 -3.125 -117.4749 10.9474
2 24 -3.125 -117.4749 10.9474 -3.125 -136.493 8.6792
2 24 -3.125 -136.493 8.6792 -3.125 -155.3287 5.2082
2 24 -3.125 -155.3287 5.2082 -3.125 -173.906 .5482
2 24 -3.125 -173.906 .5482 -3.125 -181.0999 -1.7507
2 24 -3.125 -181.0999 -1.7507 -3.125 -195.5219 -.8962
2 24 -3.125 -195.5219 -.8962 -3.125 -196.33945 -.73365
0 // Conditional lines
5 24 -3.125 -18.6855 10.1382 -2.25 -18.6855 10.1382 -3.125 -21.6155 15.24 -3.125 -15.6821 7.8227
5 24 -3.125 -183.4904 11.1015 -2.25 -183.4904 11.1015 -3.125 -190.705 7.1974 -3.125 -178.8704 15.24
5 24 -3.125 -190.705 7.1974 -2.25 -190.705 7.1974 -3.125 -195.6934 5.8622 -3.125 -183.4904 11.1015
5 24 -3.125 -195.6934 5.8622 -2.25 -195.6934 5.8622 -3.125 -196.33945 5.73365 -3.125 -190.705 7.1974
5 24 -3.125 -196.33945 5.73365 -2.25 -196.33945 5.73365 -3.125 -197.47485 4.97485 -3.125 -195.6934 5.8622
5 24 -3.125 -46.0889 8.6763 -2.25 -46.0889 8.6763 -3.125 -63.4356 10.7947 -3.125 -24.7424 4.8031
5 24 -3.125 -63.4356 10.7947 -2.25 -63.4356 10.7947 -3.125 -80.8759 11.9046 -3.125 -46.0889 8.6763
5 24 -3.125 -80.8759 11.9046 -2.25 -80.8759 11.9046 -3.125 -98.372 12.0023 -3.125 -63.4356 10.7947
5 24 -3.125 -98.372 12.0023 -2.25 -98.372 12.0023 -3.125 -117.4749 10.9474 -3.125 -80.8759 11.9046
5 24 -3.125 -117.4749 10.9474 -2.25 -117.4749 10.9474 -3.125 -136.493 8.6792 -3.125 -98.372 12.0023
5 24 -3.125 -136.493 8.6792 -2.25 -136.493 8.6792 -3.125 -155.3287 5.2082 -3.125 -117.4749 10.9474
5 24 -3.125 -155.3287 5.2082 -2.25 -155.3287 5.2082 -3.125 -173.906 .5482 -3.125 -136.493 8.6792
5 24 -3.125 -173.906 .5482 -2.25 -173.906 .5482 -3.125 -181.0999 -1.7507 -3.125 -155.3287 5.2082
5 24 -3.125 -195.5219 -.8962 -2.25 -195.5219 -.8962 -3.125 -196.33945 -.73365 -3.125 -181.0999 -1.7507
5 24 -3.125 -196.33945 -.73365 -2.25 -196.33945 -.73365 -3.125 -197.47485 .02515 -3.125 -195.5219 -.8962
0 // Sloped blade
0 // Faces
3 16 -.8 -32 -9.125 -2.302 -30.847 -2.769 -.9949 -14.25 -8.3
3 16 -.8 -32 -9.125 -2.4943 -36.3827 -.9236 -2.302 -30.847 -2.769
4 16 -.8 -32 -9.125 -.8 -48.339 -6.1604 -2.5303 -36.7071 -.7071 -2.4943 -36.3827 -.9236
3 16 -.8 -48.339 -6.1604 -2.5956 -36.9236 -.3827 -2.5303 -36.7071 -.7071
4 16 -3.125 -46.839 3.7307 -2.6799 -37 0 -2.5956 -36.9236 -.3827 -.8 -48.339 -6.1604
3 16 -3.125 -46.839 3.7307 -2.7707 -36.9236 .3827 -2.6799 -37 0
3 16 -3.125 -46.839 3.7307 -2.8539 -36.7071 .7071 -2.7707 -36.9236 .3827
3 16 -3.125 -46.839 3.7307 -2.9168 -36.3827 .9236 -2.8539 -36.7071 .7071
3 16 -3.125 -46.839 3.7307 -3.125 -34.615 1.5128 -2.9168 -36.3827 .9236
4 16 -.8 -48.339 -6.1604 -.8 -64.8223 -4.1474 -3.125 -63.8978 5.814 -3.125 -46.839 3.7307
4 16 -.8 -64.8223 -4.1474 -.8 -81.3945 -3.0927 -3.125 -81.0487 6.9055 -3.125 -63.8978 5.814
4 16 -.8 -81.3945 -3.0927 -.8 -98 -3 -3.125 -98.248 7.0015 -3.125 -81.0487 6.9055
4 16 -.8 -98 -3 -.8 -116.1718 -4.0035 -3.125 -117.0405 5.9638 -3.125 -98.248 7.0015
4 16 -.8 -116.1718 -4.0035 -.8 -134.2433 -6.1588 -3.125 -135.7431 3.7332 -3.125 -117.0405 5.9638
4 16 -.8 -134.2433 -6.1588 -.8 -152.1415 -9.4571 -3.125 -154.2663 .3198 -3.125 -135.7431 3.7332
4 16 -.8 -152.1415 -9.4571 -.8 -169.7941 -13.8851 -3.125 -172.5354 -4.2629 -3.125 -154.2663 .3198
4 16 -.8 -169.7941 -13.8851 -.8 -187.13 -19.425 -3.125 -180.4654 -6.7971 -3.125 -172.5354 -4.2629
4 16 -.8 -187.13 -19.425 -.8 -200.1174 -18.6555 -3.125 -198.5797 -5.7238 -3.125 -180.4654 -6.7971
4 16 -.8 -200.1174 -18.6555 -.8 -212.9231 -16.3579 -3.125 -209.8692 -3.6982 -3.125 -198.5797 -5.7238
4 16 -.8 -212.9231 -16.3579 -.8 -225.368 -12.5642 -3.125 -220.8405 -.3538 -3.125 -209.8692 -3.6982
4 16 -.8 -225.368 -12.5642 -.8 -237.2778 -7.3276 -3.125 -231.3402 4.2628 -3.125 -220.8405 -.3538
3 16 -.8 -237.2778 -7.3276 -3.125 -234.6522 6.215 -3.125 -231.3402 4.2628
4 16 -.8 -237.2778 -7.3276 -.8 -248.4859 -.7213 -2.5836 -242.9091 7.5678 -3.125 -234.6522 6.215
4 16 -.8 -248.4859 -.7213 -1.9979 -248.4962 7.712 -2.5085 -243.7897 7.712 -2.5836 -242.9091 7.5678
4 16 -.8 -248.4859 -.7213 -1.1497 -254.4692 6.3044 -1.4138 -253.1716 7.1716 -1.9979 -248.4962 7.712
3 16 -.8 -248.4859 -.7213 -.9403 -256 6 -1.1497 -254.4692 6.3044
3 16 -.8 -248.4859 -.7213 -.8175 -257.5308 6.3044 -.9403 -256 6
3 16 -.8 -248.4859 -.7213 -.8 -258.8284 7.1716 -.8175 -257.5308 6.3044
0 // Edges
2 24 -.8 -187.13 -19.425 -3.125 -180.4654 -6.7971
0 // Conditional lines
5 24 -.8 -32 -9.125 -2.302 -30.847 -2.769 -.8 -48.339 -6.1604 -.9949 -14.25 -8.3
5 24 -.8 -48.339 -6.1604 -3.125 -46.839 3.7307 -.8 -64.8223 -4.1474 -.8 -32 -9.125
5 24 -.8 -64.8223 -4.1474 -3.125 -63.8978 5.814 -.8 -81.3945 -3.0927 -.8 -48.339 -6.1604
5 24 -.8 -81.3945 -3.0927 -3.125 -81.0487 6.9055 -.8 -98 -3 -.8 -64.8223 -4.1474
5 24 -.8 -98 -3 -3.125 -98.248 7.0015 -.8 -116.1718 -4.0035 -.8 -81.3945 -3.0927
5 24 -.8 -116.1718 -4.0035 -3.125 -117.0405 5.9638 -.8 -134.2433 -6.1588 -.8 -98 -3
5 24 -.8 -134.2433 -6.1588 -3.125 -135.7431 3.7332 -.8 -152.1415 -9.4571 -.8 -116.1718 -4.0035
5 24 -.8 -152.1415 -9.4571 -3.125 -154.2663 .3198 -.8 -169.7941 -13.8851 -.8 -134.2433 -6.1588
5 24 -.8 -169.7941 -13.8851 -3.125 -172.5354 -4.2629 -.8 -187.13 -19.425 -.8 -152.1415 -9.4571
5 24 -.8 -200.1174 -18.6555 -3.125 -198.5797 -5.7238 -.8 -212.9231 -16.3579 -.8 -187.13 -19.425
5 24 -.8 -212.9231 -16.3579 -3.125 -209.8692 -3.6982 -.8 -225.368 -12.5642 -.8 -200.1174 -18.6555
5 24 -.8 -225.368 -12.5642 -3.125 -220.8405 -.3538 -.8 -237.2778 -7.3276 -.8 -212.9231 -16.3579
5 24 -.8 -237.2778 -7.3276 -3.125 -231.3402 4.2628 -.8 -248.4859 -.7213 -.8 -225.368 -12.5642
5 24 -.8 -248.4859 -.7213 -2.5836 -242.9091 7.5678 -.8 -258.8284 7.1716 -.8 -237.2778 -7.3276
0 // Flat blade
0 // Faces
3 16 -3.125 -15.6131 12.8202 -3.125 -9.75 8.3 -3.125 -14.25 8.3
4 16 -3.125 -15.6131 12.8202 -3.125 -14.25 8.3 -3.125 -15.6821 7.8227 -3.125 -18.6855 10.1382
4 16 -3.125 -15.6131 12.8202 -3.125 -18.6855 10.1382 -3.125 -21.6155 15.24 -3.125 -19.3 19.24
4 16 -3.125 -180.4 19.24 -3.125 -19.3 19.24 -3.125 -21.6155 15.24 -3.125 -178.8704 15.24
4 16 -3.125 -180.4 19.24 -3.125 -178.8704 15.24 -3.125 -183.4904 11.1015 -3.125 -185.8084 14.3952
4 16 -3.125 -185.8084 14.3952 -3.125 -183.4904 11.1015 -3.125 -190.705 7.1974 -3.125 -192.1944 10.9395
4 16 -3.125 -199.2085 9.0621 -3.125 -192.1944 10.9395 -3.125 -190.705 7.1974 -3.125 -195.6934 5.8622
4 16 -3.125 -199.2085 9.0621 -3.125 -195.6934 5.8622 -3.125 -196.33945 5.73365 -3.125 -198.5 6
4 16 -3.125 -199.2085 9.0621 -3.125 -198.5 6 -3.125 -198.5 2.5 -3.125 -207.9986 8.107
4 16 -3.125 -207.9986 8.107 -3.125 -198.5 2.5 -3.125 -198.5 -1 -3.125 -216.8347 7.7881
4 16 -3.125 -46.839 3.7307 -3.125 -46.0889 8.6763 -3.125 -24.7424 4.8031 -3.125 -34.615 1.5128
4 16 -3.125 -63.8978 5.814 -3.125 -63.4356 10.7947 -3.125 -46.0889 8.6763 -3.125 -46.839 3.7307
4 16 -3.125 -81.0487 6.9055 -3.125 -80.8759 11.9046 -3.125 -63.4356 10.7947 -3.125 -63.8978 5.814
4 16 -3.125 -98.248 7.0015 -3.125 -98.372 12.0023 -3.125 -80.8759 11.9046 -3.125 -81.0487 6.9055
4 16 -3.125 -117.0405 5.9638 -3.125 -117.4749 10.9474 -3.125 -98.372 12.0023 -3.125 -98.248 7.0015
4 16 -3.125 -135.7431 3.7332 -3.125 -136.493 8.6792 -3.125 -117.4749 10.9474 -3.125 -117.0405 5.9638
4 16 -3.125 -154.2663 .3198 -3.125 -155.3287 5.2082 -3.125 -136.493 8.6792 -3.125 -135.7431 3.7332
4 16 -3.125 -172.5354 -4.2629 -3.125 -173.906 .5482 -3.125 -155.3287 5.2082 -3.125 -154.2663 .3198
4 16 -3.125 -180.4654 -6.7971 -3.125 -181.0999 -1.7507 -3.125 -173.906 .5482 -3.125 -172.5354 -4.2629
4 16 -3.125 -198.5797 -5.7238 -3.125 -195.5219 -.8962 -3.125 -181.0999 -1.7507 -3.125 -180.4654 -6.7971
4 16 -3.125 -198.5797 -5.7238 -3.125 -198.5 -1 -3.125 -196.33945 -.73365 -3.125 -195.5219 -.8962
4 16 -3.125 -198.5797 -5.7238 -3.125 -209.8692 -3.6982 -3.125 -216.8347 7.7881 -3.125 -198.5 -1
4 16 -3.125 -230.0784 8.5057 -3.125 -216.8347 7.7881 -3.125 -209.8692 -3.6982 -3.125 -220.8405 -.3538
4 16 -3.125 -230.0784 8.5057 -3.125 -220.8405 -.3538 -3.125 -231.3402 4.2628 -3.125 -234.6522 6.215
4 16 -3.125 -230.0784 8.5057 -3.125 -234.6522 6.215 -3.125 -243.7897 7.712 -3.125 -243.167 10.65
4 16 -3.125 -256 14 -3.125 -243.167 10.65 -3.125 -243.7897 7.712 -3.125 -248.4962 7.712
3 16 -3.125 -256 14 -3.125 -248.4962 7.712 -3.125 -253.1716 7.1716
4 16 -3.125 -256 14 -3.125 -253.1716 7.1716 -3.125 -254.4692 6.3044 -3.125 -256 6
4 16 -3.125 -256 14 -3.125 -256 6 -3.125 -257.5308 6.3044 -3.125 -258.8284 7.1716
3 16 -3.125 -256 14 -3.125 -258.8284 7.1716 -3.125 -259.6956 8.4692
0 // Edges
2 24 -3.125 -34.615 1.5128 -3.125 -46.839 3.7307
2 24 -3.125 -46.839 3.7307 -3.125 -63.8978 5.814
2 24 -3.125 -63.8978 5.814 -3.125 -81.0487 6.9055
2 24 -3.125 -81.0487 6.9055 -3.125 -98.248 7.0015
2 24 -3.125 -98.248 7.0015 -3.125 -117.0405 5.9638
2 24 -3.125 -117.0405 5.9638 -3.125 -135.7431 3.7332
2 24 -3.125 -135.7431 3.7332 -3.125 -154.2663 .3198
2 24 -3.125 -154.2663 .3198 -3.125 -172.5354 -4.2629
2 24 -3.125 -172.5354 -4.2629 -3.125 -180.4654 -6.7971
2 24 -3.125 -180.4654 -6.7971 -3.125 -198.5797 -5.7238
2 24 -3.125 -198.5797 -5.7238 -3.125 -209.8692 -3.6982
2 24 -3.125 -209.8692 -3.6982 -3.125 -220.8405 -.3538
2 24 -3.125 -220.8405 -.3538 -3.125 -231.3402 4.2628
2 24 -3.125 -231.3402 4.2628 -3.125 -234.6522 6.215
0 // Tip faces
0 // Faces
3 16 -3.125 -243.7897 7.712 -3.125 -234.6522 6.215 -2.5836 -242.9091 7.5678
3 16 -3.125 -243.7897 7.712 -2.5836 -242.9091 7.5678 -2.5085 -243.7897 7.712
4 16 -3.125 -243.7897 7.712 -2.5085 -243.7897 7.712 -1.9979 -248.4962 7.712 -3.125 -248.4962 7.712
4 16 -3.125 -253.1716 7.1716 -3.125 -248.4962 7.712 -1.9979 -248.4962 7.712 -1.4138 -253.1716 7.1716
4 16 -3.125 -253.1716 7.1716 -1.4138 -253.1716 7.1716 -1.1497 -254.4692 6.3044 -3.125 -254.4692 6.3044
4 16 -3.125 -256 6 -3.125 -254.4692 6.3044 -1.1497 -254.4692 6.3044 -.9403 -256 6
4 16 -3.125 -256 6 -.9403 -256 6 -.8175 -257.5308 6.3044 -3.125 -257.5308 6.3044
4 16 -3.125 -258.8284 7.1716 -3.125 -257.5308 6.3044 -.8175 -257.5308 6.3044 -.8 -258.8284 7.1716
3 16 -3.125 -258.8284 7.1716 -.8 -258.8284 7.1716 -3.125 -259.6956 8.4692
0 // Edges
2 24 -3.125 -234.6522 6.215 -2.5836 -242.9091 7.5678
2 24 -2.5836 -242.9091 7.5678 -2.5085 -243.7897 7.712
2 24 -2.5085 -243.7897 7.712 -1.9979 -248.4962 7.712
2 24 -1.9979 -248.4962 7.712 -1.4138 -253.1716 7.1716
2 24 -1.4138 -253.1716 7.1716 -1.1497 -254.4692 6.3044
2 24 -1.1497 -254.4692 6.3044 -.9403 -256 6
2 24 -.9403 -256 6 -.8175 -257.5308 6.3044
2 24 -1.4138 -253.1716 7.1716 -3.125 -253.1716 7.1716
2 24 -3.125 -234.6522 6.215 -3.125 -243.7897 7.712
2 24 -3.125 -243.7897 7.712 -3.125 -248.4962 7.712
2 24 -3.125 -248.4962 7.712 -3.125 -253.1716 7.1716
2 24 -3.125 -253.1716 7.1716 -3.125 -254.4692 6.3044
2 24 -3.125 -254.4692 6.3044 -3.125 -256 6
2 24 -3.125 -256 6 -3.125 -257.5308 6.3044
2 24 -3.125 -257.5308 6.3044 -3.125 -258.8284 7.1716
2 24 -3.125 -258.8284 7.1716 -3.125 -259.6956 8.4692
0 // Conditional lines
5 24 -3.125 -243.7897 7.712 -2.5085 -243.7897 7.712 -3.125 -248.4962 7.712 -3.125 -234.6522 6.215
5 24 -3.125 -248.4962 7.712 -1.9979 -248.4962 7.712 -3.125 -253.1716 7.1716 -3.125 -243.7897 7.712
5 24 -3.125 -254.4692 6.3044 -1.1497 -254.4692 6.3044 -3.125 -256 6 -3.125 -253.1716 7.1716
5 24 -3.125 -256 6 -.9403 -256 6 -3.125 -257.5308 6.3044 -3.125 -254.4692 6.3044
5 24 -3.125 -257.5308 6.3044 -.8175 -257.5308 6.3044 -3.125 -258.8284 7.1716 -3.125 -256 6
5 24 -3.125 -258.8284 7.1716 -.8 -258.8284 7.1716 -3.125 -259.6956 8.4692 -3.125 -257.5308 6.3044
