0 ~Motor Inertia Flywheel  4 x  6 x  2 Housing Quarter
0 Name: s\15103s01.dat
0 Author: Magnus Forsberg [MagFors]
0 !LDRAW_ORG Unofficial_Subpart 
0 !LICENSE Redistributable under CCAL version 2.0 : see CAreadme.txt

0 BFC CERTIFY CCW


1 16 30 0 30 0 -1 0 1 0 0 0 0 1 peghole.dat
0 BFC INVERTNEXT
1 16 28 0 30 0 -16 0 6 0 0 0 0 6 4-4cyli.dat
1 16 30 0 30 0 -1 0 1 0 0 0 0 1 2-4ring8.dat
1 16 30 0 30 0 -10 0 9 0 0 0 0 9 2-4cylo.dat
1 16 12 0 30 0 2 0 9 0 0 0 0 9 2-4cylo.dat
1 16 20 0 30 0 -1 0 9 0 0 0 0 9 2-4ndis.dat
1 16 14 0 30 0 1 0 9 0 0 0 0 9 2-4ndis.dat

1 16 12 0 30 0 1 0 3 0 0 0 0 3 2-4ring2.dat
1 16 12 0 30 0 1 0 6 0 0 0 0 6 4-4edge.dat
1 16 12 0 30 0 1 0 6 0 0 0 0 -6 2-4ndis.dat
1 16 30 0 30 0 -1 0 8 0 0 0 0 -8 2-4ndis.dat

2 24 12 -9 30 12 -9 20
2 24 12 9 30 12 9 20
4 16 12 -9 30 12 -6 30 12 -6 24 12 -9 20
4 16 12 -9 20 12 -6 24 12 6 24 12 9 20
1 16 11 0 20 0 0 -1 9 0 0 0 -1 0 rect.dat
4 16 12 9 20 12 6 24 12 6 30 12 9 30
4 16 12 -9 20 14 -9 22 14 -9 30 12 -9 30
3 16 26 -9 22 30 -9 30 20 -9 30
4 16 14 -9 30 14 -9 22 26 -9 22 20 -9 30
4 16 14 9 18 12 9 20 12 9 30 14 9 22
4 16 12 9 30 30 9 30 26 9 22 14 9 22
4 16 30 9 18 26 9 18 26 9 22 30 9 30

1 16 0 -10 50 0 0 9 0 20 0 9 0 0 1-8cylo.dat
1 16 0 -10 50 0 0 9 0 20 0 -9 0 0 1-8cylo.dat
1 16 0 -10 50 0 0 3 0 1 0 3 0 0 1-8ring2.dat
1 16 0 -10 50 0 0 3 0 1 0 -3 0 0 1-8ring2.dat
1 16 0 10 50 0 0 3 0 -1 0 3 0 0 1-8ring2.dat
1 16 0 10 50 0 0 3 0 -1 0 -3 0 0 1-8ring2.dat
0 BFC INVERTNEXT
1 16 13 -9 45 1 0 0 0 18 0 0 0 1 8\1-4cylo.dat
1 16 13 -9 45 1 0 0 0 1 0 0 0 1 8\1-4ndis.dat
1 16 13 9 45 1 0 0 0 -1 0 0 0 1 8\1-4ndis.dat
1 16 13 -9 47 7 0 0 0 18 0 0 0 7 1-4cylo.dat
1 16 13 -9 47 7 0 0 0 1 0 0 0 7 1-4chrd.dat
1 16 13 9 47 7 0 0 0 -1 0 0 0 7 1-4chrd.dat
0 BFC INVERTNEXT
1 16 11 -9 50 0 0 1 0 18 0 -1 0 0 8\2-4cylo.dat
1 16 11 -9 50 0 0 1 0 1 0 -1 0 0 8\2-4ndis.dat
1 16 11 9 50 0 0 1 0 -1 0 -1 0 0 8\2-4ndis.dat

2 24 20 -9 30 20 -9 47
2 24 14 -9 30 14 -9 45
2 24 14 9 30 14 9 45
2 24 20 9 30 20 9 47
4 16 20 9 30 14 9 30 14 9 46 20 9 47
4 16 20 9 39 20 9 47 20 -9 47 20 -9 39
4 16 20 -9 30 20 -9 47 14 -9 46 14 -9 30
4 16 13 -9 46 14 -9 46 20 -9 47 13 -9 54
4 16 20 9 47 14 9 46 13 9 46 13 9 54
4 16 14 -9 45 14 9 45 14 9 39 14 -9 39
2 24 5.8012 -10 49 8.8012 -10 49
2 24 5.8012 -10 51 8.8012 -10 51
2 24 6.3639 -10 43.6361 8.3151 -10 46.5557
2 24 6.3639 -10 56.3639 8.3151 -10 53.4443
2 24 7.9437 -9 46 8.3151 -9 46.5557
2 24 8.3151 -9 53.4443 7.9437 -9 54

3 16 7.9437 -9 46 13 -9 46 8.3151 -9 46.5557
4 16 11 -9 49 8.8012 -9 49 8.3151 -9 46.5557 13 -9 46
3 16 11 -9 49 13 -9 46 12 -9 49
4 16 12 -9 49 13 -9 46 13 -9 54 12 -9 51
3 16 13 -9 54 7.9437 -9 54 8.3151 -9 53.4443
4 16 13 -9 54 8.3151 -9 53.4443 8.8012 -9 51 11 -9 51
3 16 11 -9 51 12 -9 51 13 -9 54
4 16 6.3639 -10 43.6361 7.9437 -9 46 8.3151 -9 46.5557 8.3151 -10 46.5557
1 16 8.55815 -9.5 47.77785 0 -1 .24305 .5 0 0 0 0 1.22215 rect3.dat
1 16 8.55815 -9.5 52.22215 0 -1 .24305 -.5 0 0 0 0 -1.22215 rect3.dat
4 16 6.3639 -10 56.3639 8.3151 -10 53.4443 8.3151 -9 53.4443 7.9437 -9 54
4 16 5.543 -10 52.296 8.3151 -10 53.4443 6.3639 -10 56.3639 4.2426 -10 54.2426
4 16 8.3151 -10 53.4443 5.543 -10 52.296 5.8012 -10 51 8.8012 -10 51
4 16 8.3151 -10 46.5557 8.8012 -10 49 5.8012 -10 49 5.543 -10 47.704
4 16 6.3639 -10 43.6361 8.3151 -10 46.5557 5.543 -10 47.704 4.2426 -10 45.7574
3 16 8.8012 -10 51 5.8012 -10 51 8.8012 -9 51
3 16 5.8012 -10 49 8.8012 -10 49 8.8012 -9 49

2 24 5.8012 10 49 8.8012 10 49
2 24 5.8012 10 51 8.8012 10 51
2 24 6.3639 10 43.6361 8.3151 10 46.5557
2 24 6.3639 10 56.3639 8.3151 10 53.4443
2 24 7.9437 9 46 8.3151 9 46.5557
2 24 8.3151 9 53.4443 7.9437 9 54
3 16 13 9 46 7.9437 9 46 8.3151 9 46.5557
4 16 8.3151 9 46.5557 8.8012 9 49 11 9 49 13 9 46
3 16 13 9 46 11 9 49 12 9 49
4 16 13 9 54 13 9 46 12 9 49 12 9 51
3 16 7.9437 9 54 13 9 54 8.3151 9 53.4443
4 16 8.8012 9 51 8.3151 9 53.4443 13 9 54 11 9 51
3 16 12 9 51 11 9 51 13 9 54
4 16 8.3151 9 46.5557 7.9437 9 46 6.3639 10 43.6361 8.3151 10 46.5557
1 16 8.55815 9.5 47.77785 0 -1 .24305 .5 0 0 0 0 1.22215 rect3.dat
1 16 8.55815 9.5 52.22215 0 -1 .24305 -.5 0 0 0 0 -1.22215 rect3.dat
4 16 8.3151 9 53.4443 8.3151 10 53.4443 6.3639 10 56.3639 7.9437 9 54
4 16 6.3639 10 56.3639 8.3151 10 53.4443 5.543 10 52.296 4.2426 10 54.2426
4 16 5.8012 10 51 5.543 10 52.296 8.3151 10 53.4443 8.8012 10 51
4 16 5.8012 10 49 8.8012 10 49 8.3151 10 46.5557 5.543 10 47.704
4 16 5.543 10 47.704 8.3151 10 46.5557 6.3639 10 43.6361 4.2426 10 45.7574
3 16 5.8012 10 51 8.8012 10 51 8.8012 9 51
3 16 8.8012 10 49 5.8012 10 49 8.8012 9 49
1 16 5.7016 0 51.5 0 1 .0996 10 0 0 0 0 -.5 rect.dat
4 16 8.8012 -9 51 5.8012 -10 51 5.8012 10 51 8.8012 9 51
1 16 9.9006 0 51 1.0994 0 0 0 0 -9 0 1 0 rect2p.dat
1 16 9.9006 0 49 -1.0994 0 0 0 0 -9 0 -1 0 rect2p.dat
4 16 8.8012 -9 49 8.8012 9 49 5.8012 10 49 5.8012 -10 49
1 16 5.7016 0 48.5 .0996 1 0 0 0 10 .5 0 0 rect.dat
4 16 6.3639 10 56.3639 6.3639 -10 56.3639 7.9437 -9 54 7.9437 9 54
1 16 10.47185 0 54 0 0 -2.52815 9 0 0 0 -1 0 rect3.dat
4 16 6.3639 10 43.6361 7.9437 9 46 7.9437 -9 46 6.3639 -10 43.6361
1 16 10.47185 0 46 0 0 -2.52815 -9 0 0 0 1 0 rect3.dat
2 24 30 9 30 30 9 18
2 24 10 9 18 10 9 20
2 24 14 9 18 10 9 18
2 24 30 9 18 26 9 18
4 16 30 -8 22 30 -8 30 30 -9 30 30 -9 10
4 16 30 9 18 30 9 30 30 8 30 30 8 22
4 16 10 9 20 12 9 20 14 9 18 10 9 18
3 16 10 -9 20 10 9 20 10 9 18

0 // rip cord hole
1 16 20 20 16.68 6 0 0 0 0 6 0 -1 -.72 2-4edge.dat
1 16 20 20 16.68 10 0 0 0 0 10 0 -1 -1.2 2-4edge.dat
2 24 10 9 18 10 20 16.68
2 24 14 20 16.68 14 9 18
2 24 26 9 18 26 20 16.68
2 24 30 20 16.68 30 9 18
1 16 20 20 16.68 2 0 0 0 0 2 0 -1 -.24 2-4ring3.dat
1 16 20 20 16.68 2 0 0 0 0 2 0 -1 -.24 2-4ring4.dat
0 BFC INVERTNEXT
1 16 20 20 15.96 0 0 6 6 0 0 0 .72 0 1-4cyls.dat
0 BFC INVERTNEXT
1 16 20 20 15.96 0 0 -6 6 0 0 0 .72 0 1-4cyls.dat
1 16 20 20 15.48 0 0 10 10 0 0 0 1.2 0 1-4cyls.dat
1 16 20 20 15.48 0 0 -10 10 0 0 0 1.2 0 1-4cyls.dat

0 // axle centre
1 16 30 12 0 0 -1 0 -8.31492 0 3.44415 3.44415 0 8.31492 5-16edge.dat
1 16 30 12 0 0 7 0 -8.31492 0 3.44415 3.44415 0 8.31492 5-16cyli.dat
1 16 30 12 0 0 -1 0 -8.31492 0 3.44415 3.44415 0 8.31492 1-4ndis.dat
4 16 37 20.3151 3.4443 37 9.5 2.7839 37 9.5 3.9158 37 20.00007 3.91585
1 16 33.5 9.5 3.34985 0 0 3.5 0 -1 0 .56595 0 0 rect.dat
1 16 33.5 14.75 3.9158 -3.5 0 0 0 0 5.25 0 1 0 rect3.dat
1 16 33.5 6.59255 3.11405 3.5 0 0 0 0 -2.90745 0 1 .33015 rect2a.dat
2 24 37 20.00007 3.91585 37 20.3151 3.4443
2 24 30 -9 10 30 -9 30
2 24 26 -9 10 26 -9 22
2 24 14 -9 10 14 -9 22
2 24 10 -9 10 10 -9 20
1 16 20 -6 22 0 0 6 3 0 0 0 1 0 rect.dat
4 16 14 -3 22 14 -9 22 14 -9 10 14 6 18
1 16 20 1.5 20 -6 0 0 0 0 4.5 0 1 -2 rect3.dat
1 16 20 6 20 -6 0 0 0 -1 0 0 0 2 rect3.dat
1 16 20 7.5 22 -6 0 0 0 0 1.5 0 1 0 rect3.dat
1 16 26 7.5 20 0 1 0 1.5 0 0 0 0 -2 rect1.dat
1 16 14 7.5 20 0 -1 0 1.5 0 0 0 0 2 rect1.dat
4 16 14 6 18 14 -9 10 14 3.6851 10 14 9 18
4 16 26 -9 10 26 -9 22 26 -3 22 26 3.6851 10
4 16 30 -9 30 26 -9 22 26 -9 10 30 -9 10
1 16 28 -2.65745 10 -2 0 0 0 0 6.34255 0 1 0 rect.dat
1 16 28 3.6851 6.7221 -2 0 0 0 1 0 0 0 -3.2779 rect3.dat
4 16 12 -9 20 10 -9 20 10 -9 10 14 -9 10
1 16 12 -2.65745 10 0 0 -2 -6.34255 0 0 0 1 0 rect.dat
4 16 10 3.6851 10 10 -9 10 10 -9 20 10 9 18
3 16 14 -9 10 14 -9 22 12 -9 20
3 16 26 3.6851 10 26 -3 22 26 6 18
3 16 12 20 16.68 14 9 18 14 20 16.68
3 16 28 20 16.68 26 20 16.68 26 9 18
4 16 26 9 18 30 9 18 30 20 16.68 28 20 16.68
4 16 10 9 18 14 9 18 12 20 16.68 10 20 16.68
4 16 10 20 15.48 10 3.6851 10 10 9 18 10 20 16.68
4 16 14 20 16.68 14 9 18 14 3.6851 10 14 20 15.96
4 16 26 20 15.96 26 3.6851 3.4442 26 9 18 26 20 16.68
4 16 26 9 18 26 3.6851 3.4442 26 3.6851 10 26 6 18
4 16 30 7.1292 11.7591 30 20 15.48 30 20 16.68 30 9 18
4 16 30 7.1292 11.7591 30 9 18 30 8 22 30 0 22
4 16 30 3.6851 10 30 7.1292 11.7591 30 0 22 30 -8 22
3 16 30 -9 10 30 3.6851 10 30 -8 22
3 16 30 3.6851 3.4442 30 7.1292 11.7591 30 3.6851 10
3 16 30 15.4442 8.3149 30 20 15.48 30 7.1292 11.7591
3 16 30 15.4442 8.3149 30 18.3642 6.3641 30 20 15.48
3 16 30 18.3642 6.3641 30 20 3.9158 30 20 15.48
1 16 33.5 19.18202 5.1399 -3.5 0 0 0 -1 -.81805 0 0 1.22405 rect1.dat
2 24 26 3.6851 3.4442 26 12 2.5
0 BFC INVERTNEXT
1 16 10 12 0 0 4 0 8 0 0 0 0 8 1-4cylo.dat
1 16 10 12 0 0 1 0 8 0 0 0 0 8 1-4ndis.dat
1 16 14 12 0 0 -1 0 8 0 0 0 0 8 1-4ndis.dat
3 16 10 20 8 10 12 8 10 20 15.48
4 16 10 3.6851 8 10 3.6851 10 10 20 15.48 10 12 8
1 16 12 3.6851 9 -2 0 0 0 1 0 0 0 -1 rect3.dat
1 16 12 7.84255 8 0 0 2 4.15745 0 0 0 1 0 rect2p.dat
4 16 14 3.6851 10 14 3.6851 8 14 12 8 14 20 15.96
3 16 14 20 8 14 20 15.96 14 12 8
0 BFC INVERTNEXT
1 16 30 12 0 0 -4 0 2.5 0 0 0 0 2.5 1-4cylo.dat
1 16 30 12 0 0 -1 0 2.5 0 0 0 0 2.5 1-4ndis.dat
1 16 26 12 0 0 1 0 2.5 0 0 0 0 2.5 1-4ndis.dat
4 16 30 3.6851 3.4442 26 3.6851 3.4442 26 12 2.5 30 9.5 2.7839
3 16 30 12 2.5 30 9.5 2.7839 26 12 2.5
4 16 26 20 15.96 26 14.5 2.5 26 12 2.5 26 3.6851 3.4442
4 16 30 20 3.9158 30 9.5 3.9158 30 9.5 2.7839 30 12 2.5
3 16 30 12 2.5 30 14.5 2.5 30 20 3.9158
3 16 30 14.5 2.5 30 14.5 0 30 20 3.9158
2 24 30 9.5 2.7839 30 12 2.5
5 24 8.3151 -9 46.5557 8.3151 -10 46.5557 6.3639 -10 43.6361 8.8012 -10 49
5 24 8.3151 -10 53.4443 8.3151 -9 53.4443 6.3639 -10 56.3639 8.8012 -9 51
5 24 8.3151 10 46.5557 8.3151 9 46.5557 7.9437 9 46 8.8012 9 49
5 24 8.3151 9 53.4443 8.3151 10 53.4443 6.3639 10 56.3639 8.8012 10 51
5 24 6.3639 10 56.3639 6.3639 -10 56.3639 7.9437 -9 54 3.4443 -10 58.3151
5 24 6.3639 -10 43.6361 6.3639 10 43.6361 7.9437 9 46 3.4443 -10 41.6849
5 24 37 18.3642 6.36408 30 18.3642 6.36408 30 15.4442 8.31492 37 20.0001 3.91585
1 16 37 12 0 0 -1 0 -9 0 0 0 0 9 1-16edge.dat
1 16 37 12 0 0 1 0 -9 0 0 0 0 9 1-16chrd.dat
1 16 37 12 0 0 -1 0 9 0 0 0 0 9 1-4edge.dat
1 16 37 12 0 0 1 0 9 0 0 0 0 9 1-16chrd.dat
3 16 37 9.5 2.7839 37 20.3151 3.4443 37 21 0
4 16 37 3.6849 3.4443 37 9.5 2.7839 37 21 0 37 3 0
