0 ~Sticker  1.4 x  5.3 Cutout Rhombus with Yellow Top (Formed) - Half
0 Name: s\165395fc01s01.dat
0 Author: Takeshi Takahashi [RainbowDolphin]
0 !LDRAW_ORG Unofficial_Subpart 
0 !LICENSE Redistributable under CCAL version 2.0 : see CAreadme.txt

0 BFC CERTIFY CCW


0 // 1st face
4 16 -2 -9 0 -1.8478 -9.4877 -.7654 -1.8478 9.4877 -.7654 -2 9 0
4 14 -2.2452 -9 0 -2.2452 9 0 -2.0744 9.4877 -.8593 -2.0744 -9.4877 -.8593
3 16 -1.8478 9.4877 -.7654 -2.0744 9.4877 -.8593 -2.2452 9 0
3 16 -2.2452 9 0 -2 9 0 -1.8478 9.4877 -.7654
3 16 -2.2452 -9 0 -2.0744 -9.4877 -.8593 -1.8478 -9.4877 -.7654
3 16 -1.8478 -9.4877 -.7654 -2 -9 0 -2.2452 -9 0

0 // 2nd face
4 16 -1.4142 -9.9754 -1.4142 -1.4142 9.9754 -1.4142 -1.8478 9.4877 -.7654 -1.8478 -9.4877 -.7654
4 14 -2.0744 9.4877 -.8593 -1.5876 10.0019 -1.5876 -1.5876 -10.0019 -1.5876 -2.0744 -9.4877 -.8593
3 16 -1.4142 9.9754 -1.4142 -1.5876 10.0019 -1.5876 -2.0744 9.4877 -.8593
3 16 -2.0744 9.4877 -.8593 -1.8478 9.4877 -.7654 -1.4142 9.9754 -1.4142
3 16 -1.4142 -9.9754 -1.4142 -1.8478 -9.4877 -.7654 -2.0744 -9.4877 -.8593
3 16 -2.0744 -9.4877 -.8593 -1.5876 -10.0019 -1.5876 -1.4142 -9.9754 -1.4142

0 // 3rd face
4 16 -.7654 -10.4631 -1.8477 -.7654 10.4631 -1.8477 -1.4142 9.9754 -1.4142 -1.4142 -9.9754 -1.4142
4 14 -.8592 10.5123 -2.0744 -.8592 -10.5123 -2.0744 -1.5876 -10.0019 -1.5876 -1.5876 10.0019 -1.5876
3 16 -.8592 10.5123 -2.0744 -1.5876 10.0019 -1.5876 -.7654 10.4631 -1.8477
3 16 -1.4142 9.9754 -1.4142 -.7654 10.4631 -1.8477 -1.5876 10.0019 -1.5876
3 16 -.7654 -10.4631 -1.8477 -1.4142 -9.9754 -1.4142 -1.5876 -10.0019 -1.5876
3 16 -.7654 -10.4631 -1.8477 -1.5876 -10.0019 -1.5876 -.8592 -10.5123 -2.0744

0 // 4th face
4 16 0 -10.9509 -2 0 10.9509 -2 -.7654 10.4631 -1.8477 -.7654 -10.4631 -1.8477
4 14 -.8592 -10.5123 -2.0744 -.8592 10.5123 -2.0744 0 11.0184 -2.2452 0 -11.0184 -2.2452
3 16 0 11.0184 -2.2452 -.8592 10.5123 -2.0744 0 10.9509 -2
3 16 -.7654 10.4631 -1.8477 0 10.9509 -2 -.8592 10.5123 -2.0744
3 16 0 -10.9509 -2 -.7654 -10.4631 -1.8477 -.8592 -10.5123 -2.0744
3 16 0 -10.9509 -2 -.8592 -10.5123 -2.0744 0 -11.0184 -2.2452

0 // 5th face
4 16 .7654 -11.4386 -1.8478 .7654 11.4386 -1.8478 0 10.9509 -2 0 -10.9509 -2
4 14 0 -11.0184 -2.2452 0 11.0184 -2.2452 .8562 11.5197 -2.0671 .8562 -11.5197 -2.0671
3 16 .8562 11.5197 -2.0671 0 11.0184 -2.2452 .7654 11.4386 -1.8478
3 16 0 10.9509 -2 .7654 11.4386 -1.8478 0 11.0184 -2.2452
3 16 .7654 -11.4386 -1.8478 0 -10.9509 -2 0 -11.0184 -2.2452
3 16 .7654 -11.4386 -1.8478 0 -11.0184 -2.2452 .8562 -11.5197 -2.0671

0 // 6th face
4 16 .7654 11.4386 -1.8478 .7654 -11.4386 -1.8478 1.4142 -11.9263 -1.4142 1.4142 11.9263 -1.4142
4 14 1.5876 12.0145 -1.5876 1.5876 -12.0145 -1.5876 .8562 -11.5197 -2.0671 .8562 11.5197 -2.0671
3 16 1.5876 12.0145 -1.5876 .8562 11.5197 -2.0671 1.4142 11.9263 -1.4142
3 16 .7654 11.4386 -1.8478 1.4142 11.9263 -1.4142 .8562 11.5197 -2.0671
3 16 1.4142 -11.9263 -1.4142 .7654 -11.4386 -1.8478 .8562 -11.5197 -2.0671
3 16 .8562 -11.5197 -2.0671 1.5876 -12.0145 -1.5876 1.4142 -11.9263 -1.4142

0 // 7th face
4 16 1.4142 11.9263 -1.4142 1.4142 -11.9263 -1.4142 1.8478 -12.414 -.7654 1.8478 12.414 -.7654
4 14 2.0678 12.5031 -.8565 2.0678 -12.5031 -.8565 1.5876 -12.0145 -1.5876 1.5876 12.0145 -1.5876
3 16 2.0678 12.5031 -.8565 1.5876 12.0145 -1.5876 1.8478 12.414 -.7654
3 16 1.4142 11.9263 -1.4142 1.8478 12.414 -.7654 1.5876 12.0145 -1.5876
3 16 1.8478 -12.414 -.7654 1.4142 -11.9263 -1.4142 1.5876 -12.0145 -1.5876
3 16 1.8478 -12.414 -.7654 1.5876 -12.0145 -1.5876 2.0678 -12.5031 -.8565

0 // 8th face
4 16 1.8478 12.414 -.7654 1.8478 -12.414 -.7654 1.9239 -12.6579 -.3827 1.9239 12.6579 -.3827
4 16 2.12 -12.9018 -.12 2.12 12.9018 -.12 1.9239 12.6579 -.3827 1.9239 -12.6579 -.3827
4 14 2.0678 12.5031 -.8565 2.1339 12.7426 -.55325 2.1339 -12.7426 -.55325 2.0678 -12.5031 -.8565
4 14 2.3 -12.9821 -.35 2.1339 -12.7426 -.55325 2.1339 12.7426 -.55325 2.3 12.9821 -.35
3 16 2.1339 12.7426 -.55325 2.0678 12.5031 -.8565 1.9239 12.6579 -.3827
3 16 2.3 12.9821 -.35 2.1339 12.7426 -.55325 2.12 12.9018 -.12
3 16 1.9239 12.6579 -.3827 2.12 12.9018 -.12 2.1339 12.7426 -.55325
3 16 1.8478 12.414 -.7654 1.9239 12.6579 -.3827 2.0678 12.5031 -.8565
3 16 1.9239 -12.6579 -.3827 1.8478 -12.414 -.7654 2.0678 -12.5031 -.8565
3 16 1.9239 -12.6579 -.3827 2.0678 -12.5031 -.8565 2.1339 -12.7426 -.55325
3 16 2.1339 -12.7426 -.55325 2.3 -12.9821 -.35 2.12 -12.9018 -.12
3 16 2.1339 -12.7426 -.55325 2.12 -12.9018 -.12 1.9239 -12.6579 -.3827

0 // 9th face (flag body)
4 16 2.12 12.9018 -.12 2.12 -12.9018 -.12 2.4375 -13.17635 0 2.4375 13.17635 0
3 14 3.75 14 -.25 48.75 0 -.25 3.75 -14 -.25
4 14 3.75 -14 -.25 2.5875 -13.236575 -.25 2.5875 13.236575 -.25 3.75 14 -.25
4 14 2.5875 -13.236575 -.25 2.3 -12.9821 -.35 2.3 12.9821 -.35 2.5875 13.236575 -.25
3 16 2.5875 13.236575 -.25 2.3 12.9821 -.35 2.4375 13.17635 0
3 16 3.75 14 -.25 2.5875 13.236575 -.25 3.75 14 0
3 16 2.4375 13.17635 0 3.75 14 0 2.5875 13.236575 -.25
3 16 2.12 12.9018 -.12 2.4375 13.17635 0 2.3 12.9821 -.35
4 16 3.75 -14 0 3.75 -14 -.25 48.75 0 -.25 48.75 0 0
4 16 3.75 14 -.25 3.75 14 0 48.75 0 0 48.75 0 -.25
3 16 2.5875 -13.236575 -.25 3.75 -14 -.25 3.75 -14 0
3 16 2.5875 -13.236575 -.25 3.75 -14 0 2.4375 -13.17635 0
3 16 2.4375 -13.17635 0 2.12 -12.9018 -.12 2.3 -12.9821 -.35
3 16 2.4375 -13.17635 0 2.3 -12.9821 -.35 2.5875 -13.236575 -.25
2 24 2.3 12.9821 -.35 2.1339 12.7426 -.55325
5 24 1.8478 12.414 -.7654 2.0678 12.5031 -.8565 1.9239 12.6579 -.3827 1.5876 12.0145 -1.5876
2 24 2.0678 12.5031 -.8565 1.5876 12.0145 -1.5876
5 24 1.5876 12.0145 -1.5876 1.8478 12.414 -.7654 2.0678 12.5031 -.8565 1.4142 11.9263 -1.4142
2 24 1.4142 11.9263 -1.4142 1.8478 12.414 -.7654
5 24 -1.8478 -9.4877 -.7654 -2.2452 -9 0 -2 -9 0 -2.0744 -9.4877 -.8593
5 24 -1.4142 9.9754 -1.4142 -1.5876 10.0019 -1.5876 -2.0744 9.4877 -.8593 -.7654 10.4631 -1.8477
5 24 0 11.0184 -2.2452 0 -11.0184 -2.2452 -.8592 -10.5123 -2.0744 .8562 11.5197 -2.0671
2 24 -2 9 0 -1.8478 9.4877 -.7654
5 24 -2.0744 -9.4877 -.8593 -1.8478 -9.4877 -.7654 -1.4142 -9.9754 -1.4142 -2.2452 -9 0
5 24 -2.0744 9.4877 -.8593 -2.0744 -9.4877 -.8593 -1.5876 10.0019 -1.5876 -2.2452 -9 0
2 24 2.0678 -12.5031 -.8565 2.1339 -12.7426 -.55325
2 24 2.5875 -13.236575 -.25 3.75 -14 -.25
2 24 -2.2452 -9 0 -2.0744 -9.4877 -.8593
5 24 -1.5876 -10.0019 -1.5876 -.7654 -10.4631 -1.8477 -.8592 -10.5123 -2.0744 -1.4142 -9.9754 -1.4142
5 24 -2.0744 -9.4877 -.8593 -1.4142 -9.9754 -1.4142 -1.8478 -9.4877 -.7654 -1.5876 -10.0019 -1.5876
2 24 -.7654 10.4631 -1.8477 0 10.9509 -2
2 24 3.75 -14 0 2.4375 -13.17635 0
2 24 -1.8478 9.4877 -.7654 -1.4142 9.9754 -1.4142
5 24 -1.4142 -9.9754 -1.4142 -1.4142 9.9754 -1.4142 -1.8478 9.4877 -.7654 -.7654 -10.4631 -1.8477
2 24 -.8592 10.5123 -2.0744 -1.5876 10.0019 -1.5876
5 24 -2.0744 9.4877 -.8593 -1.4142 9.9754 -1.4142 -1.8478 9.4877 -.7654 -1.5876 10.0019 -1.5876
2 24 .8562 -11.5197 -2.0671 1.5876 -12.0145 -1.5876
5 24 2.3 12.9821 -.35 2.3 -12.9821 -.35 2.5875 13.236575 -.25 2.1339 -12.7426 -.55325
2 24 -1.4142 -9.9754 -1.4142 -1.8478 -9.4877 -.7654
5 24 2.4375 -13.17635 0 2.4375 13.17635 0 2.12 12.9018 -.12 3.75 -14 0
5 24 .8562 11.5197 -2.0671 .8562 -11.5197 -2.0671 1.5876 12.0145 -1.5876 0 -11.0184 -2.2452
2 24 2.12 -12.9018 -.12 1.9239 -12.6579 -.3827
2 24 0 10.9509 -2 .7654 11.4386 -1.8478
5 24 2.5875 -13.236575 -.25 2.5875 13.236575 -.25 2.3 -12.9821 -.35 3.75 14 -.25
5 24 1.8478 12.414 -.7654 1.8478 -12.414 -.7654 1.9239 -12.6579 -.3827 1.4142 11.9263 -1.4142
2 24 .7654 -11.4386 -1.8478 0 -10.9509 -2
2 24 .7654 11.4386 -1.8478 1.4142 11.9263 -1.4142
5 24 -1.8478 9.4877 -.7654 -2.0744 9.4877 -.8593 -1.4142 9.9754 -1.4142 -2.2452 9 0
5 24 2.12 -12.9018 -.12 2.12 12.9018 -.12 2.4375 -13.17635 0 1.9239 12.6579 -.3827
5 24 .7654 -11.4386 -1.8478 .7654 11.4386 -1.8478 1.4142 -11.9263 -1.4142 0 10.9509 -2
5 24 .8562 -11.5197 -2.0671 .7654 -11.4386 -1.8478 1.4142 -11.9263 -1.4142 0 -11.0184 -2.2452
5 24 2.12 -12.9018 -.12 2.1339 -12.7426 -.55325 1.9239 -12.6579 -.3827 2.3 -12.9821 -.35
5 24 2.12 12.9018 -.12 2.3 12.9821 -.35 2.1339 12.7426 -.55325 2.4375 13.17635 0
5 24 0 10.9509 -2 0 11.0184 -2.2452 -.8592 10.5123 -2.0744 .7654 11.4386 -1.8478
2 24 2.5875 13.236575 -.25 2.3 12.9821 -.35
5 24 .8562 11.5197 -2.0671 1.4142 11.9263 -1.4142 1.5876 12.0145 -1.5876 .7654 11.4386 -1.8478
2 24 -.8592 -10.5123 -2.0744 0 -11.0184 -2.2452
2 24 0 11.0184 -2.2452 -.8592 10.5123 -2.0744
5 24 1.5876 12.0145 -1.5876 1.4142 11.9263 -1.4142 .8562 11.5197 -2.0671 1.8478 12.414 -.7654
2 24 1.8478 -12.414 -.7654 1.4142 -11.9263 -1.4142
5 24 2.3 -12.9821 -.35 2.12 -12.9018 -.12 2.4375 -13.17635 0 2.1339 -12.7426 -.55325
5 24 .8562 -11.5197 -2.0671 1.4142 -11.9263 -1.4142 .7654 -11.4386 -1.8478 1.5876 -12.0145 -1.5876
5 24 .7654 11.4386 -1.8478 .8562 11.5197 -2.0671 1.4142 11.9263 -1.4142 0 11.0184 -2.2452
5 24 2.1339 12.7426 -.55325 2.12 12.9018 -.12 2.3 12.9821 -.35 1.9239 12.6579 -.3827
2 24 0 -11.0184 -2.2452 .8562 -11.5197 -2.0671
5 24 2.0678 -12.5031 -.8565 2.0678 12.5031 -.8565 2.1339 12.7426 -.55325 1.5876 -12.0145 -1.5876
5 24 -.8592 10.5123 -2.0744 0 10.9509 -2 0 11.0184 -2.2452 -.7654 10.4631 -1.8477
2 24 48.75 0 -.25 3.75 -14 -.25
5 24 3.75 14 0 3.75 14 -.25 2.5875 13.236575 -.25 48.75 0 0
5 24 3.75 -14 0 2.5875 -13.236575 -.25 2.4375 -13.17635 0 3.75 -14 -.25
5 24 0 -11.0184 -2.2452 0 -10.9509 -2 -.8592 -10.5123 -2.0744 .7654 -11.4386 -1.8478
5 24 -1.5876 10.0019 -1.5876 -1.5876 -10.0019 -1.5876 -2.0744 -9.4877 -.8593 -.8592 10.5123 -2.0744
5 24 0 -11.0184 -2.2452 .7654 -11.4386 -1.8478 .8562 -11.5197 -2.0671 0 -10.9509 -2
2 24 3.75 14 -.25 2.5875 13.236575 -.25
5 24 2.0678 12.5031 -.8565 1.9239 12.6579 -.3827 2.1339 12.7426 -.55325 1.8478 12.414 -.7654
5 24 3.75 -14 -.25 3.75 -14 0 48.75 0 -.25 2.5875 -13.236575 -.25
5 24 -.7654 -10.4631 -1.8477 -.7654 10.4631 -1.8477 0 -10.9509 -2 -1.4142 9.9754 -1.4142
2 24 1.8478 12.414 -.7654 1.9239 12.6579 -.3827
5 24 2.0678 -12.5031 -.8565 1.9239 -12.6579 -.3827 1.8478 -12.414 -.7654 2.1339 -12.7426 -.55325
5 24 -2.2452 9 0 -1.8478 9.4877 -.7654 -2 9 0 -2.0744 9.4877 -.8593
5 24 -1.5876 10.0019 -1.5876 -.7654 10.4631 -1.8477 -.8592 10.5123 -2.0744 -1.4142 9.9754 -1.4142
5 24 -.8592 -10.5123 -2.0744 0 -10.9509 -2 -.7654 -10.4631 -1.8477 0 -11.0184 -2.2452
5 24 0 11.0184 -2.2452 .7654 11.4386 -1.8478 .8562 11.5197 -2.0671 0 10.9509 -2
2 24 -.7654 -10.4631 -1.8477 -1.4142 -9.9754 -1.4142
5 24 2.3 12.9821 -.35 2.4375 13.17635 0 2.5875 13.236575 -.25 2.12 12.9018 -.12
2 24 2.4375 13.17635 0 3.75 14 0
5 24 1.9239 12.6579 -.3827 2.1339 12.7426 -.55325 2.0678 12.5031 -.8565 2.12 12.9018 -.12
5 24 1.4142 -11.9263 -1.4142 1.5876 -12.0145 -1.5876 .8562 -11.5197 -2.0671 1.8478 -12.414 -.7654
5 24 1.5876 -12.0145 -1.5876 1.8478 -12.414 -.7654 2.0678 -12.5031 -.8565 1.4142 -11.9263 -1.4142
5 24 2.3 -12.9821 -.35 2.4375 -13.17635 0 2.5875 -13.236575 -.25 2.12 -12.9018 -.12
2 24 -1.4142 9.9754 -1.4142 -.7654 10.4631 -1.8477
5 24 -.8592 -10.5123 -2.0744 -.7654 -10.4631 -1.8477 0 -10.9509 -2 -1.5876 -10.0019 -1.5876
2 24 -1.5876 -10.0019 -1.5876 -.8592 -10.5123 -2.0744
2 24 48.75 0 0 3.75 14 0
2 24 3.75 14 -.25 48.75 0 -.25
2 24 -1.5876 10.0019 -1.5876 -2.0744 9.4877 -.8593
5 24 2.1339 12.7426 -.55325 2.1339 -12.7426 -.55325 2.0678 -12.5031 -.8565 2.3 12.9821 -.35
5 24 1.5876 12.0145 -1.5876 1.5876 -12.0145 -1.5876 .8562 -11.5197 -2.0671 2.0678 12.5031 -.8565
2 24 -1.8478 -9.4877 -.7654 -2 -9 0
5 24 2.4375 -13.17635 0 2.5875 -13.236575 -.25 2.3 -12.9821 -.35 3.75 -14 0
5 24 0 -10.9509 -2 0 10.9509 -2 -.7654 10.4631 -1.8477 .7654 -11.4386 -1.8478
5 24 1.9239 -12.6579 -.3827 1.9239 12.6579 -.3827 1.8478 12.414 -.7654 2.12 -12.9018 -.12
5 24 48.75 0 -.25 48.75 0 0 3.75 -14 0 3.75 14 -.25
5 24 -1.5876 -10.0019 -1.5876 -1.4142 -9.9754 -1.4142 -2.0744 -9.4877 -.8593 -.7654 -10.4631 -1.8477
2 24 .8562 11.5197 -2.0671 0 11.0184 -2.2452
2 24 1.5876 -12.0145 -1.5876 2.0678 -12.5031 -.8565
5 24 -.7654 10.4631 -1.8477 -.8592 10.5123 -2.0744 0 10.9509 -2 -1.5876 10.0019 -1.5876
5 24 1.4142 -11.9263 -1.4142 1.4142 11.9263 -1.4142 .7654 11.4386 -1.8478 1.8478 -12.414 -.7654
2 24 2.12 12.9018 -.12 2.4375 13.17635 0
5 24 2.1339 -12.7426 -.55325 1.9239 -12.6579 -.3827 2.0678 -12.5031 -.8565 2.12 -12.9018 -.12
2 24 -2.0744 -9.4877 -.8593 -1.5876 -10.0019 -1.5876
2 24 1.4142 -11.9263 -1.4142 .7654 -11.4386 -1.8478
5 24 2.0678 -12.5031 -.8565 1.8478 -12.414 -.7654 1.9239 -12.6579 -.3827 1.5876 -12.0145 -1.5876
2 24 3.75 -14 0 48.75 0 0
2 24 0 -10.9509 -2 -.7654 -10.4631 -1.8477
2 24 1.5876 12.0145 -1.5876 .8562 11.5197 -2.0671
5 24 2.5875 13.236575 -.25 3.75 14 0 3.75 14 -.25 2.4375 13.17635 0
2 24 1.9239 -12.6579 -.3827 1.8478 -12.414 -.7654
2 24 -2.0744 9.4877 -.8593 -2.2452 9 0
2 24 2.3 -12.9821 -.35 2.5875 -13.236575 -.25
5 24 -1.8478 -9.4877 -.7654 -1.8478 9.4877 -.7654 -1.4142 -9.9754 -1.4142 -2 9 0
2 24 2.4375 -13.17635 0 2.12 -12.9018 -.12
2 24 2.1339 12.7426 -.55325 2.0678 12.5031 -.8565
5 24 2.4375 13.17635 0 2.5875 13.236575 -.25 2.3 12.9821 -.35 3.75 14 0
5 24 -.8592 10.5123 -2.0744 -.8592 -10.5123 -2.0744 0 11.0184 -2.2452 -1.5876 -10.0019 -1.5876
2 24 1.9239 12.6579 -.3827 2.12 12.9018 -.12
2 24 2.1339 -12.7426 -.55325 2.3 -12.9821 -.35
