0 ~Constraction Flame  3.5 x 12 with Axle - Joint, Accent Colour
0 Name: s\18396s06.dat
0 Author: Gerald Lasser [GeraldLasser]
0 !LDRAW_ORG Unofficial_Subpart 
0 !LICENSE Redistributable under CCAL version 2.0 : see CAreadme.txt

0 BFC CERTIFY CCW


4 16 .845 -198.718 -8.47 .845 -200.136 -4.834 .845 -210.072 -3.357 .845 -203.891 -6.395
4 16 .845 -175.559 -5.757 .845 -170.451 -.686 .845 -165.106 6.796 .845 -172.284 1.995
4 16 .845 -200.136 -4.834 .845 -198.718 -8.47 .845 -193.274 -9.793 .845 -192.138 -4.893
4 16 .845 -185.945 -3.892 .845 -192.138 -4.893 .845 -193.274 -9.793 .845 -187.603 -10.087
4 16 .845 -179.187 -1.475 .845 -185.945 -3.892 .845 -187.603 -10.087 .845 -181.324 -8.838
4 16 .845 -172.284 1.995 .845 -179.187 -1.475 .845 -181.324 -8.838 .845 -175.559 -5.757
3 16 -1.655 -210.072 -3.357 -2.255 -200.136 -4.834 -1.655 -198.718 -8.47
3 16 -1.655 -198.718 -8.47 -1.655 -203.891 -6.395 -1.655 -210.072 -3.357
3 16 -1.655 -198.718 -8.47 -2.255 -200.136 -4.834 -3.065 -192.138 -4.893
3 16 -3.065 -192.138 -4.893 -1.655 -193.274 -9.793 -1.655 -198.718 -8.47
3 16 -1.655 -193.274 -9.793 -3.065 -192.138 -4.893 -3.545 -185.945 -3.892
3 16 -3.545 -185.945 -3.892 -1.655 -187.603 -10.087 -1.655 -193.274 -9.793
3 16 -3.545 -185.945 -3.892 -3.815 -179.187 -1.475 -1.655 -181.324 -8.838
3 16 -1.655 -181.324 -8.838 -1.655 -187.603 -10.087 -3.545 -185.945 -3.892
3 16 -1.655 -175.559 -5.757 -1.655 -181.324 -8.838 -3.815 -179.187 -1.475
3 16 -3.815 -179.187 -1.475 -3.595 -172.284 1.995 -1.655 -175.559 -5.757
3 16 -2.155 -170.451 -.686 -1.655 -175.559 -5.757 -3.595 -172.284 1.995
3 16 -3.595 -172.284 1.995 -3.215 -165.106 6.796 -2.155 -170.451 -.686

4 16 .704 -150.238 -1.157 .704 -157.287 -7.281 .704 -158.869 -9.037 .704 -151.377 -6.134
4 16 .704 -132.562 .3 .704 -133.662 -4.436 .704 -125.283 -6.42 .704 -128.76 -2.559
4 16 .704 -142.966 2.103 .704 -150.238 -1.157 .704 -151.377 -6.134 .704 -142.652 -4.108
4 16 .704 -142.966 2.103 .704 -142.652 -4.108 .704 -133.662 -4.436 .704 -136.213 1.927
3 16 .704 -133.662 -4.436 .704 -132.562 .3 .704 -136.213 1.927
3 16 -2.231 -157.287 -7.281 -2.231 -150.238 -1.157 -2.231 -151.377 -6.134
3 16 -2.231 -151.377 -6.134 -2.231 -158.869 -9.037 -2.231 -157.287 -7.281
3 16 -2.721 -128.76 -2.559 -3.011 -125.283 -6.42 -3.291 -133.662 -4.436
3 16 -3.291 -133.662 -4.436 -2.491 -132.562 .3 -2.721 -128.76 -2.559
3 16 -2.231 -150.238 -1.157 -2.231 -142.966 2.103 -2.761 -142.652 -4.108
3 16 -2.761 -142.652 -4.108 -2.231 -151.377 -6.134 -2.231 -150.238 -1.157
3 16 -2.231 -142.966 2.103 -2.231 -136.213 1.927 -2.761 -142.652 -4.108
3 16 -3.291 -133.662 -4.436 -2.231 -136.213 1.927 -2.491 -132.562 .3
3 16 -2.231 -136.213 1.927 -3.291 -133.662 -4.436 -2.761 -142.652 -4.108

4 16 -1.655 -198.718 -8.47 -1.655 -193.274 -9.793 -3.134 -193.274 -9.793 -2.995 -198.718 -8.47
4 16 -3.134 -193.274 -9.793 -1.655 -193.274 -9.793 -1.655 -187.603 -10.087 -2.965 -187.603 -10.087
4 16 -2.965 -187.603 -10.087 -1.655 -187.603 -10.087 -1.655 -181.324 -8.838 -2.738 -181.324 -8.838
4 16 -2.738 -181.324 -8.838 -1.655 -181.324 -8.838 -1.655 -175.559 -5.757 -2.726 -175.559 -5.757
4 16 -2.726 -175.559 -5.757 -1.655 -175.559 -5.757 -2.155 -170.451 -.686 -3.371 -170.451 -.686
4 16 -3.371 -170.451 -.686 -2.155 -170.451 -.686 -3.215 -165.106 6.796 -5.213 -165.106 6.796
4 16 -5.213 -165.106 6.796 -3.215 -165.106 6.796 -3.595 -172.284 1.995 -5.379 -172.284 1.995
4 16 -5.379 -172.284 1.995 -3.595 -172.284 1.995 -3.815 -179.187 -1.475 -5.504 -179.187 -1.475
4 16 -3.815 -179.187 -1.475 -3.545 -185.945 -3.892 -5.234 -185.945 -3.892 -5.504 -179.187 -1.475
4 16 -5.234 -185.945 -3.892 -3.545 -185.945 -3.892 -3.065 -192.138 -4.893 -4.739 -192.138 -4.893
4 16 -3.065 -192.138 -4.893 -2.255 -200.136 -4.834 -3.847 -200.136 -4.834 -4.739 -192.138 -4.893
4 16 -3.847 -200.136 -4.834 -2.255 -200.136 -4.834 -1.655 -210.072 -3.357 -2.566 -210.072 -3.357
4 16 -2.566 -210.072 -3.357 -1.655 -210.072 -3.357 -1.655 -203.891 -6.395 -2.914 -203.891 -6.395
4 16 -1.655 -203.891 -6.395 -1.655 -198.718 -8.47 -2.995 -198.718 -8.47 -2.914 -203.891 -6.395
4 16 3.847 -200.136 -4.834 2.566 -210.072 -3.357 .845 -210.072 -3.357 .845 -200.136 -4.834
4 16 4.739 -192.138 -4.893 3.847 -200.136 -4.834 .845 -200.136 -4.834 .845 -192.138 -4.893
4 16 5.234 -185.945 -3.892 4.739 -192.138 -4.893 .845 -192.138 -4.893 .845 -185.945 -3.892
4 16 5.504 -179.187 -1.475 5.234 -185.945 -3.892 .845 -185.945 -3.892 .845 -179.187 -1.475
4 16 5.379 -172.284 1.995 5.504 -179.187 -1.475 .845 -179.187 -1.475 .845 -172.284 1.995
4 16 5.379 -172.284 1.995 .845 -172.284 1.995 .845 -165.106 6.796 5.213 -165.106 6.796
4 16 3.371 -170.451 -.686 5.213 -165.106 6.796 .845 -165.106 6.796 .845 -170.451 -.686
4 16 2.726 -175.559 -5.757 3.371 -170.451 -.686 .845 -170.451 -.686 .845 -175.559 -5.757
4 16 2.738 -181.324 -8.838 2.726 -175.559 -5.757 .845 -175.559 -5.757 .845 -181.324 -8.838
4 16 .845 -187.603 -10.087 2.965 -187.603 -10.087 2.738 -181.324 -8.838 .845 -181.324 -8.838
4 16 .845 -193.274 -9.793 3.134 -193.274 -9.793 2.965 -187.603 -10.087 .845 -187.603 -10.087
4 16 .845 -198.718 -8.47 2.995 -198.718 -8.47 3.134 -193.274 -9.793 .845 -193.274 -9.793
4 16 2.914 -203.891 -6.395 2.995 -198.718 -8.47 .845 -198.718 -8.47 .845 -203.891 -6.395
4 16 2.566 -210.072 -3.357 2.914 -203.891 -6.395 .845 -203.891 -6.395 .845 -210.072 -3.357

4 16 1.697 -133.393 -8.872 1.602 -142.6 -9.299 -1.602 -142.6 -9.299 -1.697 -133.393 -8.872
4 16 -1.495 -149.661 -11.024 -1.602 -142.6 -9.299 1.602 -142.6 -9.299 1.495 -149.661 -11.024
4 16 -1.252 -166.042 -18.633 -1.495 -149.661 -11.024 1.495 -149.661 -11.024 1.252 -166.042 -18.633
4 16 1.547 -126.599 -10.291 1.697 -133.393 -8.872 -1.697 -133.393 -8.872 -1.547 -126.599 -10.291
4 16 -2.232 -170.499 -17.504 2.232 -170.499 -17.504 2.15 -170.662 -15.417 -2.15 -170.662 -15.417
4 16 2.15 -170.662 -15.417 1.182 -170.085 -14.249 -1.182 -170.085 -14.249 -2.15 -170.662 -15.417
4 16 2.193 -168.68 -19.033 2.232 -170.499 -17.504 -2.232 -170.499 -17.504 -2.193 -168.68 -19.033
4 16 -2.193 -168.68 -19.033 -1.252 -166.042 -18.633 1.252 -166.042 -18.633 2.193 -168.68 -19.033
4 16 -1.37 -162.171 -5.622 -1.182 -170.085 -14.249 1.182 -170.085 -14.249 1.37 -162.171 -5.622
4 16 1.37 -162.171 -5.622 1.389 -159.574 -3.212 -1.389 -159.574 -3.212 -1.37 -162.171 -5.622
4 16 -1.391 -152.164 2.053 -1.389 -159.574 -3.212 1.389 -159.574 -3.212 1.391 -152.164 2.053
4 16 -1.473 -143.488 5.135 -1.391 -152.164 2.053 1.391 -152.164 2.053 1.473 -143.488 5.135
4 16 1.473 -143.488 5.135 1.303 -135.743 5.426 -1.303 -135.743 5.426 -1.473 -143.488 5.135
4 16 1.303 -135.743 5.426 1.104 -128.404 6.765 -1.104 -128.404 6.765 -1.303 -135.743 5.426
4 16 -1.251 -120.209 8.716 -1.104 -128.404 6.765 1.104 -128.404 6.765 1.251 -120.209 8.716
4 16 -1.231 -114.622 12.186 -1.251 -120.209 8.716 1.251 -120.209 8.716 1.231 -114.622 12.186
4 16 1.281 -172.607 -9.133 1.31 -178.988 -12.782 -1.31 -178.988 -12.782 -1.281 -172.607 -9.133
4 16 -1.3 -185.705 -15.405 -1.31 -178.988 -12.782 1.31 -178.988 -12.782 1.3 -185.705 -15.405
4 16 -1.287 -192.717 -16.281 -1.3 -185.705 -15.405 1.3 -185.705 -15.405 1.287 -192.717 -16.281
4 16 -1.288 -199.738 -15.376 -1.287 -192.717 -16.281 1.287 -192.717 -16.281 1.288 -199.738 -15.376
4 16 1.288 -199.738 -15.376 1.219 -206.114 -13.446 -1.219 -206.114 -13.446 -1.288 -199.738 -15.376
4 16 -1.332 -213.003 -9.907 -1.219 -206.114 -13.446 1.219 -206.114 -13.446 1.332 -213.003 -9.907
4 16 -1.306 -219.379 -5.586 -1.332 -213.003 -9.907 1.332 -213.003 -9.907 1.306 -219.379 -5.586
4 16 -1.277 -220.937 -4.322 -1.306 -219.379 -5.586 1.306 -219.379 -5.586 1.277 -220.937 -4.322
4 16 -1.317 -222.458 -2.855 -1.277 -220.937 -4.322 1.277 -220.937 -4.322 1.317 -222.458 -2.855

4 16 1.247 -139.008 14.83 1.259 -150.394 7.158 -1.259 -150.394 7.158 -1.247 -139.008 14.83
4 16 -1.259 -160.181 .012 -1.259 -150.394 7.158 1.259 -150.394 7.158 1.259 -160.181 .012
4 16 1.259 -160.181 .012 1.283 -166.566 -4.651 -1.283 -166.566 -4.651 -1.259 -160.181 .012
4 16 -1.281 -172.607 -9.133 -1.283 -166.566 -4.651 1.283 -166.566 -4.651 1.281 -172.607 -9.133
2 24 -3.215 -165.106 6.796 -3.595 -172.284 1.995
2 24 -3.595 -172.284 1.995 -3.815 -179.187 -1.475
2 24 -3.815 -179.187 -1.475 -3.545 -185.945 -3.892
2 24 -3.065 -192.138 -4.893 -3.545 -185.945 -3.892
2 24 -3.065 -192.138 -4.893 -2.255 -200.136 -4.834
2 24 -1.655 -210.072 -3.357 -2.566 -210.072 -3.357
2 24 -1.655 -210.072 -3.357 -2.255 -200.136 -4.834
2 24 -1.655 -210.072 -3.357 -1.655 -198.718 -8.47
2 24 -1.655 -198.718 -8.47 -1.655 -193.274 -9.793
2 24 -1.655 -193.274 -9.793 -1.655 -187.603 -10.087
2 24 -1.655 -187.603 -10.087 -1.655 -181.324 -8.838
2 24 -1.655 -181.324 -8.838 -1.655 -175.559 -5.757
2 24 -1.655 -175.559 -5.757 -2.155 -170.451 -.686
2 24 -2.155 -170.451 -.686 -3.215 -165.106 6.796
2 24 -3.215 -165.106 6.796 -5.213 -165.106 6.796
2 24 5.213 -165.106 6.796 .845 -165.106 6.796
2 24 .845 -165.106 6.796 .845 -172.284 1.995
2 24 .845 -172.284 1.995 .845 -179.187 -1.475
2 24 .845 -179.187 -1.475 .845 -185.945 -3.892
2 24 .845 -185.945 -3.892 .845 -192.138 -4.893
2 24 .845 -192.138 -4.893 .845 -200.136 -4.834
2 24 .845 -200.136 -4.834 .845 -210.072 -3.357
2 24 2.566 -210.072 -3.357 .845 -210.072 -3.357
2 24 .845 -203.891 -6.395 .845 -210.072 -3.357
2 24 .845 -203.891 -6.395 .845 -198.718 -8.47
2 24 .845 -198.718 -8.47 .845 -193.274 -9.793
2 24 .845 -193.274 -9.793 .845 -187.603 -10.087
2 24 .845 -187.603 -10.087 .845 -181.324 -8.838
2 24 .845 -181.324 -8.838 .845 -175.559 -5.757
2 24 .845 -175.559 -5.757 .845 -170.451 -.686
2 24 .845 -170.451 -.686 .845 -165.106 6.796

5 24 -3.595 -172.284 1.995 -1.655 -175.559 -5.757 -3.815 -179.187 -1.475 -2.155 -170.451 -.686
5 24 -1.655 -175.559 -5.757 -3.815 -179.187 -1.475 -3.595 -172.284 1.995 -1.655 -181.324 -8.838
2 24 -1.655 -198.718 -8.47 -1.655 -203.891 -6.395
2 24 -1.655 -203.891 -6.395 -1.655 -210.072 -3.357
5 24 .845 -200.136 -4.834 3.847 -200.136 -4.834 .845 -192.138 -4.893 2.566 -210.072 -3.357
5 24 -1.287 -192.717 -16.281 1.287 -192.717 -16.281 -1.3 -185.705 -15.405 1.288 -199.738 -15.376
5 24 -2.255 -200.136 -4.834 -3.847 -200.136 -4.834 -1.655 -210.072 -3.357 -4.739 -192.138 -4.893
5 24 .845 -193.274 -9.793 3.134 -193.274 -9.793 .845 -198.718 -8.47 2.965 -187.603 -10.087
5 24 .845 -172.284 1.995 5.379 -172.284 1.995 5.504 -179.187 -1.475 .845 -165.106 6.796
5 24 -2.965 -187.603 -10.087 -1.655 -187.603 -10.087 -3.134 -193.274 -9.793 -1.655 -181.324 -8.838
5 24 2.995 -198.718 -8.47 .845 -198.718 -8.47 3.134 -193.274 -9.793 .845 -203.891 -6.395
5 24 -1.281 -172.607 -9.133 1.281 -172.607 -9.133 1.31 -178.988 -12.782 -1.283 -166.566 -4.651
5 24 2.193 -168.68 -19.033 -2.193 -168.68 -19.033 -1.252 -166.042 -18.633 2.232 -170.499 -17.504
5 24 -1.655 -181.324 -8.838 -3.815 -179.187 -1.475 -3.545 -185.945 -3.892 -1.655 -175.559 -5.757
5 24 -2.155 -170.451 -.686 -3.595 -172.284 1.995 -1.655 -175.559 -5.757 -3.215 -165.106 6.796
5 24 -1.219 -206.114 -13.446 1.219 -206.114 -13.446 -1.288 -199.738 -15.376 1.332 -213.003 -9.907
5 24 -1.655 -203.891 -6.395 -2.914 -203.891 -6.395 -1.655 -198.718 -8.47 -2.566 -210.072 -3.357
5 24 -1.283 -166.566 -4.651 1.283 -166.566 -4.651 -1.259 -160.181 .012 1.281 -172.607 -9.133
5 24 -2.726 -175.559 -5.757 -1.655 -175.559 -5.757 -2.738 -181.324 -8.838 -2.155 -170.451 -.686
5 24 1.602 -142.6 -9.299 -1.602 -142.6 -9.299 -1.697 -133.393 -8.872 1.495 -149.661 -11.024
5 24 .845 -170.451 -.686 3.371 -170.451 -.686 5.213 -165.106 6.796 .845 -175.559 -5.757
5 24 1.332 -213.003 -9.907 -1.332 -213.003 -9.907 -1.219 -206.114 -13.446 1.306 -219.379 -5.586
5 24 -3.595 -172.284 1.995 -5.379 -172.284 1.995 -5.213 -165.106 6.796 -3.815 -179.187 -1.475
5 24 -3.065 -192.138 -4.893 -1.655 -193.274 -9.793 -1.655 -198.718 -8.47 -3.545 -185.945 -3.892
5 24 -1.655 -198.718 -8.47 -3.065 -192.138 -4.893 -1.655 -193.274 -9.793 -2.255 -200.136 -4.834
5 24 -1.259 -150.394 7.158 1.259 -150.394 7.158 -1.247 -139.008 14.83 1.259 -160.181 .012
5 24 1.277 -220.937 -4.322 -1.277 -220.937 -4.322 -1.306 -219.379 -5.586 1.317 -222.458 -2.855
5 24 -3.545 -185.945 -3.892 -5.234 -185.945 -3.892 -3.065 -192.138 -4.893 -5.504 -179.187 -1.475
5 24 .845 -203.891 -6.395 2.914 -203.891 -6.395 2.995 -198.718 -8.47 .845 -210.072 -3.357
5 24 -1.655 -193.274 -9.793 -3.134 -193.274 -9.793 -1.655 -187.603 -10.087 -2.995 -198.718 -8.47
5 24 -2.155 -170.451 -.686 -3.371 -170.451 -.686 -2.726 -175.559 -5.757 -3.215 -165.106 6.796
5 24 -1.251 -120.209 8.716 1.251 -120.209 8.716 -1.104 -128.404 6.765 1.231 -114.622 12.186
5 24 2.726 -175.559 -5.757 .845 -175.559 -5.757 3.371 -170.451 -.686 .845 -181.324 -8.838
5 24 2.965 -187.603 -10.087 .845 -187.603 -10.087 2.738 -181.324 -8.838 .845 -193.274 -9.793
5 24 -1.655 -198.718 -8.47 -2.255 -200.136 -4.834 -1.655 -203.891 -6.395 -3.065 -192.138 -4.893
5 24 -3.545 -185.945 -3.892 -1.655 -187.603 -10.087 -1.655 -193.274 -9.793 -1.655 -181.324 -8.838
5 24 -1.655 -193.274 -9.793 -3.545 -185.945 -3.892 -1.655 -187.603 -10.087 -3.065 -192.138 -4.893
5 24 -1.306 -219.379 -5.586 1.306 -219.379 -5.586 -1.332 -213.003 -9.907 1.277 -220.937 -4.322
5 24 1.473 -143.488 5.135 -1.473 -143.488 5.135 -1.391 -152.164 2.053 1.303 -135.743 5.426
5 24 1.389 -159.574 -3.212 -1.389 -159.574 -3.212 -1.37 -162.171 -5.622 1.391 -152.164 2.053
5 24 -4.739 -192.138 -4.893 -3.065 -192.138 -4.893 -5.234 -185.945 -3.892 -2.255 -200.136 -4.834
5 24 -1.104 -128.404 6.765 1.104 -128.404 6.765 -1.303 -135.743 5.426 1.251 -120.209 8.716
5 24 -1.31 -178.988 -12.782 1.31 -178.988 -12.782 1.3 -185.705 -15.405 -1.281 -172.607 -9.133
5 24 4.739 -192.138 -4.893 .845 -192.138 -4.893 3.847 -200.136 -4.834 .845 -185.945 -3.892
5 24 .845 -181.324 -8.838 2.738 -181.324 -8.838 .845 -187.603 -10.087 2.726 -175.559 -5.757
5 24 1.288 -199.738 -15.376 -1.288 -199.738 -15.376 -1.287 -192.717 -16.281 1.219 -206.114 -13.446
5 24 5.504 -179.187 -1.475 .845 -179.187 -1.475 5.234 -185.945 -3.892 .845 -172.284 1.995
5 24 -1.495 -149.661 -11.024 1.495 -149.661 -11.024 -1.602 -142.6 -9.299 1.252 -166.042 -18.633
5 24 -1.655 -181.324 -8.838 -2.738 -181.324 -8.838 -2.965 -187.603 -10.087 -1.655 -175.559 -5.757
5 24 -3.545 -185.945 -3.892 -1.655 -181.324 -8.838 -1.655 -187.603 -10.087 -3.815 -179.187 -1.475
5 24 -1.303 -135.743 5.426 1.303 -135.743 5.426 -1.473 -143.488 5.135 1.104 -128.404 6.765
5 24 -5.504 -179.187 -1.475 -3.815 -179.187 -1.475 -5.379 -172.284 1.995 -3.545 -185.945 -3.892
5 24 1.252 -166.042 -18.633 -1.252 -166.042 -18.633 -1.495 -149.661 -11.024 2.193 -168.68 -19.033
5 24 1.3 -185.705 -15.405 -1.3 -185.705 -15.405 1.287 -192.717 -16.281 -1.31 -178.988 -12.782
5 24 .845 -185.945 -3.892 5.234 -185.945 -3.892 4.739 -192.138 -4.893 .845 -179.187 -1.475
5 24 -1.697 -133.393 -8.872 1.697 -133.393 -8.872 -1.547 -126.599 -10.291 1.602 -142.6 -9.299
5 24 -1.391 -152.164 2.053 1.391 -152.164 2.053 -1.389 -159.574 -3.212 1.473 -143.488 5.135
5 24 -2.995 -198.718 -8.47 -1.655 -198.718 -8.47 -1.655 -193.274 -9.793 -2.914 -203.891 -6.395
5 24 -1.37 -162.171 -5.622 1.37 -162.171 -5.622 1.389 -159.574 -3.212 -1.182 -170.085 -14.249
4 16 -4.519 -142.652 -4.108 -2.761 -142.652 -4.108 -3.291 -133.662 -4.436 -4.69 -133.662 -4.436
4 16 -4.087 -125.283 -6.42 -3.011 -125.283 -6.42 -2.721 -128.76 -2.559 -4.027 -128.76 -2.559
4 16 -4.027 -128.76 -2.559 -2.721 -128.76 -2.559 -2.491 -132.562 .3 -3.718 -132.562 .3
4 16 -3.718 -132.562 .3 -2.491 -132.562 .3 -2.231 -136.213 1.927 -3.385 -136.213 1.927
4 16 -3.385 -136.213 1.927 -2.231 -136.213 1.927 -2.231 -142.966 2.103 -3.098 -142.966 2.103
4 16 -3.098 -142.966 2.103 -2.231 -142.966 2.103 -2.231 -150.238 -1.157 -3.003 -150.238 -1.157
4 16 -3.003 -150.238 -1.157 -2.231 -150.238 -1.157 -2.231 -157.287 -7.281 -2.592 -157.287 -7.281
4 16 -2.231 -157.287 -7.281 -2.231 -158.869 -9.037 -2.438 -158.869 -9.037 -2.592 -157.287 -7.281
4 16 -3.479 -151.377 -6.134 -2.231 -151.377 -6.134 -2.761 -142.652 -4.108 -4.519 -142.652 -4.108
4 16 2.592 -157.287 -7.281 2.438 -158.869 -9.037 .704 -158.869 -9.037 .704 -157.287 -7.281
4 16 3.003 -150.238 -1.157 2.592 -157.287 -7.281 .704 -157.287 -7.281 .704 -150.238 -1.157
4 16 3.098 -142.966 2.103 3.003 -150.238 -1.157 .704 -150.238 -1.157 .704 -142.966 2.103
4 16 3.385 -136.213 1.927 3.098 -142.966 2.103 .704 -142.966 2.103 .704 -136.213 1.927
4 16 3.718 -132.562 .3 3.385 -136.213 1.927 .704 -136.213 1.927 .704 -132.562 .3
4 16 .704 -128.76 -2.559 4.027 -128.76 -2.559 3.718 -132.562 .3 .704 -132.562 .3
4 16 4.087 -125.283 -6.42 4.027 -128.76 -2.559 .704 -128.76 -2.559 .704 -125.283 -6.42
4 16 4.69 -133.662 -4.436 4.087 -125.283 -6.42 .704 -125.283 -6.42 .704 -133.662 -4.436
4 16 4.519 -142.652 -4.108 4.69 -133.662 -4.436 .704 -133.662 -4.436 .704 -142.652 -4.108
4 16 3.479 -151.377 -6.134 4.519 -142.652 -4.108 .704 -142.652 -4.108 .704 -151.377 -6.134
4 16 2.438 -158.869 -9.037 3.479 -151.377 -6.134 .704 -151.377 -6.134 .704 -158.869 -9.037
4 16 -2.231 -158.869 -9.037 -2.231 -151.377 -6.134 -3.479 -151.377 -6.134 -2.438 -158.869 -9.037
4 16 -4.69 -133.662 -4.436 -3.291 -133.662 -4.436 -3.011 -125.283 -6.42 -4.087 -125.283 -6.42
2 24 -3.011 -125.283 -6.42 -4.087 -125.283 -6.42
2 24 -3.011 -125.283 -6.42 -3.291 -133.662 -4.436
2 24 -3.291 -133.662 -4.436 -2.761 -142.652 -4.108
2 24 -2.761 -142.652 -4.108 -2.231 -151.377 -6.134
2 24 -2.231 -151.377 -6.134 -2.231 -158.869 -9.037
2 24 -2.231 -158.869 -9.037 -2.438 -158.869 -9.037
2 24 -2.231 -158.869 -9.037 -2.231 -157.287 -7.281
2 24 -2.231 -157.287 -7.281 -2.231 -150.238 -1.157
2 24 -2.231 -150.238 -1.157 -2.231 -142.966 2.103
2 24 -2.231 -142.966 2.103 -2.231 -136.213 1.927
2 24 -2.231 -136.213 1.927 -2.491 -132.562 .3
2 24 -2.491 -132.562 .3 -2.721 -128.76 -2.559
2 24 -2.721 -128.76 -2.559 -3.011 -125.283 -6.42
2 24 4.087 -125.283 -6.42 .704 -125.283 -6.42
2 24 .704 -125.283 -6.42 .704 -133.662 -4.436
2 24 .704 -133.662 -4.436 .704 -142.652 -4.108
2 24 .704 -142.652 -4.108 .704 -151.377 -6.134
2 24 .704 -151.377 -6.134 .704 -158.869 -9.037
2 24 2.438 -158.869 -9.037 .704 -158.869 -9.037
2 24 .704 -158.869 -9.037 .704 -157.287 -7.281
2 24 .704 -157.287 -7.281 .704 -150.238 -1.157
2 24 .704 -150.238 -1.157 .704 -142.966 2.103
2 24 .704 -142.966 2.103 .704 -136.213 1.927
2 24 .704 -136.213 1.927 .704 -132.562 .3
2 24 .704 -132.562 .3 .704 -128.76 -2.559
2 24 .704 -128.76 -2.559 .704 -125.283 -6.42

5 24 -2.761 -142.652 -4.108 -2.231 -150.238 -1.157 -2.231 -151.377 -6.134 -2.231 -142.966 2.103
5 24 -3.291 -133.662 -4.436 -2.721 -128.76 -2.559 -2.491 -132.562 .3 -3.011 -125.283 -6.42
5 24 .704 -151.377 -6.134 3.479 -151.377 -6.134 .704 -158.869 -9.037 4.519 -142.652 -4.108
5 24 -2.231 -142.966 2.103 -2.761 -142.652 -4.108 -2.231 -136.213 1.927 -2.231 -150.238 -1.157
5 24 .704 -136.213 1.927 3.385 -136.213 1.927 .704 -132.562 .3 3.098 -142.966 2.103
5 24 -3.291 -133.662 -4.436 -2.491 -132.562 .3 -2.231 -136.213 1.927 -2.721 -128.76 -2.559
5 24 .704 -150.238 -1.157 3.003 -150.238 -1.157 2.592 -157.287 -7.281 .704 -142.966 2.103
5 24 -2.491 -132.562 .3 -3.718 -132.562 .3 -2.231 -136.213 1.927 -4.027 -128.76 -2.559
5 24 -4.519 -142.652 -4.108 -2.761 -142.652 -4.108 -3.479 -151.377 -6.134 -3.291 -133.662 -4.436
5 24 -3.479 -151.377 -6.134 -2.231 -151.377 -6.134 -2.761 -142.652 -4.108 -2.438 -158.869 -9.037
5 24 -2.231 -136.213 1.927 -2.761 -142.652 -4.108 -3.291 -133.662 -4.436 -2.231 -142.966 2.103
5 24 -2.231 -151.377 -6.134 -2.231 -150.238 -1.157 -2.761 -142.652 -4.108 -2.231 -157.287 -7.281
5 24 -3.003 -150.238 -1.157 -2.231 -150.238 -1.157 -2.231 -157.287 -7.281 -3.098 -142.966 2.103
5 24 -2.231 -157.287 -7.281 -2.592 -157.287 -7.281 -2.231 -158.869 -9.037 -3.003 -150.238 -1.157
5 24 -3.385 -136.213 1.927 -2.231 -136.213 1.927 -2.231 -142.966 2.103 -3.718 -132.562 .3
5 24 .704 -133.662 -4.436 4.69 -133.662 -4.436 .704 -142.652 -4.108 4.087 -125.283 -6.42
5 24 .704 -128.76 -2.559 4.027 -128.76 -2.559 3.718 -132.562 .3 .704 -125.283 -6.42
5 24 -2.231 -136.213 1.927 -3.291 -133.662 -4.436 -2.761 -142.652 -4.108 -2.491 -132.562 .3
5 24 3.098 -142.966 2.103 .704 -142.966 2.103 3.003 -150.238 -1.157 .704 -136.213 1.927
5 24 4.519 -142.652 -4.108 .704 -142.652 -4.108 4.69 -133.662 -4.436 .704 -151.377 -6.134
5 24 3.718 -132.562 .3 .704 -132.562 .3 3.385 -136.213 1.927 .704 -128.76 -2.559
5 24 -3.291 -133.662 -4.436 -4.69 -133.662 -4.436 -3.011 -125.283 -6.42 -4.519 -142.652 -4.108
5 24 -4.027 -128.76 -2.559 -2.721 -128.76 -2.559 -2.491 -132.562 .3 -4.087 -125.283 -6.42
5 24 2.592 -157.287 -7.281 .704 -157.287 -7.281 2.438 -158.869 -9.037 .704 -150.238 -1.157
5 24 -2.231 -142.966 2.103 -3.098 -142.966 2.103 -2.231 -150.238 -1.157 -3.385 -136.213 1.927

5 24 2.232 -170.499 -17.504 -2.232 -170.499 -17.504 -2.193 -168.68 -19.033 -2.15 -170.662 -15.417
5 24 2.15 -170.662 -15.417 -2.15 -170.662 -15.417 -2.232 -170.499 -17.504 -1.182 -170.085 -14.249
5 24 1.182 -170.085 -14.249 -1.182 -170.085 -14.249 -2.15 -170.662 -15.417 -1.37 -162.171 -5.622
