0 ~Minifig Helmet SW First Order Walker Driver Episode  8 - Breath Filter
0 Name: s\20905ps1s03.dat
0 Author: Ulrich Röder [UR]
0 !LDRAW_ORG Unofficial_Subpart 
0 !LICENSE Redistributable under CCAL version 2.0 : see CAreadme.txt

0 BFC CERTIFY CCW


0 // Main
4 16 8.325 26.429 -21.239 8.074 26.457 -21.401 7.952 27.336 -20.637 8.215 27.221 -20.551
4 16 8.215 27.221 -20.551 7.952 27.336 -20.637 8.23 28.038 -19.743 8.465 27.852 -19.747
4 16 8.465 27.852 -19.747 8.23 28.038 -19.743 8.867 28.457 -18.854 9.038 28.229 -18.946
4 16 9.038 28.229 -18.946 8.867 28.457 -18.854 9.764 28.528 -18.106 9.846 28.293 -18.273
4 16 9.846 28.293 -18.273 9.764 28.528 -18.106 10.786 28.241 -17.613 10.766 28.035 -17.829
4 16 10.766 28.035 -17.829 10.786 28.241 -17.613 11.777 27.641 -17.449 11.658 27.495 -17.682
4 16 11.658 27.495 -17.682 11.777 27.641 -17.449 12.586 26.816 -17.64 12.386 26.753 -17.854
4 16 12.386 26.753 -17.854 12.586 26.816 -17.64 13.09 25.895 -18.157 12.839 25.923 -18.319
4 16 12.839 25.923 -18.319 13.09 25.895 -18.157 13.212 25.017 -18.921 12.95 25.132 -19.007
4 16 12.95 25.132 -19.007 13.212 25.017 -18.921 12.934 24.314 -19.816 12.699 24.5 -19.812
4 16 12.699 24.5 -19.812 12.934 24.314 -19.816 12.298 23.896 -20.704 12.126 24.124 -20.611
4 16 12.126 24.124 -20.611 12.298 23.896 -20.704 11.4 23.824 -21.452 11.319 24.059 -21.285
4 16 11.319 24.059 -21.285 11.4 23.824 -21.452 10.378 24.111 -21.946 10.398 24.317 -21.729
4 16 10.398 24.317 -21.729 10.378 24.111 -21.946 9.387 24.712 -22.109 9.506 24.858 -21.876
4 16 9.506 24.858 -21.876 9.387 24.712 -22.109 8.578 25.536 -21.918 8.778 25.6 -21.704
4 16 8.778 25.6 -21.704 8.578 25.536 -21.918 8.074 26.457 -21.401 8.325 26.429 -21.239
3 16 9.855 25.376 -22.461 9.506 24.858 -21.876 9.199 26.082 -22.308
3 16 8.778 25.6 -21.704 9.199 26.082 -22.308 9.506 24.858 -21.876
3 16 8.215 27.221 -20.551 8.465 27.852 -19.747 8.826 27.747 -21.443
3 16 9.166 28.453 -20.862 8.826 27.747 -21.443 8.465 27.852 -19.747
3 16 9.166 28.453 -20.862 8.465 27.852 -19.747 9.805 28.925 -20.296
3 16 10.647 29.091 -19.832 9.805 28.925 -20.296 9.846 28.293 -18.273
3 16 13.07 27.748 -19.616 12.414 28.454 -19.464 12.386 26.753 -17.854
3 16 11.658 27.495 -17.682 12.386 26.753 -17.854 12.414 28.454 -19.464
3 16 13.07 27.748 -19.616 12.386 26.753 -17.854 13.431 26.915 -19.974
3 16 12.839 25.923 -18.319 13.431 26.915 -19.974 12.386 26.753 -17.854
3 16 13.443 26.083 -20.482 13.431 26.915 -19.974 12.95 25.132 -19.007
3 16 12.839 25.923 -18.319 12.95 25.132 -19.007 13.431 26.915 -19.974
3 16 13.443 26.083 -20.482 12.95 25.132 -19.007 13.103 25.377 -21.063
3 16 12.699 24.5 -19.812 13.103 25.377 -21.063 12.95 25.132 -19.007
3 16 13.103 25.377 -21.063 12.699 24.5 -19.812 12.464 24.905 -21.629
3 16 12.126 24.124 -20.611 12.464 24.905 -21.629 12.699 24.5 -19.812
3 16 12.464 24.905 -21.629 12.126 24.124 -20.611 11.622 24.739 -22.093
3 16 11.319 24.059 -21.285 11.622 24.739 -22.093 12.126 24.124 -20.611
3 16 11.622 24.739 -22.093 11.319 24.059 -21.285 10.706 24.905 -22.385
3 16 10.398 24.317 -21.729 10.706 24.905 -22.385 11.319 24.059 -21.285
3 16 10.706 24.905 -22.385 10.398 24.317 -21.729 9.855 25.376 -22.461
3 16 9.506 24.858 -21.876 9.855 25.376 -22.461 10.398 24.317 -21.729
3 16 9.846 28.293 -18.273 9.805 28.925 -20.296 9.038 28.229 -18.946
3 16 9.038 28.229 -18.946 9.805 28.925 -20.296 8.465 27.852 -19.747
4 16 10.822 27.837 -20.529 11.217 27.246 -20.723 10.506 27.512 -20.865 10.631 27.703 -20.693
4 16 11.36 27.863 -20.282 11.217 27.246 -20.723 10.822 27.837 -20.529 11.07 27.899 -20.384
4 16 11.815 27.521 -20.296 11.217 27.246 -20.723 11.36 27.863 -20.282 11.608 27.738 -20.252
4 16 11.815 27.521 -20.296 11.951 27.246 -20.407 11.955 26.98 -20.57 11.217 27.246 -20.723
3 16 11.217 27.246 -20.723 11.955 26.98 -20.57 11.847 26.753 -20.756
4 16 11.372 26.549 -21.085 11.217 27.246 -20.723 11.847 26.753 -20.756 11.642 26.603 -20.937
3 16 11.217 27.246 -20.723 11.372 26.549 -21.085 11.08 26.603 -21.179
4 16 11.08 26.603 -21.179 10.807 26.753 -21.203 10.597 26.979 -21.154 11.217 27.246 -20.723
4 16 10.506 27.512 -20.865 11.217 27.246 -20.723 10.597 26.979 -21.154 10.5 27.246 -21.032
3 16 9.387 28.273 -20.878 9.299 27.842 -21.181 9.057 27.664 -21.395
4 16 12.297 25.564 -21.294 12.33 25.106 -21.562 11.573 24.957 -21.98 11.594 25.435 -21.676
4 16 13.014 25.958 -20.743 12.908 25.748 -20.918 12.669 25.417 -21.224 12.836 25.966 -20.815
4 16 12.33 25.106 -21.562 12.297 25.564 -21.294 12.836 25.966 -20.815 12.669 25.417 -21.224
4 16 8.325 26.429 -21.239 8.838 26.915 -21.951 9.199 26.082 -22.308 8.778 25.6 -21.704
4 16 8.215 27.221 -20.551 8.826 27.747 -21.443 8.838 26.915 -21.951 8.325 26.429 -21.239
4 16 10.766 28.035 -17.829 11.563 28.926 -19.539 10.647 29.091 -19.832 9.846 28.293 -18.273
4 16 11.658 27.495 -17.682 12.414 28.454 -19.464 11.563 28.926 -19.539 10.766 28.035 -17.829
4 16 10.896 25.817 -21.741 11.045 26.441 -21.293 11.411 26.375 -21.176 11.559 25.714 -21.519
4 16 12.286 28.3 -19.614 11.737 27.905 -20.094 11.379 28.094 -20.131 11.52 28.725 -19.682
4 16 10.696 28.873 -19.945 11.52 28.725 -19.682 11.379 28.094 -20.131 11.01 28.168 -20.244
4 16 10.651 28.12 -20.429 10.08 28.726 -20.301 10.696 28.873 -19.945 11.01 28.168 -20.244
4 16 10.35 27.931 -20.675 9.533 28.252 -20.828 10.08 28.726 -20.301 10.651 28.12 -20.429
4 16 10.35 27.931 -20.675 10.207 27.596 -20.942 9.445 27.852 -21.112 9.533 28.252 -20.828
4 16 10.243 27.246 -21.142 9.545 27.245 -21.443 9.445 27.852 -21.112 10.207 27.596 -20.942
4 16 10.397 26.912 -21.282 9.854 26.639 -21.683 9.545 27.245 -21.443 10.243 27.246 -21.142
4 16 10.333 26.16 -21.772 10.681 26.613 -21.343 11.045 26.441 -21.293 10.896 25.817 -21.741
4 16 9.854 26.639 -21.683 10.397 26.912 -21.282 10.681 26.613 -21.343 10.333 26.16 -21.772
4 16 12.286 28.3 -19.614 12.619 27.942 -19.691 11.992 27.614 -20.163 11.737 27.905 -20.094
4 16 12.619 27.942 -19.691 12.917 27.281 -19.97 12.153 27.246 -20.32 11.992 27.614 -20.163
4 16 12.896 26.639 -20.374 12.14 26.913 -20.531 12.153 27.246 -20.32 12.917 27.281 -19.97
4 16 11.411 26.375 -21.176 11.748 26.442 -20.99 12.177 25.818 -21.19 11.559 25.714 -21.519
4 16 11.748 26.442 -20.99 12.004 26.631 -20.764 12.646 26.143 -20.788 12.177 25.818 -21.19
4 16 12.004 26.631 -20.764 12.14 26.913 -20.531 12.896 26.639 -20.374 12.646 26.143 -20.788
4 16 9.299 27.842 -21.181 9.352 27.245 -21.526 9.068 26.915 -21.852 9.057 27.664 -21.395
4 16 9.606 26.553 -21.843 9.393 26.165 -22.174 9.068 26.915 -21.852 9.352 27.245 -21.526
4 16 10.134 25.965 -21.978 9.983 25.53 -22.311 9.393 26.165 -22.174 9.606 26.553 -21.843
4 16 10.134 25.965 -21.978 10.873 25.555 -21.912 10.749 25.105 -22.243 9.983 25.53 -22.311
4 16 10.873 25.555 -21.912 11.594 25.435 -21.676 11.573 24.957 -21.98 10.749 25.105 -22.243
4 16 13.123 26.282 -20.497 13.014 25.958 -20.743 12.836 25.966 -20.815 13.091 26.553 -20.343
3 16 13.123 26.282 -20.497 13.091 26.553 -20.343 13.034 27.333 -19.887
3 16 13.034 27.333 -19.887 13.133 26.717 -20.225 13.123 26.282 -20.497

0 // Black
3 0 13.07 27.748 -19.616 13.034 27.333 -19.887 12.619 27.942 -19.691
4 0 9.166 28.453 -20.862 9.805 28.925 -20.296 10.08 28.726 -20.301 9.387 28.273 -20.878
3 0 12.906 25.531 -21.053 13.059 25.848 -20.791 13.103 25.377 -21.063
3 0 12.33 25.106 -21.562 12.618 25.318 -21.308 12.464 24.905 -21.629
4 0 8.826 27.747 -21.443 9.057 27.664 -21.395 9.068 26.915 -21.852 8.838 26.915 -21.951
4 0 9.166 28.453 -20.862 9.387 28.273 -20.878 9.057 27.664 -21.395 8.826 27.747 -21.443
4 0 10.647 29.091 -19.832 10.696 28.873 -19.945 10.08 28.726 -20.301 9.805 28.925 -20.296
4 0 11.563 28.926 -19.539 11.52 28.725 -19.682 10.696 28.873 -19.945 10.647 29.091 -19.832
4 0 12.414 28.454 -19.464 12.286 28.3 -19.614 11.52 28.725 -19.682 11.563 28.926 -19.539
4 0 13.07 27.748 -19.616 12.619 27.942 -19.691 12.286 28.3 -19.614 12.414 28.454 -19.464
4 0 13.07 27.748 -19.616 13.431 26.915 -19.974 13.201 26.915 -20.073 13.034 27.333 -19.887
4 0 13.212 26.166 -20.53 13.201 26.915 -20.073 13.431 26.915 -19.974 13.443 26.083 -20.482
4 0 13.212 26.166 -20.53 13.443 26.083 -20.482 13.103 25.377 -21.063 13.059 25.848 -20.791
4 0 12.906 25.531 -21.053 13.103 25.377 -21.063 12.464 24.905 -21.629 12.618 25.318 -21.308
4 0 11.622 24.739 -22.093 11.573 24.957 -21.98 12.33 25.106 -21.562 12.464 24.905 -21.629
4 0 10.706 24.905 -22.385 10.749 25.105 -22.243 11.573 24.957 -21.98 11.622 24.739 -22.093
4 0 9.855 25.376 -22.461 9.983 25.53 -22.311 10.749 25.105 -22.243 10.706 24.905 -22.385
4 0 9.199 26.082 -22.308 9.393 26.165 -22.174 9.983 25.53 -22.311 9.855 25.376 -22.461
4 0 8.838 26.915 -21.951 9.068 26.915 -21.852 9.393 26.165 -22.174 9.199 26.082 -22.308

0 // Light Bluish Grey
3 71 12.917 27.281 -19.97 12.619 27.942 -19.691 13.034 27.333 -19.887
4 71 12.646 26.143 -20.788 12.896 26.639 -20.374 13.091 26.553 -20.343 12.836 25.966 -20.815
3 71 9.533 28.252 -20.828 9.387 28.273 -20.878 10.08 28.726 -20.301
3 71 12.669 25.417 -21.224 12.906 25.531 -21.053 12.618 25.318 -21.308
3 71 12.669 25.417 -21.224 12.618 25.318 -21.308 12.33 25.106 -21.562
3 71 12.906 25.531 -21.053 12.669 25.417 -21.224 12.908 25.748 -20.918
3 71 13.034 27.333 -19.887 13.201 26.915 -20.073 13.133 26.717 -20.225
4 71 11.07 27.899 -20.384 11.01 28.168 -20.244 11.379 28.094 -20.131 11.36 27.863 -20.282
4 71 11.36 27.863 -20.282 11.379 28.094 -20.131 11.737 27.905 -20.094 11.608 27.738 -20.252
4 71 11.608 27.738 -20.252 11.737 27.905 -20.094 11.992 27.614 -20.163 11.815 27.521 -20.296
4 71 11.815 27.521 -20.296 11.992 27.614 -20.163 12.153 27.246 -20.32 11.951 27.246 -20.407
4 71 11.951 27.246 -20.407 12.153 27.246 -20.32 12.14 26.913 -20.531 11.955 26.98 -20.57
4 71 11.955 26.98 -20.57 12.14 26.913 -20.531 12.004 26.631 -20.764 11.847 26.753 -20.756
4 71 11.847 26.753 -20.756 12.004 26.631 -20.764 11.748 26.442 -20.99 11.642 26.603 -20.937
4 71 11.642 26.603 -20.937 11.748 26.442 -20.99 11.411 26.375 -21.176 11.372 26.549 -21.085
4 71 11.372 26.549 -21.085 11.411 26.375 -21.176 11.045 26.441 -21.293 11.08 26.603 -21.179
4 71 11.08 26.603 -21.179 11.045 26.441 -21.293 10.681 26.613 -21.343 10.807 26.753 -21.203
4 71 10.807 26.753 -21.203 10.681 26.613 -21.343 10.397 26.912 -21.282 10.597 26.979 -21.154
4 71 10.597 26.979 -21.154 10.397 26.912 -21.282 10.243 27.246 -21.142 10.5 27.246 -21.032
4 71 10.5 27.246 -21.032 10.243 27.246 -21.142 10.207 27.596 -20.942 10.506 27.512 -20.865
4 71 10.506 27.512 -20.865 10.207 27.596 -20.942 10.35 27.931 -20.675 10.631 27.703 -20.693
4 71 10.631 27.703 -20.693 10.35 27.931 -20.675 10.651 28.12 -20.429 10.822 27.837 -20.529
4 71 10.822 27.837 -20.529 10.651 28.12 -20.429 11.01 28.168 -20.244 11.07 27.899 -20.384
4 71 9.445 27.852 -21.112 9.545 27.245 -21.443 9.352 27.245 -21.526 9.299 27.842 -21.181
4 71 9.533 28.252 -20.828 9.445 27.852 -21.112 9.299 27.842 -21.181 9.387 28.273 -20.878
4 71 9.854 26.639 -21.683 9.606 26.553 -21.843 9.352 27.245 -21.526 9.545 27.245 -21.443
4 71 10.333 26.16 -21.772 10.134 25.965 -21.978 9.606 26.553 -21.843 9.854 26.639 -21.683
4 71 10.896 25.817 -21.741 10.873 25.555 -21.912 10.134 25.965 -21.978 10.333 26.16 -21.772
4 71 11.559 25.714 -21.519 11.594 25.435 -21.676 10.873 25.555 -21.912 10.896 25.817 -21.741
4 71 12.177 25.818 -21.19 12.297 25.564 -21.294 11.594 25.435 -21.676 11.559 25.714 -21.519
4 71 12.646 26.143 -20.788 12.836 25.966 -20.815 12.297 25.564 -21.294 12.177 25.818 -21.19
4 71 13.091 26.553 -20.343 12.896 26.639 -20.374 12.917 27.281 -19.97 13.034 27.333 -19.887
4 71 13.059 25.848 -20.791 13.014 25.958 -20.743 13.123 26.282 -20.497 13.212 26.166 -20.53
4 71 13.059 25.848 -20.791 12.906 25.531 -21.053 12.908 25.748 -20.918 13.014 25.958 -20.743
4 71 13.123 26.282 -20.497 13.133 26.717 -20.225 13.201 26.915 -20.073 13.212 26.166 -20.53

0 // Edge Lines
2 24 8.838 26.915 -21.951 8.826 27.747 -21.443
2 24 8.826 27.747 -21.443 9.166 28.453 -20.862
2 24 9.166 28.453 -20.862 9.805 28.925 -20.296
2 24 9.805 28.925 -20.296 10.647 29.091 -19.832
2 24 10.647 29.091 -19.832 11.563 28.926 -19.539
2 24 11.563 28.926 -19.539 12.414 28.454 -19.464
2 24 12.414 28.454 -19.464 13.07 27.748 -19.616
2 24 13.07 27.748 -19.616 13.431 26.915 -19.974
2 24 13.431 26.915 -19.974 13.443 26.083 -20.482
2 24 13.443 26.083 -20.482 13.103 25.377 -21.063
2 24 13.103 25.377 -21.063 12.464 24.905 -21.629
2 24 12.464 24.905 -21.629 11.622 24.739 -22.093
2 24 11.622 24.739 -22.093 10.706 24.905 -22.385
2 24 10.706 24.905 -22.385 9.855 25.376 -22.461
2 24 9.855 25.376 -22.461 9.199 26.082 -22.308
2 24 9.199 26.082 -22.308 8.838 26.915 -21.951
2 24 8.074 26.457 -21.401 7.952 27.336 -20.637
2 24 7.952 27.336 -20.637 8.23 28.038 -19.743
2 24 8.23 28.038 -19.743 8.867 28.457 -18.854
2 24 8.867 28.457 -18.854 9.764 28.528 -18.106
2 24 9.764 28.528 -18.106 10.786 28.241 -17.613
2 24 10.786 28.241 -17.613 11.777 27.641 -17.449
2 24 11.777 27.641 -17.449 12.586 26.816 -17.64
2 24 12.586 26.816 -17.64 13.09 25.895 -18.157
2 24 13.09 25.895 -18.157 13.212 25.017 -18.921
2 24 13.212 25.017 -18.921 12.934 24.314 -19.816
2 24 12.934 24.314 -19.816 12.298 23.896 -20.704
2 24 12.298 23.896 -20.704 11.4 23.824 -21.452
2 24 11.4 23.824 -21.452 10.378 24.111 -21.946
2 24 10.378 24.111 -21.946 9.387 24.712 -22.109
2 24 9.387 24.712 -22.109 8.578 25.536 -21.918
2 24 8.578 25.536 -21.918 8.074 26.457 -21.401
2 24 8.325 26.429 -21.239 8.215 27.221 -20.551
2 24 8.215 27.221 -20.551 8.465 27.852 -19.747
2 24 8.465 27.852 -19.747 9.038 28.229 -18.946
2 24 9.038 28.229 -18.946 9.846 28.293 -18.273
2 24 9.846 28.293 -18.273 10.766 28.035 -17.829
2 24 10.766 28.035 -17.829 11.658 27.495 -17.682
2 24 11.658 27.495 -17.682 12.386 26.753 -17.854
2 24 12.386 26.753 -17.854 12.839 25.923 -18.319
2 24 12.839 25.923 -18.319 12.95 25.132 -19.007
2 24 12.95 25.132 -19.007 12.699 24.5 -19.812
2 24 12.699 24.5 -19.812 12.126 24.124 -20.611
2 24 12.126 24.124 -20.611 11.319 24.059 -21.285
2 24 11.319 24.059 -21.285 10.398 24.317 -21.729
2 24 10.398 24.317 -21.729 9.506 24.858 -21.876
2 24 9.506 24.858 -21.876 8.778 25.6 -21.704
2 24 8.778 25.6 -21.704 8.325 26.429 -21.239
