0 ~Minifig Helmet SW Flametrooper Episode  7 and Walker Driver Episode  8 - Inside
0 Name: s\20905s02.dat
0 Author: Ulrich Röder [UR]
0 !LDRAW_ORG Unofficial_Subpart 
0 !LICENSE Redistributable under CCAL version 2.0 : see CAreadme.txt

0 BFC CERTIFY CCW


0 // Main
1 16 0 -4 0 1 0 0 0 -1 0 0 0 1 stud16.dat
1 16 0 -4 0 11 0 0 0 -1 0 0 0 11 4-4disc.dat
1 16 0 -4 0 11 0 0 0 -1 0 0 0 11 4-4edge.dat

0 // Right
3 16 -7.812 25.93 -15.075 -9.881 25.279 -12.787 -7.869 20.607 -13.6
3 16 -9.881 25.279 -12.787 -10.113 19.618 -10.475 -7.869 20.607 -13.6
3 16 -7.812 25.93 -15.075 -7.869 20.607 -13.6 -5.411 24.892 -16.315
3 16 -7.869 20.607 -13.6 -5.571 19.672 -15.041 -5.411 24.892 -16.315
3 16 -5.411 24.892 -16.315 -5.571 19.672 -15.041 -2.514 23.504 -17.009
3 16 -5.571 19.672 -15.041 -2.86 18.577 -15.805 -2.514 23.504 -17.009
3 16 0 17.086 12.872 -4.178 17.172 12.169 0 18.446 13.199
3 16 -4.178 17.172 12.169 -4.996 18.583 12.258 0 18.446 13.199
3 16 -4.178 17.172 12.169 -8.58 17.329 9.636 -4.996 18.583 12.258
3 16 -8.58 17.329 9.636 -8.937 18.665 9.744 -4.996 18.583 12.258
3 16 -8.58 17.329 9.636 -12.36 17.625 3.891 -8.937 18.665 9.744
3 16 -12.36 17.625 3.891 -12.752 19.081 3.79 -8.937 18.665 9.744
3 16 -12.36 17.625 3.891 -12.925 18.827 -1.396 -12.752 19.081 3.79
3 16 -12.925 18.827 -1.396 -13.197 20.245 -1.58 -12.752 19.081 3.79
3 16 -12.925 18.827 -1.396 -11.608 21.194 -7.776 -13.197 20.245 -1.58
3 16 -11.608 21.194 -7.776 -11.674 22.754 -8.482 -13.197 20.245 -1.58
3 16 -11.608 21.194 -7.776 -11.523 17.46 -6.22 -10.113 19.618 -10.475
3 16 0 22.995 -17.224 0 24.645 -18.225 -2.514 23.504 -17.009
3 16 0 24.645 -18.225 -2.468 25.18 -18.101 -2.514 23.504 -17.009
4 16 -5.461 26.696 -17.46 -5.411 24.892 -16.315 -2.514 23.504 -17.009 -2.468 25.18 -18.101
3 16 -5.411 24.892 -16.315 -5.461 26.696 -17.46 -7.812 25.93 -15.075
3 16 -5.461 26.696 -17.46 -7.775 27.917 -16.05 -7.812 25.93 -15.075
3 16 -9.881 25.279 -12.787 -7.812 25.93 -15.075 -10.314 27.058 -14.083
3 16 -7.812 25.93 -15.075 -7.775 27.917 -16.05 -10.314 27.058 -14.083
3 16 -11.674 22.754 -8.482 -9.881 25.279 -12.787 -12.14 24.75 -10.726
3 16 -9.881 25.279 -12.787 -10.314 27.058 -14.083 -12.14 24.75 -10.726
3 16 -14.562 20.628 -1.205 -13.197 20.245 -1.58 -13.711 22.344 -5.703
3 16 -13.197 20.245 -1.58 -11.674 22.754 -8.482 -13.711 22.344 -5.703
3 16 -8.937 18.665 9.744 -11.875 19.171 8.621 -8.709 19.09 11.902
3 16 -4.996 18.583 12.258 -4.298 18.9 14.144 0 18.446 13.199
3 16 -4.298 18.9 14.144 0 18.835 14.806 0 18.446 13.199
3 16 -12.962 15.331 -.441 -11.523 17.46 -6.22 -12.925 18.827 -1.396
3 16 -11.523 17.46 -6.22 -11.608 21.194 -7.776 -12.925 18.827 -1.396
3 16 -11.934 14.393 4.944 -12.962 15.331 -.441 -12.36 17.625 3.891
3 16 -12.962 15.331 -.441 -12.925 18.827 -1.396 -12.36 17.625 3.891
3 16 -7.487 14.152 10.492 -11.934 14.393 4.944 -8.58 17.329 9.636
3 16 -11.934 14.393 4.944 -12.36 17.625 3.891 -8.58 17.329 9.636
3 16 -3.628 14 12.34 -7.487 14.152 10.492 -4.178 17.172 12.169
3 16 -7.487 14.152 10.492 -8.58 17.329 9.636 -4.178 17.172 12.169
3 16 0 13.948 12.852 -3.628 14 12.34 0 17.086 12.872
3 16 -3.628 14 12.34 -4.178 17.172 12.169 0 17.086 12.872
3 16 -2.86 18.577 -15.805 -2.965 9.868 -12.856 0 18.033 -16.183
3 16 -2.965 9.868 -12.856 0 9.605 -13.235 0 18.033 -16.183
4 16 -5.571 19.672 -15.041 -5.472 10.384 -12.006 -2.965 9.868 -12.856 -2.86 18.577 -15.805
3 16 -7.869 20.607 -13.6 -8.067 10.795 -10.298 -5.571 19.672 -15.041
3 16 -8.067 10.795 -10.298 -5.472 10.384 -12.006 -5.571 19.672 -15.041
3 16 -7.869 20.607 -13.6 -10.113 19.618 -10.475 -8.067 10.795 -10.298
3 16 -10.113 19.618 -10.475 -11.105 8.335 -6.618 -8.067 10.795 -10.298
4 16 -12.853 5.714 -1.338 -11.105 8.335 -6.618 -10.113 19.618 -10.475 -11.523 17.46 -6.22
3 16 -11.523 17.46 -6.22 -12.962 15.331 -.441 -12.853 5.714 -1.338
3 16 -12.962 15.331 -.441 -12.336 5.036 3.778 -12.853 5.714 -1.338
3 16 -12.962 15.331 -.441 -11.934 14.393 4.944 -12.336 5.036 3.778
3 16 -11.934 14.393 4.944 -9.984 4.64 8.137 -12.336 5.036 3.778
3 16 -11.934 14.393 4.944 -7.487 14.152 10.492 -9.984 4.64 8.137
3 16 -7.487 14.152 10.492 -5.375 4.475 11.64 -9.984 4.64 8.137
3 16 0 13.948 12.852 0 4.42 12.789 -3.628 14 12.34
3 16 0 4.42 12.789 -5.375 4.475 11.64 -3.628 14 12.34
3 16 -11.105 8.335 -6.618 -12.853 5.714 -1.338 -12.273 .52 -3.388
3 16 -12.853 5.714 -1.338 -12.525 .376 1.359 -12.273 .52 -3.388
3 16 -12.853 5.714 -1.338 -12.336 5.036 3.778 -12.525 .376 1.359
3 16 -12.336 5.036 3.778 -11.066 .218 6.009 -12.525 .376 1.359
3 16 -12.336 5.036 3.778 -9.984 4.64 8.137 -11.066 .218 6.009
3 16 -9.984 4.64 8.137 -8.144 .132 9.466 -11.066 .218 6.009
3 16 -9.984 4.64 8.137 -5.375 4.475 11.64 -8.144 .132 9.466
3 16 -5.375 4.475 11.64 -3.793 .089 11.89 -8.144 .132 9.466
3 16 0 .079 12.447 -3.793 .089 11.89 0 4.42 12.789
3 16 -3.793 .089 11.89 -5.375 4.475 11.64 0 4.42 12.789
3 16 0 .524 -12.758 -4.236 .544 -11.982 0 -4 -11
3 16 -4.236 .544 -11.982 -4.21 -4 -10.163 0 -4 -11
3 16 -4.236 .544 -11.982 -7.367 .577 -10.486 -4.21 -4 -10.163
3 16 -7.367 .577 -10.486 -7.778 -4 -7.778 -4.21 -4 -10.163
3 16 -7.367 .577 -10.486 -10.349 .611 -7.392 -7.778 -4 -7.778
3 16 -10.349 .611 -7.392 -10.163 -4 -4.21 -7.778 -4 -7.778
3 16 -10.349 .611 -7.392 -12.273 .52 -3.388 -10.163 -4 -4.21
3 16 -12.273 .52 -3.388 -12.525 .376 1.359 -10.163 -4 -4.21
3 16 -12.525 .376 1.359 -11 -4 0 -10.163 -4 -4.21
3 16 -12.525 .376 1.359 -11.066 .218 6.009 -11 -4 0
3 16 -11.066 .218 6.009 -10.163 -4 4.21 -11 -4 0
3 16 -11.066 .218 6.009 -8.144 .132 9.466 -10.163 -4 4.21
3 16 -8.144 .132 9.466 -7.778 -4 7.778 -10.163 -4 4.21
3 16 -8.144 .132 9.466 -3.793 .089 11.89 -7.778 -4 7.778
3 16 -3.793 .089 11.89 -4.21 -4 10.163 -7.778 -4 7.778
3 16 0 -4 11 -4.21 -4 10.163 0 .079 12.447
3 16 -4.21 -4 10.163 -3.793 .089 11.89 0 .079 12.447
3 16 -8.067 10.795 -10.298 -11.105 8.335 -6.618 -10.349 .611 -7.392
3 16 -11.105 8.335 -6.618 -12.273 .52 -3.388 -10.349 .611 -7.392
3 16 -10.349 .611 -7.392 -7.367 .577 -10.486 -8.067 10.795 -10.298
3 16 -7.367 .577 -10.486 -5.472 10.384 -12.006 -8.067 10.795 -10.298
3 16 -7.367 .577 -10.486 -4.236 .544 -11.982 -5.472 10.384 -12.006
3 16 -4.236 .544 -11.982 -2.965 9.868 -12.856 -5.472 10.384 -12.006
3 16 -4.236 .544 -11.982 0 .524 -12.758 -2.965 9.868 -12.856
3 16 0 .524 -12.758 0 9.605 -13.235 -2.965 9.868 -12.856
3 16 -2.514 23.504 -17.009 -2.86 18.577 -15.805 0 22.995 -17.224
3 16 -2.86 18.577 -15.805 0 18.033 -16.183 0 22.995 -17.224
3 16 -13.711 22.344 -5.703 -11.674 22.754 -8.482 -12.14 24.75 -10.726
3 16 -12.752 19.081 3.79 -13.197 20.245 -1.58 -14.517 19.657 2.907
3 16 -13.197 20.245 -1.58 -14.562 20.628 -1.205 -14.517 19.657 2.907
3 16 -8.937 18.665 9.744 -12.752 19.081 3.79 -11.875 19.171 8.621
3 16 -12.752 19.081 3.79 -14.517 19.657 2.907 -11.875 19.171 8.621
3 16 -8.937 18.665 9.744 -8.709 19.09 11.902 -4.996 18.583 12.258
3 16 -8.709 19.09 11.902 -4.298 18.9 14.144 -4.996 18.583 12.258
3 16 -5.375 4.475 11.64 -7.487 14.152 10.492 -3.628 14 12.34
3 16 -11.608 21.194 -7.776 -10.113 19.618 -10.475 -11.674 22.754 -8.482
3 16 -10.113 19.618 -10.475 -9.881 25.279 -12.787 -11.674 22.754 -8.482
0 // Left
3 16 9.881 25.279 -12.787 7.812 25.93 -15.075 7.869 20.607 -13.6
3 16 10.113 19.618 -10.475 9.881 25.279 -12.787 7.869 20.607 -13.6
3 16 7.869 20.607 -13.6 7.812 25.93 -15.075 5.411 24.892 -16.315
3 16 5.571 19.672 -15.041 7.869 20.607 -13.6 5.411 24.892 -16.315
3 16 5.571 19.672 -15.041 5.411 24.892 -16.315 2.514 23.504 -17.009
3 16 2.86 18.577 -15.805 5.571 19.672 -15.041 2.514 23.504 -17.009
3 16 4.178 17.172 12.169 0 17.086 12.872 0 18.446 13.199
3 16 4.996 18.583 12.258 4.178 17.172 12.169 0 18.446 13.199
3 16 8.58 17.329 9.636 4.178 17.172 12.169 4.996 18.583 12.258
3 16 8.937 18.665 9.744 8.58 17.329 9.636 4.996 18.583 12.258
3 16 12.36 17.625 3.891 8.58 17.329 9.636 8.937 18.665 9.744
3 16 12.752 19.081 3.79 12.36 17.625 3.891 8.937 18.665 9.744
3 16 12.925 18.827 -1.396 12.36 17.625 3.891 12.752 19.081 3.79
3 16 13.197 20.245 -1.58 12.925 18.827 -1.396 12.752 19.081 3.79
3 16 11.608 21.194 -7.776 12.925 18.827 -1.396 13.197 20.245 -1.58
3 16 11.674 22.754 -8.482 11.608 21.194 -7.776 13.197 20.245 -1.58
3 16 11.523 17.46 -6.22 11.608 21.194 -7.776 10.113 19.618 -10.475
3 16 0 24.645 -18.225 0 22.995 -17.224 2.514 23.504 -17.009
3 16 2.468 25.18 -18.101 0 24.645 -18.225 2.514 23.504 -17.009
4 16 5.461 26.696 -17.46 2.468 25.18 -18.101 2.514 23.504 -17.009 5.411 24.892 -16.315
3 16 5.461 26.696 -17.46 5.411 24.892 -16.315 7.812 25.93 -15.075
3 16 7.775 27.917 -16.05 5.461 26.696 -17.46 7.812 25.93 -15.075
3 16 7.812 25.93 -15.075 9.881 25.279 -12.787 10.314 27.058 -14.083
3 16 7.775 27.917 -16.05 7.812 25.93 -15.075 10.314 27.058 -14.083
3 16 9.881 25.279 -12.787 11.674 22.754 -8.482 12.14 24.75 -10.726
3 16 10.314 27.058 -14.083 9.881 25.279 -12.787 12.14 24.75 -10.726
3 16 13.197 20.245 -1.58 14.562 20.628 -1.205 13.711 22.344 -5.703
3 16 11.674 22.754 -8.482 13.197 20.245 -1.58 13.711 22.344 -5.703
3 16 11.875 19.171 8.621 8.937 18.665 9.744 8.709 19.09 11.902
3 16 4.298 18.9 14.144 4.996 18.583 12.258 0 18.446 13.199
3 16 0 18.835 14.806 4.298 18.9 14.144 0 18.446 13.199
3 16 11.523 17.46 -6.22 12.962 15.331 -.441 12.925 18.827 -1.396
3 16 11.608 21.194 -7.776 11.523 17.46 -6.22 12.925 18.827 -1.396
3 16 12.962 15.331 -.441 11.934 14.393 4.944 12.36 17.625 3.891
3 16 12.925 18.827 -1.396 12.962 15.331 -.441 12.36 17.625 3.891
3 16 11.934 14.393 4.944 7.487 14.152 10.492 8.58 17.329 9.636
3 16 12.36 17.625 3.891 11.934 14.393 4.944 8.58 17.329 9.636
3 16 7.487 14.152 10.492 3.628 14 12.34 4.178 17.172 12.169
3 16 8.58 17.329 9.636 7.487 14.152 10.492 4.178 17.172 12.169
3 16 3.628 14 12.34 0 13.948 12.852 0 17.086 12.872
3 16 4.178 17.172 12.169 3.628 14 12.34 0 17.086 12.872
3 16 2.965 9.868 -12.856 2.86 18.577 -15.805 0 18.033 -16.183
3 16 0 9.605 -13.235 2.965 9.868 -12.856 0 18.033 -16.183
4 16 2.965 9.868 -12.856 5.472 10.384 -12.006 5.571 19.672 -15.041 2.86 18.577 -15.805
3 16 8.067 10.795 -10.298 7.869 20.607 -13.6 5.571 19.672 -15.041
3 16 5.472 10.384 -12.006 8.067 10.795 -10.298 5.571 19.672 -15.041
3 16 10.113 19.618 -10.475 7.869 20.607 -13.6 8.067 10.795 -10.298
3 16 11.105 8.335 -6.618 10.113 19.618 -10.475 8.067 10.795 -10.298
4 16 10.113 19.618 -10.475 11.105 8.335 -6.618 12.853 5.714 -1.338 11.523 17.46 -6.22
3 16 12.962 15.331 -.441 11.523 17.46 -6.22 12.853 5.714 -1.338
3 16 12.336 5.036 3.778 12.962 15.331 -.441 12.853 5.714 -1.338
3 16 11.934 14.393 4.944 12.962 15.331 -.441 12.336 5.036 3.778
3 16 9.984 4.64 8.137 11.934 14.393 4.944 12.336 5.036 3.778
3 16 7.487 14.152 10.492 11.934 14.393 4.944 9.984 4.64 8.137
3 16 5.375 4.475 11.64 7.487 14.152 10.492 9.984 4.64 8.137
3 16 0 4.42 12.789 0 13.948 12.852 3.628 14 12.34
3 16 5.375 4.475 11.64 0 4.42 12.789 3.628 14 12.34
3 16 12.853 5.714 -1.338 11.105 8.335 -6.618 12.273 .52 -3.388
3 16 12.525 .376 1.359 12.853 5.714 -1.338 12.273 .52 -3.388
3 16 12.336 5.036 3.778 12.853 5.714 -1.338 12.525 .376 1.359
3 16 11.066 .218 6.009 12.336 5.036 3.778 12.525 .376 1.359
3 16 9.984 4.64 8.137 12.336 5.036 3.778 11.066 .218 6.009
3 16 8.144 .132 9.466 9.984 4.64 8.137 11.066 .218 6.009
3 16 5.375 4.475 11.64 9.984 4.64 8.137 8.144 .132 9.466
3 16 3.793 .089 11.89 5.375 4.475 11.64 8.144 .132 9.466
3 16 3.793 .089 11.89 0 .079 12.447 0 4.42 12.789
3 16 5.375 4.475 11.64 3.793 .089 11.89 0 4.42 12.789
3 16 4.236 .544 -11.982 0 .524 -12.758 0 -4 -11
3 16 4.21 -4 -10.163 4.236 .544 -11.982 0 -4 -11
3 16 7.367 .577 -10.486 4.236 .544 -11.982 4.21 -4 -10.163
3 16 7.778 -4 -7.778 7.367 .577 -10.486 4.21 -4 -10.163
3 16 10.349 .611 -7.392 7.367 .577 -10.486 7.778 -4 -7.778
3 16 10.163 -4 -4.21 10.349 .611 -7.392 7.778 -4 -7.778
3 16 12.273 .52 -3.388 10.349 .611 -7.392 10.163 -4 -4.21
3 16 12.525 .376 1.359 12.273 .52 -3.388 10.163 -4 -4.21
3 16 11 -4 0 12.525 .376 1.359 10.163 -4 -4.21
3 16 11.066 .218 6.009 12.525 .376 1.359 11 -4 0
3 16 10.163 -4 4.21 11.066 .218 6.009 11 -4 0
3 16 8.144 .132 9.466 11.066 .218 6.009 10.163 -4 4.21
3 16 7.778 -4 7.778 8.144 .132 9.466 10.163 -4 4.21
3 16 3.793 .089 11.89 8.144 .132 9.466 7.778 -4 7.778
3 16 4.21 -4 10.163 3.793 .089 11.89 7.778 -4 7.778
3 16 4.21 -4 10.163 0 -4 11 0 .079 12.447
3 16 3.793 .089 11.89 4.21 -4 10.163 0 .079 12.447
3 16 11.105 8.335 -6.618 8.067 10.795 -10.298 10.349 .611 -7.392
3 16 12.273 .52 -3.388 11.105 8.335 -6.618 10.349 .611 -7.392
3 16 7.367 .577 -10.486 10.349 .611 -7.392 8.067 10.795 -10.298
3 16 5.472 10.384 -12.006 7.367 .577 -10.486 8.067 10.795 -10.298
3 16 4.236 .544 -11.982 7.367 .577 -10.486 5.472 10.384 -12.006
3 16 2.965 9.868 -12.856 4.236 .544 -11.982 5.472 10.384 -12.006
3 16 0 .524 -12.758 4.236 .544 -11.982 2.965 9.868 -12.856
3 16 0 9.605 -13.235 0 .524 -12.758 2.965 9.868 -12.856
3 16 2.86 18.577 -15.805 2.514 23.504 -17.009 0 22.995 -17.224
3 16 0 18.033 -16.183 2.86 18.577 -15.805 0 22.995 -17.224
3 16 11.674 22.754 -8.482 13.711 22.344 -5.703 12.14 24.75 -10.726
3 16 13.197 20.245 -1.58 12.752 19.081 3.79 14.517 19.657 2.907
3 16 14.562 20.628 -1.205 13.197 20.245 -1.58 14.517 19.657 2.907
3 16 12.752 19.081 3.79 8.937 18.665 9.744 11.875 19.171 8.621
3 16 14.517 19.657 2.907 12.752 19.081 3.79 11.875 19.171 8.621
3 16 8.709 19.09 11.902 8.937 18.665 9.744 4.996 18.583 12.258
3 16 4.298 18.9 14.144 8.709 19.09 11.902 4.996 18.583 12.258
3 16 7.487 14.152 10.492 5.375 4.475 11.64 3.628 14 12.34
3 16 10.113 19.618 -10.475 11.608 21.194 -7.776 11.674 22.754 -8.482
3 16 9.881 25.279 -12.787 10.113 19.618 -10.475 11.674 22.754 -8.482

0 // Added lines/Condlines
5 24 -7.812 25.93 -15.075 -9.881 25.279 -12.787 -7.869 20.607 -13.6 -10.314 27.058 -14.083
5 24 -9.881 25.279 -12.787 -7.869 20.607 -13.6 -7.812 25.93 -15.075 -10.113 19.618 -10.475
5 24 -7.869 20.607 -13.6 -7.812 25.93 -15.075 -9.881 25.279 -12.787 -5.411 24.892 -16.315
5 24 -9.881 25.279 -12.787 -10.113 19.618 -10.475 -7.869 20.607 -13.6 -11.674 22.754 -8.482
5 24 -10.113 19.618 -10.475 -7.869 20.607 -13.6 -9.881 25.279 -12.787 -8.067 10.795 -10.298
5 24 -7.869 20.607 -13.6 -5.411 24.892 -16.315 -7.812 25.93 -15.075 -5.571 19.672 -15.041
5 24 -5.411 24.892 -16.315 -7.812 25.93 -15.075 -7.869 20.607 -13.6 -5.461 26.696 -17.46
5 24 -7.869 20.607 -13.6 -5.571 19.672 -15.041 -5.411 24.892 -16.315 -8.067 10.795 -10.298
5 24 -5.571 19.672 -15.041 -5.411 24.892 -16.315 -7.869 20.607 -13.6 -2.514 23.504 -17.009
5 24 -5.571 19.672 -15.041 -2.514 23.504 -17.009 -5.411 24.892 -16.315 -2.86 18.577 -15.805
5 24 -2.514 23.504 -17.009 -5.411 24.892 -16.315 -5.571 19.672 -15.041 -2.468 25.18 -18.101
5 24 -5.571 19.672 -15.041 -2.86 18.577 -15.805 -2.514 23.504 -17.009 -5.472 10.384 -12.006
5 24 -2.86 18.577 -15.805 -2.514 23.504 -17.009 -5.571 19.672 -15.041 0 22.995 -17.224
5 24 0 17.086 12.872 -4.178 17.172 12.169 0 18.446 13.199 -3.628 14 12.34
5 24 -4.178 17.172 12.169 0 18.446 13.199 0 17.086 12.872 -4.996 18.583 12.258
5 24 0 18.446 13.199 0 17.086 12.872 -4.178 17.172 12.169 4.178 17.172 12.169
5 24 -4.178 17.172 12.169 -4.996 18.583 12.258 0 18.446 13.199 -8.58 17.329 9.636
2 24 -4.996 18.583 12.258 0 18.446 13.199
5 24 -4.178 17.172 12.169 -8.58 17.329 9.636 -4.996 18.583 12.258 -7.487 14.152 10.492
5 24 -8.58 17.329 9.636 -4.996 18.583 12.258 -4.178 17.172 12.169 -8.937 18.665 9.744
5 24 -8.58 17.329 9.636 -8.937 18.665 9.744 -4.996 18.583 12.258 -12.36 17.625 3.891
2 24 -8.937 18.665 9.744 -4.996 18.583 12.258
5 24 -8.58 17.329 9.636 -12.36 17.625 3.891 -8.937 18.665 9.744 -11.934 14.393 4.944
5 24 -12.36 17.625 3.891 -8.937 18.665 9.744 -8.58 17.329 9.636 -12.752 19.081 3.79
5 24 -12.36 17.625 3.891 -12.752 19.081 3.79 -8.937 18.665 9.744 -12.925 18.827 -1.396
2 24 -12.752 19.081 3.79 -8.937 18.665 9.744
5 24 -12.36 17.625 3.891 -12.925 18.827 -1.396 -12.752 19.081 3.79 -12.962 15.331 -.441
5 24 -12.925 18.827 -1.396 -12.752 19.081 3.79 -12.36 17.625 3.891 -13.197 20.245 -1.58
5 24 -12.925 18.827 -1.396 -13.197 20.245 -1.58 -12.752 19.081 3.79 -11.608 21.194 -7.776
2 24 -13.197 20.245 -1.58 -12.752 19.081 3.79
5 24 -12.925 18.827 -1.396 -11.608 21.194 -7.776 -13.197 20.245 -1.58 -11.523 17.46 -6.22
5 24 -11.608 21.194 -7.776 -13.197 20.245 -1.58 -12.925 18.827 -1.396 -11.674 22.754 -8.482
5 24 -11.608 21.194 -7.776 -11.674 22.754 -8.482 -13.197 20.245 -1.58 -10.113 19.618 -10.475
5 24 -11.674 22.754 -8.482 -13.197 20.245 -1.58 -11.608 21.194 -7.776 -13.711 22.344 -5.703
5 24 -11.608 21.194 -7.776 -11.523 17.46 -6.22 -10.113 19.618 -10.475 -12.925 18.827 -1.396
5 24 -11.523 17.46 -6.22 -10.113 19.618 -10.475 -11.608 21.194 -7.776 -11.105 8.335 -6.618
5 24 -10.113 19.618 -10.475 -11.608 21.194 -7.776 -11.523 17.46 -6.22 -11.674 22.754 -8.482
5 24 0 22.995 -17.224 0 24.645 -18.225 -2.514 23.504 -17.009 2.514 23.504 -17.009
5 24 0 24.645 -18.225 -2.514 23.504 -17.009 0 22.995 -17.224 -2.468 25.18 -18.101
5 24 -2.514 23.504 -17.009 0 22.995 -17.224 0 24.645 -18.225 -2.86 18.577 -15.805
5 24 -2.468 25.18 -18.101 -2.514 23.504 -17.009 0 24.645 -18.225 -5.411 24.892 -16.315
5 24 -5.461 26.696 -17.46 -5.411 24.892 -16.315 -2.468 25.18 -18.101 -7.812 25.93 -15.075
5 24 -5.461 26.696 -17.46 -7.812 25.93 -15.075 -5.411 24.892 -16.315 -7.775 27.917 -16.05
5 24 -7.775 27.917 -16.05 -7.812 25.93 -15.075 -5.461 26.696 -17.46 -10.314 27.058 -14.083
5 24 -7.812 25.93 -15.075 -10.314 27.058 -14.083 -9.881 25.279 -12.787 -7.775 27.917 -16.05
5 24 -10.314 27.058 -14.083 -9.881 25.279 -12.787 -7.812 25.93 -15.075 -12.14 24.75 -10.726
5 24 -11.674 22.754 -8.482 -9.881 25.279 -12.787 -12.14 24.75 -10.726 -10.113 19.618 -10.475
5 24 -9.881 25.279 -12.787 -12.14 24.75 -10.726 -11.674 22.754 -8.482 -10.314 27.058 -14.083
5 24 -12.14 24.75 -10.726 -11.674 22.754 -8.482 -9.881 25.279 -12.787 -13.711 22.344 -5.703
5 24 -14.562 20.628 -1.205 -13.197 20.245 -1.58 -13.711 22.344 -5.703 -14.517 19.657 2.907
5 24 -13.197 20.245 -1.58 -13.711 22.344 -5.703 -14.562 20.628 -1.205 -11.674 22.754 -8.482
5 24 -11.674 22.754 -8.482 -13.711 22.344 -5.703 -13.197 20.245 -1.58 -12.14 24.75 -10.726
5 24 -8.937 18.665 9.744 -11.875 19.171 8.621 -8.709 19.09 11.902 -12.752 19.081 3.79
5 24 -8.709 19.09 11.902 -8.937 18.665 9.744 -11.875 19.171 8.621 -4.996 18.583 12.258
5 24 -4.996 18.583 12.258 -4.298 18.9 14.144 0 18.446 13.199 -8.709 19.09 11.902
5 24 -4.298 18.9 14.144 0 18.446 13.199 -4.996 18.583 12.258 0 18.835 14.806
5 24 0 18.835 14.806 0 18.446 13.199 -4.298 18.9 14.144 4.298 18.9 14.144
5 24 -12.962 15.331 -.441 -11.523 17.46 -6.22 -12.925 18.827 -1.396 -12.853 5.714 -1.338
5 24 -11.523 17.46 -6.22 -12.925 18.827 -1.396 -12.962 15.331 -.441 -11.608 21.194 -7.776
5 24 -12.925 18.827 -1.396 -12.962 15.331 -.441 -11.523 17.46 -6.22 -12.36 17.625 3.891
5 24 -11.934 14.393 4.944 -12.962 15.331 -.441 -12.36 17.625 3.891 -12.336 5.036 3.778
5 24 -12.962 15.331 -.441 -12.36 17.625 3.891 -11.934 14.393 4.944 -12.925 18.827 -1.396
5 24 -12.36 17.625 3.891 -11.934 14.393 4.944 -12.962 15.331 -.441 -8.58 17.329 9.636
5 24 -7.487 14.152 10.492 -11.934 14.393 4.944 -8.58 17.329 9.636 -9.984 4.64 8.137
5 24 -11.934 14.393 4.944 -8.58 17.329 9.636 -7.487 14.152 10.492 -12.36 17.625 3.891
5 24 -8.58 17.329 9.636 -7.487 14.152 10.492 -11.934 14.393 4.944 -4.178 17.172 12.169
5 24 -3.628 14 12.34 -7.487 14.152 10.492 -4.178 17.172 12.169 -5.375 4.475 11.64
5 24 -7.487 14.152 10.492 -4.178 17.172 12.169 -3.628 14 12.34 -8.58 17.329 9.636
5 24 -4.178 17.172 12.169 -3.628 14 12.34 -7.487 14.152 10.492 0 17.086 12.872
5 24 -3.628 14 12.34 0 17.086 12.872 0 13.948 12.852 -4.178 17.172 12.169
5 24 0 17.086 12.872 0 13.948 12.852 -3.628 14 12.34 3.628 14 12.34
5 24 -2.86 18.577 -15.805 -2.965 9.868 -12.856 0 18.033 -16.183 -5.472 10.384 -12.006
5 24 -2.965 9.868 -12.856 0 18.033 -16.183 -2.86 18.577 -15.805 0 9.605 -13.235
5 24 0 18.033 -16.183 -2.86 18.577 -15.805 -2.965 9.868 -12.856 0 22.995 -17.224
5 24 -2.965 9.868 -12.856 0 9.605 -13.235 0 18.033 -16.183 0 .524 -12.758
5 24 0 9.605 -13.235 0 18.033 -16.183 -2.965 9.868 -12.856 2.965 9.868 -12.856
5 24 -5.571 19.672 -15.041 -5.472 10.384 -12.006 -2.86 18.577 -15.805 -8.067 10.795 -10.298
5 24 -5.472 10.384 -12.006 -2.965 9.868 -12.856 -2.86 18.577 -15.805 -4.236 .544 -11.982
5 24 -7.869 20.607 -13.6 -8.067 10.795 -10.298 -5.571 19.672 -15.041 -10.113 19.618 -10.475
5 24 -8.067 10.795 -10.298 -5.571 19.672 -15.041 -7.869 20.607 -13.6 -5.472 10.384 -12.006
5 24 -8.067 10.795 -10.298 -5.472 10.384 -12.006 -5.571 19.672 -15.041 -7.367 .577 -10.486
5 24 -10.113 19.618 -10.475 -8.067 10.795 -10.298 -7.869 20.607 -13.6 -11.105 8.335 -6.618
5 24 -10.113 19.618 -10.475 -11.105 8.335 -6.618 -8.067 10.795 -10.298 -11.523 17.46 -6.22
5 24 -11.105 8.335 -6.618 -8.067 10.795 -10.298 -10.113 19.618 -10.475 -10.349 .611 -7.392
5 24 -11.523 17.46 -6.22 -12.853 5.714 -1.338 -11.105 8.335 -6.618 -12.962 15.331 -.441
5 24 -12.853 5.714 -1.338 -11.105 8.335 -6.618 -11.523 17.46 -6.22 -12.273 .52 -3.388
5 24 -12.962 15.331 -.441 -12.853 5.714 -1.338 -11.523 17.46 -6.22 -12.336 5.036 3.778
5 24 -12.962 15.331 -.441 -12.336 5.036 3.778 -12.853 5.714 -1.338 -11.934 14.393 4.944
5 24 -12.336 5.036 3.778 -12.853 5.714 -1.338 -12.962 15.331 -.441 -12.525 .376 1.359
5 24 -11.934 14.393 4.944 -12.336 5.036 3.778 -12.962 15.331 -.441 -9.984 4.64 8.137
5 24 -11.934 14.393 4.944 -9.984 4.64 8.137 -12.336 5.036 3.778 -7.487 14.152 10.492
5 24 -9.984 4.64 8.137 -12.336 5.036 3.778 -11.934 14.393 4.944 -11.066 .218 6.009
5 24 -7.487 14.152 10.492 -9.984 4.64 8.137 -11.934 14.393 4.944 -5.375 4.475 11.64
5 24 -7.487 14.152 10.492 -5.375 4.475 11.64 -9.984 4.64 8.137 -3.628 14 12.34
5 24 -5.375 4.475 11.64 -9.984 4.64 8.137 -7.487 14.152 10.492 -8.144 .132 9.466
5 24 0 13.948 12.852 0 4.42 12.789 -3.628 14 12.34 3.628 14 12.34
5 24 0 4.42 12.789 -3.628 14 12.34 0 13.948 12.852 -5.375 4.475 11.64
5 24 0 4.42 12.789 -5.375 4.475 11.64 -3.628 14 12.34 -3.793 .089 11.89
5 24 -5.375 4.475 11.64 -3.628 14 12.34 0 4.42 12.789 -7.487 14.152 10.492
5 24 -12.853 5.714 -1.338 -12.273 .52 -3.388 -11.105 8.335 -6.618 -12.525 .376 1.359
5 24 -12.273 .52 -3.388 -11.105 8.335 -6.618 -12.853 5.714 -1.338 -10.349 .611 -7.392
5 24 -12.853 5.714 -1.338 -12.525 .376 1.359 -12.273 .52 -3.388 -12.336 5.036 3.778
5 24 -12.525 .376 1.359 -12.273 .52 -3.388 -12.853 5.714 -1.338 -10.163 -4 -4.21
5 24 -12.336 5.036 3.778 -12.525 .376 1.359 -12.853 5.714 -1.338 -11.066 .218 6.009
5 24 -12.336 5.036 3.778 -11.066 .218 6.009 -12.525 .376 1.359 -9.984 4.64 8.137
5 24 -11.066 .218 6.009 -12.525 .376 1.359 -12.336 5.036 3.778 -11 -4 0
5 24 -9.984 4.64 8.137 -11.066 .218 6.009 -12.336 5.036 3.778 -8.144 .132 9.466
5 24 -9.984 4.64 8.137 -8.144 .132 9.466 -11.066 .218 6.009 -5.375 4.475 11.64
5 24 -8.144 .132 9.466 -11.066 .218 6.009 -9.984 4.64 8.137 -10.163 -4 4.21
5 24 -5.375 4.475 11.64 -8.144 .132 9.466 -9.984 4.64 8.137 -3.793 .089 11.89
5 24 -5.375 4.475 11.64 -3.793 .089 11.89 -8.144 .132 9.466 0 4.42 12.789
5 24 -3.793 .089 11.89 -8.144 .132 9.466 -5.375 4.475 11.64 -7.778 -4 7.778
5 24 0 .079 12.447 -3.793 .089 11.89 0 4.42 12.789 -4.21 -4 10.163
5 24 -3.793 .089 11.89 0 4.42 12.789 0 .079 12.447 -5.375 4.475 11.64
5 24 0 4.42 12.789 0 .079 12.447 -3.793 .089 11.89 3.793 .089 11.89
5 24 0 .524 -12.758 -4.236 .544 -11.982 0 -4 -11 -2.965 9.868 -12.856
5 24 -4.236 .544 -11.982 0 -4 -11 0 .524 -12.758 -4.21 -4 -10.163
5 24 0 -4 -11 0 .524 -12.758 -4.236 .544 -11.982 4.236 .544 -11.982
5 24 -4.236 .544 -11.982 -4.21 -4 -10.163 0 -4 -11 -7.367 .577 -10.486
5 24 -4.236 .544 -11.982 -7.367 .577 -10.486 -4.21 -4 -10.163 -5.472 10.384 -12.006
5 24 -7.367 .577 -10.486 -4.21 -4 -10.163 -4.236 .544 -11.982 -7.778 -4 -7.778
5 24 -7.367 .577 -10.486 -7.778 -4 -7.778 -4.21 -4 -10.163 -10.349 .611 -7.392
5 24 -7.367 .577 -10.486 -10.349 .611 -7.392 -7.778 -4 -7.778 -8.067 10.795 -10.298
5 24 -10.349 .611 -7.392 -7.778 -4 -7.778 -7.367 .577 -10.486 -10.163 -4 -4.21
5 24 -10.349 .611 -7.392 -10.163 -4 -4.21 -7.778 -4 -7.778 -12.273 .52 -3.388
5 24 -10.349 .611 -7.392 -12.273 .52 -3.388 -10.163 -4 -4.21 -11.105 8.335 -6.618
5 24 -12.273 .52 -3.388 -10.163 -4 -4.21 -10.349 .611 -7.392 -12.525 .376 1.359
5 24 -12.525 .376 1.359 -10.163 -4 -4.21 -12.273 .52 -3.388 -11 -4 0
5 24 -12.525 .376 1.359 -11 -4 0 -10.163 -4 -4.21 -11.066 .218 6.009
5 24 -11.066 .218 6.009 -11 -4 0 -12.525 .376 1.359 -10.163 -4 4.21
5 24 -11.066 .218 6.009 -10.163 -4 4.21 -11 -4 0 -8.144 .132 9.466
5 24 -8.144 .132 9.466 -10.163 -4 4.21 -11.066 .218 6.009 -7.778 -4 7.778
5 24 -8.144 .132 9.466 -7.778 -4 7.778 -10.163 -4 4.21 -3.793 .089 11.89
5 24 -3.793 .089 11.89 -7.778 -4 7.778 -8.144 .132 9.466 -4.21 -4 10.163
5 24 -3.793 .089 11.89 -4.21 -4 10.163 -7.778 -4 7.778 0 .079 12.447
5 24 -4.21 -4 10.163 0 .079 12.447 0 -4 11 -3.793 .089 11.89
5 24 0 .079 12.447 0 -4 11 -4.21 -4 10.163 4.21 -4 10.163
5 24 -11.105 8.335 -6.618 -10.349 .611 -7.392 -8.067 10.795 -10.298 -12.273 .52 -3.388
5 24 -10.349 .611 -7.392 -8.067 10.795 -10.298 -11.105 8.335 -6.618 -7.367 .577 -10.486
5 24 -7.367 .577 -10.486 -8.067 10.795 -10.298 -10.349 .611 -7.392 -5.472 10.384 -12.006
5 24 -7.367 .577 -10.486 -5.472 10.384 -12.006 -8.067 10.795 -10.298 -4.236 .544 -11.982
5 24 -4.236 .544 -11.982 -5.472 10.384 -12.006 -7.367 .577 -10.486 -2.965 9.868 -12.856
5 24 -4.236 .544 -11.982 -2.965 9.868 -12.856 -5.472 10.384 -12.006 0 .524 -12.758
5 24 0 .524 -12.758 -2.965 9.868 -12.856 -4.236 .544 -11.982 0 9.605 -13.235
5 24 0 .524 -12.758 0 9.605 -13.235 -2.965 9.868 -12.856 2.965 9.868 -12.856
5 24 -2.86 18.577 -15.805 0 22.995 -17.224 -2.514 23.504 -17.009 0 18.033 -16.183
5 24 0 18.033 -16.183 0 22.995 -17.224 -2.86 18.577 -15.805 2.86 18.577 -15.805
5 24 -13.197 20.245 -1.58 -14.517 19.657 2.907 -12.752 19.081 3.79 -14.562 20.628 -1.205
5 24 -14.517 19.657 2.907 -12.752 19.081 3.79 -13.197 20.245 -1.58 -11.875 19.171 8.621
5 24 -12.752 19.081 3.79 -11.875 19.171 8.621 -8.937 18.665 9.744 -14.517 19.657 2.907
5 24 -8.709 19.09 11.902 -4.996 18.583 12.258 -8.937 18.665 9.744 -4.298 18.9 14.144
5 24 -10.113 19.618 -10.475 -11.674 22.754 -8.482 -11.608 21.194 -7.776 -9.881 25.279 -12.787
5 24 9.881 25.279 -12.787 7.812 25.93 -15.075 7.869 20.607 -13.6 10.314 27.058 -14.083
5 24 7.812 25.93 -15.075 7.869 20.607 -13.6 9.881 25.279 -12.787 5.411 24.892 -16.315
5 24 7.869 20.607 -13.6 9.881 25.279 -12.787 7.812 25.93 -15.075 10.113 19.618 -10.475
5 24 10.113 19.618 -10.475 9.881 25.279 -12.787 7.869 20.607 -13.6 11.674 22.754 -8.482
5 24 7.869 20.607 -13.6 10.113 19.618 -10.475 9.881 25.279 -12.787 8.067 10.795 -10.298
5 24 7.812 25.93 -15.075 5.411 24.892 -16.315 7.869 20.607 -13.6 5.461 26.696 -17.46
5 24 5.411 24.892 -16.315 7.869 20.607 -13.6 7.812 25.93 -15.075 5.571 19.672 -15.041
5 24 5.571 19.672 -15.041 7.869 20.607 -13.6 5.411 24.892 -16.315 8.067 10.795 -10.298
5 24 5.411 24.892 -16.315 5.571 19.672 -15.041 7.869 20.607 -13.6 2.514 23.504 -17.009
5 24 5.411 24.892 -16.315 2.514 23.504 -17.009 5.571 19.672 -15.041 2.468 25.18 -18.101
5 24 2.514 23.504 -17.009 5.571 19.672 -15.041 5.411 24.892 -16.315 2.86 18.577 -15.805
5 24 2.86 18.577 -15.805 5.571 19.672 -15.041 2.514 23.504 -17.009 5.472 10.384 -12.006
5 24 2.514 23.504 -17.009 2.86 18.577 -15.805 5.571 19.672 -15.041 0 22.995 -17.224
5 24 4.178 17.172 12.169 0 17.086 12.872 0 18.446 13.199 3.628 14 12.34
5 24 0 18.446 13.199 4.178 17.172 12.169 0 17.086 12.872 4.996 18.583 12.258
5 24 4.996 18.583 12.258 4.178 17.172 12.169 0 18.446 13.199 8.58 17.329 9.636
2 24 0 18.446 13.199 4.996 18.583 12.258
5 24 8.58 17.329 9.636 4.178 17.172 12.169 4.996 18.583 12.258 7.487 14.152 10.492
5 24 4.996 18.583 12.258 8.58 17.329 9.636 4.178 17.172 12.169 8.937 18.665 9.744
5 24 8.937 18.665 9.744 8.58 17.329 9.636 4.996 18.583 12.258 12.36 17.625 3.891
2 24 4.996 18.583 12.258 8.937 18.665 9.744
5 24 12.36 17.625 3.891 8.58 17.329 9.636 8.937 18.665 9.744 11.934 14.393 4.944
5 24 8.937 18.665 9.744 12.36 17.625 3.891 8.58 17.329 9.636 12.752 19.081 3.79
5 24 12.752 19.081 3.79 12.36 17.625 3.891 8.937 18.665 9.744 12.925 18.827 -1.396
2 24 8.937 18.665 9.744 12.752 19.081 3.79
5 24 12.925 18.827 -1.396 12.36 17.625 3.891 12.752 19.081 3.79 12.962 15.331 -.441
5 24 12.752 19.081 3.79 12.925 18.827 -1.396 12.36 17.625 3.891 13.197 20.245 -1.58
5 24 13.197 20.245 -1.58 12.925 18.827 -1.396 12.752 19.081 3.79 11.608 21.194 -7.776
2 24 12.752 19.081 3.79 13.197 20.245 -1.58
5 24 11.608 21.194 -7.776 12.925 18.827 -1.396 13.197 20.245 -1.58 11.523 17.46 -6.22
5 24 13.197 20.245 -1.58 11.608 21.194 -7.776 12.925 18.827 -1.396 11.674 22.754 -8.482
5 24 11.674 22.754 -8.482 11.608 21.194 -7.776 13.197 20.245 -1.58 10.113 19.618 -10.475
5 24 13.197 20.245 -1.58 11.674 22.754 -8.482 11.608 21.194 -7.776 13.711 22.344 -5.703
5 24 11.523 17.46 -6.22 11.608 21.194 -7.776 10.113 19.618 -10.475 12.925 18.827 -1.396
5 24 11.608 21.194 -7.776 10.113 19.618 -10.475 11.523 17.46 -6.22 11.674 22.754 -8.482
5 24 10.113 19.618 -10.475 11.523 17.46 -6.22 11.608 21.194 -7.776 11.105 8.335 -6.618
5 24 0 22.995 -17.224 2.514 23.504 -17.009 0 24.645 -18.225 2.86 18.577 -15.805
5 24 2.514 23.504 -17.009 0 24.645 -18.225 0 22.995 -17.224 2.468 25.18 -18.101
5 24 2.514 23.504 -17.009 2.468 25.18 -18.101 0 24.645 -18.225 5.411 24.892 -16.315
5 24 5.411 24.892 -16.315 5.461 26.696 -17.46 2.468 25.18 -18.101 7.812 25.93 -15.075
5 24 7.812 25.93 -15.075 5.461 26.696 -17.46 5.411 24.892 -16.315 7.775 27.917 -16.05
5 24 7.812 25.93 -15.075 7.775 27.917 -16.05 5.461 26.696 -17.46 10.314 27.058 -14.083
5 24 9.881 25.279 -12.787 10.314 27.058 -14.083 7.812 25.93 -15.075 12.14 24.75 -10.726
5 24 10.314 27.058 -14.083 7.812 25.93 -15.075 9.881 25.279 -12.787 7.775 27.917 -16.05
5 24 9.881 25.279 -12.787 11.674 22.754 -8.482 12.14 24.75 -10.726 10.113 19.618 -10.475
5 24 11.674 22.754 -8.482 12.14 24.75 -10.726 9.881 25.279 -12.787 13.711 22.344 -5.703
5 24 12.14 24.75 -10.726 9.881 25.279 -12.787 11.674 22.754 -8.482 10.314 27.058 -14.083
5 24 13.197 20.245 -1.58 14.562 20.628 -1.205 13.711 22.344 -5.703 14.517 19.657 2.907
5 24 13.711 22.344 -5.703 13.197 20.245 -1.58 14.562 20.628 -1.205 11.674 22.754 -8.482
5 24 13.711 22.344 -5.703 11.674 22.754 -8.482 13.197 20.245 -1.58 12.14 24.75 -10.726
5 24 11.875 19.171 8.621 8.937 18.665 9.744 8.709 19.09 11.902 12.752 19.081 3.79
5 24 8.937 18.665 9.744 8.709 19.09 11.902 11.875 19.171 8.621 4.996 18.583 12.258
5 24 4.298 18.9 14.144 4.996 18.583 12.258 0 18.446 13.199 8.709 19.09 11.902
5 24 0 18.446 13.199 4.298 18.9 14.144 4.996 18.583 12.258 0 18.835 14.806
5 24 11.523 17.46 -6.22 12.962 15.331 -.441 12.925 18.827 -1.396 12.853 5.714 -1.338
5 24 12.962 15.331 -.441 12.925 18.827 -1.396 11.523 17.46 -6.22 12.36 17.625 3.891
5 24 12.925 18.827 -1.396 11.523 17.46 -6.22 12.962 15.331 -.441 11.608 21.194 -7.776
5 24 12.962 15.331 -.441 11.934 14.393 4.944 12.36 17.625 3.891 12.336 5.036 3.778
5 24 11.934 14.393 4.944 12.36 17.625 3.891 12.962 15.331 -.441 8.58 17.329 9.636
5 24 12.36 17.625 3.891 12.962 15.331 -.441 11.934 14.393 4.944 12.925 18.827 -1.396
5 24 11.934 14.393 4.944 7.487 14.152 10.492 8.58 17.329 9.636 9.984 4.64 8.137
5 24 7.487 14.152 10.492 8.58 17.329 9.636 11.934 14.393 4.944 4.178 17.172 12.169
5 24 8.58 17.329 9.636 11.934 14.393 4.944 7.487 14.152 10.492 12.36 17.625 3.891
5 24 7.487 14.152 10.492 3.628 14 12.34 4.178 17.172 12.169 5.375 4.475 11.64
5 24 3.628 14 12.34 4.178 17.172 12.169 7.487 14.152 10.492 0 17.086 12.872
5 24 4.178 17.172 12.169 7.487 14.152 10.492 3.628 14 12.34 8.58 17.329 9.636
5 24 0 17.086 12.872 3.628 14 12.34 0 13.948 12.852 4.178 17.172 12.169
5 24 2.965 9.868 -12.856 2.86 18.577 -15.805 0 18.033 -16.183 5.472 10.384 -12.006
5 24 2.86 18.577 -15.805 0 18.033 -16.183 2.965 9.868 -12.856 0 22.995 -17.224
5 24 0 18.033 -16.183 2.965 9.868 -12.856 2.86 18.577 -15.805 0 9.605 -13.235
5 24 0 9.605 -13.235 2.965 9.868 -12.856 0 18.033 -16.183 0 .524 -12.758
5 24 5.472 10.384 -12.006 5.571 19.672 -15.041 2.86 18.577 -15.805 8.067 10.795 -10.298
5 24 2.965 9.868 -12.856 5.472 10.384 -12.006 2.86 18.577 -15.805 4.236 .544 -11.982
5 24 8.067 10.795 -10.298 7.869 20.607 -13.6 5.571 19.672 -15.041 10.113 19.618 -10.475
5 24 5.571 19.672 -15.041 8.067 10.795 -10.298 7.869 20.607 -13.6 5.472 10.384 -12.006
5 24 5.472 10.384 -12.006 8.067 10.795 -10.298 5.571 19.672 -15.041 7.367 .577 -10.486
5 24 8.067 10.795 -10.298 10.113 19.618 -10.475 7.869 20.607 -13.6 11.105 8.335 -6.618
5 24 11.105 8.335 -6.618 10.113 19.618 -10.475 8.067 10.795 -10.298 11.523 17.46 -6.22
5 24 8.067 10.795 -10.298 11.105 8.335 -6.618 10.113 19.618 -10.475 10.349 .611 -7.392
5 24 12.853 5.714 -1.338 11.523 17.46 -6.22 11.105 8.335 -6.618 12.962 15.331 -.441
5 24 11.105 8.335 -6.618 12.853 5.714 -1.338 11.523 17.46 -6.22 12.273 .52 -3.388
5 24 12.853 5.714 -1.338 12.962 15.331 -.441 11.523 17.46 -6.22 12.336 5.036 3.778
5 24 12.336 5.036 3.778 12.962 15.331 -.441 12.853 5.714 -1.338 11.934 14.393 4.944
5 24 12.853 5.714 -1.338 12.336 5.036 3.778 12.962 15.331 -.441 12.525 .376 1.359
5 24 12.336 5.036 3.778 11.934 14.393 4.944 12.962 15.331 -.441 9.984 4.64 8.137
5 24 9.984 4.64 8.137 11.934 14.393 4.944 12.336 5.036 3.778 7.487 14.152 10.492
5 24 12.336 5.036 3.778 9.984 4.64 8.137 11.934 14.393 4.944 11.066 .218 6.009
5 24 9.984 4.64 8.137 7.487 14.152 10.492 11.934 14.393 4.944 5.375 4.475 11.64
5 24 5.375 4.475 11.64 7.487 14.152 10.492 9.984 4.64 8.137 3.628 14 12.34
5 24 9.984 4.64 8.137 5.375 4.475 11.64 7.487 14.152 10.492 8.144 .132 9.466
5 24 3.628 14 12.34 0 4.42 12.789 0 13.948 12.852 5.375 4.475 11.64
5 24 5.375 4.475 11.64 0 4.42 12.789 3.628 14 12.34 3.793 .089 11.89
5 24 3.628 14 12.34 5.375 4.475 11.64 0 4.42 12.789 7.487 14.152 10.492
5 24 11.105 8.335 -6.618 12.273 .52 -3.388 12.853 5.714 -1.338 10.349 .611 -7.392
5 24 12.273 .52 -3.388 12.853 5.714 -1.338 11.105 8.335 -6.618 12.525 .376 1.359
5 24 12.525 .376 1.359 12.853 5.714 -1.338 12.273 .52 -3.388 12.336 5.036 3.778
5 24 12.273 .52 -3.388 12.525 .376 1.359 12.853 5.714 -1.338 10.163 -4 -4.21
5 24 12.525 .376 1.359 12.336 5.036 3.778 12.853 5.714 -1.338 11.066 .218 6.009
5 24 11.066 .218 6.009 12.336 5.036 3.778 12.525 .376 1.359 9.984 4.64 8.137
5 24 12.525 .376 1.359 11.066 .218 6.009 12.336 5.036 3.778 11 -4 0
5 24 11.066 .218 6.009 9.984 4.64 8.137 12.336 5.036 3.778 8.144 .132 9.466
5 24 8.144 .132 9.466 9.984 4.64 8.137 11.066 .218 6.009 5.375 4.475 11.64
5 24 11.066 .218 6.009 8.144 .132 9.466 9.984 4.64 8.137 10.163 -4 4.21
5 24 8.144 .132 9.466 5.375 4.475 11.64 9.984 4.64 8.137 3.793 .089 11.89
5 24 3.793 .089 11.89 5.375 4.475 11.64 8.144 .132 9.466 0 4.42 12.789
5 24 8.144 .132 9.466 3.793 .089 11.89 5.375 4.475 11.64 7.778 -4 7.778
5 24 3.793 .089 11.89 0 .079 12.447 0 4.42 12.789 4.21 -4 10.163
5 24 0 4.42 12.789 3.793 .089 11.89 0 .079 12.447 5.375 4.475 11.64
5 24 4.236 .544 -11.982 0 .524 -12.758 0 -4 -11 2.965 9.868 -12.856
5 24 0 -4 -11 4.236 .544 -11.982 0 .524 -12.758 4.21 -4 -10.163
5 24 4.21 -4 -10.163 4.236 .544 -11.982 0 -4 -11 7.367 .577 -10.486
5 24 7.367 .577 -10.486 4.236 .544 -11.982 4.21 -4 -10.163 5.472 10.384 -12.006
5 24 4.21 -4 -10.163 7.367 .577 -10.486 4.236 .544 -11.982 7.778 -4 -7.778
5 24 7.778 -4 -7.778 7.367 .577 -10.486 4.21 -4 -10.163 10.349 .611 -7.392
5 24 10.349 .611 -7.392 7.367 .577 -10.486 7.778 -4 -7.778 8.067 10.795 -10.298
5 24 7.778 -4 -7.778 10.349 .611 -7.392 7.367 .577 -10.486 10.163 -4 -4.21
5 24 10.163 -4 -4.21 10.349 .611 -7.392 7.778 -4 -7.778 12.273 .52 -3.388
5 24 12.273 .52 -3.388 10.349 .611 -7.392 10.163 -4 -4.21 11.105 8.335 -6.618
5 24 10.163 -4 -4.21 12.273 .52 -3.388 10.349 .611 -7.392 12.525 .376 1.359
5 24 10.163 -4 -4.21 12.525 .376 1.359 12.273 .52 -3.388 11 -4 0
5 24 11 -4 0 12.525 .376 1.359 10.163 -4 -4.21 11.066 .218 6.009
5 24 11 -4 0 11.066 .218 6.009 12.525 .376 1.359 10.163 -4 4.21
5 24 10.163 -4 4.21 11.066 .218 6.009 11 -4 0 8.144 .132 9.466
5 24 10.163 -4 4.21 8.144 .132 9.466 11.066 .218 6.009 7.778 -4 7.778
5 24 7.778 -4 7.778 8.144 .132 9.466 10.163 -4 4.21 3.793 .089 11.89
5 24 7.778 -4 7.778 3.793 .089 11.89 8.144 .132 9.466 4.21 -4 10.163
5 24 4.21 -4 10.163 3.793 .089 11.89 7.778 -4 7.778 0 .079 12.447
5 24 0 .079 12.447 4.21 -4 10.163 0 -4 11 3.793 .089 11.89
5 24 8.067 10.795 -10.298 10.349 .611 -7.392 11.105 8.335 -6.618 7.367 .577 -10.486
5 24 10.349 .611 -7.392 11.105 8.335 -6.618 8.067 10.795 -10.298 12.273 .52 -3.388
5 24 8.067 10.795 -10.298 7.367 .577 -10.486 10.349 .611 -7.392 5.472 10.384 -12.006
5 24 5.472 10.384 -12.006 7.367 .577 -10.486 8.067 10.795 -10.298 4.236 .544 -11.982
5 24 5.472 10.384 -12.006 4.236 .544 -11.982 7.367 .577 -10.486 2.965 9.868 -12.856
5 24 2.965 9.868 -12.856 4.236 .544 -11.982 5.472 10.384 -12.006 0 .524 -12.758
5 24 2.965 9.868 -12.856 0 .524 -12.758 4.236 .544 -11.982 0 9.605 -13.235
5 24 0 22.995 -17.224 2.86 18.577 -15.805 2.514 23.504 -17.009 0 18.033 -16.183
5 24 12.752 19.081 3.79 14.517 19.657 2.907 13.197 20.245 -1.58 11.875 19.171 8.621
5 24 14.517 19.657 2.907 13.197 20.245 -1.58 12.752 19.081 3.79 14.562 20.628 -1.205
5 24 11.875 19.171 8.621 12.752 19.081 3.79 8.937 18.665 9.744 14.517 19.657 2.907
5 24 4.996 18.583 12.258 8.709 19.09 11.902 8.937 18.665 9.744 4.298 18.9 14.144
5 24 11.674 22.754 -8.482 10.113 19.618 -10.475 11.608 21.194 -7.776 9.881 25.279 -12.787
2 24 0 24.645 -18.225 -2.468 25.18 -18.101
2 24 -2.468 25.18 -18.101 -5.461 26.696 -17.46
2 24 -5.461 26.696 -17.46 -7.775 27.917 -16.05
2 24 -7.775 27.917 -16.05 -10.314 27.058 -14.083
2 24 -10.314 27.058 -14.083 -12.14 24.75 -10.726
2 24 -13.711 22.344 -5.703 -14.562 20.628 -1.205
2 24 -11.875 19.171 8.621 -8.709 19.09 11.902
2 24 -4.298 18.9 14.144 0 18.835 14.806
2 24 -12.14 24.75 -10.726 -13.711 22.344 -5.703
2 24 -14.562 20.628 -1.205 -14.517 19.657 2.907
2 24 -14.517 19.657 2.907 -11.875 19.171 8.621
2 24 -8.709 19.09 11.902 -4.298 18.9 14.144
2 24 2.468 25.18 -18.101 0 24.645 -18.225
2 24 5.461 26.696 -17.46 2.468 25.18 -18.101
2 24 7.775 27.917 -16.05 5.461 26.696 -17.46
2 24 10.314 27.058 -14.083 7.775 27.917 -16.05
2 24 12.14 24.75 -10.726 10.314 27.058 -14.083
2 24 14.562 20.628 -1.205 13.711 22.344 -5.703
2 24 8.709 19.09 11.902 11.875 19.171 8.621
2 24 0 18.835 14.806 4.298 18.9 14.144
2 24 13.711 22.344 -5.703 12.14 24.75 -10.726
2 24 14.517 19.657 2.907 14.562 20.628 -1.205
2 24 11.875 19.171 8.621 14.517 19.657 2.907
2 24 4.298 18.9 14.144 8.709 19.09 11.902
