0 ~Boat Hull Floating 40 x 12 Bottom - Half
0 Name: s\23997s01.dat
0 Author: Massimo Maso [Sirio]
0 !LDRAW_ORG Unofficial_Subpart 
0 !LICENSE Redistributable under CCAL version 2.0 : see CAreadme.txt

0 BFC CERTIFY CCW


0 // Debossed face
3 16 -86.5 89.5 356.5 -38.5 89.5 356.5 -38.5 89.5 282
3 16 -86.5 89.5 356.5 -38.5 89.5 282 -38.5 89.5 243.5
4 16 -86.5 89.5 356.5 -38.5 89.5 243.5 -81.1404 89.5 -179.0098 -86.5 89.5 -136.7125
4 16 -38.5 89.5 243.5 -31.4955 89.5 -270.1586 -67.3995 89.5 -217.1733 -81.1404 89.5 -179.0098
4 16 -38.5 89.5 243.5 0 89.5 243.5 -9.5895 89.5 -292.0646 -31.4955 89.5 -270.1586
3 16 -38.5 89.5 243.5 -38.5 89.5 282 -35.5702 89.5 267.2688
3 16 -38.5 89.5 243.5 -35.5702 89.5 267.2688 -27.2269 89.5 254.7797
3 16 -38.5 89.5 243.5 -27.2269 89.5 254.7797 -14.7265 89.5 246.4531
3 16 -38.5 89.5 243.5 -14.7265 89.5 246.4531 0 89.5 243.5
0 // Rounded edge
0 // Faces
4 16 0 89.5 243.5 -14.7265 89.5 246.4531 -14.3672 89.6903 247.3145 0 89.6903 244.4567
4 16 -14.7265 89.5 246.4531 -27.2269 89.5 254.7797 -26.5471 89.6903 255.4529 -14.3672 89.6903 247.3145
4 16 -27.2269 89.5 254.7797 -35.5702 89.5 267.2688 -34.6855 89.6903 267.6328 -26.5471 89.6903 255.4529
4 16 -35.5702 89.5 267.2688 -38.5 89.5 282 -37.5433 89.6903 282 -34.6855 89.6903 267.6328
4 16 -38.5 89.5 282 -38.5 89.5 356.5 -37.5433 89.6903 356.5 -37.5433 89.6903 282
3 16 -38.5 89.5 356.5 -37.6161 89.6903 356.8661 -37.5433 89.6903 356.5
3 16 -38.5 89.5 356.5 -37.8235 89.6903 357.1765 -37.6161 89.6903 356.8661
3 16 -38.5 89.5 356.5 -38.1339 89.6903 357.3839 -37.8235 89.6903 357.1765
3 16 -38.5 89.5 356.5 -38.5 89.6903 357.4567 -38.1339 89.6903 357.3839
4 16 -38.5 89.5 356.5 -86.5 89.5 356.5 -86.5 89.6903 357.4567 -38.5 89.6903 357.4567
3 16 -86.5 89.5 356.5 -86.8661 89.6903 357.3839 -86.5 89.6903 357.4567
3 16 -86.5 89.5 356.5 -87.1765 89.6903 357.1765 -86.8661 89.6903 357.3839
3 16 -86.5 89.5 356.5 -87.3839 89.6903 356.8661 -87.1765 89.6903 357.1765
3 16 -86.5 89.5 356.5 -87.4567 89.6903 356.5 -87.3839 89.6903 356.8661
4 16 -86.5 89.5 356.5 -86.5 89.5 -136.7125 -87.4567 89.6903 -136.7728 -87.4567 89.6903 356.5
4 16 -86.5 89.5 -136.7125 -81.1404 89.5 -179.0098 -82.0762 89.6903 -179.2347 -87.4567 89.6903 -136.7728
4 16 -81.1404 89.5 -179.0098 -67.3995 89.5 -217.1733 -68.2589 89.6903 -217.6105 -82.0762 89.6903 -179.2347
4 16 -67.3995 89.5 -217.1733 -31.4955 89.5 -270.1586 -32.2364 89.6903 -270.7707 -68.2589 89.6903 -217.6105
4 16 -31.4955 89.5 -270.1586 -9.5895 89.5 -292.0646 -10.1989 89.6903 -292.8083 -32.2364 89.6903 -270.7707
4 16 -9.5895 89.5 -292.0646 0 89.5 -298.4523 0 89.6903 -299.6018 -10.1989 89.6903 -292.8083
4 16 0 89.6903 244.4567 -14.3672 89.6903 247.3145 -14.0568 90.2322 248.0638 0 90.2322 245.2678
4 16 -14.3672 89.6903 247.3145 -26.5471 89.6903 255.4529 -25.9736 90.2322 256.0264 -14.0568 90.2322 248.0638
4 16 -26.5471 89.6903 255.4529 -34.6855 89.6903 267.6328 -33.9362 90.2322 267.9432 -25.9736 90.2322 256.0264
4 16 -34.6855 89.6903 267.6328 -37.5433 89.6903 282 -36.7322 90.2322 282 -33.9362 90.2322 267.9432
4 16 -37.5433 89.6903 282 -37.5433 89.6903 356.5 -36.7322 90.2322 356.5 -36.7322 90.2322 282
4 16 -37.5433 89.6903 356.5 -37.6161 89.6903 356.8661 -36.8668 90.2322 357.1765 -36.7322 90.2322 356.5
4 16 -37.6161 89.6903 356.8661 -37.8235 89.6903 357.1765 -37.25 90.2322 357.75 -36.8668 90.2322 357.1765
4 16 -37.8235 89.6903 357.1765 -38.1339 89.6903 357.3839 -37.8235 90.2322 358.1332 -37.25 90.2322 357.75
4 16 -38.1339 89.6903 357.3839 -38.5 89.6903 357.4567 -38.5 90.2322 358.2678 -37.8235 90.2322 358.1332
4 16 -38.5 89.6903 357.4567 -86.5 89.6903 357.4567 -86.5 90.2322 358.2678 -38.5 90.2322 358.2678
4 16 -86.5 89.6903 357.4567 -86.8661 89.6903 357.3839 -87.1765 90.2322 358.1332 -86.5 90.2322 358.2678
4 16 -86.8661 89.6903 357.3839 -87.1765 89.6903 357.1765 -87.75 90.2322 357.75 -87.1765 90.2322 358.1332
4 16 -87.1765 89.6903 357.1765 -87.3839 89.6903 356.8661 -88.1332 90.2322 357.1765 -87.75 90.2322 357.75
4 16 -87.3839 89.6903 356.8661 -87.4567 89.6903 356.5 -88.2678 90.2322 356.5 -88.1332 90.2322 357.1765
4 16 -87.4567 89.6903 356.5 -87.4567 89.6903 -136.7728 -88.2678 90.2322 -136.824 -88.2678 90.2322 356.5
4 16 -87.4567 89.6903 -136.7728 -82.0762 89.6903 -179.2347 -82.8696 90.2322 -179.4523 -88.2678 90.2322 -136.824
4 16 -82.0762 89.6903 -179.2347 -68.2589 89.6903 -217.6105 -68.9875 90.2322 -217.9811 -82.8696 90.2322 -179.4523
4 16 -68.2589 89.6903 -217.6105 -32.2364 89.6903 -270.7707 -32.8645 90.2322 -271.2896 -68.9875 90.2322 -217.9811
4 16 -32.2364 89.6903 -270.7707 -10.1989 89.6903 -292.8083 -10.7155 90.2322 -293.4387 -32.8645 90.2322 -271.2896
4 16 -10.1989 89.6903 -292.8083 0 89.6903 -299.6018 0 90.2322 -300.5763 -10.7155 90.2322 -293.4387
4 16 0 90.2322 245.2678 -14.0568 90.2322 248.0638 -13.8494 91.0433 248.5645 0 91.0433 245.8097
4 16 -14.0568 90.2322 248.0638 -25.9736 90.2322 256.0264 -25.5904 91.0433 256.4096 -13.8494 91.0433 248.5645
4 16 -25.9736 90.2322 256.0264 -33.9362 90.2322 267.9432 -33.4355 91.0433 268.1506 -25.5904 91.0433 256.4096
4 16 -33.9362 90.2322 267.9432 -36.7322 90.2322 282 -36.1903 91.0433 282 -33.4355 91.0433 268.1506
4 16 -36.7322 90.2322 282 -36.7322 90.2322 356.5 -36.1903 91.0433 356.5 -36.1903 91.0433 282
4 16 -36.7322 90.2322 356.5 -36.8668 90.2322 357.1765 -36.3661 91.0433 357.3839 -36.1903 91.0433 356.5
4 16 -36.8668 90.2322 357.1765 -37.25 90.2322 357.75 -36.8668 91.0433 358.1332 -36.3661 91.0433 357.3839
4 16 -37.25 90.2322 357.75 -37.8235 90.2322 358.1332 -37.6161 91.0433 358.6339 -36.8668 91.0433 358.1332
4 16 -37.8235 90.2322 358.1332 -38.5 90.2322 358.2678 -38.5 91.0433 358.8097 -37.6161 91.0433 358.6339
4 16 -38.5 90.2322 358.2678 -86.5 90.2322 358.2678 -86.5 91.0433 358.8097 -38.5 91.0433 358.8097
4 16 -86.5 90.2322 358.2678 -87.1765 90.2322 358.1332 -87.3839 91.0433 358.6339 -86.5 91.0433 358.8097
4 16 -87.1765 90.2322 358.1332 -87.75 90.2322 357.75 -88.1332 91.0433 358.1332 -87.3839 91.0433 358.6339
4 16 -87.75 90.2322 357.75 -88.1332 90.2322 357.1765 -88.6339 91.0433 357.3839 -88.1332 91.0433 358.1332
4 16 -88.1332 90.2322 357.1765 -88.2678 90.2322 356.5 -88.8097 91.0433 356.5 -88.6339 91.0433 357.3839
4 16 -88.2678 90.2322 356.5 -88.2678 90.2322 -136.824 -88.8097 91.0433 -136.8582 -88.8097 91.0433 356.5
4 16 -88.2678 90.2322 -136.824 -82.8696 90.2322 -179.4523 -83.3997 91.0433 -179.5527 -88.8097 91.0433 -136.8582
4 16 -82.8696 90.2322 -179.4523 -68.9875 90.2322 -217.9811 -69.4743 91.0433 -218.2288 -83.3997 91.0433 -179.5527
4 16 -68.9875 90.2322 -217.9811 -32.8645 90.2322 -271.2896 -33.2842 91.0433 -271.6363 -69.4743 91.0433 -218.2288
4 16 -32.8645 90.2322 -271.2896 -10.7155 90.2322 -293.4387 -11.0607 91.0433 -293.8599 -33.2842 91.0433 -271.6363
4 16 -10.7155 90.2322 -293.4387 0 90.2322 -300.5763 0 91.0433 -301.2275 -11.0607 91.0433 -293.8599
4 16 0 91.0433 245.8097 -13.8494 91.0433 248.5645 -13.7766 92 248.7403 0 92 246
4 16 -13.8494 91.0433 248.5645 -25.5904 91.0433 256.4096 -25.4558 92 256.5442 -13.7766 92 248.7403
4 16 -25.5904 91.0433 256.4096 -33.4355 91.0433 268.1506 -33.2597 92 268.2234 -25.4558 92 256.5442
4 16 -33.4355 91.0433 268.1506 -36.1903 91.0433 282 -36 92 282 -33.2597 92 268.2234
4 16 -36.1903 91.0433 282 -36.1903 91.0433 356.5 -36 92 356.5 -36 92 282
4 16 -36.1903 91.0433 356.5 -36.3661 91.0433 357.3839 -36.1903 92 357.4567 -36 92 356.5
4 16 -36.3661 91.0433 357.3839 -36.8668 91.0433 358.1332 -36.7322 92 358.2678 -36.1903 92 357.4567
4 16 -36.8668 91.0433 358.1332 -37.6161 91.0433 358.6339 -37.5433 92 358.8097 -36.7322 92 358.2678
4 16 -37.6161 91.0433 358.6339 -38.5 91.0433 358.8097 -38.5 92 359 -37.5433 92 358.8097
4 16 -38.5 91.0433 358.8097 -86.5 91.0433 358.8097 -86.5 92 359 -38.5 92 359
4 16 -86.5 91.0433 358.8097 -87.3839 91.0433 358.6339 -87.4567 92 358.8097 -86.5 92 359
4 16 -87.3839 91.0433 358.6339 -88.1332 91.0433 358.1332 -88.2678 92 358.2678 -87.4567 92 358.8097
4 16 -88.1332 91.0433 358.1332 -88.6339 91.0433 357.3839 -88.8097 92 357.4567 -88.2678 92 358.2678
4 16 -88.6339 91.0433 357.3839 -88.8097 91.0433 356.5 -89 92 356.5 -88.8097 92 357.4567
4 16 -88.8097 91.0433 356.5 -88.8097 91.0433 -136.8582 -89 92 -136.8702 -89 92 356.5
4 16 -88.8097 91.0433 -136.8582 -83.3997 91.0433 -179.5527 -83.5859 92 -179.5974 -89 92 -136.8702
4 16 -83.3997 91.0433 -179.5527 -69.4743 91.0433 -218.2288 -69.6453 92 -218.3157 -83.5859 92 -179.5974
4 16 -69.4743 91.0433 -218.2288 -33.2842 91.0433 -271.6363 -33.4316 92 -271.7581 -69.6453 92 -218.3157
4 16 -33.2842 91.0433 -271.6363 -11.0607 91.0433 -293.8599 -11.1819 92 -294.0078 -33.4316 92 -271.7581
4 16 -11.0607 91.0433 -293.8599 0 91.0433 -301.2275 0 92 -301.4561 -11.1819 92 -294.0078
0 // Edges
2 24 -13.7766 92 248.7403 0 92 246
2 24 -13.7766 92 248.7403 -25.4558 92 256.5442
2 24 -25.4558 92 256.5442 -33.2597 92 268.2234
2 24 -36 92 282 -33.2597 92 268.2234
2 24 -36 92 282 -36 92 356.5
2 24 -36 92 356.5 -36.1903 92 357.4567
2 24 -36.1903 92 357.4567 -36.7322 92 358.2678
2 24 -36.7322 92 358.2678 -37.5433 92 358.8097
2 24 -37.5433 92 358.8097 -38.5 92 359
2 24 -38.5 92 359 -86.5 92 359
2 24 -86.5 92 359 -87.4567 92 358.8097
2 24 -87.4567 92 358.8097 -88.2678 92 358.2678
2 24 -88.2678 92 358.2678 -88.8097 92 357.4567
2 24 -88.8097 92 357.4567 -89 92 356.5
2 24 -89 92 -136.8702 -89 92 356.5
2 24 -83.5859 92 -179.5974 -89 92 -136.8702
2 24 -69.6453 92 -218.3157 -83.5859 92 -179.5974
2 24 -33.4316 92 -271.7581 -69.6453 92 -218.3157
2 24 -11.1819 92 -294.0078 -33.4316 92 -271.7581
2 24 0 92 -301.4561 -11.1819 92 -294.0078
0 // Conditional lines
5 24 -14.7265 89.5 246.4531 0 89.5 243.5 -38.5 89.5 243.5 -14.3672 89.6903 247.3145
5 24 -27.2269 89.5 254.7797 -14.7265 89.5 246.4531 -38.5 89.5 243.5 -26.5471 89.6903 255.4529
5 24 -35.5702 89.5 267.2688 -27.2269 89.5 254.7797 -38.5 89.5 243.5 -34.6855 89.6903 267.6328
5 24 -38.5 89.5 282 -35.5702 89.5 267.2688 -37.5433 89.6903 282 -38.5 89.5 243.5
5 24 -38.5 89.5 356.5 -38.5 89.5 282 -86.5 89.5 356.5 -37.5433 89.6903 356.5
5 24 -86.5 89.5 356.5 -38.5 89.5 356.5 -38.5 89.5 282 -86.5 89.6903 357.4567
5 24 -86.5 89.5 -136.7125 -86.5 89.5 356.5 -87.4567 89.6903 -136.7728 -38.5 89.5 243.5
5 24 -81.1404 89.5 -179.0098 -86.5 89.5 -136.7125 -82.0762 89.6903 -179.2347 -38.5 89.5 282
5 24 -67.3995 89.5 -217.1733 -81.1404 89.5 -179.0098 -68.2589 89.6903 -217.6105 -38.5 89.5 243.5
5 24 -31.4955 89.5 -270.1586 -67.3995 89.5 -217.1733 -32.2364 89.6903 -270.7707 -81.1404 89.5 -179.0098
5 24 -9.5895 89.5 -292.0646 -31.4955 89.5 -270.1586 -10.1989 89.6903 -292.8083 -38.5 89.5 243.5
5 24 -9.5895 89.5 -292.0646 0 89.5 -298.4523 0 89.6903 -299.6018 0 89.5 243.5
5 24 -14.3672 89.6903 247.3145 0 89.6903 244.4567 0 89.5 243.5 -14.0568 90.2322 248.0638
5 24 -26.5471 89.6903 255.4529 -14.3672 89.6903 247.3145 -14.7265 89.5 246.4531 -25.9736 90.2322 256.0264
5 24 -34.6855 89.6903 267.6328 -26.5471 89.6903 255.4529 -27.2269 89.5 254.7797 -33.9362 90.2322 267.9432
5 24 -37.5433 89.6903 282 -34.6855 89.6903 267.6328 -35.5702 89.5 267.2688 -36.7322 90.2322 282
5 24 -37.5433 89.6903 356.5 -37.5433 89.6903 282 -38.5 89.5 282 -36.7322 90.2322 356.5
5 24 -37.6161 89.6903 356.8661 -37.5433 89.6903 356.5 -38.5 89.5 356.5 -36.8668 90.2322 357.1765
5 24 -37.8235 89.6903 357.1765 -37.6161 89.6903 356.8661 -37.25 90.2322 357.75 -38.5 89.5 356.5
5 24 -38.1339 89.6903 357.3839 -37.8235 89.6903 357.1765 -37.8235 90.2322 358.1332 -38.5 89.5 356.5
5 24 -38.5 89.6903 357.4567 -38.1339 89.6903 357.3839 -38.5 90.2322 358.2678 -38.5 89.5 356.5
5 24 -86.5 89.6903 357.4567 -38.5 89.6903 357.4567 -86.5 90.2322 358.2678 -38.5 89.5 356.5
5 24 -86.8661 89.6903 357.3839 -86.5 89.6903 357.4567 -87.1765 90.2322 358.1332 -86.5 89.5 356.5
5 24 -87.1765 89.6903 357.1765 -86.8661 89.6903 357.3839 -86.5 89.5 356.5 -87.75 90.2322 357.75
5 24 -87.3839 89.6903 356.8661 -87.1765 89.6903 357.1765 -86.5 89.5 356.5 -88.1332 90.2322 357.1765
5 24 -87.4567 89.6903 356.5 -87.3839 89.6903 356.8661 -86.5 89.5 356.5 -88.2678 90.2322 356.5
5 24 -87.4567 89.6903 -136.7728 -87.4567 89.6903 356.5 -86.5 89.5 356.5 -88.2678 90.2322 -136.824
5 24 -82.0762 89.6903 -179.2347 -87.4567 89.6903 -136.7728 -86.5 89.5 -136.7125 -82.8696 90.2322 -179.4523
5 24 -68.2589 89.6903 -217.6105 -82.0762 89.6903 -179.2347 -81.1404 89.5 -179.0098 -68.9875 90.2322 -217.9811
5 24 -32.2364 89.6903 -270.7707 -68.2589 89.6903 -217.6105 -67.3995 89.5 -217.1733 -32.8645 90.2322 -271.2896
5 24 -10.1989 89.6903 -292.8083 -32.2364 89.6903 -270.7707 -31.4955 89.5 -270.1586 -10.7155 90.2322 -293.4387
5 24 0 89.6903 -299.6018 -10.1989 89.6903 -292.8083 -9.5895 89.5 -292.0646 0 90.2322 -300.5763
5 24 -14.0568 90.2322 248.0638 0 90.2322 245.2678 0 89.6903 244.4567 -13.8494 91.0433 248.5645
5 24 -25.9736 90.2322 256.0264 -14.0568 90.2322 248.0638 -25.5904 91.0433 256.4096 -14.3672 89.6903 247.3145
5 24 -33.9362 90.2322 267.9432 -25.9736 90.2322 256.0264 -33.4355 91.0433 268.1506 -26.5471 89.6903 255.4529
5 24 -36.7322 90.2322 282 -33.9362 90.2322 267.9432 -36.1903 91.0433 282 -34.6855 89.6903 267.6328
5 24 -36.7322 90.2322 356.5 -36.7322 90.2322 282 -36.1903 91.0433 356.5 -37.5433 89.6903 282
5 24 -36.8668 90.2322 357.1765 -36.7322 90.2322 356.5 -36.3661 91.0433 357.3839 -37.5433 89.6903 356.5
5 24 -37.25 90.2322 357.75 -36.8668 90.2322 357.1765 -36.8668 91.0433 358.1332 -37.6161 89.6903 356.8661
5 24 -37.8235 90.2322 358.1332 -37.25 90.2322 357.75 -37.8235 89.6903 357.1765 -37.6161 91.0433 358.6339
5 24 -38.5 90.2322 358.2678 -37.8235 90.2322 358.1332 -38.1339 89.6903 357.3839 -38.5 91.0433 358.8097
5 24 -86.5 90.2322 358.2678 -38.5 90.2322 358.2678 -38.5 89.6903 357.4567 -86.5 91.0433 358.8097
5 24 -87.1765 90.2322 358.1332 -86.5 90.2322 358.2678 -86.5 89.6903 357.4567 -87.3839 91.0433 358.6339
5 24 -87.75 90.2322 357.75 -87.1765 90.2322 358.1332 -86.8661 89.6903 357.3839 -88.1332 91.0433 358.1332
5 24 -88.1332 90.2322 357.1765 -87.75 90.2322 357.75 -87.1765 89.6903 357.1765 -88.6339 91.0433 357.3839
5 24 -88.2678 90.2322 356.5 -88.1332 90.2322 357.1765 -87.3839 89.6903 356.8661 -88.8097 91.0433 356.5
5 24 -88.2678 90.2322 -136.824 -88.2678 90.2322 356.5 -87.4567 89.6903 356.5 -88.8097 91.0433 -136.8582
5 24 -82.8696 90.2322 -179.4523 -88.2678 90.2322 -136.824 -87.4567 89.6903 -136.7728 -83.3997 91.0433 -179.5527
5 24 -68.9875 90.2322 -217.9811 -82.8696 90.2322 -179.4523 -82.0762 89.6903 -179.2347 -69.4743 91.0433 -218.2288
5 24 -32.8645 90.2322 -271.2896 -68.9875 90.2322 -217.9811 -33.2842 91.0433 -271.6363 -68.2589 89.6903 -217.6105
5 24 -10.7155 90.2322 -293.4387 -32.8645 90.2322 -271.2896 -11.0607 91.0433 -293.8599 -32.2364 89.6903 -270.7707
5 24 0 90.2322 -300.5763 -10.7155 90.2322 -293.4387 0 91.0433 -301.2275 -10.1989 89.6903 -292.8083
5 24 -13.8494 91.0433 248.5645 0 91.0433 245.8097 -13.7766 92 248.7403 0 90.2322 245.2678
5 24 -25.5904 91.0433 256.4096 -13.8494 91.0433 248.5645 -25.4558 92 256.5442 -14.0568 90.2322 248.0638
5 24 -33.4355 91.0433 268.1506 -25.5904 91.0433 256.4096 -25.9736 90.2322 256.0264 -33.2597 92 268.2234
5 24 -36.1903 91.0433 282 -33.4355 91.0433 268.1506 -33.9362 90.2322 267.9432 -36 92 282
5 24 -36.1903 91.0433 356.5 -36.1903 91.0433 282 -36.7322 90.2322 282 -36 92 356.5
5 24 -36.3661 91.0433 357.3839 -36.1903 91.0433 356.5 -36.7322 90.2322 356.5 -36.1903 92 357.4567
5 24 -36.8668 91.0433 358.1332 -36.3661 91.0433 357.3839 -36.8668 90.2322 357.1765 -36.7322 92 358.2678
5 24 -37.6161 91.0433 358.6339 -36.8668 91.0433 358.1332 -37.25 90.2322 357.75 -37.5433 92 358.8097
5 24 -38.5 91.0433 358.8097 -37.6161 91.0433 358.6339 -37.8235 90.2322 358.1332 -38.5 92 359
5 24 -86.5 91.0433 358.8097 -38.5 91.0433 358.8097 -38.5 90.2322 358.2678 -86.5 92 359
5 24 -87.3839 91.0433 358.6339 -86.5 91.0433 358.8097 -86.5 90.2322 358.2678 -87.4567 92 358.8097
5 24 -88.1332 91.0433 358.1332 -87.3839 91.0433 358.6339 -88.2678 92 358.2678 -87.1765 90.2322 358.1332
5 24 -88.6339 91.0433 357.3839 -88.1332 91.0433 358.1332 -88.8097 92 357.4567 -87.75 90.2322 357.75
5 24 -88.8097 91.0433 356.5 -88.6339 91.0433 357.3839 -89 92 356.5 -88.1332 90.2322 357.1765
5 24 -88.8097 91.0433 -136.8582 -88.8097 91.0433 356.5 -89 92 -136.8702 -88.2678 90.2322 356.5
5 24 -83.3997 91.0433 -179.5527 -88.8097 91.0433 -136.8582 -83.5859 92 -179.5974 -88.2678 90.2322 -136.824
5 24 -69.4743 91.0433 -218.2288 -83.3997 91.0433 -179.5527 -69.6453 92 -218.3157 -82.8696 90.2322 -179.4523
5 24 -33.2842 91.0433 -271.6363 -69.4743 91.0433 -218.2288 -33.4316 92 -271.7581 -68.9875 90.2322 -217.9811
5 24 -11.0607 91.0433 -293.8599 -33.2842 91.0433 -271.6363 -32.8645 90.2322 -271.2896 -11.1819 92 -294.0078
5 24 0 91.0433 -301.2275 -11.0607 91.0433 -293.8599 -10.7155 90.2322 -293.4387 0 92 -301.4561
5 24 0 89.6903 244.4567 0 89.5 243.5 -14.7265 89.5 246.4531 14.7265 89.5 246.4531
5 24 0 90.2322 245.2678 0 89.6903 244.4567 -14.3672 89.6903 247.3145 14.3672 89.6903 247.3145
5 24 0 91.0433 245.8097 0 90.2322 245.2678 -14.0568 90.2322 248.0638 14.0568 90.2322 248.0638
5 24 0 92 246 0 91.0433 245.8097 -13.8494 91.0433 248.5645 13.8494 91.0433 248.5645
5 24 -14.7265 89.5 246.4531 -14.3672 89.6903 247.3145 -27.2269 89.5 254.7797 0 89.6903 244.4567
5 24 -14.0568 90.2322 248.0638 -14.3672 89.6903 247.3145 0 90.2322 245.2678 -26.5471 89.6903 255.4529
5 24 -14.0568 90.2322 248.0638 -13.8494 91.0433 248.5645 -25.9736 90.2322 256.0264 0 91.0433 245.8097
5 24 -13.8494 91.0433 248.5645 -13.7766 92 248.7403 -25.5904 91.0433 256.4096 0 92 246
5 24 -26.5471 89.6903 255.4529 -27.2269 89.5 254.7797 -14.3672 89.6903 247.3145 -35.5702 89.5 267.2688
5 24 -26.5471 89.6903 255.4529 -25.9736 90.2322 256.0264 -14.0568 90.2322 248.0638 -34.6855 89.6903 267.6328
5 24 -25.9736 90.2322 256.0264 -25.5904 91.0433 256.4096 -33.9362 90.2322 267.9432 -13.8494 91.0433 248.5645
5 24 -25.4558 92 256.5442 -25.5904 91.0433 256.4096 -13.7766 92 248.7403 -33.4355 91.0433 268.1506
5 24 -35.5702 89.5 267.2688 -34.6855 89.6903 267.6328 -26.5471 89.6903 255.4529 -38.5 89.5 282
5 24 -34.6855 89.6903 267.6328 -33.9362 90.2322 267.9432 -37.5433 89.6903 282 -25.9736 90.2322 256.0264
5 24 -33.9362 90.2322 267.9432 -33.4355 91.0433 268.1506 -36.7322 90.2322 282 -25.5904 91.0433 256.4096
5 24 -33.4355 91.0433 268.1506 -33.2597 92 268.2234 -25.4558 92 256.5442 -36.1903 91.0433 282
5 24 -38.5 89.5 282 -37.5433 89.6903 282 -38.5 89.5 356.5 -34.6855 89.6903 267.6328
5 24 -37.5433 89.6903 282 -36.7322 90.2322 282 -37.5433 89.6903 356.5 -33.9362 90.2322 267.9432
5 24 -36.1903 91.0433 282 -36.7322 90.2322 282 -33.4355 91.0433 268.1506 -36.7322 90.2322 356.5
5 24 -36.1903 91.0433 282 -36 92 282 -36.1903 91.0433 356.5 -33.2597 92 268.2234
5 24 -37.5433 89.6903 356.5 -38.5 89.5 356.5 -37.5433 89.6903 282 -37.6161 89.6903 356.8661
5 24 -36.7322 90.2322 356.5 -37.5433 89.6903 356.5 -36.7322 90.2322 282 -37.6161 89.6903 356.8661
5 24 -36.7322 90.2322 356.5 -36.1903 91.0433 356.5 -36.1903 91.0433 282 -36.8668 90.2322 357.1765
5 24 -36.1903 91.0433 356.5 -36 92 356.5 -36.3661 91.0433 357.3839 -36 92 282
5 24 -37.6161 89.6903 356.8661 -38.5 89.5 356.5 -37.5433 89.6903 356.5 -37.8235 89.6903 357.1765
5 24 -37.6161 89.6903 356.8661 -36.8668 90.2322 357.1765 -37.8235 89.6903 357.1765 -36.7322 90.2322 356.5
5 24 -36.8668 90.2322 357.1765 -36.3661 91.0433 357.3839 -37.25 90.2322 357.75 -36.1903 91.0433 356.5
5 24 -36.1903 92 357.4567 -36.3661 91.0433 357.3839 -36 92 356.5 -36.8668 91.0433 358.1332
5 24 -38.5 89.5 356.5 -37.8235 89.6903 357.1765 -37.6161 89.6903 356.8661 -38.1339 89.6903 357.3839
5 24 -37.8235 89.6903 357.1765 -37.25 90.2322 357.75 -38.1339 89.6903 357.3839 -36.8668 90.2322 357.1765
5 24 -37.25 90.2322 357.75 -36.8668 91.0433 358.1332 -37.8235 90.2322 358.1332 -36.3661 91.0433 357.3839
5 24 -36.8668 91.0433 358.1332 -36.7322 92 358.2678 -36.1903 92 357.4567 -37.6161 91.0433 358.6339
5 24 -38.5 89.5 356.5 -38.1339 89.6903 357.3839 -38.5 89.6903 357.4567 -37.8235 89.6903 357.1765
5 24 -38.1339 89.6903 357.3839 -37.8235 90.2322 358.1332 -38.5 89.6903 357.4567 -37.25 90.2322 357.75
5 24 -37.6161 91.0433 358.6339 -37.8235 90.2322 358.1332 -36.8668 91.0433 358.1332 -38.5 90.2322 358.2678
5 24 -37.6161 91.0433 358.6339 -37.5433 92 358.8097 -38.5 91.0433 358.8097 -36.7322 92 358.2678
5 24 -38.5 89.5 356.5 -38.5 89.6903 357.4567 -38.1339 89.6903 357.3839 -86.5 89.5 356.5
5 24 -38.5 90.2322 358.2678 -38.5 89.6903 357.4567 -37.8235 90.2322 358.1332 -86.5 89.6903 357.4567
5 24 -38.5 90.2322 358.2678 -38.5 91.0433 358.8097 -37.6161 91.0433 358.6339 -86.5 90.2322 358.2678
5 24 -38.5 91.0433 358.8097 -38.5 92 359 -86.5 91.0433 358.8097 -37.5433 92 358.8097
5 24 -86.5 89.6903 357.4567 -86.5 89.5 356.5 -86.8661 89.6903 357.3839 -38.5 89.6903 357.4567
5 24 -86.5 89.6903 357.4567 -86.5 90.2322 358.2678 -38.5 90.2322 358.2678 -86.8661 89.6903 357.3839
5 24 -86.5 90.2322 358.2678 -86.5 91.0433 358.8097 -87.1765 90.2322 358.1332 -38.5 91.0433 358.8097
5 24 -86.5 92 359 -86.5 91.0433 358.8097 -38.5 92 359 -87.3839 91.0433 358.6339
5 24 -86.5 89.5 356.5 -86.8661 89.6903 357.3839 -86.5 89.6903 357.4567 -87.1765 89.6903 357.1765
5 24 -86.8661 89.6903 357.3839 -87.1765 90.2322 358.1332 -87.1765 89.6903 357.1765 -86.5 90.2322 358.2678
5 24 -87.1765 90.2322 358.1332 -87.3839 91.0433 358.6339 -87.75 90.2322 357.75 -86.5 91.0433 358.8097
5 24 -87.3839 91.0433 358.6339 -87.4567 92 358.8097 -88.1332 91.0433 358.1332 -86.5 92 359
5 24 -86.5 89.5 356.5 -87.1765 89.6903 357.1765 -87.3839 89.6903 356.8661 -86.8661 89.6903 357.3839
5 24 -87.1765 89.6903 357.1765 -87.75 90.2322 357.75 -87.3839 89.6903 356.8661 -87.1765 90.2322 358.1332
5 24 -88.1332 91.0433 358.1332 -87.75 90.2322 357.75 -87.3839 91.0433 358.6339 -88.1332 90.2322 357.1765
5 24 -88.1332 91.0433 358.1332 -88.2678 92 358.2678 -88.6339 91.0433 357.3839 -87.4567 92 358.8097
5 24 -86.5 89.5 356.5 -87.3839 89.6903 356.8661 -87.1765 89.6903 357.1765 -87.4567 89.6903 356.5
5 24 -88.1332 90.2322 357.1765 -87.3839 89.6903 356.8661 -87.75 90.2322 357.75 -87.4567 89.6903 356.5
5 24 -88.1332 90.2322 357.1765 -88.6339 91.0433 357.3839 -88.1332 91.0433 358.1332 -88.2678 90.2322 356.5
5 24 -88.6339 91.0433 357.3839 -88.8097 92 357.4567 -88.8097 91.0433 356.5 -88.2678 92 358.2678
5 24 -86.5 89.5 356.5 -87.4567 89.6903 356.5 -87.3839 89.6903 356.8661 -86.5 89.5 -136.7125
5 24 -87.4567 89.6903 356.5 -88.2678 90.2322 356.5 -88.1332 90.2322 357.1765 -87.4567 89.6903 -136.7728
5 24 -88.2678 90.2322 356.5 -88.8097 91.0433 356.5 -88.2678 90.2322 -136.824 -88.6339 91.0433 357.3839
5 24 -89 92 356.5 -88.8097 91.0433 356.5 -88.8097 92 357.4567 -88.8097 91.0433 -136.8582
5 24 -86.5 89.5 -136.7125 -87.4567 89.6903 -136.7728 -87.4567 89.6903 356.5 -81.1404 89.5 -179.0098
5 24 -87.4567 89.6903 -136.7728 -88.2678 90.2322 -136.824 -82.0762 89.6903 -179.2347 -88.2678 90.2322 356.5
5 24 -88.2678 90.2322 -136.824 -88.8097 91.0433 -136.8582 -82.8696 90.2322 -179.4523 -88.8097 91.0433 356.5
5 24 -88.8097 91.0433 -136.8582 -89 92 -136.8702 -89 92 356.5 -83.3997 91.0433 -179.5527
5 24 -81.1404 89.5 -179.0098 -82.0762 89.6903 -179.2347 -67.3995 89.5 -217.1733 -87.4567 89.6903 -136.7728
5 24 -82.0762 89.6903 -179.2347 -82.8696 90.2322 -179.4523 -68.2589 89.6903 -217.6105 -88.2678 90.2322 -136.824
5 24 -83.3997 91.0433 -179.5527 -82.8696 90.2322 -179.4523 -88.8097 91.0433 -136.8582 -68.9875 90.2322 -217.9811
5 24 -83.3997 91.0433 -179.5527 -83.5859 92 -179.5974 -69.4743 91.0433 -218.2288 -89 92 -136.8702
5 24 -67.3995 89.5 -217.1733 -68.2589 89.6903 -217.6105 -31.4955 89.5 -270.1586 -82.0762 89.6903 -179.2347
5 24 -68.9875 90.2322 -217.9811 -68.2589 89.6903 -217.6105 -82.8696 90.2322 -179.4523 -32.2364 89.6903 -270.7707
5 24 -68.9875 90.2322 -217.9811 -69.4743 91.0433 -218.2288 -32.8645 90.2322 -271.2896 -83.3997 91.0433 -179.5527
5 24 -69.4743 91.0433 -218.2288 -69.6453 92 -218.3157 -33.2842 91.0433 -271.6363 -83.5859 92 -179.5974
5 24 -32.2364 89.6903 -270.7707 -31.4955 89.5 -270.1586 -68.2589 89.6903 -217.6105 -9.5895 89.5 -292.0646
5 24 -32.2364 89.6903 -270.7707 -32.8645 90.2322 -271.2896 -68.9875 90.2322 -217.9811 -10.1989 89.6903 -292.8083
5 24 -32.8645 90.2322 -271.2896 -33.2842 91.0433 -271.6363 -10.7155 90.2322 -293.4387 -69.4743 91.0433 -218.2288
5 24 -33.4316 92 -271.7581 -33.2842 91.0433 -271.6363 -69.6453 92 -218.3157 -11.0607 91.0433 -293.8599
5 24 -9.5895 89.5 -292.0646 -10.1989 89.6903 -292.8083 -32.2364 89.6903 -270.7707 0 89.5 -298.4523
5 24 -10.1989 89.6903 -292.8083 -10.7155 90.2322 -293.4387 0 89.6903 -299.6018 -32.8645 90.2322 -271.2896
5 24 -10.7155 90.2322 -293.4387 -11.0607 91.0433 -293.8599 0 90.2322 -300.5763 -33.2842 91.0433 -271.6363
5 24 -11.0607 91.0433 -293.8599 -11.1819 92 -294.0078 -33.4316 92 -271.7581 0 91.0433 -301.2275
0 // Lower plane
3 16 -13.7766 92 248.7403 -25.4558 92 256.5442 -33.2597 92 268.2234
4 16 0 92 246 -13.7766 92 248.7403 -33.2597 92 268.2234 -36 92 282
3 16 0 92 246 -36 92 282 -36 92 356.5
3 16 0 92 246 -36 92 356.5 -36 92 359
3 16 -36 92 359 -36 92 356.5 -36.1903 92 357.4567
3 16 -36 92 359 -36.1903 92 357.4567 -36.7322 92 358.2678
3 16 -36 92 359 -36.7322 92 358.2678 -37.5433 92 358.8097
3 16 -36 92 359 -37.5433 92 358.8097 -38.5 92 359
3 16 -36 92 359 -38.5 92 359 -99 92 369
3 16 -99 92 369 -38.5 92 359 -86.5 92 359
3 16 -99 92 369 -86.5 92 359 -87.4567 92 358.8097
3 16 -99 92 369 -87.4567 92 358.8097 -88.2678 92 358.2678
3 16 -99 92 369 -88.2678 92 358.2678 -88.8097 92 357.4567
3 16 -99 92 369 -88.8097 92 357.4567 -89 92 356.5
4 16 -99 92 369 -89 92 356.5 -89 92 -136.8702 -99 92 -137.5013
4 16 -99 92 -137.5013 -89 92 -136.8702 -83.5859 92 -179.5974 -93.368 92 -181.948
4 16 -93.368 92 -181.948 -83.5859 92 -179.5974 -69.6453 92 -218.3157 -78.6284 92 -222.8853
4 16 -78.6284 92 -222.8853 -69.6453 92 -218.3157 -33.4316 92 -271.7581 -41.1759 92 -278.1559
4 16 -41.1759 92 -278.1559 -33.4316 92 -271.7581 -11.1819 92 -294.0078 -17.5514 92 -301.7804
4 16 -17.5514 92 -301.7804 -11.1819 92 -294.0078 0 92 -301.4561 -2.6964 92 -311.6754
0 // Outer fillet edge
0 // Faces
3 16 -99 92 369 -100.4645 91.2388 372.5355 -99 91.2388 372.8268
3 16 -99 92 369 -101.706 91.2388 371.706 -100.4645 91.2388 372.5355
3 16 -99 92 369 -102.5355 91.2388 370.4645 -101.706 91.2388 371.706
3 16 -99 92 369 -102.8268 91.2388 369 -102.5355 91.2388 370.4645
4 16 -99 92 369 -99 92 -137.5013 -102.8268 91.2388 -137.4728 -102.8268 91.2388 369
4 16 -99 92 -137.5013 -93.368 92 -181.948 -97.1114 91.2388 -182.8475 -102.8268 91.2388 -137.4728
4 16 -93.368 92 -181.948 -78.6284 92 -222.8853 -82.0661 91.2388 -224.6341 -97.1114 91.2388 -182.8475
4 16 -78.6284 92 -222.8853 -41.1759 92 -278.1559 -44.1395 91.2388 -280.6043 -82.0661 91.2388 -224.6341
4 16 -41.1759 92 -278.1559 -17.5514 92 -301.7804 -19.9889 91.2388 -304.7459 -44.1395 91.2388 -280.6043
4 16 -17.5514 92 -301.7804 -2.6964 92 -311.6754 -3.8543 91.2388 -315.5022 -19.9889 91.2388 -304.7459
4 16 -99 91.2388 372.8268 -100.4645 91.2388 372.5355 -101.706 89.0711 375.5328 -99 89.0711 376.0711
4 16 -100.4645 91.2388 372.5355 -101.706 91.2388 371.706 -104 89.0711 374 -101.706 89.0711 375.5328
4 16 -101.706 91.2388 371.706 -102.5355 91.2388 370.4645 -105.5328 89.0711 371.706 -104 89.0711 374
4 16 -102.5355 91.2388 370.4645 -102.8268 91.2388 369 -106.0711 89.0711 369 -105.5328 89.0711 371.706
4 16 -102.8268 91.2388 369 -102.8268 91.2388 -137.4728 -106.0711 89.0711 -137.9475 -106.0711 89.0711 369
4 16 -102.8268 91.2388 -137.4728 -97.1114 91.2388 -182.8475 -100.285 89.0711 -183.6101 -106.0711 89.0711 -137.9475
4 16 -97.1114 91.2388 -182.8475 -82.0661 91.2388 -224.6341 -84.9805 89.0711 -226.1166 -100.285 89.0711 -183.6101
4 16 -82.0661 91.2388 -224.6341 -44.1395 91.2388 -280.6043 -46.6519 89.0711 -282.6799 -84.9805 89.0711 -226.1166
4 16 -44.1395 91.2388 -280.6043 -19.9889 91.2388 -304.7459 -22.0553 89.0711 -307.2765 -46.6519 89.0711 -282.6799
3 16 -19.9889 91.2388 -304.7459 -3.8543 91.2388 -315.5022 -22.0553 89.0711 -307.2765
3 16 -22.0553 89.0711 -307.2765 -3.8543 91.2388 -315.5022 -4.8086 89.16 -318.6564
4 16 -99 89.0711 376.0711 -101.706 89.0711 375.5328 -102.5355 85.8268 377.5355 -99 85.8268 378.2388
4 16 -101.706 89.0711 375.5328 -104 89.0711 374 -105.5328 85.8268 375.5328 -102.5355 85.8268 377.5355
4 16 -104 89.0711 374 -105.5328 89.0711 371.706 -107.5355 85.8268 372.5355 -105.5328 85.8268 375.5328
4 16 -105.5328 89.0711 371.706 -106.0711 89.0711 369 -108.2388 85.8268 369 -107.5355 85.8268 372.5355
4 16 -106.0711 89.0711 369 -106.0711 89.0711 -137.9475 -108.2388 85.8268 -138.0743 -108.2388 85.8268 369
4 16 -106.0711 89.0711 -137.9475 -100.285 89.0711 -183.6101 -102.4048 85.8268 -184.1252 -108.2388 85.8268 -138.0743
3 16 -100.285 89.0711 -183.6101 -84.9805 89.0711 -226.1166 -102.4048 85.8268 -184.1252
3 16 -102.4048 85.8268 -184.1252 -84.9805 89.0711 -226.1166 -86.6442 85.9649 -227.7223
3 16 -84.9805 89.0711 -226.1166 -46.6519 89.0711 -282.6799 -86.6442 85.9649 -227.7223
3 16 -86.6442 85.9649 -227.7223 -46.6519 89.0711 -282.6799 -47.5111 87.4478 -283.7557
3 16 -46.6519 89.0711 -282.6799 -22.0553 89.0711 -307.2765 -47.5111 87.4478 -283.7557
3 16 -47.5111 87.4478 -283.7557 -22.0553 89.0711 -307.2765 -22.4442 88.1927 -307.9917
3 16 -22.0553 89.0711 -307.2765 -4.8086 89.16 -318.6564 -22.4442 88.1927 -307.9917
3 16 -22.4442 88.1927 -307.9917 -4.8086 89.16 -318.6564 -4.8984 88.7034 -319.1247
4 16 -99 85.8268 378.2388 -102.5355 85.8268 377.5355 -102.8268 82 378.2388 -99 82 379
4 16 -102.5355 85.8268 377.5355 -105.5328 85.8268 375.5328 -106.0711 82 376.0711 -102.8268 82 378.2388
4 16 -105.5328 85.8268 375.5328 -107.5355 85.8268 372.5355 -108.2388 82 372.8268 -106.0711 82 376.0711
4 16 -107.5355 85.8268 372.5355 -108.2388 85.8268 369 -109 82 369 -108.2388 82 372.8268
4 16 -108.2388 85.8268 369 -108.2388 85.8268 -138.0743 -109 82 -140 -109 82 369
3 16 -108.2388 85.8268 -138.0743 -102.4048 85.8268 -184.1252 -109 82 -140
3 16 -109 82 -140 -102.4048 85.8268 -184.1252 -102.8089 84.1296 -185.1667
3 16 -102.4048 85.8268 -184.1252 -86.6442 85.9649 -227.7223 -102.8089 84.1296 -185.1667
0 // Conditional lines
5 24 -99 92 -137.5013 -99 92 369 -102.8268 91.2388 -137.4728 -89 92 356.5
5 24 -93.368 92 -181.948 -99 92 -137.5013 -97.1114 91.2388 -182.8475 -89 92 -136.8702
5 24 -41.1759 92 -278.1559 -78.6284 92 -222.8853 -69.6453 92 -218.3157 -44.1395 91.2388 -280.6043
5 24 -17.5514 92 -301.7804 -41.1759 92 -278.1559 -19.9889 91.2388 -304.7459 -33.4316 92 -271.7581
5 24 -2.6964 92 -311.6754 -17.5514 92 -301.7804 -3.8543 91.2388 -315.5022 -11.1819 92 -294.0078
5 24 -100.4645 91.2388 372.5355 -99 91.2388 372.8268 -99 92 369 -101.706 89.0711 375.5328
5 24 -101.706 91.2388 371.706 -100.4645 91.2388 372.5355 -99 92 369 -104 89.0711 374
5 24 -102.5355 91.2388 370.4645 -101.706 91.2388 371.706 -99 92 369 -105.5328 89.0711 371.706
5 24 -102.8268 91.2388 369 -102.5355 91.2388 370.4645 -106.0711 89.0711 369 -99 92 369
5 24 -102.8268 91.2388 -137.4728 -102.8268 91.2388 369 -106.0711 89.0711 -137.9475 -99 92 369
5 24 -97.1114 91.2388 -182.8475 -102.8268 91.2388 -137.4728 -100.285 89.0711 -183.6101 -99 92 -137.5013
5 24 -82.0661 91.2388 -224.6341 -97.1114 91.2388 -182.8475 -84.9805 89.0711 -226.1166 -93.368 92 -181.948
5 24 -44.1395 91.2388 -280.6043 -82.0661 91.2388 -224.6341 -46.6519 89.0711 -282.6799 -78.6284 92 -222.8853
5 24 -19.9889 91.2388 -304.7459 -44.1395 91.2388 -280.6043 -22.0553 89.0711 -307.2765 -41.1759 92 -278.1559
5 24 -19.9889 91.2388 -304.7459 -3.8543 91.2388 -315.5022 -22.0553 89.0711 -307.2765 -17.5514 92 -301.7804
5 24 -101.706 89.0711 375.5328 -99 89.0711 376.0711 -102.5355 85.8268 377.5355 -99 91.2388 372.8268
5 24 -104 89.0711 374 -101.706 89.0711 375.5328 -105.5328 85.8268 375.5328 -100.4645 91.2388 372.5355
5 24 -105.5328 89.0711 371.706 -104 89.0711 374 -107.5355 85.8268 372.5355 -101.706 91.2388 371.706
5 24 -106.0711 89.0711 369 -105.5328 89.0711 371.706 -102.5355 91.2388 370.4645 -108.2388 85.8268 369
5 24 -106.0711 89.0711 -137.9475 -106.0711 89.0711 369 -102.8268 91.2388 369 -108.2388 85.8268 -138.0743
5 24 -106.0711 89.0711 -137.9475 -100.285 89.0711 -183.6101 -102.8268 91.2388 -137.4728 -102.4048 85.8268 -184.1252
5 24 -100.285 89.0711 -183.6101 -84.9805 89.0711 -226.1166 -102.4048 85.8268 -184.1252 -97.1114 91.2388 -182.8475
5 24 -84.9805 89.0711 -226.1166 -46.6519 89.0711 -282.6799 -82.0661 91.2388 -224.6341 -86.6442 85.9649 -227.7223
5 24 -46.6519 89.0711 -282.6799 -22.0553 89.0711 -307.2765 -44.1395 91.2388 -280.6043 -47.5111 87.4478 -283.7557
5 24 -22.0553 89.0711 -307.2765 -4.8086 89.16 -318.6564 -22.4442 88.1927 -307.9917 -3.8543 91.2388 -315.5022
5 24 -99 85.8268 378.2388 -102.5355 85.8268 377.5355 -99 89.0711 376.0711 -102.8268 82 378.2388
5 24 -102.5355 85.8268 377.5355 -105.5328 85.8268 375.5328 -106.0711 82 376.0711 -101.706 89.0711 375.5328
5 24 -105.5328 85.8268 375.5328 -107.5355 85.8268 372.5355 -108.2388 82 372.8268 -104 89.0711 374
5 24 -107.5355 85.8268 372.5355 -108.2388 85.8268 369 -105.5328 89.0711 371.706 -109 82 369
5 24 -108.2388 85.8268 369 -108.2388 85.8268 -138.0743 -106.0711 89.0711 369 -109 82 -140
5 24 -108.2388 85.8268 -138.0743 -102.4048 85.8268 -184.1252 -109 82 -140 -106.0711 89.0711 -137.9475
5 24 -102.4048 85.8268 -184.1252 -86.6442 85.9649 -227.7223 -102.8089 84.1296 -185.1667 -84.9805 89.0711 -226.1166
5 24 -47.5111 87.4478 -283.7557 -86.6442 85.9649 -227.7223 -55 4 -369.3431 -46.6519 89.0711 -282.6799
5 24 -22.4442 88.1927 -307.9917 -47.5111 87.4478 -283.7557 -22.0553 89.0711 -307.2765 -30 4 -394.3431
5 24 -4.8984 88.7034 -319.1247 -22.4442 88.1927 -307.9917 -4.8086 89.16 -318.6564 -12.5 4 -406
5 24 -102.8268 82 378.2388 -99 82 379 -99 85.8268 378.2388 -109.8268 0 385.2388
5 24 -106.0711 82 376.0711 -102.8268 82 378.2388 -102.5355 85.8268 377.5355 -113.0711 0 383.0711
5 24 -108.2388 82 372.8268 -106.0711 82 376.0711 -105.5328 85.8268 375.5328 -115.2388 0 379.8268
5 24 -109 82 369 -108.2388 82 372.8268 -107.5355 85.8268 372.5355 -116 0 376
5 24 -109 82 -140 -109 82 369 -108.2388 85.8268 369 -115.6585 4 -222.6948
5 24 -102.8089 84.1296 -185.1667 -109 82 -140 -110 4 -267.3509 -102.4048 85.8268 -184.1252
5 24 -99 92 369 -99 91.2388 372.8268 99 92 369 -100.4645 91.2388 372.5355
5 24 -99 91.2388 372.8268 -99 89.0711 376.0711 99 91.2388 372.8268 -101.706 89.0711 375.5328
5 24 -99 89.0711 376.0711 -99 85.8268 378.2388 99 89.0711 376.0711 -102.5355 85.8268 377.5355
5 24 -101.706 89.0711 375.5328 -102.5355 85.8268 377.5355 -99 85.8268 378.2388 -104 89.0711 374
5 24 -99 85.8268 378.2388 -99 82 379 99 85.8268 378.2388 -109.8268 0 385.2388
5 24 -100.4645 91.2388 372.5355 -99 92 369 -99 91.2388 372.8268 -101.706 91.2388 371.706
5 24 -100.4645 91.2388 372.5355 -101.706 89.0711 375.5328 -101.706 91.2388 371.706 -99 89.0711 376.0711
5 24 -102.5355 85.8268 377.5355 -102.8268 82 378.2388 -105.5328 85.8268 375.5328 -99 82 379
5 24 -99 92 369 -101.706 91.2388 371.706 -100.4645 91.2388 372.5355 -102.5355 91.2388 370.4645
5 24 -104 89.0711 374 -101.706 91.2388 371.706 -101.706 89.0711 375.5328 -102.5355 91.2388 370.4645
5 24 -105.5328 85.8268 375.5328 -104 89.0711 374 -102.5355 85.8268 377.5355 -105.5328 89.0711 371.706
5 24 -105.5328 85.8268 375.5328 -106.0711 82 376.0711 -107.5355 85.8268 372.5355 -102.8268 82 378.2388
5 24 -99 92 369 -102.5355 91.2388 370.4645 -102.8268 91.2388 369 -101.706 91.2388 371.706
5 24 -102.5355 91.2388 370.4645 -105.5328 89.0711 371.706 -102.8268 91.2388 369 -104 89.0711 374
5 24 -105.5328 89.0711 371.706 -107.5355 85.8268 372.5355 -105.5328 85.8268 375.5328 -106.0711 89.0711 369
5 24 -108.2388 82 372.8268 -107.5355 85.8268 372.5355 -106.0711 82 376.0711 -108.2388 85.8268 369
5 24 -99 92 369 -102.8268 91.2388 369 -102.5355 91.2388 370.4645 -99 92 -137.5013
5 24 -102.8268 91.2388 369 -106.0711 89.0711 369 -102.8268 91.2388 -137.4728 -105.5328 89.0711 371.706
5 24 -106.0711 89.0711 369 -108.2388 85.8268 369 -106.0711 89.0711 -137.9475 -107.5355 85.8268 372.5355
5 24 -108.2388 85.8268 369 -109 82 369 -108.2388 82 372.8268 -108.2388 85.8268 -138.0743
5 24 -102.8268 91.2388 -137.4728 -99 92 -137.5013 -102.8268 91.2388 369 -93.368 92 -181.948
5 24 -102.8268 91.2388 -137.4728 -106.0711 89.0711 -137.9475 -97.1114 91.2388 -182.8475 -106.0711 89.0711 369
5 24 -106.0711 89.0711 -137.9475 -108.2388 85.8268 -138.0743 -100.285 89.0711 -183.6101 -108.2388 85.8268 369
5 24 -109 82 -140 -108.2388 85.8268 -138.0743 -109 82 369 -102.4048 85.8268 -184.1252
5 24 -102.4048 85.8268 -184.1252 -109 82 -140 -102.8089 84.1296 -185.1667 -108.2388 85.8268 -138.0743
5 24 -93.368 92 -181.948 -97.1114 91.2388 -182.8475 -102.8268 91.2388 -137.4728 -78.6284 92 -222.8853
5 24 -100.285 89.0711 -183.6101 -97.1114 91.2388 -182.8475 -106.0711 89.0711 -137.9475 -82.0661 91.2388 -224.6341
5 24 -102.4048 85.8268 -184.1252 -100.285 89.0711 -183.6101 -84.9805 89.0711 -226.1166 -108.2388 85.8268 -138.0743
5 24 -102.8089 84.1296 -185.1667 -102.4048 85.8268 -184.1252 -86.6442 85.9649 -227.7223 -109 82 -140
5 24 -78.6284 92 -222.8853 -82.0661 91.2388 -224.6341 -41.1759 92 -278.1559 -97.1114 91.2388 -182.8475
5 24 -82.0661 91.2388 -224.6341 -84.9805 89.0711 -226.1166 -100.285 89.0711 -183.6101 -44.1395 91.2388 -280.6043
5 24 -46.6519 89.0711 -282.6799 -86.6442 85.9649 -227.7223 -47.5111 87.4478 -283.7557 -84.9805 89.0711 -226.1166
5 24 -41.1759 92 -278.1559 -44.1395 91.2388 -280.6043 -17.5514 92 -301.7804 -82.0661 91.2388 -224.6341
5 24 -44.1395 91.2388 -280.6043 -46.6519 89.0711 -282.6799 -19.9889 91.2388 -304.7459 -84.9805 89.0711 -226.1166
5 24 -47.5111 87.4478 -283.7557 -46.6519 89.0711 -282.6799 -22.0553 89.0711 -307.2765 -86.6442 85.9649 -227.7223
5 24 -22.0553 89.0711 -307.2765 -47.5111 87.4478 -283.7557 -46.6519 89.0711 -282.6799 -22.4442 88.1927 -307.9917
5 24 -19.9889 91.2388 -304.7459 -17.5514 92 -301.7804 -44.1395 91.2388 -280.6043 -2.6964 92 -311.6754
5 24 -22.0553 89.0711 -307.2765 -19.9889 91.2388 -304.7459 -46.6519 89.0711 -282.6799 -3.8543 91.2388 -315.5022
5 24 -22.4442 88.1927 -307.9917 -22.0553 89.0711 -307.2765 -47.5111 87.4478 -283.7557 -4.8086 89.16 -318.6564
5 24 -22.0553 89.0711 -307.2765 -3.8543 91.2388 -315.5022 -19.9889 91.2388 -304.7459 -4.8086 89.16 -318.6564
5 24 -4.8086 89.16 -318.6564 -22.4442 88.1927 -307.9917 -4.8984 88.7034 -319.1247 -22.0553 89.0711 -307.2765
5 24 -2.6964 92 -311.6754 -3.8543 91.2388 -315.5022 2.6964 92 -311.6754 -19.9889 91.2388 -304.7459
5 24 -3.8543 91.2388 -315.5022 -4.8086 89.16 -318.6564 3.8543 91.2388 -315.5022 -22.0553 89.0711 -307.2765
5 24 -4.8086 89.16 -318.6564 -4.8984 88.7034 -319.1247 4.8086 89.16 -318.6564 -22.4442 88.1927 -307.9917
0 // Outer sloped faces
0 // Faces
4 16 -106 0 386 -99 82 379 -102.8268 82 378.2388 -109.8268 0 385.2388
4 16 -109.8268 0 385.2388 -102.8268 82 378.2388 -106.0711 82 376.0711 -113.0711 0 383.0711
4 16 -113.0711 0 383.0711 -106.0711 82 376.0711 -108.2388 82 372.8268 -115.2388 0 379.8268
4 16 -115.2388 0 379.8268 -108.2388 82 372.8268 -109 82 369 -116 0 376
4 16 -116 0 376 -109 82 369 -109 82 -140 -115.6585 4 -222.6948
3 16 -116 0 376 -115.6585 4 -222.6948 -116 0 -220
4 16 -115.6585 4 -222.6948 -109 82 -140 -102.8089 84.1296 -185.1667 -110 4 -267.3509
4 16 -110 4 -267.3509 -102.8089 84.1296 -185.1667 -86.6442 85.9649 -227.7223 -94 4 -311.7889
4 16 -94 4 -311.7889 -86.6442 85.9649 -227.7223 -47.5111 87.4478 -283.7557 -55 4 -369.3431
4 16 -55 4 -369.3431 -47.5111 87.4478 -283.7557 -22.4442 88.1927 -307.9917 -30 4 -394.3431
4 16 -30 4 -394.3431 -22.4442 88.1927 -307.9917 -4.8984 88.7034 -319.1247 -12.5 4 -406
3 16 -12.5 4 -406 -5.3045 4.3276 -405.664 -5.618 4 -406
4 16 -12.5 4 -406 -4.8984 88.7034 -319.1247 -4.6194 6.7322 -403.1978 -5.3045 4.3276 -405.664
3 16 -4.8984 88.7034 -319.1247 -3.5355 7.8647 -402.0362 -4.6194 6.7322 -403.1978
3 16 -4.8984 88.7034 -319.1247 -1.9134 8.6214 -401.2601 -3.5355 7.8647 -402.0362
3 16 -4.8984 88.7034 -319.1247 0 8.8871 -400.9876 -1.9134 8.6214 -401.2601
0 // Conditional lines
5 24 -106 0 386 -99 82 379 106 0 386 -102.8268 82 378.2388
5 24 -102.8268 82 378.2388 -109.8268 0 385.2388 -106 0 386 -106.0711 82 376.0711
5 24 -106.0711 82 376.0711 -113.0711 0 383.0711 -108.2388 82 372.8268 -109.8268 0 385.2388
5 24 -115.2388 0 379.8268 -108.2388 82 372.8268 -109 82 369 -113.0711 0 383.0711
5 24 -109 82 369 -116 0 376 -109 82 -140 -115.2388 0 379.8268
5 24 -109 82 -140 -115.6585 4 -222.6948 -102.8089 84.1296 -185.1667 -116 0 376
5 24 -110 4 -267.3509 -102.8089 84.1296 -185.1667 -115.6585 4 -222.6948 -86.6442 85.9649 -227.7223
5 24 -86.6442 85.9649 -227.7223 -94 4 -311.7889 -110 4 -267.3509 -47.5111 87.4478 -283.7557
5 24 -47.5111 87.4478 -283.7557 -55 4 -369.3431 -94 4 -311.7889 -22.4442 88.1927 -307.9917
5 24 -22.4442 88.1927 -307.9917 -30 4 -394.3431 -4.8984 88.7034 -319.1247 -55 4 -369.3431
5 24 -12.5 4 -406 -4.8984 88.7034 -319.1247 -30 4 -394.3431 -4.6194 6.7322 -403.1978
0 // Vertical border
0 // Faces
4 16 -112 0 -219.7476 -106.0872 0 -266.4107 -106.0872 4 -266.4107 -112 4 -219.7476
4 16 -106.0872 0 -266.4107 -90.4067 0 -309.961 -90.4067 4 -309.961 -106.0872 4 -266.4107
4 16 -90.4067 0 -309.961 -51.9023 0 -366.784 -51.9023 4 -366.784 -90.4067 4 -309.961
4 16 -51.9023 0 -366.784 -27.4522 0 -391.2341 -27.4522 4 -391.2341 -51.9023 4 -366.784
4 16 -27.4522 0 -391.2341 -11.2897 0 -402 -11.2897 4 -402 -27.4522 4 -391.2341
4 16 -11.2897 0 -402 -5.618 0 -402 -5.3045 .6636 -402 -11.2897 4 -402
3 16 -11.2897 4 -402 -5.3045 .6636 -402 -4.8352 4 -402
4 16 -116 0 -220 -115.6585 4 -222.6948 -110 4 -267.3509 -110 0 -267.3509
4 16 -110 0 -267.3509 -110 4 -267.3509 -94 4 -311.7889 -94 0 -311.7889
4 16 -94 0 -311.7889 -94 4 -311.7889 -55 4 -369.3431 -55 0 -369.3431
4 16 -55 0 -369.3431 -55 4 -369.3431 -30 4 -394.3431 -30 0 -394.3431
4 16 -30 0 -394.3431 -30 4 -394.3431 -12.5 4 -406 -12.5 2 -406
4 16 -30 0 -394.3431 -12.5 2 -406 -12.7286 1.2346 -405.8478 -13.3794 .5858 -405.4142
4 16 -30 0 -394.3431 -13.3794 .5858 -405.4142 -14.3535 .1522 -404.7654 -15.5025 0 -404
4 16 -12.5 2 -406 -12.5 4 -406 -5.618 4 -406 -6.1716 2.8284 -406
3 16 -12.5 2 -406 -6.1716 2.8284 -406 -7.0483 2 -406
0 // Edges
2 24 -110 4 -267.3509 -115.6585 4 -222.6948
2 24 -94 4 -311.7889 -110 4 -267.3509
2 24 -55 4 -369.3431 -94 4 -311.7889
2 24 -30 4 -394.3431 -55 4 -369.3431
2 24 -12.5 4 -406 -30 4 -394.3431
2 24 -5.618 4 -406 -12.5 4 -406
0 // Conditional lines
5 24 -115.6585 4 -222.6948 -116 0 -220 -116 0 376 -110 4 -267.3509
5 24 -110 0 -267.3509 -110 4 -267.3509 -116 0 -220 -94 4 -311.7889
5 24 -94 4 -311.7889 -94 0 -311.7889 -110 0 -267.3509 -55 4 -369.3431
5 24 -55 4 -369.3431 -55 0 -369.3431 -94 0 -311.7889 -30 4 -394.3431
5 24 -30 4 -394.3431 -30 0 -394.3431 -12.5 4 -406 -55 0 -369.3431
5 24 -12.5 4 -406 -12.5 2 -406 -30 0 -394.3431 -5.618 4 -406
0 // Upper faces
0 // Faces
4 16 -106 0 382 -106 0 386 -109.8268 0 385.2388 -108.2961 0 381.5433
4 16 -108.2961 0 381.5433 -109.8268 0 385.2388 -113.0711 0 383.0711 -110.2426 0 380.2426
4 16 -110.2426 0 380.2426 -113.0711 0 383.0711 -115.2388 0 379.8268 -111.5433 0 378.2961
4 16 -111.5433 0 378.2961 -115.2388 0 379.8268 -116 0 376 -112 0 376
4 16 -112 0 376 -116 0 376 -116 0 -220 -112 0 -219.7476
4 16 -112 0 -219.7476 -116 0 -220 -110 0 -267.3509 -106.0872 0 -266.4107
4 16 -106.0872 0 -266.4107 -110 0 -267.3509 -94 0 -311.7889 -90.4067 0 -309.961
4 16 -90.4067 0 -309.961 -94 0 -311.7889 -55 0 -369.3431 -51.9023 0 -366.784
4 16 -51.9023 0 -366.784 -55 0 -369.3431 -30 0 -394.3431 -27.4522 0 -391.2341
4 16 -27.4522 0 -391.2341 -30 0 -394.3431 -15.5025 0 -404 -11.2897 0 -402
4 16 -11.2897 0 -402 -15.5025 0 -404 -6.1716 0 -403.1716 -5.618 0 -402
3 16 -15.5025 0 -404 -7.0483 0 -404 -6.1716 0 -403.1716
0 // Edges
2 24 -109.8268 0 385.2388 -106 0 386
2 24 -113.0711 0 383.0711 -109.8268 0 385.2388
2 24 -115.2388 0 379.8268 -113.0711 0 383.0711
2 24 -116 0 376 -115.2388 0 379.8268
2 24 -116 0 -220 -116 0 376
2 24 -110 0 -267.3509 -116 0 -220
2 24 -94 0 -311.7889 -110 0 -267.3509
2 24 -55 0 -369.3431 -94 0 -311.7889
2 24 -30 0 -394.3431 -55 0 -369.3431
2 24 -15.5025 0 -404 -30 0 -394.3431
2 24 -108.2961 0 381.5433 -106 0 382
2 24 -110.2426 0 380.2426 -108.2961 0 381.5433
2 24 -111.5433 0 378.2961 -110.2426 0 380.2426
2 24 -112 0 376 -111.5433 0 378.2961
2 24 -112 0 376 -112 0 -219.7476
2 24 -112 0 -219.7476 -106.0872 0 -266.4107
2 24 -106.0872 0 -266.4107 -90.4067 0 -309.961
2 24 -90.4067 0 -309.961 -51.9023 0 -366.784
2 24 -51.9023 0 -366.784 -27.4522 0 -391.2341
2 24 -27.4522 0 -391.2341 -11.2897 0 -402
2 24 -11.2897 0 -402 -5.618 0 -402
0 // Inner bottom
3 16 -101.8083 76 375.0443 -103.7493 76 373.7493 -105.0443 76 371.8083
4 16 -99.5194 76 375.4976 -101.8083 76 375.0443 -105.0443 76 371.8083 -105.4976 76 369.5194
4 16 -105.8537 76 -143.414 -99.9408 76 -190.077 -84.2604 76 -233.6274 -45.7559 76 -290.4504
4 16 -105.8537 76 -143.414 -45.7559 76 -290.4504 -21.3059 76 -314.9005 -5.1434 76 -325.6664
4 16 -99.5194 76 375.4976 -105.4976 76 369.5194 -105.8537 76 -143.414 -5.1434 76 -325.6664
0 // Edges
2 24 -99.5194 76 375.4976 -101.8083 76 375.0443
2 24 -101.8083 76 375.0443 -103.7493 76 373.7493
2 24 -103.7493 76 373.7493 -105.0443 76 371.8083
2 24 -105.0443 76 371.8083 -105.4976 76 369.5194
2 24 -105.8537 76 -143.414 -105.4976 76 369.5194
2 24 -105.8537 76 -143.414 -99.9408 76 -190.077
2 24 -99.9408 76 -190.077 -84.2604 76 -233.6274
2 24 -84.2604 76 -233.6274 -45.7559 76 -290.4504
2 24 -45.7559 76 -290.4504 -21.3059 76 -314.9005
2 24 -21.3059 76 -314.9005 -5.1434 76 -325.6664
0 // Inner sloped faces
0 // Faces
4 16 -106 0 382 -108.2961 0 381.5433 -101.8083 76 375.0443 -99.5194 76 375.4976
4 16 -108.2961 0 381.5433 -110.2426 0 380.2426 -103.7493 76 373.7493 -101.8083 76 375.0443
4 16 -110.2426 0 380.2426 -111.5433 0 378.2961 -105.0443 76 371.8083 -103.7493 76 373.7493
4 16 -111.5433 0 378.2961 -112 0 376 -105.4976 76 369.5194 -105.0443 76 371.8083
3 16 -112 0 376 -112 0 -219.7476 -112 4 -219.7476
3 16 -112 0 376 -112 4 -219.7476 -105.4976 76 369.5194
3 16 -105.4976 76 369.5194 -112 4 -219.7476 -105.8537 76 -143.414
4 16 -112 4 -219.7476 -106.0872 4 -266.4107 -99.9408 76 -190.077 -105.8537 76 -143.414
4 16 -106.0872 4 -266.4107 -90.4067 4 -309.961 -84.2604 76 -233.6274 -99.9408 76 -190.077
4 16 -90.4067 4 -309.961 -51.9023 4 -366.784 -45.7559 76 -290.4504 -84.2604 76 -233.6274
4 16 -51.9023 4 -366.784 -27.4522 4 -391.2341 -21.3059 76 -314.9005 -45.7559 76 -290.4504
4 16 -27.4522 4 -391.2341 -11.2897 4 -402 -5.1434 76 -325.6664 -21.3059 76 -314.9005
4 16 -11.2897 4 -402 -4.8352 4 -402 -4.6194 4.7448 -401.2104 -5.1434 76 -325.6664
3 16 -4.6194 4.7448 -401.2104 -3.5355 5.8583 -400.0299 -5.1434 76 -325.6664
3 16 -3.5355 5.8583 -400.0299 -1.9134 6.6023 -399.2411 -5.1434 76 -325.6664
3 16 -1.9134 6.6023 -399.2411 0 6.8636 -398.9641 -5.1434 76 -325.6664
0 // Edges
2 24 -106.0872 4 -266.4107 -112 4 -219.7476
2 24 -90.4067 4 -309.961 -106.0872 4 -266.4107
2 24 -51.9023 4 -366.784 -90.4067 4 -309.961
2 24 -27.4522 4 -391.2341 -51.9023 4 -366.784
2 24 -11.2897 4 -402 -27.4522 4 -391.2341
2 24 -4.8352 4 -402 -11.2897 4 -402
0 // Conditional lines
5 24 -106 0 382 -99.5194 76 375.4976 106 0 382 -101.8083 76 375.0443
5 24 -101.8083 76 375.0443 -108.2961 0 381.5433 -99.5194 76 375.4976 -110.2426 0 380.2426
5 24 -110.2426 0 380.2426 -103.7493 76 373.7493 -101.8083 76 375.0443 -111.5433 0 378.2961
5 24 -111.5433 0 378.2961 -105.0443 76 371.8083 -112 0 376 -103.7493 76 373.7493
5 24 -105.4976 76 369.5194 -112 0 376 -112 4 -219.7476 -105.0443 76 371.8083
5 24 -112 0 376 -112 4 -219.7476 -105.4976 76 369.5194 -112 0 -219.7476
5 24 -112 4 -219.7476 -105.8537 76 -143.414 -106.0872 4 -266.4107 -105.4976 76 369.5194
5 24 -112 0 -219.7476 -112 4 -219.7476 -106.0872 0 -266.4107 -112 0 376
5 24 -106.0872 4 -266.4107 -99.9408 76 -190.077 -90.4067 4 -309.961 -105.8537 76 -143.414
5 24 -106.0872 0 -266.4107 -106.0872 4 -266.4107 -90.4067 0 -309.961 -112 4 -219.7476
5 24 -84.2604 76 -233.6274 -90.4067 4 -309.961 -99.9408 76 -190.077 -51.9023 4 -366.784
5 24 -90.4067 0 -309.961 -90.4067 4 -309.961 -51.9023 0 -366.784 -106.0872 4 -266.4107
5 24 -51.9023 4 -366.784 -45.7559 76 -290.4504 -84.2604 76 -233.6274 -27.4522 4 -391.2341
5 24 -51.9023 0 -366.784 -51.9023 4 -366.784 -27.4522 0 -391.2341 -90.4067 4 -309.961
5 24 -27.4522 4 -391.2341 -21.3059 76 -314.9005 -11.2897 4 -402 -45.7559 76 -290.4504
5 24 -27.4522 4 -391.2341 -27.4522 0 -391.2341 -51.9023 4 -366.784 -11.2897 0 -402
5 24 -11.2897 4 -402 -5.1434 76 -325.6664 -4.8352 4 -402 -21.3059 76 -314.9005
5 24 -11.2897 0 -402 -11.2897 4 -402 -27.4522 4 -391.2341 -5.618 0 -402
0 // Rounded hole and front fillet
0 // Faces
4 16 -15.5025 0 -404 -14.3535 .1522 -404.7654 -7.4693 .0988 -404.4966 -7.0483 0 -404
3 16 -14.3535 .1522 -404.7654 -8.2346 .1522 -404.7654 -7.4693 .0988 -404.4966
4 16 -14.3535 .1522 -404.7654 -13.3794 .5858 -405.4142 -9 .5858 -405.4142 -8.2346 .1522 -404.7654
4 16 -13.3794 .5858 -405.4142 -12.7286 1.2346 -405.8478 -8.2346 1.2346 -405.8478 -9 .5858 -405.4142
3 16 -12.7286 1.2346 -405.8478 -7.4693 1.5034 -405.9012 -8.2346 1.2346 -405.8478
4 16 -12.7286 1.2346 -405.8478 -12.5 2 -406 -7.0483 2 -406 -7.4693 1.5034 -405.9012
3 16 -9 .5858 -405.4142 -8.2346 1.2346 -405.8478 -8.2346 .1522 -404.7654
4 16 -8.2346 .1522 -404.7654 -8.2346 1.2346 -405.8478 -7.4693 1.5034 -405.9012 -7.4693 .0988 -404.4966
4 16 -7.4693 .0988 -404.4966 -7.4693 1.5034 -405.9012 -7.0483 2 -406 -7.0483 0 -404
4 16 -7.0483 0 -404 -7.0483 2 -406 -6.1716 2.8284 -406 -6.1716 0 -403.1716
4 16 -6.1716 0 -403.1716 -6.1716 2.8284 -406 -5.618 4 -406 -5.618 0 -402
4 16 -5.618 0 -402 -5.618 4 -406 -5.3045 4.3276 -405.664 -5.3045 .6636 -402
4 16 -5.3045 .6636 -402 -5.3045 4.3276 -405.664 -4.6194 6.7322 -403.1978 -4.8352 4 -402
3 16 -4.8352 4 -402 -4.6194 6.7322 -403.1978 -4.6194 4.7448 -401.2104
4 16 -4.6194 4.7448 -401.2104 -4.6194 6.7322 -403.1978 -3.5355 7.8647 -402.0362 -3.5355 5.8583 -400.0299
4 16 -3.5355 5.8583 -400.0299 -3.5355 7.8647 -402.0362 -1.9134 8.6214 -401.2601 -1.9134 6.6023 -399.2411
4 16 -1.9134 6.6023 -399.2411 -1.9134 8.6214 -401.2601 0 8.8871 -400.9876 0 6.8636 -398.9641
0 // Edges
2 24 0 8.8871 -400.9876 -1.9134 8.6214 -401.2601
2 24 -1.9134 8.6214 -401.2601 -3.5355 7.8647 -402.0362
2 24 -3.5355 7.8647 -402.0362 -4.6194 6.7322 -403.1978
2 24 -4.6194 6.7322 -403.1978 -5.3045 4.3276 -405.664
2 24 -5.3045 4.3276 -405.664 -5.618 4 -406
2 24 -5.618 4 -406 -6.1716 2.8284 -406
2 24 -6.1716 2.8284 -406 -7.0483 2 -406
2 24 -7.0483 2 -406 -7.4693 1.5034 -405.9012
2 24 -7.4693 1.5034 -405.9012 -8.2346 1.2346 -405.8478
2 24 -9 .5858 -405.4142 -8.2346 1.2346 -405.8478
2 24 -8.2346 .1522 -404.7654 -9 .5858 -405.4142
2 24 -8.2346 .1522 -404.7654 -7.4693 .0988 -404.4966
2 24 -7.4693 .0988 -404.4966 -7.0483 0 -404
2 24 -7.0483 0 -404 -6.1716 0 -403.1716
2 24 -6.1716 0 -403.1716 -5.618 0 -402
2 24 -5.618 0 -402 -5.3045 .6636 -402
2 24 -5.3045 .6636 -402 -4.8352 4 -402
2 24 -4.6194 4.7448 -401.2104 -4.8352 4 -402
2 24 -4.6194 4.7448 -401.2104 -3.5355 5.8583 -400.0299
2 24 -3.5355 5.8583 -400.0299 -1.9134 6.6023 -399.2411
2 24 -1.9134 6.6023 -399.2411 0 6.8636 -398.9641
2 24 -12.5 4 -406 -12.5 2 -406
2 24 -12.5 2 -406 -12.7286 1.2346 -405.8478
2 24 -12.7286 1.2346 -405.8478 -13.3794 .5858 -405.4142
2 24 -13.3794 .5858 -405.4142 -14.3535 .1522 -404.7654
2 24 -14.3535 .1522 -404.7654 -15.5025 0 -404
0 // Conditional lines
5 24 -1.9134 8.6214 -401.2601 -1.9134 6.6023 -399.2411 0 8.8871 -400.9876 -3.5355 5.8583 -400.0299
5 24 -3.5355 7.8647 -402.0362 -3.5355 5.8583 -400.0299 -1.9134 8.6214 -401.2601 -4.6194 4.7448 -401.2104
5 24 -4.6194 6.7322 -403.1978 -4.6194 4.7448 -401.2104 -4.8352 4 -402 -3.5355 7.8647 -402.0362
5 24 -5.3045 4.3276 -405.664 -5.3045 .6636 -402 -5.618 0 -402 -4.6194 6.7322 -403.1978
5 24 -6.1716 0 -403.1716 -6.1716 2.8284 -406 -7.0483 0 -404 -5.618 4 -406
5 24 -7.4693 1.5034 -405.9012 -7.4693 .0988 -404.4966 -8.2346 .1522 -404.7654 -7.0483 2 -406
5 24 -7.0483 2 -406 -12.5 2 -406 -7.4693 1.5034 -405.9012 -6.1716 2.8284 -406
5 24 -8.2346 1.2346 -405.8478 -12.7286 1.2346 -405.8478 -9 .5858 -405.4142 -7.4693 1.5034 -405.9012
5 24 -13.3794 .5858 -405.4142 -9 .5858 -405.4142 -8.2346 .1522 -404.7654 -12.7286 1.2346 -405.8478
5 24 -14.3535 .1522 -404.7654 -8.2346 .1522 -404.7654 -7.4693 .0988 -404.4966 -13.3794 .5858 -405.4142
5 24 -15.5025 0 -404 -7.0483 0 -404 -14.3535 .1522 -404.7654 -6.1716 0 -403.1716
