0 ~Minifig Wheelchair Half (needs work)
0 Name: s\24312s01.dat
0 Author: Gerald Lasser [GeraldLasser]
0 !LDRAW_ORG Unofficial_Subpart 
0 !LICENSE Redistributable under CCAL version 2.0 : see CAreadme.txt

0 BFC CERTIFY CCW


3 16 -16 7.95 14 -8 7.95 10.1 -12 7.95 10.1
4 16 -19.9 7.95 29.9 -16 7.95 26 -16 7.95 14 -19.9 7.95 10.1
3 16 -12 7.95 10.1 -19.9 7.95 10.1 -16 7.95 14
1 16 -10 7.95 5.6 0 0 -2 0 -1 0 4.5 0 0 rect2p.dat
3 16 -19.9 7.95 29.9 -19.9 2.5 29.9 -16.75 1.25 29.9
1 16 -15.95 5.225 20 0 0 -3.95 2.725 0 0 0 -9.9 0 box2-5.dat

0 // Wheelholder Clip
0 BFC INVERTNEXT
1 16 -12 11.95 .9 0 4 0 0 0 -4 -4.3 0 .2 1-4cylo.dat
1 16 -12 11.95 .9 0 4 0 0 0 -4 -4.3 0 .2 1-4ndis.dat
1 16 -8 11.95 .9 0 -4 0 0 0 -4 -4.3 0 .2 1-4ndis.dat
1 16 -10 12.475 -3.45 0 0 2 -.525 -1 0 .05 0 0 rect2p.dat
1 16 -12 15.925 -5.8825 0 4 0 1.575 0 0 0 0 -1.745 1-4cylo.dat
1 16 -12 15.5 -5.8825 0 4 0 2 0 0 0 0 2 1-4cylo.dat
1 16 -10 13.62125 -3.56 0 0 2 .62125 -1 0 -.06 0 0 rect2p.dat
1 16 -10 14.94125 -7.65875 0 0 -2 .98375 -1 0 .03125 0 0 rect2p.dat
1 16 -10 14.87125 -3.75125 0 0 -2 -.62875 -1 0 .13125 0 0 rect2p.dat
5 24 -8 13 -3.5 -12 13 -3.5 -12 11.95 -3.4 -12 14.2425 -3.62
5 24 -8 14.2425 -3.62 -12 14.2425 -3.62 -12 13 -3.5 -12 15.5 -3.8825
5 24 -12 13.9575 -7.69 -8 13.9575 -7.69 -12 15.925 -7.6275 -12 13 -7.5

0 BFC INVERTNEXT
1 16 -12 13 -10 0 4 0 0 0 -2.5 2.5 0 0 2-4cylo.dat
1 16 -12 15.925 -14.1175 0 4 0 1.575 0 0 0 0 1.745 1-4cylo.dat
1 16 -12 15.5 -14.1175 0 4 0 2 0 0 0 0 -2 1-4cylo.dat
1 16 -10 13.47875 -12.405 0 0 -2 -.47875 1 0 -.095 0 0 rect2p.dat
1 16 -10 14.94125 -12.34125 0 0 -2 -.98375 -1 0 .03125 0 0 rect2p.dat
1 16 -10 13.47875 -7.595 0 0 -2 .47875 1 0 -.095 0 0 rect2p.dat
1 16 -10 6.77125 -12.29125 -2 0 0 0 1 -2.27125 0 0 2.39125 rect3.dat
1 16 -10 3.25 -9.9 0 0 -2 1.25 0 0 0 1 0 rect2p.dat
1 16 -10 14.87125 -16.24875 0 0 2 -.62875 -1 0 -.13125 0 0 rect2p.dat
1 16 -10 11.04625 -16.065 0 0 -2 .60875 1 0 -.2625 0 0 rect2p.dat
1 16 -10 13.62125 -16.44 0 0 2 -.62125 -1 0 -.06 0 0 rect2p.dat
1 16 -10 9.74 -15.2425 0 0 -2 .6975 1 0 -.56 0 0 rect2p.dat
1 16 -10 12.3275 -16.41375 0 0 2 -.6725 1 0 .08625 0 0 rect2p.dat
5 24 -8 9.0425 -14.6825 -12 9.0425 -14.6825 -8 10.4375 -15.8025 -8 4.5 -9.9
5 24 -8 10.4375 -15.8025 -12 10.4375 -15.8025 -8 9.0425 -14.6825 -8 11.655 -16.3275
5 24 -8 11.655 -16.3275 -12 11.655 -16.3275 -8 10.4375 -15.8025 -8 13 -16.5
5 24 -8 13 -16.5 -12 13 -16.5 -8 11.655 -16.3275 -8 14.2425 -16.38

1 16 -12 13 -10 0 4 0 0 0 -2.5 2.5 0 0 2-4ndis.dat
1 16 -12 15.925 -5.8825 0 4 0 1.575 0 0 0 0 -1.745 1-4chrd.dat
1 16 -12 15.5 -5.8825 0 4 0 2 0 0 0 0 2 1-4chrd.dat
1 16 -12 15.925 -14.1175 0 4 0 1.575 0 0 0 0 1.745 1-4chrd.dat
1 16 -12 15.5 -14.1175 0 4 0 2 0 0 0 0 -2 1-4chrd.dat
3 16 -12 13 -3.5 -12 13 -7.5 -12 11.95 -3.4
4 16 -12 9.0425 -14.6825 -12 10.5 -12.5 -12 13 -12.5 -12 10.4375 -15.8025
4 16 -12 7.95 10.1 -12 7.95 1.1 -12 2.5 -5.25 -12 2.5 10.1
3 16 -12 2 -9.9 -12 2.5 -5.25 -12 4.5 -9.9
4 16 -12 13 -7.5 -12 10.5 -7.5 -12 7.95 -3.2 -12 11.95 -3.4
4 16 -12 10.5 -10 -12 10.5 -12.5 -12 9.0425 -14.6825 -12 4.5 -9.9
4 16 -12 7.95 -3.2 -12 10.5 -7.5 -12 10.5 -10 -12 4.5 -9.9
4 16 -12 2.5 -5.25 -12 7.95 1.1 -12 7.95 -3.2 -12 4.5 -9.9
3 16 -12 15.925 -7.6275 -12 15.5 -3.8825 -12 17.5 -5.8825
4 16 -12 13.9575 -7.69 -12 14.2425 -3.62 -12 15.5 -3.8825 -12 15.925 -7.6275
3 16 -12 17.5 -14.1175 -12 15.5 -16.1175 -12 15.925 -12.3725
4 16 -12 14.2425 -16.38 -12 13.9575 -12.31 -12 15.925 -12.3725 -12 15.5 -16.1175
4 16 -12 10.4375 -15.8025 -12 13 -12.5 -12 13 -16.5 -12 11.655 -16.3275
4 16 -12 13 -16.5 -12 13 -12.5 -12 13.9575 -12.31 -12 14.2425 -16.38
4 16 -12 13.9575 -7.69 -12 13 -7.5 -12 13 -3.5 -12 14.2425 -3.62
2 24 -12 2.5 -5.25 -12 2.5 10.1
2 24 -12 2.5 -5.25 -12 2 -9.9

1 16 -8 13 -10 0 -4 0 0 0 -2.5 2.5 0 0 2-4ndis.dat
1 16 -8 15.925 -5.8825 0 -4 0 1.575 0 0 0 0 -1.745 1-4chrd.dat
1 16 -8 15.5 -5.8825 0 -4 0 2 0 0 0 0 2 1-4chrd.dat
1 16 -8 15.925 -14.1175 0 -1 0 1.575 0 0 0 0 1.745 1-4chrd.dat
1 16 -8 15.5 -14.1175 0 -4 0 2 0 0 0 0 -2 1-4chrd.dat
4 16 -8 13 -12.5 -8 10.5 -12.5 -8 9.0425 -14.6825 -8 10.4375 -15.8025
3 16 -8 11.95 -3.4 -8 13 -7.5 -8 13 -3.5
4 16 -8 7.95 10.1 -8 2.5 10.1 -8 2.5 -5.25 -8 7.95 1.1
4 16 -8 9.0425 -14.6825 -8 10.5 -12.5 -8 10.5 -10 -8 4.5 -9.9
4 16 -8 10.5 -10 -8 10.5 -7.5 -8 7.95 -3.2 -8 4.5 -9.9
4 16 -8 7.95 -3.2 -8 10.5 -7.5 -8 13 -7.5 -8 11.95 -3.4
4 16 -8 4.5 -9.9 -8 7.95 -3.2 -8 7.95 1.1 -8 2.5 -5.25
3 16 -8 2 -9.9 -8 4.5 -9.9 -8 2.5 -5.25
3 16 -8 15.925 -7.6275 -8 17.5 -5.8825 -8 15.5 -3.8825
4 16 -8 14.2425 -16.38 -8 15.5 -16.1175 -8 15.925 -12.3725 -8 13.9575 -12.31
4 16 -8 15.5 -3.8825 -8 14.2425 -3.62 -8 13.9575 -7.69 -8 15.925 -7.6275
4 16 -8 10.4375 -15.8025 -8 11.655 -16.3275 -8 13 -16.5 -8 13 -12.5
4 16 -8 13 -3.5 -8 13 -7.5 -8 13.9575 -7.69 -8 14.2425 -3.62
3 16 -8 15.5 -16.1175 -8 17.5 -14.1175 -8 15.925 -12.3725
4 16 -8 13.9575 -12.31 -8 13 -12.5 -8 13 -16.5 -8 14.2425 -16.38
0 // Plate Bottom
4 16 -12 2.5 -5.25 -22.5 2.5 -5.25 -19.9 2.5 10.1 -12 2.5 10.1
4 16 -22.5 2.5 30 -19.9 2.5 30 -19.9 2.5 29.9 -22.5 2.5 24.75
4 16 -22.5 2.5 24.75 -19.9 2.5 29.9 -19.9 2.5 10.1 -22.5 2.5 -5.25
3 16 -25 2 -9.9 -25 2.5 -5.25 -22.5 2.5 -5.25
4 16 -12 2 -9.9 -25 2 -9.9 -22.5 2.5 -5.25 -12 2.5 -5.25
2 24 -19.9 2.5 29.9 -19.9 2.5 30
2 24 -22.5 2.5 -5.25 -12 2.5 -5.25
2 24 -22.5 2.5 30 -22.5 2.5 24.75
2 24 -22.5 2.5 24.75 -22.5 2.5 -5.25
2 24 -25 2.5 -5.25 -25 2 -9.9
2 24 -12 2 -9.9 -25 2 -9.9
3 16 -12 2 -9.9 -8 2 -9.9 -20.1 0 -9.9
3 16 -12 2 -9.9 -20.1 0 -9.9 -25 2 -9.9
0 // Side Outside and Top
4 16 -20.1 0 -9.9 -20.1 -8 -9.9 -25 -8 -9.9 -25 2 -9.9
2 24 -20.1 0 -9.9 -20.1 -8 -9.9
1 16 -22.5 -2.75 30 0 2.5 0 5.25 0 0 0 0 -5.25 3-4ndis.dat
4 16 -22.5 -2.75 35.25 -22.5 -8 35.25 -22.5 -18 37.8925 -22.5 -2.7525 36.75
4 16 -22.5 -18 37.8925 -22.5 -8 35.25 -22.5 -8 30 -22.5 -18 5
3 16 -22.5 -8 24.75 -22.5 -18 5 -22.5 -8 30
4 16 -22.5 -8 24.75 -22.5 -2.7525 24.75 -22.5 -13.25 3.5 -22.5 -18 5
4 16 -22.5 -8 -5.25 -22.5 -13.25 0 -22.5 -13.25 3.5 -22.5 -2.7525 24.75
4 16 -22.5 -8 -5.25 -22.5 -2.7525 24.75 -22.5 2.5 24.75 -22.5 2.5 -5.25
1 16 -22.5 -8 0 0 2.5 0 0 0 -5.25 -5.25 0 0 1-4chrd.dat
0 BFC INVERTNEXT
1 16 -25 -8 0 0 2.5 0 0 0 -5.25 -5.25 0 0 1-4cylo.dat
1 16 -23.75 -2.75 -5.25 1.25 0 0 0 0 5.25 0 -1 0 rect3.dat
1 16 -23.75 -13.25 1.75 0 0 -1.25 0 -1 0 1.75 0 0 rect2p.dat
3 16 -25 -18 0 -25 -13.25 0 -25 -12.850475 -2.009175
3 16 -25 -18 0 -25 -12.850475 -2.009175 -25 -11.712275 -3.712275
3 16 -25 -18 0 -25 -11.712275 -3.712275 -25 -8 -9.9
3 16 -25 -8 -9.9 -25 -11.712275 -3.712275 -25 -10.009175 -4.850475
3 16 -25 -8 -9.9 -25 -10.009175 -4.850475 -25 -8 -5.25
4 16 -25 -13.25 3.5 -25 -13.25 0 -25 -18 0 -25 -18 5
4 16 -25 -8 -9.9 -25 -8 -5.25 -25 2.5 -5.25 -25 2 -9.9
2 24 -25 -8 -9.9 -25 2 -9.9
1 16 -25 -8 0 0 4.9 0 0 0 -10 -9.9 0 0 1-4chrd.dat
1 16 -23.75 -15.625 4.25 0 0 -1.25 -2.375 -1 0 .75 0 0 rect.dat
1 16 -25 -8 0 0 4.9 0 0 0 -10 -9.9 0 0 1-4cylo.dat
4 16 -22.5 -18 5 -25 -18 5 -25 -18 0 -20.1 -18 0
4 16 -22.5 -18 37.8925 -22.5 -18 5 -20.1 -18 0 -20.1 -18 30.4475
3 16 -20.1 -18 37.8925 -22.5 -18 37.8925 -20.1 -18 30.4475
2 24 -25 -18 0 -25 -18 5
2 24 -22.5 -18 5 -22.5 -18 37.8925
2 24 -20.1 -18 0 -20.1 -18 30.4475
0 // Side Inside
1 16 -20.1 -8 0 0 -4.9 0 0 0 -10 -9.9 0 0 1-4chrd.dat
1 16 -20.1 -6.73 21.2 0 -6.225 0 0 0 6.73 6.7 0 -1.6 1-4chrd.dat
4 16 -20.1 0 19.6 -20.1 -6.735 27.9 -20.1 -18 30.4475 -20.1 -18 0
4 16 -20.1 -8 -9.9 -20.1 0 -9.9 -20.1 0 19.6 -20.1 -18 0

0 // Seat and Back Inside
0 BFC INVERTNEXT
1 16 -13.875 -6.73 21.2 0 -6.225 0 0 0 6.73 6.7 0 -1.6 1-4cylo.dat
1 16 -13.875 -6.73 21.2 0 -6.225 0 0 0 6.73 6.7 0 -1.6 1-4ndis.dat
3 16 -20.1 0 19.6 -20.1 0 -9.9 -13.875 0 19.6
4 16 -13.875 0 19.6 -5.25 0 15 -5.25 0 20.25 -13.875 0 26.3
3 16 -13.875 0 26.3 -13.875 -1.59 27.58 -13.875 -6.735 27.9
4 16 -13.875 -6.375 29.04 -13.875 -6.735 27.9 -13.875 -1.59 27.58 -13.875 -3.755 28.465
4 16 -5.25 0 9.75 -5.25 0 15 -13.875 0 19.6 -20.1 0 -9.9
2 24 -20.1 0 19.6 -20.1 0 -9.9
2 24 -13.875 0 19.6 -13.875 0 26.3
3 16 -13.875 -6.735 27.9 -13.875 -6.375 29.04 -13.875 -18.0025 31.3125
4 16 -13.875 -6.735 27.9 -13.875 -18.0025 31.3125 -13.875 -40 35.5 -13.875 -18.015 30.4475
4 16 -20.1 -18 30.4475 -20.1 -6.735 27.9 -13.875 -6.735 27.9 -13.875 -18.015 30.4475
4 16 -20.1 -18 30.4475 -13.875 -18.015 30.4475 -13.875 -40 35.5 -19.52 -39.1275 35.2625
2 24 -20.1 -18 30.4475 -20.1 -6.735 27.9
2 24 -13.875 -6.735 27.9 -13.875 -18.015 30.4475
2 24 -13.875 -18.015 30.4475 -13.875 -40 35.5
5 24 -20.1 -18 30.4475 -13.875 -18.015 30.4475 -13.875 -40 35.5 -13.875 -6.735 27.9
4 16 -20.1 -18 37.8925 -20.1 -18 30.4475 -19.52 -39.1275 35.2625 -19.6975 -32 38.92
2 24 -19.52 -39.1275 35.2625 -20.1 -18 30.4475
2 24 -20.1 -18 30.4475 -20.1 -18 37.8925

0 // Seat Backside
4 16 -16.75 1.25 29.9 -19.9 2.5 29.9 -19.9 -4.25 29.9 -16.75 -4.25 29.9
4 16 -16.75 -13.7875 35.0775 -16.75 -4.25 29.9 -19.9 -4.25 29.9 -19.9 -13.7875 35.0775
1 16 -19.9 -2.75 30 0 -5.1 0 0 0 5.25 5.25 0 0 1-4chrd.dat
4 16 -19.9 2.5 29.9 -19.9 2.5 30 -19.9 -2.75 35.25 -19.9 -4.25 29.9
3 16 -19.9 -13.7875 35.0775 -19.9 -4.25 29.9 -19.9 -2.75 35.25
4 16 -19.9 -2.75 35.25 -19.9 -2.7525 36.75 -19.9 -13.7875 37.5775 -19.9 -13.7875 35.0775
4 16 -19.9 -13.7875 37.5775 -16.75 -13.785 35.835 -16.75 -13.7875 35.0775 -19.9 -13.7875 35.0775
4 16 -19.9 -13.7875 37.5775 -16.25 -13.7875 37.5775 -16.25 -13.7875 35.8275 -16.75 -13.785 35.835
2 24 -16.25 -13.7875 37.5775 -16.25 -13.7875 35.8275
2 24 -16.25 -13.7875 35.8275 -16.75 -13.785 35.835
2 24 -16.75 -13.785 35.835 -16.75 -13.7875 35.0775
2 24 -19.9 -13.7875 37.5775 -19.9 -13.7875 35.0775
2 24 -19.9 -13.7875 35.0775 -16.75 -13.7875 35.0775
2 24 -16.25 -13.7875 37.5775 -19.9 -13.7875 37.5775
2 24 -16.25 -32 38.92 -16.25 -13.7875 37.5775
2 24 -16.25 -33.5 38.38 -16.25 -13.7875 35.8275
4 16 -16.25 -13.7875 37.5775 -16.25 -32 38.92 -16.25 -33.5 38.38 -16.25 -13.7875 35.8275
4 16 -22.5 -18 37.8925 -19.9 -13.7875 37.5775 -19.9 -2.7525 36.75 -22.5 -2.7525 36.75
4 16 -16.25 -13.7875 37.5775 -20.1 -18 37.8925 -19.6975 -32 38.92 -16.25 -32 38.92
4 16 -19.9 -13.7875 37.5775 -22.5 -18 37.8925 -20.1 -18 37.8925 -16.25 -13.7875 37.5775
1 16 -21.2 -2.75125 36 0 0 1.3 -.00125 -1 0 .75 0 0 rect.dat
2 24 -20.1 -18 37.8925 -19.6975 -32 38.92
2 24 -19.9 -2.7525 36.75 -19.9 -13.7875 37.5775
2 24 -22.5 -18 37.8925 -22.5 -2.7525 36.75
2 24 -20.1 -18 37.8925 -22.5 -18 37.8925
2 24 -16.75 -13.7875 35.0775 -16.75 -4.25 29.9
3 16 -16.75 -4.25 29.9 -16.75 -3.45 33.855 -16.75 1.25 29.9
3 16 -16.75 -4.25 29.9 -16.75 -13.7875 35.0775 -16.75 -13.785 35.835
3 16 -16.75 -3.4475 33.855 -16.75 -4.25 29.9 -16.75 -13.785 35.835
3 16 -16.75 -13.785 35.835 -16.25 -13.7875 35.8275 -16.75 -3.4475 33.855
1 16 -16.75 -2.75 29.9 0 1 0 4 0 -.7 0 0 3.955 1-4chrd.dat
2 24 -16.75 -4.25 29.9 -16.75 1.25 29.9
2 24 -16.75 -13.785 35.835 -16.75 -3.4475 33.855
2 24 -19.9 2.5 29.9 -19.9 -4.25 29.9
2 24 -19.9 -4.25 29.9 -19.9 -13.7875 35.0775
2 24 -19.9 -4.25 29.9 -16.75 -4.25 29.9

0 // Seat Top
4 16 -16.25 -32 38.92 -16.25 -32 45.13 -16.25 -33.5 45.13 -16.25 -33.5 38.38
4 16 -19.6975 -32 38.92 -19.66 -32 44.345 -16.25 -32 45.13 -16.25 -32 38.92
2 24 -19.6975 -32 38.92 -16.25 -32 38.92
2 24 -16.25 -32 45.13 -16.25 -32 38.92
1 16 -18.63 -39.1275 35.2625 0 0 -.89 -.8725 0 0 .2375 4 0 1-4cyli.dat
1 16 -18.63 -39.1275 35.2625 0 0 -.89 -.8725 0 0 .2375 1 0 1-4chrd.dat
1 16 -18.63 -39.1275 35.2625 0 0 -.89 -.8725 0 0 .2375 1 0 1-4edge.dat
3 16 -18.63 -40 35.5 -19.52 -39.1275 35.2625 -13.875 -40 35.5
2 24 -13.875 -40 35.5 -18.63 -40 35.5
3 16 -18.63 -40 35.5 -13.875 -40 35.5 -18.63 -40 39.5

5 24 -8 14.2425 -16.38 -12 14.2425 -16.38 -8 15.5 -16.1175 -8 13 -16.5
5 24 -8 11.655 -16.3275 -8 13 -16.5 -12 11.655 -16.3275 -12 13 -16.5

0 // Wheel Pin
1 16 -25 -2.75 30 0 2.5 0 5.25 0 0 0 0 -5.25 3-4cylo.dat
1 16 -25 -2.75 30 0 5.1 0 0 0 5.25 5.25 0 0 1-4cylo.dat
1 16 -25 -2.75 30 0 2.5 0 1 0 0 0 0 -1 4-4ring4.dat
1 16 -25 -2.75 30 0 2.5 0 .25 0 0 0 0 -.25 4-4rin20.dat
1 16 -25 -2.75 30 0 1 0 1 0 0 0 0 -1 wpin.dat

0 // Handle (needs work)
3 16 -19.115 -32 48.65 -19.0325 -32 48.4575 -19.105 -32 48.0925
4 16 -19.66 -32 44.345 -19.66 -32 46.405 -17.295 -32 48 -16.25 -32 45.13
3 16 -19.0325 -32 48.4575 -18.96 -32 48.33 -19.105 -32 48.0925
3 16 -18.96 -32 48.33 -18.8375 -32 48.24 -19.105 -32 48.0925
3 16 -18.8375 -32 48.24 -18.36 -32 48.085 -19.105 -32 48.0925
3 16 -19.105 -32 48.0925 -18.36 -32 48.085 -19.4275 -32 47.215
4 16 -18.36 -32 48.085 -17.295 -32 48 -19.66 -32 46.405 -19.4275 -32 47.215

4 16 -18.36 -35.9975 48.085 -17.295 -36 47.995 -17.295 -33.7325 47.995 -18.36 -33.7325 48.085

4 16 -18.36 -35.9975 48.085 -18.47 -37.5525 47.7825 -17.3175 -37.5575 47.68 -17.295 -36 47.995
4 16 -18.47 -37.5525 47.7825 -18.6875 -38.8225 46.9475 -17.365 -38.8275 46.825 -17.3175 -37.5575 47.68
4 16 -17.435 -39.685 45.555 -17.365 -38.8275 46.825 -18.6875 -38.8225 46.9475 -18.9825 -39.675 45.71
4 16 -18.9825 -39.675 45.71 -19.3225 -39.985 44.19 -17.515 -40 44 -17.435 -39.685 45.555
4 16 -18.36 -33.7325 48.085 -17.295 -33.7325 47.995 -17.295 -32 48 -18.36 -32 48.085
4 16 -17.61 -39.6925 40.0675 -18.63 -39.6925 40.0675 -18.63 -39.93 39.805 -17.61 -39.93 39.805
4 16 -19.5075 -39.6675 42.6525 -17.5925 -39.685 42.445 -17.515 -40 44 -19.3225 -39.985 44.19
4 16 -17.61 -39.93 39.805 -18.63 -39.93 39.805 -18.63 -40 39.5 -17.61 -40 39.5
4 16 -18.63 -39.22 41.05 -17.61 -39.22 41.05 -17.61 -39.3425 41.715 -18.63 -39.3425 41.715
3 16 -17.61 -39.3425 41.715 -17.5925 -39.685 42.445 -19.5075 -39.6675 42.6525
3 16 -18.63 -39.3425 41.715 -17.61 -39.3425 41.715 -19.5075 -39.6675 42.6525
4 16 -18.63 -39.385 40.46 -17.61 -39.385 40.46 -17.61 -39.22 41.05 -18.63 -39.22 41.05
4 16 -17.61 -39.385 40.46 -18.63 -39.385 40.46 -18.63 -39.6925 40.0675 -17.61 -39.6925 40.0675

3 16 -18.965 -39.3225 41.7025 -18.63 -39.3425 41.715 -19.5075 -39.6675 42.6525
3 16 -19.25 -39.2625 41.665 -18.965 -39.3225 41.7025 -19.5075 -39.6675 42.6525
3 16 -19.46 -39.0275 41.5175 -19.25 -39.2625 41.665 -19.5075 -39.6675 42.6525
3 16 -19.53 -38.81 41.3825 -19.46 -39.0275 41.5175 -19.5075 -39.6675 42.6525
3 16 -19.5225 -39.06 39.7325 -19.52 -39.1275 39.2625 -19.452271 -39.46140575 39.35339125
3 16 -19.4475 -39.3925 39.76 -19.5225 -39.06 39.7325 -19.452271 -39.46140575 39.35339125
3 16 -19.4475 -39.3925 39.76 -19.452271 -39.46140575 39.35339125 -19.259319 -39.74444475 39.43043625
3 16 -19.2525 -39.675 39.785 -19.4475 -39.3925 39.76 -19.259319 -39.74444475 39.43043625
3 16 -19.2525 -39.675 39.785 -19.259319 -39.74444475 39.43043625 -18.970603 -39.93360275 39.48192625
3 16 -18.965 -39.865 39.8 -19.2525 -39.675 39.785 -18.970603 -39.93360275 39.48192625
4 16 -18.970603 -39.93360275 39.48192625 -18.63 -40 39.5 -18.63 -39.93 39.805 -18.965 -39.865 39.8
3 16 -19.5275 -38.9325 39.875 -19.5225 -39.06 39.7325 -19.4475 -39.3925 39.76
3 16 -19.45 -39.2225 39.9475 -19.5275 -38.9325 39.875 -19.4475 -39.3925 39.76
4 16 -19.4475 -39.3925 39.76 -19.2525 -39.675 39.785 -19.2525 -39.47 40.0125 -19.45 -39.2225 39.9475
4 16 -18.965 -39.635 40.055 -19.2525 -39.47 40.0125 -19.2525 -39.675 39.785 -18.965 -39.865 39.8
4 16 -18.965 -39.865 39.8 -18.63 -39.93 39.805 -18.63 -39.6925 40.0675 -18.965 -39.635 40.055
4 16 -19.4525 -38.97 40.2725 -19.53 -38.71 40.155 -19.5275 -38.9325 39.875 -19.45 -39.2225 39.9475
4 16 -19.45 -39.2225 39.9475 -19.2525 -39.47 40.0125 -19.255 -39.1875 40.37 -19.4525 -38.97 40.2725
4 16 -19.2525 -39.47 40.0125 -18.965 -39.635 40.055 -18.965 -39.335 40.4375 -19.255 -39.1875 40.37
4 16 -18.965 -39.635 40.055 -18.63 -39.6925 40.0675 -18.63 -39.385 40.46 -18.965 -39.335 40.4375
3 16 -19.5225 -38.5525 41.0125 -19.53 -38.71 40.155 -19.4525 -38.97 40.2725
3 16 -19.4225 -38.775 41.025 -19.5225 -38.5525 41.0125 -19.4525 -38.97 40.2725
3 16 -19.4225 -38.775 41.025 -19.4525 -38.97 40.2725 -19.255 -39.1875 40.37
3 16 -19.26 -39.0025 41.0375 -19.4225 -38.775 41.025 -19.255 -39.1875 40.37
4 16 -18.9675 -39.165 41.0475 -19.26 -39.0025 41.0375 -19.255 -39.1875 40.37 -18.965 -39.335 40.4375
4 16 -18.965 -39.335 40.4375 -18.63 -39.385 40.46 -18.63 -39.22 41.05 -18.9675 -39.165 41.0475
3 16 -19.53 -38.81 41.3825 -19.5225 -38.5525 41.0125 -19.4225 -38.775 41.025
3 16 -19.46 -39.0275 41.5175 -19.53 -38.81 41.3825 -19.4225 -38.775 41.025
3 16 -19.46 -39.0275 41.5175 -19.4225 -38.775 41.025 -19.26 -39.0025 41.0375
3 16 -19.25 -39.2625 41.665 -19.46 -39.0275 41.5175 -19.26 -39.0025 41.0375
3 16 -19.25 -39.2625 41.665 -19.26 -39.0025 41.0375 -18.9675 -39.165 41.0475
3 16 -18.965 -39.3225 41.7025 -19.25 -39.2625 41.665 -18.9675 -39.165 41.0475
3 16 -18.965 -39.3225 41.7025 -18.9675 -39.165 41.0475 -18.63 -39.22 41.05
3 16 -18.63 -39.3425 41.715 -18.965 -39.3225 41.7025 -18.63 -39.22 41.05

3 16 -19.52 -39.1275 35.2625 -19.52 -39.1275 39.2625 -19.6975 -32 38.92
3 16 -19.69 -32.285 42.7275 -19.66 -32 44.345 -19.6975 -32 38.92
3 16 -19.69 -32.285 42.7275 -19.6975 -32 38.92 -19.6675 -33.1525 41.395
3 16 -19.6375 -34.425 40.535 -19.6675 -33.1525 41.395 -19.6975 -32 38.92
3 16 -19.5975 -35.98 40.215 -19.6375 -34.425 40.535 -19.6975 -32 38.92
3 16 -19.5225 -38.5525 41.0125 -19.53 -38.81 41.3825 -19.56 -37.5375 40.5275
3 16 -19.5225 -39.06 39.7325 -19.5975 -35.98 40.215 -19.6975 -32 38.92
3 16 -19.52 -39.1275 39.2625 -19.5225 -39.06 39.7325 -19.6975 -32 38.92
3 16 -19.5275 -38.9325 39.875 -19.56 -37.5375 40.5275 -19.5975 -35.98 40.215
3 16 -19.5225 -39.06 39.7325 -19.5275 -38.9325 39.875 -19.5975 -35.98 40.215
3 16 -19.53 -38.71 40.155 -19.5225 -38.5525 41.0125 -19.56 -37.5375 40.5275
3 16 -19.53 -38.71 40.155 -19.56 -37.5375 40.5275 -19.5275 -38.9325 39.875

0 // Handle
4 16 -19.0325 -33.7325 48.4575 -19.0325 -32 48.4575 -19.115 -32 48.65 -19.1275 -33.7325 48.685
4 16 -18.96 -32 48.33 -18.96 -33.7325 48.33 -18.8375 -33.7325 48.24 -18.8375 -32 48.24
4 16 -18.96 -33.7325 48.33 -18.96 -32 48.33 -19.0325 -32 48.4575 -19.0325 -33.7325 48.4575
4 16 -18.36 -33.7325 48.085 -18.8375 -33.7325 48.24 -18.8375 -35.9875 48.24 -18.36 -35.9975 48.085
4 16 -18.36 -32 48.085 -18.8375 -32 48.24 -18.8375 -33.7325 48.24 -18.36 -33.7325 48.085
4 16 -18.96 -35.9925 48.33 -18.96 -33.7325 48.33 -19.0325 -33.7325 48.4575 -19.0325 -35.93 48.4575
4 16 -18.8375 -35.9875 48.24 -18.8375 -33.7325 48.24 -18.96 -33.7325 48.33 -18.96 -35.9925 48.33
4 16 -19.0325 -35.93 48.4575 -19.0325 -33.7325 48.4575 -19.1275 -33.7325 48.685 -19.1425 -35.7575 48.7175

3 16 -19.89 -38.8075 41.4225 -19.53 -38.81 41.3825 -19.5075 -39.6675 42.6525
4 16 -19.53 -38.81 41.3825 -19.89 -38.8075 41.4225 -20.035 -37.5325 40.58 -19.56 -37.5375 40.5275
4 16 -20.06 -35.9775 40.2675 -19.5975 -35.98 40.215 -19.56 -37.5375 40.5275 -20.035 -37.5325 40.58
4 16 -19.6375 -34.425 40.535 -19.5975 -35.98 40.215 -20.06 -35.9775 40.2675 -19.95 -34.4225 40.57
3 16 -19.6375 -34.425 40.535 -19.95 -34.4225 40.57 -19.6675 -33.1525 41.395
4 16 -18.8375 -35.9875 48.24 -19.125 -37.5325 47.9975 -18.47 -37.5525 47.7825 -18.36 -35.9975 48.085
4 16 -19.125 -37.5325 47.9975 -19.62 -38.7825 47.26 -18.6875 -38.8225 46.9475 -18.47 -37.5525 47.7825
4 16 -19.62 -38.7825 47.26 -20.2525 -39.6125 46.1375 -18.9825 -39.675 45.71 -18.6875 -38.8225 46.9475
4 16 -20.2525 -39.6125 46.1375 -20.96 -39.8975 44.745 -19.3225 -39.985 44.19 -18.9825 -39.675 45.71
3 16 -22.0725 -38.6825 42.165 -19.89 -38.8075 41.4225 -19.5075 -39.6675 42.6525
3 16 -21.605 -39.5575 43.335 -22.0725 -38.6825 42.165 -19.5075 -39.6675 42.6525
4 16 -22.0725 -38.6825 42.165 -22.3225 -37.4025 41.36 -20.035 -37.5325 40.58 -19.89 -38.8075 41.4225
4 16 -22.3225 -37.4025 41.36 -22.31 -35.8475 41.035 -20.06 -35.9775 40.2675 -20.035 -37.5325 40.58
4 16 -22.31 -35.8475 41.035 -22.0225 -34.3025 41.275 -19.95 -34.4225 40.57 -20.06 -35.9775 40.2675
4 16 -22.0225 -34.3025 41.275 -21.53 -33.0525 42.0125 -19.6675 -33.1525 41.395 -19.95 -34.4225 40.57
3 16 -19.69 -32.285 42.7275 -20.895 -32.2225 43.135 -20.19 -31.9375 44.53
3 16 -19.66 -32 44.345 -19.69 -32.285 42.7275 -20.19 -31.9375 44.53
3 16 -19.52 -37.48 48.2475 -19.125 -37.5325 47.9975 -18.8375 -35.9875 48.24
3 16 -18.96 -35.9925 48.33 -19.52 -37.48 48.2475 -18.8375 -35.9875 48.24
4 16 -19.52 -37.48 48.2475 -20.3625 -38.6575 47.74 -19.62 -38.7825 47.26 -19.125 -37.5325 47.9975
4 16 -20.2525 -39.6125 46.1375 -19.62 -38.7825 47.26 -20.3625 -38.6575 47.74 -21.3775 -39.41 46.8725
4 16 -21.3775 -39.41 46.8725 -22.46 -39.615 45.7275 -20.96 -39.8975 44.745 -20.2525 -39.6125 46.1375
4 16 -22.46 -39.615 45.7275 -23.4025 -39.215 44.515 -21.605 -39.5575 43.335 -20.96 -39.8975 44.745
4 16 -23.4025 -39.215 44.515 -24.04 -38.3025 43.4575 -22.0725 -38.6825 42.165 -21.605 -39.5575 43.335
4 16 -24.04 -38.3025 43.4575 -24.315 -37.0175 42.6675 -22.3225 -37.4025 41.36 -22.0725 -38.6825 42.165
4 16 -24.315 -37.0175 42.6675 -24.1725 -35.49 42.2575 -22.31 -35.8475 41.035 -22.3225 -37.4025 41.36
4 16 -24.1725 -35.49 42.2575 -23.6225 -34.0025 42.3225 -22.0225 -34.3025 41.275 -22.31 -35.8475 41.035
4 16 -23.6225 -34.0025 42.3225 -22.7825 -32.825 42.83 -21.53 -33.0525 42.0125 -22.0225 -34.3025 41.275
4 16 -20.895 -32.2225 43.135 -21.53 -33.0525 42.0125 -22.7825 -32.825 42.83 -21.765 -32.0725 43.7
3 16 -20.6825 -31.8675 44.8425 -20.19 -31.9375 44.53 -20.895 -32.2225 43.135
3 16 -21.765 -32.0725 43.7 -20.6825 -31.8675 44.8425 -20.895 -32.2225 43.135
3 16 -19.81 -37.325 48.615 -19.52 -37.48 48.2475 -18.96 -35.9925 48.33
3 16 -19.0325 -35.93 48.4575 -19.81 -37.325 48.615 -18.96 -35.9925 48.33
3 16 -20.945 -38.3425 48.4475 -20.3625 -38.6575 47.74 -19.52 -37.48 48.2475
4 16 -20.945 -38.3425 48.4475 -22.26 -38.93 47.925 -21.3775 -39.41 46.8725 -20.3625 -38.6575 47.74
4 16 -22.26 -38.93 47.925 -23.61 -38.99 47.09 -22.46 -39.615 45.7275 -21.3775 -39.41 46.8725
4 16 -23.61 -38.99 47.09 -24.735 -38.49 46.085 -23.4025 -39.215 44.515 -22.46 -39.615 45.7275
4 16 -24.735 -38.49 46.085 -25.4375 -37.5425 45.105 -24.04 -38.3025 43.4575 -23.4025 -39.215 44.515
4 16 -24.315 -37.0175 42.6675 -24.04 -38.3025 43.4575 -25.4375 -37.5425 45.105 -25.6625 -36.285 44.26
4 16 -25.6625 -36.285 44.26 -25.3575 -34.845 43.66 -24.1725 -35.49 42.2575 -24.315 -37.0175 42.6675
4 16 -25.3575 -34.845 43.66 -24.55 -33.4975 43.43 -23.6225 -34.0025 42.3225 -24.1725 -35.49 42.2575
4 16 -24.55 -33.4975 43.43 -23.415 -32.48 43.5975 -22.7825 -32.825 42.83 -23.6225 -34.0025 42.3225
3 16 -22.1 -31.8925 44.12 -21.765 -32.0725 43.7 -22.7825 -32.825 42.83
3 16 -23.415 -32.48 43.5975 -22.1 -31.8925 44.12 -22.7825 -32.825 42.83
3 16 -20.765 -31.7975 44.9975 -20.6825 -31.8675 44.8425 -21.765 -32.0725 43.7
3 16 -22.1 -31.8925 44.12 -20.765 -31.7975 44.9975 -21.765 -32.0725 43.7
3 16 -20.0925 -36.93 49.22 -19.81 -37.325 48.615 -19.0325 -35.93 48.4575
4 16 -19.0325 -35.93 48.4575 -19.1425 -35.7575 48.7175 -20.3675 -36.215 50.0425 -20.0925 -36.93 49.22
4 16 -21.3725 -37.7625 49.33 -20.945 -38.3425 48.4475 -19.52 -37.48 48.2475 -19.81 -37.325 48.615
3 16 -20.0925 -36.93 49.22 -21.3725 -37.7625 49.33 -19.81 -37.325 48.615
4 16 -22.26 -38.93 47.925 -20.945 -38.3425 48.4475 -21.3725 -37.7625 49.33 -22.8225 -38.185 49.0575
4 16 -22.8225 -38.185 49.0575 -24.275 -38.12 48.4175 -23.61 -38.99 47.09 -22.26 -38.93 47.925
4 16 -24.275 -38.12 48.4175 -25.4475 -37.555 47.51 -24.735 -38.49 46.085 -23.61 -38.99 47.09
4 16 -25.4475 -37.555 47.51 -26.145 -36.6175 46.515 -25.4375 -37.5425 45.105 -24.735 -38.49 46.085
4 16 -26.145 -36.6175 46.515 -26.31 -35.435 45.5525 -25.6625 -36.285 44.26 -25.4375 -37.5425 45.105
4 16 -26.31 -35.435 45.5525 -25.89 -34.1375 44.74 -25.3575 -34.845 43.66 -25.6625 -36.285 44.26
4 16 -25.89 -34.1375 44.74 -24.94 -32.9675 44.2375 -24.55 -33.4975 43.43 -25.3575 -34.845 43.66
4 16 -24.94 -32.9675 44.2375 -23.66 -32.1325 44.1275 -23.415 -32.48 43.5975 -24.55 -33.4975 43.43
4 16 -22.1 -31.8925 44.12 -23.415 -32.48 43.5975 -23.66 -32.1325 44.1275 -22.21 -31.71 44.4
3 16 -20.8075 -31.7 45.12 -20.765 -31.7975 44.9975 -22.1 -31.8925 44.12
3 16 -22.21 -31.71 44.4 -20.8075 -31.7 45.12 -22.1 -31.8925 44.12
3 16 -19.35 -35.22 49.34 -20.3675 -36.215 50.0425 -19.1425 -35.7575 48.7175
4 16 -20.3675 -36.215 50.0425 -21.7125 -36.8875 50.34 -21.3725 -37.7625 49.33 -20.0925 -36.93 49.22
4 16 -21.7125 -36.8875 50.34 -23.215 -37.1775 50.225 -22.8225 -38.185 49.0575 -21.3725 -37.7625 49.33
4 16 -23.215 -37.1775 50.225 -24.7 -37.025 49.68 -24.275 -38.12 48.4175 -22.8225 -38.185 49.0575
4 16 -24.7 -37.025 49.68 -25.8825 -36.4425 48.795 -25.4475 -37.555 47.51 -24.275 -38.12 48.4175
4 16 -25.8825 -36.4425 48.795 -26.5575 -35.555 47.7425 -26.145 -36.6175 46.515 -25.4475 -37.555 47.51
4 16 -26.31 -35.435 45.5525 -26.145 -36.6175 46.515 -26.5575 -35.555 47.7425 -26.68 -34.48 46.6575
4 16 -26.68 -34.48 46.6575 -26.2 -33.335 45.665 -25.89 -34.1375 44.74 -26.31 -35.435 45.5525
4 16 -26.2 -33.335 45.665 -25.1825 -32.34 44.9625 -24.94 -32.9675 44.2375 -25.89 -34.1375 44.74
4 16 -25.1825 -32.34 44.9625 -23.8375 -31.6675 44.6625 -23.66 -32.1325 44.1275 -24.94 -32.9675 44.2375
4 16 -23.8375 -31.6675 44.6625 -22.335 -31.38 44.78 -22.21 -31.71 44.4 -23.66 -32.1325 44.1275
4 16 -22.335 -31.38 44.78 -20.85 -31.53 45.3225 -20.8075 -31.7 45.12 -22.21 -31.71 44.4
4 16 -19.105 -32 48.0925 -19.4275 -32 47.215 -19.755 -31.5925 46.6775 -19.795 -30.565 47.4375
3 16 -19.13 -31.3575 48.57 -19.105 -32 48.0925 -19.795 -30.565 47.4375
3 16 -19.66 -32 46.405 -19.755 -31.5925 46.6775 -19.4275 -32 47.215
4 16 -20.3675 -36.215 50.0425 -19.35 -35.22 49.34 -19.495 -34.38 50.1 -20.545 -35.2 50.9625
4 16 -20.545 -35.2 50.9625 -21.92 -35.7125 51.4075 -21.7125 -36.8875 50.34 -20.3675 -36.215 50.0425
4 16 -21.92 -35.7125 51.4075 -23.445 -35.875 51.4075 -23.215 -37.1775 50.225 -21.7125 -36.8875 50.34
4 16 -23.445 -35.875 51.4075 -24.9425 -35.645 50.935 -24.7 -37.025 49.68 -23.215 -37.1775 50.225
4 16 -24.9425 -35.645 50.935 -26.1275 -35.0525 50.06 -25.8825 -36.4425 48.795 -24.7 -37.025 49.68
4 16 -26.1275 -35.0525 50.06 -26.795 -34.2175 48.9575 -26.5575 -35.555 47.7425 -25.8825 -36.4425 48.795
4 16 -26.795 -34.2175 48.9575 -26.8975 -33.2525 47.7725 -26.68 -34.48 46.6575 -26.5575 -35.555 47.7425
4 16 -26.8975 -33.2525 47.7725 -26.3875 -32.265 46.6375 -26.2 -33.335 45.665 -26.68 -34.48 46.6575
4 16 -25.1825 -32.34 44.9625 -26.2 -33.335 45.665 -26.3875 -32.265 46.6375 -25.3375 -31.4425 45.7725
4 16 -25.3375 -31.4425 45.7725 -23.9625 -30.93 45.33 -23.8375 -31.6675 44.6625 -25.1825 -32.34 44.9625
4 16 -23.9625 -30.93 45.33 -22.4375 -30.7675 45.33 -22.335 -31.38 44.78 -23.8375 -31.6675 44.6625
4 16 -22.4375 -30.7675 45.33 -20.94 -30.9975 45.8025 -20.85 -31.53 45.3225 -22.335 -31.38 44.78
3 16 -19.755 -31.5925 46.6775 -19.66 -32 46.405 -20.85 -31.53 45.3225
3 16 -20.94 -30.9975 45.8025 -19.755 -31.5925 46.6775 -20.85 -31.53 45.3225
3 16 -19.5475 -33.1225 51.035 -19.495 -34.38 50.1 -19.1275 -33.7325 48.685
3 16 -19.0325 -32.2425 49.8175 -19.5475 -33.1225 51.035 -19.1275 -33.7325 48.685
4 16 -19.5475 -33.1225 51.035 -20.6075 -33.8275 51.99 -20.545 -35.2 50.9625 -19.495 -34.38 50.1
4 16 -20.6075 -33.8275 51.99 -21.9875 -34.2325 52.515 -21.92 -35.7125 51.4075 -20.545 -35.2 50.9625
4 16 -23.445 -35.875 51.4075 -21.92 -35.7125 51.4075 -21.9875 -34.2325 52.515 -23.5175 -34.31 52.58
4 16 -23.5175 -34.31 52.58 -25.02 -34.0325 52.145 -24.9425 -35.645 50.935 -23.445 -35.875 51.4075
4 16 -25.02 -34.0325 52.145 -26.205 -33.435 51.27 -26.1275 -35.0525 50.06 -24.9425 -35.645 50.935
4 16 -26.205 -33.435 51.27 -26.87 -32.6425 50.1375 -26.795 -34.2175 48.9575 -26.1275 -35.0525 50.06
4 16 -26.87 -32.6425 50.1375 -26.9675 -31.7575 48.89 -26.8975 -33.2525 47.7725 -26.795 -34.2175 48.9575
4 16 -26.9675 -31.7575 48.89 -26.4525 -30.8775 47.6725 -26.3875 -32.265 46.6375 -26.8975 -33.2525 47.7725
4 16 -26.4525 -30.8775 47.6725 -25.3925 -30.1725 46.72 -25.3375 -31.4425 45.7725 -26.3875 -32.265 46.6375
4 16 -25.3925 -30.1725 46.72 -24.0125 -29.7675 46.1925 -23.9625 -30.93 45.33 -25.3375 -31.4425 45.7725
4 16 -22.4375 -30.7675 45.33 -23.9625 -30.93 45.33 -24.0125 -29.7675 46.1925 -22.4825 -29.69 46.13
4 16 -22.4825 -29.69 46.13 -20.98 -29.9675 46.565 -20.94 -30.9975 45.8025 -22.4375 -30.7675 45.33
4 16 -20.98 -29.9675 46.565 -19.795 -30.565 47.4375 -19.755 -31.5925 46.6775 -20.94 -30.9975 45.8025
4 16 -24.0125 -29.7675 46.1925 -24.01 -17 54.85 -22.48 -17 54.7325 -22.4825 -29.69 46.13
4 16 -26.4525 -17 57.0725 -25.3925 -17 55.6475 -25.3925 -30.1725 46.72 -26.4525 -30.8775 47.6725
4 16 -19.5475 -18.4 61 -20.6075 -20.5325 61 -20.6075 -33.8275 51.99 -19.5475 -33.1225 51.035
4 16 -26.205 -19.0675 61 -26.87 -17 60.72 -26.87 -32.6425 50.1375 -26.205 -33.435 51.27
4 16 -26.87 -32.6425 50.1375 -26.87 -17 60.72 -26.9675 -17 58.8775 -26.9675 -31.7575 48.89
4 16 -19.13 -31.3575 48.57 -19.795 -30.565 47.4375 -19.795 -17 56.625 -19.13 -17 58.2875
4 16 -19.13 -31.3575 48.57 -19.13 -17 58.2875 -19.0325 -17 60.1275 -19.0325 -32.2425 49.8175
4 16 -19.0325 -17 60.1275 -19.5475 -18.4 61 -19.5475 -33.1225 51.035 -19.0325 -32.2425 49.8175
4 16 -26.9675 -17 58.8775 -26.4525 -17 57.0725 -26.4525 -30.8775 47.6725 -26.9675 -31.7575 48.89
4 16 -20.6075 -33.8275 51.99 -20.6075 -20.5325 61 -21.99 -21.725 61 -21.9875 -34.2325 52.515
4 16 -21.9875 -34.2325 52.515 -21.99 -21.725 61 -23.52 -21.8975 61 -23.5175 -34.31 52.58
4 16 -23.52 -21.8975 61 -25.0225 -20.9725 61 -25.02 -34.0325 52.145 -23.5175 -34.31 52.58
4 16 -25.02 -34.0325 52.145 -25.0225 -20.9725 61 -26.205 -19.0675 61 -26.205 -33.435 51.27
4 16 -19.795 -17 56.625 -19.795 -30.565 47.4375 -20.98 -29.9675 46.565 -20.9775 -17 55.3525
4 16 -25.3925 -30.1725 46.72 -25.3925 -17 55.6475 -24.01 -17 54.85 -24.0125 -29.7675 46.1925
4 16 -22.48 -17 54.7325 -20.9775 -17 55.3525 -20.98 -29.9675 46.565 -22.4825 -29.69 46.13
3 16 -19.1275 -33.7325 48.685 -19.495 -34.38 50.1 -19.35 -35.22 49.34
3 16 -19.1275 -33.7325 48.685 -19.35 -35.22 49.34 -19.1425 -35.7575 48.7175
3 16 -19.115 -32 48.65 -19.0325 -32.2425 49.8175 -19.1275 -33.7325 48.685
3 16 -19.115 -32 48.65 -19.105 -32 48.0925 -19.13 -31.3575 48.57
3 16 -19.115 -32 48.65 -19.13 -31.3575 48.57 -19.0325 -32.2425 49.8175
3 16 -20.8075 -31.7 45.12 -20.85 -31.53 45.3225 -19.66 -32 46.405
3 16 -20.765 -31.7975 44.9975 -20.8075 -31.7 45.12 -19.66 -32 46.405
3 16 -20.6825 -31.8675 44.8425 -20.765 -31.7975 44.9975 -19.66 -32 46.405
3 16 -19.66 -32 44.345 -20.19 -31.9375 44.53 -19.66 -32 46.405
3 16 -20.19 -31.9375 44.53 -20.6825 -31.8675 44.8425 -19.66 -32 46.405
4 16 -20.96 -39.8975 44.745 -21.605 -39.5575 43.335 -19.5075 -39.6675 42.6525 -19.3225 -39.985 44.19
4 16 -19.69 -32.285 42.7275 -19.6675 -33.1525 41.395 -21.53 -33.0525 42.0125 -20.895 -32.2225 43.135
3 16 -26.775 -17 61 -26.87 -17 60.72 -26.205 -19.0675 61
3 16 -19.2825 -17 61 -19.5475 -18.4 61 -19.0325 -17 60.1275
4 16 -19.2825 -17 61 -26.775 -17 61 -26.205 -19.0675 61 -19.5475 -18.4 61
4 16 -19.5475 -18.4 61 -26.205 -19.0675 61 -25.0225 -20.9725 61 -20.6075 -20.5325 61
4 16 -23.52 -21.8975 61 -21.99 -21.725 61 -20.6075 -20.5325 61 -25.0225 -20.9725 61
4 16 -26.87 -17 60.72 -26.775 -17 61 -19.2825 -17 61 -19.0325 -17 60.1275
4 16 -19.13 -17 58.2875 -26.9675 -17 58.8775 -26.87 -17 60.72 -19.0325 -17 60.1275
4 16 -19.795 -17 56.625 -26.4525 -17 57.0725 -26.9675 -17 58.8775 -19.13 -17 58.2875
4 16 -26.4525 -17 57.0725 -19.795 -17 56.625 -20.9775 -17 55.3525 -25.3925 -17 55.6475
4 16 -22.48 -17 54.7325 -24.01 -17 54.85 -25.3925 -17 55.6475 -20.9775 -17 55.3525

5 24 -18.36 -33.7325 48.085 -17.295 -32 48 -17.295 -33.7325 47.995 -18.36 -32 48.085
5 24 -18.36 -35.9975 48.085 -17.3175 -37.5575 47.68 -18.47 -37.5525 47.7825 -17.295 -36 47.995
5 24 -18.47 -37.5525 47.7825 -17.365 -38.8275 46.825 -18.6875 -38.8225 46.9475 -17.3175 -37.5575 47.68
5 24 -17.435 -39.685 45.555 -18.6875 -38.8225 46.9475 -17.365 -38.8275 46.825 -18.9825 -39.675 45.71
5 24 -18.970603 -39.93360275 39.48192625 -18.63 -39.93 39.805 -18.63 -40 39.5 -18.965 -39.865 39.8
5 24 -18.9675 -39.165 41.0475 -19.255 -39.1875 40.37 -19.26 -39.0025 41.0375 -18.965 -39.335 40.4375
5 24 -19.4475 -39.3925 39.76 -19.2525 -39.47 40.0125 -19.2525 -39.675 39.785 -19.45 -39.2225 39.9475
5 24 -19.4525 -38.97 40.2725 -19.5275 -38.9325 39.875 -19.53 -38.71 40.155 -19.45 -39.2225 39.9475
5 24 -19.45 -39.2225 39.9475 -19.255 -39.1875 40.37 -19.2525 -39.47 40.0125 -19.4525 -38.97 40.2725
5 24 -19.0325 -35.93 48.4575 -19.1275 -33.7325 48.685 -19.0325 -33.7325 48.4575 -19.1425 -35.7575 48.7175
5 24 -19.0325 -33.7325 48.4575 -19.115 -32 48.65 -19.0325 -32 48.4575 -19.1275 -33.7325 48.685
5 24 -22.0225 -34.3025 41.275 -19.6675 -33.1525 41.395 -21.53 -33.0525 42.0125 -19.95 -34.4225 40.57
5 24 -19.6375 -34.425 40.535 -20.06 -35.9775 40.2675 -19.5975 -35.98 40.215 -19.95 -34.4225 40.57
5 24 -19.62 -38.7825 47.26 -18.9825 -39.675 45.71 -20.2525 -39.6125 46.1375 -18.6875 -38.8225 46.9475
5 24 -20.2525 -39.6125 46.1375 -19.3225 -39.985 44.19 -20.96 -39.8975 44.745 -18.9825 -39.675 45.71
5 24 -20.895 -32.2225 43.135 -22.7825 -32.825 42.83 -21.53 -33.0525 42.0125 -21.765 -32.0725 43.7
5 24 -20.945 -38.3425 48.4475 -21.3775 -39.41 46.8725 -22.26 -38.93 47.925 -20.3625 -38.6575 47.74
5 24 -19.52 -37.48 48.2475 -19.62 -38.7825 47.26 -20.3625 -38.6575 47.74 -19.125 -37.5325 47.9975
5 24 -20.2525 -39.6125 46.1375 -20.3625 -38.6575 47.74 -19.62 -38.7825 47.26 -21.3775 -39.41 46.8725
5 24 -21.3775 -39.41 46.8725 -20.96 -39.8975 44.745 -22.46 -39.615 45.7275 -20.2525 -39.6125 46.1375
5 24 -22.46 -39.615 45.7275 -21.605 -39.5575 43.335 -23.4025 -39.215 44.515 -20.96 -39.8975 44.745
5 24 -23.4025 -39.215 44.515 -22.0725 -38.6825 42.165 -24.04 -38.3025 43.4575 -21.605 -39.5575 43.335
5 24 -19.0325 -35.93 48.4575 -20.3675 -36.215 50.0425 -19.1425 -35.7575 48.7175 -20.0925 -36.93 49.22
5 24 -25.3575 -34.845 43.66 -23.6225 -34.0025 42.3225 -24.55 -33.4975 43.43 -24.1725 -35.49 42.2575
5 24 -24.55 -33.4975 43.43 -22.7825 -32.825 42.83 -23.415 -32.48 43.5975 -23.6225 -34.0025 42.3225
5 24 -21.7125 -36.8875 50.34 -22.8225 -38.185 49.0575 -23.215 -37.1775 50.225 -21.3725 -37.7625 49.33
5 24 -23.215 -37.1775 50.225 -24.275 -38.12 48.4175 -24.7 -37.025 49.68 -22.8225 -38.185 49.0575
5 24 -22.8225 -38.185 49.0575 -23.61 -38.99 47.09 -24.275 -38.12 48.4175 -22.26 -38.93 47.925
5 24 -26.31 -35.435 45.5525 -25.3575 -34.845 43.66 -25.89 -34.1375 44.74 -25.6625 -36.285 44.26
5 24 -25.89 -34.1375 44.74 -24.55 -33.4975 43.43 -24.94 -32.9675 44.2375 -25.3575 -34.845 43.66
5 24 -24.94 -32.9675 44.2375 -23.415 -32.48 43.5975 -23.66 -32.1325 44.1275 -24.55 -33.4975 43.43
5 24 -22.1 -31.8925 44.12 -23.66 -32.1325 44.1275 -23.415 -32.48 43.5975 -22.21 -31.71 44.4
5 24 -22.335 -31.38 44.78 -20.8075 -31.7 45.12 -20.85 -31.53 45.3225 -22.21 -31.71 44.4
5 24 -19.105 -32 48.0925 -19.755 -31.5925 46.6775 -19.4275 -32 47.215 -19.795 -30.565 47.4375
5 24 -25.3375 -31.4425 45.7725 -23.8375 -31.6675 44.6625 -23.9625 -30.93 45.33 -25.1825 -32.34 44.9625
5 24 -23.9625 -30.93 45.33 -22.335 -31.38 44.78 -22.4375 -30.7675 45.33 -23.8375 -31.6675 44.6625
5 24 -22.4375 -30.7675 45.33 -20.85 -31.53 45.3225 -20.94 -30.9975 45.8025 -22.335 -31.38 44.78
5 24 -20.6075 -33.8275 51.99 -21.99 -21.725 61 -20.6075 -20.5325 61 -21.9875 -34.2325 52.515
5 24 -26.4525 -30.8775 47.6725 -25.3375 -31.4425 45.7725 -25.3925 -30.1725 46.72 -26.3875 -32.265 46.6375
5 24 -25.3925 -30.1725 46.72 -23.9625 -30.93 45.33 -24.0125 -29.7675 46.1925 -25.3375 -31.4425 45.7725
5 24 -22.4825 -29.69 46.13 -20.94 -30.9975 45.8025 -20.98 -29.9675 46.565 -22.4375 -30.7675 45.33
5 24 -25.02 -34.0325 52.145 -26.205 -19.0675 61 -25.0225 -20.9725 61 -26.205 -33.435 51.27
5 24 -25.3925 -30.1725 46.72 -24.01 -17 54.85 -25.3925 -17 55.6475 -24.0125 -29.7675 46.1925
5 24 -20.96 -39.8975 44.745 -19.5075 -39.6675 42.6525 -21.605 -39.5575 43.335 -19.3225 -39.985 44.19
5 24 -19.69 -32.285 42.7275 -21.53 -33.0525 42.0125 -19.6675 -33.1525 41.395 -20.895 -32.2225 43.135
2 24 -19.105 -32 48.0925 -19.115 -32 48.65
5 24 -22.7825 -32.825 42.83 -23.415 -32.48 43.5975 -22.1 -31.8925 44.12 -24.55 -33.4975 43.43
5 24 -23.415 -32.48 43.5975 -22.1 -31.8925 44.12 -22.7825 -32.825 42.83 -23.66 -32.1325 44.1275
5 24 -19.81 -37.325 48.615 -19.52 -37.48 48.2475 -18.96 -35.9925 48.33 -21.3725 -37.7625 49.33
5 24 -23.215 -37.1775 50.225 -22.8225 -38.185 49.0575 -24.275 -38.12 48.4175 -21.7125 -36.8875 50.34
5 24 -18.9675 -39.165 41.0475 -18.63 -39.22 41.05 -18.965 -39.335 40.4375 -18.965 -39.3225 41.7025
5 24 -18.47 -37.5525 47.7825 -17.3175 -37.5575 47.68 -17.365 -38.8275 46.825 -18.36 -35.9975 48.085
5 24 -19.81 -37.325 48.615 -19.0325 -35.93 48.4575 -18.96 -35.9925 48.33 -20.0925 -36.93 49.22
2 24 -19.0325 -32 48.4575 -18.96 -32 48.33
5 24 -18.970603 -39.93360275 39.48192625 -19.2525 -39.675 39.785 -18.965 -39.865 39.8 -19.259319 -39.74444475 39.43043625
5 24 -18.8375 -35.9875 48.24 -19.52 -37.48 48.2475 -18.96 -35.9925 48.33 -19.125 -37.5325 47.9975
2 24 -19.13 -17 58.2875 -19.0325 -17 60.1275
5 24 -19.6975 -32 38.92 -19.5225 -39.06 39.7325 -19.52 -39.1275 39.2625 -19.5975 -35.98 40.215
5 24 -25.4475 -37.555 47.51 -24.275 -38.12 48.4175 -24.735 -38.49 46.085 -24.7 -37.025 49.68
5 24 -18.36 -33.7325 48.085 -17.295 -33.7325 47.995 -18.36 -35.9975 48.085 -17.295 -32 48
5 24 -25.3375 -31.4425 45.7725 -23.9625 -30.93 45.33 -25.3925 -30.1725 46.72 -23.8375 -31.6675 44.6625
5 24 -19.13 -31.3575 48.57 -19.115 -32 48.65 -19.0325 -32.2425 49.8175 -19.105 -32 48.0925
5 24 -25.3375 -31.4425 45.7725 -25.1825 -32.34 44.9625 -26.3875 -32.265 46.6375 -23.8375 -31.6675 44.6625
5 24 -22.4825 -29.69 46.13 -20.98 -29.9675 46.565 -20.94 -30.9975 45.8025 -22.48 -17 54.7325
2 24 -19.0325 -17 60.1275 -19.2825 -17 61
5 24 -25.6625 -36.285 44.26 -24.315 -37.0175 42.6675 -25.4375 -37.5425 45.105 -24.1725 -35.49 42.2575
5 24 -19.45 -39.2225 39.9475 -19.5275 -38.9325 39.875 -19.4525 -38.97 40.2725 -19.4475 -39.3925 39.76
5 24 -19.495 -34.38 50.1 -19.35 -35.22 49.34 -20.3675 -36.215 50.0425 -19.1275 -33.7325 48.685
5 24 -25.89 -34.1375 44.74 -24.94 -32.9675 44.2375 -26.2 -33.335 45.665 -24.55 -33.4975 43.43
5 24 -19.1425 -35.7575 48.7175 -19.1275 -33.7325 48.685 -19.0325 -35.93 48.4575 -19.35 -35.22 49.34
5 24 -26.205 -33.435 51.27 -26.205 -19.0675 61 -25.02 -34.0325 52.145 -26.87 -32.6425 50.1375
2 24 -20.6075 -20.5325 61 -21.99 -21.725 61
5 24 -19.5975 -35.98 40.215 -19.5275 -38.9325 39.875 -19.5225 -39.06 39.7325 -19.56 -37.5375 40.5275
5 24 -18.63 -39.93 39.805 -18.965 -39.865 39.8 -18.63 -39.6925 40.0675 -18.970603 -39.93360275 39.48192625
5 24 -21.3725 -37.7625 49.33 -22.8225 -38.185 49.0575 -22.26 -38.93 47.925 -21.7125 -36.8875 50.34
5 24 -19.0325 -33.7325 48.4575 -19.0325 -35.93 48.4575 -19.1275 -33.7325 48.685 -18.96 -35.9925 48.33
5 24 -18.36 -35.9975 48.085 -17.295 -36 47.995 -17.3175 -37.5575 47.68 -17.295 -33.7325 47.995
5 24 -20.06 -35.9775 40.2675 -19.5975 -35.98 40.215 -19.56 -37.5375 40.5275 -19.6375 -34.425 40.535
5 24 -22.4825 -29.69 46.13 -22.4375 -30.7675 45.33 -24.0125 -29.7675 46.1925 -20.94 -30.9975 45.8025
5 24 -20.035 -37.5325 40.58 -20.06 -35.9775 40.2675 -19.56 -37.5375 40.5275 -22.3225 -37.4025 41.36
5 24 -19.5075 -39.6675 42.6525 -22.0725 -38.6825 42.165 -21.605 -39.5575 43.335 -19.89 -38.8075 41.4225
5 24 -22.8225 -38.185 49.0575 -22.26 -38.93 47.925 -23.61 -38.99 47.09 -21.3725 -37.7625 49.33
5 24 -25.4475 -37.555 47.51 -24.735 -38.49 46.085 -24.275 -38.12 48.4175 -25.4375 -37.5425 45.105
5 24 -23.52 -21.8975 61 -23.5175 -34.31 52.58 -25.02 -34.0325 52.145 -21.9875 -34.2325 52.515
5 24 -20.545 -35.2 50.9625 -20.3675 -36.215 50.0425 -21.7125 -36.8875 50.34 -19.495 -34.38 50.1
5 24 -19.5475 -33.1225 51.035 -19.1275 -33.7325 48.685 -19.495 -34.38 50.1 -19.0325 -32.2425 49.8175
5 24 -22.1 -31.8925 44.12 -22.7825 -32.825 42.83 -21.765 -32.0725 43.7 -23.415 -32.48 43.5975
5 24 -20.765 -31.7975 44.9975 -20.6825 -31.8675 44.8425 -19.66 -32 46.405 -21.765 -32.0725 43.7
5 24 -23.8375 -31.6675 44.6625 -23.66 -32.1325 44.1275 -22.21 -31.71 44.4 -25.1825 -32.34 44.9625
5 24 -21.7125 -36.8875 50.34 -21.3725 -37.7625 49.33 -22.8225 -38.185 49.0575 -20.3675 -36.215 50.0425
5 24 -21.92 -35.7125 51.4075 -21.7125 -36.8875 50.34 -23.215 -37.1775 50.225 -20.545 -35.2 50.9625
5 24 -19.5475 -18.4 61 -19.0325 -17 60.1275 -19.5475 -33.1225 51.035 -19.2825 -17 61
5 24 -26.205 -33.435 51.27 -26.1275 -35.0525 50.06 -26.795 -34.2175 48.9575 -25.02 -34.0325 52.145
5 24 -21.605 -39.5575 43.335 -20.96 -39.8975 44.745 -22.46 -39.615 45.7275 -19.5075 -39.6675 42.6525
5 24 -25.02 -34.0325 52.145 -24.9425 -35.645 50.935 -26.1275 -35.0525 50.06 -23.5175 -34.31 52.58
5 24 -26.9675 -31.7575 48.89 -26.8975 -33.2525 47.7725 -26.3875 -32.265 46.6375 -26.87 -32.6425 50.1375
5 24 -23.8375 -31.6675 44.6625 -22.335 -31.38 44.78 -23.9625 -30.93 45.33 -22.21 -31.71 44.4
5 24 -18.63 -39.6925 40.0675 -18.965 -39.635 40.055 -18.965 -39.865 39.8 -18.63 -39.385 40.46
5 24 -26.87 -32.6425 50.1375 -26.795 -34.2175 48.9575 -26.8975 -33.2525 47.7725 -26.205 -33.435 51.27
5 24 -20.96 -39.8975 44.745 -19.3225 -39.985 44.19 -19.5075 -39.6675 42.6525 -20.2525 -39.6125 46.1375
5 24 -21.9875 -34.2325 52.515 -23.5175 -34.31 52.58 -23.52 -21.8975 61 -23.445 -35.875 51.4075
5 24 -26.87 -17 60.72 -26.87 -32.6425 50.1375 -26.9675 -17 58.8775 -26.205 -19.0675 61
5 24 -19.62 -38.7825 47.26 -20.2525 -39.6125 46.1375 -20.3625 -38.6575 47.74 -18.9825 -39.675 45.71
5 24 -18.965 -39.335 40.4375 -18.9675 -39.165 41.0475 -18.63 -39.22 41.05 -19.255 -39.1875 40.37
5 24 -18.96 -32 48.33 -18.96 -33.7325 48.33 -18.8375 -33.7325 48.24 -19.0325 -32 48.4575
5 24 -26.4525 -30.8775 47.6725 -25.3925 -30.1725 46.72 -25.3375 -31.4425 45.7725 -26.4525 -17 57.0725
2 24 -20.9775 -17 55.3525 -19.795 -17 56.625
5 24 -23.9625 -30.93 45.33 -23.8375 -31.6675 44.6625 -25.3375 -31.4425 45.7725 -22.335 -31.38 44.78
5 24 -22.4375 -30.7675 45.33 -22.335 -31.38 44.78 -20.85 -31.53 45.3225 -23.9625 -30.93 45.33
5 24 -21.92 -35.7125 51.4075 -23.445 -35.875 51.4075 -23.215 -37.1775 50.225 -21.9875 -34.2325 52.515
5 24 -19.755 -31.5925 46.6775 -19.795 -30.565 47.4375 -19.105 -32 48.0925 -20.98 -29.9675 46.565
5 24 -19.1425 -35.7575 48.7175 -19.0325 -35.93 48.4575 -20.3675 -36.215 50.0425 -19.1275 -33.7325 48.685
5 24 -20.895 -32.2225 43.135 -20.6825 -31.8675 44.8425 -21.765 -32.0725 43.7 -20.19 -31.9375 44.53
5 24 -18.63 -39.3425 41.715 -17.61 -39.3425 41.715 -19.5075 -39.6675 42.6525 -18.63 -39.22 41.05
5 24 -19.5075 -39.6675 42.6525 -19.25 -39.2625 41.665 -19.46 -39.0275 41.5175 -18.965 -39.3225 41.7025
5 24 -19.26 -39.0025 41.0375 -19.25 -39.2625 41.665 -18.9675 -39.165 41.0475 -19.46 -39.0275 41.5175
5 24 -18.36 -35.9975 48.085 -18.47 -37.5525 47.7825 -18.8375 -35.9875 48.24 -17.3175 -37.5575 47.68
5 24 -19.495 -34.38 50.1 -19.1275 -33.7325 48.685 -19.5475 -33.1225 51.035 -19.35 -35.22 49.34
5 24 -26.205 -33.435 51.27 -26.87 -32.6425 50.1375 -26.795 -34.2175 48.9575 -26.205 -19.0675 61
5 24 -20.895 -32.2225 43.135 -21.53 -33.0525 42.0125 -19.69 -32.285 42.7275 -22.7825 -32.825 42.83
5 24 -25.8825 -36.4425 48.795 -26.5575 -35.555 47.7425 -26.145 -36.6175 46.515 -26.1275 -35.0525 50.06
2 24 -19.2825 -17 61 -19.5475 -18.4 61
5 24 -24.0125 -29.7675 46.1925 -22.4825 -29.69 46.13 -22.4375 -30.7675 45.33 -22.48 -17 54.7325
5 24 -18.8375 -35.9875 48.24 -18.36 -35.9975 48.085 -18.36 -33.7325 48.085 -18.47 -37.5525 47.7825
5 24 -18.965 -39.335 40.4375 -18.63 -39.385 40.46 -18.63 -39.22 41.05 -18.965 -39.635 40.055
5 24 -18.965 -39.3225 41.7025 -18.63 -39.3425 41.715 -19.5075 -39.6675 42.6525 -18.63 -39.22 41.05
5 24 -19.6375 -34.425 40.535 -19.95 -34.4225 40.57 -19.6675 -33.1525 41.395 -20.06 -35.9775 40.2675
5 24 -18.965 -39.865 39.8 -19.2525 -39.675 39.785 -18.965 -39.635 40.055 -18.970603 -39.93360275 39.48192625
5 24 -19.0325 -35.93 48.4575 -20.0925 -36.93 49.22 -20.3675 -36.215 50.0425 -19.81 -37.325 48.615
5 24 -21.765 -32.0725 43.7 -22.7825 -32.825 42.83 -20.895 -32.2225 43.135 -22.1 -31.8925 44.12
5 24 -19.259319 -39.74444475 39.43043625 -19.2525 -39.675 39.785 -18.970603 -39.93360275 39.48192625 -19.4475 -39.3925 39.76
5 24 -19.95 -34.4225 40.57 -20.06 -35.9775 40.2675 -19.6375 -34.425 40.535 -22.31 -35.8475 41.035
5 24 -20.3675 -36.215 50.0425 -20.0925 -36.93 49.22 -21.3725 -37.7625 49.33 -19.0325 -35.93 48.4575
5 24 -22.335 -31.38 44.78 -22.21 -31.71 44.4 -20.8075 -31.7 45.12 -23.8375 -31.6675 44.6625
5 24 -20.6075 -33.8275 51.99 -21.9875 -34.2325 52.515 -21.99 -21.725 61 -21.92 -35.7125 51.4075
5 24 -19.6975 -32 38.92 -19.5975 -35.98 40.215 -19.5225 -39.06 39.7325 -19.6375 -34.425 40.535
2 24 -24.01 -17 54.85 -22.48 -17 54.7325
5 24 -20.19 -31.9375 44.53 -19.69 -32.285 42.7275 -19.66 -32 44.345 -20.895 -32.2225 43.135
5 24 -19.26 -39.0025 41.0375 -19.4225 -38.775 41.025 -19.46 -39.0275 41.5175 -19.255 -39.1875 40.37
5 24 -20.94 -30.9975 45.8025 -19.755 -31.5925 46.6775 -20.85 -31.53 45.3225 -20.98 -29.9675 46.565
5 24 -26.4525 -17 57.0725 -26.4525 -30.8775 47.6725 -26.9675 -17 58.8775 -25.3925 -30.1725 46.72
5 24 -24.1725 -35.49 42.2575 -23.6225 -34.0025 42.3225 -22.0225 -34.3025 41.275 -25.3575 -34.845 43.66
5 24 -19.66 -32 46.405 -20.765 -31.7975 44.9975 -20.6825 -31.8675 44.8425 -20.8075 -31.7 45.12
5 24 -22.1 -31.8925 44.12 -20.8075 -31.7 45.12 -22.21 -31.71 44.4 -20.765 -31.7975 44.9975
5 24 -25.6625 -36.285 44.26 -25.3575 -34.845 43.66 -26.31 -35.435 45.5525 -24.1725 -35.49 42.2575
5 24 -24.0125 -29.7675 46.1925 -23.9625 -30.93 45.33 -25.3925 -30.1725 46.72 -22.4375 -30.7675 45.33
5 24 -21.3725 -37.7625 49.33 -20.945 -38.3425 48.4475 -19.52 -37.48 48.2475 -22.26 -38.93 47.925
5 24 -26.1275 -35.0525 50.06 -26.795 -34.2175 48.9575 -26.5575 -35.555 47.7425 -26.205 -33.435 51.27
5 24 -19.25 -39.2625 41.665 -18.965 -39.3225 41.7025 -18.9675 -39.165 41.0475 -19.5075 -39.6675 42.6525
5 24 -18.96 -35.9925 48.33 -19.81 -37.325 48.615 -19.0325 -35.93 48.4575 -19.52 -37.48 48.2475
2 24 -22.48 -17 54.7325 -20.9775 -17 55.3525
5 24 -17.61 -39.6925 40.0675 -18.63 -39.6925 40.0675 -17.61 -39.385 40.46 -18.63 -39.93 39.805
5 24 -26.8975 -33.2525 47.7725 -26.68 -34.48 46.6575 -26.2 -33.335 45.665 -26.795 -34.2175 48.9575
5 24 -25.3925 -17 55.6475 -25.3925 -30.1725 46.72 -26.4525 -17 57.0725 -24.01 -17 54.85
2 24 -19.56 -37.5375 40.5275 -19.5975 -35.98 40.215
5 24 -19.66 -32 46.405 -20.85 -31.53 45.3225 -20.8075 -31.7 45.12 -19.755 -31.5925 46.6775
5 24 -20.6825 -31.8675 44.8425 -21.765 -32.0725 43.7 -20.895 -32.2225 43.135 -20.765 -31.7975 44.9975
5 24 -21.765 -32.0725 43.7 -20.765 -31.7975 44.9975 -22.1 -31.8925 44.12 -20.6825 -31.8675 44.8425
5 24 -22.1 -31.8925 44.12 -20.765 -31.7975 44.9975 -21.765 -32.0725 43.7 -20.8075 -31.7 45.12
5 24 -17.5925 -39.685 42.445 -19.5075 -39.6675 42.6525 -17.61 -39.3425 41.715 -17.515 -40 44
5 24 -19.35 -35.22 49.34 -19.1275 -33.7325 48.685 -19.1425 -35.7575 48.7175 -19.495 -34.38 50.1
5 24 -23.9625 -30.93 45.33 -22.4375 -30.7675 45.33 -22.335 -31.38 44.78 -24.0125 -29.7675 46.1925
5 24 -19.89 -38.8075 41.4225 -20.035 -37.5325 40.58 -19.53 -38.81 41.3825 -22.0725 -38.6825 42.165
5 24 -26.795 -34.2175 48.9575 -26.8975 -33.2525 47.7725 -26.68 -34.48 46.6575 -26.87 -32.6425 50.1375
5 24 -19.5075 -39.6675 42.6525 -19.89 -38.8075 41.4225 -22.0725 -38.6825 42.165 -19.53 -38.81 41.3825
5 24 -19.13 -17 58.2875 -19.13 -31.3575 48.57 -19.0325 -17 60.1275 -19.795 -17 56.625
5 24 -26.68 -34.48 46.6575 -26.2 -33.335 45.665 -25.89 -34.1375 44.74 -26.8975 -33.2525 47.7725
5 24 -19.69 -32.285 42.7275 -19.6975 -32 38.92 -19.6675 -33.1525 41.395 -19.66 -32 44.345
5 24 -18.63 -39.385 40.46 -17.61 -39.385 40.46 -17.61 -39.22 41.05 -18.63 -39.6925 40.0675
5 24 -26.8975 -33.2525 47.7725 -26.3875 -32.265 46.6375 -26.2 -33.335 45.665 -26.9675 -31.7575 48.89
5 24 -25.8825 -36.4425 48.795 -25.4475 -37.555 47.51 -26.145 -36.6175 46.515 -24.7 -37.025 49.68
5 24 -21.3775 -39.41 46.8725 -20.2525 -39.6125 46.1375 -20.3625 -38.6575 47.74 -20.96 -39.8975 44.745
5 24 -19.5075 -39.6675 42.6525 -21.605 -39.5575 43.335 -22.0725 -38.6825 42.165 -20.96 -39.8975 44.745
5 24 -18.6875 -38.8225 46.9475 -17.365 -38.8275 46.825 -18.47 -37.5525 47.7825 -17.435 -39.685 45.555
2 24 -26.9675 -17 58.8775 -26.4525 -17 57.0725
5 24 -18.63 -39.93 39.805 -18.63 -40 39.5 -17.61 -39.93 39.805 -18.970603 -39.93360275 39.48192625
5 24 -20.0925 -36.93 49.22 -19.81 -37.325 48.615 -21.3725 -37.7625 49.33 -19.0325 -35.93 48.4575
5 24 -24.0125 -29.7675 46.1925 -24.01 -17 54.85 -25.3925 -30.1725 46.72 -22.48 -17 54.7325
5 24 -22.0225 -34.3025 41.275 -23.6225 -34.0025 42.3225 -24.1725 -35.49 42.2575 -21.53 -33.0525 42.0125
5 24 -24.315 -37.0175 42.6675 -22.3225 -37.4025 41.36 -22.31 -35.8475 41.035 -24.04 -38.3025 43.4575
5 24 -19.4225 -38.775 41.025 -19.46 -39.0275 41.5175 -19.26 -39.0025 41.0375 -19.53 -38.81 41.3825
5 24 -19.2525 -39.675 39.785 -19.2525 -39.47 40.0125 -19.4475 -39.3925 39.76 -18.965 -39.635 40.055
5 24 -18.36 -33.7325 48.085 -18.36 -35.9975 48.085 -17.295 -33.7325 47.995 -18.8375 -35.9875 48.24
5 24 -18.96 -35.9925 48.33 -18.96 -33.7325 48.33 -19.0325 -33.7325 48.4575 -18.8375 -35.9875 48.24
5 24 -18.63 -39.385 40.46 -18.63 -39.6925 40.0675 -17.61 -39.385 40.46 -18.965 -39.635 40.055
5 24 -19.52 -37.48 48.2475 -19.125 -37.5325 47.9975 -19.62 -38.7825 47.26 -18.8375 -35.9875 48.24
5 24 -19.5075 -39.6675 42.6525 -18.965 -39.3225 41.7025 -19.25 -39.2625 41.665 -18.63 -39.3425 41.715
5 24 -19.5225 -39.06 39.7325 -19.52 -39.1275 39.2625 -19.6975 -32 38.92 -19.452271 -39.46140575 39.35339125
5 24 -21.765 -32.0725 43.7 -22.1 -31.8925 44.12 -20.765 -31.7975 44.9975 -22.7825 -32.825 42.83
5 24 -19.259319 -39.74444475 39.43043625 -19.4475 -39.3925 39.76 -19.2525 -39.675 39.785 -19.452271 -39.46140575 39.35339125
5 24 -19.62 -38.7825 47.26 -18.6875 -38.8225 46.9475 -18.9825 -39.675 45.71 -19.125 -37.5325 47.9975
2 24 -19.53 -38.81 41.3825 -19.56 -37.5375 40.5275
5 24 -24.9425 -35.645 50.935 -26.1275 -35.0525 50.06 -25.8825 -36.4425 48.795 -25.02 -34.0325 52.145
5 24 -25.02 -34.0325 52.145 -26.205 -33.435 51.27 -26.1275 -35.0525 50.06 -26.205 -19.0675 61
5 24 -19.66 -32 44.345 -20.19 -31.9375 44.53 -19.66 -32 46.405 -19.69 -32.285 42.7275
5 24 -19.5225 -39.06 39.7325 -19.452271 -39.46140575 39.35339125 -19.52 -39.1275 39.2625 -19.4475 -39.3925 39.76
2 24 -19.6375 -34.425 40.535 -19.6675 -33.1525 41.395
5 24 -19.66 -32 46.405 -20.8075 -31.7 45.12 -20.765 -31.7975 44.9975 -20.85 -31.53 45.3225
5 24 -24.735 -38.49 46.085 -23.4025 -39.215 44.515 -23.61 -38.99 47.09 -24.04 -38.3025 43.4575
5 24 -22.335 -31.38 44.78 -20.85 -31.53 45.3225 -22.4375 -30.7675 45.33 -20.8075 -31.7 45.12
5 24 -20.035 -37.5325 40.58 -19.56 -37.5375 40.5275 -19.53 -38.81 41.3825 -20.06 -35.9775 40.2675
5 24 -23.4025 -39.215 44.515 -21.605 -39.5575 43.335 -22.0725 -38.6825 42.165 -22.46 -39.615 45.7275
5 24 -25.89 -34.1375 44.74 -25.3575 -34.845 43.66 -24.55 -33.4975 43.43 -26.31 -35.435 45.5525
2 24 -19.115 -32 48.65 -19.0325 -32 48.4575
5 24 -20.895 -32.2225 43.135 -21.765 -32.0725 43.7 -22.7825 -32.825 42.83 -20.6825 -31.8675 44.8425
5 24 -24.315 -37.0175 42.6675 -24.1725 -35.49 42.2575 -25.6625 -36.285 44.26 -22.31 -35.8475 41.035
5 24 -18.9675 -39.165 41.0475 -19.25 -39.2625 41.665 -18.965 -39.3225 41.7025 -19.26 -39.0025 41.0375
5 24 -26.4525 -30.8775 47.6725 -26.9675 -31.7575 48.89 -26.3875 -32.265 46.6375 -26.9675 -17 58.8775
5 24 -26.31 -35.435 45.5525 -25.89 -34.1375 44.74 -26.68 -34.48 46.6575 -25.3575 -34.845 43.66
2 24 -19.5475 -18.4 61 -20.6075 -20.5325 61
5 24 -23.5175 -34.31 52.58 -25.02 -34.0325 52.145 -23.52 -21.8975 61 -24.9425 -35.645 50.935
5 24 -20.3675 -36.215 50.0425 -21.7125 -36.8875 50.34 -21.3725 -37.7625 49.33 -20.545 -35.2 50.9625
5 24 -19.46 -39.0275 41.5175 -19.25 -39.2625 41.665 -19.26 -39.0025 41.0375 -19.5075 -39.6675 42.6525
5 24 -19.255 -39.1875 40.37 -19.4225 -38.775 41.025 -19.26 -39.0025 41.0375 -19.4525 -38.97 40.2725
5 24 -18.8375 -35.9875 48.24 -18.8375 -33.7325 48.24 -18.96 -33.7325 48.33 -18.36 -33.7325 48.085
5 24 -26.1275 -35.0525 50.06 -25.8825 -36.4425 48.795 -26.5575 -35.555 47.7425 -24.9425 -35.645 50.935
5 24 -22.26 -38.93 47.925 -21.3775 -39.41 46.8725 -22.46 -39.615 45.7275 -20.945 -38.3425 48.4475
5 24 -18.96 -35.9925 48.33 -19.0325 -35.93 48.4575 -19.81 -37.325 48.615 -19.0325 -33.7325 48.4575
5 24 -20.6075 -20.5325 61 -20.6075 -33.8275 51.99 -21.99 -21.725 61 -19.5475 -18.4 61
5 24 -19.795 -30.565 47.4375 -19.13 -31.3575 48.57 -19.795 -17 56.625 -19.105 -32 48.0925
5 24 -19.795 -30.565 47.4375 -19.795 -17 56.625 -19.13 -31.3575 48.57 -20.98 -29.9675 46.565
5 24 -23.5175 -34.31 52.58 -23.445 -35.875 51.4075 -24.9425 -35.645 50.935 -21.9875 -34.2325 52.515
5 24 -18.9825 -39.675 45.71 -19.3225 -39.985 44.19 -17.515 -40 44 -20.2525 -39.6125 46.1375
5 24 -19.3225 -39.985 44.19 -17.515 -40 44 -19.5075 -39.6675 42.6525 -18.9825 -39.675 45.71
5 24 -26.795 -34.2175 48.9575 -26.5575 -35.555 47.7425 -26.68 -34.48 46.6575 -26.1275 -35.0525 50.06
5 24 -24.94 -32.9675 44.2375 -23.66 -32.1325 44.1275 -25.1825 -32.34 44.9625 -23.415 -32.48 43.5975
5 24 -19.2525 -39.47 40.0125 -19.255 -39.1875 40.37 -18.965 -39.335 40.4375 -19.45 -39.2225 39.9475
5 24 -20.85 -31.53 45.3225 -19.755 -31.5925 46.6775 -20.94 -30.9975 45.8025 -19.66 -32 46.405
5 24 -24.55 -33.4975 43.43 -23.6225 -34.0025 42.3225 -22.7825 -32.825 42.83 -25.3575 -34.845 43.66
5 24 -21.99 -21.725 61 -21.9875 -34.2325 52.515 -23.52 -21.8975 61 -20.6075 -33.8275 51.99
5 24 -20.945 -38.3425 48.4475 -22.26 -38.93 47.925 -21.3775 -39.41 46.8725 -21.3725 -37.7625 49.33
5 24 -19.5225 -38.5525 41.0125 -19.53 -38.71 40.155 -19.56 -37.5375 40.5275 -19.4525 -38.97 40.2725
5 24 -20.0925 -36.93 49.22 -21.3725 -37.7625 49.33 -19.81 -37.325 48.615 -20.3675 -36.215 50.0425
5 24 -19.452271 -39.46140575 39.35339125 -19.4475 -39.3925 39.76 -19.259319 -39.74444475 39.43043625 -19.5225 -39.06 39.7325
5 24 -26.87 -17 60.72 -26.205 -19.0675 61 -26.775 -17 61 -26.87 -32.6425 50.1375
5 24 -22.0725 -38.6825 42.165 -19.89 -38.8075 41.4225 -20.035 -37.5325 40.58 -19.5075 -39.6675 42.6525
5 24 -23.61 -38.99 47.09 -22.46 -39.615 45.7275 -23.4025 -39.215 44.515 -22.26 -38.93 47.925
5 24 -20.19 -31.9375 44.53 -19.66 -32 46.405 -20.6825 -31.8675 44.8425 -19.66 -32 44.345
2 24 -26.775 -17 61 -26.87 -17 60.72
5 24 -20.98 -29.9675 46.565 -20.94 -30.9975 45.8025 -19.755 -31.5925 46.6775 -22.4825 -29.69 46.13
5 24 -26.2 -33.335 45.665 -25.89 -34.1375 44.74 -26.68 -34.48 46.6575 -24.94 -32.9675 44.2375
5 24 -19.1275 -33.7325 48.685 -19.0325 -32.2425 49.8175 -19.5475 -33.1225 51.035 -19.115 -32 48.65
5 24 -19.13 -31.3575 48.57 -19.0325 -32.2425 49.8175 -19.0325 -17 60.1275 -19.115 -32 48.65
5 24 -20.945 -38.3425 48.4475 -20.3625 -38.6575 47.74 -21.3775 -39.41 46.8725 -19.52 -37.48 48.2475
5 24 -19.2525 -39.47 40.0125 -19.45 -39.2225 39.9475 -19.4475 -39.3925 39.76 -19.255 -39.1875 40.37
5 24 -19.3225 -39.985 44.19 -19.5075 -39.6675 42.6525 -20.96 -39.8975 44.745 -17.515 -40 44
5 24 -25.3575 -34.845 43.66 -24.1725 -35.49 42.2575 -23.6225 -34.0025 42.3225 -25.6625 -36.285 44.26
5 24 -18.9675 -39.165 41.0475 -18.965 -39.3225 41.7025 -19.25 -39.2625 41.665 -18.63 -39.22 41.05
5 24 -19.2525 -39.675 39.785 -19.4475 -39.3925 39.76 -19.2525 -39.47 40.0125 -19.259319 -39.74444475 39.43043625
5 24 -19.13 -31.3575 48.57 -19.105 -32 48.0925 -19.795 -30.565 47.4375 -19.115 -32 48.65
5 24 -23.66 -32.1325 44.1275 -22.21 -31.71 44.4 -23.8375 -31.6675 44.6625 -22.1 -31.8925 44.12
5 24 -23.445 -35.875 51.4075 -23.215 -37.1775 50.225 -24.7 -37.025 49.68 -21.92 -35.7125 51.4075
5 24 -19.4475 -39.3925 39.76 -19.5225 -39.06 39.7325 -19.5275 -38.9325 39.875 -19.452271 -39.46140575 39.35339125
5 24 -18.63 -39.22 41.05 -18.63 -39.3425 41.715 -17.61 -39.3425 41.715 -18.965 -39.3225 41.7025
5 24 -26.2 -33.335 45.665 -25.1825 -32.34 44.9625 -26.3875 -32.265 46.6375 -24.94 -32.9675 44.2375
5 24 -19.4525 -38.97 40.2725 -19.255 -39.1875 40.37 -19.45 -39.2225 39.9475 -19.4225 -38.775 41.025
5 24 -19.56 -37.5375 40.5275 -19.5225 -38.5525 41.0125 -19.53 -38.71 40.155 -19.53 -38.81 41.3825
5 24 -23.4025 -39.215 44.515 -24.04 -38.3025 43.4575 -24.735 -38.49 46.085 -22.0725 -38.6825 42.165
5 24 -26.5575 -35.555 47.7425 -26.145 -36.6175 46.515 -25.8825 -36.4425 48.795 -26.31 -35.435 45.5525
5 24 -20.2525 -39.6125 46.1375 -18.9825 -39.675 45.71 -19.3225 -39.985 44.19 -19.62 -38.7825 47.26
2 24 -26.205 -19.0675 61 -26.775 -17 61
5 24 -23.215 -37.1775 50.225 -24.7 -37.025 49.68 -24.275 -38.12 48.4175 -23.445 -35.875 51.4075
5 24 -22.1 -31.8925 44.12 -22.21 -31.71 44.4 -23.66 -32.1325 44.1275 -20.8075 -31.7 45.12
5 24 -20.19 -31.9375 44.53 -20.6825 -31.8675 44.8425 -19.66 -32 46.405 -20.895 -32.2225 43.135
5 24 -23.445 -35.875 51.4075 -24.9425 -35.645 50.935 -24.7 -37.025 49.68 -23.5175 -34.31 52.58
5 24 -26.87 -32.6425 50.1375 -26.9675 -31.7575 48.89 -26.8975 -33.2525 47.7725 -26.9675 -17 58.8775
2 24 -18.96 -32 48.33 -18.8375 -32 48.24
5 24 -20.3675 -36.215 50.0425 -19.1425 -35.7575 48.7175 -19.0325 -35.93 48.4575 -19.35 -35.22 49.34
5 24 -19.66 -32 46.405 -19.66 -32 44.345 -17.295 -32 48 -20.19 -31.9375 44.53
5 24 -19.5475 -33.1225 51.035 -19.5475 -18.4 61 -19.0325 -17 60.1275 -20.6075 -33.8275 51.99
5 24 -19.45 -39.2225 39.9475 -19.4525 -38.97 40.2725 -19.5275 -38.9325 39.875 -19.255 -39.1875 40.37
5 24 -22.31 -35.8475 41.035 -22.0225 -34.3025 41.275 -19.95 -34.4225 40.57 -24.1725 -35.49 42.2575
2 24 -26.87 -17 60.72 -26.9675 -17 58.8775
5 24 -19.125 -37.5325 47.9975 -18.47 -37.5525 47.7825 -18.8375 -35.9875 48.24 -18.6875 -38.8225 46.9475
5 24 -23.66 -32.1325 44.1275 -23.415 -32.48 43.5975 -24.94 -32.9675 44.2375 -22.1 -31.8925 44.12
5 24 -24.7 -37.025 49.68 -24.275 -38.12 48.4175 -25.4475 -37.555 47.51 -23.215 -37.1775 50.225
5 24 -19.4475 -39.3925 39.76 -19.45 -39.2225 39.9475 -19.2525 -39.47 40.0125 -19.5275 -38.9325 39.875
5 24 -26.68 -34.48 46.6575 -26.5575 -35.555 47.7425 -26.31 -35.435 45.5525 -26.795 -34.2175 48.9575
5 24 -18.6875 -38.8225 46.9475 -18.9825 -39.675 45.71 -19.62 -38.7825 47.26 -17.435 -39.685 45.555
5 24 -20.6075 -33.8275 51.99 -20.545 -35.2 50.9625 -21.92 -35.7125 51.4075 -19.5475 -33.1225 51.035
2 24 -19.4275 -32 47.215 -19.105 -32 48.0925
5 24 -24.275 -38.12 48.4175 -23.61 -38.99 47.09 -24.735 -38.49 46.085 -22.8225 -38.185 49.0575
5 24 -24.7 -37.025 49.68 -25.8825 -36.4425 48.795 -25.4475 -37.555 47.51 -24.9425 -35.645 50.935
5 24 -21.9875 -34.2325 52.515 -21.92 -35.7125 51.4075 -20.6075 -33.8275 51.99 -23.445 -35.875 51.4075
5 24 -19.125 -37.5325 47.9975 -19.62 -38.7825 47.26 -19.52 -37.48 48.2475 -18.6875 -38.8225 46.9475
5 24 -25.0225 -20.9725 61 -25.02 -34.0325 52.145 -26.205 -19.0675 61 -23.52 -21.8975 61
5 24 -26.9675 -17 58.8775 -26.9675 -31.7575 48.89 -26.4525 -30.8775 47.6725 -26.87 -32.6425 50.1375
5 24 -25.4375 -37.5425 45.105 -25.6625 -36.285 44.26 -24.315 -37.0175 42.6675 -26.145 -36.6175 46.515
5 24 -19.1275 -33.7325 48.685 -19.115 -32 48.65 -19.0325 -33.7325 48.4575 -19.0325 -32.2425 49.8175
5 24 -18.8375 -35.9875 48.24 -18.96 -35.9925 48.33 -19.52 -37.48 48.2475 -18.96 -33.7325 48.33
5 24 -26.31 -35.435 45.5525 -25.6625 -36.285 44.26 -25.3575 -34.845 43.66 -26.145 -36.6175 46.515
5 24 -18.63 -39.93 39.805 -17.61 -39.93 39.805 -18.63 -40 39.5 -17.61 -39.6925 40.0675
5 24 -19.6975 -32 38.92 -19.6375 -34.425 40.535 -19.5975 -35.98 40.215 -19.6675 -33.1525 41.395
5 24 -18.63 -39.22 41.05 -18.965 -39.3225 41.7025 -18.9675 -39.165 41.0475 -18.63 -39.3425 41.715
5 24 -19.255 -39.1875 40.37 -19.26 -39.0025 41.0375 -18.9675 -39.165 41.0475 -19.4225 -38.775 41.025
5 24 -19.255 -39.1875 40.37 -18.965 -39.335 40.4375 -18.9675 -39.165 41.0475 -19.2525 -39.47 40.0125
2 24 -25.0225 -20.9725 61 -26.205 -19.0675 61
5 24 -18.965 -39.635 40.055 -18.965 -39.335 40.4375 -18.63 -39.385 40.46 -19.2525 -39.47 40.0125
5 24 -19.53 -38.81 41.3825 -19.5225 -38.5525 41.0125 -19.4225 -38.775 41.025 -19.56 -37.5375 40.5275
5 24 -19.35 -35.22 49.34 -20.3675 -36.215 50.0425 -19.1425 -35.7575 48.7175 -19.495 -34.38 50.1
5 24 -25.4375 -37.5425 45.105 -24.04 -38.3025 43.4575 -24.735 -38.49 46.085 -24.315 -37.0175 42.6675
5 24 -26.145 -36.6175 46.515 -26.31 -35.435 45.5525 -26.5575 -35.555 47.7425 -25.6625 -36.285 44.26
5 24 -21.605 -39.5575 43.335 -22.0725 -38.6825 42.165 -23.4025 -39.215 44.515 -19.5075 -39.6675 42.6525
5 24 -25.1825 -32.34 44.9625 -23.8375 -31.6675 44.6625 -25.3375 -31.4425 45.7725 -23.66 -32.1325 44.1275
5 24 -19.5275 -38.9325 39.875 -19.5225 -39.06 39.7325 -19.4475 -39.3925 39.76 -19.5975 -35.98 40.215
5 24 -19.4225 -38.775 41.025 -19.53 -38.81 41.3825 -19.46 -39.0275 41.5175 -19.5225 -38.5525 41.0125
5 24 -17.435 -39.685 45.555 -18.9825 -39.675 45.71 -18.6875 -38.8225 46.9475 -17.515 -40 44
5 24 -25.1825 -32.34 44.9625 -24.94 -32.9675 44.2375 -26.2 -33.335 45.665 -23.66 -32.1325 44.1275
5 24 -25.3925 -30.1725 46.72 -24.0125 -29.7675 46.1925 -23.9625 -30.93 45.33 -24.01 -17 54.85
5 24 -18.63 -39.22 41.05 -17.61 -39.22 41.05 -17.61 -39.3425 41.715 -18.63 -39.385 40.46
5 24 -20.98 -29.9675 46.565 -20.9775 -17 55.3525 -19.795 -17 56.625 -22.48 -17 54.7325
5 24 -19.115 -32 48.65 -19.0325 -32.2425 49.8175 -19.13 -31.3575 48.57 -19.1275 -33.7325 48.685
5 24 -23.6225 -34.0025 42.3225 -22.7825 -32.825 42.83 -21.53 -33.0525 42.0125 -24.55 -33.4975 43.43
5 24 -22.7825 -32.825 42.83 -21.53 -33.0525 42.0125 -23.6225 -34.0025 42.3225 -20.895 -32.2225 43.135
5 24 -22.0725 -38.6825 42.165 -22.3225 -37.4025 41.36 -20.035 -37.5325 40.58 -24.04 -38.3025 43.4575
5 24 -22.0225 -34.3025 41.275 -19.95 -34.4225 40.57 -19.6675 -33.1525 41.395 -22.31 -35.8475 41.035
5 24 -20.85 -31.53 45.3225 -20.94 -30.9975 45.8025 -19.755 -31.5925 46.6775 -22.4375 -30.7675 45.33
5 24 -19.5275 -38.9325 39.875 -19.56 -37.5375 40.5275 -19.53 -38.71 40.155 -19.5975 -35.98 40.215
5 24 -25.3575 -34.845 43.66 -24.55 -33.4975 43.43 -23.6225 -34.0025 42.3225 -25.89 -34.1375 44.74
2 24 -18.8375 -32 48.24 -18.36 -32 48.085
5 24 -26.145 -36.6175 46.515 -25.4375 -37.5425 45.105 -25.4475 -37.555 47.51 -25.6625 -36.285 44.26
5 24 -23.61 -38.99 47.09 -24.735 -38.49 46.085 -23.4025 -39.215 44.515 -24.275 -38.12 48.4175
2 24 -21.99 -21.725 61 -23.52 -21.8975 61
5 24 -19.495 -34.38 50.1 -20.545 -35.2 50.9625 -20.3675 -36.215 50.0425 -19.5475 -33.1225 51.035
5 24 -26.68 -34.48 46.6575 -26.31 -35.435 45.5525 -25.89 -34.1375 44.74 -26.5575 -35.555 47.7425
5 24 -18.965 -39.865 39.8 -18.965 -39.635 40.055 -19.2525 -39.675 39.785 -18.63 -39.6925 40.0675
5 24 -24.94 -32.9675 44.2375 -24.55 -33.4975 43.43 -23.415 -32.48 43.5975 -25.89 -34.1375 44.74
2 24 -17.295 -32 48 -18.36 -32 48.085
5 24 -22.26 -38.93 47.925 -23.61 -38.99 47.09 -22.46 -39.615 45.7275 -22.8225 -38.185 49.0575
5 24 -19.4225 -38.775 41.025 -19.5225 -38.5525 41.0125 -19.53 -38.81 41.3825 -19.4525 -38.97 40.2725
5 24 -19.95 -34.4225 40.57 -19.6675 -33.1525 41.395 -19.6375 -34.425 40.535 -22.0225 -34.3025 41.275
5 24 -19.4475 -39.3925 39.76 -19.5275 -38.9325 39.875 -19.45 -39.2225 39.9475 -19.5225 -39.06 39.7325
5 24 -19.53 -38.81 41.3825 -19.46 -39.0275 41.5175 -19.5075 -39.6675 42.6525 -19.4225 -38.775 41.025
5 24 -24.275 -38.12 48.4175 -22.8225 -38.185 49.0575 -23.61 -38.99 47.09 -23.215 -37.1775 50.225
5 24 -19.5075 -39.6675 42.6525 -19.46 -39.0275 41.5175 -19.53 -38.81 41.3825 -19.25 -39.2625 41.665
5 24 -19.755 -31.5925 46.6775 -19.4275 -32 47.215 -19.66 -32 46.405 -19.105 -32 48.0925
5 24 -18.970603 -39.93360275 39.48192625 -18.965 -39.865 39.8 -18.63 -39.93 39.805 -19.2525 -39.675 39.785
5 24 -25.3925 -30.1725 46.72 -25.3375 -31.4425 45.7725 -23.9625 -30.93 45.33 -26.4525 -30.8775 47.6725
5 24 -19.1425 -35.7575 48.7175 -19.35 -35.22 49.34 -20.3675 -36.215 50.0425 -19.1275 -33.7325 48.685
5 24 -19.5075 -39.6675 42.6525 -18.63 -39.3425 41.715 -18.965 -39.3225 41.7025 -17.61 -39.3425 41.715
5 24 -21.7125 -36.8875 50.34 -23.215 -37.1775 50.225 -22.8225 -38.185 49.0575 -21.92 -35.7125 51.4075
5 24 -22.31 -35.8475 41.035 -20.06 -35.9775 40.2675 -19.95 -34.4225 40.57 -22.3225 -37.4025 41.36
5 24 -26.4525 -30.8775 47.6725 -26.3875 -32.265 46.6375 -25.3375 -31.4425 45.7725 -26.9675 -31.7575 48.89
5 24 -19.52 -37.48 48.2475 -20.945 -38.3425 48.4475 -21.3725 -37.7625 49.33 -20.3625 -38.6575 47.74
5 24 -18.63 -39.6925 40.0675 -18.63 -39.93 39.805 -18.965 -39.865 39.8 -17.61 -39.6925 40.0675
5 24 -26.3875 -32.265 46.6375 -25.3375 -31.4425 45.7725 -25.1825 -32.34 44.9625 -26.4525 -30.8775 47.6725
5 24 -19.5475 -33.1225 51.035 -20.6075 -33.8275 51.99 -20.545 -35.2 50.9625 -19.5475 -18.4 61
5 24 -19.0325 -32.2425 49.8175 -19.5475 -33.1225 51.035 -19.0325 -17 60.1275 -19.1275 -33.7325 48.685
5 24 -19.6975 -32 38.92 -19.6675 -33.1525 41.395 -19.69 -32.285 42.7275 -19.6375 -34.425 40.535
5 24 -26.3875 -32.265 46.6375 -26.2 -33.335 45.665 -26.8975 -33.2525 47.7725 -25.1825 -32.34 44.9625
5 24 -18.8375 -32 48.24 -18.8375 -33.7325 48.24 -18.36 -32 48.085 -18.96 -32 48.33
5 24 -21.3775 -39.41 46.8725 -20.3625 -38.6575 47.74 -20.2525 -39.6125 46.1375 -20.945 -38.3425 48.4475
5 24 -22.0225 -34.3025 41.275 -21.53 -33.0525 42.0125 -19.6675 -33.1525 41.395 -23.6225 -34.0025 42.3225
5 24 -21.3725 -37.7625 49.33 -19.81 -37.325 48.615 -19.52 -37.48 48.2475 -20.0925 -36.93 49.22
5 24 -19.26 -39.0025 41.0375 -18.9675 -39.165 41.0475 -19.25 -39.2625 41.665 -19.255 -39.1875 40.37
2 24 -26.4525 -17 57.0725 -25.3925 -17 55.6475
2 24 -19.69 -32.285 42.7275 -19.66 -32 44.345
5 24 -18.96 -35.9925 48.33 -19.52 -37.48 48.2475 -18.8375 -35.9875 48.24 -19.81 -37.325 48.615
5 24 -22.4375 -30.7675 45.33 -20.94 -30.9975 45.8025 -22.4825 -29.69 46.13 -20.85 -31.53 45.3225
5 24 -20.98 -29.9675 46.565 -19.795 -30.565 47.4375 -19.795 -17 56.625 -19.755 -31.5925 46.6775
5 24 -19.26 -39.0025 41.0375 -19.46 -39.0275 41.5175 -19.25 -39.2625 41.665 -19.4225 -38.775 41.025
5 24 -22.3225 -37.4025 41.36 -22.31 -35.8475 41.035 -20.06 -35.9775 40.2675 -24.315 -37.0175 42.6675
5 24 -24.55 -33.4975 43.43 -23.415 -32.48 43.5975 -22.7825 -32.825 42.83 -24.94 -32.9675 44.2375
5 24 -19.69 -32.285 42.7275 -20.895 -32.2225 43.135 -21.53 -33.0525 42.0125 -20.19 -31.9375 44.53
2 24 -19.795 -17 56.625 -19.13 -17 58.2875
5 24 -24.04 -38.3025 43.4575 -22.0725 -38.6825 42.165 -22.3225 -37.4025 41.36 -23.4025 -39.215 44.515
5 24 -20.545 -35.2 50.9625 -21.92 -35.7125 51.4075 -21.7125 -36.8875 50.34 -20.6075 -33.8275 51.99
5 24 -19.5075 -39.6675 42.6525 -17.61 -39.3425 41.715 -18.63 -39.3425 41.715 -17.5925 -39.685 42.445
5 24 -19.125 -37.5325 47.9975 -18.8375 -35.9875 48.24 -18.47 -37.5525 47.7825 -19.52 -37.48 48.2475
5 24 -24.1725 -35.49 42.2575 -22.31 -35.8475 41.035 -22.0225 -34.3025 41.275 -24.315 -37.0175 42.6675
2 24 -23.52 -21.8975 61 -25.0225 -20.9725 61
2 24 -19.2825 -17 61 -26.775 -17 61
5 24 -24.735 -38.49 46.085 -25.4375 -37.5425 45.105 -25.4475 -37.555 47.51 -24.04 -38.3025 43.4575
5 24 -20.3625 -38.6575 47.74 -19.52 -37.48 48.2475 -19.62 -38.7825 47.26 -20.945 -38.3425 48.4475
5 24 -20.3625 -38.6575 47.74 -19.62 -38.7825 47.26 -19.52 -37.48 48.2475 -20.2525 -39.6125 46.1375
5 24 -18.63 -39.22 41.05 -18.63 -39.385 40.46 -17.61 -39.22 41.05 -18.965 -39.335 40.4375
5 24 -19.89 -38.8075 41.4225 -19.53 -38.81 41.3825 -19.5075 -39.6675 42.6525 -20.035 -37.5325 40.58
2 24 -25.3925 -17 55.6475 -24.01 -17 54.85
5 24 -18.965 -39.635 40.055 -19.2525 -39.47 40.0125 -19.2525 -39.675 39.785 -18.965 -39.335 40.4375
5 24 -22.46 -39.615 45.7275 -20.96 -39.8975 44.745 -21.3775 -39.41 46.8725 -21.605 -39.5575 43.335
5 24 -19.0325 -17 60.1275 -19.0325 -32.2425 49.8175 -19.5475 -33.1225 51.035 -19.13 -31.3575 48.57
5 24 -19.4525 -38.97 40.2725 -19.4225 -38.775 41.025 -19.255 -39.1875 40.37 -19.5225 -38.5525 41.0125
5 24 -19.0325 -33.7325 48.4575 -19.0325 -32 48.4575 -19.115 -32 48.65 -18.96 -33.7325 48.33
5 24 -22.3225 -37.4025 41.36 -20.035 -37.5325 40.58 -20.06 -35.9775 40.2675 -22.0725 -38.6825 42.165
5 24 -20.2525 -39.6125 46.1375 -20.96 -39.8975 44.745 -21.3775 -39.41 46.8725 -19.3225 -39.985 44.19
5 24 -19.5275 -38.9325 39.875 -19.53 -38.71 40.155 -19.4525 -38.97 40.2725 -19.56 -37.5375 40.5275
5 24 -21.3775 -39.41 46.8725 -22.46 -39.615 45.7275 -22.26 -38.93 47.925 -20.96 -39.8975 44.745
5 24 -19.5225 -39.06 39.7325 -19.5975 -35.98 40.215 -19.5275 -38.9325 39.875 -19.6975 -32 38.92
2 24 -19.4275 -32 47.215 -19.66 -32 46.405
5 24 -19.5225 -38.5525 41.0125 -19.4525 -38.97 40.2725 -19.53 -38.71 40.155 -19.4225 -38.775 41.025
5 24 -20.895 -32.2225 43.135 -20.19 -31.9375 44.53 -19.69 -32.285 42.7275 -20.6825 -31.8675 44.8425
5 24 -24.9425 -35.645 50.935 -24.7 -37.025 49.68 -25.8825 -36.4425 48.795 -23.445 -35.875 51.4075
5 24 -21.53 -33.0525 42.0125 -19.6675 -33.1525 41.395 -22.0225 -34.3025 41.275 -19.69 -32.285 42.7275
5 24 -19.66 -32 46.405 -20.6825 -31.8675 44.8425 -20.19 -31.9375 44.53 -20.765 -31.7975 44.9975
2 24 -19.5975 -35.98 40.215 -19.6375 -34.425 40.535
5 24 -19.5075 -39.6675 42.6525 -19.53 -38.81 41.3825 -19.46 -39.0275 41.5175 -19.89 -38.8075 41.4225
5 24 -19.66 -32 46.405 -19.755 -31.5925 46.6775 -19.4275 -32 47.215 -20.85 -31.53 45.3225
5 24 -22.21 -31.71 44.4 -20.8075 -31.7 45.12 -22.1 -31.8925 44.12 -22.335 -31.38 44.78
5 24 -22.48 -17 54.7325 -22.4825 -29.69 46.13 -20.98 -29.9675 46.565 -24.0125 -29.7675 46.1925
5 24 -20.8075 -31.7 45.12 -20.85 -31.53 45.3225 -22.335 -31.38 44.78 -19.66 -32 46.405
5 24 -26.145 -36.6175 46.515 -25.4475 -37.555 47.51 -25.4375 -37.5425 45.105 -25.8825 -36.4425 48.795
5 24 -24.04 -38.3025 43.4575 -24.315 -37.0175 42.6675 -22.3225 -37.4025 41.36 -25.4375 -37.5425 45.105
5 24 -18.47 -37.5525 47.7825 -18.6875 -38.8225 46.9475 -19.125 -37.5325 47.9975 -17.365 -38.8275 46.825
5 24 -22.46 -39.615 45.7275 -23.4025 -39.215 44.515 -23.61 -38.99 47.09 -21.605 -39.5575 43.335
5 24 -18.36 -32 48.085 -18.36 -33.7325 48.085 -18.8375 -33.7325 48.24 -17.295 -32 48
5 24 -19.53 -38.71 40.155 -19.4525 -38.97 40.2725 -19.5225 -38.5525 41.0125 -19.5275 -38.9325 39.875
2 24 -19.6675 -33.1525 41.395 -19.69 -32.285 42.7275
5 24 -19.5475 -33.1225 51.035 -19.495 -34.38 50.1 -20.545 -35.2 50.9625 -19.1275 -33.7325 48.685
5 24 -20.8075 -31.7 45.12 -20.765 -31.7975 44.9975 -19.66 -32 46.405 -22.1 -31.8925 44.12
4 16 -17.5925 -39.685 42.445 -17.3175 -39.6956 42.4692 -17.3175 -40 44 -17.515 -40 44
4 16 -17.435 -39.685 45.555 -17.515 -40 44 -17.3175 -40 44 -17.3175 -39.6956 45.5308
3 16 -17.3175 -38.8284 46.8284 -17.365 -38.8275 46.825 -17.3175 -39.6956 45.5308
3 16 -17.3175 -39.6956 45.5308 -17.365 -38.8275 46.825 -17.435 -39.685 45.555
3 16 -17.3175 -37.5575 47.68 -17.365 -38.8275 46.825 -17.3175 -38.8284 46.8284
