0 ~Minifig Head Mouse Eye Area with Eye with Black Pupil and Eyebrow Pattern
0 Name: s\24629p05s05.dat
0 Author: Philippe Hurbain [Philo]
0 !LDRAW_ORG Unofficial_Subpart 
0 !LICENSE Redistributable under CCAL version 2.0 : see CAreadme.txt

0 BFC CERTIFY CCW


3 0 6.7631 -22.9548 -16.8396 5.678 -21.679 -17.673 6.6689 -21.6565 -17.1754
3 0 5.4604 -26.6434 -16.337 5.153 -26.288 -16.649 5.8581 -26.272 -16.3383
3 0 5.0696 -26.8221 -16.402 5.153 -26.288 -16.649 5.4604 -26.6434 -16.337
4 0 5.153 -26.288 -16.649 5.0696 -26.8221 -16.402 4.4949 -26.674 -16.5608 4.0615 -26.295 -16.8104
4 0 5.153 -26.288 -16.649 4.0615 -26.295 -16.8104 3.6893 -25.6788 -17.0333 3.3979 -24.8899 -17.291
4 0 6.5163 -21.0375 -17.3821 6.6689 -21.6565 -17.1754 5.678 -21.679 -17.673 6.2307 -20.2412 -17.6932
3 0 5.678 -21.679 -17.673 5.8108 -19.627 -18.0343 6.2307 -20.2412 -17.6932
4 0 5.4251 -19.246 -18.1916 5.8108 -19.627 -18.0343 5.678 -21.679 -17.673 4.96 -19.115 -18.3188
4 0 4.4949 -19.246 -18.3962 4.96 -19.115 -18.3188 5.678 -21.679 -17.673 3.8715 -19.9101 -18.4068
3 0 5.678 -21.679 -17.673 3.481 -20.7101 -18.3405 3.8715 -19.9101 -18.4068
4 0 3.3238 -21.2675 -18.2082 3.481 -20.7101 -18.3405 5.678 -21.679 -17.673 3.2182 -21.8973 -18.046
4 16 3.401 -31.1056 -14.2693 3.9276 -31.414 -13.9492 1 -33.3 -12.9418 0 -31.6 -14.4142
4 16 1 -33.3 -12.9418 3.9276 -31.414 -13.9492 4.4041 -31.5294 -13.7862 4.252 -33.109 -12.587
3 16 4.252 -33.109 -12.587 4.4041 -31.5294 -13.7862 4.8823 -31.5461 -13.5805
3 16 4.252 -33.109 -12.587 4.8823 -31.5461 -13.5805 5.6314 -31.3019 -13.4704
4 16 4.252 -33.109 -12.587 5.6314 -31.3019 -13.4704 6.3521 -30.7723 -13.6003 8.387 -30.027 -13.367
3 16 7.08 -33.207 -11.283 4.252 -33.109 -12.587 8.387 -30.027 -13.367
3 16 6.3521 -30.7723 -13.6003 7.0132 -30.0316 -13.9234 8.387 -30.027 -13.367
3 16 0 -31.6 -14.4142 2.8366 -30.6311 -14.7246 3.401 -31.1056 -14.2693
4 15 3.9276 -31.414 -13.9492 3.401 -31.1056 -14.2693 4.567 -30.04 -14.914 4.4041 -31.5294 -13.7862
4 15 4.8823 -31.5461 -13.5805 4.4041 -31.5294 -13.7862 4.567 -30.04 -14.914 5.6314 -31.3019 -13.4704
4 15 6.3521 -30.7723 -13.6003 5.6314 -31.3019 -13.4704 4.567 -30.04 -14.914 7.0132 -30.0316 -13.9234
4 15 7.0132 -30.0316 -13.9234 4.567 -30.04 -14.914 5.0696 -26.8221 -16.402 5.4604 -26.6434 -16.337
3 15 3.401 -31.1056 -14.2693 2.8366 -30.6311 -14.7246 4.567 -30.04 -14.914
4 15 4.567 -30.04 -14.914 2.8366 -30.6311 -14.7246 2.2556 -29.6469 -15.3324 1.831 -28.5574 -15.9868
3 15 4.567 -30.04 -14.914 1.831 -28.5574 -15.9868 1.6855 -27.6935 -16.4895
4 15 4.567 -30.04 -14.914 1.6855 -27.6935 -16.4895 4.4949 -26.674 -16.5608 5.0696 -26.8221 -16.402
4 15 4.0615 -26.295 -16.8104 4.4949 -26.674 -16.5608 1.6855 -27.6935 -16.4895 1.6589 -26.3104 -17.1657
4 15 8.1334 -27.7874 -14.5723 7.6268 -29.1481 -14.1385 5.4604 -26.6434 -16.337 5.8581 -26.272 -16.3383
3 15 8.1334 -27.7874 -14.5723 5.8581 -26.272 -16.3383 8.2571 -26.2175 -15.281
3 16 7.0132 -30.0316 -13.9234 7.6268 -29.1481 -14.1385 8.387 -30.027 -13.367
3 15 7.0132 -30.0316 -13.9234 5.4604 -26.6434 -16.337 7.6268 -29.1481 -14.1385
3 16 2.5 -34.7 -11.0927 1 -33.3 -12.9418 4.252 -33.109 -12.587
3 16 4.3 -35.7 -9.3541 2.5 -34.7 -11.0927 4.252 -33.109 -12.587
3 16 8 -35.4 -7.8633 9.614 -33.421 -9.364 9.8 -34.5 -7.4041
3 16 9.8 -34.5 -7.4041 9.614 -33.421 -9.364 11.1 -33.4 -7.6971
3 16 9.614 -33.421 -9.364 12.5 -31.7 -8.2839 11.1 -33.4 -7.6971
3 16 9.614 -33.421 -9.364 11.6 -30.187 -10.935 12.5 -31.7 -8.2839
3 16 11.6 -30.187 -10.935 12.424 -26.19 -12.668 13.6 -29.5 -9.2411
3 16 12.5 -31.7 -8.2839 11.6 -30.187 -10.935 13.6 -29.5 -9.2411
3 16 13.6 -29.5 -9.2411 12.424 -26.19 -12.668 14.3 -26.9 -10.0609
3 16 14.3 -26.9 -10.0609 12.424 -26.19 -12.668 14.6 -24 -10.9828
3 16 12.424 -26.19 -12.668 14.3 -20.6 -11.981 14.6 -24 -10.9828
3 16 12.424 -26.19 -12.668 13.631 -17.922 -13.031 14.3 -20.6 -11.981
3 16 12.424 -26.19 -12.668 9.857 -21.586 -15.574 13.631 -17.922 -13.031
3 16 12.424 -26.19 -12.668 9.514 -26.189 -14.727 9.857 -21.586 -15.574
3 16 8.387 -30.027 -13.367 9.514 -26.189 -14.727 12.424 -26.19 -12.668
4 16 8.1334 -27.7874 -14.5723 9.514 -26.189 -14.727 8.387 -30.027 -13.367 7.6268 -29.1481 -14.1385
3 16 8.1334 -27.7874 -14.5723 8.2571 -26.2175 -15.281 9.514 -26.189 -14.727
3 16 1.6855 -27.6935 -16.4895 0 -26.321 -17.411 1.6589 -26.3104 -17.1657
4 16 0 -31.6 -14.4142 0 -26.321 -17.411 1.6855 -27.6935 -16.4895 1.831 -28.5574 -15.9868
3 16 0 -31.6 -14.4142 1.831 -28.5574 -15.9868 2.2556 -29.6469 -15.3324
3 16 0 -31.6 -14.4142 2.2556 -29.6469 -15.3324 2.8366 -30.6311 -14.7246
4 15 7.96 -22.96 -16.2314 8.2086 -24.6542 -15.7296 6.7631 -22.9548 -16.8396 7.52 -21.638 -16.7478
3 15 8.2086 -24.6542 -15.7296 6.6958 -23.9552 -16.5966 6.7631 -22.9548 -16.8396
4 15 6.5163 -24.8825 -16.4236 6.6958 -23.9552 -16.5966 8.2086 -24.6542 -15.7296 8.2571 -26.2175 -15.281
3 15 8.2571 -26.2175 -15.281 6.2307 -25.6788 -16.3337 6.5163 -24.8825 -16.4236
3 15 5.8581 -26.272 -16.3383 6.2307 -25.6788 -16.3337 8.2571 -26.2175 -15.281
3 15 6.7631 -22.9548 -16.8396 6.6689 -21.6565 -17.1754 7.52 -21.638 -16.7478
4 15 7.01 -20.46 -17.2524 7.52 -21.638 -16.7478 6.6689 -21.6565 -17.1754 6.5163 -21.0375 -17.3821
4 15 6.57 -19.72 -17.63 7.01 -20.46 -17.2524 6.5163 -21.0375 -17.3821 6.2307 -20.2412 -17.6932
4 15 5.8456 -19.0891 -18.1291 6.57 -19.72 -17.63 6.2307 -20.2412 -17.6932 5.8108 -19.627 -18.0343
4 15 5.44 -18.92 -18.2504 5.8456 -19.0891 -18.1291 5.8108 -19.627 -18.0343 5.4251 -19.246 -18.1916
4 15 4.96 -18.82 -18.375 5.44 -18.92 -18.2504 5.4251 -19.246 -18.1916 4.96 -19.115 -18.3188
4 15 4.37 -18.91 -18.4876 4.96 -18.82 -18.375 4.96 -19.115 -18.3188 4.4949 -19.246 -18.3962
4 15 3.64 -19.46 -18.5434 4.37 -18.91 -18.4876 4.4949 -19.246 -18.3962 3.8715 -19.9101 -18.4068
4 15 2.8959 -20.4521 -18.5182 3.64 -19.46 -18.5434 3.8715 -19.9101 -18.4068 3.481 -20.7101 -18.3405
4 15 2.8959 -20.4521 -18.5182 3.481 -20.7101 -18.3405 3.3238 -21.2675 -18.2082 2.2377 -21.9844 -18.1947
3 15 2.2377 -21.9844 -18.1947 3.3238 -21.2675 -18.2082 3.2182 -21.8973 -18.046
4 15 1.8907 -23.6892 -17.8424 2.2377 -21.9844 -18.1947 3.2182 -21.8973 -18.046 3.163 -22.96 -17.7985
3 15 3.2242 -23.9552 -17.5472 1.8907 -23.6892 -17.8424 3.163 -22.96 -17.7985
3 15 3.3979 -24.8899 -17.291 1.8907 -23.6892 -17.8424 3.2242 -23.9552 -17.5472
4 15 1.6589 -26.3104 -17.1657 1.8907 -23.6892 -17.8424 3.3979 -24.8899 -17.291 3.6893 -25.6788 -17.0333
3 15 1.6589 -26.3104 -17.1657 3.6893 -25.6788 -17.0333 4.0615 -26.295 -16.8104
4 16 0 -26.321 -17.411 0 -22.183 -18.534 1.8907 -23.6892 -17.8424 1.6589 -26.3104 -17.1657
4 16 0 -19.175 -19.398 2.8959 -20.4521 -18.5182 2.2377 -21.9844 -18.1947 0 -22.183 -18.534
3 16 1.8907 -23.6892 -17.8424 0 -22.183 -18.534 2.2377 -21.9844 -18.1947
3 16 2.8959 -20.4521 -18.5182 0 -19.175 -19.398 3.64 -19.46 -18.5434
3 16 3.64 -19.46 -18.5434 0 -19.175 -19.398 4.37 -18.91 -18.4876
4 16 4.37 -18.91 -18.4876 0 -19.175 -19.398 5.915 -18.016 -18.318 4.96 -18.82 -18.375
3 16 5.44 -18.92 -18.2504 4.96 -18.82 -18.375 5.915 -18.016 -18.318
3 16 5.8456 -19.0891 -18.1291 5.44 -18.92 -18.2504 5.915 -18.016 -18.318
4 16 6.57 -19.72 -17.63 5.8456 -19.0891 -18.1291 5.915 -18.016 -18.318 9.857 -21.586 -15.574
3 16 9.857 -21.586 -15.574 7.01 -20.46 -17.2524 6.57 -19.72 -17.63
3 16 7.52 -21.638 -16.7478 7.01 -20.46 -17.2524 9.857 -21.586 -15.574
4 16 7.96 -22.96 -16.2314 7.52 -21.638 -16.7478 9.857 -21.586 -15.574 9.514 -26.189 -14.727
3 16 9.514 -26.189 -14.727 8.2086 -24.6542 -15.7296 7.96 -22.96 -16.2314
3 16 8.2571 -26.2175 -15.281 8.2086 -24.6542 -15.7296 9.514 -26.189 -14.727
3 16 9.857 -21.586 -15.574 5.915 -18.016 -18.318 10.251 -15.986 -16.321
3 16 9.857 -21.586 -15.574 10.251 -15.986 -16.321 13.631 -17.922 -13.031
3 0 6.5859 -34.2927 -10.068 5.886 -34.2778 -10.4545 7.08 -33.207 -11.283
4 0 7.08 -33.207 -11.283 5.886 -34.2778 -10.4545 5.62 -34.12 -10.7614 5.67 -33.62 -11.3605
3 0 5.67 -33.62 -11.3605 6.08 -33.32 -11.561 7.08 -33.207 -11.283
3 0 6.5859 -34.2927 -10.068 7.08 -33.207 -11.283 7.4519 -34.0934 -9.9008
3 0 7.4519 -34.0934 -9.9008 7.08 -33.207 -11.283 8.8586 -33.3572 -9.9361
4 0 8.8586 -33.3572 -9.9361 7.08 -33.207 -11.283 8.21 -32.6 -11.0834 9.4198 -32.8837 -9.9977
3 0 9.4198 -32.8837 -9.9977 8.21 -32.6 -11.0834 9.057 -31.8802 -11.1812
4 0 10.34 -31.76 -10.3799 9.4198 -32.8837 -9.9977 9.057 -31.8802 -11.1812 9.86 -30.84 -11.5698
4 0 10.88 -30.79 -10.8907 10.34 -31.76 -10.3799 9.86 -30.84 -11.5698 10.2904 -30.1218 -11.9263
3 0 10.88 -30.79 -10.8907 10.2904 -30.1218 -11.9263 10.9902 -30.1566 -11.3966
4 0 10.9902 -30.1566 -11.3966 10.2904 -30.1218 -11.9263 10.54 -29.78 -11.9441 10.76 -29.74 -11.8073
3 0 10.9902 -30.1566 -11.3966 10.76 -29.74 -11.8073 10.92 -29.84 -11.6325
4 16 4.252 -33.109 -12.587 5.67 -33.62 -11.3605 5.62 -34.12 -10.7614 4.3 -35.7 -9.3541
3 16 4.3 -35.7 -9.3541 5.62 -34.12 -10.7614 5.886 -34.2778 -10.4545
4 16 5.9 -35.8 -8.3811 4.3 -35.7 -9.3541 5.886 -34.2778 -10.4545 6.5859 -34.2927 -10.068
4 16 8 -35.4 -7.8633 5.9 -35.8 -8.3811 6.5859 -34.2927 -10.068 7.4519 -34.0934 -9.9008
4 16 8 -35.4 -7.8633 7.4519 -34.0934 -9.9008 8.8586 -33.3572 -9.9361 9.614 -33.421 -9.364
3 16 9.614 -33.421 -9.364 8.8586 -33.3572 -9.9361 9.4198 -32.8837 -9.9977
3 16 9.614 -33.421 -9.364 9.4198 -32.8837 -9.9977 10.34 -31.76 -10.3799
4 16 11.6 -30.187 -10.935 9.614 -33.421 -9.364 10.34 -31.76 -10.3799 10.88 -30.79 -10.8907
3 16 10.88 -30.79 -10.8907 10.9902 -30.1566 -11.3966 11.6 -30.187 -10.935
4 16 11.6 -30.187 -10.935 10.9902 -30.1566 -11.3966 10.92 -29.84 -11.6325 12.424 -26.19 -12.668
3 16 10.92 -29.84 -11.6325 10.76 -29.74 -11.8073 12.424 -26.19 -12.668
4 16 12.424 -26.19 -12.668 10.76 -29.74 -11.8073 10.54 -29.78 -11.9441 8.387 -30.027 -13.367
3 16 10.2904 -30.1218 -11.9263 8.387 -30.027 -13.367 10.54 -29.78 -11.9441
4 16 8.387 -30.027 -13.367 10.2904 -30.1218 -11.9263 9.86 -30.84 -11.5698 9.057 -31.8802 -11.1812
4 16 8.387 -30.027 -13.367 9.057 -31.8802 -11.1812 8.21 -32.6 -11.0834 7.08 -33.207 -11.283
3 16 6.08 -33.32 -11.561 4.252 -33.109 -12.587 7.08 -33.207 -11.283
3 16 5.67 -33.62 -11.3605 4.252 -33.109 -12.587 6.08 -33.32 -11.561
5 24 10.251 -15.986 -16.321 9.857 -21.586 -15.574 13.631 -17.922 -13.031 5.915 -18.016 -18.318
5 24 9.857 -21.586 -15.574 5.915 -18.016 -18.318 10.251 -15.986 -16.321 5.678 -21.679 -17.673
5 24 12.5 -31.7 -8.2839 11.6 -30.187 -10.935 13.6 -29.5 -9.2411 9.614 -33.421 -9.364
5 24 8.387 -30.027 -13.367 9.614 -33.421 -9.364 11.6 -30.187 -10.935 7.08 -33.207 -11.283
5 24 9.614 -33.421 -9.364 7.08 -33.207 -11.283 8 -35.4 -7.8633 8.387 -30.027 -13.367
5 24 5.678 -21.679 -17.673 5.153 -26.288 -16.649 0 -22.183 -18.534 9.514 -26.189 -14.727
5 24 5.153 -26.288 -16.649 0 -26.321 -17.411 4.567 -30.04 -14.914 0 -22.183 -18.534
5 24 12.424 -26.19 -12.668 9.514 -26.189 -14.727 9.857 -21.586 -15.574 8.387 -30.027 -13.367
5 24 7.08 -33.207 -11.283 4.3 -35.7 -9.3541 4.252 -33.109 -12.587 5.9 -35.8 -8.3811
5 24 4.252 -33.109 -12.587 7.08 -33.207 -11.283 4.3 -35.7 -9.3541 8.387 -30.027 -13.367
5 24 11.6 -30.187 -10.935 8.387 -30.027 -13.367 9.614 -33.421 -9.364 12.424 -26.19 -12.668
5 24 13.631 -17.922 -13.031 9.857 -21.586 -15.574 10.251 -15.986 -16.321 12.424 -26.19 -12.668
5 24 14.3 -20.6 -11.981 12.424 -26.19 -12.668 14.6 -24 -10.9828 13.631 -17.922 -13.031
5 24 4.252 -33.109 -12.587 2.5 -34.7 -11.0927 4.3 -35.7 -9.3541 1 -33.3 -12.9418
5 24 9.514 -26.189 -14.727 5.153 -26.288 -16.649 8.387 -30.027 -13.367 5.678 -21.679 -17.673
5 24 9.857 -21.586 -15.574 5.678 -21.679 -17.673 9.514 -26.189 -14.727 5.915 -18.016 -18.318
5 24 8.387 -30.027 -13.367 7.08 -33.207 -11.283 9.614 -33.421 -9.364 4.252 -33.109 -12.587
5 24 9.614 -33.421 -9.364 8 -35.4 -7.8633 9.8 -34.5 -7.4041 7.08 -33.207 -11.283
5 24 5.678 -21.679 -17.673 5.915 -18.016 -18.318 9.857 -21.586 -15.574 0 -19.175 -19.398
5 24 8.387 -30.027 -13.367 4.567 -30.04 -14.914 5.153 -26.288 -16.649 4.252 -33.109 -12.587
5 24 8.387 -30.027 -13.367 4.252 -33.109 -12.587 4.567 -30.04 -14.914 7.08 -33.207 -11.283
5 24 4.567 -30.04 -14.914 0 -31.6 -14.4142 0 -26.321 -17.411 1 -33.3 -12.9418
5 24 9.514 -26.189 -14.727 8.387 -30.027 -13.367 5.153 -26.288 -16.649 12.424 -26.19 -12.668
5 24 8 -35.4 -7.8633 7.08 -33.207 -11.283 5.9 -35.8 -8.3811 9.614 -33.421 -9.364
5 24 12.424 -26.19 -12.668 13.6 -29.5 -9.2411 11.6 -30.187 -10.935 14.3 -26.9 -10.0609
5 24 5.678 -21.679 -17.673 0 -19.175 -19.398 0 -22.183 -18.534 5.915 -18.016 -18.318
5 24 4.3 -35.7 -9.3541 4.252 -33.109 -12.587 7.08 -33.207 -11.283 2.5 -34.7 -11.0927
5 24 9.614 -33.421 -9.364 12.5 -31.7 -8.2839 11.1 -33.4 -7.6971 11.6 -30.187 -10.935
5 24 7.08 -33.207 -11.283 5.9 -35.8 -8.3811 8 -35.4 -7.8633 4.3 -35.7 -9.3541
5 24 8.387 -30.027 -13.367 5.153 -26.288 -16.649 4.567 -30.04 -14.914 9.514 -26.189 -14.727
5 24 8.387 -30.027 -13.367 12.424 -26.19 -12.668 11.6 -30.187 -10.935 9.514 -26.189 -14.727
5 24 5.153 -26.288 -16.649 4.567 -30.04 -14.914 0 -26.321 -17.411 8.387 -30.027 -13.367
5 24 11.6 -30.187 -10.935 9.614 -33.421 -9.364 12.5 -31.7 -8.2839 8.387 -30.027 -13.367
5 24 14.6 -24 -10.9828 12.424 -26.19 -12.668 14.3 -20.6 -11.981 14.3 -26.9 -10.0609
5 24 5.678 -21.679 -17.673 0 -22.183 -18.534 0 -19.175 -19.398 5.153 -26.288 -16.649
5 24 12.424 -26.19 -12.668 9.857 -21.586 -15.574 9.514 -26.189 -14.727 13.631 -17.922 -13.031
5 24 12.424 -26.19 -12.668 13.631 -17.922 -13.031 9.857 -21.586 -15.574 14.3 -20.6 -11.981
5 24 4.567 -30.04 -14.914 0 -26.321 -17.411 0 -31.6 -14.4142 5.153 -26.288 -16.649
5 24 9.8 -34.5 -7.4041 9.614 -33.421 -9.364 11.1 -33.4 -7.6971 8 -35.4 -7.8633
5 24 13.6 -29.5 -9.2411 11.6 -30.187 -10.935 12.424 -26.19 -12.668 12.5 -31.7 -8.2839
5 24 5.153 -26.288 -16.649 0 -22.183 -18.534 5.678 -21.679 -17.673 0 -26.321 -17.411
5 24 12.424 -26.19 -12.668 14.3 -26.9 -10.0609 14.6 -24 -10.9828 13.6 -29.5 -9.2411
5 24 11.1 -33.4 -7.6971 9.614 -33.421 -9.364 12.5 -31.7 -8.2839 9.8 -34.5 -7.4041
5 24 4.567 -30.04 -14.914 4.252 -33.109 -12.587 1 -33.3 -12.9418 8.387 -30.027 -13.367
5 24 12.424 -26.19 -12.668 11.6 -30.187 -10.935 8.387 -30.027 -13.367 13.6 -29.5 -9.2411
5 24 4.252 -33.109 -12.587 1 -33.3 -12.9418 4.567 -30.04 -14.914 2.5 -34.7 -11.0927
5 24 9.514 -26.189 -14.727 5.678 -21.679 -17.673 5.153 -26.288 -16.649 9.857 -21.586 -15.574
5 24 9.857 -21.586 -15.574 9.514 -26.189 -14.727 5.678 -21.679 -17.673 12.424 -26.19 -12.668
5 24 0 -31.6 -14.4142 0 -26.321 -17.411 4.567 -30.04 -14.914 -4.567 -30.04 -14.914
5 24 0 -22.183 -18.534 0 -26.321 -17.411 5.153 -26.288 -16.649 -5.153 -26.288 -16.649
5 24 0 -19.175 -19.398 0 -22.183 -18.534 -5.678 -21.679 -17.673 5.678 -21.679 -17.673
