0 ~Minifig Police Hat Dark Blue with Hair Pulled Into Bun with Metallic Gold Badge and Laurel on Black Visor Pattern - Rim
0 Name: s\28424p02s01.dat
0 Author: Bertrand Lequy [Berth]
0 !LDRAW_ORG Unofficial_Subpart 
0 !LICENSE Redistributable under CCAL version 2.0 : see CAreadme.txt

0 BFC CERTIFY CCW


4 82 -7.642 -1.183 -11.718 -7.84 -1.491 -11.568 -8.603 -1.401 -11.182 -8.09 -.745 -11.55
4 82 -8.09 -.745 -11.55 -8.603 -1.401 -11.182 -9.294 -1.11 -10.864 -8.439 -.414 -11.417
4 82 -8.439 -.414 -11.417 -9.294 -1.11 -10.864 -9.714 -.812 -10.689 -9.553 1.049 -11.055
3 82 -7.84 -1.491 -11.568 -7.642 -1.183 -11.718 -7.556 -1.415 -11.728
4 82 -8.266 1.338 -11.772 -7.602 1.266 -12.109 -7.484 .918 -12.118 -7.928 .578 -11.835
4 82 -9.107 1.223 -11.314 -8.266 1.338 -11.772 -7.928 .578 -11.835 -8.364 .193 -11.548
4 82 -8.439 -.414 -11.417 -9.553 1.049 -11.055 -9.107 1.223 -11.314 -8.364 .193 -11.548
3 82 -7.484 .918 -12.118 -7.602 1.266 -12.109 -7.344 1.124 -12.222
4 16 -8.09 -0.745 -11.55 -8.439 -0.414 -11.417 -7.212 -0.485 -12.049 -6.829 -0.852 -12.194
4 16 -7.642 -1.183 -11.718 -8.09 -0.745 -11.55 -6.829 -0.852 -12.194 -6.336 -1.103 -12.414
4 16 -7.642 -1.183 -11.718 -6.336 -1.103 -12.414 -5.724 -1.166 -12.725 -7.556 -1.415 -11.728
4 16 -8.364 0.193 -11.548 -7.928 0.578 -11.835 -6.678 0.378 -12.458 -7.138 0.115 -12.178
4 16 -6.678 0.378 -12.458 -7.928 0.578 -11.835 -7.484 0.918 -12.118 -6.138 0.503 -12.76
4 16 -6.138 .503 -12.76 -7.484 .918 -12.118 -7.344 1.124 -12.222 -5.53 .416 -13.065
3 16 -9.294 -1.11 -10.864 -9.9 -2.98 -10.26 -9.714 -.812 -10.689
3 16 -9.9 -2.98 -10.26 -9.294 -1.11 -10.864 -8.603 -1.401 -11.182
3 16 -9.107 1.223 -11.314 -9.553 1.049 -11.055 -9.4 2.72 -11.38
3 16 -9.4 2.72 -11.38 -8.266 1.338 -11.772 -9.107 1.223 -11.314
3 16 -9.4 2.72 -11.38 -7.602 1.266 -12.109 -8.266 1.338 -11.772
3 16 -5.101 -1.133 -13.056 -4.565 -1.036 -13.351 -3.835 -2.367 -13.533
3 16 -4.565 -1.036 -13.351 -4.19 -.839 -13.577 -3.835 -2.367 -13.533
3 16 -4.19 -.839 -13.577 -3.934 -.571 -13.751 -3.835 -2.367 -13.533
4 16 -7.556 -1.415 -11.728 -5.724 -1.166 -12.725 -5.101 -1.133 -13.056 -3.835 -2.367 -13.533
4 16 -7.84 -1.491 -11.568 -7.556 -1.415 -11.728 -3.835 -2.367 -13.533 -9.9 -2.98 -10.26
3 16 -8.603 -1.401 -11.182 -7.84 -1.491 -11.568 -9.9 -2.98 -10.26
3 16 -3.7 2.3 -14.3 -7.602 1.266 -12.109 -9.4 2.72 -11.38
4 16 -7.344 1.124 -12.222 -7.602 1.266 -12.109 -3.7 2.3 -14.3 -5.53 .416 -13.065
3 16 -4.934 .233 -13.349 -5.53 .416 -13.065 -3.7 2.3 -14.3
3 16 -4.436 .009 -13.575 -4.934 .233 -13.349 -3.7 2.3 -14.3
3 16 -4.436 .009 -13.575 -3.7 2.3 -14.3 -4.02 -.273 -13.751
3 16 -3.934 -.571 -13.751 -4.02 -.273 -13.751 -3.7 2.3 -14.3
3 16 -3.835 -2.367 -13.533 -3.934 -.571 -13.751 -3.7 2.3 -14.3
4 82 -9.714 -.812 -10.689 -9.976 -.627 -10.406 -10.28 -.101 -10.105 -9.553 1.049 -11.055
4 82 -11.715 2.228 -8.677 -11.157 2.171 -9.313 -10.828 1.525 -9.631 -11.256 1.169 -9.103
4 82 -12.446 2.147 -7.826 -11.715 2.228 -8.677 -11.256 1.169 -9.103 -11.316 .749 -8.994
4 82 -11.39 .144 -8.85 -12.743 1.797 -7.45 -12.446 2.147 -7.826 -11.316 .749 -8.994
3 82 -10.828 1.525 -9.631 -11.157 2.171 -9.313 -10.717 1.89 -9.793
4 82 -12.743 1.797 -7.45 -11.39 .144 -8.85 -10.946 -.475 -9.302 -10.915 -1.277 -9.261
4 82 -10.946 -.475 -9.302 -10.737 -.996 -9.492 -10.695 -1.281 -9.514 -10.915 -1.277 -9.261
4 82 -9.553 1.049 -11.055 -10.28 -.101 -10.105 -10.306 .507 -10.135 -9.886 .92 -10.658
4 82 -10.28 -.101 -10.105 -11.39 .144 -8.85 -11.316 .749 -8.994 -10.306 .507 -10.135
4 16 -10.946 -0.475 -9.302 -11.39 0.144 -8.85 -10.28 -0.101 -10.105 -9.976 -0.627 -10.406
4 16 -10.737 -.996 -9.492 -10.946 -.475 -9.302 -9.976 -.627 -10.406 -9.9 -2.98 -10.26
3 16 -9.9 -2.98 -10.26 -9.976 -.627 -10.406 -9.714 -.812 -10.689
3 16 -10.695 -1.281 -9.514 -10.737 -.996 -9.492 -9.9 -2.98 -10.26
4 16 -11.316 0.749 -8.994 -11.256 1.169 -9.103 -9.886 0.92 -10.658 -10.306 0.507 -10.135
3 16 -9.886 .92 -10.658 -9.4 2.72 -11.38 -9.553 1.049 -11.055
3 16 -10.828 1.525 -9.631 -10.717 1.89 -9.793 -9.4 2.72 -11.38
3 16 -10.717 1.89 -9.793 -11.157 2.171 -9.313 -9.4 2.72 -11.38
3 16 -10.915 -1.277 -9.261 -10.695 -1.281 -9.514 -9.9 -2.98 -10.26
3 16 -12.446 2.147 -7.826 -12.743 1.797 -7.45 -13.83 3.6 -6.37
3 16 -11.715 2.228 -8.677 -12.446 2.147 -7.826 -13.83 3.6 -6.37
4 16 -9.4 2.72 -11.38 -11.157 2.171 -9.313 -11.715 2.228 -8.677 -13.83 3.6 -6.37
4 82 -12.191 -.766 -7.66 -12.743 1.797 -7.45 -11.068 -1.274 -9.056 -11.623 -1.094 -8.352
3 82 -12.743 1.797 -7.45 -10.915 -1.277 -9.261 -11.068 -1.274 -9.056
4 82 -12.559 -.407 -7.242 -12.805 .23 -7.045 -12.743 1.797 -7.45 -12.191 -.766 -7.66
3 82 -12.743 1.797 -7.45 -12.805 .23 -7.045 -12.931 1.335 -7.104
3 82 -12.805 .23 -7.045 -13.1 .7 -6.747 -12.931 1.335 -7.104
3 16 -9.9 -2.98 -10.26 -11.068 -1.274 -9.056 -10.915 -1.277 -9.261
4 16 -11.623 -1.094 -8.352 -11.068 -1.274 -9.056 -9.9 -2.98 -10.26 -14.04 -2.17 -4.89
3 16 -12.191 -.766 -7.66 -11.623 -1.094 -8.352 -14.04 -2.17 -4.89
3 16 -12.559 -.407 -7.242 -12.191 -.766 -7.66 -14.04 -2.17 -4.89
4 16 -13.1 .7 -6.747 -12.805 .23 -7.045 -12.559 -.407 -7.242 -14.04 -2.17 -4.89
3 16 -13.83 3.6 -6.37 -12.931 1.335 -7.104 -13.1 .7 -6.747
3 16 -13.1 .7 -6.747 -14.04 -2.17 -4.89 -13.83 3.6 -6.37
3 16 -12.931 1.335 -7.104 -13.83 3.6 -6.37 -12.743 1.797 -7.45

3 16 -1.55 -9.57 -17.36 0 -9.899 -17.448 0 -10.25 -16.75
3 16 -1.56 -9.83 -16.33 -1.55 -9.57 -17.36 0 -10.25 -16.75
3 16 -1.56 -9.83 -16.33 -3.1 -9.9 -15.78 -3.2 -9.766 -17.425
3 16 -1.55 -9.57 -17.36 -1.56 -9.83 -16.33 -3.2 -9.766 -17.425
3 16 -3.884 -8.843 -17.181 -3.2 -9.766 -17.425 -3.1 -9.9 -15.78
3 16 -3.95 -8.82 -15.18 -3.884 -8.843 -17.181 -3.1 -9.9 -15.78
3 16 -3.645 -7.495 -16.886 -3.884 -8.843 -17.181 -3.95 -8.82 -15.18
3 16 -3.767 -7.614 -14.882 -3.645 -7.495 -16.886 -3.95 -8.82 -15.18
3 16 -4.346 -4.803 -16.24 -3.645 -7.495 -16.886 -3.767 -7.614 -14.882
3 16 -4.62 -4.9 -13.61 -4.346 -4.803 -16.24 -3.767 -7.614 -14.882
3 16 -4.3 -3.548 -15.948 -4.346 -4.803 -16.24 -4.62 -4.9 -13.61
3 16 -4.61 -3.49 -13.2 -4.3 -3.548 -15.948 -4.62 -4.9 -13.61
3 16 -3.835 -2.367 -13.533 -3.59 -2.505 -15.688 -4.3 -3.548 -15.948
3 16 -4.61 -3.49 -13.2 -3.835 -2.367 -13.533 -4.3 -3.548 -15.948
3 16 -3.59 -2.505 -15.688 -3.835 -2.367 -13.533 0 -.77 -14.27
3 16 0 -1.126 -15.281 -3.59 -2.505 -15.688 0 -.77 -14.27
3 16 -3.7 2.3 -14.3 0 2.21 -14.84 0 -.77 -14.27
3 16 -3.835 -2.367 -13.533 -3.7 2.3 -14.3 0 -.77 -14.27
3 16 -3.835 -2.367 -13.533 -4.61 -3.49 -13.2 -9.9 -2.98 -10.26
3 16 -8.53 6.63 12.91 -10.71 6.39 11.27 -10.9 .39 12.19
3 16 -5.85 .98 15.41 -8.53 6.63 12.91 -10.9 .39 12.19
3 16 -5.85 .98 15.41 0 1.15 16.6 0 6.8 15.77
3 16 -5.75 6.8 14.42 -5.85 .98 15.41 0 6.8 15.77
3 16 -13.83 -.14 7.63 -10.9 .39 12.19 -10.71 6.39 11.27
3 16 -13.81 5.66 6.71 -13.83 -.14 7.63 -10.71 6.39 11.27
3 16 -15.16 4.28 -2.18 -13.83 3.6 -6.37 -14.04 -2.17 -4.89
3 16 -5.85 .98 15.41 -5.75 6.8 14.42 -8.53 6.63 12.91
2 24 -5.75 6.8 14.42 0 6.8 15.77
2 24 -15.16 4.28 -2.18 -15.27 4.69 .39
2 24 -10.71 6.39 11.27 -8.53 6.63 12.91
2 24 -13.81 5.66 6.71 -10.71 6.39 11.27
2 24 -15.27 4.69 .39 -13.81 5.66 6.71
2 24 -8.53 6.63 12.91 -5.75 6.8 14.42
2 24 0 2.21 -14.84 -3.7 2.3 -14.3
2 24 -3.7 2.3 -14.3 -9.4 2.72 -11.38
2 24 -9.4 2.72 -11.38 -13.83 3.6 -6.37
2 24 -13.83 3.6 -6.37 -15.16 4.28 -2.18
2 24 -1.56 -9.83 -16.33 0 -10.25 -16.75
2 24 -3.95 -8.82 -15.18 -3.1 -9.9 -15.78
2 24 -14.04 -2.17 -4.89 -9.9 -2.98 -10.26
2 24 -15.53 -1.41 1.11 -14.04 -2.17 -4.89
2 24 -13.83 -.14 7.63 -15.53 -1.41 1.11
2 24 -10.9 .39 12.19 -13.83 -.14 7.63
2 24 -5.85 .98 15.41 -10.9 .39 12.19
2 24 0 1.15 16.6 -5.85 .98 15.41
2 24 -1.55 -9.57 -17.36 0 -9.899 -17.448
2 24 -1.56 -9.83 -16.33 -3.1 -9.9 -15.78
2 24 -3.2 -9.766 -17.425 -1.55 -9.57 -17.36
2 24 -3.884 -8.843 -17.181 -3.2 -9.766 -17.425
2 24 -3.645 -7.495 -16.886 -3.884 -8.843 -17.181
2 24 -3.95 -8.82 -15.18 -3.767 -7.614 -14.882
2 24 -4.346 -4.803 -16.24 -3.645 -7.495 -16.886
2 24 -3.767 -7.614 -14.882 -4.62 -4.9 -13.61
2 24 -4.3 -3.548 -15.948 -4.346 -4.803 -16.24
2 24 -4.62 -4.9 -13.61 -4.61 -3.49 -13.2
2 24 -3.59 -2.505 -15.688 -4.3 -3.548 -15.948
2 24 -4.61 -3.49 -13.2 -3.835 -2.367 -13.533
2 24 -3.835 -2.367 -13.533 0 -.77 -14.27
2 24 0 -1.126 -15.281 -3.59 -2.505 -15.688
2 24 -9.9 -2.98 -10.26 -4.61 -3.49 -13.2
3 16 -15.4988 -.642222 1.01818 -15.4718 -.483227 .572014 -15.53 -1.41 1.11
3 16 -15.293 3.787 .609 -15.277 2.724 -.99 -16.653 2.669 -.898
4 16 -15.277 2.724 -.99 -15.293 3.787 .609 -15.27 4.69 .39 -15.16 4.28 -2.18
3 16 -15.293 3.787 .609 -16.653 2.669 -.898 -16.653 3.655 .628
3 16 -15.16 4.28 -2.18 -15.289 2.322 -1.05 -15.277 2.724 -.99
3 16 -15.065 .112 2.552 -13.83 -.14 7.63 -15.063 .127 2.557
3 16 -15.4638 -.618879 1.15305 -13.83 -.14 7.63 -15.065 .112 2.552
4 16 -13.83 -.14 7.63 -15.4638 -.618879 1.15305 -15.4879 -.661182 1.06722 -15.53 -1.41 1.11
3 16 -15.53 -1.41 1.11 -15.4879 -.661182 1.06722 -15.4988 -.642222 1.01818
3 16 -14.04 -2.17 -4.89 -15.259 -.149 -.421 -15.1508 1.06008 -1.24514
4 16 -15.259 -.149 -.421 -14.04 -2.17 -4.89 -15.53 -1.41 1.11 -15.4718 -.483227 .572014
4 16 -15.16 4.28 -2.18 -14.04 -2.17 -4.89 -15.1508 1.06008 -1.24514 -15.289 2.322 -1.05
3 16 -16.653 3.146 2.319 -14.89 3.247 2.407 -16.653 3.655 .628
3 16 -14.89 3.247 2.407 -15.27 4.69 .39 -15.293 3.787 .609
3 16 -14.89 3.247 2.407 -13.83 -.14 7.63 -13.81 5.66 6.71
3 16 -13.81 5.66 6.71 -15.27 4.69 .39 -14.89 3.247 2.407
3 16 -14.89 3.247 2.407 -14.801 1.774 3.133 -13.83 -.14 7.63
4 16 -14.89 3.247 2.407 -16.653 3.146 2.319 -16.653 1.762 3.007 -14.801 1.774 3.133
3 16 -14.801 1.774 3.133 -15.063 .127 2.557 -13.83 -.14 7.63
3 16 -15.063 .127 2.557 -14.801 1.774 3.133 -16.653 1.762 3.007
3 16 -16.653 3.655 .628 -14.89 3.247 2.407 -15.293 3.787 .609
4 16 -16.653 1.489 .885 -16.653 1.084 -1.141 -16.653 -.059 -.349 -16.653 -.539 1.06
4 16 -16.653 1.489 .885 -16.653 -.539 1.06 -16.653 .197 2.457 -16.653 1.762 3.007
4 16 -16.653 1.489 .885 -16.653 1.762 3.007 -16.653 3.146 2.319 -16.653 3.655 .628
4 16 -16.653 1.489 .885 -16.653 3.655 .628 -16.653 2.669 -.898 -16.653 1.084 -1.141
2 24 -16.653 -0.059 -0.349 -16.653 1.084 -1.141
2 24 -16.653 -0.539 1.06 -16.653 -0.059 -0.349
2 24 -16.653 0.197 2.457 -16.653 -0.539 1.06
2 24 -16.653 1.762 3.007 -16.653 0.197 2.457
2 24 -16.653 3.146 2.319 -16.653 1.762 3.007
2 24 -16.653 3.655 0.628 -16.653 3.146 2.319
2 24 -16.653 1.084 -1.141 -16.653 2.669 -0.898
2 24 -16.653 2.669 -0.898 -16.653 3.655 0.628
3 16 -16.653 -.059 -.349 -16.653 1.084 -1.141 -15.1508 1.06008 -1.24514
3 16 -16.653 -.059 -.349 -15.1508 1.06008 -1.24514 -15.259 -.149 -.421
3 16 -15.259 -.149 -.421 -16.653 -.539 1.06 -16.653 -.059 -.349
3 16 -16.653 -.539 1.06 -15.259 -.149 -.421 -15.4718 -.483227 .572014
3 16 -16.653 -.539 1.06 -15.4718 -.483227 .572014 -15.4988 -.642222 1.01818
3 16 -15.4988 -.642222 1.01818 -15.4879 -.661182 1.06722 -16.653 -.539 1.06
3 16 -15.065 .112 2.552 -16.653 .197 2.457 -15.4638 -.618879 1.15305
4 16 -15.4879 -.661182 1.06722 -15.4638 -.618879 1.15305 -16.653 .197 2.457 -16.653 -.539 1.06
4 16 -16.653 .197 2.457 -15.065 .112 2.552 -15.063 .127 2.557 -16.653 1.762 3.007
4 16 -15.1508 1.06008 -1.24514 -16.653 1.084 -1.141 -16.653 2.669 -.898 -15.289 2.322 -1.05
3 16 -16.653 2.669 -.898 -15.277 2.724 -.99 -15.289 2.322 -1.05

2 24 -14.89 3.247 2.407 -15.293 3.787 .609
2 24 -14.801 1.774 3.133 -14.89 3.247 2.407
2 24 -14.801 1.774 3.133 -15.063 0.127 2.557
5 24 0 -9.899 -17.448 0 -10.25 -16.75 -1.55 -9.57 -17.36 1.549 -9.568 -17.357
5 24 0 -10.25 -16.75 -1.55 -9.57 -17.36 0 -9.899 -17.448 -1.56 -9.83 -16.33
5 24 -1.56 -9.83 -16.33 -1.55 -9.57 -17.36 0 -10.25 -16.75 -3.2 -9.766 -17.425
5 24 -3.1 -9.9 -15.78 -3.2 -9.766 -17.425 -1.56 -9.83 -16.33 -3.884 -8.843 -17.181
5 24 -3.2 -9.766 -17.425 -1.56 -9.83 -16.33 -3.1 -9.9 -15.78 -1.55 -9.57 -17.36
5 24 -3.1 -9.9 -15.78 -3.884 -8.843 -17.181 -3.2 -9.766 -17.425 -3.95 -8.82 -15.18
5 24 -3.95 -8.82 -15.18 -3.884 -8.843 -17.181 -3.1 -9.9 -15.78 -3.645 -7.495 -16.886
5 24 -3.95 -8.82 -15.18 -3.645 -7.495 -16.886 -3.884 -8.843 -17.181 -3.767 -7.614 -14.882
5 24 -3.767 -7.614 -14.882 -3.645 -7.495 -16.886 -3.95 -8.82 -15.18 -4.346 -4.803 -16.24
5 24 -3.767 -7.614 -14.882 -4.346 -4.803 -16.24 -3.645 -7.495 -16.886 -4.62 -4.9 -13.61
5 24 -4.62 -4.9 -13.61 -4.346 -4.803 -16.24 -3.767 -7.614 -14.882 -4.3 -3.548 -15.948
5 24 -4.62 -4.9 -13.61 -4.3 -3.548 -15.948 -4.346 -4.803 -16.24 -4.61 -3.49 -13.2
5 24 -4.61 -3.49 -13.2 -4.3 -3.548 -15.948 -4.62 -4.9 -13.61 -3.835 -2.367 -13.533
5 24 -4.3 -3.548 -15.948 -3.835 -2.367 -13.533 -3.59 -2.505 -15.688 -4.61 -3.49 -13.2
5 24 -3.835 -2.367 -13.533 -3.59 -2.505 -15.688 -4.3 -3.548 -15.948 0 -.77 -14.27
5 24 0 -.77 -14.27 -3.59 -2.505 -15.688 -3.835 -2.367 -13.533 0 -1.126 -15.281
5 24 0 -.77 -14.27 0 -1.126 -15.281 -3.59 -2.505 -15.688 3.585 -2.505 -15.688
5 24 0 2.21 -14.84 0 -.77 -14.27 -3.7 2.3 -14.3 3.691 2.294 -14.305
5 24 0 -.77 -14.27 -3.7 2.3 -14.3 0 2.21 -14.84 -3.835 -2.367 -13.533
5 24 -3.835 -2.367 -13.533 -3.7 2.3 -14.3 0 -.77 -14.27 -9.9 -2.98 -10.26
5 24 -9.9 -2.98 -10.26 -3.835 -2.367 -13.533 -4.61 -3.49 -13.2 -9.4 2.72 -11.38
5 24 -9.9 -2.98 -10.26 -9.4 2.72 -11.38 -3.835 -2.367 -13.533 -13.83 3.6 -6.37
5 24 -9.9 -2.98 -10.26 -13.83 3.6 -6.37 -9.4 2.72 -11.38 -14.04 -2.17 -4.89
5 24 -14.04 -2.17 -4.89 -13.83 3.6 -6.37 -9.9 -2.98 -10.26 -15.16 4.28 -2.18
5 24 -10.71 6.39 11.27 -10.9 .39 12.19 -8.53 6.63 12.91 -13.83 -.14 7.63
5 24 -10.9 .39 12.19 -8.53 6.63 12.91 -10.71 6.39 11.27 -5.85 .98 15.41
5 24 -5.85 .98 15.41 -8.53 6.63 12.91 -10.9 .39 12.19 -5.75 6.8 14.42
5 24 0 1.15 16.6 0 6.8 15.77 -5.85 .98 15.41 5.702 6.836 14.44
5 24 0 6.8 15.77 -5.85 .98 15.41 0 1.15 16.6 -5.75 6.8 14.42
5 24 -5.75 6.8 14.42 -5.85 .98 15.41 0 6.8 15.77 -8.53 6.63 12.91
5 24 -10.71 6.39 11.27 -13.83 -.14 7.63 -10.9 .39 12.19 -13.81 5.66 6.71
5 24 -13.81 5.66 6.71 -13.83 -.14 7.63 -10.71 6.39 11.27 -15.27 4.69 .39
5 24 -14.04 -2.17 -4.89 -15.16 4.28 -2.18 -13.83 3.6 -6.37 -15.1508 1.06008 -1.24514
5 24 -15.4718 -.483227 .572014 -15.53 -1.41 1.11 -15.4988 -.642222 1.01818 -15.259 -.149 -.421
5 24 -15.53 -1.41 1.11 -15.4988 -.642222 1.01818 -15.4718 -.483227 .572014 -15.4879 -.661182 1.06722
2 24 -15.4988 -.642222 1.01818 -15.4718 -.483227 .572014
2 24 -15.277 2.7241 -.98983 -15.293 3.787 .609
5 24 -15.27 4.69 .39 -13.83 -.14 7.63 -13.81 5.66 6.71 -14.8581 2.95192 2.55389
2 24 -15.289 2.322 -1.05 -15.277 2.7241 -.98983
2 24 -15.0628 0.127023 2.55721 -15.065 0.111984 2.55196
5 24 -15.065 .111984 2.55196 -13.83 -.14 7.63 -15.0628 .127023 2.55721 -15.4638 -.618879 1.15305
2 24 -15.065 .111984 2.55196 -15.4638 -.618879 1.15305
5 24 -15.4638 -.618879 1.15305 -13.83 -.14 7.63 -15.065 .111984 2.55196 -15.4879 -.661182 1.06722
2 24 -15.4638 -.618879 1.15305 -15.4879 -.661182 1.06722
5 24 -15.4879 -.661182 1.06722 -15.53 -1.41 1.11 -13.83 -.14 7.63 -15.4988 -.642222 1.01818
2 24 -15.4879 -.661182 1.06722 -15.4988 -.642222 1.01818
2 24 -15.259 -.149 -.421 -15.1508 1.06008 -1.24514
2 24 -15.1508 1.06008 -1.24514 -15.289 2.322 -1.05
2 24 -15.4718 -.483227 .572014 -15.259 -.149 -.421
5 24 -16.653 3.146 2.319 -14.89 3.247 2.407 -16.653 3.655 0.628 -16.653 1.762 3.007
5 24 -14.89 3.247 2.407 -16.653 3.655 .628 -16.653 3.146 2.319 -15.293 3.787 .609
5 24 -15.293 3.787 .609 -16.653 3.655 .628 -14.89 3.247 2.407 -16.653 2.669 -.898
5 24 -16.653 1.084 -1.141 -15.1508 1.06008 -1.24514 -16.653 -.059 -.349 -16.653 2.669 -.898
5 24 -15.1508 1.06008 -1.24514 -16.653 -.059 -.349 -16.653 1.084 -1.141 -15.259 -.149 -.421
5 24 -15.4879 -.661182 1.06722 -16.653 -.539 1.06 -15.4988 -.642222 1.01818 -15.4638 -.618879 1.15305
5 24 -16.653 .197 2.457 -15.4638 -.618879 1.15305 -15.065 .111984 2.55196 -15.4879 -.661182 1.06722
5 24 -14.8009 1.77375 3.13322 -16.653 1.762 3.007 -15.0628 0.127023 2.55721 -14.89 3.247 2.407
5 24 -16.653 1.762 3.007 -15.0628 0.127023 2.55721 -14.8009 1.77375 3.13322 -16.653 0.197 2.457
5 24 -14.8009 1.77375 3.13322 -14.89 3.247 2.407 -16.653 3.146 2.319 -14.8033 1.82421 3.10798
5 24 -14.8033 1.82421 3.10798 -14.89 3.247 2.407 -14.8009 1.77375 3.13322 -14.8581 2.95192 2.55389
5 24 -16.653 2.669 -.898 -15.289 2.322 -1.05 -15.1508 1.06008 -1.24514 -15.277 2.7241 -.98983
5 24 -16.653 2.669 -.898 -15.277 2.7241 -.98983 -15.289 2.322 -1.05 -15.293 3.787 .609
5 24 -6.678 .378 -12.458 -7.484 .918 -12.118 -7.928 .578 -11.835 -6.138 .503 -12.76
5 24 -7.84 -1.491 -11.568 -3.835 -2.367 -13.533 -7.556 -1.415 -11.728 -9.9 -2.98 -10.26
5 24 -7.556 -1.415 -11.728 -5.101 -1.133 -13.056 -5.724 -1.166 -12.725 -3.835 -2.367 -13.533
5 24 -7.344 1.124 -12.222 -3.7 2.3 -14.3 -7.602 1.266 -12.109 -5.53 .416 -13.065
5 24 -11.715 2.228 -8.677 -10.828 1.525 -9.631 -11.157 2.171 -9.313 -11.256 1.169 -9.103
5 24 -9.714 -.812 -10.689 -10.28 -.101 -10.105 -9.976 -.627 -10.406 -9.553 1.049 -11.055
5 24 -9.553 1.049 -11.055 -10.306 .507 -10.135 -10.28 -.101 -10.105 -9.886 .92 -10.658
5 24 -10.946 -.475 -9.302 -10.695 -1.281 -9.514 -10.737 -.996 -9.492 -10.915 -1.277 -9.261
5 24 -13.1 .7 -6.747 -12.559 -.407 -7.242 -12.805 .23 -7.045 -14.04 -2.17 -4.89
5 24 -15.277 2.724 -.99 -15.27 4.69 .39 -15.293 3.787 .609 -15.16 4.28 -2.18
5 24 -13.83 -.14 7.63 -15.4879 -.661182 1.06722 -15.4638 -.618879 1.15305 -15.53 -1.41 1.11
5 24 -14.89 3.247 2.407 -16.653 1.762 3.007 -16.653 3.146 2.319 -14.801 1.774 3.133
5 24 -15.4879 -.661182 1.06722 -16.653 .197 2.457 -15.4638 -.618879 1.15305 -16.653 -.539 1.06
5 24 -15.1508 1.06008 -1.24514 -16.653 2.669 -.898 -16.653 1.084 -1.141 -15.289 2.322 -1.05
5 24 -16.653 .197 2.457 -15.063 .127 2.557 -15.065 .112 2.552 -16.653 1.762 3.007
5 24 -8.266 1.338 -11.772 -9.107 1.223 -11.314 -9.4 2.72 -11.38 -7.928 .578 -11.835
5 24 -14.801 1.774 3.133 -13.83 -.14 7.63 -14.89 3.247 2.407 -15.063 .127 2.557
5 24 -13.83 -.14 7.63 -15.063 .127 2.557 -15.065 .112 2.552 -14.801 1.774 3.133
5 24 -9.9 -2.98 -10.26 -10.915 -1.277 -9.261 -10.695 -1.281 -9.514 -11.068 -1.274 -9.056
5 24 -10.915 -1.277 -9.261 -11.068 -1.274 -9.056 -12.743 1.797 -7.45 -9.9 -2.98 -10.26
5 24 -12.743 1.797 -7.45 -10.915 -1.277 -9.261 -11.39 .144 -8.85 -11.068 -1.274 -9.056
5 24 -11.623 -1.094 -8.352 -14.04 -2.17 -4.89 -11.068 -1.274 -9.056 -12.191 -.766 -7.66
5 24 -16.653 -.539 1.06 -15.259 -.149 -.421 -16.653 -.059 -.349 -15.4718 -.483227 .572014
5 24 -3.934 -.571 -13.751 -4.02 -.273 -13.751 -4.19 -.839 -13.577 -3.7 2.3 -14.3
5 24 -4.436 .009 -13.575 -4.934 .233 -13.349 -4.02 -.273 -13.751 -3.7 2.3 -14.3
5 24 -9.714 -.812 -10.689 -9.553 1.049 -11.055 -9.976 -.627 -10.406 -8.439 -.414 -11.417
5 24 -9.553 1.049 -11.055 -9.886 .92 -10.658 -10.28 -.101 -10.105 -9.4 2.72 -11.38
5 24 -15.27 4.69 .39 -14.89 3.247 2.407 -15.293 3.787 .609 -13.81 5.66 6.71
5 24 -5.627 -.375 -12.895 -7.212 -.485 -12.049 -6.336 -1.103 -12.414 -8.439 -.414 -11.417
5 24 -3.934 -.571 -13.751 -3.7 2.3 -14.3 -4.02 -.273 -13.751 -3.835 -2.367 -13.533
5 24 -10.915 -1.277 -9.261 -10.695 -1.281 -9.514 -9.9 -2.98 -10.26 -10.946 -.475 -9.302
5 24 -15.293 3.787 .609 -16.653 2.669 -.898 -15.277 2.724 -.99 -16.653 3.655 .628
5 24 -11.316 .749 -8.994 -10.306 .507 -10.135 -10.28 -.101 -10.105 -11.256 1.169 -9.103
5 24 -4.934 .233 -13.349 -5.53 .416 -13.065 -5.627 -.375 -12.895 -3.7 2.3 -14.3
5 24 -11.068 -1.274 -9.056 -12.743 1.797 -7.45 -11.623 -1.094 -8.352 -10.915 -1.277 -9.261
5 24 -9.976 -.627 -10.406 -9.714 -.812 -10.689 -9.9 -2.98 -10.26 -10.28 -.101 -10.105
5 24 -11.068 -1.274 -9.056 -11.623 -1.094 -8.352 -12.191 -.766 -7.66 -9.9 -2.98 -10.26
5 24 -14.89 3.247 2.407 -13.81 5.66 6.71 -15.27 4.69 .39 -13.83 -.14 7.63
5 24 -7.928 .578 -11.835 -8.364 .193 -11.548 -9.107 1.223 -11.314 -6.678 .378 -12.458
5 24 -15.277 2.724 -.99 -15.16 4.28 -2.18 -15.293 3.787 .609 -15.289 2.322 -1.05
5 24 -9.9 -2.98 -10.26 -10.695 -1.281 -9.514 -10.737 -.996 -9.492 -10.915 -1.277 -9.261
5 24 -6.138 .503 -12.76 -7.484 .918 -12.118 -6.678 .378 -12.458 -7.344 1.124 -12.222
5 24 -7.602 1.266 -12.109 -8.266 1.338 -11.772 -7.484 .918 -12.118 -9.4 2.72 -11.38
5 24 -15.065 .111984 2.55196 -16.653 .197 2.457 -15.4638 -.618879 1.15305 -15.063 .127 2.557
5 24 -13.83 3.6 -6.37 -13.1 .7 -6.747 -12.931 1.335 -7.104 -14.04 -2.17 -4.89
5 24 -7.344 1.124 -12.222 -7.484 .918 -12.118 -7.602 1.266 -12.109 -5.53 .416 -13.065
5 24 -3.7 2.3 -14.3 -4.02 -.273 -13.751 -4.436 .009 -13.575 -3.934 -.571 -13.751
5 24 -9.4 2.72 -11.38 -10.717 1.89 -9.793 -10.828 1.525 -9.631 -11.157 2.171 -9.313
5 24 -9.9 -2.98 -10.26 -9.714 -.812 -10.689 -9.976 -.627 -10.406 -9.294 -1.11 -10.864
5 24 -11.715 2.228 -8.677 -11.157 2.171 -9.313 -10.828 1.525 -9.631 -13.83 3.6 -6.37
5 24 -8.603 -1.401 -11.182 -7.84 -1.491 -11.568 -9.9 -2.98 -10.26 -8.09 -.745 -11.55
5 24 -9.553 1.049 -11.055 -9.107 1.223 -11.314 -8.364 .193 -11.548 -9.4 2.72 -11.38
5 24 -12.191 -.766 -7.66 -11.623 -1.094 -8.352 -12.743 1.797 -7.45 -14.04 -2.17 -4.89
5 24 -3.7 2.3 -14.3 -7.602 1.266 -12.109 -5.53 .416 -13.065 -9.4 2.72 -11.38
5 24 -7.138 .115 -12.178 -6.678 .378 -12.458 -6.138 .503 -12.76 -8.364 .193 -11.548
5 24 -13.83 3.6 -6.37 -11.715 2.228 -8.677 -12.446 2.147 -7.826 -9.4 2.72 -11.38
5 24 -13.83 -.14 7.63 -14.89 3.247 2.407 -13.81 5.66 6.71 -14.801 1.774 3.133
5 24 -10.695 -1.281 -9.514 -10.737 -.996 -9.492 -10.915 -1.277 -9.261 -9.9 -2.98 -10.26
5 24 -12.559 -.407 -7.242 -12.805 .23 -7.045 -12.743 1.797 -7.45 -14.04 -2.17 -4.89
5 24 -4.436 .009 -13.575 -3.7 2.3 -14.3 -4.934 .233 -13.349 -4.02 -.273 -13.751
5 24 -9.886 .92 -10.658 -9.4 2.72 -11.38 -11.256 1.169 -9.103 -9.553 1.049 -11.055
5 24 -11.256 1.169 -9.103 -9.886 .92 -10.658 -10.306 .507 -10.135 -10.828 1.525 -9.631
5 24 -11.157 2.171 -9.313 -10.717 1.89 -9.793 -9.4 2.72 -11.38 -10.828 1.525 -9.631
5 24 -10.737 -.996 -9.492 -9.9 -2.98 -10.26 -10.946 -.475 -9.302 -10.695 -1.281 -9.514
5 24 -9.294 -1.11 -10.864 -8.603 -1.401 -11.182 -8.439 -.414 -11.417 -9.9 -2.98 -10.26
5 24 -15.1508 1.06008 -1.24514 -14.04 -2.17 -4.89 -15.259 -.149 -.421 -15.289 2.322 -1.05
5 24 -12.805 .23 -7.045 -13.1 .7 -6.747 -12.931 1.335 -7.104 -12.559 -.407 -7.242
5 24 -7.84 -1.491 -11.568 -9.9 -2.98 -10.26 -7.556 -1.415 -11.728 -8.603 -1.401 -11.182
5 24 -9.4 2.72 -11.38 -10.828 1.525 -9.631 -9.886 .92 -10.658 -10.717 1.89 -9.793
5 24 -16.653 -.059 -.349 -15.259 -.149 -.421 -16.653 -.539 1.06 -15.1508 1.06008 -1.24514
5 24 -10.946 -.475 -9.302 -10.915 -1.277 -9.261 -12.743 1.797 -7.45 -10.737 -.996 -9.492
5 24 -15.4718 -.483227 .572014 -16.653 -.539 1.06 -15.259 -.149 -.421 -15.4988 -.642222 1.01818
5 24 -12.743 1.797 -7.45 -13.83 3.6 -6.37 -12.931 1.335 -7.104 -12.446 2.147 -7.826
5 24 -9.9 -2.98 -10.26 -11.068 -1.274 -9.056 -14.04 -2.17 -4.89 -10.915 -1.277 -9.261
5 24 -15.27 4.69 .39 -15.293 3.787 .609 -15.16 4.28 -2.18 -14.89 3.247 2.407
5 24 -3.934 -.571 -13.751 -3.835 -2.367 -13.533 -4.19 -.839 -13.577 -3.7 2.3 -14.3
5 24 -6.678 .378 -12.458 -6.138 .503 -12.76 -5.627 -.375 -12.895 -7.928 .578 -11.835
5 24 -9.553 1.049 -11.055 -9.4 2.72 -11.38 -9.886 .92 -10.658 -9.107 1.223 -11.314
5 24 -10.717 1.89 -9.793 -10.828 1.525 -9.631 -11.157 2.171 -9.313 -9.4 2.72 -11.38
5 24 -11.39 .144 -8.85 -10.28 -.101 -10.105 -11.316 .749 -8.994 -9.976 -.627 -10.406
5 24 -10.946 -.475 -9.302 -10.737 -.996 -9.492 -10.695 -1.281 -9.514 -9.976 -.627 -10.406
5 24 -15.16 4.28 -2.18 -15.289 2.322 -1.05 -15.277 2.724 -.99 -14.04 -2.17 -4.89
5 24 -6.138 .503 -12.76 -5.53 .416 -13.065 -4.934 .233 -13.349 -7.484 .918 -12.118
5 24 -5.724 -1.166 -12.725 -7.556 -1.415 -11.728 -5.101 -1.133 -13.056 -7.642 -1.183 -11.718
5 24 -10.306 .507 -10.135 -9.886 .92 -10.658 -9.553 1.049 -11.055 -11.316 .749 -8.994
4 82 8.6 -1.4 -11.18 7.84 -1.49 -11.57 7.64 -1.18 -11.72 8.09 -.74 -11.55
4 82 9.29 -1.11 -10.86 8.6 -1.4 -11.18 8.09 -.74 -11.55 8.44 -.41 -11.42
4 82 9.71 -.81 -10.69 9.29 -1.11 -10.86 8.44 -.41 -11.42 9.55 1.05 -11.05
3 82 7.64 -1.18 -11.72 7.84 -1.49 -11.57 7.56 -1.42 -11.73
4 82 7.48 .92 -12.12 7.6 1.27 -12.11 8.27 1.34 -11.77 7.93 .58 -11.84
4 82 7.93 .58 -11.84 8.27 1.34 -11.77 9.11 1.22 -11.31 8.36 .19 -11.55
3 82 7.6 1.27 -12.11 7.48 .92 -12.12 7.34 1.12 -12.22
4 82 9.11 1.22 -11.31 9.55 1.05 -11.05 8.44 -.41 -11.42 8.36 .19 -11.55
4 16 7.21 -.48 -12.05 8.44 -.41 -11.42 8.09 -.74 -11.55 6.83 -.85 -12.19
4 16 6.83 -.85 -12.19 8.09 -.74 -11.55 7.64 -1.18 -11.72 6.34 -1.1 -12.41
4 16 5.72 -1.17 -12.72 6.34 -1.1 -12.41 7.64 -1.18 -11.72 7.56 -1.42 -11.73
4 16 6.68 .38 -12.46 7.93 .58 -11.84 8.36 .19 -11.55 7.14 .12 -12.18
4 16 7.48 .92 -12.12 7.93 .58 -11.84 6.68 .38 -12.46 6.14 .5 -12.76
3 16 7.34 1.12 -12.22 7.48 .92 -12.12 6.14 .5 -12.76
3 16 6.14 .5 -12.76 5.53 .42 -13.06 7.34 1.12 -12.22
3 16 9.9 -2.98 -10.26 9.29 -1.11 -10.86 9.71 -.81 -10.69
3 16 9.29 -1.11 -10.86 9.9 -2.98 -10.26 8.6 -1.4 -11.18
3 16 9.55 1.05 -11.05 9.11 1.22 -11.31 9.4 2.72 -11.38
3 16 8.27 1.34 -11.77 9.4 2.72 -11.38 9.11 1.22 -11.31
3 16 7.6 1.27 -12.11 9.4 2.72 -11.38 8.27 1.34 -11.77
3 16 4.57 -1.04 -13.35 5.1 -1.13 -13.06 3.83 -2.37 -13.53
3 16 4.19 -.84 -13.58 4.57 -1.04 -13.35 3.83 -2.37 -13.53
3 16 3.93 -.57 -13.75 4.19 -.84 -13.58 3.83 -2.37 -13.53
3 16 5.72 -1.17 -12.72 7.56 -1.42 -11.73 3.83 -2.37 -13.53
3 16 3.83 -2.37 -13.53 5.1 -1.13 -13.06 5.72 -1.17 -12.72
4 16 3.83 -2.37 -13.53 7.56 -1.42 -11.73 7.84 -1.49 -11.57 9.9 -2.98 -10.26
3 16 7.84 -1.49 -11.57 8.6 -1.4 -11.18 9.9 -2.98 -10.26
3 16 7.6 1.27 -12.11 3.7 2.3 -14.3 9.4 2.72 -11.38
3 16 3.7 2.3 -14.3 7.6 1.27 -12.11 7.34 1.12 -12.22
3 16 7.34 1.12 -12.22 5.53 .42 -13.06 3.7 2.3 -14.3
3 16 5.53 .42 -13.06 4.93 .23 -13.35 3.7 2.3 -14.3
3 16 4.93 .23 -13.35 4.44 .01 -13.57 3.7 2.3 -14.3
3 16 3.7 2.3 -14.3 4.44 .01 -13.57 4.02 -.27 -13.75
3 16 4.02 -.27 -13.75 3.93 -.57 -13.75 3.7 2.3 -14.3
3 16 3.93 -.57 -13.75 3.83 -2.37 -13.53 3.7 2.3 -14.3
4 82 9.89 .92 -10.66 9.98 -.63 -10.41 9.71 -.81 -10.69 9.55 1.05 -11.05
4 82 10.83 1.52 -9.63 11.16 2.17 -9.31 11.71 2.23 -8.68 11.26 1.17 -9.1
4 82 11.26 1.17 -9.1 11.71 2.23 -8.68 12.45 2.15 -7.83 11.32 .75 -8.99
4 82 12.45 2.15 -7.83 12.74 1.8 -7.45 11.39 .14 -8.85 11.32 .75 -8.99
3 82 11.16 2.17 -9.31 10.83 1.52 -9.63 10.72 1.89 -9.79
4 82 10.95 -.47 -9.3 11.39 .14 -8.85 12.74 1.8 -7.45 10.91 -1.28 -9.26
4 82 10.7 -1.28 -9.51 10.74 -1 -9.49 10.95 -.47 -9.3 10.91 -1.28 -9.26
4 82 9.89 .92 -10.66 10.31 .51 -10.13 10.28 -.1 -10.11 9.98 -.63 -10.41
4 82 11.32 .75 -8.99 11.39 .14 -8.85 10.28 -.1 -10.11 10.31 .51 -10.13
4 16 10.28 -.1 -10.11 11.39 .14 -8.85 10.95 -.47 -9.3 9.98 -.63 -10.41
3 16 9.98 -.63 -10.41 10.95 -.47 -9.3 10.74 -1 -9.49
4 16 10.7 -1.28 -9.51 9.9 -2.98 -10.26 9.98 -.63 -10.41 10.74 -1 -9.49
3 16 9.98 -.63 -10.41 9.9 -2.98 -10.26 9.71 -.81 -10.69
4 16 9.89 .92 -10.66 11.26 1.17 -9.1 11.32 .75 -8.99 10.31 .51 -10.13
3 16 9.4 2.72 -11.38 10.83 1.52 -9.63 11.26 1.17 -9.1
3 16 11.26 1.17 -9.1 9.89 .92 -10.66 9.4 2.72 -11.38
5 24 11.26 1.17 -9.1 9.4 2.72 -11.38 10.83 1.52 -9.63 9.89 .92 -10.66
3 16 9.4 2.72 -11.38 9.89 .92 -10.66 9.55 1.05 -11.05
3 16 10.72 1.89 -9.79 10.83 1.52 -9.63 9.4 2.72 -11.38
3 16 11.16 2.17 -9.31 10.72 1.89 -9.79 9.4 2.72 -11.38
3 16 10.7 -1.28 -9.51 10.91 -1.28 -9.26 9.9 -2.98 -10.26
3 16 12.74 1.8 -7.45 12.45 2.15 -7.83 13.83 3.6 -6.37
3 16 12.45 2.15 -7.83 11.71 2.23 -8.68 13.83 3.6 -6.37
4 16 11.71 2.23 -8.68 11.16 2.17 -9.31 9.4 2.72 -11.38 13.83 3.6 -6.37
3 82 12.74 1.8 -7.45 12.19 -.77 -7.66 11.62 -1.09 -8.35
3 82 11.62 -1.09 -8.35 11.07 -1.27 -9.06 12.74 1.8 -7.45
3 82 10.91 -1.28 -9.26 12.74 1.8 -7.45 11.07 -1.27 -9.06
4 82 12.74 1.8 -7.45 12.8 .23 -7.04 12.56 -.41 -7.24 12.19 -.77 -7.66
3 82 12.8 .23 -7.04 12.74 1.8 -7.45 12.93 1.33 -7.1
3 82 13.1 .7 -6.75 12.8 .23 -7.04 12.93 1.33 -7.1
3 16 11.07 -1.27 -9.06 9.9 -2.98 -10.26 10.91 -1.28 -9.26
4 16 9.9 -2.98 -10.26 11.07 -1.27 -9.06 11.62 -1.09 -8.35 14.04 -2.17 -4.89
3 16 11.62 -1.09 -8.35 12.19 -.77 -7.66 14.04 -2.17 -4.89
3 16 12.19 -.77 -7.66 12.56 -.41 -7.24 14.04 -2.17 -4.89
3 16 12.8 .23 -7.04 13.1 .7 -6.75 14.04 -2.17 -4.89
3 16 14.04 -2.17 -4.89 12.56 -.41 -7.24 12.8 .23 -7.04
3 16 12.93 1.33 -7.1 13.83 3.6 -6.37 13.1 .7 -6.75
3 16 14.04 -2.17 -4.89 13.1 .7 -6.75 13.83 3.6 -6.37
3 16 13.83 3.6 -6.37 12.93 1.33 -7.1 12.74 1.8 -7.45

3 16 0 -9.899 -17.448 1.55 -9.57 -17.36 0 -10.25 -16.75
3 16 1.55 -9.57 -17.36 1.56 -9.83 -16.33 0 -10.25 -16.75
3 16 3.1 -9.9 -15.78 1.56 -9.83 -16.33 3.2 -9.766 -17.425
3 16 1.56 -9.83 -16.33 1.55 -9.57 -17.36 3.2 -9.766 -17.425
3 16 3.2 -9.766 -17.425 3.884 -8.843 -17.181 3.1 -9.9 -15.78
3 16 3.884 -8.843 -17.181 3.95 -8.82 -15.18 3.1 -9.9 -15.78
3 16 3.884 -8.843 -17.181 3.645 -7.495 -16.886 3.95 -8.82 -15.18
3 16 3.645 -7.495 -16.886 3.77 -7.61 -14.88 3.95 -8.82 -15.18
3 16 3.645 -7.495 -16.886 4.346 -4.803 -16.24 3.77 -7.61 -14.88
3 16 4.346 -4.803 -16.24 4.62 -4.9 -13.61 3.77 -7.61 -14.88
3 16 4.346 -4.803 -16.24 4.3 -3.548 -15.948 4.62 -4.9 -13.61
3 16 4.3 -3.548 -15.948 4.61 -3.49 -13.2 4.62 -4.9 -13.61
3 16 3.59 -2.505 -15.688 3.83 -2.37 -13.53 4.3 -3.548 -15.948
3 16 3.83 -2.37 -13.53 4.61 -3.49 -13.2 4.3 -3.548 -15.948
3 16 3.83 -2.37 -13.53 3.59 -2.505 -15.688 0 -.77 -14.27
3 16 3.59 -2.505 -15.688 0 -1.126 -15.281 0 -.77 -14.27
3 16 0 2.21 -14.84 3.7 2.3 -14.3 0 -.77 -14.27
3 16 3.7 2.3 -14.3 3.83 -2.37 -13.53 0 -.77 -14.27
3 16 4.61 -3.49 -13.2 3.83 -2.37 -13.53 9.9 -2.98 -10.26
2 24 0 2.21 -14.84 3.7 2.3 -14.3
2 24 3.7 2.3 -14.3 9.4 2.72 -11.38
2 24 9.4 2.72 -11.38 13.83 3.6 -6.37
2 24 1.56 -9.83 -16.33 0 -10.25 -16.75
2 24 3.95 -8.82 -15.18 3.1 -9.9 -15.78
2 24 14.04 -2.17 -4.89 9.9 -2.98 -10.26
2 24 1.55 -9.57 -17.36 0 -9.899 -17.448
2 24 1.56 -9.83 -16.33 3.1 -9.9 -15.78
2 24 3.2 -9.766 -17.425 1.55 -9.57 -17.36
2 24 3.884 -8.843 -17.181 3.2 -9.766 -17.425
2 24 3.645 -7.495 -16.886 3.884 -8.843 -17.181
2 24 3.95 -8.82 -15.18 3.77 -7.61 -14.88
2 24 4.346 -4.803 -16.24 3.645 -7.495 -16.886
2 24 3.77 -7.61 -14.88 4.62 -4.9 -13.61
2 24 4.3 -3.548 -15.948 4.346 -4.803 -16.24
2 24 4.62 -4.9 -13.61 4.61 -3.49 -13.2
2 24 3.59 -2.505 -15.688 4.3 -3.548 -15.948
2 24 4.61 -3.49 -13.2 3.83 -2.37 -13.53
2 24 3.83 -2.37 -13.53 0 -0.77 -14.27
2 24 0 -1.126 -15.281 3.59 -2.505 -15.688
2 24 9.9 -2.98 -10.26 4.61 -3.49 -13.2

5 24 0 -10.25 -16.75 1.55 -9.57 -17.36 0 -9.899 -17.448 1.56 -9.83 -16.33
5 24 1.56 -9.83 -16.33 1.55 -9.57 -17.36 0 -10.25 -16.75 3.2 -9.766 -17.425
5 24 3.1 -9.9 -15.78 3.2 -9.766 -17.425 1.56 -9.83 -16.33 3.884 -8.843 -17.181
5 24 3.2 -9.766 -17.425 1.56 -9.83 -16.33 3.1 -9.9 -15.78 1.55 -9.57 -17.36
5 24 3.1 -9.9 -15.78 3.884 -8.843 -17.181 3.2 -9.766 -17.425 3.95 -8.82 -15.18
5 24 3.95 -8.82 -15.18 3.884 -8.843 -17.181 3.1 -9.9 -15.78 3.645 -7.495 -16.886
5 24 3.95 -8.82 -15.18 3.645 -7.495 -16.886 3.884 -8.843 -17.181 3.77 -7.61 -14.88
5 24 3.77 -7.61 -14.88 3.645 -7.495 -16.886 3.95 -8.82 -15.18 4.346 -4.803 -16.24
5 24 3.77 -7.61 -14.88 4.346 -4.803 -16.24 3.645 -7.495 -16.886 4.62 -4.9 -13.61
5 24 4.62 -4.9 -13.61 4.346 -4.803 -16.24 3.77 -7.61 -14.88 4.3 -3.548 -15.948
5 24 4.62 -4.9 -13.61 4.3 -3.548 -15.948 4.346 -4.803 -16.24 4.61 -3.49 -13.2
5 24 4.61 -3.49 -13.2 4.3 -3.548 -15.948 4.62 -4.9 -13.61 3.83 -2.37 -13.53
5 24 4.3 -3.548 -15.948 3.83 -2.37 -13.53 3.59 -2.505 -15.688 4.61 -3.49 -13.2
5 24 3.83 -2.37 -13.53 3.59 -2.505 -15.688 4.3 -3.548 -15.948 0 -.77 -14.27
5 24 0 -.77 -14.27 3.59 -2.505 -15.688 3.83 -2.37 -13.53 0 -1.126 -15.281
5 24 0 2.21 -14.84 0 -0.77 -14.27 3.7 2.3 -14.3 -3.69 2.29 -14.3
5 24 0 -0.77 -14.27 3.7 2.3 -14.3 0 2.21 -14.84 3.83 -2.37 -13.53
5 24 3.83 -2.37 -13.53 3.7 2.3 -14.3 0 -0.77 -14.27 9.9 -2.98 -10.26
5 24 9.9 -2.98 -10.26 3.83 -2.37 -13.53 4.61 -3.49 -13.2 9.4 2.72 -11.38
5 24 9.9 -2.98 -10.26 9.4 2.72 -11.38 3.83 -2.37 -13.53 13.83 3.6 -6.37
5 24 9.9 -2.98 -10.26 13.83 3.6 -6.37 9.4 2.72 -11.38 14.04 -2.17 -4.89
5 24 6.68 0.38 -12.46 7.48 0.92 -12.12 7.93 0.58 -11.84 6.14 0.5 -12.76
5 24 7.84 -1.49 -11.57 3.83 -2.37 -13.53 7.56 -1.42 -11.73 9.9 -2.98 -10.26
5 24 5.72 -1.17 -12.72 3.83 -2.37 -13.53 7.56 -1.42 -11.73 5.1 -1.13 -13.06
5 24 7.34 1.12 -12.22 3.7 2.3 -14.3 7.6 1.27 -12.11 5.53 .42 -13.06
5 24 9.98 -.63 -10.41 9.89 .92 -10.66 9.55 1.05 -11.05 10.31 .51 -10.13
5 24 10.95 -0.47 -9.3 10.7 -1.28 -9.51 10.74 -1 -9.49 10.91 -1.28 -9.26
5 24 12.56 -0.41 -7.24 12.74 1.8 -7.45 12.8 0.23 -7.04 12.19 -0.77 -7.66
5 24 11.62 -1.09 -8.35 9.9 -2.98 -10.26 11.07 -1.27 -9.06 14.04 -2.17 -4.89
5 24 12.8 .23 -7.04 14.04 -2.17 -4.89 13.1 .7 -6.75 12.56 -.41 -7.24
5 24 8.27 1.34 -11.77 9.11 1.22 -11.31 9.4 2.72 -11.38 7.93 0.58 -11.84
5 24 9.9 -2.98 -10.26 10.91 -1.28 -9.26 10.7 -1.28 -9.51 11.07 -1.27 -9.06
5 24 12.74 1.8 -7.45 10.91 -1.28 -9.26 11.39 0.14 -8.85 11.07 -1.27 -9.06
5 24 11.62 -1.09 -8.35 14.04 -2.17 -4.89 11.07 -1.27 -9.06 12.19 -0.77 -7.66
5 24 3.93 -0.57 -13.75 4.02 -0.27 -13.75 4.19 -0.84 -13.58 3.7 2.3 -14.3
5 24 4.44 0.01 -13.57 4.93 0.23 -13.35 4.02 -0.27 -13.75 3.7 2.3 -14.3
5 24 9.71 -.81 -10.69 9.55 1.05 -11.05 8.44 -.41 -11.42 10.28 -.1 -10.11
5 24 9.55 1.05 -11.05 9.89 0.92 -10.66 10.28 -0.1 -10.11 9.4 2.72 -11.38
5 24 5.63 -0.37 -12.89 7.21 -0.48 -12.05 6.34 -1.1 -12.41 8.44 -0.41 -11.42
5 24 3.93 -0.57 -13.75 3.7 2.3 -14.3 4.02 -0.27 -13.75 3.83 -2.37 -13.53
5 24 10.91 -1.28 -9.26 10.7 -1.28 -9.51 9.9 -2.98 -10.26 10.95 -0.47 -9.3
5 24 11.32 0.75 -8.99 10.31 0.51 -10.13 10.28 -0.1 -10.11 11.26 1.17 -9.1
5 24 4.93 0.23 -13.35 5.53 0.42 -13.06 5.63 -0.37 -12.89 3.7 2.3 -14.3
5 24 11.07 -1.27 -9.06 12.74 1.8 -7.45 10.91 -1.28 -9.26 12.19 -.77 -7.66
5 24 9.98 -.63 -10.41 9.71 -.81 -10.69 9.9 -2.98 -10.26 9.55 1.05 -11.05
5 24 11.07 -1.27 -9.06 11.62 -1.09 -8.35 9.9 -2.98 -10.26 12.74 1.8 -7.45
5 24 7.93 0.58 -11.84 8.36 0.19 -11.55 9.11 1.22 -11.31 6.68 0.38 -12.46
5 24 9.9 -2.98 -10.26 10.7 -1.28 -9.51 10.74 -1 -9.49 10.91 -1.28 -9.26
5 24 6.14 .5 -12.76 7.48 .92 -12.12 6.68 .38 -12.46 7.34 1.12 -12.22
5 24 7.6 1.27 -12.11 8.27 1.34 -11.77 7.48 0.92 -12.12 9.4 2.72 -11.38
5 24 13.83 3.6 -6.37 13.1 0.7 -6.75 12.93 1.33 -7.1 14.04 -2.17 -4.89
5 24 7.34 1.12 -12.22 7.48 .92 -12.12 7.6 1.27 -12.11 5.53 .42 -13.06
5 24 3.7 2.3 -14.3 4.02 -0.27 -13.75 4.44 0.01 -13.57 3.93 -0.57 -13.75
5 24 9.9 -2.98 -10.26 9.71 -0.81 -10.69 9.98 -0.63 -10.41 9.29 -1.11 -10.86
5 24 11.71 2.23 -8.68 11.16 2.17 -9.31 10.83 1.52 -9.63 13.83 3.6 -6.37
5 24 8.6 -1.4 -11.18 7.84 -1.49 -11.57 9.9 -2.98 -10.26 8.09 -0.74 -11.55
5 24 9.55 1.05 -11.05 9.11 1.22 -11.31 8.36 0.19 -11.55 9.4 2.72 -11.38
5 24 12.19 -.77 -7.66 11.62 -1.09 -8.35 14.04 -2.17 -4.89 12.74 1.8 -7.45
5 24 3.7 2.3 -14.3 7.6 1.27 -12.11 5.53 0.42 -13.06 9.4 2.72 -11.38
5 24 7.14 0.12 -12.18 6.68 0.38 -12.46 6.14 0.5 -12.76 8.36 0.19 -11.55
5 24 13.83 3.6 -6.37 11.71 2.23 -8.68 12.45 2.15 -7.83 9.4 2.72 -11.38
5 24 10.7 -1.28 -9.51 10.74 -1 -9.49 10.91 -1.28 -9.26 9.9 -2.98 -10.26
5 24 12.56 -.41 -7.24 12.8 .23 -7.04 12.74 1.8 -7.45 13.1 .7 -6.75
5 24 4.44 0.01 -13.57 3.7 2.3 -14.3 4.93 0.23 -13.35 4.02 -0.27 -13.75
5 24 9.89 0.92 -10.66 9.4 2.72 -11.38 11.26 1.17 -9.1 9.55 1.05 -11.05
5 24 11.26 1.17 -9.1 9.89 0.92 -10.66 10.31 0.51 -10.13 10.83 1.52 -9.63
5 24 9.29 -1.11 -10.86 8.6 -1.4 -11.18 8.44 -0.41 -11.42 9.9 -2.98 -10.26
5 24 12.8 .23 -7.04 13.1 .7 -6.75 12.93 1.33 -7.1 14.04 -2.17 -4.89
5 24 7.84 -1.49 -11.57 9.9 -2.98 -10.26 7.56 -1.42 -11.73 8.6 -1.4 -11.18
5 24 9.4 2.72 -11.38 10.83 1.52 -9.63 9.89 0.92 -10.66 10.72 1.89 -9.79
5 24 10.95 -0.47 -9.3 10.91 -1.28 -9.26 12.74 1.8 -7.45 10.74 -1 -9.49
5 24 12.74 1.8 -7.45 13.83 3.6 -6.37 12.93 1.33 -7.1 12.45 2.15 -7.83
5 24 9.9 -2.98 -10.26 11.07 -1.27 -9.06 14.04 -2.17 -4.89 10.91 -1.28 -9.26
5 24 3.93 -0.57 -13.75 3.83 -2.37 -13.53 4.19 -0.84 -13.58 3.7 2.3 -14.3
5 24 9.55 1.05 -11.05 9.4 2.72 -11.38 9.89 0.92 -10.66 9.11 1.22 -11.31
5 24 11.39 0.14 -8.85 10.28 -0.1 -10.11 11.32 0.75 -8.99 9.98 -0.63 -10.41
5 24 10.95 -0.47 -9.3 10.74 -1 -9.49 10.7 -1.28 -9.51 9.98 -0.63 -10.41
5 24 6.14 0.5 -12.76 5.53 0.42 -13.06 4.93 0.23 -13.35 7.48 0.92 -12.12
5 24 5.72 -1.17 -12.72 7.56 -1.42 -11.73 7.64 -1.18 -11.72 3.83 -2.37 -13.53
5 24 5.1 -1.13 -13.06 5.72 -1.17 -12.72 6.34 -1.1 -12.41 7.56 -1.42 -11.73
5 24 10.31 .51 -10.13 9.89 .92 -10.66 11.32 .75 -8.99 9.98 -.63 -10.41
3 16 0 1.15 16.6 5.85 .98 15.41 0 6.8 15.77
3 16 5.85 .98 15.41 5.75 6.8 14.42 0 6.8 15.77
3 16 10.9 .39 12.19 13.83 -.14 7.63 10.71 6.39 11.27
3 16 13.83 -.14 7.63 13.81 5.66 6.71 10.71 6.39 11.27
3 16 10.9 .39 12.19 10.71 6.39 11.27 5.75 6.8 14.42
3 16 10.9 .39 12.19 5.75 6.8 14.42 5.85 .98 15.41
3 16 14.357 5.388 4.969 13.81 5.66 6.71 13.83 -.14 7.63
3 16 15.086 4.24 -2.703 14.04 -2.17 -4.89 13.83 3.6 -6.37
4 16 14.9261 1.77286 3.12425 14.855 5.072 3.063 14.357 5.388 4.969 13.83 -.14 7.63
4 16 15.526 -1.414 1.11 15.4302 -.489857 1.38816 15.1172 .115045 2.54821 13.83 -.14 7.63
3 16 15.1172 .115045 2.54821 14.9261 1.77286 3.12425 13.83 -.14 7.63
3 16 14.9261 1.77286 3.12425 15.0592 3.09618 2.46806 14.855 5.072 3.063
3 16 15.451 -.448 .458 15.494 -.598 .886 15.526 -1.414 1.11
3 16 15.086 4.24 -2.703 15.2699 2.72419 -.98979 15.2692 1.88287 -1.11315
3 16 15.341 3.259 -.169 15.2699 2.72419 -.98979 15.287 4.62 -.542
3 16 15.086 4.24 -2.703 15.287 4.62 -.542 15.2699 2.72419 -.98979
3 16 15.1709 1.06073 -1.24325 15.267 -.148 -.42 14.04 -2.17 -4.89
4 16 15.526 -1.414 1.11 14.04 -2.17 -4.89 15.267 -.148 -.42 15.451 -.448 .458
3 16 15.479 -.662 1.067 15.526 -1.414 1.11 15.494 -.598 .886
3 16 15.526 -1.414 1.11 15.479 -.662 1.067 15.461 -.589 1.203
3 16 15.341 3.259 -.169 15.29 3.79 .61 16.65 3.65 .63
3 16 15.29 3.79 .61 15.287 4.62 -.542 15.025 4.911 1.822
3 16 15.025 4.911 1.822 15.139 3.465 1.659 15.29 3.79 .61
3 16 15.287 4.62 -.542 15.29 3.79 .61 15.341 3.259 -.169
3 16 15.526 -1.414 1.11 15.461 -.589 1.203 15.4302 -.489857 1.38816
4 16 15.139 3.465 1.659 15.025 4.911 1.822 14.855 5.072 3.063 15.0592 3.23698 2.39812
3 16 15.0592 3.23698 2.39812 14.855 5.072 3.063 15.0592 3.09618 2.46806
4 16 16.647 1.489 .885 16.647 -.539 1.06 16.647 -.059 -.349 16.647 1.084 -1.141
4 16 16.647 1.489 .885 16.647 1.762 3.007 16.647 .197 2.457 16.647 -.539 1.06
4 16 16.647 1.489 .885 16.65 3.65 .63 16.647 3.146 2.319 16.647 1.762 3.007
4 16 16.647 1.489 .885 16.647 1.084 -1.141 16.647 2.669 -.898 16.65 3.65 .63
3 16 15.267 -.148 -.42 15.1709 1.06073 -1.24325 16.647 1.084 -1.141
3 16 16.647 1.084 -1.141 16.647 -.059 -.349 15.267 -.148 -.42
3 16 15.451 -.448 .458 16.647 -.059 -.349 15.494 -.598 .886
3 16 16.647 -.059 -.349 15.451 -.448 .458 15.267 -.148 -.42
4 16 15.494 -.598 .886 16.647 -.059 -.349 16.647 -.539 1.06 15.479 -.662 1.067
3 16 15.4302 -.489857 1.38816 16.647 -.539 1.06 15.1172 .115045 2.54821
3 16 15.461 -.589 1.203 16.647 -.539 1.06 15.4302 -.489857 1.38816
3 16 16.647 -.539 1.06 15.461 -.589 1.203 15.479 -.662 1.067
3 16 16.647 -.539 1.06 16.647 .197 2.457 15.1172 .115045 2.54821
3 16 16.647 .197 2.457 14.9261 1.77286 3.12425 15.1172 .115045 2.54821
3 16 16.647 .197 2.457 16.647 1.762 3.007 14.9261 1.77286 3.12425
4 16 14.9261 1.77286 3.12425 16.647 1.762 3.007 16.647 3.146 2.319 15.0592 3.09618 2.46806
3 16 15.0592 3.09618 2.46806 16.647 3.146 2.319 15.0592 3.23698 2.39812
4 16 15.2699 2.72419 -.98979 16.647 2.669 -.898 16.647 1.084 -1.141 15.2692 1.88287 -1.11315
3 16 15.2692 1.88287 -1.11315 16.647 1.084 -1.141 15.1709 1.06073 -1.24325
4 16 15.2699 2.72419 -.98979 15.341 3.259 -.169 16.65 3.65 .63 16.647 2.669 -.898
4 16 15.1709 1.06073 -1.24325 14.04 -2.17 -4.89 15.086 4.24 -2.703 15.2692 1.88287 -1.11315
3 16 15.0592 3.23698 2.39812 16.647 3.146 2.319 15.139 3.465 1.659
4 16 16.647 3.146 2.319 16.65 3.65 .63 15.29 3.79 .61 15.139 3.465 1.659
2 24 5.75 6.8 14.42 0 6.8 15.77
2 24 13.81 5.66 6.71 10.71 6.39 11.27
2 24 10.71 6.39 11.27 5.75 6.8 14.42
2 24 15.53 -1.41 1.11 14.04 -2.17 -4.89
2 24 13.83 -.14 7.63 15.53 -1.41 1.11
2 24 10.9 .39 12.19 13.83 -.14 7.63
2 24 5.85 .98 15.41 10.9 .39 12.19
2 24 0 1.15 16.6 5.85 .98 15.41
2 24 16.65 -.06 -.35 16.65 1.08 -1.14
2 24 16.65 -.54 1.06 16.65 -.06 -.35
2 24 16.65 .2 2.46 16.65 -.54 1.06
2 24 16.65 1.76 3.01 16.65 .2 2.46
2 24 16.65 3.15 2.32 16.65 1.76 3.01
2 24 16.65 3.65 .63 16.65 3.15 2.32
2 24 16.65 1.08 -1.14 16.65 2.67 -.9
2 24 16.65 2.67 -.9 16.65 3.65 .63
5 24 0 6.8 15.77 5.85 .98 15.41 0 1.15 16.6 5.75 6.8 14.42
5 24 5.75 6.8 14.42 5.85 .98 15.41 0 6.8 15.77 10.71 6.39 11.27
5 24 10.71 6.39 11.27 13.83 -.14 7.63 10.9 .39 12.19 13.81 5.66 6.71
2 24 15.267 -.148 -.42 15.1709 1.06073 -1.24325
2 24 13.83 3.6 -6.37 15.086 4.24 -2.703
2 24 15.086 4.24 -2.703 15.287 4.62 -.542
2 24 15.025 4.911 1.822 15.287 4.62 -.542
2 24 14.855 5.072 3.063 15.025 4.911 1.822
2 24 14.357 5.388 4.969 14.855 5.072 3.063
2 24 13.81 5.66 6.71 14.357 5.388 4.969
2 24 15.1172 .115045 2.54821 14.9261 1.77286 3.12425
2 24 15.4302 -.489857 1.38816 15.461 -.589 1.203
2 24 15.461 -.589 1.203 15.479 -.662 1.067
2 24 15.479 -.662 1.067 15.494 -.598 .886
2 24 15.494 -.598 .886 15.451 -.448 .458
2 24 15.29 3.79 .61 15.341 3.259 -.169
2 24 15.341 3.259 -.169 15.2699 2.72419 -.98979
2 24 15.1709 1.06073 -1.24325 15.2692 1.88287 -1.11315
2 24 15.2692 1.88287 -1.11315 15.2699 2.72419 -.98979
2 24 14.9261 1.77286 3.12425 15.0592 3.09618 2.46806
2 24 15.0592 3.09618 2.46806 15.0592 3.23698 2.39812
2 24 15.1172 .115045 2.54821 15.4302 -.489857 1.38816
2 24 15.451 -.448 .458 15.267 -.148 -.42
2 24 15.0592 3.23698 2.39812 15.139 3.465 1.659
2 24 15.139 3.465 1.659 15.29 3.79 .61
5 24 15.267 -.148 -.42 16.647 -.059 -.349 15.451 -.448 .458 16.647 1.084 -1.141
5 24 15.287 4.62 -.542 15.29 3.79 .61 15.025 4.911 1.822 15.341 3.259 -.169
5 24 16.647 .197 2.457 14.9261 1.77286 3.12425 15.1172 .115045 2.54821 16.647 1.762 3.007
5 24 15.341 3.259 -.169 15.287 4.62 -.542 15.29 3.79 .61 15.2699 2.72419 -.98979
5 24 15.29 3.79 .61 16.65 3.65 .63 15.139 3.465 1.659 15.341 3.259 -.169
5 24 15.0592 3.09618 2.46806 14.855 5.072 3.063 15.0592 3.23698 2.39812 14.9261 1.77286 3.12425
5 24 16.647 .197 2.457 15.1172 .115045 2.54821 14.9261 1.77286 3.12425 16.647 -.539 1.06
2 24 16.647 3.146 2.319 16.65 3.65 .63
5 24 15.479 -.662 1.067 16.647 -.539 1.06 15.461 -.589 1.203 15.494 -.598 .886
5 24 16.647 -.059 -.349 15.494 -.598 .886 15.451 -.448 .458 16.647 -.539 1.06
5 24 15.479 -.662 1.067 15.526 -1.414 1.11 15.494 -.598 .886 15.461 -.589 1.203
5 24 15.139 3.465 1.659 15.025 4.911 1.822 15.29 3.79 .61 14.855 5.072 3.063
2 24 16.647 1.084 -1.141 16.647 -.059 -.349
5 24 15.267 -.148 -.42 16.647 1.084 -1.141 16.647 -.059 -.349 15.1709 1.06073 -1.24325
5 24 15.1709 1.06073 -1.24325 16.647 1.084 -1.141 15.2692 1.88287 -1.11315 15.267 -.148 -.42
5 24 16.647 1.762 3.007 14.9261 1.77286 3.12425 16.647 3.146 2.319 16.647 .197 2.457
5 24 16.647 3.146 2.319 15.139 3.465 1.659 16.65 3.65 .63 15.0592 3.23698 2.39812
5 24 15.2692 1.88287 -1.11315 16.647 1.084 -1.141 15.1709 1.06073 -1.24325 15.2699 2.72419 -.98979
5 24 13.83 -.14 7.63 14.357 5.388 4.969 13.81 5.66 6.71 14.9261 1.77286 3.12425
2 24 16.647 1.762 3.007 16.647 3.146 2.319
5 24 15.0592 3.09618 2.46806 16.647 3.146 2.319 15.0592 3.23698 2.39812 14.9261 1.77286 3.12425
5 24 15.086 4.24 -2.703 14.04 -2.17 -4.89 13.83 3.6 -6.37 15.2692 1.88287 -1.11315
5 24 15.461 -.589 1.203 15.526 -1.414 1.11 15.4302 -.489857 1.38816 15.479 -.662 1.067
5 24 15.2699 2.72419 -.98979 16.647 2.669 -.898 16.647 1.084 -1.141 15.341 3.259 -.169
5 24 16.647 -.539 1.06 15.1172 .115045 2.54821 15.4302 -.489857 1.38816 16.647 .197 2.457
5 24 15.494 -.598 .886 15.526 -1.414 1.11 15.451 -.448 .458 15.479 -.662 1.067
2 24 16.647 2.669 -.898 16.647 1.084 -1.141
2 24 16.647 .197 2.457 16.647 1.762 3.007
2 24 16.647 -.059 -.349 16.647 -.539 1.06
5 24 5.75 6.8 14.42 10.9 .39 12.19 10.71 6.39 11.27 5.85 .98 15.41
5 24 15.526 -1.414 1.11 15.451 -.448 .458 15.494 -.598 .886 14.04 -2.17 -4.89
5 24 15.4302 -.489857 1.38816 15.526 -1.414 1.11 15.461 -.589 1.203 15.1172 .115045 2.54821
2 24 16.65 3.65 .63 16.647 2.669 -.898
5 24 10.71 6.39 11.27 10.9 .39 12.19 5.75 6.8 14.42 13.83 -.14 7.63
5 24 15.0592 3.23698 2.39812 16.647 3.146 2.319 15.139 3.465 1.659 15.0592 3.09618 2.46806
5 24 16.65 3.65 .63 15.341 3.259 -.169 15.29 3.79 .61 16.647 2.669 -.898
5 24 15.2692 1.88287 -1.11315 15.086 4.24 -2.703 15.2699 2.72419 -.98979 15.1709 1.06073 -1.24325
2 24 16.647 -.539 1.06 16.647 .197 2.457
5 24 14.04 -2.17 -4.89 13.83 3.6 -6.37 15.086 4.24 -2.703 9.9 -2.98 -10.26
5 24 13.81 5.66 6.71 13.83 -.14 7.63 14.357 5.388 4.969 10.71 6.39 11.27
5 24 15.494 -.598 .886 16.647 -.539 1.06 16.647 -.059 -.349 15.479 -.662 1.067
5 24 14.9261 1.77286 3.12425 16.647 3.146 2.319 16.647 1.762 3.007 15.0592 3.09618 2.46806
5 24 15.29 3.79 .61 15.025 4.911 1.822 15.287 4.62 -.542 15.139 3.465 1.659
5 24 14.9261 1.77286 3.12425 14.357 5.388 4.969 14.855 5.072 3.063 13.83 -.14 7.63
5 24 15.2699 2.72419 -.98979 16.647 1.084 -1.141 16.647 2.669 -.898 15.2692 1.88287 -1.11315
5 24 15.2699 2.72419 -.98979 16.65 3.65 .63 15.341 3.259 -.169 16.647 2.669 -.898
5 24 16.647 3.146 2.319 15.29 3.79 .61 16.65 3.65 .63 15.139 3.465 1.659
5 24 5.53 .42 -13.06 5.63 -.37 -12.89 6.14 .5 -12.76 4.93 .23 -13.35
5 24 4.44 .01 -13.57 5.63 -.37 -12.89 4.93 .23 -13.35 4.02 -.27 -13.75
5 24 3.93 -.57 -13.75 5.63 -.37 -12.89 4.02 -.27 -13.75 4.19 -.84 -13.58
5 24 4.57 -1.04 -13.35 5.63 -.37 -12.89 4.19 -.84 -13.58 5.1 -1.13 -13.06
5 24 5.72 -1.17 -12.72 5.63 -.37 -12.89 5.1 -1.13 -13.06 6.34 -1.1 -12.41
5 24 6.83 -.85 -12.19 5.63 -.37 -12.89 6.34 -1.1 -12.41 7.21 -.48 -12.05
5 24 8.6 -1.4 -11.18 7.64 -1.18 -11.72 7.84 -1.49 -11.57 8.09 -.74 -11.55
5 24 9.29 -1.11 -10.86 8.09 -.74 -11.55 8.6 -1.4 -11.18 8.44 -.41 -11.42
5 24 9.71 -.81 -10.69 8.44 -.41 -11.42 9.29 -1.11 -10.86 9.55 1.05 -11.05
5 24 7.48 .92 -12.12 8.27 1.34 -11.77 7.6 1.27 -12.11 7.93 .58 -11.84
5 24 7.93 .58 -11.84 9.11 1.22 -11.31 8.27 1.34 -11.77 8.36 .19 -11.55
5 24 6.83 -.85 -12.19 7.64 -1.18 -11.72 8.09 -.74 -11.55 6.34 -1.1 -12.41
5 24 5.72 -1.17 -12.72 7.64 -1.18 -11.72 6.34 -1.1 -12.41 7.56 -1.42 -11.73
5 24 6.68 .38 -12.46 8.36 .19 -11.55 7.93 .58 -11.84 7.14 .12 -12.18
5 24 7.34 1.12 -12.22 6.14 .5 -12.76 7.48 .92 -12.12 5.53 .42 -13.06
5 24 11.26 1.17 -9.1 12.45 2.15 -7.83 11.71 2.23 -8.68 11.32 .75 -8.99
5 24 12.45 2.15 -7.83 11.39 .14 -8.85 12.74 1.8 -7.45 11.32 .75 -8.99
5 24 10.95 -.47 -9.3 12.74 1.8 -7.45 11.39 .14 -8.85 10.91 -1.28 -9.26
5 24 11.32 .75 -8.99 10.28 -.1 -10.11 11.39 .14 -8.85 10.31 .51 -10.13
5 24 10.28 -.1 -10.11 10.95 -.47 -9.3 11.39 .14 -8.85 9.98 -.63 -10.41
5 24 9.89 .92 -10.66 11.32 .75 -8.99 11.26 1.17 -9.1 10.31 .51 -10.13
5 24 11.71 2.23 -8.68 9.4 2.72 -11.38 11.16 2.17 -9.31 13.83 3.6 -6.37
5 24 11.62 -1.09 -8.35 12.74 1.8 -7.45 11.07 -1.27 -9.06 12.19 -.77 -7.66
5 24 7.21 -.48 -12.05 6.83 -.85 -12.19 8.44 -.41 -11.42 6.34 -1.1 -12.41
5 24 4.44 .01 -13.57 4.02 -.27 -13.75 3.7 2.3 -14.3 4.93 .23 -13.35
5 24 9.29 -1.11 -10.86 9.71 -.81 -10.69 8.44 -.41 -11.42 9.9 -2.98 -10.26
5 24 12.93 1.33 -7.1 13.83 3.6 -6.37 13.1 .7 -6.75 12.74 1.8 -7.45
5 24 12.74 1.8 -7.45 12.19 -.77 -7.66 12.8 .23 -7.04 11.62 -1.09 -8.35
5 24 8.09 -.74 -11.55 8.44 -.41 -11.42 9.29 -1.11 -10.86 6.83 -.85 -12.19
5 24 12.45 2.15 -7.83 11.32 .75 -8.99 11.26 1.17 -9.1 12.74 1.8 -7.45
5 24 12.19 -.77 -7.66 14.04 -2.17 -4.89 12.56 -.41 -7.24 11.62 -1.09 -8.35
5 24 6.34 -1.1 -12.41 5.72 -1.17 -12.72 5.1 -1.13 -13.06 7.64 -1.18 -11.72
5 24 9.9 -2.98 -10.26 8.6 -1.4 -11.18 7.84 -1.49 -11.57 9.29 -1.11 -10.86
5 24 3.83 -2.37 -13.53 4.57 -1.04 -13.35 4.19 -.84 -13.58 5.1 -1.13 -13.06
5 24 7.56 -1.42 -11.73 3.83 -2.37 -13.53 7.84 -1.49 -11.57 5.72 -1.17 -12.72
5 24 6.83 -.85 -12.19 6.34 -1.1 -12.41 5.63 -.37 -12.89 8.09 -.74 -11.55
5 24 12.45 2.15 -7.83 11.71 2.23 -8.68 11.32 .75 -8.99 13.83 3.6 -6.37
5 24 12.93 1.33 -7.1 13.1 .7 -6.75 13.83 3.6 -6.37 12.8 .23 -7.04
5 24 3.7 2.3 -14.3 5.53 .42 -13.06 7.6 1.27 -12.11 4.93 .23 -13.35
5 24 8.09 -.74 -11.55 6.83 -.85 -12.19 7.64 -1.18 -11.72 7.21 -.48 -12.05
5 24 4.19 -.84 -13.58 4.57 -1.04 -13.35 5.63 -.37 -12.89 3.83 -2.37 -13.53
5 24 10.95 -.47 -9.3 11.39 .14 -8.85 9.98 -.63 -10.41 12.74 1.8 -7.45
5 24 12.8 .23 -7.04 12.74 1.8 -7.45 12.93 1.33 -7.1 12.56 -.41 -7.24
5 24 8.44 -.41 -11.42 9.29 -1.11 -10.86 9.55 1.05 -11.05 8.6 -1.4 -11.18
5 24 7.64 -1.18 -11.72 7.84 -1.49 -11.57 7.56 -1.42 -11.73 8.09 -.74 -11.55
5 24 11.39 .14 -8.85 11.32 .75 -8.99 12.45 2.15 -7.83 10.28 -.1 -10.11
5 24 5.63 -.37 -12.89 4.93 .23 -13.35 4.02 -.27 -13.75 5.53 .42 -13.06
5 24 12.19 -.77 -7.66 12.56 -.41 -7.24 14.04 -2.17 -4.89 12.74 1.8 -7.45
5 24 10.95 -.47 -9.3 9.98 -.63 -10.41 10.74 -1 -9.49 10.28 -.1 -10.11
5 24 14.04 -2.17 -4.89 13.1 .7 -6.75 13.83 3.6 -6.37 12.8 .23 -7.04
5 24 5.63 -.37 -12.89 4.02 -.27 -13.75 4.44 .01 -13.57 4.19 -.84 -13.58
5 24 9.11 1.22 -11.31 9.4 2.72 -11.38 9.55 1.05 -11.05 8.27 1.34 -11.77
5 24 12.74 1.8 -7.45 12.93 1.33 -7.1 13.83 3.6 -6.37 12.8 .23 -7.04
5 24 12.45 2.15 -7.83 13.83 3.6 -6.37 11.71 2.23 -8.68 12.74 1.8 -7.45
5 24 5.63 -.37 -12.89 4.19 -.84 -13.58 5.1 -1.13 -13.06 3.93 -.57 -13.75
5 24 9.9 -2.98 -10.26 9.29 -1.11 -10.86 9.71 -.81 -10.69 8.6 -1.4 -11.18
5 24 10.28 -.1 -10.11 9.98 -.63 -10.41 11.39 .14 -8.85 10.31 .51 -10.13
5 24 7.64 -1.18 -11.72 6.34 -1.1 -12.41 7.56 -1.42 -11.73 6.83 -.85 -12.19
5 24 3.83 -2.37 -13.53 4.19 -.84 -13.58 4.57 -1.04 -13.35 3.93 -.57 -13.75
5 24 8.36 .19 -11.55 9.11 1.22 -11.31 7.93 .58 -11.84 9.55 1.05 -11.05
5 24 4.57 -1.04 -13.35 5.1 -1.13 -13.06 4.19 -.84 -13.58 3.83 -2.37 -13.53
5 24 8.09 -.74 -11.55 8.6 -1.4 -11.18 8.44 -.41 -11.42 7.84 -1.49 -11.57
5 24 6.68 .38 -12.46 7.93 .58 -11.84 6.14 .5 -12.76 8.36 .19 -11.55
5 24 12.56 -.41 -7.24 14.04 -2.17 -4.89 12.19 -.77 -7.66 12.8 .23 -7.04
5 24 5.63 -.37 -12.89 5.1 -1.13 -13.06 4.57 -1.04 -13.35 6.34 -1.1 -12.41
5 24 8.27 1.34 -11.77 9.4 2.72 -11.38 7.6 1.27 -12.11 9.11 1.22 -11.31
5 24 11.71 2.23 -8.68 11.26 1.17 -9.1 12.45 2.15 -7.83 10.83 1.52 -9.63
5 24 12.93 1.33 -7.1 12.8 .23 -7.04 13.1 .7 -6.75 12.74 1.8 -7.45
5 24 7.56 -1.42 -11.73 7.64 -1.18 -11.72 7.84 -1.49 -11.57 5.72 -1.17 -12.72
5 24 7.6 1.27 -12.11 7.48 .92 -12.12 8.27 1.34 -11.77 7.34 1.12 -12.22
5 24 9.98 -.63 -10.41 9.9 -2.98 -10.26 10.95 -.47 -9.3 9.71 -.81 -10.69
5 24 11.16 2.17 -9.31 10.83 1.52 -9.63 11.71 2.23 -8.68 10.72 1.89 -9.79
5 24 7.93 .58 -11.84 7.48 .92 -12.12 7.6 1.27 -12.11 6.68 .38 -12.46
5 24 12.74 1.8 -7.45 11.39 .14 -8.85 11.32 .75 -8.99 10.91 -1.28 -9.26
5 24 5.1 -1.13 -13.06 3.83 -2.37 -13.53 4.57 -1.04 -13.35 5.72 -1.17 -12.72
5 24 5.63 -.37 -12.89 6.34 -1.1 -12.41 7.21 -.48 -12.05 5.72 -1.17 -12.72
5 24 7.64 -1.18 -11.72 8.09 -.74 -11.55 8.6 -1.4 -11.18 6.34 -1.1 -12.41
5 24 11.32 .75 -8.99 11.26 1.17 -9.1 11.71 2.23 -8.68 10.31 .51 -10.13
5 24 8.27 1.34 -11.77 7.93 .58 -11.84 7.48 .92 -12.12 9.11 1.22 -11.31
5 24 8.44 -.41 -11.42 7.21 -.48 -12.05 5.63 -.37 -12.89 8.09 -.74 -11.55
5 24 4.93 .23 -13.35 3.7 2.3 -14.3 4.44 .01 -13.57 5.53 .42 -13.06
5 24 9.55 1.05 -11.05 8.44 -.41 -11.42 9.71 -.81 -10.69 8.36 .19 -11.55
3 16 -11.256 1.169 -9.103 -10.828 1.525 -9.631 -9.886 .92 -10.658
3 16 -9.886 .92 -10.658 -10.828 1.525 -9.631 -9.4 2.72 -11.38
4 82 4.19 -.84 -13.58 3.93 -.57 -13.75 4.02 -.27 -13.75 4.44 .01 -13.57
4 82 4.57 -1.04 -13.35 4.19 -.84 -13.58 4.44 .01 -13.57 4.93 .23 -13.35
4 82 5.1 -1.13 -13.06 4.57 -1.04 -13.35 4.93 .23 -13.35 5.53 .42 -13.06
4 82 5.72 -1.17 -12.72 5.1 -1.13 -13.06 5.53 .42 -13.06 6.14 .5 -12.76
4 82 6.34 -1.1 -12.41 5.72 -1.17 -12.72 6.14 .5 -12.76 6.68 .38 -12.46
4 82 6.83 -.85 -12.19 6.34 -1.1 -12.41 6.68 .38 -12.46 7.14 .12 -12.18
3 82 6.83 -.85 -12.19 7.14 .12 -12.18 7.21 -.48 -12.05
4 82 8.36 .19 -11.55 8.44 -.41 -11.42 7.21 -.48 -12.05 7.14 .12 -12.18
4 82 -4.19 -.839 -13.577 -4.565 -1.036 -13.351 -4.02 -.273 -13.751 -3.934 -.571 -13.751
4 82 -4.565 -1.036 -13.351 -5.101 -1.133 -13.056 -4.436 .009 -13.575 -4.02 -.273 -13.751
4 82 -5.101 -1.133 -13.056 -5.724 -1.166 -12.725 -4.934 .233 -13.349 -4.436 .009 -13.575
4 82 -5.53 .416 -13.065 -4.934 .233 -13.349 -5.724 -1.166 -12.725 -6.336 -1.103 -12.414
4 82 -6.336 -1.103 -12.414 -6.829 -.852 -12.194 -6.138 .503 -12.76 -5.53 .416 -13.065
4 82 -6.829 -.852 -12.194 -7.212 -.485 -12.049 -6.678 .378 -12.458 -6.138 .503 -12.76
3 82 -7.212 -.485 -12.049 -7.138 .115 -12.178 -6.678 .378 -12.458
4 82 -8.364 .193 -11.548 -7.138 .115 -12.178 -7.212 -.485 -12.049 -8.439 -.414 -11.417
