0 ~Train Track  9V Contact Plate 2
0 Name: s\2859s04.dat
0 Author: Kevin Roach [KROACH]
0 !LDRAW_ORG Unofficial_Subpart 
0 !LICENSE Redistributable under CCAL version 2.0 : see CAreadme.txt

0 BFC CERTIFY CCW

0 !HISTORY 2020-10-09 [Cheenzo] Added missing and removed extra edges, reworked slope end

1 16 0 0.05 -35 -3.75 0 0 0 0 0.05 0 9.25 0 box4o8a.dat
1 16 1.25 .05 -24.5 0 2.5 0 0 0 .05 1.25 0 0 box3u10p.dat
1 16 -1.25 .05 -24.5 0 -2.5 0 0 0 .05 -1.25 0 0 box3u10p.dat
1 16 0 0.05 -23.25 -3.75 0 0 0 0 0.05 0 11.75 0 box4o8a.dat
1 16 1.25 0.05 7.5 -2.5 0 0 0 0 -0.05 0 -2.5 0 box4o8a.dat
1 16 1.25 .05 23.25 0 2.5 0 0 0 .05 1.25 0 0 box3u10p.dat
1 16 -1.25 .05 23.25 0 -2.5 0 0 0 .05 -1.25 0 0 box3u10p.dat
1 16 0 0.05 -9 -3.75 0 0 0 0 0.05 0 14 0 box4o8a.dat
1 16 -1.25 0.05 -9 -2.5 0 0 0 0 -0.05 0 -2.5 0 box4o8a.dat
1 16 0 0.05 7.5 -3.75 0 0 0 0 0.05 0 14.5 0 box4o8a.dat
1 16 0 0.05 46 -3.75 0 0 0 0 -0.05 0 -21.5 0 box4o4a.dat
1 16 0 0 -24.5 -1.25 0 0 0 1 0 0 0 -1.25 4-4ndis.dat
1 16 0 0.1 -24.5 -1.25 0 0 0 -1 0 0 0 -1.25 4-4ndis.dat
1 16 0 0 23.25 -1.25 0 0 0 1 0 0 0 1.25 4-4ndis.dat
1 16 0 0.1 23.25 -1.25 0 0 0 -1 0 0 0 1.25 4-4ndis.dat
0 BFC INVERTNEXT
1 16 0 0 -24.5 -1.25 0 0 0 0.1 0 0 0 -1.25 4-4cyli.dat
0 BFC INVERTNEXT
1 16 0 0 23.25 1.25 0 0 0 0.1 0 0 0 1.25 4-4cyli.dat
1 16 0 0 -24.5 -1.25 0 0 0 1 0 0 0 -1.25 4-4edge.dat
1 16 0 0 23.25 -1.25 0 0 0 1 0 0 0 -1.25 4-4edge.dat
1 16 0 0.1 -24.5 -1.25 0 0 0 -1 0 0 0 1.25 4-4edge.dat
1 16 0 0.1 23.25 -1.25 0 0 0 -1 0 0 0 1.25 4-4edge.dat
1 16 0 0.05 46 -3.75 0 0 0 0 -0.05 0 -1 0 rect.dat
1 16 2.5 0.05 -11.5 -1.25 0 0 0 0 -0.05 0 -1 0 rect.dat
1 16 2.5 0.05 -9 1.25 0 0 0 0 -0.05 0 1 0 rect.dat
1 16 -2.5 0.05 5 -1.25 0 0 0 0 -0.05 0 -1 0 rect.dat
1 16 -2.5 0.05 7.5 1.25 0 0 0 0 -0.05 0 1 0 rect.dat
0 // slope end
4 16 -2.791 0 -46 -2.75 .1 -46 2.75 .1 -46 2.791 0 -46
1 16 0 0 -40.5205 0 0 2.791 0 1 0 -5.4795 0 0 rect1.dat
1 16 0 .1 -40.5 0 0 -2.75 0 -1 0 -5.5 0 0 rect1.dat
4 16 -3.528 .736 -46 -3.457 .807 -46 -2.75 .1 -46 -2.791 0 -46
1 16 -3.1595 .368 -41 -.3685 0 0 .368 1 0 0 0 -5 rect.dat
4 16 -3.457 .807 -35.959 -2.75 .1 -36 -2.75 .1 -46 -3.457 .807 -46
4 16 2.791 0 -46 2.75 .1 -46 3.457 .807 -46 3.528 .736 -46
1 16 3.1595 .368 -41 -.3685 0 0 -.368 1 0 0 0 -5 rect.dat
1 16 3.1035 .4535 -40.9795 .3535 0 0 .3535 -1 0 0 0 -5.0205 rect.dat
4 16 -3.528 .736 -36 -3.457 .807 -35.959 -3.457 .807 -46 -3.528 .736 -46
4 16 3.457 .807 -35.959 3.528 .736 -36 3.528 .736 -46 3.457 .807 -46
3 16 3.75 0 -35 3.75 0 -35.041 3.75 .1 -35
3 16 -2.75 .1 -35 -2.75 .1 -36 -3.75 .1 -35
3 16 -2.75 .1 -36 -3.457 .807 -35.959 -3.75 .1 -35
3 16 -3.75 0 -35.041 -3.528 .736 -36 -2.791 0 -36
4 16 -3.75 0 -35 -3.75 0 -35.041 -2.791 0 -36 -2.791 0 -35.041
3 16 -3.75 0 -35.041 -3.75 .1 -35 -3.528 .736 -36
3 16 -3.528 .736 -36 -3.75 .1 -35 -3.457 .807 -35.959
3 16 -3.75 .1 -35 -3.75 0 -35.041 -3.75 0 -35
4 16 3.75 0 -35 -3.75 0 -35 -2.791 0 -35.041 2.791 0 -35.041
4 16 3.75 0 -35 2.791 0 -35.041 2.791 0 -36 3.75 0 -35.041
3 16 3.528 .736 -36 3.75 0 -35.041 2.791 0 -36
3 16 2.75 .1 -35 3.75 .1 -35 2.75 .1 -35.959
3 16 2.75 .1 -35.959 3.75 .1 -35 3.457 .807 -35.959
3 16 3.75 .1 -35 3.75 0 -35.041 3.457 .807 -35.959
3 16 3.457 .807 -35.959 3.75 0 -35.041 3.528 .736 -36
2 24 3.75 0 -35.041 2.791 0 -36
2 24 -3.75 0 -35 -3.75 0 -35.041
2 24 3.75 0 -35 3.75 0 -35.041
2 24 -3.75 0 -35.041 -2.791 0 -36
2 24 3.75 .1 -35 2.75 .1 -35.959
2 24 3.528 .736 -36 3.75 0 -35.041
2 24 3.457 .807 -35.959 3.75 .1 -35
2 24 -3.528 .736 -36 -3.75 0 -35.041
2 24 -3.457 .807 -35.959 -3.75 .1 -35
2 24 3.457 .807 -46 3.528 .736 -46
2 24 -3.528 .736 -46 -3.457 .807 -46
2 24 -2.75 .1 -46 -2.75 .1 -36
2 24 -3.457 .807 -46 -2.75 .1 -46
2 24 -3.457 .807 -35.959 -2.75 .1 -36
2 24 -3.457 .807 -35.959 -3.457 .807 -46
