0 ~Brick  1 x  1 Round with Droid Pattern Half
0 Name: s\3062bp03s01.dat
0 Author: Fredrik Hareide [fhareide]
0 !LDRAW_ORG Unofficial_Subpart 
0 !LICENSE Redistributable under CCAL version 2.0 : see CAreadme.txt

0 BFC CERTIFY CCW


0 // Black

4 0 1.8304 0.7296 -9.636 0 1.0857 -10 3.827 1.0857 -9.239 3.827 0.7296 -9.239
4 0 0 1.7295 -10 0 2.3091 -10 1.1929 2.3091 -9.7628 1.8825 1.7295 -9.6257
4 0 1.8868 3.8981 -9.6248 1.1929 3.8391 -9.7628 1.8868 4.4661 -9.6248 1.9724 4.4384 -9.6078
4 0 1.3224 8.3663 -9.7371 0.8608 8.5118 -9.8288 0.9085 8.8019 -9.8194 1.3897 8.8 -9.7237
3 0 3.7027 10.9703 -9.2705 3.5941 11.2049 -9.2883 3.5247 11.5803 -9.2948
4 0 4.3271 12.2878 -8.9048 4.1652 12.0928 -9.0129 3.9444 12.5408 -9.1712 4.1123 12.7335 -9.0548
4 0 4.7563 10.1925 -8.6157 4.5311 10.7449 -8.7685 4.7571 10.7034 -8.6174 5.1177 10.263 -8.3775
4 0 3.827 6.5892 -9.239 3.827 6.28 -9.239 0 6.28 -10 0 6.5892 -10
4 0 3.827 6.28 -9.239 3.827 6.5892 -9.239 7.071 6.5892 -7.071 7.071 6.28 -7.071
4 0 8.1444 9.425 -5.4648 8.0138 9.5445 -5.6603 8.0898 9.9676 -5.5466 8.2895 9.7854 -5.2477
4 0 7.8688 7.4599 -5.8773 7.8689 7.9037 -5.8771 8.0136 7.9447 -5.6606 8.0898 7.5223 -5.5466
4 0 0.1293 16.0247 -9.9743 3.827 16.0247 -9.239 3.4116 15.4467 -9.3216 0 15.4467 -10
4 0 3.827 15.4467 -9.239 3.827 16.0247 -9.239 7.071 16.0247 -7.071 7.071 15.4467 -7.071
4 0 8.2993 15.4467 -5.2332 7.071 15.4467 -7.071 7.6616 16.0247 -6.1873 8.9688 16.0247 -4.2313
4 0 3.827 13.8654 -9.239 3.4117 14.5114 -9.3216 3.6347 14.5096 -9.2772 3.827 14.3851 -9.239
4 0 3.9212 13.995 -9.1761 3.827 13.8654 -9.239 3.827 14.3851 -9.239 3.9212 14.2555 -9.1761
4 0 0.1293 16.0247 -9.9743 0 16.0247 -10 0 16.8805 -10 0.1293 16.9225 -9.9743
4 0 3.6347 15.4467 -9.2772 3.6347 14.5096 -9.2772 3.5204 14.5467 -9.3 3.4116 15.4467 -9.3216
4 0 0.1293 16.9225 -9.9743 0.4008 17.4322 -9.9203 0.4008 17.1717 -9.9203 0.2477 16.961 -9.9507
4 0 7.5336 16.9041 -6.3789 7.456 17.6532 -6.495 7.662 16.9074 -6.1867 7.5982 16.883 -6.2822
4 0 8.3006 14.5669 -5.2311 8.1426 14.0463 -5.4676 8.1426 14.3051 -5.4676 8.2285 14.5113 -5.339
4 0 8.37 14.5902 -5.1273 8.3006 14.5669 -5.2311 8.2993 15.4467 -5.2332 8.4367 15.4467 -5.0275
4 0 7.5982 16.883 -6.2822 7.662 16.9074 -6.1867 7.6616 16.0247 -6.1873 7.5332 16.0247 -6.3794
4 0 8.9688 6.28 -4.2313 7.071 6.28 -7.071 7.071 6.5892 -7.071 8.9688 6.5892 -4.2313
4 0 1.8868 3.8981 -9.6248 1.9724 3.3579 -9.6078 1.8868 3.3301 -9.6248 1.1929 3.8391 -9.7628
4 0 2.6074 5.3124 -9.4815 2.8726 4.9474 -9.4288 2.5857 4.6604 -9.4858 2.2207 4.9257 -9.5584
4 0 3.6349 4.6172 -9.2772 3.827 4.5867 -9.239 3.827 3.4883 -9.239 3.4127 4.582 -9.3214
4 0 3.6349 2.15 -9.2772 3.2342 2.6647 -9.3569 3.6349 2.6013 -9.2772 3.827 2.1804 -9.239
4 0 3.827 3.4883 -9.239 3.2123 3.3165 -9.3612 3.0998 3.429 -9.3836 2.9511 3.676 -9.4132
4 0 4.1751 5.5607 -9.0063 4.3972 4.9474 -8.8579 4.0357 5.1316 -9.0995 3.827 5.6159 -9.239
4 0 4.3188 3.676 -8.9104 4.2231 3.4883 -8.9743 3.827 3.4883 -9.239 4.3539 3.8981 -8.8868
4 0 4.1751 2.2356 -9.0063 4.0357 2.6647 -9.0995 4.3972 2.8489 -8.8579 4.6625 2.4839 -8.6807
4 0 3.8571 3.2143 -9.2189 3.827 3.2096 -9.239 3.827 3.4883 -9.239 4.0576 3.3165 -9.0849
4 0 5.8289 1.0271 -7.9011 5.8271 1.4026 -7.9023 6.5514 1.6073 -7.4182 6.8298 1.3152 -7.2322
3 0 3.7027 10.9703 -9.2705 3.5247 11.5803 -9.2948 3.7027 12.1842 -9.2703
3 0 3.7027 12.1842 -9.2703 3.5247 11.5803 -9.2948 3.5941 11.9535 -9.2884
4 0 3.8206 12.358 -9.235 3.8205 10.7932 -9.235 3.7027 10.9703 -9.2705 3.7027 12.1842 -9.2703
3 0 0 0.7394 -10 0 1.0857 -10 1.8304 0.7296 -9.636
4 0 1.1929 2.3091 -9.7628 1.1929 3.8391 -9.7628 1.8868 3.3301 -9.6248 1.8825 1.7295 -9.6257
4 0 1.1929 3.8391 -9.7628 0 3.8391 -10 0 4.4661 -10 1.8868 4.4661 -9.6248
4 0 0 9.7266 -10 0 10.225 -10 0.4292 10.1089 -9.9147 0.2593 9.6641 -9.9484
4 0 0.5207 9.5459 -9.8965 0.4292 10.1089 -9.9147 0.813 9.9125 -9.8383 0.7227 9.342 -9.8563
4 0 0.7227 9.342 -9.8563 0.813 9.9125 -9.8383 1.124 9.6205 -9.7765 0.8608 9.092 -9.8288
4 0 0.8608 9.092 -9.8288 1.124 9.6205 -9.7765 1.3224 9.2337 -9.7371 0.9085 8.8019 -9.8194
3 0 0.9085 8.8019 -9.8194 1.3224 9.2337 -9.7371 1.3897 8.8 -9.7237
4 0 0.8608 8.5118 -9.8288 1.3224 8.3663 -9.7371 1.124 7.9795 -9.7765 0.7227 8.2618 -9.8563
4 0 0.7227 8.2618 -9.8563 1.124 7.9795 -9.7765 0.813 7.6875 -9.8383 0.5206 8.0579 -9.8965
4 0 0.5206 8.0579 -9.8965 0.813 7.6875 -9.8383 0.4292 7.4911 -9.9147 0.2593 7.9397 -9.9484
4 0 0.4292 7.4911 -9.9147 0 7.375 -10 0 7.8772 -10 0.2593 7.9397 -9.9484
3 0 0.2593 9.6641 -9.9484 0.4292 10.1089 -9.9147 0.5207 9.5459 -9.8965
3 0 4.0255 11.5763 -9.1063 3.8205 10.7932 -9.235 3.8206 12.358 -9.235
3 0 4.1652 12.0928 -9.0129 3.8206 12.358 -9.235 3.9444 12.5408 -9.1712
3 0 4.1652 12.0928 -9.0129 4.0613 11.8476 -9.0824 3.8206 12.358 -9.235
3 0 4.3899 12.9071 -8.8588 4.531 12.4137 -8.7685 4.1123 12.7335 -9.0548
4 0 4.531 12.4137 -8.7685 4.3899 12.9071 -8.8588 4.756 12.9691 -8.6159 4.757 12.4581 -8.6175
4 0 4.756 12.9691 -8.6159 5.1175 12.9031 -8.3776 4.9831 12.4166 -8.4664 4.757 12.4581 -8.6175
4 0 5.1175 12.9031 -8.3776 5.4385 12.7099 -8.1626 5.187 12.2933 -8.3301 4.9831 12.4166 -8.4664
4 0 5.3489 12.1002 -8.2219 5.4385 12.7099 -8.1626 5.694 12.404 -7.991 5.8593 12.017 -7.8807
4 0 5.4528 11.8562 -8.1524 5.3489 12.1002 -8.2219 5.8593 12.017 -7.8807 5.9164 11.5879 -7.8428
3 0 4.0613 11.3053 -9.0824 3.8205 10.7932 -9.235 4.0255 11.5763 -9.1063
3 0 4.0255 11.5763 -9.1063 3.8206 12.358 -9.235 4.0613 11.8476 -9.0824
3 0 4.531 12.4137 -8.7685 4.3271 12.2878 -8.9048 4.1123 12.7335 -9.0548
3 0 5.187 12.2933 -8.3301 5.4385 12.7099 -8.1626 5.3489 12.1002 -8.2219
4 0 5.4886 11.5853 -8.1285 5.4528 11.8562 -8.1524 5.9164 11.5879 -7.8428 5.8593 11.1582 -7.8807
4 0 5.8593 11.1582 -7.8807 5.694 10.7692 -7.991 5.4529 11.314 -8.1524 5.4886 11.5853 -8.1285
4 0 5.3489 11.0687 -8.2219 5.694 10.7692 -7.991 5.4385 10.4602 -8.1626 5.1871 10.8737 -8.33
4 0 5.1871 10.8737 -8.33 5.4385 10.4602 -8.1626 5.1177 10.263 -8.3775 4.9832 10.7478 -8.4663
3 0 4.7571 10.7034 -8.6174 4.9832 10.7478 -8.4663 5.1177 10.263 -8.3775
3 0 4.5311 10.7449 -8.7685 4.7563 10.1925 -8.6157 4.3903 10.25 -8.8587
3 0 4.5311 10.7449 -8.7685 4.3903 10.25 -8.8587 4.1121 10.4197 -9.0548
3 0 4.3271 10.8683 -8.9048 4.5311 10.7449 -8.7685 4.1121 10.4197 -9.0548
4 0 4.3271 10.8683 -8.9048 4.1121 10.4197 -9.0548 3.9441 10.6101 -9.1712 4.1652 11.0614 -9.013
3 0 3.8205 10.7932 -9.235 4.1652 11.0614 -9.013 3.9441 10.6101 -9.1712
3 0 3.8205 10.7932 -9.235 4.0613 11.3053 -9.0824 4.1652 11.0614 -9.013
3 0 5.4529 11.314 -8.1524 5.694 10.7692 -7.991 5.3489 11.0687 -8.2219
4 0 8.3145 9.0043 -5.2103 8.4488 9.5008 -5.0095 8.5512 9.1417 -4.8561 8.3373 8.7444 -5.1762
4 0 8.3373 8.7444 -5.1762 8.5512 9.1417 -4.8561 8.5866 8.744 -4.8033 8.5512 8.3465 -4.8561
4 0 8.3144 8.4845 -5.2105 8.3373 8.7444 -5.1762 8.5512 8.3465 -4.8561 8.4487 7.988 -5.0095
4 0 8.248 9.2388 -5.3098 8.2895 9.7854 -5.2477 8.4488 9.5008 -5.0095 8.3145 9.0043 -5.2103
4 0 7.869 9.5856 -5.8769 7.8688 10.03 -5.8773 8.0898 9.9676 -5.5466 8.0138 9.5445 -5.6603
4 0 7.4484 9.7835 -6.5063 7.6478 9.9664 -6.2079 7.5938 9.4245 -6.2887 7.4904 9.2383 -6.4434
4 0 7.6478 9.9664 -6.2079 7.8688 10.03 -5.8773 7.869 9.5856 -5.8769 7.7243 9.5442 -6.0935
4 0 7.4241 9.004 -6.5426 7.1885 9.1416 -6.8952 7.2902 9.4994 -6.7431 7.4904 9.2383 -6.4434
3 0 7.4904 9.2383 -6.4434 7.2902 9.4994 -6.7431 7.4484 9.7835 -6.5063
4 0 7.1885 8.3478 -6.8952 7.1534 8.7447 -6.9476 7.4013 8.7445 -6.5767 7.4243 8.4849 -6.5424
4 0 7.1534 8.7447 -6.9476 7.1885 9.1416 -6.8952 7.4241 9.004 -6.5426 7.4013 8.7445 -6.5767
3 0 8.248 9.2388 -5.3098 8.1444 9.425 -5.4648 8.2895 9.7854 -5.2477
3 0 7.7243 9.5442 -6.0935 7.5938 9.4245 -6.2887 7.6478 9.9664 -6.2079
4 0 8.2478 8.2501 -5.3101 8.3144 8.4845 -5.2105 8.4487 7.988 -5.0095 8.2895 7.7041 -5.2477
4 0 8.1442 8.0641 -5.4652 8.2478 8.2501 -5.3101 8.2895 7.7041 -5.2477 8.0898 7.5223 -5.5466
4 0 7.7243 7.9451 -6.0934 7.8688 7.4599 -5.8773 7.6478 7.5231 -6.2079 7.594 8.0647 -6.2884
4 0 7.594 8.0647 -6.2884 7.6478 7.5231 -6.2079 7.4484 7.7057 -6.5063 7.4906 8.2507 -6.4431
4 0 7.4906 8.2507 -6.4431 7.4484 7.7057 -6.5063 7.2901 7.9898 -6.7431 7.4243 8.4849 -6.5424
3 0 7.2901 7.9898 -6.7431 7.1885 8.3478 -6.8952 7.4243 8.4849 -6.5424
3 0 8.0898 7.5223 -5.5466 8.0136 7.9447 -5.6606 8.1442 8.0641 -5.4652
3 0 7.8688 7.4599 -5.8773 7.7243 7.9451 -6.0934 7.8689 7.9037 -5.8771
3 0 3.827 16.0247 -9.239 3.827 15.4467 -9.239 3.6347 15.4467 -9.2772
3 0 0.1293 16.0247 -9.9743 0 15.4467 -10 0 16.0247 -10
3 0 3.4116 15.4467 -9.3216 3.827 16.0247 -9.239 3.6347 15.4467 -9.2772
3 0 7.071 16.0247 -7.071 7.5332 16.0247 -6.3794 7.071 15.4467 -7.071
4 0 8.9688 16.0247 -4.2313 9.0104 15.8338 -4.1691 8.9688 15.4519 -4.2313 8.4367 15.4467 -5.0275
3 0 8.4367 15.4467 -5.0275 8.2993 15.4467 -5.2332 8.9688 16.0247 -4.2313
3 0 7.6616 16.0247 -6.1873 7.071 15.4467 -7.071 7.5332 16.0247 -6.3794
3 0 9.0104 15.8338 -4.1691 9.0104 15.6428 -4.1691 8.9688 15.4519 -4.2313
4 0 3.827 13.8654 -9.239 3.7681 13.7843 -9.2507 3.5204 13.7038 -9.3 3.2726 13.7843 -9.3492
4 0 3.4117 14.5114 -9.3216 3.2726 13.7843 -9.3492 3.1195 13.995 -9.3797 3.1195 14.2555 -9.3797
3 0 3.4117 14.5114 -9.3216 3.1195 14.2555 -9.3797 3.2726 14.4662 -9.3492
3 0 3.6347 14.5096 -9.2772 3.4117 14.5114 -9.3216 3.5204 14.5467 -9.3
3 0 3.827 14.3851 -9.239 3.6347 14.5096 -9.2772 3.7681 14.4662 -9.2507
3 0 3.4117 14.5114 -9.3216 3.827 13.8654 -9.239 3.2726 13.7843 -9.3492
3 0 3.5204 14.5467 -9.3 3.4117 14.5114 -9.3216 3.4116 15.4467 -9.3216
4 0 0.1293 16.9225 -9.9743 0 16.8805 -10 0 17.7234 -10 0.2477 17.6429 -9.9507
3 0 0.1293 16.9225 -9.9743 0.2477 17.6429 -9.9507 0.4008 17.4322 -9.9203
4 0 7.8309 17.1887 -5.9339 7.7413 16.9706 -6.0681 7.662 16.9074 -6.1867 7.7413 17.6658 -6.0681
4 0 7.5336 16.9041 -6.3789 7.456 16.9623 -6.495 7.3696 17.1731 -6.6242 7.3696 17.4361 -6.6242
3 0 7.456 17.6532 -6.495 7.5336 16.9041 -6.3789 7.3696 17.4361 -6.6242
4 0 7.662 16.9074 -6.1867 7.456 17.6532 -6.495 7.5982 17.7418 -6.2822 7.7413 17.6658 -6.0681
3 0 7.8309 17.1887 -5.9339 7.7413 17.6658 -6.0681 7.8309 17.4543 -5.9339
4 0 8.3006 14.5669 -5.2311 8.37 14.5902 -5.1273 8.434 14.5686 -5.0316 8.37 13.7482 -5.1273
4 0 8.5124 13.8226 -4.9142 8.434 14.5686 -5.0316 8.5124 14.5053 -4.9142 8.6016 14.2933 -4.7807
3 0 8.6016 14.2933 -4.7807 8.6016 14.0295 -4.7807 8.5124 13.8226 -4.9142
3 0 8.5124 13.8226 -4.9142 8.37 13.7482 -5.1273 8.434 14.5686 -5.0316
4 0 8.3006 14.5669 -5.2311 8.37 13.7482 -5.1273 8.2285 13.8329 -5.339 8.1426 14.0463 -5.4676
3 0 8.37 14.5902 -5.1273 8.4367 15.4467 -5.0275 8.434 14.5686 -5.0316
3 0 7.5336 16.9041 -6.3789 7.5982 16.883 -6.2822 7.5332 16.0247 -6.3794
4 0 8.9688 6.28 -4.2313 8.9688 6.5892 -4.2313 9.0058 6.521 -4.1759 9.0058 6.3481 -4.1759
3 0 1.9825 3.3379 -9.6058 1.8868 3.3301 -9.6248 1.9724 3.3579 -9.6078
4 0 2.4015 3.4974 -9.5225 2.4628 3.3771 -9.5103 1.9825 3.3379 -9.6058 1.9724 3.3579 -9.6078
4 0 2.338 3.8981 -9.5351 1.9724 3.3579 -9.6078 1.8868 3.8981 -9.6248 1.9724 4.4384 -9.6078
4 0 2.4015 4.2989 -9.5225 1.9724 4.4384 -9.6078 1.9865 4.4661 -9.605 2.5857 4.6604 -9.4858
3 0 2.5857 4.6604 -9.4858 1.9865 4.4661 -9.605 2.2207 4.9257 -9.5584
4 0 2.8726 4.9474 -9.4288 2.6074 5.3124 -9.4815 3.0947 5.5607 -9.3846 3.2342 5.1316 -9.3569
4 0 3.2342 5.1316 -9.3569 3.0947 5.5607 -9.3846 3.6349 5.6463 -9.2772 3.6349 5.195 -9.2772
4 0 3.6349 5.195 -9.2772 3.6349 5.6463 -9.2772 3.827 5.6159 -9.239 3.827 5.1646 -9.239
3 0 2.338 3.8981 -9.5351 1.9724 4.4384 -9.6078 2.4015 4.2989 -9.5225
3 0 2.338 3.8981 -9.5351 2.4015 3.4974 -9.5225 1.9724 3.3579 -9.6078
3 0 2.9511 3.676 -9.4132 3.0998 3.429 -9.3836 3.0532 3.4755 -9.3929
4 0 3.827 3.4883 -9.239 2.9511 3.676 -9.4132 2.9159 3.8981 -9.4202 2.9511 4.1203 -9.4132
4 0 3.827 3.4883 -9.239 2.9511 4.1203 -9.4132 3.0532 4.3208 -9.3929 3.2123 4.4798 -9.3612
3 0 3.4127 4.582 -9.3214 3.827 3.4883 -9.239 3.2123 4.4798 -9.3612
3 0 3.827 2.6317 -9.239 3.827 2.1804 -9.239 3.6349 2.6013 -9.2772
4 0 3.2342 2.6647 -9.3569 3.6349 2.15 -9.2772 3.0947 2.2356 -9.3846 2.8726 2.8489 -9.4288
4 0 2.8726 2.8489 -9.4288 3.0947 2.2356 -9.3846 2.6074 2.4839 -9.4815 2.5857 3.1359 -9.4858
4 0 2.5857 3.1359 -9.4858 2.6074 2.4839 -9.4815 2.2207 2.8706 -9.5584 2.4628 3.3771 -9.5103
3 0 2.4628 3.3771 -9.5103 2.2207 2.8706 -9.5584 1.9825 3.3379 -9.6058
4 0 3.827 3.4883 -9.239 3.827 3.2096 -9.239 3.6349 3.1791 -9.2772 3.4127 3.2143 -9.3214
3 0 3.4127 3.2143 -9.3214 3.2123 3.3165 -9.3612 3.827 3.4883 -9.239
3 0 3.827 5.1646 -9.239 3.827 5.6159 -9.239 4.0357 5.1316 -9.0995
4 0 4.3972 4.9474 -8.8579 4.1751 5.5607 -9.0063 4.6625 5.3124 -8.6807 4.6841 4.6604 -8.6662
4 0 4.6841 4.6604 -8.6662 4.6625 5.3124 -8.6807 5.0492 4.9257 -8.4222 4.8683 4.2989 -8.5431
4 0 4.8683 4.2989 -8.5431 5.0492 4.9257 -8.4222 5.2975 4.4384 -8.2562 4.9318 3.8981 -8.5006
4 0 4.9318 3.8981 -8.5006 5.2975 4.4384 -8.2562 5.3831 3.8981 -8.1991 5.3182 3.4883 -8.2424
4 0 4.8637 3.4883 -8.5462 4.8683 3.4974 -8.5431 5.3182 3.4883 -8.2424 5.2975 3.3579 -8.2562
3 0 4.8683 3.4974 -8.5431 4.9318 3.8981 -8.5006 5.3182 3.4883 -8.2424
4 0 3.827 3.4883 -9.239 3.827 4.5867 -9.239 3.8571 4.582 -9.2189 4.0576 4.4798 -9.0849
4 0 3.827 3.4883 -9.239 4.0576 4.4798 -9.0849 4.2166 4.3208 -8.9786 4.3188 4.1203 -8.9104
3 0 4.3539 3.8981 -8.8868 3.827 3.4883 -9.239 4.3188 4.1203 -8.9104
4 0 4.6841 3.1359 -8.6662 5.2138 3.1937 -8.3122 5.0492 2.8706 -8.4222 4.6625 2.4839 -8.6807
4 0 4.8637 3.4883 -8.5462 5.2975 3.3579 -8.2562 5.2138 3.1937 -8.3122 4.6841 3.1359 -8.6662
3 0 4.6841 3.1359 -8.6662 4.6625 2.4839 -8.6807 4.3972 2.8489 -8.8579
4 0 4.0357 2.6647 -9.0995 4.1751 2.2356 -9.0063 3.827 2.1804 -9.239 3.827 2.6317 -9.239
4 0 3.827 3.4883 -9.239 4.2231 3.4883 -8.9743 4.2166 3.4755 -8.9786 4.0576 3.3165 -9.0849
3 0 5.2138 3.1937 -8.3122 5.2975 3.3579 -8.2562 6.5514 3.1937 -7.4182
4 0 6.5514 3.1937 -7.4182 5.2975 3.3579 -8.2562 5.3182 3.4883 -8.2424 6.8298 3.4883 -7.2322
4 0 4.8548 1.2215 -8.5521 5.8289 1.0271 -7.9011 4.8279 0.8524 -8.5701 3.827 1.0857 -9.239
3 0 4.8279 0.8524 -8.5701 3.827 0.7296 -9.239 3.827 1.0857 -9.239
4 0 6.8298 1.3152 -7.2322 6.5514 1.6073 -7.4182 6.5514 3.1937 -7.4182 6.8298 3.4883 -7.2322
3 0 5.8289 1.0271 -7.9011 4.8548 1.2215 -8.5521 5.8271 1.4026 -7.9023
3 0 1.8868 4.4661 -9.6248 1.9865 4.4661 -9.605 1.9724 4.4384 -9.6078

0 // Red
4 4 0.2593 9.6641 -9.9484 0.7227 8.2618 -9.8563 0.2593 7.9397 -9.9484 0 9.7266 -10
4 4 4.0255 11.5763 -9.1063 4.3271 10.8683 -8.9048 4.1652 11.0614 -9.013 4.0613 11.3053 -9.0824
3 4 0 7.8772 -10 0 9.7266 -10 0.2593 7.9397 -9.9484
4 4 0.2593 9.6641 -9.9484 0.5207 9.5459 -9.8965 0.7227 9.342 -9.8563 0.7227 8.2618 -9.8563
4 4 0.7227 9.342 -9.8563 0.8608 9.092 -9.8288 0.9085 8.8019 -9.8194 0.7227 8.2618 -9.8563
3 4 0.9085 8.8019 -9.8194 0.8608 8.5118 -9.8288 0.7227 8.2618 -9.8563
3 4 0.7227 8.2618 -9.8563 0.5206 8.0579 -9.8965 0.2593 7.9397 -9.9484
4 4 4.5311 10.7449 -8.7685 4.0255 11.5763 -9.1063 4.0613 11.8476 -9.0824 4.7571 10.7034 -8.6174
4 4 4.7571 10.7034 -8.6174 4.0613 11.8476 -9.0824 4.1652 12.0928 -9.0129 4.9832 10.7478 -8.4663
4 4 4.9832 10.7478 -8.4663 4.1652 12.0928 -9.0129 4.3271 12.2878 -8.9048 5.1871 10.8737 -8.33
4 4 5.1871 10.8737 -8.33 4.3271 12.2878 -8.9048 4.531 12.4137 -8.7685 5.3489 11.0687 -8.2219
4 4 5.3489 11.0687 -8.2219 4.531 12.4137 -8.7685 4.757 12.4581 -8.6175 5.4529 11.314 -8.1524
4 4 5.4529 11.314 -8.1524 4.757 12.4581 -8.6175 4.9831 12.4166 -8.4664 5.4886 11.5853 -8.1285
4 4 5.4886 11.5853 -8.1285 4.9831 12.4166 -8.4664 5.187 12.2933 -8.3301 5.4528 11.8562 -8.1524
3 4 5.4528 11.8562 -8.1524 5.187 12.2933 -8.3301 5.3489 12.1002 -8.2219
3 4 4.3271 10.8683 -8.9048 4.0255 11.5763 -9.1063 4.5311 10.7449 -8.7685

0 // Main_Colour
4 16 1.8304 0.7296 -9.636 3.827 0.7296 -9.239 3.827 0 -9.239 0 0 -10
4 16 3.827 19 -9.239 7.071 19 -7.071 7.071 16.0247 -7.071 3.827 16.0247 -9.239
4 16 8.9688 6.28 -4.2313 9.239 0 -3.827 7.071 0 -7.071 7.071 6.28 -7.071
4 16 3.0947 5.5607 -9.3846 2.6074 5.3124 -9.4815 0 6.28 -10 3.827 6.28 -9.239
4 16 1.8825 1.7295 -9.6257 2.6074 2.4839 -9.4815 3.0947 2.2356 -9.3846 3.827 1.0857 -9.239
4 16 6.8298 3.4883 -7.2322 7.071 6.28 -7.071 7.071 0 -7.071 6.8298 1.3152 -7.2322
4 16 0 15.4467 -10 3.1195 14.2555 -9.3797 3.1195 13.995 -9.3797 0 10.225 -10
3 16 8.0898 7.5223 -5.5466 8.2895 7.7041 -5.2477 8.9688 6.5892 -4.2313
4 16 4.1751 2.2356 -9.0063 4.6625 2.4839 -8.6807 4.8548 1.2215 -8.5521 3.827 1.0857 -9.239
4 16 7.7413 17.6658 -6.0681 7.5982 17.7418 -6.2822 7.071 19 -7.071 9.239 19 -3.827
4 16 5.9164 11.5879 -7.8428 5.8593 12.017 -7.8807 7.071 15.4467 -7.071 7.071 6.5892 -7.071
4 16 0.2477 16.961 -9.9507 3.827 16.0247 -9.239 0.1293 16.0247 -9.9743 0.1293 16.9225 -9.9743
3 16 3.7681 14.4662 -9.2507 3.827 15.4467 -9.239 3.827 14.3851 -9.239
3 16 0 19 -10 0.2477 17.6429 -9.9507 0 17.7234 -10
4 16 7.071 16.0247 -7.071 7.3696 17.1731 -6.6242 7.456 16.9623 -6.495 7.5332 16.0247 -6.3794
4 16 8.2285 14.5113 -5.339 8.1426 14.3051 -5.4676 7.071 15.4467 -7.071 8.2993 15.4467 -5.2332
4 16 7.7413 16.9706 -6.0681 7.8309 17.1887 -5.9339 8.9688 16.0247 -4.2313 7.6616 16.0247 -6.1873
3 16 7.071 15.4467 -7.071 7.2902 9.4994 -6.7431 7.1885 9.1416 -6.8952
4 16 8.5124 14.5053 -4.9142 8.4367 15.4467 -5.0275 8.9688 15.4519 -4.2313 8.6016 14.2933 -4.7807
3 16 0 0 -10 0 0.7394 -10 1.8304 0.7296 -9.636
3 16 3.827 6.28 -9.239 3.827 5.6159 -9.239 3.6349 5.6463 -9.2772
3 16 3.827 6.28 -9.239 3.6349 5.6463 -9.2772 3.0947 5.5607 -9.3846
4 16 1.8868 4.4661 -9.6248 0 4.4661 -10 0 6.28 -10 2.2207 4.9257 -9.5584
3 16 1.8868 4.4661 -9.6248 2.2207 4.9257 -9.5584 1.9865 4.4661 -9.605
3 16 2.2207 4.9257 -9.5584 0 6.28 -10 2.6074 5.3124 -9.4815
4 16 2.2207 2.8706 -9.5584 1.8825 1.7295 -9.6257 1.8868 3.3301 -9.6248 1.9825 3.3379 -9.6058
4 16 0 1.0857 -10 0 1.7295 -10 1.8825 1.7295 -9.6257 3.827 1.0857 -9.239
3 16 3.827 1.0857 -9.239 3.6349 2.15 -9.2772 3.827 2.1804 -9.239
3 16 3.6349 2.15 -9.2772 3.827 1.0857 -9.239 3.0947 2.2356 -9.3846
3 16 1.8825 1.7295 -9.6257 2.2207 2.8706 -9.5584 2.6074 2.4839 -9.4815
3 16 5.3831 3.8981 -8.1991 6.8298 3.4883 -7.2322 5.3182 3.4883 -8.2424
4 16 6.8298 3.4883 -7.2322 5.3831 3.8981 -8.1991 5.2975 4.4384 -8.2562 7.071 6.28 -7.071
3 16 5.2975 4.4384 -8.2562 5.0492 4.9257 -8.4222 7.071 6.28 -7.071
4 16 7.071 6.28 -7.071 5.0492 4.9257 -8.4222 4.6625 5.3124 -8.6807 3.827 6.28 -9.239
3 16 3.827 6.28 -9.239 4.1751 5.5607 -9.0063 3.827 5.6159 -9.239
4 16 4.8279 0.8524 -8.5701 7.071 0 -7.071 3.827 0 -9.239 3.827 0.7296 -9.239
3 16 4.1751 5.5607 -9.0063 3.827 6.28 -9.239 4.6625 5.3124 -8.6807
3 16 5.8289 1.0271 -7.9011 7.071 0 -7.071 4.8279 0.8524 -8.5701
3 16 6.8298 1.3152 -7.2322 7.071 0 -7.071 5.8289 1.0271 -7.9011
4 16 1.3897 8.8 -9.7237 3.8205 10.7932 -9.235 3.827 6.5892 -9.239 1.3224 8.3663 -9.7371
4 16 3.827 6.5892 -9.239 0 6.5892 -10 0.813 7.6875 -9.8383 1.124 7.9795 -9.7765
3 16 0 7.375 -10 0.4292 7.4911 -9.9147 0 6.5892 -10
3 16 0.4292 7.4911 -9.9147 0.813 7.6875 -9.8383 0 6.5892 -10
3 16 3.8205 10.7932 -9.235 1.3224 9.2337 -9.7371 3.7027 10.9703 -9.2705
3 16 1.124 7.9795 -9.7765 1.3224 8.3663 -9.7371 3.827 6.5892 -9.239
4 16 1.124 9.6205 -9.7765 3.5941 11.2049 -9.2883 3.7027 10.9703 -9.2705 1.3224 9.2337 -9.7371
3 16 1.3224 9.2337 -9.7371 3.8205 10.7932 -9.235 1.3897 8.8 -9.7237
3 16 0.813 9.9125 -9.8383 3.5247 11.5803 -9.2948 3.5941 11.2049 -9.2883
3 16 3.5247 11.5803 -9.2948 0.4292 10.1089 -9.9147 3.5941 11.9535 -9.2884
3 16 1.124 9.6205 -9.7765 0.813 9.9125 -9.8383 3.5941 11.2049 -9.2883
3 16 3.8206 12.358 -9.235 3.7681 13.7843 -9.2507 3.827 13.8654 -9.239
3 16 3.7027 12.1842 -9.2703 3.2726 13.7843 -9.3492 3.8206 12.358 -9.235
3 16 3.8206 12.358 -9.235 3.5204 13.7038 -9.3 3.7681 13.7843 -9.2507
3 16 3.5941 11.9535 -9.2884 3.2726 13.7843 -9.3492 3.7027 12.1842 -9.2703
3 16 0.813 9.9125 -9.8383 0.4292 10.1089 -9.9147 3.5247 11.5803 -9.2948
3 16 3.8206 12.358 -9.235 3.2726 13.7843 -9.3492 3.5204 13.7038 -9.3
4 16 0.4292 10.1089 -9.9147 0 10.225 -10 3.1195 13.995 -9.3797 3.5941 11.9535 -9.2884
3 16 3.2726 13.7843 -9.3492 3.5941 11.9535 -9.2884 3.1195 13.995 -9.3797
4 16 3.1195 14.2555 -9.3797 0 15.4467 -10 3.4116 15.4467 -9.3216 3.2726 14.4662 -9.3492
3 16 3.4116 15.4467 -9.3216 3.4117 14.5114 -9.3216 3.2726 14.4662 -9.3492
4 16 8.9688 6.5892 -4.2313 8.5866 8.744 -4.8033 8.5512 9.1417 -4.8561 9.0058 6.521 -4.1759
3 16 7.1885 8.3478 -6.8952 7.2901 7.9898 -6.7431 7.071 6.5892 -7.071
3 16 7.2901 7.9898 -6.7431 7.4484 7.7057 -6.5063 7.071 6.5892 -7.071
3 16 8.5866 8.744 -4.8033 8.9688 6.5892 -4.2313 8.5512 8.3465 -4.8561
3 16 8.5512 8.3465 -4.8561 8.9688 6.5892 -4.2313 8.4487 7.988 -5.0095
3 16 7.4484 7.7057 -6.5063 7.6478 7.5231 -6.2079 7.071 6.5892 -7.071
4 16 7.071 6.5892 -7.071 7.6478 7.5231 -6.2079 7.8688 7.4599 -5.8773 8.9688 6.5892 -4.2313
3 16 8.2895 7.7041 -5.2477 8.4487 7.988 -5.0095 8.9688 6.5892 -4.2313
3 16 8.9688 6.5892 -4.2313 7.8688 7.4599 -5.8773 8.0898 7.5223 -5.5466
3 16 3.827 2.1804 -9.239 4.1751 2.2356 -9.0063 3.827 1.0857 -9.239
4 16 6.5514 3.1937 -7.4182 6.5514 1.6073 -7.4182 5.8271 1.4026 -7.9023 5.0492 2.8706 -8.4222
4 16 5.8271 1.4026 -7.9023 4.8548 1.2215 -8.5521 4.6625 2.4839 -8.6807 5.0492 2.8706 -8.4222
3 16 5.0492 2.8706 -8.4222 5.2138 3.1937 -8.3122 6.5514 3.1937 -7.4182
4 16 9.239 19 -3.827 8.9688 16.0247 -4.2313 7.8309 17.4543 -5.9339 7.7413 17.6658 -6.0681
3 16 8.9688 16.0247 -4.2313 7.8309 17.1887 -5.9339 7.8309 17.4543 -5.9339
3 16 7.456 17.6532 -6.495 7.3696 17.4361 -6.6242 7.071 19 -7.071
3 16 7.5982 17.7418 -6.2822 7.456 17.6532 -6.495 7.071 19 -7.071
4 16 3.9212 14.2555 -9.1761 3.827 14.3851 -9.239 3.827 15.4467 -9.239 7.071 15.4467 -7.071
3 16 3.8205 10.7932 -9.235 3.9441 10.6101 -9.1712 3.827 6.5892 -9.239
3 16 3.9441 10.6101 -9.1712 4.1121 10.4197 -9.0548 3.827 6.5892 -9.239
3 16 3.827 13.8654 -9.239 3.9444 12.5408 -9.1712 3.8206 12.358 -9.235
4 16 4.3899 12.9071 -8.8588 3.827 13.8654 -9.239 3.9212 13.995 -9.1761 4.756 12.9691 -8.6159
3 16 3.9444 12.5408 -9.1712 3.827 13.8654 -9.239 4.1123 12.7335 -9.0548
4 16 4.756 12.9691 -8.6159 3.9212 13.995 -9.1761 3.9212 14.2555 -9.1761 5.1175 12.9031 -8.3776
4 16 5.1175 12.9031 -8.3776 3.9212 14.2555 -9.1761 7.071 15.4467 -7.071 5.4385 12.7099 -8.1626
4 16 5.1177 10.263 -8.3775 7.071 6.5892 -7.071 3.827 6.5892 -9.239 4.7563 10.1925 -8.6157
3 16 4.3903 10.25 -8.8587 3.827 6.5892 -9.239 4.1121 10.4197 -9.0548
3 16 4.7563 10.1925 -8.6157 3.827 6.5892 -9.239 4.3903 10.25 -8.8587
3 16 4.3899 12.9071 -8.8588 4.1123 12.7335 -9.0548 3.827 13.8654 -9.239
3 16 7.071 6.5892 -7.071 5.1177 10.263 -8.3775 5.4385 10.4602 -8.1626
3 16 7.071 6.5892 -7.071 5.4385 10.4602 -8.1626 5.694 10.7692 -7.991
3 16 7.071 6.5892 -7.071 5.694 10.7692 -7.991 5.8593 11.1582 -7.8807
3 16 7.071 6.5892 -7.071 5.8593 11.1582 -7.8807 5.9164 11.5879 -7.8428
3 16 7.071 15.4467 -7.071 5.694 12.404 -7.991 5.4385 12.7099 -8.1626
3 16 5.694 12.404 -7.991 7.071 15.4467 -7.071 5.8593 12.017 -7.8807
4 16 3.827 15.4467 -9.239 3.7681 14.4662 -9.2507 3.6347 14.5096 -9.2772 3.6347 15.4467 -9.2772
3 16 0.2477 16.961 -9.9507 0.4008 17.1717 -9.9203 3.827 16.0247 -9.239
4 16 3.827 16.0247 -9.239 0.4008 17.1717 -9.9203 0.4008 17.4322 -9.9203 3.827 19 -9.239
4 16 0 19 -10 3.827 19 -9.239 0.4008 17.4322 -9.9203 0.2477 17.6429 -9.9507
4 16 7.071 16.0247 -7.071 7.071 19 -7.071 7.3696 17.4361 -6.6242 7.3696 17.1731 -6.6242
3 16 7.5332 16.0247 -6.3794 7.456 16.9623 -6.495 7.5336 16.9041 -6.3789
3 16 8.2285 14.5113 -5.339 8.2993 15.4467 -5.2332 8.3006 14.5669 -5.2311
3 16 7.662 16.9074 -6.1867 7.7413 16.9706 -6.0681 7.6616 16.0247 -6.1873
3 16 9.239 0 -3.827 8.9688 6.28 -4.2313 9.0058 6.3481 -4.1759
3 16 9.0104 15.8338 -4.1691 8.9688 16.0247 -4.2313 9.239 19 -3.827
3 16 9.0104 15.6428 -4.1691 9.0104 15.8338 -4.1691 9.239 19 -3.827
4 16 9.0058 6.521 -4.1759 9.239 19 -3.827 9.239 0 -3.827 9.0058 6.3481 -4.1759
3 16 9.239 19 -3.827 9.0058 6.521 -4.1759 9.0104 15.6428 -4.1691
4 16 8.9688 15.4519 -4.2313 9.0104 15.6428 -4.1691 9.0058 6.521 -4.1759 8.5512 9.1417 -4.8561
3 16 8.9688 15.4519 -4.2313 8.6016 14.0295 -4.7807 8.6016 14.2933 -4.7807
4 16 8.6016 14.0295 -4.7807 8.9688 15.4519 -4.2313 8.5512 9.1417 -4.8561 8.4488 9.5008 -5.0095
4 16 8.5124 13.8226 -4.9142 8.6016 14.0295 -4.7807 8.4488 9.5008 -5.0095 8.2895 9.7854 -5.2477
4 16 8.37 13.7482 -5.1273 8.5124 13.8226 -4.9142 8.2895 9.7854 -5.2477 8.0898 9.9676 -5.5466
4 16 8.37 13.7482 -5.1273 8.0898 9.9676 -5.5466 7.8688 10.03 -5.8773 8.2285 13.8329 -5.339
4 16 8.2285 13.8329 -5.339 7.8688 10.03 -5.8773 7.6478 9.9664 -6.2079 8.1426 14.0463 -5.4676
4 16 7.071 15.4467 -7.071 8.1426 14.3051 -5.4676 8.1426 14.0463 -5.4676 7.4484 9.7835 -6.5063
3 16 8.1426 14.0463 -5.4676 7.6478 9.9664 -6.2079 7.4484 9.7835 -6.5063
3 16 7.1534 8.7447 -6.9476 7.1885 8.3478 -6.8952 7.071 6.5892 -7.071
3 16 7.1534 8.7447 -6.9476 7.071 6.5892 -7.071 7.071 15.4467 -7.071
3 16 7.2902 9.4994 -6.7431 7.071 15.4467 -7.071 7.4484 9.7835 -6.5063
3 16 7.071 15.4467 -7.071 7.1885 9.1416 -6.8952 7.1534 8.7447 -6.9476
3 16 8.434 14.5686 -5.0316 8.4367 15.4467 -5.0275 8.5124 14.5053 -4.9142

0 // Dark_Bluish_Grey
4 72 7.7243 9.5442 -6.0935 7.7243 7.9451 -6.0934 7.594 8.0647 -6.2884 7.5938 9.4245 -6.2887
4 72 7.4904 9.2383 -6.4434 7.4906 8.2507 -6.4431 7.4243 8.4849 -6.5424 7.4013 8.7445 -6.5767
3 72 7.4904 9.2383 -6.4434 7.4013 8.7445 -6.5767 7.4241 9.004 -6.5426
4 72 7.4906 8.2507 -6.4431 7.4904 9.2383 -6.4434 7.5938 9.4245 -6.2887 7.594 8.0647 -6.2884
4 72 7.7243 7.9451 -6.0934 7.7243 9.5442 -6.0935 7.869 9.5856 -5.8769 7.8689 7.9037 -5.8771
4 72 7.8689 7.9037 -5.8771 7.869 9.5856 -5.8769 8.0138 9.5445 -5.6603 8.0136 7.9447 -5.6606
4 72 8.1442 8.0641 -5.4652 8.0138 9.5445 -5.6603 8.1444 9.425 -5.4648 8.248 9.2388 -5.3098
4 72 8.2478 8.2501 -5.3101 8.1442 8.0641 -5.4652 8.248 9.2388 -5.3098 8.3145 9.0043 -5.2103
4 72 8.2478 8.2501 -5.3101 8.3145 9.0043 -5.2103 8.3373 8.7444 -5.1762 8.3144 8.4845 -5.2105
3 72 8.0138 9.5445 -5.6603 8.1442 8.0641 -5.4652 8.0136 7.9447 -5.6606

0 // Metallic_Silver
4 80 0 2.3091 -10 0 3.8391 -10 1.1929 3.8391 -9.7628 1.1929 2.3091 -9.7628
4 80 2.4015 3.4974 -9.5225 2.9159 3.8981 -9.4202 2.9511 3.676 -9.4132 2.4628 3.3771 -9.5103
4 80 3.6349 2.6013 -9.2772 3.4127 3.2143 -9.3214 3.6349 3.1791 -9.2772 3.827 2.6317 -9.239
4 80 4.6841 4.6604 -8.6662 4.3188 4.1203 -8.9104 4.2166 4.3208 -8.9786 4.3972 4.9474 -8.8579
4 80 4.0357 2.6647 -9.0995 3.8571 3.2143 -9.2189 4.0576 3.3165 -9.0849 4.3972 2.8489 -8.8579
4 80 2.4628 3.3771 -9.5103 3.0532 3.4755 -9.3929 3.0998 3.429 -9.3836 2.5857 3.1359 -9.4858
3 80 2.9511 3.676 -9.4132 3.0532 3.4755 -9.3929 2.4628 3.3771 -9.5103
4 80 2.9159 3.8981 -9.4202 2.4015 3.4974 -9.5225 2.338 3.8981 -9.5351 2.4015 4.2989 -9.5225
4 80 2.9511 4.1203 -9.4132 2.9159 3.8981 -9.4202 2.4015 4.2989 -9.5225 2.5857 4.6604 -9.4858
4 80 2.5857 4.6604 -9.4858 2.8726 4.9474 -9.4288 3.0532 4.3208 -9.3929 2.9511 4.1203 -9.4132
4 80 3.2123 4.4798 -9.3612 2.8726 4.9474 -9.4288 3.2342 5.1316 -9.3569 3.4127 4.582 -9.3214
4 80 3.4127 4.582 -9.3214 3.2342 5.1316 -9.3569 3.6349 5.195 -9.2772 3.6349 4.6172 -9.2772
4 80 3.6349 4.6172 -9.2772 3.6349 5.195 -9.2772 3.827 5.1646 -9.239 3.827 4.5867 -9.239
3 80 3.0532 4.3208 -9.3929 2.8726 4.9474 -9.4288 3.2123 4.4798 -9.3612
3 80 3.6349 3.1791 -9.2772 3.827 3.2096 -9.239 3.827 2.6317 -9.239
4 80 3.4127 3.2143 -9.3214 3.6349 2.6013 -9.2772 3.2342 2.6647 -9.3569 3.2123 3.3165 -9.3612
4 80 3.2123 3.3165 -9.3612 3.2342 2.6647 -9.3569 2.8726 2.8489 -9.4288 3.0998 3.429 -9.3836
3 80 2.5857 3.1359 -9.4858 3.0998 3.429 -9.3836 2.8726 2.8489 -9.4288
4 80 3.8571 4.582 -9.2189 3.827 4.5867 -9.239 3.827 5.1646 -9.239 4.0357 5.1316 -9.0995
4 80 4.0357 5.1316 -9.0995 4.3972 4.9474 -8.8579 4.0576 4.4798 -9.0849 3.8571 4.582 -9.2189
4 80 4.3188 4.1203 -8.9104 4.6841 4.6604 -8.6662 4.8683 4.2989 -8.5431 4.3539 3.8981 -8.8868
4 80 4.3539 3.8981 -8.8868 4.8683 4.2989 -8.5431 4.9318 3.8981 -8.5006 4.8683 3.4974 -8.5431
4 80 4.8683 3.4974 -8.5431 4.8637 3.4883 -8.5462 4.3188 3.676 -8.9104 4.3539 3.8981 -8.8868
4 80 4.2231 3.4883 -8.9743 4.3188 3.676 -8.9104 4.8637 3.4883 -8.5462 4.6841 3.1359 -8.6662
3 80 4.2166 4.3208 -8.9786 4.0576 4.4798 -9.0849 4.3972 4.9474 -8.8579
4 80 4.6841 3.1359 -8.6662 4.3972 2.8489 -8.8579 4.2166 3.4755 -8.9786 4.2231 3.4883 -8.9743
4 80 3.8571 3.2143 -9.2189 4.0357 2.6647 -9.0995 3.827 2.6317 -9.239 3.827 3.2096 -9.239
3 80 4.0576 3.3165 -9.0849 4.2166 3.4755 -8.9786 4.3972 2.8489 -8.8579
