0 ~Minifig Head with Exaggerated Chimpanzee Features - Face
0 Name: s\38458s02.dat
0 Author: Gerald Lasser [GeraldLasser]
0 !LDRAW_ORG Unofficial_Subpart 
0 !LICENSE Redistributable under CCAL version 2.0 : see CAreadme.txt

0 BFC CERTIFY CCW


1 16 0 0 0 1 0 0 0 1 0 0 0 1 s\38458s03.dat

4 16 -2.706 5.6569 -24.5328 -3.5355 3.0615 -26.5355 -6.5328 3.0615 -24.5328 -5 5.6569 -23
4 16 0 -12.431086 -20.2 0 -16.1215 -20.2 -7.7305 -18.5461 -18.6628 -7.7305 -8.0613 -18.6628
4 16 -6.5328 3.0615 -24.5328 -3.5355 3.0615 -26.5355 -3.8268 0 -27.2388 -7.0711 0 -25.0711
4 16 -2.706 5.6569 -24.5328 0 5.6569 -25.0711 0 3.0615 -27.2388 -3.5355 3.0615 -26.5355
4 16 0 0 -28 -3.8268 0 -27.2388 -3.5355 3.0615 -26.5355 0 3.0615 -27.2388
4 16 0 0 -28 0 -4.9749 -27.2388 -3.5355 -4.9749 -26.5355 -3.8268 0 -27.2388
4 16 -7.7305 -8.0613 -18.6628 -7.7305 -18.5461 -18.6628 -14.2834 -20.6013 -14.2834 -14.2834 -7.2833 -14.2834
4 16 -6.5328 -4.9749 -24.5328 -3.5355 -4.9749 -26.5355 -2.706 -9.1924 -24.5328 -5 -9.1924 -23
4 16 -5 -9.1924 -23 -2.706 -9.1924 -24.5328 -1.4645 -12.0104 -21.5355 -2.706 -12.0104 -20.706
4 16 0 -9.1924 -25.0711 0 -12.0104 -21.8268 -1.4645 -12.0104 -21.5355 -2.706 -9.1924 -24.5328
4 16 0 -4.9749 -27.2388 0 -9.1924 -25.0711 -2.706 -9.1924 -24.5328 -3.5355 -4.9749 -26.5355
4 16 -6.5328 -4.9749 -24.5328 -7.0711 0 -25.0711 -3.8268 0 -27.2388 -3.5355 -4.9749 -26.5355
4 16 -14.2834 -20.6013 -14.2834 -18.6628 -17.8455 -7.7305 -18.6628 -9.9253 -7.7305 -14.2834 -7.2833 -14.2834
4 16 0 3.0615 -27.2388 0 5.6569 -25.0711 2.706 5.6569 -24.5328 3.5355 3.0615 -26.5355
4 16 3.5355 3.0615 -26.5355 3.8268 0 -27.2388 0 0 -28 0 3.0615 -27.2388
4 16 1.4645 -12.0104 -21.5355 0 -12.0104 -21.8268 0 -9.1924 -25.0711 2.706 -9.1924 -24.5328
4 16 2.706 -9.1924 -24.5328 0 -9.1924 -25.0711 0 -4.9749 -27.2388 3.5355 -4.9749 -26.5355
4 16 3.8268 0 -27.2388 7.0711 0 -25.0711 6.5328 -4.9749 -24.5328 3.5355 -4.9749 -26.5355
4 16 18.6628 -9.9253 -7.7305 18.6628 -17.8455 -7.7305 14.2834 -20.6013 -14.2834 14.2834 -7.2833 -14.2834
4 16 3.8268 0 -27.2388 3.5355 3.0615 -26.5355 6.5328 3.0615 -24.5328 7.0711 0 -25.0711
4 16 6.5328 3.0615 -24.5328 3.5355 3.0615 -26.5355 2.706 5.6569 -24.5328 5 5.6569 -23
4 16 7.7305 -18.5461 -18.6628 0 -16.1215 -20.2 0 -12.431086 -20.2 7.7305 -8.0613 -18.6628
4 16 3.5355 -4.9749 -26.5355 0 -4.9749 -27.2388 0 0 -28 3.8268 0 -27.2388
4 16 14.2834 -20.6013 -14.2834 7.7305 -18.5461 -18.6628 7.7305 -8.0613 -18.6628 14.2834 -7.2833 -14.2834
4 16 2.706 -9.1924 -24.5328 3.5355 -4.9749 -26.5355 6.5328 -4.9749 -24.5328 5 -9.1924 -23
4 16 1.4645 -12.0104 -21.5355 2.706 -9.1924 -24.5328 5 -9.1924 -23 2.706 -12.0104 -20.706
4 16 0 -12.4311 -20.2 -.842 -12.4311 -20.0326 -1.4645 -12.0104 -21.5355 0 -12.0104 -21.8268
4 16 1.4645 -12.0104 -21.5355 .842 -12.4311 -20.0326 0 -12.4311 -20.2 0 -12.0104 -21.8268
