0 ~Minifig Megaphone with Red Firefighter Logo - Half
0 Name: s\39144p01s01.dat
0 Author: Gerald Lasser [GeraldLasser]
0 !LDRAW_ORG Unofficial_Subpart 
0 !LICENSE Redistributable under CCAL version 2.0 : see CAreadme.txt

0 BFC CERTIFY CCW


0 // Cond Lines
5 24 5.16645 -12.47265 -22.5 2.6789 -6.4673 10 0 -7 10 4.9497 -4.9497 10
5 24 9.54585 -9.54585 -22.5 4.9497 -4.9497 10 2.6789 -6.4673 10 6.4673 -2.6789 10
5 24 6.4673 -2.6789 10 12.47265 -5.16645 -22.5 9.54585 -9.54585 -22.5 13.5 0 -22.5
5 24 13.5 0 -22.5 7 0 10 6.4673 -2.6789 10 6.4673 2.6789 10
5 24 6.4673 2.6789 10 12.47265 5.16645 -22.5 13.5 0 -22.5 9.54585 9.54585 -22.5
5 24 9.54585 9.54585 -22.5 4.9497 4.9497 10 6.4673 2.6789 10 2.6789 6.4673 10
5 24 2.6789 6.4673 10 5.16645 12.47265 -22.5 9.54585 9.54585 -22.5 0 13.5 -22.5
5 24 0 -7 10 0 -13.5 -22.5 -5.16645 -12.47265 -22.5 5.16645 -12.47265 -22.5
5 24 0 13.5 -22.5 0 7 10 2.6788 6.4672 10 -2.6789 6.4673 10

4 16 0 13.5 -22.5 0 7 10 2.6789 6.4673 10 5.16645 12.47265 -22.5
4 16 5.16645 -12.47265 -22.5 2.6789 -6.4673 10 0 -7 10 0 -13.5 -22.5

0 // Pattern
3 16 9.54585 -9.54585 -22.5 8.27836 -8.27836 -13.5374 5.16645 -12.47265 -22.5
4 16 11.24404 -4.65753 -15.85095 10.76761 -5.07 -15 10.11935 -6.04 -15 10.90882 -5.3 -16.25
3 16 11.24404 -4.65753 -15.85095 10.90882 -5.3 -16.25 11.37983 -4.92 -17.17
3 16 11.24404 -4.65753 -15.85095 11.37983 -4.92 -17.17 11.63758 -4.82054 -17.98072
4 4 11.39768 -5.85 -19.88 11.98858 -4.96594 -19.88031 11.63758 -4.82054 -17.98072 11.08349 -5.78 -18.35
4 4 10.80078 -5.91 -17.52 11.08349 -5.78 -18.35 11.63758 -4.82054 -17.98072 11.37983 -4.92 -17.17
4 4 10.30696 -6.31 -16.56 10.80078 -5.91 -17.52 11.37983 -4.92 -17.17 10.90882 -5.3 -16.25
4 4 9.28829 -7.28 -14.99 10.30696 -6.31 -16.56 10.90882 -5.3 -16.25 10.11935 -6.04 -15
4 16 12.47265 -5.16645 -22.5 11.98858 -4.96594 -19.88031 11.39768 -5.85 -19.88 9.54585 -9.54585 -22.5
4 16 9.54585 -9.54585 -22.5 11.39768 -5.85 -19.88 11.08349 -5.78 -18.35 10.80078 -5.91 -17.52
4 16 9.54585 -9.54585 -22.5 10.80078 -5.91 -17.52 10.30696 -6.31 -16.56 9.28829 -7.28 -14.99
4 16 8.27836 -8.27836 -13.5374 9.54585 -9.54585 -22.5 9.28829 -7.28 -14.99 8.74219 -7.79 -14.12
3 16 4.9497 4.9497 10 6.4673 2.6789 10 9.70095 4.01835 -7.5
4 16 10.08902 5.69 -13.88 10.80771 5.01 -15 10.19287 5.93 -15 9.12661 6.89 -13.2
3 16 9.75089 5.97 -13.24 10.08902 5.69 -13.88 9.12661 6.89 -13.2
4 16 9.75089 5.97 -13.24 9.12661 6.89 -13.2 9.3384 5.92 -11.35 9.85735 5.32 -11.85
4 16 9.85735 5.32 -11.85 9.3384 5.92 -11.35 9.53725 5.22 -10.21 10.00588 4.66 -10.61
4 16 10.00588 4.66 -10.61 9.53725 5.22 -10.21 9.79548 4.53 -9.35 10.18099 4.21719 -10.09792
3 16 9.79548 4.53 -9.35 9.96635 4.12828 -8.9363 10.18099 4.21719 -10.09792
4 4 10.80771 5.01 -15 10.00588 4.66 -10.61 10.18099 4.21719 -10.09792 11.17523 4.62903 -15.47854
4 4 9.85735 5.32 -11.85 10.00588 4.66 -10.61 10.80771 5.01 -15 10.08902 5.69 -13.88
3 4 9.75089 5.97 -13.24 9.85735 5.32 -11.85 10.08902 5.69 -13.88
4 4 9.35315 4.74 -8.07 9.70095 4.01835 -7.5 9.96635 4.12828 -8.9363 8.9931 5.6 -8.98
3 4 8.9931 5.6 -8.98 9.96635 4.12828 -8.9363 9.79548 4.53 -9.35
4 4 8.9931 5.6 -8.98 9.79548 4.53 -9.35 9.53725 5.22 -10.21 8.75335 6.34 -10.06
4 4 8.75335 6.34 -10.06 9.53725 5.22 -10.21 9.3384 5.92 -11.35 8.55847 7.26 -11.84
4 4 8.55847 7.26 -11.84 9.3384 5.92 -11.35 9.12661 6.89 -13.2 8.45005 7.92 -13.25
4 4 9.42431 7.08 -15 8.45005 7.92 -13.25 9.12661 6.89 -13.2 10.19287 5.93 -15
3 16 4.9497 4.9497 10 9.70095 4.01835 -7.5 9.35315 4.74 -8.07
3 16 4.9497 4.9497 10 9.35315 4.74 -8.07 8.9931 5.6 -8.98
3 16 4.9497 4.9497 10 8.9931 5.6 -8.98 8.75335 6.34 -10.06
3 16 4.9497 4.9497 10 8.75335 6.34 -10.06 8.55847 7.26 -11.84
3 16 4.9497 4.9497 10 8.55847 7.26 -11.84 8.45005 7.92 -13.25
3 16 9.54585 9.54585 -22.5 4.9497 4.9497 10 8.45005 7.92 -13.25
3 16 8.45005 7.92 -13.25 9.42431 7.08 -15 9.54585 9.54585 -22.5
4 16 2.6789 6.4673 10 4.9497 4.9497 10 9.54585 9.54585 -22.5 5.16645 12.47265 -22.5
3 16 12.148 0 -15.74 11.64406 -1.79 -15 11.88116 -1.01 -15.41
4 16 11.54687 -4.24 -16.95 11.24404 -4.65753 -15.85095 11.63758 -4.82054 -17.98072 11.78666 -4.05 -17.96
4 16 11.78666 -4.05 -17.96 11.63758 -4.82054 -17.98072 11.80553 -4.81 -18.81 12.738 0 -18.69
3 16 12.574 0 -17.87 11.78666 -4.05 -17.96 12.738 0 -18.69
3 4 11.64406 -1.79 -15 11.24404 -4.65753 -15.85095 11.54687 -4.24 -16.95
4 4 11.64406 -1.79 -15 11.54687 -4.24 -16.95 11.78666 -4.05 -17.96 11.88116 -1.01 -15.41
4 4 11.88116 -1.01 -15.41 11.78666 -4.05 -17.96 12.574 0 -17.87 12.148 0 -15.74
4 4 11.98858 -4.96594 -19.88031 12.956 0 -19.78 12.738 0 -18.69 11.80553 -4.81 -18.81
3 4 11.63758 -4.82054 -17.98072 11.98858 -4.96594 -19.88031 11.80553 -4.81 -18.81
4 16 13.5 0 -22.5 12.956 0 -19.78 11.98858 -4.96594 -19.88031 12.47265 -5.16645 -22.5
3 16 10.86406 -3.53 -12.83 10.73487 -4.24 -12.89 11.02406 -3.53 -13.63
4 16 10.92737 -2.93 -12.55 10.86406 -3.53 -12.83 11.02406 -3.53 -13.63 11.28109 -2.69 -14.08
4 16 10.90276 -2.4 -11.9 10.92737 -2.93 -12.55 11.28109 -2.69 -14.08 11.48207 -1.8 -14.2
4 16 10.90276 -2.4 -11.9 11.48207 -1.8 -14.2 11.57923 -1.07 -13.96 11.57264 -.56 -13.42
4 16 10.86195 -1.7 -11 10.90276 -2.4 -11.9 11.57264 -.56 -13.42 10.88092 -.8 -10.2
4 16 10.88092 -.8 -10.2 11.57264 -.56 -13.42 12.148 0 -15.74 10.978 0 -9.89
3 16 11.57264 -.56 -13.42 11.66664 -.56 -13.89 12.148 0 -15.74
3 16 11.66664 -.56 -13.89 11.69698 -.85 -14.33 12.148 0 -15.74
4 16 12.148 0 -15.74 11.69698 -.85 -14.33 11.65551 -1.31 -14.58 11.64406 -1.79 -15
3 16 11.65551 -1.31 -14.58 11.56408 -1.81 -14.62 11.64406 -1.79 -15
3 16 11.56408 -1.81 -14.62 11.47056 -2.23 -14.57 11.64406 -1.79 -15
3 16 9.68232 -4.01063 -7.39919 9.96324 -4.127 -8.91946 9.85459 -3.99 -8.24
3 16 9.85459 -3.99 -8.24 10.472 0 -7.36 9.86351 -3.05 -7.35
3 16 9.85459 -3.99 -8.24 10.628 0 -8.14 10.472 0 -7.36
4 4 11.66664 -.56 -13.89 11.57264 -.56 -13.42 11.57923 -1.07 -13.96 11.69698 -.85 -14.33
4 4 11.69698 -.85 -14.33 11.57923 -1.07 -13.96 11.48207 -1.8 -14.2 11.65551 -1.31 -14.58
4 4 11.56408 -1.81 -14.62 11.65551 -1.31 -14.58 11.48207 -1.8 -14.2 11.47056 -2.23 -14.57
4 4 11.47056 -2.23 -14.57 11.48207 -1.8 -14.2 11.28109 -2.69 -14.08 11.24404 -4.65753 -15.85095
3 4 11.47056 -2.23 -14.57 11.24404 -4.65753 -15.85095 11.64406 -1.79 -15
4 4 10.88092 -.8 -10.2 10.978 0 -9.89 10.628 0 -8.14 9.85459 -3.99 -8.24
4 4 10.88092 -.8 -10.2 9.85459 -3.99 -8.24 9.96324 -4.127 -8.91946 10.86195 -1.7 -11
4 4 10.90276 -2.4 -11.9 10.86195 -1.7 -11 9.96324 -4.127 -8.91946 10.92737 -2.93 -12.55
4 4 10.86406 -3.53 -12.83 10.92737 -2.93 -12.55 9.96324 -4.127 -8.91946 10.73487 -4.24 -12.89
3 4 9.96324 -4.127 -8.91946 11.24404 -4.65753 -15.85095 10.73487 -4.24 -12.89
3 4 10.73487 -4.24 -12.89 11.24404 -4.65753 -15.85095 11.02406 -3.53 -13.63
3 4 11.02406 -3.53 -13.63 11.24404 -4.65753 -15.85095 11.28109 -2.69 -14.08
3 16 9.86351 -3.05 -7.35 9.68232 -4.01063 -7.39919 9.85459 -3.99 -8.24
4 4 9.48803 -3.93015 -6.34769 9.68232 -4.01063 -7.39919 9.86351 -3.05 -7.35 9.88605 -1.78 -6.2
4 4 9.88605 -1.78 -6.2 9.86351 -3.05 -7.35 10.472 0 -7.36 10.24 0 -6.2
4 16 6.4673 -2.6789 10 9.48803 -3.93015 -6.34769 9.88605 -1.78 -6.2 7 0 10
3 16 7 0 10 9.88605 -1.78 -6.2 10.24 0 -6.2
4 16 8.27836 -8.27836 -13.5374 4.9497 -4.9497 10 2.6789 -6.4673 10 5.16645 -12.47265 -22.5
4 16 10.28442 -5.5 -14.17 9.67817 -6.1 -13.3 9.04642 -7.07 -13.37 9.68019 -6.45 -14.3
4 16 10.76761 -5.07 -15 10.28442 -5.5 -14.17 9.68019 -6.45 -14.3 10.11935 -6.04 -15
4 16 9.68232 -4.01063 -7.39919 9.19193 -4.78 -7.5 9.3795 -4.81 -8.38 9.96324 -4.127 -8.91946
4 16 10.00073 -4.41 -9.88 9.96324 -4.127 -8.91946 9.3795 -4.81 -8.38 9.46015 -5.06 -9.43
4 16 9.92884 -4.86 -10.85 10.00073 -4.41 -9.88 9.46015 -5.06 -9.43 9.40832 -5.48 -10.4
4 16 9.77559 -5.52 -12.07 9.92884 -4.86 -10.85 9.40832 -5.48 -10.4 9.27591 -6.13 -11.68
4 16 9.67817 -6.1 -13.3 9.77559 -5.52 -12.07 9.27591 -6.13 -11.68 9.04642 -7.07 -13.37
3 4 10.76761 -5.07 -15 11.24404 -4.65753 -15.85095 9.77559 -5.52 -12.07
3 4 9.77559 -5.52 -12.07 10.28442 -5.5 -14.17 10.76761 -5.07 -15
3 4 9.77559 -5.52 -12.07 9.67817 -6.1 -13.3 10.28442 -5.5 -14.17
3 4 9.92884 -4.86 -10.85 9.77559 -5.52 -12.07 11.24404 -4.65753 -15.85095
3 4 10.00073 -4.41 -9.88 9.92884 -4.86 -10.85 11.24404 -4.65753 -15.85095
3 4 10.00073 -4.41 -9.88 11.24404 -4.65753 -15.85095 9.96324 -4.127 -8.91946
4 4 9.28829 -7.28 -14.99 10.11935 -6.04 -15 9.68019 -6.45 -14.3 8.74219 -7.79 -14.12
4 4 8.74219 -7.79 -14.12 9.68019 -6.45 -14.3 9.04642 -7.07 -13.37 8.27836 -8.27836 -13.5374
4 4 8.46337 -7.66 -12.57 8.27836 -8.27836 -13.5374 9.04642 -7.07 -13.37 9.27591 -6.13 -11.68
4 4 8.67871 -6.78 -10.99 8.46337 -7.66 -12.57 9.27591 -6.13 -11.68 9.40832 -5.48 -10.4
4 4 8.75291 -6.03 -9.18 8.67871 -6.78 -10.99 9.40832 -5.48 -10.4 9.46015 -5.06 -9.43
4 4 8.67149 -5.88 -8.41 8.75291 -6.03 -9.18 9.46015 -5.06 -9.43 9.3795 -4.81 -8.38
4 4 8.67149 -5.88 -8.41 9.3795 -4.81 -8.38 9.19193 -4.78 -7.5 8.47684 -5.85 -7.5
4 16 8.67149 -5.88 -8.41 8.47684 -5.85 -7.5 8.67871 -6.78 -10.99 8.75291 -6.03 -9.18
4 16 8.47684 -5.85 -7.5 8.26489 -5.86 -6.63 8.46337 -7.66 -12.57 8.67871 -6.78 -10.99
4 16 8.26489 -5.86 -6.63 4.9497 -4.9497 10 8.27836 -8.27836 -13.5374 8.46337 -7.66 -12.57
4 4 8.26489 -5.86 -6.63 8.47684 -5.85 -7.5 9.19193 -4.78 -7.5 9.00003 -4.7 -6.46
4 4 9.48803 -3.93015 -6.34769 9.00003 -4.7 -6.46 9.19193 -4.78 -7.5 9.68232 -4.01063 -7.39919
4 16 4.9497 -4.9497 10 8.26489 -5.86 -6.63 9.00003 -4.7 -6.46 6.4673 -2.6789 10
3 16 6.4673 -2.6789 10 9.00003 -4.7 -6.46 9.48803 -3.93015 -6.34769
4 16 11.17523 4.62903 -15.47854 11.38054 4.71407 -16.58969 10.72442 5.41 -15.78 10.80771 5.01 -15
3 16 10.19287 5.93 -15 10.80771 5.01 -15 10.72442 5.41 -15.78
4 4 9.42431 7.08 -15 10.19287 5.93 -15 10.72442 5.41 -15.78 10.29595 6.27 -16.4
4 4 10.98594 5.58 -17.37 10.29595 6.27 -16.4 10.72442 5.41 -15.78 11.38054 4.71407 -16.58969
3 4 10.98594 5.58 -17.37 11.38054 4.71407 -16.58969 11.64309 4.82283 -18.01055
3 16 9.54585 9.54585 -22.5 9.42431 7.08 -15 10.29595 6.27 -16.4
4 16 9.54585 9.54585 -22.5 10.29595 6.27 -16.4 10.98594 5.58 -17.37 12.47265 5.16645 -22.5
3 16 10.98594 5.58 -17.37 11.64309 4.82283 -18.01055 12.47265 5.16645 -22.5
3 16 12.148 0 -15.74 11.97701 .88 -15.76 11.75405 1.78 -15.54
4 16 12.148 0 -15.74 11.75405 1.78 -15.54 11.50486 2.49 -15 11.48401 1.75 -14.16
4 16 12.37501 .88 -17.75 12.574 0 -17.87 12.738 0 -18.69 12.45939 1.21 -18.5
4 16 12.06237 2.06 -17.36 12.37501 .88 -17.75 12.45939 1.21 -18.5 12.14272 2.37 -18.07
4 16 11.77146 3.01 -16.85 12.06237 2.06 -17.36 12.14272 2.37 -18.07 11.7881 3.57 -17.49
4 16 11.44655 3.96 -16.17 11.77146 3.01 -16.85 11.7881 3.57 -17.49 11.46914 4.47 -16.79
4 16 11.17523 4.62903 -15.47854 11.44655 3.96 -16.17 11.46914 4.47 -16.79 11.38054 4.71407 -16.58969
4 4 12.148 0 -15.74 12.574 0 -17.87 12.37501 .88 -17.75 11.97701 .88 -15.76
4 4 12.06237 2.06 -17.36 11.75405 1.78 -15.54 11.97701 .88 -15.76 12.37501 .88 -17.75
4 4 11.77146 3.01 -16.85 11.50486 2.49 -15 11.75405 1.78 -15.54 12.06237 2.06 -17.36
4 4 11.50486 2.49 -15 11.77146 3.01 -16.85 11.44655 3.96 -16.17 11.17523 4.62903 -15.47854
3 4 11.50486 2.49 -15 11.17523 4.62903 -15.47854 11.30933 2.9 -14.43
4 4 11.64309 4.82283 -18.01055 11.38054 4.71407 -16.58969 11.46914 4.47 -16.79 11.96839 3.82 -18.64
3 4 11.46914 4.47 -16.79 11.7881 3.57 -17.49 11.96839 3.82 -18.64
4 4 11.96839 3.82 -18.64 11.7881 3.57 -17.49 12.14272 2.37 -18.07 12.41661 2.27 -19.34
4 4 12.72918 1.03 -19.67 12.41661 2.27 -19.34 12.14272 2.37 -18.07 12.45939 1.21 -18.5
4 4 12.72918 1.03 -19.67 12.45939 1.21 -18.5 12.738 0 -18.69 12.956 0 -19.78
3 16 11.64309 4.82283 -18.01055 11.96839 3.82 -18.64 12.47265 5.16645 -22.5
4 16 12.47265 5.16645 -22.5 11.96839 3.82 -18.64 12.41661 2.27 -19.34 13.5 0 -22.5
3 16 12.72918 1.03 -19.67 13.5 0 -22.5 12.41661 2.27 -19.34
3 16 12.956 0 -19.78 13.5 0 -22.5 12.72918 1.03 -19.67
3 16 10.30115 1 -7.5 10.472 0 -7.36 10.50678 .68 -8.21
4 4 10.24 0 -6.2 10.472 0 -7.36 10.30115 1 -7.5 9.98575 1.52 -6.44
4 4 9.83307 2.67 -6.82 9.98575 1.52 -6.44 10.30115 1 -7.5 9.70095 4.01835 -7.5
3 16 7 0 10 10.24 0 -6.2 9.98575 1.52 -6.44
4 16 7 0 10 9.98575 1.52 -6.44 9.83307 2.67 -6.82 6.4673 2.6789 10
3 16 6.4673 2.6789 10 9.83307 2.67 -6.82 9.70095 4.01835 -7.5
3 16 10.978 0 -9.89 12.148 0 -15.74 11.52023 .2 -12.8
4 16 11.49259 .51 -12.97 11.52023 .2 -12.8 12.148 0 -15.74 11.49299 .86 -13.32
3 16 11.49299 .86 -13.32 12.148 0 -15.74 11.51141 1.23 -13.78
3 16 11.51141 1.23 -13.78 12.148 0 -15.74 11.48401 1.75 -14.16
4 16 11.3687 2.35 -14.18 11.48401 1.75 -14.16 11.50486 2.49 -15 11.30933 2.9 -14.43
4 16 11.17931 2.88 -13.76 11.3687 2.35 -14.18 11.30933 2.9 -14.43 11.09167 3.19 -13.63
3 16 11.40452 .45 -12.47 10.978 0 -9.89 11.52023 .2 -12.8
4 16 10.978 0 -9.89 11.40452 .45 -12.47 11.313 .87 -12.43 11.12341 1.23 -11.84
4 16 10.80501 .88 -9.9 10.978 0 -9.89 11.12341 1.23 -11.84 10.97602 1.76 -11.63
4 16 10.68808 1.81 -10.24 10.80501 .88 -9.9 10.97602 1.76 -11.63 10.66295 2.57 -10.87
4 16 10.66295 2.57 -10.87 10.97602 1.76 -11.63 10.87863 2.29 -11.67 10.69945 3 -11.48
4 16 10.69945 3 -11.48 10.87863 2.29 -11.67 10.86314 2.73 -12.03 10.79977 3.28 -12.26
3 16 10.79977 3.28 -12.26 10.86314 2.73 -12.03 10.87953 3.07 -12.45
3 16 10.79977 3.28 -12.26 10.87953 3.07 -12.45 10.91576 3.27 -12.83
4 16 11.13361 1.4 -12.06 11.12341 1.23 -11.84 11.313 .87 -12.43 11.26343 1.24 -12.55
4 16 11.10986 1.62 -12.16 11.13361 1.4 -12.06 11.26343 1.24 -12.55 11.14 1.74 -12.43
4 16 11.20393 1.68 -12.69 11.14 1.74 -12.43 11.26343 1.24 -12.55 11.26762 1.41 -12.74
4 16 10.21389 3.38 -9.43 10.18099 4.21719 -10.09792 9.96635 4.12828 -8.9363 10.02181 3.31 -8.4
4 16 10.31443 2.11 -8.67 10.21389 3.38 -9.43 10.02181 3.31 -8.4 10.14633 2.03 -7.75
4 16 10.50678 .68 -8.21 10.31443 2.11 -8.67 10.14633 2.03 -7.75 10.30115 1 -7.5
3 16 10.472 0 -7.36 10.628 0 -8.14 10.50678 .68 -8.21
4 4 11.49259 .51 -12.97 11.313 .87 -12.43 11.40452 .45 -12.47 11.52023 .2 -12.8
4 4 10.97602 1.76 -11.63 11.12341 1.23 -11.84 11.13361 1.4 -12.06 11.10986 1.62 -12.16
4 4 10.87863 2.29 -11.67 10.97602 1.76 -11.63 11.10986 1.62 -12.16 11.14 1.74 -12.43
4 4 10.86314 2.73 -12.03 10.87863 2.29 -11.67 11.14 1.74 -12.43 10.87953 3.07 -12.45
4 4 10.87953 3.07 -12.45 11.14 1.74 -12.43 11.20393 1.68 -12.69 11.17931 2.88 -13.76
4 4 10.91576 3.27 -12.83 10.87953 3.07 -12.45 11.17931 2.88 -13.76 11.09167 3.19 -13.63
4 4 10.91576 3.27 -12.83 11.09167 3.19 -13.63 11.17523 4.62903 -15.47854 10.18099 4.21719 -10.09792
3 4 11.09167 3.19 -13.63 11.30933 2.9 -14.43 11.17523 4.62903 -15.47854
4 4 11.26343 1.24 -12.55 11.313 .87 -12.43 11.49259 .51 -12.97 11.49299 .86 -13.32
4 4 11.26762 1.41 -12.74 11.26343 1.24 -12.55 11.49299 .86 -13.32 11.51141 1.23 -13.78
4 4 11.20393 1.68 -12.69 11.26762 1.41 -12.74 11.51141 1.23 -13.78 11.48401 1.75 -14.16
4 4 11.20393 1.68 -12.69 11.48401 1.75 -14.16 11.3687 2.35 -14.18 11.17931 2.88 -13.76
4 4 10.50678 .68 -8.21 10.628 0 -8.14 10.978 0 -9.89 10.80501 .88 -9.9
4 4 10.31443 2.11 -8.67 10.50678 .68 -8.21 10.80501 .88 -9.9 10.68808 1.81 -10.24
4 4 10.21389 3.38 -9.43 10.31443 2.11 -8.67 10.68808 1.81 -10.24 10.66295 2.57 -10.87
4 4 10.18099 4.21719 -10.09792 10.21389 3.38 -9.43 10.66295 2.57 -10.87 10.69945 3 -11.48
3 4 10.18099 4.21719 -10.09792 10.69945 3 -11.48 10.79977 3.28 -12.26
3 4 10.79977 3.28 -12.26 10.91576 3.27 -12.83 10.18099 4.21719 -10.09792
3 4 9.70095 4.01835 -7.5 10.30115 1 -7.5 10.14633 2.03 -7.75
3 4 9.70095 4.01835 -7.5 10.14633 2.03 -7.75 10.02181 3.31 -8.4
3 4 9.70095 4.01835 -7.5 10.02181 3.31 -8.4 9.96635 4.12828 -8.9363
