0 ~Slope Brick Round  3 x  8 x  2 Right without Top Face
0 Name: s\41749s01.dat
0 Author: Evert-Jan Boer [ejboer]
0 !LDRAW_ORG Unofficial_Subpart 
0 !LICENSE Redistributable under CCAL version 2.0 : see CAreadme.txt

0 BFC CERTIFY CCW

0 !HISTORY 2020-09-02 [ejboer] Subparted from 41749 for patterns, reworked design

0 BFC INVERTNEXT
1 16 10 173.253 -20 0 -4 0 -149.253 0 0 0 0 -160 48\1-12cyli.dat
0 BFC INVERTNEXT
1 16 -46 173.253 -20 0 -4 0 -149.253 0 0 0 0 -160 48\1-12cyli.dat
1 16 -30 20 0 0 0 -1 0 -1 0 1 0 0 stud4a.dat
1 16 -30 16.4444 0 -1 0 0 0 3.5555 0 0 0 1 stud4s.dat
0 BFC INVERTNEXT
1 16 -30 16.4444 0 -6 0 0 0 3.5556 0 0 0 6 4-4cyli.dat
1 16 -30 16.4444 0 -8 0 0 0 3.5556 0 0 0 8 4-4cyli.dat

1 16 -10 7.5555 0 -1 0 0 0 3.5555 0 0 0 1 stud4s2.dat
1 16 -10 20 0 0 0 -1 0 -1 0 1 0 0 stud4a.dat
0 BFC INVERTNEXT
1 16 -10 20 0 0 0 -6 0 -12.4445 0 6 0 0 4-4cyli.dat
1 16 -10 20 0 0 0 -8 0 -12.4445 0 8 0 0 4-4cyli.dat

1 16 -28 12 0 18 0 0 -8 -1 0 0 0 -16 rect2p.dat
1 16 0 0 0 0 0 -10 0 1 0 20 0 0 rect1.dat
1 16 10 12 0 0 -1 0 12 0 0 0 0 20 rect3.dat
1 16 0 46 -140 -10 0 0 0 0 2 0 1 0 rect.dat
1 16 -50 22 0 0 1 0 -2 0 0 0 0 20 rect3.dat
4 16 -10 44 -140 -15.757 44 -134.243 -15.757 48 -134.243 -10 48 -140
1 16 -28.586 44 -118.586 5.7569 0 1.4142 0 4 0 -5.7569 0 1.4142 box5.dat
1 16 -14.343 46 -132.829 -1.4142 1 0 0 0 -2 -1.4142 0 0 rect.dat
1 16 -43.364 46 -104.878 0.8782 -1 0 0 0 -2 0.8782 0 0 rect.dat
3 16 -10 44 -134.344 -40.344 44 -104 -10 23.3967 -104
4 16 -10 23.3967 -104 -10 48 -104 -10 48 -134.344 -10 44 -134.344
1 16 -11.4645 46 -132.8795 0 -1 1.4645 -2 0 0 0 0 -1.4645 rect3.dat
1 16 -47.1215 46 -102.8785 0 1 -2.8785 -2 0 0 0 0 2.8785 rect3.dat
4 16 -32.929 44 -111.415 -35.757 44 -114.243 -44.243 44 -105.757 -42.486 44 -104
3 16 -42.486 44 -104 -40.344 44 -104 -32.929 44 -111.415
1 16 -18.586 44 -128.586 1.414 0 4.243 0 -1 0 1.414 0 -4.243 rect1.dat
4 16 6 4 -20 6 5.1745 -41.4086 -10 5.1745 -41.4086 -10 4 -20
4 16 6 5.1745 -41.4086 6 8.6569 -62.4562 -10 8.6569 -62.4562 -10 5.1745 -41.4086
4 16 6 8.6569 -62.4562 6 14.3926 -82.7821 -10 14.3926 -82.7821 -10 8.6569 -62.4562
1 16 10 46 -120 0 -1 0 2 0 0 0 0 20 rect2a.dat
3 16 -50 24 20 -50 20 20 -10 0 20
4 16 10 0 20 10 24 20 -50 24 20 -10 0 20
3 16 -46 20 16 -46 24 16 -10 4 16
4 16 -46 24 16 6 24 16 6 4 16 -10 4 16
4 16 6 24 16 -46 24 16 -50 24 20 10 24 20
3 16 -46 24 -16 -46 20 -16 -10 4 -16
4 16 -46 24 -16 -10 4 -16 6 4 -16 6 24 -16
3 16 -46 20 -20 -46 24 -20 -10 4 -20
4 16 -46 24 -20 6 24 -20 6 4 -20 -10 4 -20
1 16 -46 22 0 0 -1 0 0 0 2 -16 0 0 rect.dat
3 16 -46 24 -20 -50 24 -20 -46 24 -16
4 16 -50 24 -20 -50 24 20 -46 24 16 -46 24 -16
1 16 6 14 0 0 1 0 -10 0 0 0 0 16 rect.dat
3 16 6 24 -20 6 24 -16 10 24 -20
4 16 10 24 -20 6 24 -16 6 24 16 10 24 20
1 16 -20 24 -18 -26 0 0 0 -1 0 0 0 2 rect2p.dat
3 16 -50 48 -100 -50 44 -100 -46 44 -100
3 16 6 44 -100 10 44 -100 10 48 -100
4 16 -50 48 -100 -46 44 -100 6 44 -100 10 48 -100
3 16 -42.486 48 -104 -44.243 48 -105.757 -50 48 -100
3 16 -40.344 44 -104 -42.486 44 -104 -42.486 48 -104
4 16 -10 23.3967 -104 -40.344 44 -104 -42.486 48 -104 -10 48 -104
3 16 6 48 -104 -6 48 -104 10 48 -100
3 16 -6 48 -104 -10 48 -104 10 48 -100
4 16 -42.486 48 -104 -50 48 -100 10 48 -100 -10 48 -104
4 16 -6 48 -104 -6 48 -136 -10 48 -134.344 -10 48 -104
4 16 -10 48 -140 -15.7572 48 -134.2432 -12.929 48 -131.415 -10 48 -134.344
4 16 6 48 -136 6 48 -104 10 48 -100 10 48 -140
3 16 -10 48 -140 -10 48 -134.344 -6 48 -136
4 16 -6 48 -136 6 48 -136 10 48 -140 -10 48 -140
1 16 0 46 -136 0 0 6 -2 0 0 0 -1 0 rect.dat
1 16 -2 4 0 0 0 -8 0 -1 0 -16 0 0 rect3.dat
3 16 -46 35.3582 -81.232 -46 33.6299 -81.232 -46 44 -100
4 16 -46 29.0895 -61.408 -46 26.1075 -61.408 -46 33.6299 -81.232 -46 35.3582 -81.232
4 16 -50 35.3582 -81.232 -50 33.6299 -81.232 -50 26.1075 -61.408 -50 29.0895 -61.408
3 16 -50 33.6299 -81.232 -50 35.3582 -81.232 -50 44 -100
4 16 -46 25.2836 -40.88 -46 21.5403 -40.88 -46 26.1075 -61.408 -46 29.0895 -61.408
4 16 -46 24 -20 -46 20 -20 -46 21.5403 -40.88 -46 25.2836 -40.88
4 16 -50 21.5403 -40.88 -50 20 -20 -50 24 -20 -50 25.2836 -40.88
4 16 -50 26.1075 -61.408 -50 21.5403 -40.88 -50 25.2836 -40.88 -50 29.0895 -61.408
4 16 6 29.0895 -61.408 6 35.3582 -81.232 6 14.3926 -82.7821 6 8.6569 -62.4562
4 16 6 25.2836 -40.88 6 29.0895 -61.408 6 8.6569 -62.4562 6 5.1745 -41.4086
4 16 6 24 -20 6 25.2836 -40.88 6 5.1745 -41.4086 6 4 -20
4 16 10 0 -20 10 1.2919 -42.1468 10 25.2836 -40.88 10 24 -20
4 16 10 1.2919 -42.1468 10 5.1226 -63.9202 10 29.0895 -61.408 10 25.2836 -40.88
4 16 10 5.1226 -63.9202 10 11.4319 -84.947 10 35.3582 -81.232 10 29.0895 -61.408
4 16 10 11.4319 -84.947 10 20.1297 -104.8536 10 44 -100 10 35.3582 -81.232
4 16 10 20.1297 -104.8536 10 31.0358 -123.3178 10 44 -140 10 44 -100
1 16 0 35.6984 -104 6 0 0 0 0 -12.30165 0 1 0 rect.dat
4 16 6 14.3926 -82.7821 6 35.3582 -81.232 6 44 -100 6 21.4676 -100
3 16 -10 5.1745 -41.4086 -46 21.5403 -40.88 -46 20 -20
3 16 -46 20 -20 -10 4 -20 -10 5.1745 -41.4086
3 16 -10 8.6569 -62.4562 -46 26.1075 -61.408 -46 21.5403 -40.88
3 16 -46 21.5403 -40.88 -10 5.1745 -41.4086 -10 8.6569 -62.4562
3 16 -10 14.3926 -82.7821 -46 33.6299 -81.232 -46 26.1075 -61.408
3 16 -46 26.1075 -61.408 -10 8.6569 -62.4562 -10 14.3926 -82.7821
3 16 -10 21.4676 -100 -46 44 -100 -46 33.6299 -81.232
3 16 -46 33.6299 -81.232 -10 14.3926 -82.7821 -10 21.4676 -100
4 16 6 44 -100 -46 44 -100 -10 21.4676 -100 6 21.4676 -100
4 16 -10 21.4676 -100 -10 14.3926 -82.7821 6 14.3926 -82.7821 6 21.4676 -100
1 16 0 48 -120 1 0 0 0 -1 0 0 0 -4 rect.dat
1 16 0 41.615 -124 1 0 0 0 0 -6.38505 0 1 0 rect3.dat
1 16 0 39.0313 -116 1 0 0 0 0 -8.96875 0 -1 0 rect3.dat
1 16 -3.5 42 -120 -2.5 0 0 0 -1 0 0 0 0.75 rect.dat
1 16 -3.5 37.4274 -120.75 -2.5 0 0 0 0 -4.57265 0 1 0 rect3.dat
1 16 3.5 37.4274 -120.75 0 0 2.5 -4.57265 0 0 0 1 0 rect.dat
1 16 3.5 42 -120 -2.5 0 0 0 -1 0 0 0 0.75 rect3.dat
1 16 3.5 36.9339 -119.25 -2.5 0 0 0 0 -5.0661 0 -1 0 rect3.dat
1 16 -3.5 36.9339 -119.25 -2.5 0 0 0 0 -5.0661 0 -1 0 rect3.dat
4 16 -1 48 -124 -1 35.2299 -124 -1 32.8547 -120.75 -1 42 -120.75
4 16 -1 42 -120.75 -1 42 -119.25 -1 48 -116 -1 48 -124
4 16 -1 31.8678 -119.25 -1 30.0625 -116 -1 48 -116 -1 42 -119.25
4 16 1 30.0625 -116 1 31.8678 -119.25 1 42 -119.25 1 48 -116
4 16 1 42 -119.25 1 42 -120.75 1 48 -124 1 48 -116
4 16 1 48 -124 1 42 -120.75 1 32.8547 -120.75 1 35.2299 -124
4 16 -1 32.8547 -120.75 -1 35.2299 -124 -6 44 -136 -6 32.8547 -120.75
4 16 -1 35.2299 -124 1 35.2299 -124 6 44 -136 -6 44 -136
4 16 6 44 -136 1 35.2299 -124 1 32.8547 -120.75 6 32.8547 -120.75
4 16 -1 30.0625 -116 -6 23.3967 -104 6 23.3967 -104 1 30.0625 -116
4 16 1 31.8678 -119.25 1 30.0625 -116 6 23.3967 -104 6 31.8678 -119.25
4 16 -1 31.8678 -119.25 -6 31.8678 -119.25 -6 23.3967 -104 -1 30.0625 -116
4 16 -6 23.3967 -104 -6 31.8678 -119.25 -6 42 -119.25 -6 48 -104
4 16 -6 32.8547 -120.75 -6 44 -136 -6 48 -136 -6 42 -120.75
4 16 -6 42 -120.75 -6 48 -136 -6 48 -104 -6 42 -119.25
4 16 6 42 -119.25 6 48 -104 6 48 -136 6 42 -120.75
4 16 6 32.8547 -120.75 6 42 -120.75 6 48 -136 6 44 -136
4 16 6 48 -104 6 42 -119.25 6 31.8678 -119.25 6 23.3967 -104

5 24 6 24 -20 10 24 -20 6 24 1.056 6 25.2836 -40.88
5 24 6 29.0895 -61.408 10 29.0895 -61.408 6 25.2836 -40.88 6 35.3582 -81.232
5 24 6 25.2836 -40.88 10 25.2836 -40.88 6 24 -20 6 29.0895 -61.408
5 24 6 43.9999 -100 10 43.9999 -100 6 35.3582 -81.232 6 53.8207 -118.256
5 24 6 35.3582 -81.232 10 35.3582 -81.232 6 29.0895 -61.408 6 43.9999 -100
5 24 -50 25.2836 -40.88 -46 25.2836 -40.88 -50 24 -20 -50 29.0895 -61.408
5 24 -50 24 -20 -46 24 -20 -50 24 1.056 -50 25.2836 -40.88
5 24 -50 35.3582 -81.232 -46 35.3582 -81.232 -50 29.0895 -61.408 -50 43.9999 -100
5 24 -50 29.0895 -61.408 -46 29.0895 -61.408 -50 25.2836 -40.88 -50 35.3582 -81.232
5 24 -50 43.9999 -100 -46 43.9999 -100 -50 35.3582 -81.232 -50 53.8207 -118.256
2 24 -46 20 16 -10 4 16
2 24 -10 4 -16 -46 20 -16
2 24 10 0 20 -10 0 20
2 24 10 24 20 10 0 20
2 24 10 0 20 10 0 -20
2 24 10 24 20 10 24 -20
2 24 -10 48 -140 10 48 -140
2 24 10 44 -140 -10 44 -140
2 24 10 48 -140 10 44 -140
2 24 -10 44 -140 -10 48 -140
2 24 -50 20 20 -50 24 20
2 24 -50 24 20 -50 24 -20
2 24 -50 20 20 -50 20 -20
2 24 -32.9287 48 -111.4149 -35.7571 48 -114.2433
2 24 -21.4149 48 -122.9287 -32.9287 48 -111.4149
2 24 -24.2433 48 -125.7571 -21.4149 48 -122.9287
2 24 -35.7571 48 -114.2433 -24.2433 48 -125.7571
2 24 -32.9287 44 -111.4149 -35.7571 44 -114.2433
2 24 -21.4149 44 -122.9287 -32.9287 44 -111.4149
2 24 -24.2433 44 -125.7571 -21.4149 44 -122.9287
2 24 -35.7571 44 -114.2433 -24.2433 44 -125.7571
2 24 -32.9287 44 -111.4149 -32.9287 48 -111.4149
2 24 -21.4149 44 -122.9287 -21.4149 48 -122.9287
2 24 -35.7571 44 -114.2433 -35.7571 48 -114.2433
2 24 -24.2433 44 -125.7571 -24.2433 48 -125.7571
2 24 -12.9288 44 -131.4148 -12.9288 48 -131.4148
2 24 -15.7572 44 -134.2432 -12.9288 44 -131.4148
2 24 -15.7572 48 -134.2432 -15.7572 44 -134.2432
2 24 -12.9288 48 -131.4148 -15.7572 48 -134.2432
2 24 -42.4858 44 -103.9998 -44.2422 44 -105.7562
2 24 -44.2422 48 -105.7562 -42.4858 48 -103.9998
2 24 -44.2422 44 -105.7562 -44.2422 48 -105.7562
2 24 -42.4858 48 -103.9998 -42.4858 44 -103.9998
2 24 -10 44 -134.344 -10 48 -134.344
2 24 -10 48 -134.344 -12.929 48 -131.415
2 24 -10 44 -134.344 -12.929 44 -131.415
2 24 -50 44 -100 -44.243 44 -105.757
2 24 -50 44 -100 -50 48 -100
2 24 -50 48 -100 -44.243 48 -105.757
2 24 -21.415 44 -122.929 -12.929 44 -131.415
2 24 10 48 -100 10 44 -100
2 24 10 48 -140 10 48 -100
2 24 -46 24 -16 -46 24 16
2 24 -46 20 16 -46 20 -16
2 24 -46 24 16 -46 20 16
2 24 -46 20 -16 -46 24 -16
2 24 6 24 16 6 24 -16
2 24 6 4 16 6 24 16
2 24 6 4 -16 6 4 16
2 24 6 24 -16 6 4 -16
2 24 6 24 -20 -46 24 -20
2 24 -46 24 -16 6 24 -16
2 24 6 44 -136 6 48 -136
2 24 -6 48 -136 -6 44 -136
2 24 6 48 -136 -6 48 -136
2 24 -6 44 -136 6 44 -136
2 24 -10 4 -16 -10 4 16
2 24 -10 4 16 6 4 16
2 24 -10 4 -16 6 4 -16
2 24 -6 23.3968 -104 -6 48.0001 -104
2 24 6 23.3968 -104 -6 23.3968 -104
2 24 6 48.0001 -104 6 23.3968 -104
2 24 -6 48.0001 -104 6 48.0001 -104
2 24 6 29.0895 -61.408 6 35.3582 -81.232
2 24 -50 25.2836 -40.88 -50 29.0895 -61.408
2 24 10 24 20 -50 24 20
2 24 6 5.1745 -41.4086 6 4 -20
2 24 6 24 -20 6 25.2836 -40.88
2 24 10 5.1226 -63.9202 10 11.4319 -84.947
2 24 6 14.3926 -82.7821 6 8.6569 -62.4562
2 24 10 29.0895 -61.408 10 25.2836 -40.88
2 24 10 0 -20 10 1.2919 -42.1468
2 24 10 48 -100 -50 48 -100
2 24 10 25.2836 -40.88 10 24 -20
2 24 -15.7572 48 -134.2432 -10 48 -140
2 24 -40.344 44 -104 -10 23.3967 -104
2 24 10 11.4319 -84.947 10 20.1297 -104.8536
2 24 -46 44 -100 -46 35.3582 -81.232
2 24 10 20.1297 -104.8536 10 31.0358 -123.3178
2 24 10 1.2919 -42.1468 10 5.1226 -63.9202
2 24 -6 48 -104 -6 48 -136
2 24 6 24 16 -46 24 16
2 24 6 25.2836 -40.88 6 29.0895 -61.408
5 24 6 5.1745 -41.4086 -10 5.1745 -41.4086 -10 4 -20 6 8.6569 -62.4562
2 24 6 21.4676 -100 6 44 -100
2 24 10 35.3582 -81.232 10 29.0895 -61.408
2 24 -46 35.3582 -81.232 -46 29.0895 -61.408
5 24 -10 14.3926 -82.7821 6 14.3926 -82.7821 -10 8.6569 -62.4562 6 21.4676 -100
2 24 -46 29.0895 -61.408 -46 25.2836 -40.88
2 24 -42.486 44 -104 -40.344 44 -104
2 24 6 8.6569 -62.4562 6 5.1745 -41.4086
2 24 -10 4 -20 6 4 -20
5 24 -10 8.6569 -62.4562 6 8.6569 -62.4562 -10 5.1745 -41.4086 6 14.3926 -82.7821
2 24 -50 35.3582 -81.232 -50 44 -100
2 24 10 44 -100 10 35.3582 -81.232
2 24 -42.486 48 -104 -10 48 -104
2 24 -46 25.2836 -40.88 -46 24 -20
2 24 6 48 -104 6 48 -136
2 24 -10 48 -104 -10 48 -134.344
2 24 -10 23.3967 -104 -10 44 -134.344
2 24 -46 20 -20 -46 24 -20
2 24 -50 24 -20 -50 25.2836 -40.88
2 24 -50 29.0895 -61.408 -50 35.3582 -81.232
2 24 -10 23.3967 -104 -10 48 -104
2 24 6 35.3582 -81.232 6 44 -100
2 24 10 31.0358 -123.3178 10 44 -140
2 24 6 4 -20 6 24 -20
2 24 -10 8.6569 -62.4562 -10 14.3926 -82.7821
5 24 -46 26.1075 -61.408 -10 8.6569 -62.4562 -46 21.5403 -40.88 -10 14.3926 -82.7821
2 24 -10 14.3926 -82.7821 -10 21.4676 -100
5 24 -10 14.3926 -82.7821 -46 26.1075 -61.408 -46 33.6299 -81.232 -10 8.6569 -62.4562
2 24 -46 26.1075 -61.408 -46 21.5403 -40.88
5 24 -46 21.5403 -40.88 -10 8.6569 -62.4562 -10 5.1745 -41.4086 -46 26.1075 -61.408
2 24 -46 33.6299 -81.232 -46 44 -100
5 24 -10 5.1745 -41.4086 -46 21.5403 -40.88 -46 20 -20 -10 8.6569 -62.4562
2 24 -10 5.1745 -41.4086 -10 8.6569 -62.4562
2 24 -46 21.5403 -40.88 -46 20 -20
5 24 -46 33.6299 -81.232 -10 21.4676 -100 -10 14.3926 -82.7821 -46 44 -100
2 24 -46 20 -20 -10 4 -20
2 24 -46 33.6299 -81.232 -46 26.1075 -61.408
5 24 -10 5.1745 -41.4086 -46 20 -20 -46 21.5403 -40.88 -10 4 -20
5 24 -10 14.3926 -82.7821 -46 33.6299 -81.232 -46 26.1075 -61.408 -10 21.4676 -100
2 24 -10 4 -20 -10 5.1745 -41.4086
2 24 -46 44 -100 -10 21.4676 -100
2 24 -40.344 44 -104 -32.929 44 -111.415
2 24 -50 20 -20 -50 21.5403 -40.88
2 24 -50 21.5403 -40.88 -50 26.1075 -61.408
2 24 -50 26.1075 -61.408 -50 33.6299 -81.232
2 24 -50 33.6299 -81.232 -50 44 -100
2 24 -10 0 20 -50 20 20
2 24 -44.243 44 -105.757 -35.7571 44 -114.2433
2 24 -24.2433 44 -125.7571 -15.7572 44 -134.2432
2 24 -15.7572 44 -134.2432 -10 44 -140
2 24 -10 21.4676 -100 6 21.4676 -100
2 24 6 21.4676 -100 6 14.3926 -82.7821
2 24 -50 44 -100 -46 44 -100
2 24 6 44 -100 10 44 -100
2 24 1 48 -124 -1 48 -124
2 24 -1 48 -116 1 48 -116
2 24 -1 48 -124 -1 48 -116
2 24 1 48 -116 1 48 -124
2 24 1 35.23 -124 -1 35.23 -124
2 24 -1 35.23 -124 -1 48.0001 -124
2 24 1 35.23 -124 1 48.0001 -124
2 24 1 30.0626 -116 1 48.0001 -116
2 24 1 30.0626 -116 -1 30.0626 -116
2 24 -1 30.0626 -116 -1 48.0001 -116
2 24 -6 42 -119.25 -1 42 -119.25
2 24 -1 42 -120.75 -6 42 -120.75
2 24 -1 42 -119.25 -1 42 -120.75
2 24 -6 42 -120.75 -6 42 -119.25
2 24 -6 32.8548 -120.75 -1 32.8548 -120.75
2 24 -1 32.8548 -120.75 -1 42.0001 -120.75
2 24 -6 32.8548 -120.75 -6 42.0001 -120.75
2 24 6 32.8548 -120.75 6 42.0001 -120.75
2 24 1 42.0001 -120.75 1 32.8548 -120.75
2 24 6 42.0001 -120.75 1 42.0001 -120.75
2 24 1 32.8548 -120.75 6 32.8548 -120.75
2 24 1 42 -119.25 6 42 -119.25
2 24 6 42 -119.25 6 42 -120.75
2 24 1 42 -119.25 1 42 -120.75
2 24 1 31.8678 -119.25 1 42 -119.25
2 24 1 31.8678 -119.25 6 31.8678 -119.25
2 24 6 31.8678 -119.25 6 42 -119.25
2 24 -6 31.8678 -119.25 -1 31.8678 -119.25
2 24 -1 31.8678 -119.25 -1 42 -119.25
2 24 -6 31.8678 -119.25 -6 42 -119.25
2 24 -6 31.8678 -119.25 -6 23.3967 -104
2 24 6 31.8678 -119.25 6 23.3967 -104
2 24 1 30.0625 -116 1 31.8678 -119.25
2 24 -1 30.0625 -116 -1 31.8678 -119.25
2 24 -6 44 -136 -6 32.8547 -120.75
2 24 6 32.8547 -120.75 6 44 -136
2 24 -1 32.8547 -120.75 -1 35.2299 -124
2 24 -1 35.2299 -124 1 35.2299 -124
2 24 1 32.8547 -120.75 1 35.2299 -124

2 24 -10 1.2919 -42.1468 -10 0 -20
5 24 -50 21.5403 -40.88 -10 1.2919 -42.1468 -10 5.1226 -63.9202 -50 20 -20
5 24 -50 44 -100 -10 20.1297 -104.8536 -50 33.6299 -81.232 -10 31.0358 -123.3178
2 24 -10 44 -140 -10 31.0358 -123.3178
5 24 -50 26.1075 -61.408 -10 11.4319 -84.947 -10 5.1226 -63.9202 -50 33.6299 -81.232
5 24 -50 33.6299 -81.232 -10 11.4319 -84.947 -50 26.1075 -61.408 -10 20.1297 -104.8536
2 24 -10 20.1297 -104.8536 -10 11.4319 -84.947
5 24 -10 0 -20 -50 20 -20 -10 0 20 -10 1.2919 -42.1468
5 24 -10 20.1297 -104.8536 -50 33.6299 -81.232 -50 44 -100 -10 11.4319 -84.947
2 24 -10 31.0358 -123.3178 -10 20.1297 -104.8536
5 24 -50 26.1075 -61.408 -10 5.1226 -63.9202 -50 21.5403 -40.88 -10 11.4319 -84.947
2 24 -10 0 -20 -10 0 20
5 24 -10 31.0358 -123.3178 -50 44 -100 -10 20.1297 -104.8536 -10 44 -140
5 24 -10 5.1226 -63.9202 -50 21.5403 -40.88 -10 1.2919 -42.1468 -50 26.1075 -61.408
2 24 -10 5.1226 -63.9202 -10 1.2919 -42.1468
2 24 -10 11.4319 -84.947 -10 5.1226 -63.9202
