0 ~Electric 4.5V 3 C-Cell Battery Box Polarity Switch 2 x 4 Connercor Side
0 Name: s\4352s02.dat
0 Author: Rene Rechthaler [Blechtaler]
0 !LDRAW_ORG Unofficial_Subpart 
0 !LICENSE Redistributable under CCAL version 2.0 : see CAreadme.txt

0 BFC CERTIFY CCW


0 // 1 16 0 38 220 1 0 0 0 1 0 0 0 1 s\4350.dat
0 // 1 16 0 -42 220 1 0 0 0 1 0 0 0 1 s\4350c01.dat
0 // 1 16 0 38 -20 1 0 0 0 1 0 0 0 1 s\4352s01.dat
0 // 1 0 0 0 -20 1 0 0 0 1 0 0 0 1 s\4352s03.dat

0 // Rim
1 16 0 -2 0 -36 0 0 0 0 -36 0 -4 0 48\7-48cylo.dat
1 16 0 -2 0 36 0 0 0 0 -36 0 -4 0 48\7-48cylo.dat
1 16 0 -2 0 -36 0 0 0 0 36 0 -4 0 48\5-24cylo.dat
1 16 0 -2 0 36 0 0 0 0 36 0 -4 0 48\5-24cylo.dat
1 16 0 32.7724 -2 0 0 -9.3168 0 -1 0 -2 0 0 rect.dat

0 // Connectorside
1 16 10 -24 0 0 0 1 -1 0 0 0 -1 0 s\4352s06.dat
1 16 -10 -24 0 0 0 1 -1 0 0 0 -1 0 s\4352s06.dat
1 16 10 24 0 0 0 1 1 0 0 0 -1 0 s\4352s06.dat
1 16 -10 24 0 0 0 1 1 0 0 0 -1 0 s\4352s06.dat
1 494 10 0 0 0.7071 0.7071 0 -0.7071 0.7071 0 0 0 -1 plug34.dat
1 494 -10 0 0 0.7071 0.7071 0 -0.7071 0.7071 0 0 0 -1 plug34.dat
1 16 0 0 8 3.5 0 0 0 0 3.5 0 -8 0 4-4cylc.dat
1 16 10 -24 0 6 0 0 0 0 6 0 -1 0 4-4ndis.dat
1 16 10 -24 0 4 0 0 0 0 4 0 -1 0 4-4disc.dat
1 16 -10 -24 0 6 0 0 0 0 6 0 -1 0 4-4ndis.dat
1 16 -10 -24 0 4 0 0 0 0 4 0 -1 0 4-4disc.dat
1 16 10 24 0 6 0 0 0 0 -6 0 -1 0 3-4ndis.dat
1 16 10 24 0 4 0 0 0 0 4 0 -1 0 4-4disc.dat
1 16 -10 24 0 -6 0 0 0 0 -6 0 -1 0 3-4ndis.dat
1 16 -10 24 0 4 0 0 0 0 4 0 -1 0 4-4disc.dat
1 16 10 0 0 3.5 0 0 0 0 3.5 0 -1 0 4-4ndis.dat
1 16 0 0 0 3.5 0 0 0 0 3.5 0 -1 0 4-4ndis.dat
1 16 -10 0 0 3.5 0 0 0 0 3.5 0 -1 0 4-4ndis.dat
1 16 0 -2 0 -36 0 0 0 0 36 0 -1 0 48\1-6chrd.dat
1 16 0 -2 0 36 0 0 0 0 36 0 -1 0 48\1-6chrd.dat
1 16 0 -2 0 -36 0 0 0 0 -36 0 -1 0 48\7-48chrd.dat
1 16 0 -2 0 36 0 0 0 0 -36 0 -1 0 48\7-48chrd.dat
1 16 0 -2 0 0 0 38 -38 0 0 0 -1 0 48\1-12chrd.dat
1 16 0 -2 0 0 0 -38 -38 0 0 0 -1 0 48\1-12chrd.dat

3 16 18 29.176 0 15.5434 26.2962 0 16 24 0
4 16 13.7772 31.2604 0 14.2426 28.2426 0 15.5434 26.2962 0 18 29.176 0
3 16 13.7772 31.2604 0 12.2962 29.5434 0 14.2426 28.2426 0
4 16 9.3168 32.7724 0 10 30 0 12.2962 29.5434 0 13.7772 31.2604 0
3 16 9.3168 32.7724 0 4 30 0 10 30 0
4 16 9.3168 32.7724 0 -9.3168 32.7724 0 -4 30 0 4 30 0
3 16 -9.3168 32.7724 0 -10 30 0 -4 30 0
4 16 -13.7772 31.2604 0 -12.2962 29.5434 0 -10 30 0 -9.3168 32.7724 0
3 16 -13.7772 31.2604 0 -14.2426 28.2426 0 -12.2962 29.5434 0
4 16 -18 29.176 0 -15.5434 26.2962 0 -14.2426 28.2426 0 -13.7772 31.2604 0
3 16 -18 29.176 0 -16 24 0 -15.5434 26.2962 0
4 16 36 -2 0 18 29.176 0 16 24 0 16 18 0
4 16 -4 18 0 4 18 0 4 30 0 -4 30 0
4 16 -18 29.176 0 -36 -2 0 -16 18 0 -16 24 0
4 16 16 18 0 4 18 0 6.5 3.5 0 13.5 3.5 0
3 16 6.5 3.5 0 4 18 0 3.5 3.5 0
4 16 -3.5 3.5 0 3.5 3.5 0 4 18 0 -4 18 0
3 16 -3.5 3.5 0 -4 18 0 -6.5 3.5 0
4 16 -4 18 0 -16 18 0 -13.5 3.5 0 -6.5 3.5 0
4 16 6.5 3.5 0 3.5 3.5 0 3.5 -3.5 0 6.5 -3.5 0
4 16 -3.5 3.5 0 -6.5 3.5 0 -6.5 -3.5 0 -3.5 -3.5 0
4 16 13.5 -3.5 0 6.5 -3.5 0 4 -18 0 16 -18 0
3 16 6.5 -3.5 0 3.5 -3.5 0 4 -18 0
4 16 3.5 -3.5 0 -3.5 -3.5 0 -4 -18 0 4 -18 0
3 16 -3.5 -3.5 0 -6.5 -3.5 0 -4 -18 0
4 16 -6.5 -3.5 0 -13.5 -3.5 0 -16 -18 0 -4 -18 0
4 16 16 18 0 13.5 3.5 0 13.5 -3.5 0 16 -18 0
4 16 -13.5 3.5 0 -16 18 0 -16 -18 0 -13.5 -3.5 0
3 16 36 -2 0 16 18 0 16 -18 0
3 16 -36 -2 0 -16 -18 0 -16 18 0
4 16 36 -2 0 16 -18 0 16 -30 0 21.9168 -30.5624 0
4 16 4 -18 0 -4 -18 0 -4 -30 0 4 -30 0
4 16 -36 -2 0 -21.9168 -30.5624 0 -16 -30 0 -16 -18 0
3 16 21.9168 -30.5624 0 16 -30 0 20 -31.841 0
4 16 20 -31.841 0 16 -30 0 19 -34.908 0 20 -34 0
4 16 19 -34.908 0 16 -30 0 4 -30 0 0 -40 0
3 16 4 -30 0 -4 -30 0 0 -40 0
4 16 -4 -30 0 -16 -30 0 -19 -34.908 0 0 -40 0
4 16 -16 -30 0 -20 -31.841 0 -20 -34 0 -19 -34.908 0
3 16 -16 -30 0 -21.9168 -30.5624 0 -20 -31.841 0

0 // Top
1 16 0 -2 0 0 0 38 -38 0 0 0 -12 0 48\1-12cylo.dat
1 16 19.5 -34.454 -6 0 0 .5 0 1 .454 6 0 0 rect3.dat
1 16 0 -2 0 0 0 -38 -38 0 0 0 -12 0 48\1-12cylo.dat
1 16 -19.5 -34.454 -6 0 0 -.5 0 1 .454 6 0 0 rect3.dat
1 16 20.9584 -31.2017 -2 0 0 -.9584 0 1 -.6393 2 0 0 rect3.dat
1 16 -20.9584 -31.2017 -2 0 0 .9584 0 1 -.6393 2 0 0 rect3.dat
0 BFC INVERTNEXT
1 16 0 -2 -4 0 0 34 -34 0 0 0 -8 0 48\1-12cylo.dat
0 BFC INVERTNEXT
1 16 0 -2 -4 0 0 -34 -34 0 0 0 -8 0 48\1-12cylo.dat
1 16 19.5 -30 -8 .5 0 0 0 -1 0 0 0 4 rect.dat
1 16 18 -30.722 -8 1 0 0 .722 -1 0 0 0 4 rect2p.dat
1 16 -19.5 -30 -8 .5 0 0 0 -1 0 0 0 4 rect.dat
1 16 -18 -30.722 -8 1 0 0 -.722 -1 0 0 0 4 rect2p.dat
3 16 -20 -30 -12 -19 -30 -12 -17 -31.444 -12
4 16 -20 -30 -12 -17 -31.444 -12 -19 -34.908 -12 -20 -34 -12
4 16 -17 -31.444 -12 -13.0118 -33.4126 -12 -14.5426 -37.1082 -12 -19 -34.908 -12
4 16 -13.0118 -33.4126 -12 -8.7992 -34.8406 -12 -9.8344 -38.7042 -12 -14.5426 -37.1082 -12
4 16 -8.7992 -34.8406 -12 -4.437 -35.7076 -12 -4.959 -39.6732 -12 -9.8344 -38.7042 -12
4 16 -4.437 -35.7076 -12 0 -36 -12 0 -40 -12 -4.959 -39.6732 -12
4 16 0 -36 -12 4.437 -35.7076 -12 4.959 -39.6732 -12 0 -40 -12
4 16 4.437 -35.7076 -12 8.7992 -34.8406 -12 9.8344 -38.7042 -12 4.959 -39.6732 -12
4 16 8.7992 -34.8406 -12 13.0118 -33.4126 -12 14.5426 -37.1082 -12 9.8344 -38.7042 -12
4 16 13.0118 -33.4126 -12 17 -31.444 -12 19 -34.908 -12 14.5426 -37.1082 -12
4 16 17 -31.444 -12 20 -30 -12 20 -34 -12 19 -34.908 -12
3 16 19 -30 -12 20 -30 -12 17 -31.444 -12
4 16 20 -34 -12 20 -30 -12 20 -30 -4 20 -31.841 -4
4 16 20 -34 -12 20 -31.841 -4 20 -31.841 0 20 -34 0
2 24 20 -30 -12 20 -34 -12
2 24 20 -31.841 0 20 -34 0
2 24 20 -30 -4 20 -31.841 -4
4 16 -20 -30 -4 -20 -30 -12 -20 -34 -12 -20 -31.841 -4
4 16 -20 -31.841 0 -20 -31.841 -4 -20 -34 -12 -20 -34 0
2 24 -20 -30 -12 -20 -34 -12
2 24 -20 -31.841 0 -20 -34 0
2 24 -20 -30 -4 -20 -31.841 -4

0 // Inside
1 16 0 -2 -4 36 0 0 0 0 36 0 1 0 48\5-24chrd.dat
1 16 0 -2 -4 -36 0 0 0 0 36 0 1 0 48\5-24chrd.dat
4 16 36 -2 -4 -36 -2 -4 -9.3168 32.7724 -4 9.3168 32.7724 -4
1 16 0 -2 -4 36 0 0 0 0 -36 0 1 0 48\7-48chrd.dat
1 16 0 -2 -4 -36 0 0 0 0 -36 0 1 0 48\7-48chrd.dat
1 16 0 -2 -4 0 0 34 -34 0 0 0 1 0 48\1-12chrd.dat
1 16 0 -2 -4 0 0 -34 -34 0 0 0 1 0 48\1-12chrd.dat
1 16 0 -17 -4 20 0 0 0 0 2 0 -12 0 box5.dat
4 16 -36 -2 -4 36 -2 -4 20 -15 -4 -20 -15 -4
3 16 -36 -2 -4 -20 -15 -4 -20 -19 -4
3 16 36 -2 -4 20 -19 -4 20 -15 -4
4 16 -36 -2 -4 -20 -19 -4 -19 -30 -4 -20 -30 -4
4 16 -20 -19 -4 20 -19 -4 19 -30 -4 -19 -30 -4
4 16 36 -2 -4 20 -30 -4 19 -30 -4 20 -19 -4
4 16 -36 -2 -4 -20 -30 -4 -20 -31.841 -4 -21.9168 -30.5624 -4
4 16 36 -2 -4 21.9168 -30.5624 -4 20 -31.841 -4 20 -30 -4
4 16 -19 -30 -4 19 -30 -4 17 -31.444 -4 -17 -31.444 -4
3 16 -17 -31.444 -4 17 -31.444 -4 0 -36 -4
