0 ~Constraction Rahkshi Kraata Holder - Half
0 Name: s\44139s01.dat
0 Author: Gerald Lasser [GeraldLasser]
0 !LDRAW_ORG Unofficial_Subpart 
0 !LICENSE Redistributable under CCAL version 2.0 : see CAreadme.txt

0 BFC CERTIFY CCW


0 // Balljoint
1 16 0 0 31 0 0 6 6 0 0 0 -21.5 0 5-16cylo.dat
1 16 5.3821 -2.53755 20.25 0 0 -.1613 0 1 -.24135 10.75 0 0 rect2a.dat
2 24 5.5434 2.2962 9.9156 4.9941 3.1181 10.091
2 24 5.5434 2.2962 9.9156 6 0 10.1461
2 24 2.2962 5.5434 9.9156 0 6 10.1461
2 24 3.1181 4.9941 10.091 2.2962 5.5434 9.9156
2 24 4.2426 4.2426 9.9854 4.9941 3.1181 10.091
2 24 4.2426 4.2426 9.9854 3.1181 4.9941 10.091
2 24 5.5434 -2.2962 9.9156 6 0 10.1461
2 24 1.8135 -2.7789 11.0868 4.9504 -2.7789 10.1993
2 24 0 -2.7789 11.4474 1.8135 -2.7789 11.0868
2 24 5.2208 -2.7789 10.0186 4.9504 -2.7789 10.1993
2 24 5.5434 -2.2962 9.9156 5.2208 -2.7789 10.0186

0 // Vertical Part and Peg Hole
3 16 5.2208 -2.7789 31 8 -2.7789 31 8 -2.7789 36.5
2 24 8 -2.7789 31 5.2208 -2.7789 31

1 16 0 20.85 31 25 0 0 0 0 -25 0 -1 0 48\3-16edge.dat
1 16 0 20.85 31 25 0 0 0 0 -25 0 1 0 48\3-16chrd.dat
4 16 8 -2.7789 31 5.2208 -2.7789 31 5.5434 -2.2962 31 9.5675 -2.2475 31
4 16 25 20.85 31 9.5675 -2.2475 31 5.5434 -2.2962 31 0 6 31
2 24 30 26 31 30 30 31
2 24 30 30 31 10 30 31
4 16 30 26 31 25 26 31 10 30 31 30 30 31
1 16 27.5 26 50.25 -2.5 0 0 0 1 0 0 0 -19.25 rect3.dat
4 16 30 30 31 30 30 69.5 30 26 69.5 30 26 31
2 24 30 30 31 30 30 69.5

4 16 25 22 48.5 25 26 31 25 26 69.5 25 22 69.5
4 16 25 21.0868 43.9076 25 20.85 43.5533 25 20.85 31 25 26 31
3 16 25 21.0868 43.9076 25 26 31 25 22 48.5
3 16 25 20.85 43.5533 24.8442 18.4852 40.0148 25 20.85 31
4 16 25 20.85 31 24.8442 18.4852 40.0148 24.785 17.5875 39.4149 24.785 17.5875 31
3 16 24.785 17.5875 31 24.785 17.5875 39.4149 24.1897 14.5924 37.4132
4 16 24.785 17.5875 31 24.1897 14.5924 37.4132 24.1475 14.38 37.371 24.1475 14.38 31
4 16 23.0975 11.2825 36.755 23.0975 11.2825 31 24.1475 14.38 31 24.1475 14.38 37.371
4 16 23.0975 11.2825 36.755 22.4645 10 36.5 21.65 8.35 31 23.0975 11.2825 31
3 16 21.65 8.35 31 22.4645 10 36.5 21.65 8.35 36.5
4 16 19.835 5.63 36.5 19.835 5.63 31 21.65 8.35 31 21.65 8.35 36.5
4 16 19.835 5.63 36.5 17.6775 3.1725 36.5 17.6775 3.1725 31 19.835 5.63 31
4 16 15.22 1.015 36.5 15.22 1.015 31 17.6775 3.1725 31 17.6775 3.1725 36.5
4 16 12.5 -.8 36.5 12.5 -.8 31 15.22 1.015 31 15.22 1.015 36.5
4 16 9.5675 -2.2475 36.5 9.5675 -2.2475 31 12.5 -.8 31 12.5 -.8 36.5
1 16 8.7838 -2.5132 33.75 0 0 -.78375 0 1 -.2657 2.75 0 0 rect3.dat
2 24 24.1897 14.5924 37.4132 24.1475 14.38 37.371
2 24 24.1897 14.5924 37.4132 24.785 17.5875 39.4149
2 24 24.8442 18.4852 40.0148 25 20.85 43.5533
2 24 24.8442 18.4852 40.0148 24.785 17.5875 39.4149
2 24 22.4645 10 36.5 23.0975 11.2825 36.755
2 24 23.0975 11.2825 36.755 24.1475 14.38 37.371
5 24 19.835 5.63 31 19.835 5.63 36.5 17.6775 3.1725 36.5 21.65 8.35 31
5 24 15.22 1.015 36.5 15.22 1.015 31 12.5 -.8 36.5 17.6775 3.1725 31
5 24 24.785 17.5875 31 24.785 17.5875 39.4149 24.1897 14.5924 37.4132 25 20.85 31
5 24 24.1475 14.38 31 24.1475 14.38 37.371 24.785 17.5875 31 23.0975 11.2825 36.755
5 24 23.0975 11.2825 36.755 23.0975 11.2825 31 24.1475 14.38 31 22.4645 10 36.5
5 24 25 20.85 31 25 20.85 43.5533 25 26 31 24.8442 18.4852 40.0148
5 24 17.6775 3.1725 36.5 17.6775 3.1725 31 15.22 1.015 36.5 19.835 5.63 31
5 24 12.5 -.8 36.5 12.5 -.8 31 9.5675 -2.2475 36.5 15.22 1.015 31
5 24 21.65 8.35 36.5 21.65 8.35 31 22.4645 10 36.5 19.835 5.63 36.5

2 24 25 20.85 43.5533 25 21.0868 43.9076
2 24 25 21.0868 43.9076 25 22 48.5
2 24 21.65 8.35 36.5 22.4645 10 36.5
2 24 21.65 8.35 36.5 19.835 5.63 36.5
2 24 19.835 5.63 36.5 17.6775 3.1725 36.5
2 24 17.6775 3.1725 36.5 15.22 1.015 36.5
2 24 15.22 1.015 36.5 12.5 -.8 36.5
2 24 12.5 -.8 36.5 9.5675 -2.2475 36.5

4 16 22.4645 10 36.5 23.0975 11.2825 36.755 22 14.5924 37.4132 22 10 36.5
4 16 23.0975 11.2825 36.755 24.1475 14.38 37.371 24.1897 14.5924 37.4132 22 14.5924 37.4132
4 16 24.1897 14.5924 37.4132 24.785 17.5875 39.4149 22 18.4852 40.0148 22 14.5924 37.4132
3 16 22 18.4852 40.0148 24.785 17.5875 39.4149 24.8442 18.4852 40.0148
4 16 22 18.4852 40.0148 24.8442 18.4852 40.0148 25 20.85 43.5533 22 21.0868 43.9076
3 16 22 21.0868 43.9076 25 20.85 43.5533 25 21.0868 43.9076
4 16 22 21.0868 43.9076 25 21.0868 43.9076 25 22 48.5 22 22 48.5
1 16 23.5 22 59 0 0 -1.5 0 1 0 10.5 0 0 rect2p.dat
4 16 22 26 36.5 22 22 48.5 22 22 69.5 22 26 69.5
3 16 22 22 36.5 22 22 48.5 22 26 36.5
1 16 22 10 48.5 0 1 0 0 0 12 -12 0 0 1-4ndis.dat
1 16 22 10 48.5 0 1 0 0 0 12 -12 0 0 1-4edge.dat

4 16 22 22 36.5 22 26 36.5 11 26 36.5 10.5 8 36.5
4 16 22 10 36.5 22 22 36.5 10.5 8 36.5 9 2 36.5
4 16 21.65 8.35 36.5 22.46445 10 36.5 22 10 36.5 9 2 36.5
4 16 19.835 5.63 36.5 21.65 8.35 36.5 9 2 36.5 17.6775 3.1725 36.5

5 24 24.8442 18.4852 40.0148 22 18.4852 40.0148 24.785 17.5875 39.4149 25 20.85 43.5533
5 24 25 21.0868 43.9076 22 21.0868 43.9076 25 20.85 43.5533 25 22 48.5
5 24 22.4645 10 36.5 22 10 36.5 23.0975 11.2825 36.755 9 2 36.5
5 24 24.1897 14.5924 37.4132 22 14.5924 37.4132 24.785 17.5875 39.4149 23.0975 11.2825 36.755
4 16 15.22 1.015 36.5 17.6775 3.1725 36.5 9 2 36.5 12.5 -.8 36.5
4 16 9.5675 -2.2475 36.5 12.5 -.8 36.5 9 2 36.5 6 2 36.5
2 24 11 26 36.5 22 26 36.5
2 24 22 26 36.5 22 26 69.5

0 // Clip for Cover
1 16 10.75 17 42.5 0 0 -.25 0 1 -9 6 0 0 rect.dat
1 16 9.75 5 42.5 0 0 -.75 0 1 -3 6 0 0 rect3.dat
1 16 6 5 46.5 0 0 -.5 0 -1 -3 -2 0 0 rect3.dat
1 16 6.25 5 40.5 0 0 -.25 0 -1 -3 -4 0 0 rect3.dat
4 16 6 2 44.5 9 2 48.5 5.5 2 48.5 5.5 2 44.5
4 16 9 2 36.5 9 2 48.5 6 2 44.5 6 2 36.5
4 16 6.5 8 48.5 5.5 2 48.5 9 2 48.5 10.5 8 48.5
4 16 6.5 8 48.5 10.5 8 48.5 11 26 48.5 5.5 26 48.5
4 16 6.5 8 44.5 6.5 8 48.5 5.5 26 48.5 5.5 26 47.5
3 16 6 2 44.5 5.5 2 44.5 6.5 8 44.5
4 16 5.5 26 47.5 5.5 26 36.5 6.5 8 36.5 6.5 8 44.5
2 24 11 26 48.5 5.5 26 48.5
2 24 6.5 8 48.5 5.5 26 48.5
2 24 6 2 44.5 5.5 2 44.5
2 24 5.5 26 47.5 5.5 26 48.5
2 24 5.5 26 36.5 6.5 8 36.5
2 24 5.5 2 48.5 9 2 48.5
2 24 6 2 36.5 9 2 36.5

5 24 6.5 8 44.5 6.5 8 36.5 6 2 36.5 5.5 26 36.5
5 24 6.5 8 48.5 6.5 8 44.5 5.5 2 48.5 5.5 26 48.5

0 // Flat Surface with Holes
3 16 22 26 69.5 6 26 66 6 26 60
3 16 6 26 54 11 26 48.5 6 26 60
4 16 11 26 48.5 22 26 36.5 22 26 69.5 6 26 60
4 16 14 26 69.5 0 26 66 6 26 66 22 26 69.5
3 16 11 26 36.5 22 26 36.5 11 26 48.5
3 16 5.5 26 48.5 11 26 48.5 6 26 54
3 16 5.5 26 48.5 6 26 54 0 26 54
3 16 14 26 69.5 10 26 69.5 0 26 66

0 // Bottom
4 16 30 30 31 10 30 31 10 30 49 30 30 69.5
4 16 30 30 69.5 10 30 49 6 30 54 6 30 60
3 16 30 30 69.5 6 30 60 6 30 66
4 16 25 30 69.5 30 30 69.5 6 30 66 0 30 66
3 16 0 30 54 6 30 54 10 30 49
3 16 25 30 69.5 0 30 66 10 30 69.5

0 // Rounded Part

0 // Bottom Reenforcement
1 16 17 53.9435 118.0145 0 0 -2 -3.4405 -1 0 -2.5027 0 0 rect2p.dat
1 16 17 47.4825 112.6611 0 0 -2 -3.0205 -1 0 -2.8507 0 0 rect2p.dat
1 16 17 37.9403 101.08335 2 0 0 0 -1 -1.4397 0 0 -2.41665 rect3.dat
1 16 17 41.921 106.6552 0 0 -2 -2.541 -1 0 -3.1552 0 0 rect2p.dat
1 16 17 61.192 122.6226 0 0 -2 -3.808 -1 0 -2.1054 0 0 rect2p.dat
1 16 17 65 127.424 2 0 0 0 -1 0 0 0 -2.696 rect3.dat
4 16 19 39.38 104.5 19 39.38 103.5 19 44.462 109.8104 19 44.462 112.116
4 16 19 44.462 112.116 19 44.462 109.8104 19 50.503 115.5118 19 50.503 118.997
4 16 19 50.503 118.997 19 50.503 115.5118 19 57.384 120.5172 19 57.384 125.038
3 16 19 36.5006 98.6667 19 39.38 103.5 19 39.38 104.5
4 16 15 44.462 109.8104 15 39.38 103.5 15 39.38 104.5 15 44.462 112.116
4 16 15 50.503 115.5118 15 44.462 109.8104 15 44.462 112.116 15 50.503 118.997
4 16 15 57.384 120.5172 15 50.503 115.5118 15 50.503 118.997 15 57.384 125.038
3 16 15 39.38 103.5 15 36.5006 98.6667 15 39.38 104.5
4 16 15 57.384 120.5172 15 57.384 125.038 15 65 130.12 15 65 124.728
4 16 19 65 130.12 19 57.384 125.038 19 57.384 120.5172 19 65 124.728
2 24 19 57.384 125.038 19 50.503 118.997
2 24 19 50.503 118.997 19 44.462 112.116
2 24 19 65 130.12 19 57.384 125.038
2 24 19 39.38 104.5 19 44.462 112.116
2 24 19 36.5006 98.6667 19 39.38 104.5
2 24 15 65 130.12 15 57.384 125.038
2 24 15 57.384 125.038 15 50.503 118.997
2 24 15 50.503 118.997 15 44.462 112.116
2 24 15 44.462 112.116 15 39.38 104.5
2 24 15 39.38 104.5 15 36.5006 98.6667
5 24 19 39.38 103.5 15 39.38 103.5 15 36.5006 98.6667 15 44.462 109.8104
5 24 19 44.462 109.8104 15 44.462 109.8104 15 39.38 103.5 15 50.503 115.5118
5 24 19 50.503 115.5118 15 50.503 115.5118 15 44.462 109.8104 15 57.384 120.5172
5 24 15 57.384 120.5172 19 57.384 120.5172 15 50.503 115.5118 15 65 124.728

1 16 30 100 69.5 0 -1 0 -70 0 0 0 0 70 48\1-8edge.dat
0 BFC INVERTNEXT
1 16 30 100 69.5 0 -5 0 -70 0 0 0 0 70 48\1-8cyli.dat
0 BFC INVERTNEXT
1 16 25 100 69.5 0 -15 0 -70 0 0 0 0 70 48\7-48cyli.dat
4 16 15 57.384 125.038 10 57.384 125.038 10 60 126.7836 15 65 130.12
4 16 25 57.384 125.038 19 57.384 125.038 19 65 130.12 25 65 130.12
2 24 10 60 126.7836 10 57.384 125.038
2 24 25 50.503 118.997 25 57.384 125.038
2 24 25 57.384 125.038 25 65 130.12
2 24 10 50.503 118.997 10 57.384 125.038
2 24 19 65 130.12 25 65 130.12
2 24 10 60 126.7836 15 65 130.12
5 24 10 57.384 125.038 15 57.384 125.038 10 60 126.7836 10 50.503 118.997
5 24 25 57.384 125.038 19 57.384 125.038 19 50.503 118.997 19 65 130.12

4 16 25 65 137.7224 19 65 130.12 15 65 130.12 15 65 137.7224
3 16 25 65 130.12 19 65 130.12 25 65 137.7224
2 24 15 65 137.7224 15 65 130.12
2 24 25 65 130.12 25 65 137.7224
2 24 15 65 137.7224 25 65 137.7224

1 16 30 100 69.5 0 -1 0 -2 0 0 0 0 2 48\1-8rin35.dat
1 16 30 100 69.5 0 -1 0 -2 0 0 0 0 2 48\1-8ring36.dat
1 16 25 100 69.5 0 5 0 -74 0 0 0 0 74 48\1-8cylo.dat
1 16 27.5 50.503 120.4112 2.5 0 0 0 -1 0 0 0 -1.4142 rect3.dat
1 16 27.5 49.0888 121.8254 -2.5 0 0 0 0 -1.4142 0 -1 0 rect.dat
3 16 30 49.0888 120.4112 30 50.503 118.997 30 50.503 121.8254
3 16 30 47.6746 121.8254 30 49.0888 120.4112 30 50.503 121.8254

1 16 25 100 69.5 0 -1 0 -78 0 0 0 0 78 48\1-8aring.dat
1 16 25 100 69.5 0 -1 0 -74 0 0 0 0 74 48\1-8tang.dat
3 16 25 22 69.5 25 26 69.5 25 26 84.2186
3 16 25 22 69.5 25 26 84.2186 25 27.9358 99.3506
3 16 25 27.9358 99.3506 25 26 84.2186 25 31.6314 97.8198
3 16 25 27.9358 99.3506 25 31.6314 97.8198 25 37.2628 111.421
3 16 25 27.9358 99.3506 25 37.2628 111.421 25 44.8462 124.6538
3 16 25 44.8462 124.6538 25 37.2628 111.421 25 47.6746 121.8254
4 16 25 44.8462 124.6538 25 47.6746 121.8254 25 50.503 121.8254 25 52.5136 131.3852
4 16 25 50.503 118.997 25 57.384 125.038 25 52.5136 131.3852 25 50.503 121.8254
4 16 25 52.5136 131.3852 25 57.384 125.038 25 65 130.12 25 61 137.048
4 16 25 61 137.048 25 65 130.12 25 65 137.7224 25 62.3663 137.7224
2 24 25 62.3663 137.7224 25 65 137.7224
2 24 25 61 137.048 25 62.3663 137.7224

1 16 22 100 69.5 0 3 0 -78 0 0 0 0 78 48\1-6cylo.dat
1 16 22 100 69.5 0 1 0 -78 0 0 0 0 78 48\1-8aring.dat
1 16 22 100 69.5 0 1 0 -74 0 0 0 0 74 48\1-8tang.dat
3 16 22 26 69.5 22 22 69.5 22 26 84.2186
3 16 22 26 84.2186 22 22 69.5 22 27.9358 99.3506
3 16 22 26 84.2186 22 27.9358 99.3506 22 31.6314 97.8198
3 16 22 31.6314 97.8198 22 27.9358 99.3506 22 37.2628 111.421
3 16 22 37.2628 111.421 22 27.9358 99.3506 22 44.8462 124.6538
3 16 22 37.2628 111.421 22 44.8462 124.6538 22 47.6746 121.8254
4 16 22 54.9488 128.2116 22 47.6746 121.8254 22 44.8462 124.6538 22 52.5136 131.3852
4 16 22 54.9488 128.2116 22 52.5136 131.3852 22 61 137.048 22 61 132.2494

3 16 12.3663 62.3663 137.7224 11 61 137.048 16.6569 61 137.048
4 16 15 65 130.12 10 60 126.7836 10 60 136.3807 11 61 137.048
4 16 15 65 137.7224 15 65 130.12 11 61 137.048 12.3663 62.3663 137.7224
3 16 25 61 137.048 25 62.3663 137.7224 22 61 137.048
4 16 12.3663 62.3663 137.7224 16.6569 61 137.048 22 61 137.048 25 62.3663 137.7224
4 16 14 58.3431 135.2751 16.6569 61 137.048 11 61 137.048 10 60 136.3807
4 16 25 65 137.7224 15 65 137.7224 12.3663 62.3663 137.7224 25 62.3663 137.7224
2 24 12.3663 62.3663 137.7224 15 65 137.7224
2 24 11 61 137.048 12.3663 62.3663 137.7224
2 24 25 62.3663 137.7224 12.3663 62.3663 137.7224
2 24 10 60 136.3807 10 60 126.7836
2 24 11 61 137.048 10 60 136.3807
1 16 19.32845 61 134.6487 -2.67155 0 0 0 1 0 0 0 -2.3993 rect.dat
2 24 14 58.3431 135.2751 16.6569 61 137.048
2 24 14 58.3431 135.2751 14 58.3431 130.4766
2 24 14 58.3431 130.4766 16.6569 61 132.2494
4 16 14 58.3431 135.2751 14 58.3431 130.4766 16.6569 61 132.2494 16.6569 61 137.048
5 24 25 61 137.048 22 61 137.048 25 52.5136 131.3852 25 62.3663 137.7224

1 16 22 100 69.5 0 -8 0 -74 0 0 0 0 74 48\7-48cyli.dat
1 16 22 100 69.5 0 -1 0 -74 0 0 0 0 74 48\7-48edge.dat
4 16 22 54.9488 128.2116 22 61 132.2494 14 58.3431 130.4766 14 54.9488 128.2116
3 16 16.6569 61 132.2494 14 58.3431 130.4766 22 61 132.2494
2 24 22 54.9488 128.2116 22 61 132.2494
2 24 14 54.9488 128.2116 14 58.3431 130.4766
2 24 14 41.2884 114.5512 14 47.6746 121.8254
2 24 14 47.6746 121.8254 14 54.9488 128.2116

1 16 14 100 69.5 0 -4 0 -74 0 0 0 0 74 48\5-48cyli.dat
4 16 14 44.8462 124.6538 14 47.6746 121.8254 14 54.9488 128.2116 14 52.5136 131.3852
4 16 14 39.7016 118.7938 14 39.7016 115.7688 14 47.6746 121.8254 14 44.8462 124.6538
3 16 14 39.7016 115.7688 14 41.2884 114.5512 14 47.6746 121.8254
4 16 14 58.3431 135.2751 14 52.5136 131.3852 14 54.9488 128.2116 14 58.3431 130.4766
3 16 10 41.2884 114.5512 14 41.2884 114.5512 14 39.7016 115.7688
4 16 14 44.8462 124.6538 14 52.5136 131.3852 10 52.5136 131.3852 10 44.8462 124.6538
4 16 14 39.7016 118.7938 14 44.8462 124.6538 10 44.8462 124.6538 10 42.3631 121.8254
4 16 10 52.5136 131.3852 14 52.5136 131.3852 14 58.3431 135.2751 10 60 136.3807
2 24 10 41.2884 114.5512 14 41.2884 114.5512
2 24 14 52.5136 131.3852 14 58.3431 135.2751
2 24 10 52.5136 131.3852 10 60 136.3807
2 24 10 44.8462 124.6538 10 52.5136 131.3852
2 24 14 52.5136 131.3852 14 44.8462 124.6538
2 24 10 42.3631 121.8254 10 44.8462 124.6538
2 24 14 39.7016 118.7938 14 44.8462 124.6538
2 24 14 41.2884 114.5512 14 39.7016 115.7688
2 24 14 39.7016 115.7688 14 39.7016 118.7938
5 24 14 44.8462 124.6538 10 44.8462 124.6538 14 39.7016 118.7938 14 52.5136 131.3852
5 24 10 52.5136 131.3852 14 52.5136 131.3852 14 44.8462 124.6538 14 58.3431 135.2751
5 24 11 61 137.048 16.6569 61 137.048 12.3663 62.3663 137.7224 10 60 136.3807

4 16 10 60 126.7836 10 57.384 125.038 10 52.5136 131.3852 10 60 136.3807
4 16 10 57.384 125.038 10 50.503 121.8254 10 44.8462 124.6538 10 52.5136 131.3852
3 16 10 42.3631 121.8254 10 44.8462 124.6538 10 50.503 121.8254
3 16 10 50.503 121.8254 10 57.384 125.038 10 50.503 118.997
