0 ~Constraction Limb  7 Straight with Wedge Side
0 Name: s\45749s01.dat
0 Author: Michael Heidemann [mikeheide]
0 !LDRAW_ORG Unofficial_Subpart 
0 !LICENSE Redistributable under CCAL version 2.0 : see CAreadme.txt

0 BFC CERTIFY CCW

0 !HISTORY 2008-12-19 [mikeheide] added one conditional line and changed one
0 !HISTORY 2008-12-19 [mikeheide] added two edgelines and one conditional line
0 !HISTORY 2008-12-20 [mikeheide] adjusted two conditional lines
0 !HISTORY 2018-02-13 [Philo] Removed some surface bleeding

2 24 20 -10 0 20 -10 -9.5
2 24 120 -10 -9.5 20 -10 -9.5
2 24 20 -9 -10 20 -10 -9.5
2 24 120 -9 -10 120 -10 -9.5
2 24 101 -9 -10 76 -9 -10
2 24 70 -9 -10 50 -9 -10
2 24 43 -9 -10 26 -9 -10
5 24 20 -9 -10 26 -9 -10 20 -10 -9.5 20 15 -15
5 24 43 -9 -10 50 -9 -10 44 -10 -9.5 60 18 -25
5 24 70 -9 -10 76 -9 -10 70 -10 -9.5 60 18 -25
5 24 101 -9 -10 120 -9 -10 101 -10 -9.5 103 4 -15
2 24 96 -1 -10 26 -1 -10
2 24 20 15 -15 20 -9 -10
2 24 26 10 -12 26 10 -16
2 24 26 10 -12 35 -1 -10
2 24 43 -9 -10 35 -1 -10
2 24 26 10 -16 43 -9 -10
2 24 60 18 -25 50 -9 -10
4 16 60 18 -20 53 -1 -10 50 -9 -10 60 18 -25
4 16 60 18 -25 70 -9 -10 67 -1 -10 60 18 -20
2 24 60 18 -25 70 -9 -10
2 24 90 11 -19.1 76 -9 -10
3 16 90 11 -14 82 -1 -10 90 11 -19.1
3 16 82 -1 -10 76 -9 -10 90 11 -19.1
5 24 82 -1 -10 90 11 -19.1 90 11 -14 76 -9 -10
3 16 90 11 -19.1 101 -9 -10 96 -1 -10
3 16 90 11 -19.1 96 -1 -10 90 11 -14
5 24 90 11 -19.1 96 -1 -10 101 -9 -10 90 11 -14
2 24 90 11 -14 82 -1 -10
2 24 76 -9 -10 82 -1 -10
2 24 90 11 -19.1 101 -9 -10
2 24 90 11 -14 96 -1 -10
2 24 101 -9 -10 96 -1 -10
2 24 90 11 -14 90 11 -19.1
2 24 60 18 -20 53 -1 -10
2 24 50 -9 -10 53 -1 -10
2 24 60 18 -20 67 -1 -10
2 24 70 -9 -10 67 -1 -10
2 24 60 18 -20 60 18 -25
3 16 26 10 -16 43 -9 -10 35 -1 -10
3 16 26 10 -16 35 -1 -10 26 10 -12
5 24 26 10 -16 35 -1 -10 43 -9 -10 26 10 -12
2 24 26 10 -16 26 -9 -10
4 16 26 10 -12 26 -1 -10 26 -9 -10 26 10 -16
2 24 26 -9 -10 26 -1 -10
3 16 26 10 -16 26 -9 -10 20 -9 -10
3 16 26 10 -16 20 -9 -10 20 15 -15
5 24 26 10 -16 20 -9 -10 26 -9 -10 20 15 -15
5 24 26 10 -12 20 15 -10 20 -9 -10 60 29 -22
4 16 20 15 -10 20 9 -10 26 9 -12 26 10 -12
2 24 26 9 -12 26 10 -12
3 16 20 15 -15 60 29 -27 26 10 -16
3 16 60 29 -27 60 18 -25 26 10 -16
5 24 60 29 -27 26 10 -16 20 15 -15 60 18 -25
5 24 20 15 -15 26 10 -16 20 -9 -10 60 29 -27
3 16 26 10 -12 60 18 -20 60 29 -22
3 16 26 10 -12 60 29 -22 20 15 -10
5 24 26 10 -12 60 29 -22 60 18 -20 20 15 -10
5 24 60 18 -20 60 29 -22 120 7 -10 20 15 -10
3 16 60 18 -25 60 29 -27 120 7.5 -15
3 16 120 7.5 -15 90 11 -19.1 60 18 -25
5 24 120 7.5 -15 60 18 -25 90 11 -19.1 60 29 -27
5 24 60 18 -25 60 29 -27 120 8 -13.5 20 16 -14
3 16 120 7.5 -10 60 29 -22 90 11 -14
3 16 60 29 -22 60 18 -20 90 11 -14
5 24 60 29 -22 90 11 -14 120 7.5 -10 60 18 -20
5 24 60 18 -20 90 11 -14 76 23.5 -19 82 -1 -10
3 16 120 7.5 -15 120 -9 -10 101 -9 -10
3 16 120 7.5 -15 101 -9 -10 90 11 -19.1
5 24 120 7.5 -15 101 -9 -10 120 -9 -10 90 11 -19.1
5 24 90 11 -19.1 120 7.5 -15 101 -9 -10 103 13 -18
3 16 90 11 -14 96 -1 -10 120 7.5 -10
3 16 96 -1 -10 106 -1 -10 120 7.5 -10
5 24 96 -1 -10 120 7.5 -10 90 11 -14 120 -10 -9
5 24 90 11 -14 120 7.5 -10 60 29 -22 82 -1 -10
3 16 76 -9 -10 70 -9 -10 60 18 -25
3 16 76 -9 -10 60 18 -25 90 11 -19.1
5 24 76 -9 -10 60 18 -25 70 -9 -10 90 11 -19.1
3 16 90 11 -14 60 18 -20 82 -1 -10
3 16 60 18 -20 67 -1 -10 82 -1 -10
5 24 60 18 -20 82 -1 -10 90 11 -14 67 -1 -10
3 16 26 10 -16 60 18 -25 43 -9 -10
3 16 60 18 -25 50 -9 -10 43 -9 -10
5 24 60 18 -25 43 -9 -10 26 10 -16 50 -9 -10
5 24 26 10 -16 60 18 -25 50 -9 -10 61 29 -27
5 24 90 11 -19.1 60 18 -25 70 -9 -10 60 28 -27
3 16 35 -1 -10 53 -1 -10 60 18 -20
3 16 35 -1 -10 60 18 -20 26 10 -12
5 24 35 -1 -10 60 18 -20 53 -1 -10 26 10 -12
5 24 26 10 -12 60 18 -20 35 -1 -10 60 29 -22
1 16 40 22 -18.5 20 0 0 7 -1 0 -6 0 -2.5 rect.dat
1 16 90 18.25 -18.5 0 0 30 0 -1 -10.75 2.5 0 6 rect3.dat
2 24 20 9 -10 20 15 -10
3 16 20 9 -10 20 15 -10 20 15 -15
3 16 20 9 -10 20 15 -15 20 -9 -10
4 16 20 -9 -10 20 -10 0 20 9 0 20 9 -10
4 16 26 9 -12 26 9 0 26 -6 0 26 -6 -9
3 16 20 -10 0 20 -9 -10 20 -10 -9.5
2 24 20 9 -10 20 9 0
2 24 26 9 -12 26 9 0
2 24 26 -6 -9 26 -6 0
4 16 20 9 -10 20 9 0 26 9 0 26 9 -12
2 24 20 9 -10 26 9 -12
1 16 66 -3.5 -9.5 -40 0 0 0 0 -2.5 0 -1 0.5 rect1.dat
2 24 103 3.8518 -15 120 7.5 -15
2 24 103 -7.5 -10.4545 103 -7.2632 -10.5263
2 24 103 -7.2632 -10.5263 103 3.8518 -15
2 24 103 3.8518 -15 103 -7.5 -15
4 16 103 -7.2632 -10.5263 103 3.8518 -15 103 -7.5 -15 103 -7.5 -10.4545
4 16 103 3.8518 -15 120 7.5 -15 120 -7.5 -15 103 -7.5 -15
1 16 111.5 -7.5 -12.72725 0 0 -8.5 0 1 0 2.27275 0 0 rect3.dat
3 16 20 -10 -9.5 20 -9 -10 26 -9 -10
3 16 20 -10 -9.5 26 -9 -10 43 -9 -10
3 16 20 -10 -9.5 43 -9 -10 50 -9 -10
3 16 20 -10 -9.5 50 -9 -10 70 -9 -10
4 16 20 -10 -9.5 70 -9 -10 76 -9 -10 120 -10 -9.5
3 16 120 -10 -9.5 101 -9 -10 120 -9 -10
3 16 76 -9 -10 101 -9 -10 120 -10 -9.5
4 16 82 -1 -10 96 -1 -10 101 -9 -10 76 -9 -10
4 16 67 -1 -10 70 -9 -10 50 -9 -10 53 -1 -10
4 16 35 -1 -10 43 -9 -10 26 -9 -10 26 -1 -10
5 24 106 -1 -10 96 -1 -10 106 -6 -9 120 7.5 -10
