0 ~Train Track 6 Studs Wide Switch - Rails Outer
0 Name: s\53404s05.dat
0 Author: Jens Brühl [jb70]
0 !LDRAW_ORG Unofficial_Subpart 
0 !LICENSE Redistributable under CCAL version 2.0 : see CAreadme.txt

0 BFC CERTIFY CCW


0 // Rails Outer
4 16 20.86 -3 49.744 0 -3 50 0 0 55 20.983 0 54.742
4 16 0 -3 50 -20.86 -3 49.744 -20.983 0 54.742 0 0 55
4 16 -20.86 -3 49.744 -41.708 -3 48.976 -41.953 0 53.97 -20.983 0 54.742
4 16 0 -3 50 20.86 -3 49.744 20.737 0 44.746 0 0 45
4 16 -20.86 -3 49.744 0 -3 50 0 0 45 -20.737 0 44.746
4 16 -41.708 -3 48.976 -20.86 -3 49.744 -20.737 0 44.746 -41.462 0 43.982
4 16 20.983 0 54.742 0 0 55 0 4 55 20.983 4 54.742
4 16 0 0 55 -20.983 0 54.742 -20.983 4 54.742 0 4 55
4 16 -20.983 0 54.742 -41.953 0 53.97 -41.953 4 53.97 -20.983 4 54.742
4 16 0 0 45 20.737 0 44.746 20.737 4 44.746 0 4 45
4 16 -20.737 0 44.746 0 0 45 0 4 45 -20.737 4 44.746
4 16 -41.462 0 43.982 -20.737 0 44.746 -20.737 4 44.746 -41.462 4 43.982
4 16 20.983 4 54.742 0 4 55 0 4 57 21.032 4 56.742
4 16 0 4 55 -20.983 4 54.742 -21.032 4 56.742 0 4 57
4 16 -20.983 4 54.742 -41.953 4 53.97 -42.051 4 55.968 -21.032 4 56.742
4 16 0 4 45 20.737 4 44.746 20.688 4 42.746 0 4 43
4 16 -20.737 4 44.746 0 4 45 0 4 43 -20.688 4 42.746
4 16 -41.462 4 43.982 -20.737 4 44.746 -20.688 4 42.746 -41.364 4 41.985
4 16 21.044 0 57.242 0 0 57.5 0 -2 57.5 21.044 -2 57.242
4 16 0 0 57.5 -21.044 0 57.242 -21.044 -2 57.242 0 -2 57.5
4 16 -21.044 0 57.242 -42.076 0 56.467 -42.076 -2 56.467 -21.044 -2 57.242
4 16 0 0 42.5 20.676 0 42.246 20.676 -2 42.246 0 -2 42.5
4 16 -20.676 0 42.246 0 0 42.5 0 -2 42.5 -20.676 -2 42.246
4 16 -41.34 0 41.485 -20.676 0 42.246 -20.676 -2 42.246 -41.34 -2 41.485
4 16 21.044 -2 57.242 0 -2 57.5 0 -3.5 54.5 20.97 -3.5 54.243
4 16 0 -2 57.5 -21.044 -2 57.242 -20.97 -3.5 54.243 0 -3.5 54.5
4 16 -21.044 -2 57.242 -42.076 -2 56.467 -41.928 -3.5 53.471 -20.97 -3.5 54.243
4 16 0 -2 42.5 20.676 -2 42.246 20.75 -3.5 45.245 0 -3.5 45.5
4 16 -20.676 -2 42.246 0 -2 42.5 0 -3.5 45.5 -20.75 -3.5 45.245
4 16 -41.34 -2 41.485 -20.676 -2 42.246 -20.75 -3.5 45.245 -41.487 -3.5 44.482
4 16 20.97 -3.5 54.243 0 -3.5 54.5 0 -5.5 53.1 20.936 -5.5 52.843
4 16 0 -3.5 54.5 -20.97 -3.5 54.243 -20.936 -5.5 52.843 0 -5.5 53.1
4 16 -20.97 -3.5 54.243 -41.928 -3.5 53.471 -41.86 -5.5 52.072 -20.936 -5.5 52.843
4 16 0 -3.5 45.5 20.75 -3.5 45.245 20.784 -5.5 46.645 0 -5.5 46.9
4 16 -20.75 -3.5 45.245 0 -3.5 45.5 0 -5.5 46.9 -20.784 -5.5 46.645
4 16 -41.487 -3.5 44.482 -20.75 -3.5 45.245 -20.784 -5.5 46.645 -41.555 -5.5 45.88
4 16 20.936 -5.5 52.843 0 -5.5 53.1 0 -16 53.1 20.936 -16 52.843
4 16 0 -5.5 53.1 -20.936 -5.5 52.843 -20.936 -16 52.843 0 -16 53.1
4 16 -20.936 -5.5 52.843 -41.86 -5.5 52.072 -41.86 -16 52.072 -20.936 -16 52.843
4 16 0 -5.5 46.9 20.784 -5.5 46.645 20.784 -16 46.645 0 -16 46.9
4 16 -20.784 -5.5 46.645 0 -5.5 46.9 0 -16 46.9 -20.784 -16 46.645
4 16 -41.555 -5.5 45.88 -20.784 -5.5 46.645 -20.784 -16 46.645 -41.555 -16 45.88
4 16 0 -16 46.9 20.784 -16 46.645 20.936 -16 52.843 0 -16 53.1
4 16 -20.784 -16 46.645 0 -16 46.9 0 -16 53.1 -20.936 -16 52.843
4 16 -41.555 -16 45.88 -20.784 -16 46.645 -20.936 -16 52.843 -41.86 -16 52.072

0 // Lines/CondLines
2 24 20.936 -16 52.843 0 -16 53.1
2 24 0 -16 53.1 -20.936 -16 52.843
2 24 -20.936 -16 52.843 -41.86 -16 52.072
2 24 0 -16 46.9 20.784 -16 46.645
2 24 -41.555 -16 45.88 -20.784 -16 46.645
2 24 -20.784 -16 46.645 0 -16 46.9
2 24 -41.708 -3 48.976 -20.86 -3 49.744
2 24 -20.86 -3 49.744 0 -3 50
2 24 0 -3 50 20.86 -3 49.744
2 24 0 -2 57.5 -21.044 -2 57.242
2 24 21.044 -2 57.242 0 -2 57.5
2 24 -21.044 -2 57.242 -42.076 -2 56.467
2 24 -41.34 -2 41.485 -20.676 -2 42.246
2 24 0 -2 42.5 20.676 -2 42.246
2 24 -20.676 -2 42.246 0 -2 42.5
2 24 0 0 57.5 -21.044 0 57.242
2 24 21.044 0 57.242 0 0 57.5
2 24 -21.044 0 57.242 -42.076 0 56.467
2 24 -41.34 0 41.485 -20.676 0 42.246
2 24 0 0 42.5 20.676 0 42.246
2 24 -20.676 0 42.246 0 0 42.5
2 24 -20.737 4 44.746 0 4 45
2 24 -41.462 4 43.982 -20.737 4 44.746
2 24 0 4 45 20.737 4 44.746
2 24 20.983 4 54.742 0 4 55
2 24 -20.983 4 54.742 -41.953 4 53.97
2 24 0 4 55 -20.983 4 54.742
2 24 0 -3.5 45.5 20.75 -3.5 45.245
2 24 -41.462 0 43.982 -20.737 0 44.746
2 24 -20.737 0 44.746 0 0 45
2 24 -20.983 0 54.742 -41.953 0 53.97
2 24 -41.487 -3.5 44.482 -20.75 -3.5 45.245
2 24 -20.75 -3.5 45.245 0 -3.5 45.5
2 24 0 0 45 20.737 0 44.746
2 24 -20.784 -5.5 46.645 0 -5.5 46.9
2 24 0 -5.5 53.1 -20.936 -5.5 52.843
2 24 20.936 -5.5 52.843 0 -5.5 53.1
2 24 -41.555 -5.5 45.88 -20.784 -5.5 46.645
2 24 -20.936 -5.5 52.843 -41.86 -5.5 52.072
2 24 0 -5.5 46.9 20.784 -5.5 46.645
2 24 0 0 55 -20.983 0 54.742
2 24 20.97 -3.5 54.243 0 -3.5 54.5
2 24 0 -3.5 54.5 -20.97 -3.5 54.243
2 24 -20.97 -3.5 54.243 -41.928 -3.5 53.471
2 24 20.983 0 54.742 0 0 55
5 24 -20.737 0 44.746 -20.737 4 44.746 0 4 45 -41.462 0 43.982
5 24 0 -2 57.5 0 0 57.5 21.044 0 57.242 -21.044 -2 57.242
5 24 -20.983 4 54.742 -20.983 0 54.742 0 0 55 -41.953 4 53.97
5 24 0 0 42.5 0 -2 42.5 20.676 -2 42.246 -20.676 0 42.246
5 24 -20.676 0 42.246 -20.676 -2 42.246 0 -2 42.5 -41.34 0 41.485
5 24 -21.044 -2 57.242 -21.044 0 57.242 0 0 57.5 -42.076 -2 56.467
5 24 0 -3.5 45.5 0 -5.5 46.9 20.784 -5.5 46.645 -20.75 -3.5 45.245
5 24 -20.75 -3.5 45.245 -20.784 -5.5 46.645 0 -5.5 46.9 -41.487 -3.5 44.482
5 24 0 -5.5 53.1 0 -3.5 54.5 20.97 -3.5 54.243 -20.936 -5.5 52.843
5 24 -20.936 -16 52.843 -20.936 -5.5 52.843 0 -5.5 53.1 -41.86 -16 52.072
5 24 -20.784 -5.5 46.645 -20.784 -16 46.645 0 -16 46.9 -41.555 -5.5 45.88
5 24 0 -5.5 46.9 0 -16 46.9 20.784 -16 46.645 -20.784 -5.5 46.645
5 24 0 -16 53.1 0 -5.5 53.1 20.936 -5.5 52.843 -20.936 -16 52.843
5 24 -20.936 -5.5 52.843 -20.97 -3.5 54.243 0 -3.5 54.5 -41.86 -5.5 52.072
5 24 -20.86 -3 49.744 -20.737 0 44.746 0 0 45 -41.708 -3 48.976
5 24 -20.983 0 54.742 -20.86 -3 49.744 0 -3 50 -41.953 0 53.97
5 24 -20.97 -3.5 54.243 -21.044 -2 57.242 0 -2 57.5 -41.928 -3.5 53.471
5 24 0 -3.5 54.5 0 -2 57.5 21.044 -2 57.242 -20.97 -3.5 54.243
5 24 0 -2 42.5 0 -3.5 45.5 20.75 -3.5 45.245 -20.676 -2 42.246
5 24 -20.676 -2 42.246 -20.75 -3.5 45.245 0 -3.5 45.5 -41.34 -2 41.485
5 24 0 4 45 0 0 45 -20.737 4 44.746 20.737 0 44.746
5 24 0 4 55 0 0 55 20.983 4 54.742 -20.983 0 54.742
5 24 0 0 55 0 -3 50 20.983 0 54.742 -20.86 -3 49.744
5 24 0 0 45 0 -3 50 20.86 -3 49.744 -20.737 0 44.746
