0 ~Constraction Ball Cannon Trigger - 1/6
0 Name: s\60922s01.dat
0 Author: Santeri Piippo [arezey]
0 !LDRAW_ORG Unofficial_Subpart 
0 !LICENSE Redistributable under CCAL version 2.0 : see CAreadme.txt

0 BFC CERTIFY CCW


1 16 0 -7.5 0 0 0 -26 0 1 0 26 0 0 48\1-48edge.dat
1 16 0 -7.5 0 0 0 -28 0 1 0 28 0 0 48\1-48edge.dat
0 BFC INVERTNEXT
1 16 0 -7.5 0 0 0 -26 0 15 0 26 0 0 48\1-48cyli.dat
1 16 0 -7.5 0 0 0 -28 0 15 0 28 0 0 48\1-48cyli.dat
4 16 -3.654 -7.5 27.76 -3.393 -7.5 25.776 0 -7.5 26 0.001 -7.5 27.999
1 16 -24.932 -7.5 14.395 22.5944 0 2.9746 0 1 0 -2.9746 0 22.5944 48\1-12edge.dat
1 16 -24.932 -7.5 14.395 20.6115 0 2.7136 0 1 0 -2.7136 0 20.6115 48\5-48edge.dat
1 16 -24.932 7.5 14.395 22.5944 0 2.9746 0 -1 0 -2.9746 0 22.5944 48\1-12edge.dat
1 16 -24.932 7.5 14.395 20.6115 0 2.7136 0 -1 0 -2.7136 0 20.6115 48\5-48edge.dat
0 BFC INVERTNEXT
1 16 -24.932 -7.5 14.395 18.0041 0 10.3947 0 15 0 -10.3947 0 18.0041 48\1-6cyli.dat
2 24 -2.337 -9.7 11.42 -2.394 -9.7 9.942
2 24 -2.394 -9.7 9.942 -2.193 -9.7 8.884
2 24 -2.193 -9.7 8.884 -1.792 -9.7 8.178
2 24 -1.792 -9.7 8.178 -1.253 -9.7 7.756
2 24 -1.253 -9.7 7.756 -0.636 -9.7 7.553
2 24 -0.636 -9.7 7.553 0 -9.7 7.5
2 24 -4.3205 -7.5 11.6815 -4.3205 -9.7 11.6815
2 24 -4.3205 -9.7 11.6815 -2.3375 -9.7 11.4205
2 24 -2.3375 -9.7 11.4205 -2.3375 -7.5 11.4205
2 24 -2.3375 -7.5 11.4205 -4.3205 -7.5 11.6815
4 16 -4.3205 -9.7 11.6815 -2.3375 -9.7 11.4205 -2.3375 -7.5 11.4205 -4.3205 -7.5 11.6815
2 24 -7.03 -7.5 25.464 -6.966 -7.5 26.04
2 24 -7.03 -7.5 25.464 -6.928 -7.5 24.789
2 24 -6.667 -7.5 26.537 -6.062 -7.5 26.976
2 24 -4.093 -7.5 25.438 -4.284 -7.5 25.143
4 16 -6.928 -7.5 24.789 -7.03 -7.5 25.464 -7.03 7.5 25.464 -6.928 7.5 24.789
4 16 -7.03 -7.5 25.464 -6.966 -7.5 26.04 -6.966 7.5 26.04 -7.03 7.5 25.464
4 16 -6.966 -7.5 26.04 -6.667 -7.5 26.537 -6.667 7.5 26.537 -6.966 7.5 26.04
4 16 -6.667 -7.5 26.537 -6.062 -7.5 26.976 -6.062 7.5 26.976 -6.667 7.5 26.537
4 16 -6.062 -7.5 26.976 -5.081 -7.5 27.377 -5.081 7.5 27.377 -6.062 7.5 26.976
4 16 -5.081 -7.5 27.377 -3.654 -7.5 27.759 -3.654 7.5 27.759 -5.081 7.5 27.377
5 24 -7.03 -7.5 25.464 -7.03 7.5 25.464 -6.928 -7.5 24.789 -6.966 -7.5 26.04
5 24 -6.966 -7.5 26.04 -6.966 7.5 26.04 -7.03 -7.5 25.464 -6.667 -7.5 26.537
5 24 -6.667 -7.5 26.537 -6.667 7.5 26.537 -6.966 -7.5 26.04 -6.062 -7.5 26.976
5 24 -6.062 -7.5 26.976 -6.062 7.5 26.976 -6.667 -7.5 26.537 -5.081 -7.5 27.377
5 24 -5.081 -7.5 27.377 -5.081 7.5 27.377 -6.062 -7.5 26.976 -3.654 -7.5 27.759
2 24 -4.284 7.5 25.143 -4.093 7.5 25.438
2 24 -4.33 7.5 24.693 -4.284 7.5 25.143
2 24 -4.203 7.5 24.035 -4.33 7.5 24.693
2 24 -3.878 7.5 23.116 -4.203 7.5 24.035
2 24 -4.093 7.5 25.438 -3.787 7.5 25.632
2 24 -3.787 7.5 25.632 -3.393 7.5 25.777
4 16 -5.081 7.5 27.377 -3.787 7.5 25.632 -4.093 7.5 25.438 -6.062 7.5 26.976
4 16 -3.654 7.5 27.759 -3.393 7.5 25.777 -3.787 7.5 25.632 -5.081 7.5 27.377
4 16 -6.062 7.5 26.976 -4.093 7.5 25.438 -4.284 7.5 25.143 -6.667 7.5 26.537
4 16 -6.667 7.5 26.537 -4.284 7.5 25.143 -4.33 7.5 24.693 -6.966 7.5 26.04
4 16 -6.966 7.5 26.04 -4.33 7.5 24.693 -4.203 7.5 24.035 -7.03 7.5 25.464
3 16 -7.03 7.5 25.464 -4.203 7.5 24.035 -6.928 7.5 24.789
4 16 -6.928 7.5 24.789 -4.203 7.5 24.035 -3.878 7.5 23.116 -5.724 7.5 22.351
4 16 -5.724 7.5 22.351 -3.878 7.5 23.116 -2.919 7.5 20.294 -4.851 7.5 19.776
4 16 -4.851 7.5 19.776 -2.919 7.5 20.294 -2.338 7.5 17.369 -4.319 7.5 17.109
4 16 -4.319 7.5 17.109 -2.338 7.5 17.369 -2.144 7.5 14.395 -4.143 7.5 14.395
4 16 -4.143 7.5 14.395 -2.144 7.5 14.395 -2.337 7.5 11.42 -4.32 7.5 11.682
2 24 -3.654 7.5 27.759 -5.081 7.5 27.377
2 24 -5.081 7.5 27.377 -6.062 7.5 26.976
2 24 -6.062 7.5 26.976 -6.667 7.5 26.537
2 24 -6.667 7.5 26.537 -6.966 7.5 26.04
2 24 -6.966 7.5 26.04 -7.03 7.5 25.464
2 24 -6.928 7.5 24.789 -7.03 7.5 25.464
5 24 -3.654 7.5 27.759 -3.654 -7.5 27.759 0.001 7.5 27.999 -5.081 -7.5 27.377
5 24 -6.928 7.5 24.789 -6.928 -7.5 24.789 -7.03 -7.5 25.464 -5.724 -7.5 22.351
2 24 -2.337 9.7 11.42 -2.394 9.7 9.942
2 24 -2.394 9.7 9.942 -2.193 9.7 8.884
2 24 -2.193 9.7 8.884 -1.792 9.7 8.178
2 24 -1.792 9.7 8.178 -1.253 9.7 7.756
2 24 -1.253 9.7 7.756 -0.636 9.7 7.553
2 24 -0.636 9.7 7.553 0 9.7 7.5
4 16 -2.337 -7.5 11.42 -2.394 -9.7 9.942 -2.394 9.7 9.942 -2.337 7.5 11.42
3 16 -2.337 -9.7 11.42 -2.394 -9.7 9.942 -2.337 -7.5 11.42
3 16 -2.337 9.7 11.42 -2.337 7.5 11.42 -2.394 9.7 9.942
4 16 -2.394 -9.7 9.942 -2.193 -9.7 8.884 -2.193 9.7 8.884 -2.394 9.7 9.942
4 16 -1.253 -9.7 7.756 -0.636 -9.7 7.553 -0.636 9.7 7.553 -1.253 9.7 7.756
4 16 -3.393 -7.5 25.777 -3.787 -7.5 25.632 -3.787 7.5 25.632 -3.393 7.5 25.777
4 16 -3.787 -7.5 25.632 -4.093 -7.5 25.438 -4.093 7.5 25.438 -3.787 7.5 25.632
4 16 -4.093 -7.5 25.438 -4.284 -7.5 25.143 -4.284 7.5 25.143 -4.093 7.5 25.438
4 16 -4.284 -7.5 25.143 -4.33 -7.5 24.693 -4.33 7.5 24.693 -4.284 7.5 25.143
4 16 -4.33 -7.5 24.693 -4.203 -7.5 24.035 -4.203 7.5 24.035 -4.33 7.5 24.693
4 16 -4.203 -7.5 24.035 -3.878 -7.5 23.116 -3.878 7.5 23.116 -4.203 7.5 24.035
5 24 -3.787 -7.5 25.632 -3.787 7.5 25.632 -4.093 -7.5 25.438 -3.393 -7.5 25.777
5 24 -4.203 -7.5 24.035 -4.203 7.5 24.035 -3.878 -7.5 23.116 -4.33 -7.5 24.693
2 24 -2.864 -9.7 4.54 -2.493 -9.7 6.177
2 24 -2.864 -9.7 4.54 -4.114 -9.7 2.375
2 24 -2.493 -9.7 6.177 -2.952 -9.7 8.224
2 24 -2.952 -9.7 8.224 -4.088 -9.7 10.231
2 24 -4.088 -9.7 10.231 -4.529 -9.7 10.634
2 24 -4.32 -9.7 11.682 -4.529 -9.7 10.634
4 16 -4.32 -9.7 11.682 -4.32 -7.5 11.682 -4.529 -7.5 10.634 -4.529 -9.7 10.634
3 16 -4.529 -9.7 10.634 -4.529 -7.5 10.634 -4.852 -7.5 9.014
4 16 -2.864 -9.7 4.54 -5.726 -7.5 6.439 -6.928 -7.5 4 -4.114 -9.7 2.375
3 16 -2.864 -9.7 4.54 -2.493 -9.7 6.177 -5.726 -7.5 6.439
3 16 -4.088 -9.7 10.231 -4.852 -7.5 9.014 -2.952 -9.7 8.224
3 16 -2.493 -9.7 6.177 -2.952 -9.7 8.224 -4.85169 -7.5 9.01422
3 16 -2.493 -9.7 6.177 -4.85169 -7.5 9.01422 -5.726 -7.5 6.439
5 24 -4.85169 -7.5 9.01422 -2.493 -9.7 6.177 -2.952 -9.7 8.224 -5.726 -7.5 6.439
3 16 -4.529 -9.7 10.634 -4.852 -7.5 9.014 -4.088 -9.7 10.231
2 24 -4.529 -9.7 10.634 -4.852 -7.5 9.014
2 24 -4.852 -7.5 9.014 -5.726 -7.5 6.439
2 24 -5.726 -7.5 6.439 -6.928 -7.5 4
5 24 -4.852 -7.5 9.014 -4.088 -9.7 10.231 -4.529 -9.7 10.634 -2.952 -9.7 8.224
5 24 -4.852 -7.5 9.014 -2.952 -9.7 8.224 -4.088 -9.7 10.231 -5.726 -7.5 6.439
5 24 -2.864 -9.7 4.54 -5.726 -7.5 6.439 -6.928 -7.5 4 -2.493 -9.7 6.177
5 24 -6.928 -7.5 4 -4.114 -9.7 2.375 -2.864 -9.7 4.54 -8.439 -7.5 1.739
5 24 -2.493 -9.7 6.177 -5.726 -7.5 6.439 -2.864 -9.7 4.54 -2.952 -9.7 8.224
2 24 -4.284 -7.5 25.143 -4.33 -7.5 24.693
2 24 -4.33 -7.5 24.693 -4.203 -7.5 24.035
2 24 -4.203 -7.5 24.035 -3.878 -7.5 23.116
2 24 -3.787 -7.5 25.632 -4.093 -7.5 25.438
2 24 -3.393 -7.5 25.777 -3.787 -7.5 25.632
4 16 -5.081 -7.5 27.377 -6.062 -7.5 26.976 -4.093 -7.5 25.438 -3.787 -7.5 25.632
4 16 -3.654 -7.5 27.759 -5.081 -7.5 27.377 -3.787 -7.5 25.632 -3.393 -7.5 25.777
4 16 -6.062 -7.5 26.976 -6.667 -7.5 26.537 -4.284 -7.5 25.143 -4.093 -7.5 25.438
4 16 -6.667 -7.5 26.537 -6.966 -7.5 26.04 -4.33 -7.5 24.693 -4.284 -7.5 25.143
4 16 -6.966 -7.5 26.04 -7.03 -7.5 25.464 -4.203 -7.5 24.035 -4.33 -7.5 24.693
3 16 -7.03 -7.5 25.464 -6.928 -7.5 24.789 -4.203 -7.5 24.035
4 16 -6.928 -7.5 24.789 -5.724 -7.5 22.351 -3.878 -7.5 23.116 -4.203 -7.5 24.035
4 16 -5.724 -7.5 22.351 -4.851 -7.5 19.776 -2.919 -7.5 20.294 -3.878 -7.5 23.116
4 16 -4.851 -7.5 19.776 -4.319 -7.5 17.109 -2.338 -7.5 17.369 -2.919 -7.5 20.294
4 16 -4.319 -7.5 17.109 -4.143 -7.5 14.395 -2.144 -7.5 14.395 -2.338 -7.5 17.369
4 16 -4.143 -7.5 14.395 -4.32 -7.5 11.682 -2.337 -7.5 11.42 -2.144 -7.5 14.395
2 24 -5.081 -7.5 27.377 -3.654 -7.5 27.759
2 24 -6.062 -7.5 26.976 -5.081 -7.5 27.377
2 24 -6.966 -7.5 26.04 -6.667 -7.5 26.537
5 24 -3.654 7.5 27.759 -3.654 -7.5 27.759 0.001 -7.5 27.999 -5.081 7.5 27.377
5 24 -6.928 7.5 24.789 -6.928 -7.5 24.789 -7.03 7.5 25.464 -5.724 7.5 22.351
4 16 -2.193 9.7 8.884 -2.193 -9.7 8.884 -1.792 -9.7 8.178 -1.792 9.7 8.178
4 16 -1.792 9.7 8.178 -1.792 -9.7 8.178 -1.253 -9.7 7.756 -1.253 9.7 7.756
4 16 -0.636 9.7 7.553 -0.636 -9.7 7.553 0 -9.7 7.5 0 9.7 7.5
5 24 -2.394 -9.7 9.942 -2.394 9.7 9.942 -2.193 9.7 8.884 -2.337 9.7 11.42
5 24 -2.193 -9.7 8.884 -2.193 9.7 8.884 -1.792 9.7 8.178 -2.394 9.7 9.942
5 24 -1.792 -9.7 8.178 -1.792 9.7 8.178 -1.253 9.7 7.756 -2.193 9.7 8.884
5 24 -1.253 -9.7 7.756 -1.253 9.7 7.756 -0.636 9.7 7.553 -1.792 9.7 8.178
5 24 -0.636 -9.7 7.553 -0.636 9.7 7.553 0 9.7 7.5 -1.253 9.7 7.756
1 16 -24.932 7.5 14.395 22.5944 0 2.9746 0 -15 0 -2.9746 0 22.5944 48\1-12cyli.dat
5 24 -4.093 -7.5 25.438 -4.093 7.5 25.438 -4.284 7.5 25.143 -3.787 7.5 25.632
5 24 -4.284 -7.5 25.143 -4.284 7.5 25.143 -4.33 7.5 24.693 -4.093 7.5 25.438
2 24 -2.493 9.7 6.177 -2.864 9.7 4.54
2 24 -4.114 9.7 2.375 -2.864 9.7 4.54
2 24 -2.952 9.7 8.224 -2.493 9.7 6.177
2 24 -4.088 9.7 10.231 -2.952 9.7 8.224
2 24 -4.529 9.7 10.634 -4.088 9.7 10.231
2 24 -4.529 9.7 10.634 -4.32 9.7 11.682
4 16 -4.32 9.7 11.682 -4.529 9.7 10.634 -4.529 7.5 10.634 -4.32 7.5 11.682
2 24 -2.3375 7.5 11.4205 -4.3205 7.5 11.6815
2 24 -4.3205 7.5 11.6815 -4.3205 9.7 11.6815
2 24 -4.3205 9.7 11.6815 -2.3375 9.7 11.4205
2 24 -2.3375 9.7 11.4205 -2.3375 7.5 11.4205
4 16 -4.3205 7.5 11.6815 -2.3375 7.5 11.4205 -2.3375 9.7 11.4205 -4.3205 9.7 11.6815
3 16 -4.529 9.7 10.634 -4.852 7.5 9.014 -4.529 7.5 10.634
4 16 -2.864 9.7 4.54 -4.114 9.7 2.375 -6.928 7.5 4 -5.726 7.5 6.439
3 16 -2.864 9.7 4.54 -5.726 7.5 6.439 -2.493 9.7 6.177
3 16 -2.493 9.7 6.177 -4.85169 7.5 9.01422 -2.952 9.7 8.224
3 16 -2.493 9.7 6.177 -5.726 7.5 6.439 -4.85169 7.5 9.01422
5 24 -2.493 9.7 6.177 -4.85169 7.5 9.01422 -2.952 9.7 8.224 -5.726 7.5 6.439
3 16 -4.088 9.7 10.231 -2.952 9.7 8.224 -4.852 7.5 9.014
3 16 -4.529 9.7 10.634 -4.088 9.7 10.231 -4.852 7.5 9.014
2 24 -4.852 7.5 9.014 -4.529 9.7 10.634
2 24 -5.726 7.5 6.439 -4.852 7.5 9.014
2 24 -6.928 7.5 4 -5.726 7.5 6.439
5 24 -4.088 9.7 10.231 -4.852 7.5 9.014 -4.529 9.7 10.634 -2.952 9.7 8.224
5 24 -2.952 9.7 8.224 -4.852 7.5 9.014 -4.088 9.7 10.231 -5.726 7.5 6.439
5 24 -5.726 7.5 6.439 -2.864 9.7 4.54 -6.928 7.5 4 -2.493 9.7 6.177
5 24 -4.114 9.7 2.375 -6.928 7.5 4 -2.864 9.7 4.54 -8.439 7.5 1.739
5 24 -5.726 7.5 6.439 -2.493 9.7 6.177 -2.864 9.7 4.54 -2.952 9.7 8.224
4 16 -4.32 -9.7 11.682 -4.529 -9.7 10.634 -4.088 -9.7 10.231 -2.338 -9.7 11.42
4 16 -2.338 -9.7 11.42 -4.088 -9.7 10.231 -2.952 -9.7 8.224 -2.394 -9.7 9.942
3 16 -2.394 -9.7 9.942 -2.952 -9.7 8.224 -2.193 -9.7 8.884
4 16 -2.193 -9.7 8.884 -2.952 -9.7 8.224 -2.493 -9.7 6.177 -1.792 -9.7 8.178
3 16 -1.792 -9.7 8.178 -2.493 -9.7 6.177 -1.253 -9.7 7.756
3 16 -1.253 -9.7 7.756 -2.493 -9.7 6.177 -0.636 -9.7 7.553
4 16 -0.636 -9.7 7.553 -2.493 -9.7 6.177 -2.864 -9.7 4.54 0 -9.7 7.5
4 16 -4.32 9.7 11.682 -2.338 9.7 11.42 -4.088 9.7 10.231 -4.529 9.7 10.634
4 16 -2.338 9.7 11.42 -2.394 9.7 9.942 -2.952 9.7 8.224 -4.088 9.7 10.231
3 16 -2.394 9.7 9.942 -2.193 9.7 8.884 -2.952 9.7 8.224
4 16 -2.193 9.7 8.884 -1.792 9.7 8.178 -2.493 9.7 6.177 -2.952 9.7 8.224
3 16 -1.792 9.7 8.178 -1.253 9.7 7.756 -2.493 9.7 6.177
3 16 -1.253 9.7 7.756 -0.636 9.7 7.553 -2.493 9.7 6.177
4 16 -0.636 9.7 7.553 0 9.7 7.5 -2.864 9.7 4.54 -2.493 9.7 6.177
1 16 0 7.5 0 0 0 -26 0 -1 0 26 0 0 48\1-48edge.dat
4 16 -3.654 7.5 27.76 0.001 7.5 27.999 0 7.5 26 -3.393 7.5 25.776
1 16 0 7.5 0 0 0 -28 0 -1 0 28 0 0 48\1-48edge.dat
1 16 0 -5 0 0 0 -26 0 1 0 26 0 0 48\1-48edge.dat
1 16 -24.932 -5 14.395 22.5944 0 2.9746 0 1 0 -2.9746 0 22.5944 48\1-12edge.dat
2 24 -4.203 -5 24.035 -3.878 -5 23.116
2 24 -4.33 -5 24.693 -4.203 -5 24.035
2 24 -4.284 -5 25.143 -4.33 -5 24.693
2 24 -3.787 -5 25.632 -4.093 -5 25.438
2 24 -4.093 -5 25.438 -4.284 -5 25.143
2 24 -3.393 -5 25.777 -3.787 -5 25.632
2 24 -2.337 -5 11.42 -2.394 -5 9.942
2 24 -2.394 -5 9.942 -2.193 -5 8.884
2 24 -2.193 -5 8.884 -1.792 -5 8.178
2 24 -1.792 -5 8.178 -1.253 -5 7.756
2 24 -1.253 -5 7.756 -0.636 -5 7.553
2 24 -0.636 -5 7.553 0 -5 7.5
3 16 0 -5 26 -0.636 -5 7.553 0 -5 7.5
4 16 -3.393 -5 25.776 -3.787 -5 25.632 -4.093 -5 25.438 -4.284 -5 25.143
4 16 -4.284 -5 25.143 -4.33 -5 24.693 -4.203 -5 24.035 -3.393 -5 25.776
4 16 -3.393 -5 25.777 -4.203 -5 24.035 -2.919 -5 20.294 0 -5 26
3 16 0 -5 26 -2.919 -5 20.294 -2.338 -5 17.369
4 16 0 -5 26 -2.338 -5 17.369 -1.253 -5 7.756 -0.636 -5 7.553
3 16 -2.338 -5 17.369 -2.144 -5 14.395 -1.253 -5 7.756
4 16 -2.144 -5 14.395 -2.338 -5 11.42 -2.394 -5 9.942 -2.193 -5 8.884
4 16 -2.144 -5 14.395 -2.193 -5 8.884 -1.792 -5 8.178 -1.253 -5 7.756
1 16 0 -3.75 0 0 0 -26 0 -1 0 26 0 0 48\1-48edge.dat
1 16 -24.932 -3.75 14.395 22.5944 0 2.9746 0 -1 0 -2.9746 0 22.5944 48\1-12edge.dat
2 24 -3.878 -3.75 23.116 -4.203 -3.75 24.035
2 24 -4.203 -3.75 24.035 -4.33 -3.75 24.693
2 24 -4.33 -3.75 24.693 -4.284 -3.75 25.143
2 24 -4.093 -3.75 25.438 -3.787 -3.75 25.632
2 24 -4.284 -3.75 25.143 -4.093 -3.75 25.438
2 24 -3.787 -3.75 25.632 -3.393 -3.75 25.777
2 24 -2.394 -3.75 9.942 -2.337 -3.75 11.42
2 24 -2.193 -3.75 8.884 -2.394 -3.75 9.942
2 24 -1.792 -3.75 8.178 -2.193 -3.75 8.884
2 24 -1.253 -3.75 7.756 -1.792 -3.75 8.178
2 24 -0.636 -3.75 7.553 -1.253 -3.75 7.756
2 24 0 -3.75 7.5 -0.636 -3.75 7.553
3 16 0 -3.75 26 0 -3.75 7.5 -0.636 -3.75 7.553
4 16 -3.393 -3.75 25.776 -4.284 -3.75 25.143 -4.093 -3.75 25.438 -3.787 -3.75 25.632
4 16 -4.284 -3.75 25.143 -3.393 -3.75 25.776 -4.203 -3.75 24.035 -4.33 -3.75 24.693
4 16 -3.393 -3.75 25.777 0 -3.75 26 -2.919 -3.75 20.294 -4.203 -3.75 24.035
3 16 0 -3.75 26 -2.338 -3.75 17.369 -2.919 -3.75 20.294
4 16 0 -3.75 26 -0.636 -3.75 7.553 -1.253 -3.75 7.756 -2.338 -3.75 17.369
3 16 -2.338 -3.75 17.369 -1.253 -3.75 7.756 -2.144 -3.75 14.395
4 16 -2.144 -3.75 14.395 -2.193 -3.75 8.884 -2.394 -3.75 9.942 -2.338 -3.75 11.42
4 16 -2.144 -3.75 14.395 -1.253 -3.75 7.756 -1.792 -3.75 8.178 -2.193 -3.75 8.884
1 16 0 7.5 19 0 0 -2.6 0 -11.25 0 2.6 0 0 2-4cylc.dat
5 24 0 -9.7 7.5 0 9.7 7.5 0.636 9.7 7.553 -0.636 9.7 7.553
