0 ~Sticker  0.8 x  4.1 with White "AMG" in Black Frame on Transparent Background - Seventh Face
0 Name: s\6177741es07.dat
0 Author: Massimo Maso [Sirio]
0 !LDRAW_ORG Unofficial_Subpart 
0 !LICENSE Redistributable under CCAL version 2.0 : see CAreadme.txt

0 BFC CERTIFY CCW


0 BFC NOCLIP
0 // Primitives
1 0 1.443 -.25 3.3267 .117 0 0 0 1 0 0 0 -.117 1-4chrd.dat
1 15 1.443 -.25 3.3267 .117 0 0 0 1 0 0 0 -.117 1-4ndis.dat
1 0 1.443 -.25 3.3267 0 0 -.117 0 1 0 -.117 0 0 1-16chrd.dat
1 15 1.443 -.25 3.3267 0 0 -.117 0 1 0 -.117 0 0 1-16ndis.dat
0 BFC CLIP
0 // Transparent faces
4 16 -2.44 -.25 7.4039 -4 -.25 7.4039 -4 -.25 -.0121 -2.44 -.25 -.0121
4 16 8 -.25 7.4039 5.56 -.25 7.4039 5.56 -.25 -.0121 8 -.25 -.0121
4 16 -8 -.25 -.0121 -5.4339 -.25 4.9318 -5.44 -.25 7.4039 -8 -.25 7.4039
3 16 -8 -.25 -.0121 -5.4156 -.25 2.4598 -5.4339 -.25 4.9318
3 16 -8 -.25 -.0121 -5.385 -.25 -.0121 -5.4156 -.25 2.4598
0 BFC NOCLIP
0 // Black faces
3 0 -4 -.25 7.4039 -5.44 -.25 7.4039 -5.4339 -.25 4.9318
4 0 -4 -.25 7.4039 -5.4339 -.25 4.9318 -5.4156 -.25 2.4598 -4 -.25 -.0121
3 0 -4 -.25 -.0121 -5.4156 -.25 2.4598 -5.385 -.25 -.0121
3 0 -2.44 -.25 7.4039 -.3822 -.25 2.9536 -.3822 -.25 7.4039
3 0 -2.44 -.25 7.4039 -.3822 -.25 1.9825 -.3822 -.25 2.9536
4 0 -2.44 -.25 7.4039 -2.44 -.25 -.0121 -.3822 -.25 1.0891 -.3822 -.25 1.9825
4 0 5.56 -.25 7.4039 2.5932 -.25 7.4039 2.5932 -.25 2.2939 3.5022 -.25 1.594
4 0 5.56 -.25 7.4039 3.5022 -.25 1.594 3.5022 -.25 -.0121 5.56 -.25 -.0121
4 0 .5268 -.25 3.8851 1.56 -.25 3.3267 1.56 -.25 7.4039 .5268 -.25 7.4039
4 0 .5268 -.25 3.8851 1.3982241 -.25 3.2186037 1.443 -.25 3.2097 1.56 -.25 3.3267
3 0 -2.44 -.25 -.0121 -.3822 -.25 .118 -.3822 -.25 1.0891
3 0 -2.44 -.25 -.0121 -.3822 -.25 -.0121 -.3822 -.25 .118
4 0 1.0479 -.25 -.0121 -.3822 -.25 1.0891 -.3822 -.25 .118 -.2133 -.25 -.0121
4 0 3.4693 -.25 -.0121 -.3822 -.25 2.9536 -.3822 -.25 1.9825 2.2082 -.25 -.0121
0 // White faces
4 15 .5268 -.25 3.8851 .5268 -.25 7.4039 -.3822 -.25 7.4039 -.3822 -.25 2.9536
3 15 .5268 -.25 3.8851 -.3822 -.25 2.9536 1.326 -.25 3.2097
3 15 .5268 -.25 3.8851 1.326 -.25 3.2097 1.3982241 -.25 3.2186037
3 15 -.3822 -.25 2.9536 1.443 -.25 3.2097 1.326 -.25 3.2097
4 15 -.3822 -.25 2.9536 2.5932 -.25 2.2939 1.56 -.25 3.2097 1.443 -.25 3.2097
3 15 -.3822 -.25 2.9536 3.5022 -.25 1.594 2.5932 -.25 2.2939
4 15 -.3822 -.25 2.9536 3.4693 -.25 -.0121 3.5022 -.25 -.0121 3.5022 -.25 1.594
4 15 2.5932 -.25 7.4039 1.56 -.25 7.4039 1.56 -.25 3.3267 2.5932 -.25 2.2939
3 15 2.5932 -.25 2.2939 1.56 -.25 3.3267 1.56 -.25 3.2097
3 15 -.2133 -.25 -.0121 -.3822 -.25 .118 -.3822 -.25 -.0121
4 15 2.2082 -.25 -.0121 -.3822 -.25 1.9825 -.3822 -.25 1.0891 1.0479 -.25 -.0121
