0 ~Sticker  1.2 x  3.9 with White AMG on Black Background - Bottom Formed Face
0 Name: s\6177741os14.dat
0 Author: Massimo Maso [Sirio]
0 !LDRAW_ORG Unofficial_Subpart 
0 !LICENSE Redistributable under CCAL version 2.0 : see CAreadme.txt

0 BFC CERTIFY CCW


0 // Primitives
1 16 36.6987 -13.3658 -9.107 1.414863 .332107 0 .498161 -.943242 0 0 0 1.5 1-4chrd.dat
1 16 36.6987 -13.3658 -9.107 1.414863 .083027 0 .498161 -.23581 0 0 0 1.5 1-4cyli.dat
1 16 -36.6987 -13.3658 -9.107 -1.414863 -.332107 0 .498161 -.943242 0 0 0 1.5 1-4chrd.dat
1 16 -36.6987 -13.3658 -9.107 -1.414863 -.083027 0 .498161 -.23581 0 0 0 1.5 1-4cyli.dat
1 16 -36.6987 -13.3658 -26.5149 -1.414863 -.332107 0 .498161 -.943242 0 0 0 -1.5 3-16chrd.dat
1 16 -36.6987 -13.3658 -26.5149 -1.414863 -.083027 0 .498161 -.23581 0 0 0 -1.5 3-16cyli.dat
1 16 36.6987 -13.3658 -26.5149 1.414863 .332107 0 .498161 -.943242 0 0 0 -1.5 3-16chrd.dat
1 16 36.6987 -13.3658 -26.5149 1.414863 .083027 0 .498161 -.23581 0 0 0 -1.5 3-16cyli.dat
0 // Bottom faces
4 16 -7.384 -18.667 -30.6873 -7.384 -18.667 -15.5799 0 -18.8598 -15.8691 0 -18.8598 -30.7966
4 16 -14.64 -18.0853 -30.3653 -14.64 -18.0853 -14.7073 -7.384 -18.667 -15.5799 -7.384 -18.667 -30.6873
4 16 -21.648 -17.1307 -29.848 -21.648 -17.1307 -13.2754 -14.64 -18.0853 -14.7073 -14.64 -18.0853 -30.3653
4 16 -28.824 -15.8145 -29.1018 -28.824 -15.8145 -11.3011 -21.648 -17.1307 -13.2754 -21.648 -17.1307 -29.848
4 16 -34.436 -14.1624 -28.346 -34.436 -14.1624 -8.823 -28.824 -15.8145 -11.3011 -28.824 -15.8145 -29.1018
4 16 -37.2401 -13.1751 -27.9007 -36.6987 -13.3658 -7.607 -34.436 -14.1624 -8.823 -34.436 -14.1624 -28.346
4 16 -38.1135 -12.8676 -26.5149 -38.1135 -12.8676 -9.107 -36.6987 -13.3658 -7.607 -37.2401 -13.1751 -27.9007
4 16 0 -18.8598 -15.8691 7.384 -18.667 -15.5799 7.384 -18.667 -30.6873 0 -18.8598 -30.7966
4 16 7.384 -18.667 -15.5799 14.64 -18.0853 -14.7073 14.64 -18.0853 -30.3653 7.384 -18.667 -30.6873
4 16 14.64 -18.0853 -14.7073 21.648 -17.1307 -13.2754 21.648 -17.1307 -29.848 14.64 -18.0853 -30.3653
4 16 21.648 -17.1307 -13.2754 28.824 -15.8145 -11.3011 28.824 -15.8145 -29.1018 21.648 -17.1307 -29.848
4 16 28.824 -15.8145 -11.3011 34.436 -14.1624 -8.823 34.436 -14.1624 -28.346 28.824 -15.8145 -29.1018
4 16 34.436 -14.1624 -8.823 36.6987 -13.3658 -7.607 37.2401 -13.1751 -27.9007 34.436 -14.1624 -28.346
4 16 36.6987 -13.3658 -7.607 38.1135 -12.8676 -9.107 38.1135 -12.8676 -26.5149 37.2401 -13.1751 -27.9007
0 // Conditional lines
5 24 0 -18.8598 -15.8691 0 -18.8598 -30.7966 -7.384 -18.667 -15.5799 7.384 -18.667 -15.5799
5 24 7.384 -18.667 -15.5799 7.384 -18.667 -30.6873 14.64 -18.0853 -14.7073 0 -18.8598 -15.8691
5 24 14.64 -18.0853 -14.7073 14.64 -18.0853 -30.3653 7.384 -18.667 -15.5799 21.648 -17.1307 -13.2754
5 24 21.648 -17.1307 -13.2754 21.648 -17.1307 -29.848 14.64 -18.0853 -14.7073 28.824 -15.8145 -11.3011
5 24 28.824 -15.8145 -11.3011 28.824 -15.8145 -29.1018 21.648 -17.1307 -13.2754 34.436 -14.1624 -8.823
5 24 34.436 -14.1624 -8.823 34.436 -14.1624 -28.346 28.824 -15.8145 -11.3011 38.1135 -12.8676 -9.107
5 24 -7.384 -18.667 -15.5799 -7.384 -18.667 -30.6873 -14.64 -18.0853 -14.7073 0 -18.8598 -15.8691
5 24 -14.64 -18.0853 -14.7073 -14.64 -18.0853 -30.3653 -7.384 -18.667 -15.5799 -21.648 -17.1307 -13.2754
5 24 -21.648 -17.1307 -13.2754 -21.648 -17.1307 -29.848 -14.64 -18.0853 -14.7073 -28.824 -15.8145 -11.3011
5 24 -28.824 -15.8145 -11.3011 -28.824 -15.8145 -29.1018 -21.648 -17.1307 -13.2754 -34.436 -14.1624 -8.823
5 24 -34.436 -14.1624 -8.823 -34.436 -14.1624 -28.346 -28.824 -15.8145 -11.3011 -38.1135 -12.8676 -9.107
0 // Lateral faces
4 16 0 -19.1099 -15.869 7.3973 -18.9168 -15.5794 7.384 -18.667 -15.5799 0 -18.8598 -15.8691
4 16 7.3973 -18.9168 -15.5794 14.6669 -18.3339 -14.7051 14.64 -18.0853 -14.7073 7.384 -18.667 -15.5799
4 16 14.6669 -18.3339 -14.7051 21.6874 -17.3776 -13.2706 21.648 -17.1307 -13.2754 14.64 -18.0853 -14.7073
4 16 21.6874 -17.3776 -13.2706 28.882 -16.058 -11.2913 28.824 -15.8145 -11.3011 21.648 -17.1307 -13.2754
4 16 28.882 -16.058 -11.2913 34.5129 -14.4004 -8.8049 34.436 -14.1624 -8.823 28.824 -15.8145 -11.3011
4 16 34.5129 -14.4004 -8.8049 36.7817 -13.6016 -7.6066 36.6987 -13.3658 -7.607 34.436 -14.1624 -8.823
4 16 38.1965 -13.1034 -9.1066 38.1965 -13.1034 -26.5149 38.1135 -12.8676 -26.5149 38.1135 -12.8676 -9.107
4 16 0 -19.1099 -30.7966 0 -18.8598 -30.7966 7.384 -18.667 -30.6873 7.3973 -18.9168 -30.6871
4 16 7.3973 -18.9168 -30.6871 7.384 -18.667 -30.6873 14.64 -18.0853 -30.3653 14.6669 -18.3339 -30.3646
4 16 14.6669 -18.3339 -30.3646 14.64 -18.0853 -30.3653 21.648 -17.1307 -29.848 21.6874 -17.3776 -29.8463
4 16 21.6874 -17.3776 -29.8463 21.648 -17.1307 -29.848 28.824 -15.8145 -29.1018 28.882 -16.058 -29.0981
4 16 28.882 -16.058 -29.0981 28.824 -15.8145 -29.1018 34.436 -14.1624 -28.346 34.5129 -14.4005 -28.3398
4 16 34.5129 -14.4005 -28.3398 34.436 -14.1624 -28.346 37.2401 -13.1751 -27.9007 37.3231 -13.411 -27.9006
4 16 -7.384 -18.667 -15.5799 -7.3973 -18.9168 -15.5794 0 -19.1099 -15.869 0 -18.8598 -15.8691
4 16 -14.64 -18.0853 -14.7073 -14.6669 -18.3339 -14.7051 -7.3973 -18.9168 -15.5794 -7.384 -18.667 -15.5799
4 16 -21.648 -17.1307 -13.2754 -21.6874 -17.3776 -13.2706 -14.6669 -18.3339 -14.7051 -14.64 -18.0853 -14.7073
4 16 -28.824 -15.8145 -11.3011 -28.882 -16.058 -11.2913 -21.6874 -17.3776 -13.2706 -21.648 -17.1307 -13.2754
4 16 -34.436 -14.1624 -8.823 -34.5129 -14.4004 -8.8049 -28.882 -16.058 -11.2913 -28.824 -15.8145 -11.3011
4 16 -36.6987 -13.3658 -7.607 -36.7817 -13.6016 -7.6066 -34.5129 -14.4004 -8.8049 -34.436 -14.1624 -8.823
4 16 -38.1135 -12.8676 -26.5149 -38.1965 -13.1034 -26.5149 -38.1965 -13.1034 -9.1066 -38.1135 -12.8676 -9.107
4 16 -7.384 -18.667 -30.6873 0 -18.8598 -30.7966 0 -19.1099 -30.7966 -7.3973 -18.9168 -30.6871
4 16 -14.64 -18.0853 -30.3653 -7.384 -18.667 -30.6873 -7.3973 -18.9168 -30.6871 -14.6669 -18.3339 -30.3646
4 16 -21.648 -17.1307 -29.848 -14.64 -18.0853 -30.3653 -14.6669 -18.3339 -30.3646 -21.6874 -17.3776 -29.8463
4 16 -28.824 -15.8145 -29.1018 -21.648 -17.1307 -29.848 -21.6874 -17.3776 -29.8463 -28.882 -16.058 -29.0981
4 16 -34.436 -14.1624 -28.346 -28.824 -15.8145 -29.1018 -28.882 -16.058 -29.0981 -34.5129 -14.4005 -28.3398
4 16 -37.2401 -13.1751 -27.9007 -34.436 -14.1624 -28.346 -34.5129 -14.4005 -28.3398 -37.3231 -13.411 -27.9006
0 // Conditional lines
5 24 0 -19.1099 -15.869 0 -19.1099 -30.7966 -7.3973 -18.9168 -15.5799 7.3973 -18.9168 -15.5794
5 24 7.3973 -18.9168 -15.5794 7.3973 -18.9168 -30.6871 0 -19.1099 -15.869 14.6669 -18.3339 -14.7051
5 24 14.6669 -18.3339 -14.7051 14.6669 -18.3339 -30.3646 7.3973 -18.9168 -15.5794 21.6874 -17.3776 -13.2706
5 24 21.6874 -17.3776 -13.2706 21.6874 -17.3776 -29.8463 14.6669 -18.3339 -14.7051 28.882 -16.058 -11.2913
5 24 28.882 -16.058 -11.2913 28.882 -16.058 -29.0981 21.6874 -17.3776 -13.2706 34.5129 -14.4004 -8.8049
5 24 34.5129 -14.4004 -8.8049 34.5129 -14.4005 -28.3398 28.882 -16.058 -11.2913 38.1965 -13.1034 -9.1066
5 24 -7.3973 -18.9168 -15.5794 -7.3973 -18.9168 -30.6871 0 -19.1099 -15.869 -14.6669 -18.3339 -14.7051
5 24 -14.6669 -18.3339 -14.7051 -14.6669 -18.3339 -30.3646 -7.3973 -18.9168 -15.5794 -21.6874 -17.3776 -13.2706
5 24 -21.6874 -17.3776 -13.2706 -21.6874 -17.3776 -29.8463 -14.6669 -18.3339 -14.7051 -28.882 -16.058 -11.2913
5 24 -28.882 -16.058 -11.2913 -28.882 -16.058 -29.0981 -21.6874 -17.3776 -13.2706 -34.5129 -14.4004 -8.8049
5 24 -34.5129 -14.4004 -8.8049 -34.5129 -14.4005 -28.3398 -28.882 -16.058 -11.2913 -38.1965 -13.1034 -9.1066
