0 ~Sticker  1.2 x  3.9 with White AMG on Black Background - Tenth Face
0 Name: s\6177741os10.dat
0 Author: Massimo Maso [Sirio]
0 !LDRAW_ORG Unofficial_Subpart 
0 !LICENSE Redistributable under CCAL version 2.0 : see CAreadme.txt

0 BFC CERTIFY CCW


0 // Black faces
4 0 7.3084 -.25 19.5054 -.0062 -.25 17.5259 -.0062 -.25 15.4297 .233 -.25 15.476
4 0 7.3084 -.25 19.5054 .233 -.25 15.476 2.5052 -.25 15.9652 4.7666 -.25 16.5024
4 0 7.3084 -.25 19.5054 4.7666 -.25 16.5024 7.0161 -.25 17.0872 7.3084 -.25 17.1698
4 0 5.2095 -.25 13.8753 7.3084 -.25 14.4164 7.3084 -.25 15.4094 7.2572 -.25 15.395
3 0 5.2095 -.25 13.8753 7.2572 -.25 15.395 4.9831 -.25 14.8083
3 0 5.2095 -.25 13.8753 4.9831 -.25 14.8083 2.6972 -.25 14.2694
4 0 5.2095 -.25 13.8753 2.6972 -.25 14.2694 .4004 -.25 13.7788 .8266 -.25 9.9303
4 0 5.2095 -.25 13.8753 .8266 -.25 9.9303 3.1636 -.25 10.4218 5.4209 -.25 11.9327
3 0 5.4209 -.25 11.9327 3.1636 -.25 10.4218 5.4899 -.25 10.9614
4 0 5.4209 -.25 11.9327 5.4899 -.25 10.9614 7.3084 -.25 11.4231 7.3084 -.25 12.4145
4 0 7.3084 -.25 1.6985 .9806 -.25 8.2312 -.0062 -.25 8.0465 -.0062 -.25 .9504
3 0 7.3084 -.25 1.6985 3.3511 -.25 8.7259 .9806 -.25 8.2312
3 0 7.3084 -.25 1.6985 5.7108 -.25 9.2694 3.3511 -.25 8.7259
3 0 7.3084 -.25 1.6985 7.3084 -.25 9.6723 5.7108 -.25 9.2694
0 // White faces
4 15 7.2572 -.25 15.395 7.3084 -.25 15.4094 7.3084 -.25 17.1698 7.0161 -.25 17.0872
4 15 7.2572 -.25 15.395 7.0161 -.25 17.0872 4.7666 -.25 16.5024 4.9831 -.25 14.8083
4 15 2.6972 -.25 14.2694 4.9831 -.25 14.8083 4.7666 -.25 16.5024 2.5052 -.25 15.9652
4 15 2.6972 -.25 14.2694 2.5052 -.25 15.9652 .233 -.25 15.476 .4004 -.25 13.7788
4 15 5.4209 -.25 11.9327 7.3084 -.25 12.4145 7.3084 -.25 14.4164 5.2095 -.25 13.8753
4 15 5.7108 -.25 9.2694 7.3084 -.25 9.6723 7.3084 -.25 11.4231 5.4899 -.25 10.9614
4 15 5.7108 -.25 9.2694 5.4899 -.25 10.9614 3.1636 -.25 10.4218 3.3511 -.25 8.7259
4 15 .9806 -.25 8.2312 3.3511 -.25 8.7259 3.1636 -.25 10.4218 .8266 -.25 9.9303
4 15 -.0062 -.25 8.0465 .4004 -.25 13.7788 .233 -.25 15.476 -.0062 -.25 15.4297
4 15 -.0062 -.25 8.0465 .9806 -.25 8.2312 .8266 -.25 9.9303 .4004 -.25 13.7788
