0 ~Sticker  1.2 x  3.9 with White AMG on Black Background - Second Face
0 Name: s\6177741os02.dat
0 Author: Massimo Maso [Sirio]
0 !LDRAW_ORG Unofficial_Subpart 
0 !LICENSE Redistributable under CCAL version 2.0 : see CAreadme.txt

0 BFC CERTIFY CCW


0 // Black faces
4 0 5.8637 -.25 16.7154 5.8637 -.25 19.5054 -.0061 -.25 21.9918 -.0061 -.25 12.0179
4 0 5.8637 -.25 1.6985 .5528 -.25 11.1609 -.0061 -.25 11.3357 -.0061 -.25 2.4568
3 0 5.8637 -.25 1.6985 1.7285 -.25 10.8068 .5528 -.25 11.1609
3 0 5.8637 -.25 1.6985 2.9078 -.25 10.465 1.7285 -.25 10.8068
3 0 5.8637 -.25 1.6985 4.0906 -.25 10.1356 2.9078 -.25 10.465
3 0 5.8637 -.25 1.6985 5.2768 -.25 9.8186 4.0906 -.25 10.1356
3 0 5.8637 -.25 1.6985 5.8637 -.25 10.3409 5.2768 -.25 9.8186
0 // White face
4 15 5.8637 -.25 16.7154 -.0061 -.25 12.0179 -.0061 -.25 11.3357 .5528 -.25 11.1609
4 15 5.8637 -.25 16.7154 .5528 -.25 11.1609 1.7285 -.25 10.8068 2.9078 -.25 10.465
3 15 5.8637 -.25 16.7154 2.9078 -.25 10.465 4.0906 -.25 10.1356
4 15 5.8637 -.25 16.7154 4.0906 -.25 10.1356 5.2768 -.25 9.8186 5.8637 -.25 10.3409
