0 ~Sticker  1.2 x  3.9 with White AMG on Black Background - Fourth Face
0 Name: s\6177741os04.dat
0 Author: Massimo Maso [Sirio]
0 !LDRAW_ORG Unofficial_Subpart 
0 !LICENSE Redistributable under CCAL version 2.0 : see CAreadme.txt

0 BFC CERTIFY CCW


0 // Black faces
4 0 -.0062 -.25 17.5259 -.0062 -.25 15.4278 .6252 -.25 15.3018 1.3793 -.25 15.1568
4 0 -.0062 -.25 17.5259 1.3793 -.25 15.1568 2.1344 -.25 15.0171 2.8905 -.25 14.8826
4 0 -.0062 -.25 17.5259 2.8905 -.25 14.8826 4.0737 -.25 14.6831 7.0792 -.25 16.0916
4 0 7.0792 -.25 16.0916 4.0737 -.25 14.6831 4.8321 -.25 14.5622 5.5913 -.25 14.4466
3 0 7.0792 -.25 16.0916 5.5913 -.25 14.4466 6.3513 -.25 14.3363
3 0 7.0792 -.25 16.0916 6.3513 -.25 14.3363 7.0792 -.25 13.6913
4 0 7.0792 -.25 13.6913 6.3513 -.25 14.3363 .1778 -.25 8.0057 1.4361 -.25 7.777
4 0 -.0062 -.25 12.0955 -.0062 -.25 10.671 4.0737 -.25 14.6831 2.8905 -.25 14.8826
4 0 7.0792 -.25 9.6195 7.0792 -.25 11.1357 3.6567 -.25 7.4079 4.9214 -.25 7.2172
3 0 -.0062 -.25 .9504 .1778 -.25 8.0057 -.0062 -.25 8.0408
3 0 -.0062 -.25 .9504 1.4361 -.25 7.777 .1778 -.25 8.0057
3 0 -.0062 -.25 .9504 2.1755 -.25 7.6492 1.4361 -.25 7.777
3 0 -.0062 -.25 .9504 2.9157 -.25 7.5262 2.1755 -.25 7.6492
3 0 -.0062 -.25 .9504 3.6567 -.25 7.4079 2.9157 -.25 7.5262
3 0 -.0062 -.25 .9504 4.9214 -.25 7.2172 3.6567 -.25 7.4079
3 0 -.0062 -.25 .9504 5.5967 -.25 7.1211 4.9214 -.25 7.2172
3 0 -.0062 -.25 .9504 6.2726 -.25 7.0289 5.5967 -.25 7.1211
4 0 7.0792 -.25 .4321 6.949 -.25 6.9407 6.2726 -.25 7.0289 -.0062 -.25 .9504
3 0 7.0792 -.25 .4321 7.0792 -.25 7.0909 6.949 -.25 6.9407
0 // White faces
4 15 7.0792 -.25 13.6913 1.4361 -.25 7.777 2.1755 -.25 7.6492 2.9157 -.25 7.5262
4 15 7.0792 -.25 13.6913 2.9157 -.25 7.5262 3.6567 -.25 7.4079 7.0792 -.25 11.1357
3 15 -.0062 -.25 12.0955 .6252 -.25 15.3018 -.0062 -.25 15.4278
3 15 -.0062 -.25 12.0955 1.3793 -.25 15.1568 .6252 -.25 15.3018
3 15 -.0062 -.25 12.0955 2.1344 -.25 15.0171 1.3793 -.25 15.1568
3 15 -.0062 -.25 12.0955 2.8905 -.25 14.8826 2.1344 -.25 15.0171
4 15 7.0792 -.25 9.6195 4.9214 -.25 7.2172 5.5967 -.25 7.1211 6.2726 -.25 7.0289
4 15 7.0792 -.25 9.6195 6.2726 -.25 7.0289 6.949 -.25 6.9407 7.0792 -.25 7.0909
4 15 -.0062 -.25 8.0408 4.8321 -.25 14.5622 4.0737 -.25 14.6831 -.0062 -.25 10.671
3 15 -.0062 -.25 8.0408 5.5913 -.25 14.4466 4.8321 -.25 14.5622
4 15 -.0062 -.25 8.0408 .1778 -.25 8.0057 6.3513 -.25 14.3363 5.5913 -.25 14.4466
