0 ~Technic Beam 15 x 11 with Perforated Centre Plate 13 x  9 Beam Segment
0 Name: s\65817s01.dat
0 Author: Philippe Hurbain [Philo]
0 !LDRAW_ORG Unofficial_Subpart 
0 !LICENSE Redistributable under CCAL version 2.0 : see CAreadme.txt

0 BFC CERTIFY CCW


1 16 0 0 10 -1 0 0 0 1 0 0 0 -1 npeghol9.dat
1 16 0 0 0 -1 0 0 0 1 0 0 0 1 connhole.dat
1 16 10 0 20 0 -1 0 -1 0 0 0 0 1 peghole.dat
1 16 -10 0 20 0 1 0 0 0 -1 1 0 0 peghole5.dat
0 BFC INVERTNEXT
1 16 8 0 20 0 -16 0 -6 0 0 0 0 6 4-4cyli.dat
1 16 0 0 -10 -1 0 0 0 1 0 0 0 1 npeghol9.dat
1 16 10 0 20 0 -1 0 8 0 0 0 0 -8 2-4ndis.dat
1 16 10 0 -20 0 -1 0 8 0 0 0 0 8 2-4ndis.dat
1 16 10 9 0 0 -1 0 1 0 0 0 0 20 rect1.dat
1 16 10 -9 0 0 -1 0 -1 0 0 0 0 -20 rect1.dat
4 16 10 8 -12 10 8 12 10 -8 12 10 -8 -12
1 16 -10 0 -20 0 1 0 -5.65685 0 5.65685 5.65685 0 5.65685 1-8ndis.dat
2 24 -10 10 12 -10 10 -12
1 16 -10 0 20 0 1 0 -5.65685 0 5.65685 -5.65685 0 -5.65685 1-8ndis.dat
4 16 -10 0 -8.6863 -10 -5.6569 -14.3431 -10 -5.6569 14.3431 -10 0 8.6863
4 16 -10 0 -8.6863 -10 0 8.6863 -10 10 12 -10 10 -12
3 16 -10 0 8.6863 -10 0 12 -10 10 12
3 16 -10 0 -12.0001 -10 0 -8.6863 -10 10 -12
4 16 -10 -8 24 -10 -8 16 -10 -5.5 14.2384 -10 -5.5 25.7616
2 24 -12 -5.5 14.2384 -12 -5.5 25.7616
2 24 -10 -5.5 25.7616 -12 -5.5 25.7616
5 24 -10 -3.5 23.7 -12 -3.5 23.7 -12 -5.5 25.7616 -12 -3.5 16.3
2 24 -10 -3.5 23.7 -10 -5.5 25.7616
2 24 -12 -3.5 23.7 -12 -5.5 25.7616
4 16 -10 -5.5 25.7616 -10 -3.5 23.7 -12 -3.5 23.7 -12 -5.5 25.7616
5 24 -10 -3.5 16.3 -12 -3.5 16.3 -12 -3.5 23.7 -12 -5.5 14.2384
2 24 -10 -3.5 16.3 -10 -5.5 14.2384
2 24 -12 -3.5 16.3 -12 -5.5 14.2384
4 16 -12 -3.5 16.3 -10 -3.5 16.3 -10 -5.5 14.2384 -12 -5.5 14.2384
4 16 -10 -3.5 23.7 -10 -5.5 25.7616 -10 -5.5 14.2384 -10 -3.5 16.3
2 24 -10 -3.5 16.3 -10 -3.5 23.7
4 16 -12 -5.5 14.2384 -12 -5.5 25.7616 -12 -3.5 23.7 -12 -3.5 16.3
2 24 -12 -3.5 16.3 -12 -3.5 23.7
4 16 -10 -3.5 16.3 -12 -3.5 16.3 -12 -3.5 23.7 -10 -3.5 23.7
1 16 -11 -5.5 0 0 0 1 0 -1 0 14.2384 0 0 rect2a.dat
