0 ~Technic Beam 19 x  3 with Three Open Areas  5 x  1 Beam Segment
0 Name: s\67491s02.dat
0 Author: Max Murtazin [SwampKryakwa]
0 !LDRAW_ORG Unofficial_Subpart 
0 !LICENSE Redistributable under CCAL version 2.0 : see CAreadme.txt

0 BFC CERTIFY CCW


1 16 -10 0 -20 0 1 0 -8 0 0 0 0 8 1-4ndis.dat
1 16 -10 0 20 0 1 0 -8 0 0 0 0 -8 1-4ndis.dat
1 16 0 10 0 -10 0 0 0 -1 0 0 0 10 1-8ndis.dat
1 16 0 10 0 10 0 0 0 -1 0 0 0 10 1-8ndis.dat
1 16 0 -10 0 -10 0 0 0 1 0 0 0 10 1-8ndis.dat
1 16 0 -10 0 10 0 0 0 1 0 0 0 10 1-8ndis.dat
1 16 0 10 0 -10 0 0 0 -1 0 0 0 -10 1-8ndis.dat
1 16 0 10 0 10 0 0 0 -1 0 0 0 -10 1-8ndis.dat
1 16 0 -10 0 -10 0 0 0 1 0 0 0 -10 1-8ndis.dat
1 16 0 -10 0 10 0 0 0 1 0 0 0 -10 1-8ndis.dat
1 16 0 10 0 1 0 0 0 -1 0 0 0 1 4-4ring9.dat
1 16 0 -10 0 1 0 0 0 1 0 0 0 1 4-4ring9.dat
1 16 0 0 10 -1 0 0 0 1 0 0 0 -1 npeghol20.dat
1 16 0 0 0 -1 0 0 0 1 0 0 0 1 connhole.dat
1 16 10 0 20 0 -1 0 -1 0 0 0 0 1 peghole.dat
1 16 -10 0 20 0 1 0 0 0 -1 1 0 0 peghole5.dat
0 BFC INVERTNEXT
1 16 8 0 20 0 -16 0 -6 0 0 0 0 6 4-4cyli.dat
1 16 0 0 -10 -1 0 0 0 1 0 0 0 1 npeghol20.dat
1 16 10 0 20 0 -1 0 8 0 0 0 0 -8 2-4ndis.dat
1 16 10 0 -20 0 -1 0 8 0 0 0 0 8 2-4ndis.dat
1 16 10 9 0 0 -1 0 1 0 0 0 0 20 rect1.dat
1 16 10 -9 0 0 -1 0 -1 0 0 0 0 -20 rect1.dat
4 16 10 8 -12 10 8 12 10 -8 12 10 -8 -12
2 24 -10 10 12 -10 10 -12
4 16 -10 0 -8.6863 -10 0 12 -10 10 12 -10 10 -12
3 16 -10 0 -12.0001 -10 0 -8.6863 -10 10 -12
4 16 -10 10 10 -10 10 12 -8 10 12 -7.07153 10 7.07132
3 16 -7.07153 10 7.07132 -8 10 12 -6.4557 10 9.4073
3 16 -6.17401 10 9.891 -6.4557 10 9.4073 -8 10 12
3 16 -6.17401 10 9.891 -8 10 12 -3.827 10 11.685
4 16 -3.827 10 11.685 -8 10 12 -8 10 28 -3.827 10 20
3 16 -3.827 10 20 -8 10 28 -3.827 10 28
3 16 7.071 10 7.071 7.0728 10 9.40378 10 10 10
4 16 10 10 20 10 10 10 7.0728 10 9.40378 7.071 10 20
3 16 7.071 -10 7.071 10 -10 10 7.071 -10 9.40623
4 16 7.071 -10 20 7.071 -10 9.40623 10 -10 10 10 -10 20
3 16 -10 -10 10 -7.07507 -10 7.06458 -7.071 -10 9.40623
4 16 -10 -10 10 -10 -10 20 -10 -8 20 -10 -8 12
4 16 -10 -10 10 -7.071 -10 9.40623 -7.071 -10 20 -10 -10 20
3 16 -10 0 12 -10 -10 10 -10 -8 12
4 16 -10 -8 -12 -10 -8 -20 -10 -10 -20 -10 -10 10
4 16 -10 0 -12.0001 -10 -8 -12 -10 -10 10 -10 0 12
3 16 -7.07507 -10 -7.06458 -10 -10 -10 -7.071 -10 -9.40626
3 16 7.071 -10 -9.40626 10 -10 -10 7.071 -10 -7.071
3 16 10 10 -10 7.0728 10 -9.40378 7.071 10 -7.071
4 16 -10 10 -12 -10 10 -10 -7.07153 10 -7.07132 -6.4557 10 -9.4073
3 16 -6.4557 10 -9.4073 -6.17401 10 -9.891 -10 10 -12
3 16 -6.17401 10 -9.891 -3.827 10 -11.68505 -10 10 -12
3 16 -3.827 10 -11.68505 -3.827 10 -20 -8 10 -12
3 16 -8 10 -12 -3.827 10 -20 -8 10 -20
3 16 -8 10 -12 -10 10 -12 -3.827 10 -11.68505
4 16 10 10 -20 7.071 10 -20 7.0728 10 -9.40378 10 10 -10
4 16 -10 -10 -10 -10 -10 -20 -7.071 -10 -20 -7.071 -10 -9.40626
4 16 10 -10 -10 7.071 -10 -9.40626 7.071 -10 -20 10 -10 -20
2 24 -10 -10 -20 -10 -10 20
