0 ~Wheel 24 x 107 Motorcycle with  6 Spokes - Spoke Half
0 Name: s\71720s02.dat
0 Author: Philippe Hurbain [Philo]
0 !LDRAW_ORG Unofficial_Subpart 
0 !LICENSE Redistributable under CCAL version 2.0 : see CAreadme.txt

0 BFC CERTIFY CCW


3 16 -2.7795 34.8168 0 -1.686 34.8889 2.4843 1.6856 36.2266 2.2417
3 16 1.6856 36.2266 2.2417 -1.686 34.8889 2.4843 0 35 4.0449
3 16 0 35 4.0449 4.1255 36.1856 3.8573 1.6856 36.2266 2.2417
3 16 0 35 4.0449 4.5675 34.699 6.4302 4.1255 36.1856 3.8573
3 16 4.5675 34.699 6.4302 9.058 33.8065 7.9581 22.945 40.9377 6.3297
3 16 17.5 30.31 8.715 21.308 27.769 7.5317 21.8378 29.3672 7.5573
3 16 27.3461 38.1894 6.9913 13.3945 32.3365 8.8983 17.5 30.31 8.715
3 16 17.5 30.31 8.715 21.8378 29.3672 7.5573 27.3461 38.1894 6.9913
5 24 17.5 30.31 8.715 27.3461 38.1894 6.9913 13.3945 32.3365 8.8983 21.8378 29.3672 7.5573
3 16 21.308 27.769 7.5317 24.9615 26.4329 3.5412 21.8378 29.3672 7.5573
3 16 21.308 27.769 7.5317 24.7485 24.7485 4.5905 24.9615 26.4329 3.5412
3 16 24.9615 26.4329 3.5412 24.7485 24.7485 4.5905 25.9685 23.3588 2.2952
3 16 25.9685 23.3588 2.2952 26.5671 22.677 0 26.4674 25.8233 0
3 16 25.9685 23.3588 2.2952 26.4674 25.8233 0 24.9615 26.4329 3.5412
3 16 -2.7795 34.8168 0 17.1776 44.5392 1.8494 16.8096 44.7689 0
3 16 -2.7795 34.8168 0 1.6856 36.2266 2.2417 17.1776 44.5392 1.8494
3 16 17.1776 44.5392 1.8494 1.6856 36.2266 2.2417 4.1255 36.1856 3.8573
3 16 4.1255 36.1856 3.8573 18.552 43.6809 3.2516 17.1776 44.5392 1.8494
3 16 4.1255 36.1856 3.8573 20.2593 42.943 3.4015 18.552 43.6809 3.2516
3 16 20.2593 42.943 3.4015 4.1255 36.1856 3.8573 4.5675 34.699 6.4302
3 16 4.5675 34.699 6.4302 22.945 40.9377 6.3297 20.2593 42.943 3.4015
3 16 22.945 40.9377 6.3297 9.058 33.8065 7.9581 13.3945 32.3365 8.8983
3 16 13.3945 32.3365 8.8983 27.3461 38.1894 6.9913 22.945 40.9377 6.3297
3 16 21.8378 29.3672 7.5573 31.543 35.5686 5.8719 27.3461 38.1894 6.9913
5 24 27.3461 38.1894 6.9913 21.8378 29.3672 7.5573 13.3945 32.3365 8.8983 31.543 35.5686 5.8719
3 16 21.8378 29.3672 7.5573 33.9985 34.0353 2.7683 31.543 35.5686 5.8719
3 16 26.4885 28.5568 3.1548 33.9985 34.0353 2.7683 21.8378 29.3672 7.5573
3 16 24.9615 26.4329 3.5412 26.4885 28.5568 3.1548 21.8378 29.3672 7.5573
4 16 27.7695 27.9223 0 26.4885 28.5568 3.1548 24.9615 26.4329 3.5412 26.4674 25.8233 0
4 16 35.0547 33.3757 0 33.9985 34.0353 2.7683 26.4885 28.5568 3.1548 27.7695 27.9223 0
3 16 16.8096 44.7689 0 35.867 53.174 1.6075 35.5709 53.4374 0
3 16 16.8096 44.7689 0 17.1776 44.5392 1.8494 35.867 53.174 1.6075
3 16 17.1776 44.5392 1.8494 36.9825 52.1813 2.9754 35.867 53.174 1.6075
3 16 17.1776 44.5392 1.8494 18.552 43.6809 3.2516 36.9825 52.1813 2.9754
3 16 18.552 43.6809 3.2516 38.8026 50.3684 3.1977 36.9825 52.1813 2.9754
3 16 18.552 43.6809 3.2516 20.2593 42.943 3.4015 38.8026 50.3684 3.1977
3 16 38.8026 50.3684 3.1977 20.2593 42.943 3.4015 22.945 40.9377 6.3297
3 16 22.945 40.9377 6.3297 40.6736 48.8967 4.9946 38.8026 50.3684 3.1977
3 16 40.6736 48.8967 4.9946 22.945 40.9377 6.3297 27.3461 38.1894 6.9913
3 16 27.3461 38.1894 6.9913 43.561 46.3273 5.0805 40.6736 48.8967 4.9946
4 16 31.543 35.5686 5.8719 46.1647 44.0103 4.323 43.561 46.3273 5.0805 27.3461 38.1894 6.9913
3 16 31.543 35.5686 5.8719 47.7696 42.5821 2.0766 46.1647 44.0103 4.323
3 16 31.543 35.5686 5.8719 33.9985 34.0353 2.7683 47.7696 42.5821 2.0766
4 16 33.9985 34.0353 2.7683 35.0547 33.3757 0 48.4255 41.9985 0 47.7696 42.5821 2.0766
3 16 35.5709 53.4374 0 54.6028 61.0666 1.492 54.3939 61.4015 0
3 16 35.5709 53.4374 0 35.867 53.174 1.6075 54.6028 61.0666 1.492
4 16 36.9825 52.1813 2.9754 55.3993 59.7898 2.9708 54.6028 61.0666 1.492 35.867 53.174 1.6075
3 16 36.9825 52.1813 2.9754 56.7603 57.61 3.9431 55.3993 59.7898 2.9708
3 16 36.9825 52.1813 2.9754 38.8026 50.3684 3.1977 56.7603 57.61 3.9431
3 16 38.8026 50.3684 3.1977 57.928 55.7962 3.0278 56.7603 57.61 3.9431
3 16 40.6736 48.8967 4.9946 59.5727 53.0997 3.3186 57.928 55.7962 3.0278
3 16 57.928 55.7962 3.0278 38.8026 50.3684 3.1977 40.6736 48.8967 4.9946
3 16 40.6736 48.8967 4.9946 43.561 46.3273 5.0805 59.5727 53.0997 3.3186
4 16 46.1647 44.0103 4.323 60.6797 51.3251 2.9175 59.5727 53.0997 3.3186 43.561 46.3273 5.0805
3 16 46.1647 44.0103 4.323 61.4621 50.0709 1.4653 60.6797 51.3251 2.9175
3 16 46.1647 44.0103 4.323 47.7696 42.5821 2.0766 61.4621 50.0709 1.4653
3 16 47.7696 42.5821 2.0766 61.7417 49.6227 0 61.4621 50.0709 1.4653
3 16 47.7696 42.5821 2.0766 48.4255 41.9985 0 61.7417 49.6227 0
3 16 54.6028 61.0666 1.492 70.759 67.5476 1.8177 70.5744 67.9277 0
3 16 70.5744 67.9277 0 54.3939 61.4015 0 54.6028 61.0666 1.492
5 24 70.5744 67.9277 0 54.6028 61.0666 1.492 54.3939 61.4015 0 70.759 67.5476 1.8177
3 16 55.3993 59.7898 2.9708 71.4682 66.0868 3.4856 70.759 67.5476 1.8177
3 16 70.759 67.5476 1.8177 54.6028 61.0666 1.492 55.3993 59.7898 2.9708
5 24 70.759 67.5476 1.8177 55.3993 59.7898 2.9708 54.6028 61.0666 1.492 71.4682 66.0868 3.4856
3 16 71.4682 66.0868 3.4856 55.3993 59.7898 2.9708 56.7603 57.61 3.9431
3 16 56.7603 57.61 3.9431 72.7527 63.4413 4.2979 71.4682 66.0868 3.4856
3 16 56.7603 57.61 3.9431 73.9897 60.8935 3.736 72.7527 63.4413 4.2979
3 16 56.7603 57.61 3.9431 57.928 55.7962 3.0278 73.9897 60.8935 3.736
3 16 57.928 55.7962 3.0278 74.8729 59.0743 2.2833 73.9897 60.8935 3.736
3 16 57.928 55.7962 3.0278 59.5727 53.0997 3.3186 74.8729 59.0743 2.2833
3 16 59.5727 53.0997 3.3186 75.4117 57.9646 2.1115 74.8729 59.0743 2.2833
3 16 59.5727 53.0997 3.3186 60.6797 51.3251 2.9175 75.4117 57.9646 2.1115
3 16 60.6797 51.3251 2.9175 75.8923 56.9749 1.1292 75.4117 57.9646 2.1115
3 16 60.6797 51.3251 2.9175 61.4621 50.0709 1.4653 75.8923 56.9749 1.1292
3 16 61.4621 50.0709 1.4653 76.0291 56.6931 0 75.8923 56.9749 1.1292
3 16 61.4621 50.0709 1.4653 61.7417 49.6227 0 76.0291 56.6931 0
3 16 70.759 67.5476 1.8177 79.7192 71.3586 1.9437 79.6015 71.8407 0
3 16 79.6015 71.8407 0 70.5744 67.9277 0 70.759 67.5476 1.8177
5 24 79.6015 71.8407 0 70.759 67.5476 1.8177 70.5744 67.9277 0 79.7192 71.3586 1.9437
3 16 70.759 67.5476 1.8177 80.173 69.5004 4.1429 79.7192 71.3586 1.9437
3 16 70.759 67.5476 1.8177 71.4682 66.0868 3.4856 80.173 69.5004 4.1429
3 16 80.173 69.5004 4.1429 71.4682 66.0868 3.4856 72.7527 63.4413 4.2979
3 16 72.7527 63.4413 4.2979 81.0201 66.0315 4.7982 80.173 69.5004 4.1429
3 16 81.0201 66.0315 4.7982 72.7527 63.4413 4.2979 73.9897 60.8935 3.736
3 16 73.9897 60.8935 3.736 81.8045 62.8197 3.8657 81.0201 66.0315 4.7982
3 16 73.9897 60.8935 3.736 82.4993 59.9744 1.9919 81.8045 62.8197 3.8657
3 16 73.9897 60.8935 3.736 74.8729 59.0743 2.2833 82.4993 59.9744 1.9919
3 16 74.8729 59.0743 2.2833 75.4117 57.9646 2.1115 82.4993 59.9744 1.9919
3 16 75.4117 57.9646 2.1115 82.7507 58.9451 1.1141 82.4993 59.9744 1.9919
3 16 75.4117 57.9646 2.1115 75.8923 56.9749 1.1292 82.7507 58.9451 1.1141
3 16 75.8923 56.9749 1.1292 82.8091 58.7059 0 82.7507 58.9451 1.1141
3 16 75.8923 56.9749 1.1292 76.0291 56.6931 0 82.8091 58.7059 0
3 16 80.9493 73.955 0 79.6015 71.8407 0 79.7192 71.3586 1.9437
3 16 79.7192 71.3586 1.9437 82.1602 73.2853 2.615 80.9493 73.955 0
3 16 82.1602 73.2853 2.615 79.7192 71.3586 1.9437 80.173 69.5004 4.1429
3 16 80.173 69.5004 4.1429 83.4659 71.1568 5.6544 82.1602 73.2853 2.615
3 16 83.4659 71.1568 5.6544 80.173 69.5004 4.1429 81.0201 66.0315 4.7982
3 16 81.0201 66.0315 4.7982 85.768 66.216 6.6703 83.4659 71.1568 5.6544
3 16 85.768 66.216 6.6703 81.0201 66.0315 4.7982 81.8045 62.8197 3.8657
3 16 81.8045 62.8197 3.8657 87.8731 61.6982 5.3567 85.768 66.216 6.6703
3 16 87.8731 61.6982 5.3567 81.8045 62.8197 3.8657 82.4993 59.9744 1.9919
3 16 82.4993 59.9744 1.9919 87.8572 58.0838 2.7707 87.8731 61.6982 5.3567
3 16 87.8572 58.0838 2.7707 82.4993 59.9744 1.9919 82.7507 58.9451 1.1141
3 16 82.7507 58.9451 1.1141 88.4853 56.7359 1.5795 87.8572 58.0838 2.7707
3 16 82.8091 58.7059 0 88.6172 56.4526 0 88.4853 56.7359 1.5795
3 16 88.4853 56.7359 1.5795 82.7507 58.9451 1.1141 82.8091 58.7059 0
3 16 80.9493 73.955 0 83.7263 76.6627 4.8027 80.6803 77.3106 0
3 16 80.9493 73.955 0 82.1602 73.2853 2.615 83.7263 76.6627 4.8027
3 16 83.7263 76.6627 4.8027 82.1602 73.2853 2.615 83.4659 71.1568 5.6544
3 16 83.4659 71.1568 5.6544 88.243 74.3496 9.6222 83.7263 76.6627 4.8027
3 16 88.243 74.3496 9.6222 83.4659 71.1568 5.6544 85.768 66.216 6.6703
3 16 85.768 66.216 6.6703 92.0818 70.6572 10.7798 88.243 74.3496 9.6222
3 16 85.768 66.216 6.6703 96.9231 63.7022 11.2099 92.0818 70.6572 10.7798
3 16 85.768 66.216 6.6703 87.8731 61.6982 5.3567 96.9231 63.7022 11.2099
3 16 87.8731 61.6982 5.3567 100.2595 57.8865 10.0418 96.9231 63.7022 11.2099
3 16 87.8731 61.6982 5.3567 87.8572 58.0838 2.7707 94.7874 54.8884 4.8832
3 16 94.7874 54.8884 4.8832 102.2725 51.103 6.9524 100.2595 57.8865 10.0418
3 16 94.7874 54.8884 4.8832 100.2595 57.8865 10.0418 87.8731 61.6982 5.3567
3 16 94.7874 54.8884 4.8832 87.8572 58.0838 2.7707 88.4853 56.7359 1.5795
3 16 102.2725 51.103 6.9524 94.7874 54.8884 4.8832 102.2096 47.675 2.8926
3 16 95.3724 52.6542 2.2231 102.2096 47.675 2.8926 94.7874 54.8884 4.8832
3 16 88.4853 56.7359 1.5795 95.3724 52.6542 2.2231 94.7874 54.8884 4.8832
3 16 95.3724 52.6542 2.2231 88.4853 56.7359 1.5795 95.1053 52.0374 0
3 16 102.2096 47.675 2.8926 95.3724 52.6542 2.2231 101.4597 46.6817 0
3 16 95.1053 52.0374 0 101.4597 46.6817 0 95.3724 52.6542 2.2231
3 16 88.6172 56.4526 0 95.1053 52.0374 0 88.4853 56.7359 1.5795
2 24 4.1255 36.1856 3.8573 20.2593 42.943 3.4015
2 24 20.2593 42.943 3.4015 38.8026 50.3684 3.1977
2 24 38.8026 50.3684 3.1977 57.928 55.7962 3.0278
2 24 57.928 55.7962 3.0278 74.8729 59.0743 2.2833
2 24 74.8729 59.0743 2.2833 82.4993 59.9744 1.9919
2 24 25.9685 23.3588 2.2952 26.5671 22.677 0
2 24 24.7485 24.7485 4.5905 25.9685 23.3588 2.2952
2 24 9.058 33.8065 7.9581 13.3945 32.3365 8.8983
2 24 88.243 74.3496 9.6222 83.7263 76.6627 4.8027
2 24 83.7263 76.6627 4.8027 80.6803 77.3106 0
2 24 -2.7795 34.8168 0 -1.686 34.8889 2.4843
2 24 96.9231 63.7022 11.2099 92.0818 70.6572 10.7798
2 24 102.2725 51.103 6.9524 100.2595 57.8865 10.0418
2 24 101.4597 46.6817 0 102.2096 47.675 2.8926
2 24 92.0818 70.6572 10.7798 88.243 74.3496 9.6222
2 24 0 35 4.0449 4.5675 34.699 6.4302
2 24 4.5675 34.699 6.4302 9.058 33.8065 7.9581
2 24 102.2096 47.675 2.8926 102.2725 51.103 6.9524
2 24 100.2595 57.8865 10.0418 96.9231 63.7022 11.2099
2 24 21.308 27.769 7.5317 24.7485 24.7485 4.5905
2 24 -1.686 34.8889 2.4843 0 35 4.0449
2 24 17.5 30.31 8.715 21.308 27.769 7.5317
2 24 13.3945 32.3365 8.8983 17.5 30.31 8.715
5 24 73.9897 60.8935 3.736 82.4993 59.9744 1.9919 81.8045 62.8197 3.8657 74.8729 59.0743 2.2833
5 24 74.8729 59.0743 2.2833 75.4117 57.9646 2.1115 82.4993 59.9744 1.9919 59.5727 53.0997 3.3186
5 24 95.3724 52.6542 2.2231 95.1053 52.0374 0 88.4853 56.7359 1.5795 101.4597 46.6817 0
5 24 43.561 46.3273 5.0805 59.5727 53.0997 3.3186 46.1647 44.0103 4.323 40.6736 48.8967 4.9946
5 24 88.6172 56.4526 0 88.4853 56.7359 1.5795 95.1053 52.0374 0 82.8091 58.7059 0
5 24 94.7874 54.8884 4.8832 87.8572 58.0838 2.7707 88.4853 56.7359 1.5795 87.8731 61.6982 5.3567
5 24 71.4682 66.0868 3.4856 80.173 69.5004 4.1429 70.759 67.5476 1.8177 72.7527 63.4413 4.2979
5 24 27.3461 38.1894 6.9913 43.561 46.3273 5.0805 40.6736 48.8967 4.9946 31.543 35.5686 5.8719
5 24 61.4621 50.0709 1.4653 46.1647 44.0103 4.323 60.6797 51.3251 2.9175 47.7696 42.5821 2.0766
5 24 87.8731 61.6982 5.3567 100.2595 57.8865 10.0418 96.9231 63.7022 11.2099 94.7874 54.8884 4.8832
5 24 22.945 40.9377 6.3297 4.5675 34.699 6.4302 20.2593 42.943 3.4015 9.058 33.8065 7.9581
5 24 46.1647 44.0103 4.323 43.561 46.3273 5.0805 31.543 35.5686 5.8719 59.5727 53.0997 3.3186
5 24 18.552 43.6809 3.2516 17.1776 44.5392 1.8494 4.1255 36.1856 3.8573 36.9825 52.1813 2.9754
5 24 54.6028 61.0666 1.492 70.759 67.5476 1.8177 70.5744 67.9277 0 55.3993 59.7898 2.9708
5 24 27.3461 38.1894 6.9913 13.3945 32.3365 8.8983 22.945 40.9377 6.3297 21.8378 29.3672 7.5573
5 24 56.7603 57.61 3.9431 55.3993 59.7898 2.9708 36.9825 52.1813 2.9754 71.4682 66.0868 3.4856
5 24 35.5709 53.4374 0 54.6028 61.0666 1.492 54.3939 61.4015 0 35.867 53.174 1.6075
5 24 80.173 69.5004 4.1429 79.7192 71.3586 1.9437 82.1602 73.2853 2.615 70.759 67.5476 1.8177
5 24 24.9615 26.4329 3.5412 21.8378 29.3672 7.5573 21.308 27.769 7.5317 26.4885 28.5568 3.1548
5 24 88.4853 56.7359 1.5795 87.8572 58.0838 2.7707 94.7874 54.8884 4.8832 82.7507 58.9451 1.1141
5 24 75.4117 57.9646 2.1115 82.4993 59.9744 1.9919 82.7507 58.9451 1.1141 74.8729 59.0743 2.2833
5 24 75.4117 57.9646 2.1115 82.7507 58.9451 1.1141 82.4993 59.9744 1.9919 75.8923 56.9749 1.1292
5 24 82.7507 58.9451 1.1141 82.4993 59.9744 1.9919 75.4117 57.9646 2.1115 87.8572 58.0838 2.7707
5 24 72.7527 63.4413 4.2979 71.4682 66.0868 3.4856 80.173 69.5004 4.1429 56.7603 57.61 3.9431
5 24 35.867 53.174 1.6075 54.6028 61.0666 1.492 35.5709 53.4374 0 36.9825 52.1813 2.9754
5 24 60.6797 51.3251 2.9175 75.8923 56.9749 1.1292 75.4117 57.9646 2.1115 61.4621 50.0709 1.4653
5 24 26.4674 25.8233 0 24.9615 26.4329 3.5412 27.7695 27.9223 0 25.9685 23.3588 2.2952
5 24 31.543 35.5686 5.8719 27.3461 38.1894 6.9913 21.8378 29.3672 7.5573 43.561 46.3273 5.0805
5 24 57.928 55.7962 3.0278 56.7603 57.61 3.9431 38.8026 50.3684 3.1977 73.9897 60.8935 3.736
5 24 73.9897 60.8935 3.736 74.8729 59.0743 2.2833 82.4993 59.9744 1.9919 57.928 55.7962 3.0278
5 24 35.867 53.174 1.6075 35.5709 53.4374 0 16.8096 44.7689 0 54.6028 61.0666 1.492
5 24 40.6736 48.8967 4.9946 38.8026 50.3684 3.1977 57.928 55.7962 3.0278 22.945 40.9377 6.3297
5 24 56.7603 57.61 3.9431 71.4682 66.0868 3.4856 55.3993 59.7898 2.9708 72.7527 63.4413 4.2979
5 24 61.4621 50.0709 1.4653 60.6797 51.3251 2.9175 75.8923 56.9749 1.1292 46.1647 44.0103 4.323
5 24 38.8026 50.3684 3.1977 36.9825 52.1813 2.9754 18.552 43.6809 3.2516 56.7603 57.61 3.9431
5 24 27.7695 27.9223 0 26.4885 28.5568 3.1548 35.0547 33.3757 0 24.9615 26.4329 3.5412
5 24 47.7696 42.5821 2.0766 61.7417 49.6227 0 61.4621 50.0709 1.4653 48.4255 41.9985 0
5 24 40.6736 48.8967 4.9946 59.5727 53.0997 3.3186 57.928 55.7962 3.0278 43.561 46.3273 5.0805
5 24 95.3724 52.6542 2.2231 94.7874 54.8884 4.8832 88.4853 56.7359 1.5795 102.2096 47.675 2.8926
5 24 -1.686 34.8889 2.4843 1.6856 36.2266 2.2417 0 35 4.0449 -2.7795 34.8168 0
5 24 80.9493 73.955 0 79.7192 71.3586 1.9437 82.1602 73.2853 2.615 79.6015 71.8407 0
5 24 24.7485 24.7485 4.5905 24.9615 26.4329 3.5412 21.308 27.769 7.5317 25.9685 23.3588 2.2952
5 24 79.7192 71.3586 1.9437 79.6015 71.8407 0 80.9493 73.955 0 70.759 67.5476 1.8177
5 24 18.552 43.6809 3.2516 36.9825 52.1813 2.9754 38.8026 50.3684 3.1977 17.1776 44.5392 1.8494
5 24 36.9825 52.1813 2.9754 55.3993 59.7898 2.9708 54.6028 61.0666 1.492 56.7603 57.61 3.9431
5 24 17.1776 44.5392 1.8494 35.867 53.174 1.6075 16.8096 44.7689 0 36.9825 52.1813 2.9754
5 24 4.1255 36.1856 3.8573 18.552 43.6809 3.2516 17.1776 44.5392 1.8494 20.2593 42.943 3.4015
5 24 59.5727 53.0997 3.3186 57.928 55.7962 3.0278 40.6736 48.8967 4.9946 74.8729 59.0743 2.2833
5 24 92.0818 70.6572 10.7798 85.768 66.216 6.6703 88.243 74.3496 9.6222 96.9231 63.7022 11.2099
5 24 35.0547 33.3757 0 33.9985 34.0353 2.7683 48.4255 41.9985 0 26.4885 28.5568 3.1548
5 24 18.552 43.6809 3.2516 38.8026 50.3684 3.1977 36.9825 52.1813 2.9754 20.2593 42.943 3.4015
5 24 21.8378 29.3672 7.5573 26.4885 28.5568 3.1548 33.9985 34.0353 2.7683 24.9615 26.4329 3.5412
5 24 80.173 69.5004 4.1429 83.4659 71.1568 5.6544 82.1602 73.2853 2.615 81.0201 66.0315 4.7982
5 24 0 35 4.0449 4.1255 36.1856 3.8573 1.6856 36.2266 2.2417 4.5675 34.699 6.4302
5 24 57.928 55.7962 3.0278 40.6736 48.8967 4.9946 59.5727 53.0997 3.3186 38.8026 50.3684 3.1977
5 24 80.173 69.5004 4.1429 81.0201 66.0315 4.7982 83.4659 71.1568 5.6544 72.7527 63.4413 4.2979
5 24 4.5675 34.699 6.4302 20.2593 42.943 3.4015 4.1255 36.1856 3.8573 22.945 40.9377 6.3297
5 24 70.759 67.5476 1.8177 80.173 69.5004 4.1429 79.7192 71.3586 1.9437 71.4682 66.0868 3.4856
5 24 22.945 40.9377 6.3297 40.6736 48.8967 4.9946 38.8026 50.3684 3.1977 27.3461 38.1894 6.9913
5 24 56.7603 57.61 3.9431 72.7527 63.4413 4.2979 71.4682 66.0868 3.4856 73.9897 60.8935 3.736
5 24 73.9897 60.8935 3.736 81.0201 66.0315 4.7982 81.8045 62.8197 3.8657 72.7527 63.4413 4.2979
5 24 95.1053 52.0374 0 88.4853 56.7359 1.5795 88.6172 56.4526 0 95.3724 52.6542 2.2231
5 24 17.1776 44.5392 1.8494 16.8096 44.7689 0 35.867 53.174 1.6075 -2.7795 34.8168 0
5 24 75.4117 57.9646 2.1115 75.8923 56.9749 1.1292 60.6797 51.3251 2.9175 82.7507 58.9451 1.1141
5 24 75.8923 56.9749 1.1292 82.7507 58.9451 1.1141 75.4117 57.9646 2.1115 82.8091 58.7059 0
5 24 100.2595 57.8865 10.0418 94.7874 54.8884 4.8832 87.8731 61.6982 5.3567 102.2725 51.103 6.9524
5 24 61.4621 50.0709 1.4653 76.0291 56.6931 0 61.7417 49.6227 0 75.8923 56.9749 1.1292
5 24 96.9231 63.7022 11.2099 87.8731 61.6982 5.3567 100.2595 57.8865 10.0418 85.768 66.216 6.6703
5 24 33.9985 34.0353 2.7683 31.543 35.5686 5.8719 47.7696 42.5821 2.0766 21.8378 29.3672 7.5573
5 24 16.8096 44.7689 0 35.867 53.174 1.6075 35.5709 53.4374 0 17.1776 44.5392 1.8494
5 24 1.6856 36.2266 2.2417 -2.7795 34.8168 0 17.1776 44.5392 1.8494 -1.686 34.8889 2.4843
5 24 72.7527 63.4413 4.2979 73.9897 60.8935 3.736 56.7603 57.61 3.9431 81.0201 66.0315 4.7982
5 24 71.4682 66.0868 3.4856 70.759 67.5476 1.8177 55.3993 59.7898 2.9708 80.173 69.5004 4.1429
5 24 20.2593 42.943 3.4015 18.552 43.6809 3.2516 4.1255 36.1856 3.8573 38.8026 50.3684 3.1977
5 24 21.8378 29.3672 7.5573 33.9985 34.0353 2.7683 26.4885 28.5568 3.1548 31.543 35.5686 5.8719
5 24 101.4597 46.6817 0 95.3724 52.6542 2.2231 95.1053 52.0374 0 102.2096 47.675 2.8926
5 24 88.243 74.3496 9.6222 85.768 66.216 6.6703 92.0818 70.6572 10.7798 83.4659 71.1568 5.6544
5 24 47.7696 42.5821 2.0766 61.4621 50.0709 1.4653 61.7417 49.6227 0 46.1647 44.0103 4.323
5 24 85.768 66.216 6.6703 87.8731 61.6982 5.3567 96.9231 63.7022 11.2099 81.8045 62.8197 3.8657
5 24 27.3461 38.1894 6.9913 22.945 40.9377 6.3297 13.3945 32.3365 8.8983 40.6736 48.8967 4.9946
5 24 85.768 66.216 6.6703 81.0201 66.0315 4.7982 81.8045 62.8197 3.8657 83.4659 71.1568 5.6544
5 24 54.6028 61.0666 1.492 54.3939 61.4015 0 70.5744 67.9277 0 35.5709 53.4374 0
5 24 4.1255 36.1856 3.8573 1.6856 36.2266 2.2417 17.1776 44.5392 1.8494 0 35 4.0449
5 24 75.8923 56.9749 1.1292 82.8091 58.7059 0 76.0291 56.6931 0 82.7507 58.9451 1.1141
5 24 9.058 33.8065 7.9581 22.945 40.9377 6.3297 13.3945 32.3365 8.8983 4.5675 34.699 6.4302
5 24 94.7874 54.8884 4.8832 88.4853 56.7359 1.5795 87.8572 58.0838 2.7707 95.3724 52.6542 2.2231
5 24 83.4659 71.1568 5.6544 85.768 66.216 6.6703 81.0201 66.0315 4.7982 88.243 74.3496 9.6222
5 24 47.7696 42.5821 2.0766 48.4255 41.9985 0 61.7417 49.6227 0 33.9985 34.0353 2.7683
5 24 88.4853 56.7359 1.5795 82.8091 58.7059 0 82.7507 58.9451 1.1141 88.6172 56.4526 0
5 24 31.543 35.5686 5.8719 47.7696 42.5821 2.0766 46.1647 44.0103 4.323 33.9985 34.0353 2.7683
5 24 75.8923 56.9749 1.1292 76.0291 56.6931 0 82.8091 58.7059 0 61.4621 50.0709 1.4653
5 24 70.759 67.5476 1.8177 79.7192 71.3586 1.9437 80.173 69.5004 4.1429 79.6015 71.8407 0
5 24 83.7263 76.6627 4.8027 80.9493 73.955 0 80.6803 77.3106 0 82.1602 73.2853 2.615
5 24 87.8572 58.0838 2.7707 87.8731 61.6982 5.3567 82.4993 59.9744 1.9919 94.7874 54.8884 4.8832
5 24 4.1255 36.1856 3.8573 17.1776 44.5392 1.8494 18.552 43.6809 3.2516 1.6856 36.2266 2.2417
5 24 33.9985 34.0353 2.7683 47.7696 42.5821 2.0766 35.0547 33.3757 0 31.543 35.5686 5.8719
5 24 81.8045 62.8197 3.8657 81.0201 66.0315 4.7982 85.768 66.216 6.6703 73.9897 60.8935 3.736
5 24 47.7696 42.5821 2.0766 46.1647 44.0103 4.323 61.4621 50.0709 1.4653 31.543 35.5686 5.8719
5 24 71.4682 66.0868 3.4856 55.3993 59.7898 2.9708 70.759 67.5476 1.8177 56.7603 57.61 3.9431
5 24 59.5727 53.0997 3.3186 74.8729 59.0743 2.2833 57.928 55.7962 3.0278 75.4117 57.9646 2.1115
5 24 60.6797 51.3251 2.9175 75.4117 57.9646 2.1115 75.8923 56.9749 1.1292 59.5727 53.0997 3.3186
5 24 -2.7795 34.8168 0 17.1776 44.5392 1.8494 16.8096 44.7689 0 1.6856 36.2266 2.2417
5 24 55.3993 59.7898 2.9708 54.6028 61.0666 1.492 70.759 67.5476 1.8177 36.9825 52.1813 2.9754
5 24 72.7527 63.4413 4.2979 80.173 69.5004 4.1429 71.4682 66.0868 3.4856 81.0201 66.0315 4.7982
5 24 61.7417 49.6227 0 61.4621 50.0709 1.4653 47.7696 42.5821 2.0766 76.0291 56.6931 0
5 24 57.928 55.7962 3.0278 73.9897 60.8935 3.736 74.8729 59.0743 2.2833 56.7603 57.61 3.9431
5 24 87.8572 58.0838 2.7707 82.4993 59.9744 1.9919 87.8731 61.6982 5.3567 82.7507 58.9451 1.1141
5 24 94.7874 54.8884 4.8832 102.2096 47.675 2.8926 102.2725 51.103 6.9524 95.3724 52.6542 2.2231
5 24 82.8091 58.7059 0 82.7507 58.9451 1.1141 75.8923 56.9749 1.1292 88.4853 56.7359 1.5795
5 24 82.7507 58.9451 1.1141 88.4853 56.7359 1.5795 87.8572 58.0838 2.7707 82.8091 58.7059 0
5 24 82.1602 73.2853 2.615 79.7192 71.3586 1.9437 80.173 69.5004 4.1429 80.9493 73.955 0
5 24 82.1602 73.2853 2.615 80.9493 73.955 0 79.7192 71.3586 1.9437 83.7263 76.6627 4.8027
5 24 82.4993 59.9744 1.9919 81.8045 62.8197 3.8657 87.8731 61.6982 5.3567 73.9897 60.8935 3.736
5 24 70.5744 67.9277 0 70.759 67.5476 1.8177 54.6028 61.0666 1.492 79.6015 71.8407 0
5 24 83.7263 76.6627 4.8027 82.1602 73.2853 2.615 83.4659 71.1568 5.6544 80.9493 73.955 0
5 24 82.4993 59.9744 1.9919 87.8731 61.6982 5.3567 81.8045 62.8197 3.8657 87.8572 58.0838 2.7707
5 24 26.4885 28.5568 3.1548 33.9985 34.0353 2.7683 35.0547 33.3757 0 21.8378 29.3672 7.5573
5 24 88.4853 56.7359 1.5795 95.3724 52.6542 2.2231 94.7874 54.8884 4.8832 95.1053 52.0374 0
5 24 95.3724 52.6542 2.2231 102.2096 47.675 2.8926 101.4597 46.6817 0 94.7874 54.8884 4.8832
5 24 85.768 66.216 6.6703 81.8045 62.8197 3.8657 81.0201 66.0315 4.7982 87.8731 61.6982 5.3567
5 24 60.6797 51.3251 2.9175 59.5727 53.0997 3.3186 75.4117 57.9646 2.1115 46.1647 44.0103 4.323
5 24 56.7603 57.61 3.9431 38.8026 50.3684 3.1977 36.9825 52.1813 2.9754 57.928 55.7962 3.0278
5 24 24.9615 26.4329 3.5412 25.9685 23.3588 2.2952 24.7485 24.7485 4.5905 26.4674 25.8233 0
5 24 36.9825 52.1813 2.9754 35.867 53.174 1.6075 17.1776 44.5392 1.8494 54.6028 61.0666 1.492
5 24 27.3461 38.1894 6.9913 40.6736 48.8967 4.9946 22.945 40.9377 6.3297 43.561 46.3273 5.0805
5 24 56.7603 57.61 3.9431 73.9897 60.8935 3.736 57.928 55.7962 3.0278 72.7527 63.4413 4.2979
5 24 24.9615 26.4329 3.5412 26.4885 28.5568 3.1548 21.8378 29.3672 7.5573 27.7695 27.9223 0
5 24 83.4659 71.1568 5.6544 82.1602 73.2853 2.615 80.173 69.5004 4.1429 83.7263 76.6627 4.8027
5 24 82.1602 73.2853 2.615 80.173 69.5004 4.1429 83.4659 71.1568 5.6544 79.7192 71.3586 1.9437
5 24 102.2725 51.103 6.9524 94.7874 54.8884 4.8832 100.2595 57.8865 10.0418 102.2096 47.675 2.8926
5 24 87.8731 61.6982 5.3567 81.8045 62.8197 3.8657 82.4993 59.9744 1.9919 85.768 66.216 6.6703
5 24 17.1776 44.5392 1.8494 1.6856 36.2266 2.2417 -2.7795 34.8168 0 4.1255 36.1856 3.8573
5 24 61.4621 50.0709 1.4653 75.8923 56.9749 1.1292 60.6797 51.3251 2.9175 76.0291 56.6931 0
5 24 94.7874 54.8884 4.8832 87.8731 61.6982 5.3567 100.2595 57.8865 10.0418 87.8572 58.0838 2.7707
5 24 75.4117 57.9646 2.1115 59.5727 53.0997 3.3186 74.8729 59.0743 2.2833 60.6797 51.3251 2.9175
5 24 81.8045 62.8197 3.8657 73.9897 60.8935 3.736 82.4993 59.9744 1.9919 81.0201 66.0315 4.7982
5 24 87.8572 58.0838 2.7707 82.7507 58.9451 1.1141 82.4993 59.9744 1.9919 88.4853 56.7359 1.5795
5 24 21.308 27.769 7.5317 21.8378 29.3672 7.5573 13.3945 32.3365 8.8983 24.9615 26.4329 3.5412
5 24 0 35 4.0449 1.6856 36.2266 2.2417 -1.686 34.8889 2.4843 4.1255 36.1856 3.8573
5 24 81.0201 66.0315 4.7982 83.4659 71.1568 5.6544 80.173 69.5004 4.1429 85.768 66.216 6.6703
5 24 17.1776 44.5392 1.8494 36.9825 52.1813 2.9754 18.552 43.6809 3.2516 35.867 53.174 1.6075
5 24 36.9825 52.1813 2.9754 56.7603 57.61 3.9431 55.3993 59.7898 2.9708 38.8026 50.3684 3.1977
5 24 31.543 35.5686 5.8719 46.1647 44.0103 4.323 43.561 46.3273 5.0805 47.7696 42.5821 2.0766
5 24 83.4659 71.1568 5.6544 83.7263 76.6627 4.8027 88.243 74.3496 9.6222 82.1602 73.2853 2.615
5 24 38.8026 50.3684 3.1977 22.945 40.9377 6.3297 40.6736 48.8967 4.9946 20.2593 42.943 3.4015
5 24 21.308 27.769 7.5317 24.9615 26.4329 3.5412 21.8378 29.3672 7.5573 24.7485 24.7485 4.5905
5 24 31.543 35.5686 5.8719 21.8378 29.3672 7.5573 33.9985 34.0353 2.7683 27.3461 38.1894 6.9913
5 24 4.5675 34.699 6.4302 4.1255 36.1856 3.8573 20.2593 42.943 3.4015 0 35 4.0449
5 24 85.768 66.216 6.6703 96.9231 63.7022 11.2099 87.8731 61.6982 5.3567 92.0818 70.6572 10.7798
5 24 81.0201 66.0315 4.7982 72.7527 63.4413 4.2979 73.9897 60.8935 3.736 80.173 69.5004 4.1429
5 24 83.4659 71.1568 5.6544 88.243 74.3496 9.6222 83.7263 76.6627 4.8027 85.768 66.216 6.6703
5 24 46.1647 44.0103 4.323 60.6797 51.3251 2.9175 61.4621 50.0709 1.4653 59.5727 53.0997 3.3186
5 24 22.945 40.9377 6.3297 20.2593 42.943 3.4015 38.8026 50.3684 3.1977 4.5675 34.699 6.4302
5 24 13.3945 32.3365 8.8983 22.945 40.9377 6.3297 9.058 33.8065 7.9581 27.3461 38.1894 6.9913
5 24 21.8378 29.3672 7.5573 17.5 30.31 8.715 21.308 27.769 7.5317 27.3461 38.1894 6.9913
5 24 25.9685 23.3588 2.2952 26.4674 25.8233 0 26.5671 22.677 0 24.9615 26.4329 3.5412
5 24 16.8096 44.7689 0 -2.7795 34.8168 0 17.1776 44.5392 -1.8494 17.1776 44.5392 1.8494
5 24 26.5671 22.677 0 26.4674 25.8233 0 25.9685 23.3588 -2.2952 25.9685 23.3588 2.2952
5 24 80.6803 77.3106 0 80.9493 73.955 0 83.7263 76.6627 4.8027 83.7263 76.6627 -4.8027
5 24 76.0291 56.6931 0 82.8091 58.7059 0 75.8923 56.9749 -1.1292 75.8923 56.9749 1.1292
5 24 27.7695 27.9223 0 35.0547 33.3757 0 26.4885 28.5568 -3.1548 26.4885 28.5568 3.1548
5 24 26.4674 25.8233 0 27.7695 27.9223 0 24.9615 26.4329 -3.5412 24.9615 26.4329 3.5412
5 24 79.6015 71.8407 0 70.5744 67.9277 0 70.759 67.5476 -1.8177 70.759 67.5476 1.8177
5 24 35.5709 53.4374 0 16.8096 44.7689 0 35.867 53.174 -1.6075 35.867 53.174 1.6075
5 24 54.3939 61.4015 0 35.5709 53.4374 0 54.6028 61.0666 -1.492 54.6028 61.0666 1.492
5 24 61.7417 49.6227 0 76.0291 56.6931 0 61.4621 50.0709 -1.4653 61.4621 50.0709 1.4653
5 24 35.0547 33.3757 0 48.4255 41.9985 0 33.9985 34.0353 -2.7683 47.7696 42.5821 2.0766
5 24 80.9493 73.955 0 79.6015 71.8407 0 79.7192 71.3586 -1.9437 79.7192 71.3586 1.9437
5 24 48.4255 41.9985 0 61.7417 49.6227 0 47.7696 42.5821 -2.0766 47.7696 42.5821 2.0766
5 24 70.5744 67.9277 0 54.3939 61.4015 0 54.6028 61.0666 -1.492 54.6028 61.0666 1.492
5 24 82.8091 58.7059 0 88.6172 56.4526 0 88.4853 56.7359 -1.5795 88.4853 56.7359 1.5795
5 24 95.1053 52.0374 0 88.6172 56.4526 0 88.4853 56.7359 -1.5795 88.4853 56.7359 1.5795
5 24 101.4597 46.6817 0 95.1053 52.0374 0 95.3724 52.6542 2.2231 95.3724 52.6542 -2.2231
