0 ~Container Zeppelin Tail - Quarter Section
0 Name: s\72490bs01.dat
0 Author: Gerald Lasser [GeraldLasser]
0 !LDRAW_ORG Unofficial_Subpart 
0 !LICENSE Redistributable under CCAL version 2.0 : see CAreadme.txt

0 BFC CERTIFY CCW


1 16 0 0 0 1 0 0 0 1 0 0 0 1 s\72490bs02.dat
1 16 0 0 0 .95106 0 .30902 0 1 0 -.30902 0 .95106 s\72490bs02.dat
1 16 0 0 0 .30902 0 .95106 0 1 0 -.95106 0 .30902 s\72490bs02.dat
1 16 0 0 0 .58779 0 .80902 0 1 0 -.80902 0 .58779 s\72490bs02.dat
1 16 0 0 0 .80902 0 .58779 0 1 0 -.58779 0 .80902 s\72490bs02.dat

0 // Tail Fin
1 16 106 25 2.7 24 0 0 0 0 -24 0 -5.4 0 3-16cylo.dat
1 16 106 25 2.7 24 0 0 0 0 -24 0 -1 0 3-16chrd.dat
1 16 106 25 -2.7 24 0 0 0 0 -24 0 1 0 3-16chrd.dat
4 16 115.1848 2.8264 2.7 110.8874 1.9719 2.7 110.8874 1.9719 -2.7 115.1848 2.8264 -2.7
2 24 110.8874 1.9719 2.7 111.6986 2.1332 0
2 24 110.8874 1.9719 -2.7 111.6986 2.1332 0
2 24 110.8874 1.9719 2.7 115.1848 2.8264 2.7
2 24 110.8874 1.9719 -2.7 115.1848 2.8264 -2.7
5 24 115.1848 2.8264 -2.7 115.1848 2.8264 2.7 110.8874 1.9719 -2.7 122.9704 8.0296 -2.7

4 16 101.6736 35.266 -2.7 130 25 -2.7 115.1848 2.8264 -2.7 110.8874 1.9719 -2.7
4 16 115.1848 2.8264 2.7 130 25 2.7 101.6736 35.266 2.7 110.8874 1.9719 2.7
4 16 130 160 2.7 87.4202 74.964 2.7 101.6736 35.266 2.7 130 25 2.7
4 16 130 160 -2.7 130 25 -2.7 101.6736 35.266 -2.7 87.4202 74.964 -2.7
3 16 87.4202 74.964 2.7 130 160 2.7 77.3188 96.3475 2.7
4 16 114 176 2.7 71.6703 108.36 2.7 77.3188 96.3475 2.7 130 160 2.7
3 16 71.6703 108.36 2.7 114 176 2.7 54.7401 134.994 2.7
3 16 54.7401 134.994 2.7 114 176 2.7 36.8573 154.314 2.7
3 16 36.8573 154.314 2.7 114 176 2.7 18.3394 166.044 2.7
3 16 130 160 -2.7 87.4202 74.964 -2.7 77.3188 96.3475 -2.7
4 16 77.3188 96.3475 -2.7 71.6703 108.36 -2.7 114 176 -2.7 130 160 -2.7
3 16 114 176 -2.7 71.6703 108.36 -2.7 54.7401 134.994 -2.7
3 16 114 176 -2.7 54.7401 134.994 -2.7 36.8573 154.314 -2.7
3 16 114 176 -2.7 36.8573 154.314 -2.7 18.3394 166.044 -2.7
4 16 10.2663 172.3602 2.7 9.1848 171.8264 2.7 17.047 166.3155 2.7 18.3394 166.044 2.7
3 16 18.3394 166.044 2.7 114 176 2.7 10.2663 172.3602 2.7
4 16 17.0469 166.3155 2.7 9.1848 171.8264 2.7 6.5924 170.9376 2.7 9.0215 168.022 2.7
3 16 6.5924 170.9376 2.7 6.5924 168.4911 2.7 8.3097 168.1734 2.7
3 16 6.5924 170.9376 2.7 8.3097 168.1734 2.7 9.0215 168.022 2.7
4 16 17.047 166.3155 -2.7 9.1848 171.8264 -2.7 10.2663 172.3602 -2.7 18.3394 166.044 -2.7
3 16 114 176 -2.7 18.3394 166.044 -2.7 10.2663 172.3602 -2.7
4 16 6.5924 170.9376 -2.7 9.1848 171.8264 -2.7 17.0469 166.3155 -2.7 9.0215 168.022 -2.7
3 16 6.5924 168.4911 -2.7 6.5924 170.9376 -2.7 8.3097 168.1734 -2.7
3 16 8.3097 168.1734 -2.7 6.5924 170.9376 -2.7 9.0215 168.022 -2.7
2 24 87.4202 74.964 2.7 101.6736 35.266 2.7
2 24 110.8874 1.9719 2.7 101.6736 35.266 2.7
2 24 17.047 166.3155 2.7 9.0215 168.022 2.7
2 24 18.3394 166.044 2.7 17.0471 166.3154 2.7
2 24 77.3188 96.3475 2.7 71.6703 108.36 2.7
2 24 54.7401 134.994 2.7 71.6703 108.36 2.7
2 24 77.3188 96.3475 2.7 87.4202 74.964 2.7
2 24 36.8573 154.314 2.7 54.7401 134.994 2.7
2 24 18.3394 166.044 2.7 36.8573 154.314 2.7
2 24 9.0215 168.022 2.7 17.0469 166.3155 2.7
2 24 8.3097 168.1734 2.7 6.5924 168.4911 2.7
2 24 8.3097 168.1734 2.7 9.0215 168.022 2.7
2 24 87.4202 74.964 -2.7 101.6736 35.266 -2.7
2 24 110.8874 1.9719 -2.7 101.6736 35.266 -2.7
2 24 17.047 166.3155 -2.7 9.0215 168.022 -2.7
2 24 18.3394 166.044 -2.7 17.0471 166.3154 -2.7
2 24 77.3188 96.3475 -2.7 71.6703 108.36 -2.7
2 24 54.7401 134.994 -2.7 71.6703 108.36 -2.7
2 24 77.3188 96.3475 -2.7 87.4202 74.964 -2.7
2 24 36.8573 154.314 -2.7 54.7401 134.994 -2.7
2 24 18.3394 166.044 -2.7 36.8573 154.314 -2.7
2 24 9.0215 168.022 -2.7 17.0469 166.3155 -2.7
2 24 8.3097 168.1734 -2.7 6.5924 168.4911 -2.7
2 24 8.3097 168.1734 -2.7 9.0215 168.022 -2.7

1 16 130 92.5 0 0 -1 0 67.5 0 0 0 0 2.7 rect2p.dat
1 16 114 160 2.7 16 0 0 0 0 16 0 -5.4 0 1-4cylo.dat
1 16 114 160 2.7 16 0 0 0 0 16 0 -1 0 1-4chrd.dat
1 16 114 160 -2.7 16 0 0 0 0 16 0 1 0 1-4chrd.dat

3 16 10.7363 172.3602 0 10.2663 172.3602 2.7 114 176 2.7
4 16 114 176 2.7 114 176 -2.7 10.2663 172.3602 -2.7 10.7363 172.3602 0
2 24 10.7363 172.3602 0 10.2663 172.3602 -2.7
2 24 10.2663 172.3602 2.7 10.7363 172.3602 0
2 24 10.2663 172.3602 -2.7 114 176 -2.7
2 24 10.2663 172.3602 2.7 114 176 2.7

0 // Dimple at Center
4 16 9.1848 171.8264 -2.7 9.6548 171.8264 0 10.7363 172.3602 0 10.2663 172.3602 -2.7
4 16 9.6548 171.8264 0 9.1848 171.8264 2.7 10.2663 172.3602 2.7 10.7363 172.3602 0
4 16 9.1848 171.8264 2.7 9.6548 171.8264 0 6.991 170.9234 0 6.5924 170.9376 2.7
4 16 9.6548 171.8264 0 9.1848 171.8264 -2.7 6.5924 170.9476 -2.7 6.991 170.9234 0
3 16 6.2375 170.9 2.7706 3.6956 170.4 1.5308 5.1028 170.754 2.9962
4 16 3.8401 170.6504 3.8401 5.1028 170.754 2.9962 3.6956 170.4 1.5308 2.8284 170.4 2.8284
4 16 2.8284 170.4 2.8284 1.5308 170.4 3.6956 2.9962 170.754 5.1028 3.8401 170.6504 3.8401
3 16 2.9962 170.754 5.1028 1.5308 170.4 3.6956 2.7706 170.9 6.2375
4 16 4 170.4 0 6.991 170.9234 0 6.5924 170.9476 -2.7 3.6956 170.4 -1.5308
4 16 4 170.4 0 3.6956 170.4 1.5308 6.5924 170.9376 2.7 6.991 170.9234 0
4 16 3.8401 168.8407 3.8401 3.8401 170.6504 3.8401 2.9962 170.754 5.1028 2.9962 168.743 5.1028
4 16 3.8401 168.8407 3.8401 5.1028 168.743 2.9962 5.1028 170.754 2.9962 3.8401 170.6504 3.8401
4 16 5.6621 168.6434 2.885 6.2375 170.9 2.7706 5.1028 170.754 2.9962 5.1028 168.743 2.9962
3 16 6.2375 170.9 2.7706 6.5924 170.9376 2.7 3.6956 170.4 1.5308
3 16 2.7 170.9376 6.5924 2.7706 170.9 6.2375 1.5308 170.4 3.6956
4 16 6.5924 170.9376 2.7 6.2375 170.9 2.7706 5.6621 168.6434 2.885 6.5924 168.4911 2.7
4 16 2.7706 170.9 6.2375 2.7 170.9376 6.5924 2.7 168.4911 6.5924 2.885 168.6434 5.6621
4 16 2.7706 170.9 6.2375 2.885 168.6434 5.6621 2.9962 168.743 5.1028 2.9962 170.754 5.1028
3 16 2.8284 170.4 2.8284 3.6956 170.4 1.5308 4 170.4 0
4 16 4 170.4 0 3.6956 170.4 -1.5308 1.5308 170.4 3.6956 2.8284 170.4 2.8284
2 24 3.8401 170.6504 3.8401 2.9962 170.754 5.1028
2 24 5.1028 170.754 2.9962 3.8401 170.6504 3.8401
2 24 6.2375 170.9 2.7706 5.1028 170.754 2.9962
2 24 2.7706 170.9 6.2375 2.9962 170.754 5.1028
2 24 4.5929 168.8131 3.337 5.1028 168.743 2.9962
2 24 5.6621 168.6434 2.885 5.1028 168.743 2.9962
2 24 3.337 168.8131 4.5929 3.8401 168.8407 3.8401
2 24 2.885 168.6434 5.6621 2.7 168.4911 6.5924
2 24 6.5924 168.4911 2.7 5.6621 168.6434 2.885
2 24 4.5929 168.8131 3.337 3.8401 168.8407 3.8401
2 24 2.9962 168.743 5.1028 2.885 168.6434 5.6621
2 24 2.9962 168.743 5.1028 3.337 168.8131 4.5929
2 24 2.7 170.9376 6.5924 2.7706 170.9 6.2375
2 24 6.2375 170.9 2.7706 6.5924 170.9376 2.7
2 24 2.8284 170.4 2.8284 3.6956 170.4 1.5308
2 24 2.8284 170.4 2.8284 1.5308 170.4 3.6956
2 24 3.6956 170.4 1.5308 4 170.4 0
2 24 4 170.4 0 3.6956 170.4 -1.5308
2 24 9.1848 171.8264 2.7 10.2663 172.3602 2.7
2 24 9.1848 171.8264 2.7 6.5924 170.9376 2.7
2 24 6.5924 170.9476 -2.7 9.1848 171.8264 -2.7
2 24 9.1848 171.8264 -2.7 10.2663 172.3602 -2.7

5 24 6.991 170.9234 0 6.5924 170.9476 -2.7 9.6548 171.8264 0 3.6956 170.4 -1.5308
5 24 6.2375 170.9 2.7706 3.6956 170.4 1.5308 5.1028 170.754 2.9962 6.5924 170.9376 2.7
5 24 6.991 170.9234 0 4 170.4 0 3.6956 170.4 1.5308 6.5924 170.9476 -2.7
5 24 1.5308 170.4 3.6956 2.7706 170.9 6.2375 2.7 170.9376 6.5924 2.9962 170.754 5.1028
5 24 2.9962 170.754 5.1028 2.9962 168.743 5.1028 3.8401 168.8407 3.8401 2.7706 170.9 6.2375
5 24 6.5924 170.9376 2.7 6.5924 168.4911 2.7 8.3097 168.1734 2.7 6.2375 170.9 2.7706
5 24 6.5924 170.9376 2.7 3.6956 170.4 1.5308 6.2375 170.9 2.7706 6.991 170.9234 0
5 24 5.1028 170.754 2.9962 5.1028 168.743 2.9962 3.8401 170.6504 3.8401 5.6621 168.6434 2.885
5 24 3.8401 170.6504 3.8401 2.8284 170.4 2.8284 1.5308 170.4 3.6956 5.1028 170.754 2.9962
5 24 3.8401 168.8407 3.8401 3.8401 170.6504 3.8401 2.9962 170.754 5.1028 5.1028 168.743 2.9962
5 24 6.991 170.9234 0 9.6548 171.8264 0 6.5924 170.9376 2.7 9.1848 171.8264 -2.7
5 24 9.1848 171.8264 -2.7 9.6548 171.8264 0 6.5924 170.9476 -2.7 10.7363 172.3602 0
5 24 10.7363 172.3602 0 9.6548 171.8264 0 10.2663 172.3602 -2.7 9.1848 171.8264 2.7
5 24 9.6548 171.8264 0 9.1848 171.8264 2.7 10.2663 172.3602 2.7 6.991 170.9234 0
5 24 6.5924 170.9376 2.7 6.991 170.9234 0 4 170.4 0 9.1848 171.8264 2.7

0 // Thread and Stop
3 16 114.1876 -27 0 112.4834 -22.075 8.8619 109.5333 -21.5 0
3 16 111.939 -16 0 109.5333 -21.5 0 112.4834 -22.075 8.8619
2 24 114.1876 -27 0 112.4834 -22.075 8.8619
2 24 112.4834 -22.075 8.8619 111.939 -16 0
2 24 109.5333 -21.5 0 112.4834 -22.075 8.8619

3 16 114.1876 -27 0 109.5333 -21.5 0 112.4587 -25.4 -17.8117
3 16 112.4587 -25.4 -17.8117 109.5333 -21.5 0 108.1806 -20.2041 -17.1341
3 16 108.1806 -20.2041 -17.1341 109.5333 -21.5 0 110.3589 -15 -17.4791
3 16 110.3589 -15 -17.4791 109.5333 -21.5 0 111.939 -16 0
3 16 108.1806 -20.2041 -17.1341 110.3589 -15 -17.4791 106.0719 -14 -34.465
3 16 108.1806 -20.2041 -17.1341 106.0719 -14 -34.465 104.1682 -18.9 -33.8465
3 16 104.1682 -18.9 -33.8465 106.0719 -14 -34.465 99.1923 -13 -50.5412
3 16 104.1682 -18.9 -33.8465 99.1923 -13 -50.5412 97.591 -17.6 -49.7253
3 16 97.591 -17.6 -49.7253 99.1923 -13 -50.5412 89.8994 -12 -65.316
3 16 97.591 -17.6 -49.7253 89.8994 -12 -65.316 88.6107 -16.3 -64.3797
3 16 88.6107 -16.3 -64.3797 89.8994 -12 -65.316 78.3949 -11 -78.3951
3 16 88.6107 -16.3 -64.3797 78.3949 -11 -78.3951 77.4486 -15 -77.4489
3 16 88.6107 -16.3 -64.3797 77.4486 -15 -77.4489 79.5867 -19 -79.5871
3 16 88.6107 -16.3 -64.3797 79.5867 -19 -79.5871 91.3216 -20.6 -66.3493
3 16 88.6107 -16.3 -64.3797 91.3216 -20.6 -66.3493 97.591 -17.6 -49.7253
3 16 97.591 -17.6 -49.7253 91.3216 -20.6 -66.3493 100.868 -22.2 -51.3951
3 16 97.591 -17.6 -49.7253 100.868 -22.2 -51.3951 104.1682 -18.9 -33.8465
3 16 104.1682 -18.9 -33.8465 100.868 -22.2 -51.3951 107.9771 -23.8 -35.0841
3 16 104.1682 -18.9 -33.8465 107.9771 -23.8 -35.0841 108.1806 -20.2041 -17.1341
3 16 108.1806 -20.2041 -17.1341 107.9771 -23.8 -35.0841 112.4587 -25.4 -17.8117
2 24 114.1876 -27 0 112.4587 -25.4 -17.8117
2 24 112.4587 -25.4 -17.8117 107.9771 -23.8 -35.0841
2 24 107.9771 -23.8 -35.0841 100.868 -22.2 -51.3951
2 24 100.868 -22.2 -51.3951 91.3216 -20.6 -66.3493
2 24 91.3216 -20.6 -66.3493 79.5867 -19 -79.5871
2 24 99.1923 -13 -50.5412 106.0719 -14 -34.465
2 24 106.0719 -14 -34.465 110.3589 -15 -17.4791
2 24 110.3589 -15 -17.4791 111.939 -16 0
2 24 99.1923 -13 -50.5412 89.8994 -12 -65.316
2 24 89.8994 -12 -65.316 78.3949 -11 -78.3951
2 24 77.4486 -15 -77.4489 88.6107 -16.3 -64.3797
2 24 88.6107 -16.3 -64.3797 97.591 -17.6 -49.7253
2 24 97.591 -17.6 -49.7253 104.1682 -18.9 -33.8465
2 24 104.1682 -18.9 -33.8465 108.1806 -20.2041 -17.1341
2 24 108.1806 -20.2041 -17.1341 109.5333 -21.5 0

4 16 72.2662 -14.35 -84.5931 77.4486 -15 -77.4489 78.3949 -11.0001 -78.3951 76.8601 -11.7784 -79.9804
3 16 77.4486 -15 -77.4489 72.2662 -14.35 -84.5931 79.5867 -19 -79.5871
2 24 77.4486 -15 -77.4489 72.2662 -14.35 -84.5931
2 24 72.2662 -14.35 -84.5931 76.8601 -11.7784 -79.9804
2 24 76.8601 -11.7784 -79.9804 78.3949 -11.0001 -78.3951
2 24 79.5867 -19 -79.5871 72.2662 -14.35 -84.5931

5 24 91.3216 -20.6 -66.3493 88.6107 -16.3 -64.3797 97.591 -17.6 -49.7253 79.5867 -19 -79.5871
5 24 88.6107 -16.3 -64.3797 89.8994 -12 -65.316 97.591 -17.6 -49.7253 78.3949 -11 -78.3951
5 24 100.868 -22.2 -51.3951 104.1682 -18.9 -33.8465 107.9771 -23.8 -35.0841 97.591 -17.6 -49.7253
5 24 89.8994 -12 -65.316 97.591 -17.6 -49.7253 99.1923 -13 -50.5412 88.6107 -16.3 -64.3797
5 24 91.3216 -20.6 -66.3493 97.591 -17.6 -49.7253 88.6107 -16.3 -64.3797 100.868 -22.2 -51.3951
5 24 109.5333 -21.5 0 110.3589 -15 -17.4791 108.1806 -20.2041 -17.1341 111.939 -16 0
5 24 79.5867 -19 -79.5871 88.6107 -16.3 -64.3797 91.3216 -20.6 -66.3493 77.4486 -15 -77.4489
5 24 110.3589 -15 -17.4791 108.1806 -20.2041 -17.1341 109.5333 -21.5 0 106.0719 -14 -34.465
5 24 109.5333 -21.5 0 112.4587 -25.4 -17.8117 108.1806 -20.2041 -17.1341 114.1876 -27 0
5 24 78.3949 -11 -78.3951 88.6107 -16.3 -64.3797 89.8994 -12 -65.316 77.4486 -15 -77.4489
5 24 106.0719 -14 -34.465 108.1806 -20.2041 -17.1341 104.1682 -18.9 -33.8465 110.3589 -15 -17.4791
5 24 100.868 -22.2 -51.3951 97.591 -17.6 -49.7253 91.3216 -20.6 -66.3493 104.1682 -18.9 -33.8465
5 24 108.1806 -20.2041 -17.1341 112.4587 -25.4 -17.8117 107.9771 -23.8 -35.0841 109.5333 -21.5 0
5 24 106.0719 -14 -34.465 104.1682 -18.9 -33.8465 108.1806 -20.2041 -17.1341 99.1923 -13 -50.5412
5 24 99.1923 -13 -50.5412 104.1682 -18.9 -33.8465 106.0719 -14 -34.465 97.591 -17.6 -49.7253
5 24 99.1923 -13 -50.5412 97.591 -17.6 -49.7253 104.1682 -18.9 -33.8465 89.8994 -12 -65.316
5 24 104.1682 -18.9 -33.8465 107.9771 -23.8 -35.0841 100.868 -22.2 -51.3951 108.1806 -20.2041 -17.1341
5 24 107.9771 -23.8 -35.0841 108.1806 -20.2041 -17.1341 104.1682 -18.9 -33.8465 112.4587 -25.4 -17.8117
5 24 114.1876 -27 0 109.5333 -21.5 0 112.4834 -22.075 8.8619 108.1806 -20.2041 -17.1341
5 24 111.939 -16 0 109.5333 -21.5 0 110.3589 -15 -17.4791 112.4834 -22.075 8.8619
5 24 78.3949 -11.0001 -78.3951 77.4486 -15 -77.4489 72.2662 -14.35 -84.5931 88.6107 -16.3 -64.3797
5 24 79.5867 -19 -79.5871 77.4486 -15 -77.4489 72.2662 -14.35 -84.5931 88.6107 -16.3 -64.3797

4 16 101 1 2.7 101 1 -2.7 107.4268 1 -2.7 107.4268 1 2.7
4 16 101 24.8959 2.7 101 24.8959 -2.7 101 1 -2.7 101 1 2.7
3 16 107.4268 1 -2.7 101 1 -2.7 101 24.8959 -2.7
3 16 101 24.8959 2.7 101 1 2.7 107.4268 1 2.7
3 16 101 24.8959 -2.7 101 24.8959 2.7 101 25.686 0
3 16 107.4268 1 2.7 107.4268 1 -2.7 107.6393 1 0
2 24 101 1 -2.7 107.4268 1 -2.7
2 24 101 1 2.7 107.4268 1 2.7
2 24 101 1 -2.7 101 1 2.7
2 24 101 24.8959 2.7 101 1 2.7
2 24 101 1 -2.7 101 24.8959 -2.7
2 24 101 24.8959 -2.7 107.4268 1 -2.7
2 24 107.4268 1 2.7 101 24.8959 2.7
2 24 101 24.8959 -2.7 101 25.686 0
2 24 107.4268 1 -2.7 107.6393 1 0
2 24 101 24.8959 2.7 101 25.686 0
2 24 107.6393 1 0 107.4268 1 2.7
