0 ~Wheel Rim 41 x 75 with  5 Spokes and  3 Pins 1/5
0 Name: s\73398s02.dat
0 Author: Jens Brühl [jb70]
0 !LDRAW_ORG Unofficial_Subpart 
0 !LICENSE Redistributable under CCAL version 2.0 : see CAreadme.txt

0 BFC CERTIFY CCW


1 16 0 0 0 1 0 0 0 1 0 0 0 1 s\73398s03.dat
1 16 0 0 0 .98769 -.15643 0 .15643 .98769 0 0 0 1 s\73398s03.dat
1 16 0 0 0 .95106 -.30902 0 .30902 .95106 0 0 0 1 s\73398s03.dat
1 16 0 0 0 .89101 -.45399 0 .45399 .89101 0 0 0 1 s\73398s03.dat
1 16 0 0 0 .80902 -.58779 0 .58779 .80902 0 0 0 1 s\73398s03.dat

0 // Frontside
1 16 4 -85.8 -21 -4 0 0 0 0 -4 0 1 0 1-4edge.dat
1 16 4 -74.55 -7 -4 0 0 0 0 -4 0 1 0 1-4edge.dat
4 16 6.17865 -78.50724 -7 7.06132 -89.72256 -21 4 -89.8 -21 4 -78.55 -7
4 16 4 -78.55 -7 4 -89.8 -21 2.4692 -89.4956 -21 2.4692 -78.2456 -7
4 16 1.1716 -77.3784 -7 1.1716 -88.6284 -21 .3044 -87.3308 -21 .3044 -76.0808 -7
4 16 2.4692 -78.2456 -7 2.4692 -89.4956 -21 1.1716 -88.6284 -21 1.1716 -77.3784 -7
4 16 .3044 -76.0808 -7 .3044 -87.3308 -21 0 -85.8 -21 0 -74.55 -7
3 16 4 -89.8 -21 7.06132 -89.72256 -21 0 -90 -21
3 16 4 -89.8 -21 0 -90 -21 2.4692 -89.4956 -21
3 16 2.4692 -89.4956 -21 0 -90 -21 1.1716 -88.6284 -21
3 16 1.1716 -88.6284 -21 0 -90 -21 .3044 -87.3308 -21
3 16 .3044 -87.3308 -21 0 -90 -21 0 -85.8 -21
2 24 7.06132 -89.72256 -21 4 -89.8 -21
2 24 6.17865 -78.50724 -7 4 -78.55 -7
5 24 6.17865 -78.50724 -7 4 -89.8 -21 7.06132 -89.72256 -21 4 -78.55 -7
5 24 7.06132 -89.72256 -21 6.17865 -78.50724 -7 4 -89.8 -21 12.31886 -77.78059 -7
5 24 .3044 -87.3308 -21 .3044 -76.0808 -7 0 -85.8 -21 1.1716 -77.3784 -7
5 24 4 -78.55 -7 4 -89.8 -21 2.4692 -89.4956 -21 6.17865 -78.50724 -7
5 24 2.4692 -78.2456 -7 2.4692 -89.4956 -21 1.1716 -88.6284 -21 4 -78.55 -7
5 24 1.1716 -88.6284 -21 1.1716 -77.3784 -7 .3044 -87.3308 -21 2.4692 -78.2456 -7

1 16 77.73813 -36.52976 -21 1.53073 0 3.69552 3.69552 0 -1.53073 0 1 0 1-4edge.dat
1 16 58.77348 -46.03673 -7 2.29431 0 3.27661 3.27661 0 -2.29431 0 1 0 1-4edge.dat
4 16 68.43701 -58.45049 -21 59.88197 -51.14403 -7 62.05009 -48.33104 -7 72.81153 -52.90067 -21
3 16 72.81153 -52.90067 -21 62.05009 -48.33104 -7 76.73761 -47.02487 -21
3 16 76.73761 -47.02487 -21 62.05009 -48.33104 -7 80.19059 -40.85914 -21
3 16 80.19059 -40.85914 -21 62.05009 -48.33104 -7 81.43365 -38.06049 -21
3 16 81.43365 -38.06049 -21 62.05009 -48.33104 -7 62.67877 -46.90248 -7
3 16 81.43365 -38.06049 -21 62.67877 -46.90248 -7 81.73823 -36.52973 -21
3 16 81.73823 -36.52973 -21 62.67877 -46.90248 -7 62.71268 -45.34215 -7
3 16 81.73823 -36.52973 -21 62.71268 -45.34215 -7 81.43361 -34.99904 -21
3 16 81.43361 -34.99904 -21 62.71268 -45.34215 -7 62.14715 -43.8875 -7
3 16 81.43361 -34.99904 -21 62.14715 -43.8875 -7 80.56665 -33.70128 -21
3 16 80.56665 -33.70128 -21 62.14715 -43.8875 -7 61.06779 -42.76012 -7
3 16 80.56665 -33.70128 -21 61.06779 -42.76012 -7 79.26886 -32.83424 -21
3 16 79.26886 -32.83424 -21 61.06779 -42.76012 -7 34.59658 -31.76002 -7
3 16 79.26886 -32.83424 -21 34.59658 -31.76002 -7 43.42234 -17.98612 -22

3 16 81.43365 -38.06049 -21 83.14916 -34.44151 -21 80.19059 -40.85914 -21
3 16 83.14916 -34.44151 -21 81.43365 -38.06049 -21 81.73823 -36.52973 -21
3 16 83.14916 -34.44151 -21 81.73823 -36.52973 -21 81.43361 -34.99904 -21
3 16 83.14916 -34.44151 -21 81.43361 -34.99904 -21 80.56665 -33.70128 -21
3 16 83.14916 -34.44151 -21 80.56665 -33.70128 -21 79.26886 -32.83424 -21
4 16 85.59509 -27.81153 -21 83.14916 -34.44151 -21 79.26886 -32.83424 -21 81.60065 -26.51366 -21
4 16 81.60065 -26.51366 -21 79.26886 -32.83424 -21 43.42234 -17.98612 -22 44.69966 -14.5238 -22
3 16 19.26717 -8.23642 -13.32057 23.22311 -7.54565 -14.47274 23.44466 -8.33094 -14.63275
3 16 19.26717 -8.23642 -13.32057 23.44466 -8.33094 -14.63275 24.41077 -9.55668 -15.07664
4 16 24.02146 -9.95001 -15.00018 19.26717 -8.23642 -13.32057 24.41077 -9.55668 -15.07664 25.77258 -10.31923 -15.5909
3 16 24.02146 -9.95001 -15.00018 25.77258 -10.31923 -15.5909 43.42234 -17.98612 -22
3 16 43.42234 -17.98612 -22 25.77258 -10.31923 -15.5909 44.69966 -14.5238 -22

4 16 44.69966 -14.5238 -7 70.90126 -23.03722 -7 81.60065 -26.51366 -21 44.69966 -14.5238 -22
3 16 44.69966 -14.5238 -7 44.69966 -14.5238 -22 33.54274 -13.26449 -2.50699
3 16 33.54274 -13.26449 -2.50699 44.69966 -14.5238 -22 25.77258 -10.31923 -15.5909
3 16 33.54274 -13.26449 -2.50699 25.77258 -10.31923 -15.5909 32.18093 -12.50194 -1.87173
3 16 32.18093 -12.50194 -1.87173 25.77258 -10.31923 -15.5909 24.41077 -9.55668 -15.07664
3 16 32.18093 -12.50194 -1.87173 24.41077 -9.55668 -15.07664 31.21481 -11.27621 -1.32339
3 16 31.21481 -11.27621 -1.32339 24.41077 -9.55668 -15.07664 23.44466 -8.33094 -14.63275
3 16 31.21481 -11.27621 -1.32339 23.44466 -8.33094 -14.63275 30.86262 -10.02787 -1.00919
3 16 30.86262 -10.02787 -1.00919 23.44466 -8.33094 -14.63275 23.22311 -7.54565 -14.47274

3 16 20.92027 -10.65941 -14.15979 20.77707 -10.15149 -14.04547 24.02146 -9.95001 -15.00018
3 16 24.02146 -9.95001 -15.00018 20.77707 -10.15149 -14.04547 19.26717 -8.23642 -13.32057
3 16 23.22311 -7.54565 -14.47274 19.26717 -8.23642 -13.32057 17.13948 -7.04469 -12.5109
3 16 23.22311 -7.54565 -14.47274 17.13948 -7.04469 -12.5109 10.46162 -3.39919 -10
4 16 43.42234 -17.98612 -22 37.03574 -18.87065 -20.18873 20.92027 -10.65941 -14.15979 24.02146 -9.95001 -15.00018
4 16 37.03574 -18.87065 -20.18873 31.94471 -19.57574 -18.82188 21.36832 -13.09452 -14.68712 20.92027 -10.65941 -14.15979
4 16 31.94471 -19.57574 -18.82188 27.74438 -20.15748 -17.76465 20.97412 -15.23859 -14.97515 21.36832 -13.09452 -14.68712
4 16 20.97412 -15.23859 -14.97515 27.74438 -20.15748 -17.76465 24.17946 -20.65121 -16.9327 19.96066 -17.04801 -15.08333
4 16 19.96066 -17.04801 -15.08333 24.17946 -20.65121 -16.9327 21.08042 -21.08042 -16.27074 18.33206 -18.33206 -14.97515
4 16 18.33206 -18.33206 -14.97515 21.08042 -21.08042 -16.27074 18.32975 -21.46138 -15.74119 16.27605 -19.0568 -14.68712
4 16 16.27605 -19.0568 -14.68712 18.32975 -21.46138 -15.74119 15.84285 -21.80581 -15.31782 13.80083 -18.99521 -14.15979
4 16 13.80083 -18.99521 -14.15979 15.84285 -21.80581 -15.31782 13.55665 -22.12244 -14.98194 13.27676 -18.93323 -14.04544
3 16 13.27676 -18.93323 -14.04544 13.55665 -22.12244 -14.98194 11.14907 -17.7415 -13.32056
3 16 11.14907 -17.7415 -13.32056 13.55665 -22.12244 -14.98194 9.63917 -15.82643 -12.51088
4 16 9.63917 -15.82643 -12.51088 13.55665 -22.12244 -14.98194 11.42254 -22.41801 -14.72007 4.9939 -9.80107 -10
4 16 7.46227 -22.9665 -14.3828 3.71963 -23.48484 -14.25919 1.72078 -10.86457 -10 3.39919 -10.46162 -10
4 16 11.42254 -22.41801 -14.72007 7.46227 -22.9665 -14.3828 3.39919 -10.46162 -10 4.9939 -9.80107 -10
3 16 8.97744 -13.47933 -11.7359 9.63917 -15.82643 -12.51088 4.9939 -9.80107 -10
4 16 9.09166 -12.51359 -11.48922 8.97744 -13.47933 -11.7359 4.9939 -9.80107 -10 6.46564 -8.89919 -10
3 16 9.33523 -10.93016 -11.1247 9.09166 -12.51359 -11.48922 6.46564 -8.89919 -10
4 16 9.90784 -9.90784 -11.00393 9.33523 -10.93016 -11.1247 6.46564 -8.89919 -10 7.77817 -7.77817 -10
4 16 12.25594 -7.51045 -11.1247 11.33578 -8.23593 -11.00393 8.89919 -6.46564 -10 9.80107 -4.9939 -10
3 16 13.78177 -7.02217 -11.48921 12.25594 -7.51045 -11.1247 9.80107 -4.9939 -10
4 16 14.71775 -6.75828 -11.73808 13.78177 -7.02217 -11.48921 9.80107 -4.9939 -10 10.46162 -3.39919 -10
3 16 17.13948 -7.04469 -12.5109 14.71775 -6.75828 -11.73808 10.46162 -3.39919 -10
4 16 10.45558 -8.92991 -10.91666 9.90784 -9.90784 -11.00393 7.77817 -7.77817 -10 8.89919 -6.46564 -10
3 16 11.33578 -8.23593 -11.00393 10.45558 -8.92991 -10.91666 8.89919 -6.46564 -10
4 16 .6192 -24.0044 -14.35102 0 -11 -10 1.72073 -10.86459 -10 3.71963 -23.48484 -14.25919
3 16 0 -11 -10 .6192 -24.0044 -14.35102 0 -24.41822 -14.47274

4 16 8.89919 -6.46564 -10 0 0 -10 10.46162 -3.39919 -10 9.80107 -4.9939 -10
3 16 8.89919 -6.46564 -10 7.77817 -7.77817 -10 0 0 -10

3 16 37.03574 -18.87065 -20.18873 43.42234 -17.98612 -22 34.59658 -31.76002 -7
3 16 31.94471 -19.57574 -18.82188 37.03574 -18.87065 -20.18873 34.59658 -31.76002 -7
3 16 3.71963 -23.48484 -14.25919 5.06274 -31.96488 -.97314 2.51708 -31.98254 -.85706
3 16 5.06274 -31.96488 -.97314 3.71963 -23.48484 -14.25919 7.66975 -31.9468 -1.17541
3 16 3.71963 -23.48484 -14.25919 7.46227 -22.9665 -14.3828 7.66975 -31.9468 -1.17541
3 16 7.66975 -31.9468 -1.17541 7.46227 -22.9665 -14.3828 10.37405 -31.92804 -1.47046
3 16 10.37405 -31.92804 -1.47046 7.46227 -22.9665 -14.3828 13.21686 -31.90832 -1.86831
3 16 13.21686 -31.90832 -1.86831 7.46227 -22.9665 -14.3828 11.42254 -22.41801 -14.72007
3 16 13.21686 -31.90832 -1.86831 11.42254 -22.41801 -14.72007 16.24738 -31.8873 -2.38327
3 16 16.24738 -31.8873 -2.38327 11.42254 -22.41801 -14.72007 13.55665 -22.12244 -14.98194
3 16 16.24738 -31.8873 -2.38327 13.55665 -22.12244 -14.98194 19.52662 -31.86455 -3.03538
3 16 19.52662 -31.86455 -3.03538 13.55665 -22.12244 -14.98194 15.84285 -21.80581 -15.31782
3 16 19.52662 -31.86455 -3.03538 15.84285 -21.80581 -15.31782 23.13278 -31.83954 -3.8524
3 16 23.13278 -31.83954 -3.8524 15.84285 -21.80581 -15.31782 18.32975 -21.46138 -15.74119
3 16 23.13278 -31.83954 -3.8524 18.32975 -21.46138 -15.74119 27.16962 -31.81154 -4.87321
3 16 27.16962 -31.81154 -4.87321 18.32975 -21.46138 -15.74119 21.08042 -21.08042 -16.27074
3 16 27.16962 -31.81154 -4.87321 21.08042 -21.08042 -16.27074 31.77956 -31.77956 -6.15303
3 16 31.77956 -31.77956 -6.15303 21.08042 -21.08042 -16.27074 24.17946 -20.65121 -16.9327
3 16 31.77956 -31.77956 -6.15303 24.17946 -20.65121 -16.9327 34.59658 -31.76002 -7
3 16 34.59658 -31.76002 -7 24.17946 -20.65121 -16.9327 27.74438 -20.15748 -17.76465
3 16 34.59658 -31.76002 -7 27.74438 -20.15748 -17.76465 31.94471 -19.57574 -18.82188
3 16 3.71963 -23.48484 -14.25919 2.51708 -31.98254 -.85706 .6192 -24.0044 -14.35102
3 16 .6192 -24.0044 -14.35102 2.51708 -31.98254 -.85706 0 -32.45089 -1.00919
3 16 .6192 -24.0044 -14.35102 0 -32.45089 -1.00919 0 -24.41822 -14.47274

2 24 72.81153 -52.90067 -21 76.73761 -47.02487 -21
2 24 76.73761 -47.02487 -21 80.19059 -40.85914 -21
2 24 81.60065 -26.51366 -21 44.69966 -14.5238 -22
2 24 70.90126 -23.03722 -7 44.69966 -14.5238 -7
2 24 43.42234 -17.98612 -22 37.03574 -18.87065 -20.18873
2 24 37.03574 -18.87065 -20.18873 31.94471 -19.57574 -18.82188
2 24 31.94471 -19.57574 -18.82188 27.74438 -20.15748 -17.76465
2 24 27.74438 -20.15748 -17.76465 24.17946 -20.65121 -16.9327
2 24 24.17946 -20.65121 -16.9327 21.08042 -21.08042 -16.27074
2 24 21.08042 -21.08042 -16.27074 18.32975 -21.46138 -15.74119
2 24 18.32975 -21.46138 -15.74119 15.84285 -21.80581 -15.31782
2 24 15.84285 -21.80581 -15.31782 13.55665 -22.12244 -14.98194
2 24 13.55665 -22.12244 -14.98194 11.42254 -22.41801 -14.72007
2 24 11.42254 -22.41801 -14.72007 7.46227 -22.9665 -14.3828
2 24 7.46227 -22.9665 -14.3828 3.71963 -23.48484 -14.25919
2 24 34.59658 -31.76002 -7 31.77956 -31.77956 -6.15303
2 24 31.77956 -31.77956 -6.15303 27.16962 -31.81154 -4.87321
2 24 27.16962 -31.81154 -4.87321 23.13278 -31.83954 -3.8524
2 24 23.13278 -31.83954 -3.8524 19.52662 -31.86455 -3.03538
2 24 19.52662 -31.86455 -3.03538 16.24738 -31.8873 -2.38327
2 24 16.24738 -31.8873 -2.38327 13.21686 -31.90832 -1.86831
2 24 13.21686 -31.90832 -1.86831 10.37405 -31.92804 -1.47046
2 24 10.37405 -31.92804 -1.47046 7.66975 -31.9468 -1.17541
2 24 7.66975 -31.9468 -1.17541 5.06274 -31.96488 -.97314
2 24 5.06274 -31.96488 -.97314 2.51708 -31.98254 -.85706
2 24 8.89919 -6.46564 -10 9.80107 -4.9939 -10
2 24 9.80107 -4.9939 -10 10.46162 -3.39919 -10
2 24 44.69966 -14.5238 -22 43.42234 -17.98612 -22
2 24 7.77817 -7.77817 -10 8.89919 -6.46564 -10
2 24 43.42234 -17.98612 -22 79.26886 -32.83424 -21
2 24 80.19059 -40.85914 -21 81.43365 -38.06049 -21
2 24 68.43701 -58.45049 -21 72.81153 -52.90067 -21
2 24 3.71963 -23.48484 -14.25919 .6192 -24.0044 -14.35102
2 24 .6192 -24.0044 -14.35102 0 -24.41822 -14.47274
2 24 25.77258 -10.31923 -15.5909 44.69966 -14.5238 -22
2 24 25.77258 -10.31923 -15.5909 24.41077 -9.55668 -15.07664
2 24 24.41077 -9.55668 -15.07664 23.44466 -8.33094 -14.63275
2 24 23.44466 -8.33094 -14.63275 23.22311 -7.54565 -14.47274
2 24 2.51708 -31.98254 -.85706 0 -32.45089 -1.00919
2 24 33.54274 -13.26449 -2.50699 44.69966 -14.5238 -7
2 24 33.54274 -13.26449 -2.50699 32.18093 -12.50194 -1.87173
2 24 32.18093 -12.50194 -1.87173 31.21481 -11.27621 -1.32339
2 24 31.21481 -11.27621 -1.32339 30.86262 -10.02787 -1.00919

5 24 68.43701 -58.45049 -21 62.05009 -48.33104 -7 59.88197 -51.14403 -7 72.81153 -52.90067 -21
5 24 9.09166 -12.51359 -11.48922 4.9939 -9.80107 -10 8.97744 -13.47933 -11.7359 6.46564 -8.89919 -10
5 24 9.90784 -9.90784 -11.00393 6.46564 -8.89919 -10 9.33523 -10.93016 -11.1247 7.77817 -7.77817 -10
5 24 12.25594 -7.51045 -11.1247 8.89919 -6.46564 -10 11.33578 -8.23593 -11.00393 9.80107 -4.9939 -10
5 24 14.71775 -6.75828 -11.73808 9.80107 -4.9939 -10 13.78177 -7.02217 -11.48921 10.46162 -3.39919 -10
5 24 10.45558 -8.92991 -10.91666 7.77817 -7.77817 -10 9.90784 -9.90784 -11.00393 8.89919 -6.46564 -10
5 24 79.26886 -32.83424 -21 81.60065 -26.51366 -21 85.59509 -27.81153 -21 43.42234 -17.98612 -22
5 24 10.45558 -8.92991 -10.91666 8.89919 -6.46564 -10 9.90784 -9.90784 -11.00393 11.33578 -8.23593 -11.00393
5 24 62.05009 -48.33104 -7 80.19059 -40.85914 -21 76.73761 -47.02487 -21 81.43365 -38.06049 -21
5 24 23.44466 -8.33094 -14.63275 31.21481 -11.27621 -1.32339 24.41077 -9.55668 -15.07664 30.86262 -10.02787 -1.00919
5 24 12.25594 -7.51045 -11.1247 9.80107 -4.9939 -10 11.33578 -8.23593 -11.00393 13.78177 -7.02217 -11.48921
5 24 3.3991418833 -10.4616455279 -10 7.46227 -22.9665 -14.3828 3.71963 -23.48484 -14.25919 4.9939 -9.80107 -10
5 24 24.41077 -9.55668 -15.07664 19.26717 -8.23642 -13.32057 23.44466 -8.33094 -14.63275 25.77258 -10.31923 -15.5909
5 24 33.54274 -13.26449 -2.50699 26.7302 -13.61971 0 43.42234 -17.98612 -7 32.18093 -12.50194 -1.87173
5 24 17.6335554538 -24.2706167668 0 27.16962 -31.81154 -4.87321 21.2132 -21.2132 0 23.13278 -31.83954 -3.8524
5 24 4.99389 -9.80111 -10 8.97744 -13.47933 -11.7359 9.63917 -15.82643 -12.51088 6.46564 -8.89919 -10
5 24 19.26717 -8.23642 -13.32057 23.22311 -7.54565 -14.47274 23.44466 -8.33094 -14.63275 17.13948 -7.04469 -12.5109
5 24 4.6929 -29.6307 0 7.66975 -31.9468 -1.17541 9.27051 -28.5317 0 5.06274 -31.96488 -.97314
5 24 43.42234 -17.98612 -7 33.54274 -13.26449 -2.50699 26.7302 -13.61971 0 44.69966 -14.5238 -7
5 24 24.17946 -20.65121 -16.9327 34.59658 -31.76002 -7 27.74438 -20.15748 -17.76465 31.77956 -31.77956 -6.15303
5 24 62.71268 -45.34215 -7 81.433611375 -34.999036991 -21 62.14715 -43.8875 -7 81.73823 -36.52973 -21
5 24 3.71963 -23.48484 -14.25919 1.72073 -10.86459 -10 .6192 -24.0044 -14.35102 3.39919 -10.46162 -10
5 24 27.74438 -20.15748 -17.76465 34.59658 -31.76002 -7 24.17946 -20.65121 -16.9327 31.94471 -19.57574 -18.82188
5 24 13.55665 -22.12244 -14.98194 16.24738 -31.8873 -2.38327 11.42254 -22.41801 -14.72007 19.52662 -31.86455 -3.03538
5 24 2.51708 -31.98254 -.85706 .6192 -24.0044 -14.35102 3.71963 -23.48484 -14.25919 0 -32.45089 -1.00919
5 24 2.51708 -31.98254 -.85706 3.71963 -23.48484 -14.25919 5.06274 -31.96488 -.97314 .6192 -24.0044 -14.35102
5 24 62.678772416 -46.902484362 -7 81.73823 -36.52973 -21 62.71268 -45.34215 -7 81.43365 -38.06049 -21
5 24 7.77817 -7.77817 -10 9.90784 -9.90784 -11.00393 9.33523 -10.93016 -11.1247 8.89919 -6.46564 -10
5 24 21.08042 -21.08042 -16.27074 18.33206 -18.33206 -14.97515 18.32975 -21.46138 -15.74119 19.96066 -17.04801 -15.08333
5 24 9.2703813802 -28.5317660156 0 13.21686 -31.90832 -1.86831 10.37405 -31.92804 -1.47046 13.61971 -26.7302 0
5 24 13.55665 -22.12244 -14.98194 9.63917 -15.82643 -12.51088 11.42254 -22.41801 -14.72007 11.14907 -17.7415 -13.32056
5 24 20.92027 -10.65941 -14.15979 21.438795289 -12.498593221 -6 20.77707 -10.15149 -6 21.36832 -13.09452 -14.68712
5 24 11.42254 -22.41801 -14.72007 13.21686 -31.90832 -1.86831 16.24738 -31.8873 -2.38327 7.46227 -22.9665 -14.3828
5 24 34.59658 -31.76002 -7 37.03574 -18.87065 -20.18873 43.42234 -17.98612 -22 31.94471 -19.57574 -18.82188
5 24 34.59658 -31.76002 -7 43.42234 -17.98612 -22 37.03574 -18.87065 -20.18873 79.26886 -32.83424 -21
5 24 7.46227 -22.9665 -14.3828 13.21686 -31.90832 -1.86831 11.42254 -22.41801 -14.72007 10.37405 -31.92804 -1.47046
5 24 6.4656383221 -8.8992236035 -10 9.33523 -10.93016 -11.1247 9.09166 -12.51359 -11.48922 7.77817 -7.77817 -10
5 24 25.77258 -10.31923 -15.5909 33.54274 -13.26449 -2.50699 32.18093 -12.50194 -1.87173 44.69966 -14.5238 -22
5 24 11.42254 -22.41801 -14.72007 4.99389 -9.80111 -10 9.63917 -15.82643 -12.51088 7.46227 -22.9665 -14.3828
5 24 30.86262 -10.02787 -1.00919 26.7302 -13.61971 0 31.21481 -11.27621 -1.32339 28.5317 -9.27051 0
5 24 72.81153 -52.90067 -21 62.05009 -48.33104 -7 76.73761 -47.02487 -21 68.43701 -58.45049 -21
5 24 27.74438 -20.15748 -17.76465 20.97412 -15.23859 -14.97515 21.36832 -13.09452 -14.68712 24.17946 -20.65121 -16.9327
5 24 0 -32.45089 -1.00919 .6192 -24.0044 -14.35102 2.51708 -31.98254 -.85706 0 -24.41822 -14.47274
5 24 43.42234 -17.98612 -22 24.02146 -9.95001 -15.00018 25.77258 -10.31923 -15.5909 37.03574 -18.87065 -20.18873
5 24 13.6197 -26.7303 0 13.21686 -31.90832 -1.86831 9.27051 -28.5317 0 16.24738 -31.8873 -2.38327
5 24 32.18093 -12.50194 -1.87173 26.7302 -13.61971 0 33.54274 -13.26449 -2.50699 31.21481 -11.27621 -1.32339
5 24 24.17946 -20.65121 -16.9327 31.77956 -31.77956 -6.15303 21.08042 -21.08042 -16.27074 34.59658 -31.76002 -7
5 24 17.13948 -7.04469 -12.5109 23.22311 -7.54565 -14.47274 19.26717 -8.23642 -13.32057 10.46162 -3.39919 -10
5 24 31.21481 -11.27621 -1.32339 26.7302 -13.61971 0 32.18093 -12.50194 -1.87173 30.86262 -10.02787 -1.00919
5 24 37.03574 -18.87065 -20.18873 20.92027 -10.65941 -14.15979 24.02146 -9.95001 -15.00018 31.94471 -19.57574 -18.82188
5 24 31.94471 -19.57574 -18.82188 21.36832 -13.09452 -14.68712 20.92027 -10.65941 -14.15979 27.74438 -20.15748 -17.76465
5 24 15.84285 -21.80581 -15.31782 13.80083 -18.99521 -14.15979 16.27605 -19.0568 -14.68712 13.55665 -22.12244 -14.98194
5 24 62.147151656 -43.887502458 -7 80.566646951 -33.701279443 -21 61.06779 -42.76012 -7 81.43361 -34.99904 -21
5 24 34.59658 -31.76002 -7 79.26886 -32.83424 -21 61.06779 -42.76012 -7 43.42234 -17.98612 -22
5 24 24.17946 -20.65121 -16.9327 19.96066 -17.04801 -15.08333 20.97412 -15.23859 -14.97515 21.08042 -21.08042 -16.27074
5 24 25.77258 -10.31923 -15.5909 32.18093 -12.50194 -1.87173 24.41077 -9.55668 -15.07664 33.54274 -13.26449 -2.50699
5 24 9.80107 -4.9939 -10 13.78177 -7.02217 -11.48921 10.46162 -3.39919 -10 12.25594 -7.51045 -11.1247
5 24 16.27605 -19.0568 -14.68712 18.045593271 -18.557913353 -6 15.69849 -19.21964 -6 18.33206 -18.33206 -14.97515
5 24 17.13948 -7.04469 -12.5109 10.46162 -3.39919 -10 14.71775 -6.75828 -11.73808 23.22311 -7.54565 -14.47274
5 24 34.59658 -31.76002 -7 31.94471 -19.57574 -18.82188 27.74438 -20.15748 -17.76465 37.03574 -18.87065 -20.18873
5 24 61.06779 -42.76012 -7 79.26886 -32.83424 -21 34.59658 -31.76002 -7 80.56665 -33.70128 -21
5 24 26.7302 -13.61971 0 43.42234 -17.98612 -7 41.87731 -21.33755 -7 33.54274 -13.26449 -2.50699
5 24 61.06779 -42.76012 -7 80.566646951 -33.701279443 -21 62.14715 -43.8875 -7 79.26886 -32.83424 -21
5 24 9.09166 -12.51359 -11.48922 9.263849859 -11.057600763 -6 9.33523 -10.93016 -11.1247 8.97744 -13.47933 -6
5 24 9.2703813802 -28.5317660156 0 7.66975 -31.9468 -1.17541 10.37405 -31.92804 -1.47046 4.69303 -29.63065 0
5 24 9.09166 -12.51359 -11.48922 6.4656383221 -8.8992236035 -10 8.97744 -13.47933 -11.7359 9.33523 -10.93016 -11.1247
5 24 0 -30 0 2.51708 -31.98254 -.85706 4.69303 -29.63065 0 0 -32.45089 -1.00919
5 24 18.32975 -21.46138 -15.74119 16.27605 -19.0568 -14.68712 15.84285 -21.80581 -15.31782 18.33206 -18.33206 -14.97515
5 24 13.55665 -22.12244 -14.98194 11.14907 -17.7415 -13.32056 13.27676 -18.93323 -14.04544 9.63917 -15.82643 -12.51088
5 24 62.147151656 -43.887502458 -7 81.433611375 -34.999036991 -21 62.71268 -45.34215 -7 80.56665 -33.70128 -21
5 24 24.41077 -9.55668 -15.07664 31.21481 -11.27621 -1.32339 23.44466 -8.33094 -14.63275 32.18093 -12.50194 -1.87173
5 24 15.84285 -21.80581 -15.31782 19.52662 -31.86455 -3.03538 13.55665 -22.12244 -14.98194 23.13278 -31.83954 -3.8524
5 24 35.73908 -30.52406 -7 24.27051 -17.63356 0 38.0238 -27.62591 -7 21.2132 -21.2132 0
5 24 13.80083 -18.99521 -14.15979 15.69849 -19.21964 -6 13.27676 -18.93323 -6 16.27605 -19.0568 -14.68712
5 24 21.36832 -13.09452 -14.68712 21.152390141 -14.920319237 -6 20.97412 -15.23859 -14.97515 21.4388 -12.49859 -6
5 24 44.69966 -14.5238 -22 33.54274 -13.26449 -2.50699 25.77258 -10.31923 -15.5909 44.69966 -14.5238 -7
5 24 44.69966 -14.5238 -7 44.69966 -14.5238 -22 33.54274 -13.26449 -2.50699 70.90126 -23.03722 -7
5 24 17.6335554538 -24.2706167668 0 19.52662 -31.86455 -3.03538 23.13278 -31.83954 -3.8524 13.61971 -26.7302 0
5 24 21.2132 -21.21321 0 35.73908 -30.52406 -7 24.27051 -17.63356 0 34.59658 -31.76002 -7
5 24 21.08042 -21.08042 -16.27074 27.16962 -31.81154 -4.87321 18.32975 -21.46138 -15.74119 31.77956 -31.77956 -6.15303
5 24 9.63917 -15.82643 -12.51088 4.99389 -9.80111 -10 13.55665 -22.12244 -14.98194 8.97744 -13.47933 -11.7359
5 24 8.89919 -6.46564 -10 11.33578 -8.23593 -11.00393 10.45558 -8.92991 -10.91666 9.80107 -4.9939 -10
5 24 18.32975 -21.46138 -15.74119 23.13278 -31.83954 -3.8524 15.84285 -21.80581 -15.31782 27.16962 -31.81154 -4.87321
5 24 12.370646729 -7.420006647 -6 13.78177 -7.02217 -11.48921 12.25594 -7.51045 -11.1247 14.71775 -6.75828 -6
5 24 3.71963 -23.48484 -14.25919 7.66975 -31.9468 -1.17541 5.06274 -31.96488 -.97314 7.46227 -22.9665 -14.3828
5 24 24.41077 -9.55668 -15.07664 32.18093 -12.50194 -1.87173 25.77258 -10.31923 -15.5909 31.21481 -11.27621 -1.32339
5 24 24.27051 -17.63356 0 40.07409 -24.55743 -7 26.7302 -13.61971 0 38.0238 -27.62591 -7
5 24 2.51708 -31.98254 -.85706 4.6929 -29.6307 0 5.06274 -31.96488 -.97314 0 -30 0
5 24 62.678772416 -46.902484362 -7 81.43365 -38.06049 -21 62.05009 -48.33104 -7 81.73823 -36.52973 -21
5 24 7.46227 -22.9665 -14.3828 7.66975 -31.9468 -1.17541 10.37405 -31.92804 -1.47046 3.71963 -23.48484 -14.25919
5 24 13.6197 -26.7303 0 19.52662 -31.86455 -3.03538 17.63356 -24.27051 0 16.24738 -31.8873 -2.38327
5 24 19.26717 -8.23642 -13.32057 24.02146 -9.95001 -15.00018 24.41077 -9.55668 -15.07664 20.77707 -10.15149 -14.04547
5 24 24.02146 -9.95001 -15.00018 25.77258 -10.31923 -15.5909 43.42234 -17.98612 -22 19.26717 -8.23642 -13.32057
5 24 30.86262 -10.02787 -1.00919 23.44466 -8.33094 -14.63275 31.21481 -11.27621 -1.32339 23.22311 -7.54565 -14.47274
5 24 62.71268 -45.34215 -7 81.73823 -36.52973 -21 62.67877 -46.90248 -7 81.43361 -34.99904 -21
5 24 62.05009 -48.33104 -7 76.73761 -47.02487 -21 80.19059 -40.85914 -21 72.81153 -52.90067 -21
5 24 26.7302 -13.61971 0 40.07409 -24.55743 -7 41.87731 -21.33755 -7 24.27051 -17.63356 0
5 24 81.43365 -38.06049 -21 62.05009 -48.33104 -7 80.19059 -40.85914 -21 62.67877 -46.90248 -7
5 24 21.2132 -21.21321 0 27.16962 -31.81154 -4.87321 31.77956 -31.77956 -6.15303 17.63356 -24.27051 0
5 24 0 -74.55 -7 0 -85.8 -21 .3044 -87.3308 -21 .00008 -47.0002 -22

0 // Screw
1 16 15.20812 -12.98896 -6 4.05905 0 4.75254 4.75254 0 -4.05905 0 1 0 4-4disc.dat
1 16 15.20812 -12.98896 -6 4.05905 0 4.75254 4.75254 0 -4.05905 0 1 0 4-4edge.dat
4 16 12.37065 -7.42001 -6 10.45558 -8.92991 -6 10.45558 -8.92991 -10.91666 11.33578 -8.23593 -11.00393
3 16 12.37065 -7.42001 -6 11.33578 -8.23593 -11.00393 12.25594 -7.51045 -11.1247
3 16 14.71775 -6.75828 -6 13.78177 -7.02217 -11.48921 14.71775 -6.75828 -11.73808
4 16 17.13948 -7.04469 -6 14.71775 -6.75828 -6 14.71775 -6.75828 -11.73808 17.13948 -7.04469 -12.5109
4 16 17.13948 -7.04469 -6 17.13948 -7.04469 -12.5109 19.26717 -8.23642 -13.32057 19.26717 -8.23642 -6
4 16 20.77707 -10.15149 -14.04547 20.77707 -10.15149 -6 19.26717 -8.23642 -6 19.26717 -8.23642 -13.32057
3 16 20.77707 -10.15149 -14.04547 20.92027 -10.65941 -14.15979 20.77707 -10.15149 -6
3 16 21.4388 -12.49859 -6 20.77707 -10.15149 -6 20.92027 -10.65941 -14.15979
3 16 21.4388 -12.49859 -6 20.92027 -10.65941 -14.15979 21.36832 -13.09452 -14.68712
3 16 14.71775 -6.75828 -6 12.37065 -7.42001 -6 13.78177 -7.02217 -11.48921
3 16 13.78177 -7.02217 -11.48921 12.37065 -7.42001 -6 12.25594 -7.51045 -11.1247
3 16 21.4388 -12.49859 -6 21.36832 -13.09452 -14.68712 21.15239 -14.92032 -6
3 16 21.15239 -14.92032 -6 21.36832 -13.09452 -14.68712 20.97412 -15.23859 -14.97515
4 16 19.96066 -17.04801 -6 21.15239 -14.92032 -6 20.97412 -15.23859 -14.97515 19.96066 -17.04801 -15.08333
4 16 18.33206 -18.33206 -14.97515 18.04559 -18.55791 -6 19.96066 -17.04801 -6 19.96066 -17.04801 -15.08333
3 16 18.33206 -18.33206 -14.97515 16.27605 -19.0568 -14.68712 18.04559 -18.55791 -6
3 16 18.04559 -18.55791 -6 16.27605 -19.0568 -14.68712 15.69849 -19.21964 -6
4 16 11.14907 -17.7415 -6 13.27676 -18.93323 -6 13.27676 -18.93323 -14.04544 11.14907 -17.7415 -13.32056
4 16 9.63917 -15.82643 -6 11.14907 -17.7415 -6 11.14907 -17.7415 -13.32056 9.63917 -15.82643 -12.51088
4 16 8.97744 -13.47933 -11.7359 8.97744 -13.47933 -6 9.63917 -15.82643 -6 9.63917 -15.82643 -12.51088
3 16 8.97744 -13.47933 -11.7359 9.09166 -12.51359 -11.48922 8.97744 -13.47933 -6
3 16 8.97744 -13.47933 -6 9.09166 -12.51359 -11.48922 9.26385 -11.0576 -6
3 16 9.26385 -11.0576 -6 9.09166 -12.51359 -11.48922 9.33523 -10.93016 -11.1247
3 16 9.26385 -11.0576 -6 9.33523 -10.93016 -11.1247 9.90784 -9.90784 -11.00393
4 16 10.45558 -8.92991 -6 9.26385 -11.0576 -6 9.90784 -9.90784 -11.00393 10.45558 -8.92991 -10.91666
3 16 16.27605 -19.0568 -14.68712 13.80083 -18.99521 -14.15979 15.69849 -19.21964 -6
3 16 15.69849 -19.21964 -6 13.80083 -18.99521 -14.15979 13.27676 -18.93323 -6
3 16 13.27676 -18.93323 -6 13.80083 -18.99521 -14.15979 13.27676 -18.93323 -14.04544

2 24 16.71025 -17.23084 -6 19.63276 -13.80902 -6
2 24 19.63276 -13.80902 -6 18.13064 -9.56713 -6
2 24 18.13064 -9.56713 -6 13.70599 -8.74708 -6
2 24 13.70599 -8.74708 -6 10.78348 -12.1689 -6
2 24 10.78348 -12.1689 -6 12.2856 -16.41079 -6
2 24 12.2856 -16.41079 -6 16.71025 -17.23084 -6

2 24 16.71025 -17.23084 -8 19.63276 -13.80902 -8
2 24 19.63276 -13.80902 -8 18.13064 -9.56713 -8
2 24 18.13064 -9.56713 -8 13.70599 -8.74708 -8
2 24 13.70599 -8.74708 -8 10.78348 -12.1689 -8
2 24 10.78348 -12.1689 -8 12.2856 -16.41079 -8
2 24 12.2856 -16.41079 -8 16.71025 -17.23084 -8

2 24 16.71025 -17.23084 -8 16.71025 -17.23084 -6
2 24 19.63276 -13.80902 -8 19.63276 -13.80902 -6
2 24 18.13064 -9.56713 -8 18.13064 -9.56713 -6
2 24 13.70599 -8.74708 -8 13.70599 -8.74708 -6
2 24 10.78348 -12.1689 -6 10.78348 -12.1689 -8
2 24 12.2856 -16.41079 -8 12.2856 -16.41079 -6

5 24 19.96066 -17.04801 -6 19.96066 -17.04801 -15.08333 20.97412 -15.23859 -14.97515 18.33206 -18.33206 -14.97515
5 24 18.04559 -18.55791 -6 18.33206 -18.33206 -14.97515 19.96066 -17.04801 -15.08333 16.27605 -19.0568 -14.68712
5 24 15.69849 -19.21964 -6 16.27605 -19.0568 -14.68712 18.33206 -18.33206 -14.97515 13.27676 -18.93323 -14.04544
5 24 13.27676 -18.93323 -6 13.27676 -18.93323 -14.04544 16.27605 -19.0568 -14.68712 11.14907 -17.7415 -13.32056
5 24 11.14907 -17.7415 -6 11.14907 -17.7415 -13.32056 13.27676 -18.93323 -14.04544 9.63917 -15.82643 -12.51088
5 24 9.63917 -15.82643 -6 9.63917 -15.82643 -12.51088 11.14907 -17.7415 -13.32056 8.97744 -13.47933 -11.7359
5 24 8.97744 -13.47933 -6 8.97744 -13.47933 -11.7359 9.63917 -15.82643 -12.51088 9.33523 -10.93016 -11.1247
5 24 9.26385 -11.0576 -6 9.33523 -10.93016 -11.1247 8.97744 -13.47933 -11.7359 10.45558 -8.92991 -10.91666
5 24 10.45558 -8.92991 -6 10.45558 -8.92991 -10.91666 12.25594 -7.51045 -11.1247 9.33523 -10.93016 -11.1247
5 24 12.37065 -7.42001 -6 12.25594 -7.51045 -11.1247 10.45558 -8.92991 -10.91666 14.71775 -6.75828 -11.73808
5 24 14.71775 -6.75828 -6 14.71775 -6.75828 -11.73808 12.25594 -7.51045 -11.1247 17.13948 -7.04469 -12.5109
5 24 17.13948 -7.04469 -6 17.13948 -7.04469 -12.5109 14.71775 -6.75828 -11.73808 19.26717 -8.23642 -13.32057
5 24 19.26717 -8.23642 -6 19.26717 -8.23642 -13.32057 17.13948 -7.04469 -12.5109 20.77707 -10.15149 -14.04547
5 24 20.77707 -10.15149 -6 20.77707 -10.15149 -14.04547 19.26717 -8.23642 -13.32057 21.36832 -13.09452 -14.68712
5 24 21.4388 -12.49859 -6 21.36832 -13.09452 -14.68712 20.77707 -10.15149 -14.04547 20.97412 -15.23859 -14.97515
5 24 21.15239 -14.92032 -6 20.97412 -15.23859 -14.97515 21.36832 -13.09452 -14.68712 19.96066 -17.04801 -15.08333

4 16 19.63276 -13.80902 -8 18.13064 -9.56713 -8 18.13064 -9.56713 -6 19.63276 -13.80902 -6
4 16 16.71025 -17.23084 -8 19.63276 -13.80902 -8 19.63276 -13.80902 -6 16.71025 -17.23084 -6
4 16 12.2856 -16.41079 -8 16.71025 -17.23084 -8 16.71025 -17.23084 -6 12.2856 -16.41079 -6
4 16 10.78348 -12.1689 -8 12.2856 -16.41079 -8 12.2856 -16.41079 -6 10.78348 -12.1689 -6
4 16 13.70599 -8.74708 -8 10.78348 -12.1689 -8 10.78348 -12.1689 -6 13.70599 -8.74708 -6
4 16 18.13064 -9.56713 -8 13.70599 -8.74708 -8 13.70599 -8.74708 -6 18.13064 -9.56713 -6
4 16 12.2856 -16.41079 -8 10.78348 -12.1689 -8 13.70599 -8.74708 -8 18.13064 -9.56713 -8
4 16 12.2856 -16.41079 -8 18.13064 -9.56713 -8 19.63276 -13.80902 -8 16.71025 -17.23084 -8

2 24 19.96066 -17.04801 -15.08333 20.97412 -15.23859 -14.97515
2 24 20.97412 -15.23859 -14.97515 21.36832 -13.09452 -14.68712
2 24 21.36832 -13.09452 -14.68712 20.92027 -10.65941 -14.15979
2 24 20.92027 -10.65941 -14.15979 20.77707 -10.15149 -14.04547
2 24 20.77707 -10.15149 -14.04547 19.26717 -8.23642 -13.32057
2 24 19.26717 -8.23642 -13.32057 17.13948 -7.04469 -12.5109
2 24 17.13948 -7.04469 -12.5109 14.71775 -6.75828 -11.73808
2 24 14.71775 -6.75828 -11.73808 13.78177 -7.02217 -11.48921
2 24 13.78177 -7.02217 -11.48921 12.25594 -7.51045 -11.1247
2 24 12.25594 -7.51045 -11.1247 11.33578 -8.23593 -11.00393
2 24 11.33578 -8.23593 -11.00393 10.45558 -8.92991 -10.91666
2 24 10.45558 -8.92991 -10.91666 9.90784 -9.90784 -11.00393
2 24 9.90784 -9.90784 -11.00393 9.33523 -10.93016 -11.1247
2 24 9.33523 -10.93016 -11.1247 9.09166 -12.51359 -11.48922
2 24 9.09166 -12.51359 -11.48922 8.97744 -13.47933 -11.7359
2 24 8.97744 -13.47933 -11.7359 9.63917 -15.82643 -12.51088
2 24 9.63917 -15.82643 -12.51088 11.14907 -17.7415 -13.32056
2 24 11.14907 -17.7415 -13.32056 13.27676 -18.93323 -14.04544
2 24 13.27676 -18.93323 -14.04544 13.80083 -18.99521 -14.15979
2 24 13.80083 -18.99521 -14.15979 16.27605 -19.0568 -14.68712
2 24 16.27605 -19.0568 -14.68712 18.33206 -18.33206 -14.97515
2 24 18.33206 -18.33206 -14.97515 19.96066 -17.04801 -15.08333

5 24 5.06274 -31.96488 -.97314 3.71963 -23.48484 -14.25919 2.51708 -31.98254 -.85706 7.66975 -31.9468 -1.17541
5 24 16.24738 -31.8873 -2.38327 11.42254 -22.41801 -14.72007 13.21686 -31.90832 -1.86831 19.52662 -31.86455 -3.03538
5 24 10.37405 -31.92804 -1.47046 7.46227 -22.9665 -14.3828 7.66975 -31.9468 -1.17541 13.21686 -31.90832 -1.86831
5 24 23.13278 -31.83954 -3.8524 15.84285 -21.80581 -15.31782 19.52662 -31.86455 -3.03538 27.16962 -31.81154 -4.87321
5 24 31.77956 -31.77956 -6.15303 21.08042 -21.08042 -16.27074 27.16962 -31.81154 -4.87321 34.59658 -31.76002 -7
5 24 19.52662 -31.86455 -3.03538 13.55665 -22.12244 -14.98194 16.24738 -31.8873 -2.38327 23.13278 -31.83954 -3.8524
5 24 18.32975 -21.46138 -15.74119 27.16962 -31.81154 -4.87321 31.77956 -31.77956 -6.15303 23.13278 -31.83954 -3.8524

0 // Backside
4 16 0 0 0 24.27051 -17.63356 0 26.7302 -13.61971 0 28.5317 -9.27051 0
3 16 21.2132 -21.21321 0 24.27051 -17.63356 0 0 0 0

4 16 38.0238 -27.62591 -7 61.06779 -42.76012 -7 69.06385 -42.32238 -7 40.07409 -24.55743 -7
4 16 59.88197 -51.14403 -7 61.59288 -52.60529 -7 65.53038 -47.61061 -7 62.05009 -48.33104 -7

3 16 35.73908 -30.52406 -7 34.59658 -31.76002 -7 61.06779 -42.76012 -7
3 16 61.06779 -42.76012 -7 38.0238 -27.62591 -7 35.73908 -30.52406 -7
4 16 40.07409 -24.55743 -7 69.06385 -42.32238 -7 72.17153 -36.77323 -7 41.87731 -21.33755 -7
4 16 65.53038 -47.61061 -7 69.06385 -42.32238 -7 62.67877 -46.90248 -7 62.05009 -48.33104 -7
3 16 69.06385 -42.32238 -7 62.71268 -45.34215 -7 62.67877 -46.90248 -7
3 16 62.71268 -45.34215 -7 69.06385 -42.32238 -7 62.14715 -43.8875 -7
3 16 62.14715 -43.8875 -7 69.06385 -42.32238 -7 61.06779 -42.76012 -7

4 16 41.87731 -21.33755 -7 72.17153 -36.77323 -7 74.83424 -30.99736 -7 43.42234 -17.98612 -7
4 16 74.83424 -30.99736 -7 70.90126 -23.03722 -7 44.69966 -14.5238 -7 43.42234 -17.98612 -7
3 16 70.90126 -23.03722 -7 74.83424 -30.99736 -7 77.03558 -25.03038 -7
3 16 40.07409 -24.55743 -7 41.87731 -21.33755 -7 26.7302 -13.61971 0
3 16 40.07409 -24.55743 -7 26.7302 -13.61971 0 24.27051 -17.63356 0
3 16 40.07409 -24.55743 -7 24.27051 -17.63356 0 38.0238 -27.62591 -7
3 16 38.0238 -27.62591 -7 24.27051 -17.63356 0 35.73908 -30.52406 -7
3 16 35.73908 -30.52406 -7 24.27051 -17.63356 0 21.2132 -21.2132 0
3 16 35.73908 -30.52406 -7 21.2132 -21.2132 0 34.59658 -31.76002 -7
3 16 34.59658 -31.76002 -7 21.2132 -21.2132 0 31.77956 -31.77956 -6.15303
3 16 27.16962 -31.81154 -4.87321 31.77956 -31.77956 -6.15303 21.2132 -21.2132 0
3 16 27.16962 -31.81154 -4.87321 21.2132 -21.2132 0 17.63356 -24.27051 0
3 16 27.16962 -31.81154 -4.87321 17.63356 -24.27051 0 23.13278 -31.83954 -3.8524
3 16 23.13278 -31.83954 -3.8524 17.63356 -24.27051 0 19.52662 -31.86455 -3.03538
3 16 19.52662 -31.86455 -3.03538 17.63356 -24.27051 0 13.61971 -26.7302 0
3 16 19.52662 -31.86455 -3.03538 13.61971 -26.7302 0 16.24738 -31.8873 -2.38327
3 16 16.24738 -31.8873 -2.38327 13.61971 -26.7302 0 13.21686 -31.90832 -1.86831
3 16 13.21686 -31.90832 -1.86831 13.61971 -26.7302 0 9.27051 -28.5317 0
3 16 13.21686 -31.90832 -1.86831 9.27051 -28.5317 0 10.37405 -31.92804 -1.47046
3 16 10.37405 -31.92804 -1.47046 9.27051 -28.5317 0 7.66975 -31.9468 -1.17541
3 16 7.66975 -31.9468 -1.17541 9.27051 -28.5317 0 4.69303 -29.63065 0
3 16 7.66975 -31.9468 -1.17541 4.69303 -29.63065 0 5.06274 -31.96488 -.97314
3 16 5.06274 -31.96488 -.97314 4.69303 -29.63065 0 2.51708 -31.98254 -.85706
3 16 2.51708 -31.98254 -.85706 4.69303 -29.63065 0 0 -30 0
4 16 6.35519 -80.7503 -7 6.17865 -78.50724 -7 4 -78.55 -7 0 -81 -7
3 16 2.4692 -78.2456 -7 0 -81 -7 4 -78.55 -7
3 16 0 -81 -7 2.4692 -78.2456 -7 1.1716 -77.3784 -7
3 16 0 -81 -7 1.1716 -77.3784 -7 .3044 -76.0808 -7
3 16 0 -81 -7 .3044 -76.0808 -7 0 -74.55 -7
3 16 2.51708 -31.98254 -.85706 0 -30 0 0 -32.45089 -1.00919

2 24 28.5317 -9.27051 0 26.7302 -13.61971 0
2 24 26.7302 -13.61971 0 24.27051 -17.63356 0
2 24 21.2132 -21.21321 0 24.27051 -17.63356 0
2 24 34.59658 -31.76002 -7 61.06779 -42.76012 -7
2 24 62.05009 -48.33104 -7 59.88197 -51.14403 -7

5 24 41.87731 -21.33755 -7 26.7302 -13.61971 0 28.5317 -9.27051 0 24.27051 -17.63356 0
3 16 26.7302 -13.61971 0 41.87731 -21.33755 -7 43.42234 -17.98612 -7
3 16 26.7302 -13.61971 0 43.42234 -17.98612 -7 33.54274 -13.26449 -2.50699
3 16 33.54274 -13.26449 -2.50699 43.42234 -17.98612 -7 44.69966 -14.5238 -7
3 16 26.7302 -13.61971 0 33.54274 -13.26449 -2.50699 32.18093 -12.50194 -1.87173
3 16 26.7302 -13.61971 0 32.18093 -12.50194 -1.87173 31.21481 -11.27621 -1.32339
3 16 26.7302 -13.61971 0 31.21481 -11.27621 -1.32339 30.86262 -10.02787 -1.00919
3 16 26.7302 -13.61971 0 30.86262 -10.02787 -1.00919 28.5317 -9.27051 0

5 24 38.0238 -27.62591 -7 24.27051 -17.63356 0 26.7302 -13.61971 0 21.2132 -21.2132 0
5 24 31.77956 -31.77956 -6.15303 21.2132 -21.2132 0 24.27051 -17.63356 0 17.63356 -24.27051 0
5 24 23.13278 -31.83954 -3.8524 17.63356 -24.27051 0 21.2132 -21.2132 0 13.61971 -26.7302 0
5 24 16.24738 -31.8873 -2.38327 13.61971 -26.7302 0 17.63356 -24.27051 0 9.27051 -28.5317 0
5 24 10.37405 -31.92804 -1.47046 9.27051 -28.5317 0 13.61971 -26.7302 0 4.69303 -29.63065 0
5 24 4.69303 -29.63065 0 5.06274 -31.96488 -.97314 9.27051 -28.5317 0 0 -30 0
5 24 43.42234 -17.98612 -7 44.69966 -14.5238 -7 28.5317 -9.27051 0 77.03558 -25.03038 -7
5 24 41.87731 -21.33755 -7 43.42234 -17.98612 -7 74.83424 -30.99736 -7 26.7302 -13.61971 0
5 24 40.07409 -24.55743 -7 41.87731 -21.33755 -7 72.17153 -36.77323 -7 26.7302 -13.61971 0
5 24 40.07409 -24.55743 -7 38.0238 -27.62591 -7 24.27051 -17.63356 0 61.06779 -42.76012 -7
5 24 35.73908 -30.52406 -7 38.0238 -27.62591 -7 61.06779 -42.76012 -7 24.27051 -17.63356 0
5 24 35.73908 -30.52406 -7 34.59658 -31.76002 -7 21.2132 -21.2132 0 61.59316 -52.60553 -7

0 // 0 !LPE VERTEX .6192 -24.0044 -14.35102
0 // 0 !LPE VERTEX 0 -24.41822 -14.47274
0 // 0 !LPE VERTEX 0 -24.41822 -14.47271
0 //
0 // Some helpers for construction
0 // 1 16 0 0 -10 11 0 0 0 0 -11 0 1 0 4-4disc.dat
0 // 1 16 0 0 -21 94 0 0 0 0 -94 0 1 0 48\4-4edge.dat
0 // 1 16 0 0 -21 90 0 0 0 0 -90 0 1 0 48\4-4edge.dat
0 // 1 16 0 0 -22 47 0 0 0 0 -47 0 1 0 48\4-4edge.dat
0 // 1 16 0 0 -14.3333 24 0 0 0 0 -24 0 1 0 48\4-4edge.dat
0 // 4 16 -130.88572 36.785 0 -130.88572 36.785 -22 118.56124 -66.53932 -22 118.56124 -66.53932 0
0 // 4 16 0 -32 0 0 -32 -2 34.59658 -31.76002 -7 34.59658 -31.76002 0
0 // 4 16 43.42234 -17.98612 -23 0 -24 -15.3333 0 -24 -10 43.42234 -17.98612 -18
0 // 1 16 0 0 -.82353 32 0 0 0 0 -32 0 1 0 48\4-4edge.dat
0 // 1 16 0 0 0 34 0 0 0 0 -34 0 -10 0 48\4-4cyli.dat
0 // 2 5 0 -24 -14.3333 0 -47 -22
0 // 2 5 0 -90 -21 0 -47 -22
0 // 2 5 0 -90 -21 0 -94 -21
0 // 2 5 0 -11 -10 0 -47 -22
0 // 2 5 0 -11 -10 0 -24 -14.3333
0 // 2 5 0 -90 -21 0 -78.75 -7
0 // 2 5 0 -78.75 -7 0 -81 -7
0 // 2 5 0 -78.75 -7 0 -47 -7
0 // 2 5 0 -30 0 0 -47 -7
0 // 2 5 1.88302 -23.92602 -14.3333 3.68758 -46.85511 -22
0 // 2 5 7.06132 -89.72256 -21 3.68758 -46.85511 -22
0 // 2 5 7.06132 -89.72256 -21 7.37515 -93.71023 -21
0 // 2 5 .86305 -10.96609 -10 3.68758 -46.85511 -22
0 // 2 5 .86305 -10.96609 -10 1.88302 -23.92602 -14.3333
0 // 2 5 7.06132 -89.72256 -21 6.17865 -78.50724 -7
0 // 2 5 6.17865 -78.50724 -7 6.35519 -80.7503 -7
0 // 2 5 6.17865 -78.50724 -7 3.68758 -46.85511 -7
0 // 2 5 2.35377 -29.90752 0 3.68758 -46.85511 -7
0 // 2 5 3.75443 -23.70452 -14.3333 7.35242 -46.42135 -22
0 // 2 5 14.0791 -88.89195 -21 7.35242 -46.42135 -22
0 // 2 5 14.0791 -88.89195 -21 14.70484 -92.8427 -21
0 // 2 5 1.72078 -10.86457 -10 7.35242 -46.42135 -22
0 // 2 5 1.72078 -10.86457 -10 3.75443 -23.70452 -14.3333
0 // 2 5 14.0791 -88.89195 -21 12.31921 -77.78046 -7
0 // 2 5 12.31921 -77.78046 -7 12.67119 -80.00276 -7
0 // 2 5 12.31921 -77.78046 -7 7.35242 -46.42135 -7
0 // 2 5 4.69303 -29.63065 0 7.35242 -46.42135 -7
0 // 2 5 5.60269 -23.33688 -14.3333 10.97193 -45.70139 -22
0 // 2 5 21.01008 -87.51329 -21 10.97193 -45.70139 -22
0 // 2 5 21.01008 -87.51329 -21 21.94386 -91.40277 -21
0 // 2 5 2.5679 -10.69607 -10 10.97193 -45.70139 -22
0 // 2 5 2.5679 -10.69607 -10 5.60269 -23.33688 -14.3333
0 // 2 5 21.01008 -87.51329 -21 18.38382 -76.57413 -7
0 // 2 5 18.38382 -76.57413 -7 18.90907 -78.76196 -7
0 // 2 5 18.38382 -76.57413 -7 10.97193 -45.70139 -7
0 // 2 5 7.00336 -29.1711 0 10.97193 -45.70139 -7
0 // 2 5 7.41641 -22.82536 -14.3333 14.5238 -44.69966 -22
0 // 2 5 27.81153 -85.59509 -21 14.5238 -44.69966 -22
0 // 2 5 27.81153 -85.59509 -21 29.0476 -89.39931 -21
0 // 2 5 3.39919 -10.46162 -10 14.5238 -44.69966 -22
0 // 2 5 3.39919 -10.46162 -10 7.41641 -22.82536 -14.3333
0 // 2 5 27.81153 -85.59509 -21 24.33509 -74.8957 -7
0 // 2 5 24.33509 -74.8957 -7 25.03038 -77.03558 -7
0 // 2 5 24.33509 -74.8957 -7 14.5238 -44.69966 -7
0 // 2 5 9.27051 -28.5317 0 14.5238 -44.69966 -7
0 // 2 5 9.1844 -22.17311 -14.3333 17.98612 -43.42234 -22
0 // 2 5 34.44151 -83.14916 -21 17.98612 -43.42234 -22
0 // 2 5 34.44151 -83.14916 -21 35.97224 -86.84468 -21
0 // 2 5 4.20952 -10.16267 -10 17.98612 -43.42234 -22
0 // 2 5 4.20952 -10.16267 -10 9.1844 -22.17311 -14.3333
0 // 2 5 34.44151 -83.14916 -21 30.13632 -72.75551 -7
0 // 2 5 30.13632 -72.75551 -7 30.99736 -74.83424 -7
0 // 2 5 30.13632 -72.75551 -7 17.98612 -43.42234 -7
0 // 2 5 11.4805 -27.71639 0 17.98612 -43.42234 -7
0 // 2 5 10.89577 -21.38416 -14.3333 21.33755 -41.87731 -22
0 // 2 5 40.85914 -80.19059 -21 21.33755 -41.87731 -22
0 // 2 5 40.85914 -80.19059 -21 42.67511 -83.75461 -21
0 // 2 5 4.9939 -9.80107 -10 21.33755 -41.87731 -22
0 // 2 5 4.9939 -9.80107 -10 10.89577 -21.38416 -14.3333
0 // 2 5 40.85914 -80.19059 -21 35.75175 -70.16676 -7
0 // 2 5 35.75175 -70.16676 -7 36.77323 -72.17153 -7
0 // 2 5 35.75175 -70.16676 -7 21.33755 -41.87731 -7
0 // 2 5 13.61971 -26.7302 0 21.33755 -41.87731 -7
0 // 2 5 12.53997 -20.46336 -14.3333 24.55743 -40.07409 -22
0 // 2 5 47.02487 -76.73761 -21 24.55743 -40.07409 -22
0 // 2 5 47.02487 -76.73761 -21 49.11487 -80.14818 -21
0 // 2 5 5.74748 -9.37904 -10 24.55743 -40.07409 -22
0 // 2 5 5.74748 -9.37904 -10 12.53997 -20.46336 -14.3333
0 // 2 5 47.02487 -76.73761 -21 41.14676 -67.14541 -7
0 // 2 5 41.14676 -67.14541 -7 42.32238 -69.06385 -7
0 // 2 5 41.14676 -67.14541 -7 24.55743 -40.07409 -7
0 // 2 5 15.67496 -25.5792 0 24.55743 -40.07409 -7
0 // 2 5 14.10685 -19.41641 -14.3333 27.62591 -38.0238 -22
0 // 2 5 52.90067 -72.81153 -21 27.62591 -38.0238 -22
0 // 2 5 52.90067 -72.81153 -21 55.25181 -76.0476 -21
0 // 2 5 6.46564 -8.89919 -10 27.62591 -38.0238 -22
0 // 2 5 6.46564 -8.89919 -10 14.10685 -19.41641 -14.3333
0 // 2 5 52.90067 -72.81153 -21 46.28809 -63.71009 -7
0 // 2 5 46.28809 -63.71009 -7 47.61061 -65.53038 -7
0 // 2 5 46.28809 -63.71009 -7 27.62591 -38.0238 -7
0 // 2 5 17.63356 -24.27051 0 27.62591 -38.0238 -7
0 // 2 5 15.58675 -18.24974 -14.3333 30.52406 -35.73908 -22
0 // 2 5 58.45032 -68.43654 -21 30.52406 -35.73908 -22
0 // 2 5 58.45032 -68.43654 -21 61.04812 -71.47816 -21
0 // 2 5 7.14393 -8.36447 -10 30.52406 -35.73908 -22
0 // 2 5 7.14393 -8.36447 -10 15.58675 -18.24974 -14.3333
0 // 2 5 58.45032 -68.43654 -21 51.14403 -59.88197 -7
0 // 2 5 51.14403 -59.88197 -7 52.60529 -61.59288 -7
0 // 2 5 51.14403 -59.88197 -7 30.52406 -35.73908 -7
0 // 2 5 19.48344 -22.81218 0 30.52406 -35.73908 -7
0 // 2 5 16.97056 -16.97056 -14.3333 33.23402 -33.23402 -22
0 // 2 5 63.63961 -63.63961 -21 33.23402 -33.23402 -22
0 // 2 5 63.63961 -63.63961 -21 66.46804 -66.46804 -21
0 // 2 5 7.77817 -7.77817 -10 33.23402 -33.23402 -22
0 // 2 5 7.77817 -7.77817 -10 16.97056 -16.97056 -14.3333
0 // 2 5 63.63961 -63.63961 -21 55.68466 -55.68466 -7
0 // 2 5 55.68466 -55.68466 -7 57.27565 -57.27565 -7
0 // 2 5 55.68466 -55.68466 -7 33.23402 -33.23402 -7
0 // 2 5 21.2132 -21.2132 0 33.23402 -33.23402 -7
0 // 2 5 18.24974 -15.58675 -14.3333 35.73908 -30.52406 -22
0 // 2 5 68.43654 -58.45032 -21 35.73908 -30.52406 -22
0 // 2 5 68.43654 -58.45032 -21 71.47816 -61.04812 -21
0 // 2 5 8.36447 -7.14393 -10 35.73908 -30.52406 -22
0 // 2 5 8.36447 -7.14393 -10 18.24974 -15.58675 -14.3333
0 // 2 5 68.43654 -58.45032 -21 59.88197 -51.14403 -7
0 // 2 5 59.88197 -51.14403 -7 61.59288 -52.60529 -7
0 // 2 5 59.88197 -51.14403 -7 35.73908 -30.52406 -7
0 // 2 5 22.81218 -19.48344 0 35.73908 -30.52406 -7
0 // 2 5 19.41641 -14.10685 -14.3333 38.0238 -27.62591 -22
0 // 2 5 72.81153 -52.90067 -21 38.0238 -27.62591 -22
0 // 2 5 72.81153 -52.90067 -21 76.0476 -55.25181 -21
0 // 2 5 8.89919 -6.46564 -10 38.0238 -27.62591 -22
0 // 2 5 8.89919 -6.46564 -10 19.41641 -14.10685 -14.3333
0 // 2 5 72.81153 -52.90067 -21 63.71009 -46.28809 -7
0 // 2 5 63.71009 -46.28809 -7 65.53038 -47.61061 -7
0 // 2 5 63.71009 -46.28809 -7 38.0238 -27.62591 -7
0 // 2 5 24.27051 -17.63356 0 38.0238 -27.62591 -7
0 // 2 5 20.46336 -12.53997 -14.3333 40.07409 -24.55743 -22
0 // 2 5 76.73761 -47.02487 -21 40.07409 -24.55743 -22
0 // 2 5 76.73761 -47.02487 -21 80.14818 -49.11487 -21
0 // 2 5 9.37904 -5.74748 -10 40.07409 -24.55743 -22
0 // 2 5 9.37904 -5.74748 -10 20.46336 -12.53997 -14.3333
0 // 2 5 76.73761 -47.02487 -21 67.14541 -41.14676 -7
0 // 2 5 67.14541 -41.14676 -7 69.06385 -42.32238 -7
0 // 2 5 67.14541 -41.14676 -7 40.07409 -24.55743 -7
0 // 2 5 25.5792 -15.67496 0 40.07409 -24.55743 -7
0 // 2 5 21.38416 -10.89577 -14.3333 41.87731 -21.33755 -22
0 // 2 5 80.19059 -40.85914 -21 41.87731 -21.33755 -22
0 // 2 5 80.19059 -40.85914 -21 83.75461 -42.67511 -21
0 // 2 5 9.80107 -4.9939 -10 41.87731 -21.33755 -22
0 // 2 5 9.80107 -4.9939 -10 21.38416 -10.89577 -14.3333
0 // 2 5 80.19059 -40.85914 -21 70.16676 -35.75175 -7
0 // 2 5 70.16676 -35.75175 -7 72.17153 -36.77323 -7
0 // 2 5 70.16676 -35.75175 -7 41.87731 -21.33755 -7
0 // 2 5 26.7302 -13.61971 0 41.87731 -21.33755 -7
0 // 2 5 22.17311 -9.1844 -14.3333 43.42234 -17.98612 -22
0 // 2 5 83.14916 -34.44151 -21 43.42234 -17.98612 -22
0 // 2 5 83.14916 -34.44151 -21 86.84468 -35.97224 -21
0 // 2 5 10.16267 -4.20952 -10 43.42234 -17.98612 -22
0 // 2 5 10.16267 -4.20952 -10 22.17311 -9.1844 -14.3333
0 // 2 5 83.14916 -34.44151 -21 72.75551 -30.13632 -7
0 // 2 5 72.75551 -30.13632 -7 74.83424 -30.99736 -7
0 // 2 5 72.75551 -30.13632 -7 43.42234 -17.98612 -7
0 // 2 5 27.71639 -11.4805 0 43.42234 -17.98612 -7
0 // 2 5 22.82536 -7.41641 -14.3333 44.69966 -14.5238 -22
0 // 2 5 85.59509 -27.81153 -21 44.69966 -14.5238 -22
0 // 2 5 85.59509 -27.81153 -21 89.39931 -29.0476 -21
0 // 2 5 10.46162 -3.39919 -10 44.69966 -14.5238 -22
0 // 2 5 10.46162 -3.39919 -10 22.82536 -7.41641 -14.3333
0 // 2 5 85.59509 -27.81153 -21 74.8957 -24.33509 -7
0 // 2 5 74.8957 -24.33509 -7 77.03558 -25.03038 -7
0 // 2 5 74.8957 -24.33509 -7 44.69966 -14.5238 -7
0 // 2 5 28.5317 -9.27051 0 44.69966 -14.5238 -7
0 //
0 // 1 16 2.15 -27.7 -16 4 0 0 0 0 4 0 4 0 4-4cyli.dat
0 // 1 16 27.00865 -6.515 -16 1.23607 0 -3.80423 3.80423 0 1.23607 0 4 0 4-4cyli.dat
0 // 1 16 1.75 -36 -3 4 0 0 0 0 4 0 4 0 4-4cyli.dat
0 // 1 16 34.77881 -9.46026 -3 1.23607 0 -3.80423 3.80423 0 1.23607 0 4 0 4-4cyli.dat
