0 ~Brick  3 x  3 x  1 Corner Round with Dome Top without Stud - Half
0 Name: s\76797s01.dat
0 Author: Gerald Lasser [GeraldLasser]
0 !LDRAW_ORG Unofficial_Subpart 
0 !LICENSE Redistributable under CCAL version 2.0 : see CAreadme.txt

0 BFC CERTIFY CCW


0 // Bottom
4 16 46 24 6 50 24 10 49.484 24 2.17 46 24 0
4 16 46 24 0 49.484 24 2.17 47.954 24 -5.528 45.5434 24 -2.2962
4 16 44.0904 24 -4.4928 45.5434 24 -2.2962 47.954 24 -5.528 45.434 24 -12.962
3 16 44.0904 24 -4.4928 45.434 24 -12.962 41.7384 24 -11.4312
4 16 40.6572 24 -13.6216 41.7384 24 -11.4312 45.434 24 -12.962 44.276 24 -15.309
4 16 33.43606 24 -25.21835 37.604 24 -26.528 32.426 24 -32.426 29.59798 24 -29.59798
4 16 50 24 10 46 24 6 14 24 6 10 24 10
4 16 14 24 -14 10 24 -10 10 24 10 14 24 6
4 16 35.65685 24 -24.34315 33.43606 24 -25.21835 32.29612 24 -24.45657 33.06148722 24 -22.60875979
4 16 37.604 24 -26.528 33.43606 24 -25.21835 35.65685 24 -24.34315 37.895 24 -26.092
2 24 50 24 10 10 24 10
2 24 10 24 -10 10 24 10
2 24 46 24 6 14 24 6
2 24 14 24 6 14 24 -14

1 16 -10 20 10 60 0 0 0 4 0 0 0 -60 48\1-16cylo.dat
1 16 44.855 22 -14.1355 0 -1 -.579 2 0 0 0 0 -1.1735 rect1.dat
1 16 37.7495 22 -26.31 0 -1 -.1455 2 0 0 0 0 -.218 rect1.dat
1 16 35.015 22 -29.477 0 -1 -2.589 2 0 0 0 0 -2.949 rect1.dat
1 16 42.4666 22 -14.4653 -1.8094 0 0 0 0 -2 .8437 1 0 rect.dat
1 16 41.1978 22 -12.5264 .5406 1 0 0 0 -2 1.0952 0 0 rect2p.dat
1 16 42.9144 22 -7.962 0 1 1.176 2 0 0 0 0 3.4692 rect3.dat
1 16 44.8169 22 -3.3945 .7265 1 0 0 0 -2 1.0983 0 0 rect2p.dat
1 16 45.7717 22 -1.1481 .2283 1 0 0 0 -2 1.1481 0 0 rect2p.dat
1 16 46 22 3 0 1 0 0 0 -2 3 0 0 rect2p.dat
1 16 34.35916 22 -23.475955 -1.29769 -1 0 0 0 -2 .867195 0 0 rect2p.dat
1 16 36.775925 22 -25.217575 0 -1 1.119075 -2 0 0 0 0 -.874425 rect3.dat
1 16 31.51702 22 -27.408165 0 1 1.91904 -2 0 0 0 0 2.189815 rect3.dat
1 16 32.86608 22 -24.837535 -.56998 1 0 0 0 2 .380815 0 0 rect2p.dat
5 24 41.7384 24 -11.4312 41.7384 20 -11.4312 44.0904 24 -4.4928 40.6572 24 -13.6216
5 24 45.5434 24 -2.2962 45.5434 20 -2.2962 46 24 0 44.0904 24 -4.4928
5 24 46 24 0 46 20 0 46 24 6 45.5434 24 -2.2962
5 24 35.65685 20 -24.34315 35.65685 24 -24.34315 37.895 24 -26.092 33.06147 24 -22.60896
5 24 33.06147 20 -22.60896 33.06147 24 -22.60896 35.65685 24 -24.34315 29.99994 24 -21.99979
5 24 32.426 24 -32.426 32.426 20 -32.426 26.528 24 -37.604 37.604 24 -26.528
5 24 37.604 24 -26.528 37.604 20 -26.528 37.895 20 -26.092 32.426 24 -32.426
2 24 50 20 10 50 24 10

3 16 46 20 6 46 20 0 45.5184 20 2.692
4 16 46 20 0 45.5434 20 -2.2962 44.0904 20 -4.4928 45.5184 20 2.692
4 16 40.6572 20 -13.6216 44.276 20 -15.309 41.96076 20 -20 36.764 20 -17
4 16 36.764 20 -17 41.96076 20 -20 37.895 20 -26.092 35.65685 20 -24.34315
4 16 45.5184 20 2.692 43.5356 20 2.953 43.7364 20 6 46 20 6
4 16 42.1586 20 -3.9752 43.5356 20 2.953 45.5184 20 2.692 44.0904 20 -4.4928
4 16 39.8906 20 -10.6658 42.1586 20 -3.9752 44.0904 20 -4.4928 41.7384 20 -11.4312
4 16 39.8906 20 -10.6658 41.7384 20 -11.4312 40.6572 20 -13.6216 36.764 20 -17
4 16 32.8436 20 -22.8752 36.764 20 -17 35.65685 20 -24.34315 34.42497 20 -24.0899
4 16 29.59798 20 -29.59798 28.1834 20 -28.1834 32.8436 20 -22.8752 34.42497 20 -24.0899
2 24 43.5356 20 2.953 43.7364 20 6
2 24 43.5356 20 2.953 42.1586 20 -3.9752
2 24 42.1586 20 -3.9752 39.8906 20 -10.6658
2 24 39.8906 20 -10.6658 36.764 20 -17
2 24 36.764 20 -17 32.8436 20 -22.8752
2 24 32.8436 20 -22.8752 28.1834 20 -28.1834

0 // Inside Lip and Anti-Studs
3 16 14 7.44302 .05888 14 10.14259 -14 14 24 -14
4 16 14 24 -14 14 24 6 14 7.19448 6 14 7.44302 .05888
4 16 46 24 6 46 20 6 43.7364 20 6 14 24 6
4 16 14 24 6 43.7364 20 6 39.20435 17.4 6 27.47435 11.61 6
3 16 14 24 6 27.47435 11.61 6 14 7.19448 6

1 16 30 18 -10 .92388 0 .38268 0 4 0 -.38268 0 .92388 stud4s.dat
1 16 30 18 -10 1 0 0 0 -1.5 0 0 0 1 stud4a.dat
2 24 24.4517 11.2779 -4.2704 25.5816 11.61 -3.5156
2 24 37.9745 18.6523 -9.8719 37.5881 18.0077 -7.9284
2 24 38 18.7041 -10 37.9745 18.6523 -9.8719
2 24 36.5679 19.1054 -14.2936 37.3912 19.2311 -13.0616
2 24 37.3912 19.2311 -13.0616 38 18.7041 -10
2 24 35.5929 18 -12.0473 35.5434 18.0521 -12.2962
2 24 34.2426 18.0519 -14.2426 35.5434 18.0521 -12.2962
2 24 36.5679 19.1054 -14.2936 35.6568 19.1048 -15.6568
2 24 26.9385 12.1908 -2.6091 25.5816 11.61 -3.5156
2 24 35.657 16.6645 -4.343 36.8051 17.4 -6.0617
2 24 35.657 16.6645 -4.343 33.0614 15.2131 -2.609
2 24 33.0614 15.2131 -2.609 29.9999 13.6421 -1.9998
2 24 26.9385 12.1908 -2.6091 29.9999 13.6421 -1.9998
2 24 35.5432 16.9384 -7.7039 35.795 17.1868 -8.9689
2 24 27.7039 12.75 -4.4568 26.6315 12.291 -5.1732
2 24 34.2428 16.1053 -5.7573 35.5432 16.9384 -7.7039
2 24 32.2961 15.0167 -4.4567 34.2428 16.1053 -5.7573
2 24 32.2961 15.0167 -4.4567 29.9999 13.8385 -3.9999
2 24 27.7039 12.75 -4.4568 29.9999 13.8385 -3.9999
2 24 37.5881 18.0077 -7.9284 37.391 17.8003 -6.9385
2 24 36.8051 17.4 -6.0617 37.391 17.8003 -6.9385
2 24 33.0616 18.4634 -17.3912 35.6568 19.1048 -15.6568
2 24 21.9998 11.7024 -10.0001 22.0935 11.61 -9.5293
2 24 21.9998 11.7024 -10.0001 22.6091 12.8134 -13.0615
2 24 22.6091 12.8134 -13.0615 24.343 14.2647 -15.657
2 24 26.9386 15.8357 -17.391 24.343 14.2647 -15.657
2 24 26.9386 15.8357 -17.391 30.0001 17.2871 -18.0002
2 24 30.0001 17.2871 -18.0002 30.3113 17.4 -17.9383
2 24 25.7573 12.0885 -5.7572 26.6315 12.291 -5.1732
2 24 25.7573 12.0885 -5.7572 24.4567 12.0885 -7.7039
2 24 24.4567 12.0885 -7.7039 23.9999 12.5394 -10.0001
2 24 24.4568 13.3726 -12.2961 23.9999 12.5394 -10.0001
2 24 24.4568 13.3726 -12.2961 25.7572 14.461 -14.2427
2 24 27.7039 15.6393 -15.5433 25.7572 14.461 -14.2427
2 24 27.7039 15.6393 -15.5433 30.0001 16.7279 -16.0002
2 24 30.0001 16.7279 -16.0002 31.8526 17.4 -15.6315
2 24 35.795 17.1868 -8.9689 35.9119 17.4 -9.5564
2 24 24.4517 11.2779 -4.2704 24.343 11.2606 -4.343
2 24 24.343 11.2606 -4.343 22.609 11.2607 -6.9386
2 24 22.0935 11.61 -9.5293 22.609 11.2607 -6.9386
2 24 30.3113 17.4 -17.9383 33.0616 18.4634 -17.3912
2 24 36.0002 17.5715 -9.9999 35.5927 18 -12.0475
2 24 36.0002 17.5715 -9.9999 35.9119 17.4 -9.5564
2 24 31.8526 17.4 -15.6315 32.2961 17.5714 -15.5432
2 24 32.2961 17.5714 -15.5432 34.0322 18 -14.3834

0 BFC INVERTNEXT
1 16 30 20 -30 -4.24264 0 4.24264 0 4 0 4.24264 0 4.24264 3-16cyli.dat
1 16 30 20 -30 -5.65685 0 5.65685 0 4 0 5.65685 0 5.65685 3-16cyli.dat
1 16 30 24 -30 .76537 0 -1.84776 0 -1 0 1.84776 0 .76537 3-16rin3.dat
0 BFC INVERTNEXT
1 16 30 20 -30 5.54328 0 2.2961 0 -3 0 -2.2961 0 5.54328 3-16cys2.dat
1 16 30 20 -30 7.39104 0 3.06147 0 -4 0 -3.06147 0 7.39104 3-16cys2.dat
1 16 30 24 -30 2.2961 0 -5.54328 0 1 0 5.54328 0 2.2961 3-16edge.dat
1 16 30 24 -30 3.06147 0 -7.39104 0 1 0 7.39104 0 3.06147 3-16edge.dat
2 24 30 19.0912 -23.9999 31.5802 20 -24.3143
2 24 28.617 18.5325 -24.2751 30 19.0912 -23.9999
2 24 25.7573 17.7695 -25.7572 27.3456 18.091 -24.6962
2 24 29.9999 18.4712 -21.9998 33.0615 20 -22.6088
2 24 32.2961 20 -24.4567 31.5802 20 -24.3143
2 24 31.5802 20 -24.3142 32.2961 20 -24.4566
2 24 29.9999 18.4712 -21.9998 27.229 17.4 -22.5512
2 24 28.617 18.5325 -24.2751 27.7039 18.1795 -24.4568
2 24 27.3456 18.091 -24.6962 27.7039 18.1795 -24.4568
2 24 26.9386 17.2946 -22.609 27.229 17.4 -22.5512
2 24 24.343 16.6933 -24.343 26.9386 17.2946 -22.609

4 16 16.8181 23.5 -14.6967 14 23.5 -11.8787 14 9.7353 -11.8787 16.8181 11.0862 -14.6967
3 16 14 23.5 -11.8787 16.8181 23.5 -14.6967 14 23.5 -14
3 16 16.8181 11.0862 -14.6967 15.7574 10.9851 -15.7574 16.8181 23.5 -14.6967
2 24 14 23.5 -11.8787 14 9.7353 -11.8787
2 24 14 23.5 -11.8787 14 23.5 -14
2 24 15.7574 10.9851 -15.7574 16.8181 11.0862 -14.6967
2 24 14 23.5 -11.8787 16.8181 23.5 -14.6967
2 24 14 9.7353 -11.8787 16.8181 11.0862 -14.6967
2 24 16.8181 11.0862 -14.6967 16.8181 23.5 -14.6967

0 // Inside Area
4 16 25.3553 17.4 -25.3553 17.061 11.61 -17.061 25.3569 11.61 -4.6453 36.194 17.4 -9.1342
4 16 36.194 17.4 -9.1342 25.3569 11.61 -4.6453 27.4744 11.61 6 39.2044 17.4 6
3 16 14 7.443 .0589 14 7.1945 6 27.4744 11.61 6
3 16 27.4744 11.61 6 25.3569 11.61 -4.6453 14 7.443 .0589
3 16 28.1834 20 -28.1834 25.3553 17.4 -25.3553 32.8436 20 -22.8752
3 16 36.194 17.4 -9.1342 39.8906 20 -10.6658 36.764 20 -17
3 16 39.8906 20 -10.6658 36.194 17.4 -9.1342 42.1586 20 -3.9752
3 16 39.2044 17.4 6 43.7364 20 6 43.5356 20 2.953
4 16 39.2044 17.4 6 43.5356 20 2.953 42.1586 20 -3.9752 36.194 17.4 -9.1342
4 16 36.194 17.4 -9.1342 36.764 20 -17 32.8436 20 -22.8752 25.3553 17.4 -25.3553
4 16 25.3569 11.61 -4.6453 17.061 11.61 -17.061 14 10.1426 -14 14 7.443 .0589
5 24 25.3569 11.61 -4.6453 36.194 17.4 -9.1342 27.4744 11.61 6 25.3553 17.4 -25.3553
5 24 36.194 17.4 -9.1342 42.1586 20 -3.9752 39.8906 20 -10.6658 39.2044 17.4 6
5 24 27.4744 11.61 6 25.3569 11.61 -4.6453 39.2044 17.4 6 14 7.443 .0589
5 24 27.4744 11.61 6 14 7.443 .0589 25.3569 11.61 -4.6453 14 7.1945 6
5 24 36.194 17.4 -9.1342 25.3553 17.4 -25.3553 36.764 20 -17 17.061 11.61 -17.061
5 24 25.3553 17.4 -25.3553 32.8436 20 -22.8752 36.194 17.4 -9.1342 28.1834 20 -28.1834
5 24 25.3569 11.61 -4.6453 17.061 11.61 -17.061 14 10.1426 -14 36.194 17.4 -9.1342
5 24 25.3569 11.61 -4.6453 14 7.443 .0589 17.061 11.61 -17.061 27.4744 11.61 6
5 24 36.194 17.4 -9.1342 39.8906 20 -10.6658 36.764 20 -17 42.1586 20 -3.9752
5 24 36.764 20 -17 36.194 17.4 -9.1342 32.8436 20 -22.8752 39.8906 20 -10.6658
5 24 43.5356 20 2.953 39.2044 17.4 6 42.1586 20 -3.9752 43.7364 20 6
5 24 39.2044 17.4 6 36.194 17.4 -9.1342 25.3569 11.61 -4.6453 43.5356 20 2.953

2 24 41.96076 20 -20 44.276 20 -15.309
2 24 37.895 20 -26.092 41.96076 20 -20
2 24 14 7.44302 .05888 14 7.19448 6
2 24 14 10.14259 -14 14 7.44302 .05888
2 24 43.7364 20 6 39.20435 17.4 6
2 24 27.47435 11.61 6 39.20435 17.4 6
2 24 14 7.19448 6 27.47435 11.61 6
2 24 10 24 -10 10 8.22501 -10
2 24 43.7364 20 6 46 20 6
2 24 46 20 6 46 24 6
2 24 14 7.19448 6 14 24 6
2 24 44.276 20 -15.309 45.434 20 -12.962
2 24 37.604 20 -26.528 37.895 20 -26.092
2 24 37.604 20 -26.528 32.426 20 -32.426

0 // 1 x 1 Cutout
4 16 10 16 6 9.999 16 10 10 24 10 10 24 -10
4 16 10 6.40283 6 10 16 6 10 24 -10 10 8.22501 -10

4 16 10 16 6 -6 16 6 -10 16 10 9.999 16 10
4 16 10 6.40283 6 -6 4.37279 6 -6 16 6 10 16 6
2 24 10 24 10 10 16 10
2 24 10 16 10 -10 16 10
2 24 10 16 10 10 16 6
2 24 -6 16 6 10 16 6
2 24 10 6.40283 6 10 16 6

2 24 -6 4.37279 6 10 6.40283 6
2 24 10 6.40283 6 10 8.22501 -10

3 16 10 6.40283 6 10 8.22501 -10 -6 4.37279 6
2 24 7.7038 7.302357 -4.4566 10 7.541693 -4
2 24 5.7574 7.203546 -5.7574 7.7038 7.302357 -4.4566
2 24 6.9384 6.994806 -2.6088 10 7.31392 -2
2 24 4.3432 6.863058 -4.3432 6.9384 6.994806 -2.6088
2 24 10 7.31392 -2 10 16 -2
2 24 10 16 -4 10 16 -2
2 24 10 7.541693 -4 10 16 -4

0 // Outside
4 16 40 13.4 10 50 20 10 50 24 10 10 24 10
4 16 28.27 7.61 10 40 13.4 10 10 24 10 9.999 16 10
4 16 3.05 .86 10 15.88 3.41 10 28.27 7.61 10 9.999 16 10
4 16 9.999 16 10 -10 16 10 -10 0 10 3.05 .86 10
2 24 28.27 7.61 10 15.88 3.41 10
2 24 3.05 .86 10 -10 0 10
2 24 50 20 10 40 13.4 10
2 24 3.05 .86 10 15.88 3.41 10
2 24 28.27 7.61 10 40 13.4 10

0 // Surface
4 16 20.3616 7.61 -13.2973 17.061 7.61 -17.061 25.3553 13.4 -25.3553 29.6677 13.4 -20.4381
4 16 29.6677 13.4 -20.4381 25.3553 13.4 -25.3553 32.426 20 -32.426 37.604 20 -26.528
4 16 10.532 3.41 -5.7548 8.2999 3.41 -8.2999 17.061 7.61 -17.061 20.3616 7.61 -13.2973
4 16 .3533 .86 2.0557 -.7723 .86 .7723 8.2999 3.41 -8.2999 10.532 3.41 -5.7548
3 16 -10 0 10 -.7723 .86 .7723 .3533 .86 2.0557
4 16 23.1428 7.61 -9.135 20.3616 7.61 -13.2973 29.6677 13.4 -20.4381 33.3013 13.4 -15
4 16 33.3013 13.4 -15 29.6677 13.4 -20.4381 37.604 20 -26.528 41.9608 20 -20
4 16 12.4127 3.41 -2.94 10.532 3.41 -5.7548 20.3616 7.61 -13.2973 23.1428 7.61 -9.135
4 16 1.3016 .86 3.475 .3533 .86 2.0557 10.532 3.41 -5.7548 12.4127 3.41 -2.94
3 16 -10 0 10 .3533 .86 2.0557 1.3016 .86 3.475
4 16 25.3569 7.61 -4.6453 23.1428 7.61 -9.135 33.3013 13.4 -15 36.194 13.4 -9.1342
4 16 36.194 13.4 -9.1342 33.3013 13.4 -15 41.9608 20 -20 45.434 20 -12.962
4 16 13.91 3.41 .0961 12.4127 3.41 -2.94 23.1428 7.61 -9.135 25.3569 7.61 -4.6453
4 16 2.0566 .86 5.006 1.3016 .86 3.475 12.4127 3.41 -2.94 13.91 3.41 .0961
3 16 -10 0 10 1.3016 .86 3.475 2.0566 .86 5.006
4 16 26.966 7.61 .095 25.3569 7.61 -4.6453 36.194 13.4 -9.1342 38.2963 13.4 -2.941
4 16 38.2963 13.4 -2.941 36.194 13.4 -9.1342 45.434 20 -12.962 47.954 20 -5.528
4 16 14.9982 3.41 3.3018 13.91 3.41 .0961 25.3569 7.61 -4.6453 26.966 7.61 .095
4 16 2.6053 .86 6.6224 2.0566 .86 5.006 13.91 3.41 .0961 14.9982 3.41 3.3018
3 16 -10 0 10 2.0566 .86 5.006 2.6053 .86 6.6224
4 16 27.9426 7.61 5.0048 26.966 7.61 .095 38.2963 13.4 -2.941 39.5722 13.4 3.4737
4 16 39.5722 13.4 3.4737 38.2963 13.4 -2.941 47.954 20 -5.528 49.484 20 2.17
4 16 15.6586 3.41 6.622 14.9982 3.41 3.3018 26.966 7.61 .095 27.9426 7.61 5.0048
4 16 2.9384 .86 8.2966 2.6053 .86 6.6224 14.9982 3.41 3.3018 15.6586 3.41 6.622
3 16 -10 0 10 2.6053 .86 6.6224 2.9384 .86 8.2966
4 16 28.27 7.61 10 27.9426 7.61 5.0048 39.5722 13.4 3.4737 40 13.4 10
4 16 40 13.4 10 39.5722 13.4 3.4737 49.484 20 2.17 50 20 10
4 16 15.88 3.41 10 15.6586 3.41 6.622 27.9426 7.61 5.0048 28.27 7.61 10
4 16 3.05 .86 10 2.9384 .86 8.2966 15.6586 3.41 6.622 15.88 3.41 10
3 16 2.9384 .86 8.2966 3.05 .86 10 -10 0 10

5 24 2.6053 .86 6.6224 2.9384 .86 8.2966 14.9982 3.41 3.3018 -10 0 10
5 24 -10 0 10 2.9384 .86 8.2966 3.05 .86 10 2.6053 .86 6.6224
5 24 2.9384 .86 8.2966 3.05 .86 10 -10 0 10 15.6586 3.41 6.622
5 24 29.6677 13.4 -20.4381 33.3013 13.4 -15 23.1428 7.61 -9.135 37.604 20 -26.528
5 24 13.91 3.41 .0961 12.4127 3.41 -2.94 2.0566 .86 5.006 23.1428 7.61 -9.135
5 24 15.88 3.41 10 15.6586 3.41 6.622 27.9426 7.61 5.0048 3.05 .86 10
5 24 38.2963 13.4 -2.941 26.966 7.61 .095 25.3569 7.61 -4.6453 39.5722 13.4 3.4737
5 24 33.3013 13.4 -15 41.9608 20 -20 29.6677 13.4 -20.4381 45.434 20 -12.962
5 24 20.3616 7.61 -13.2973 10.532 3.41 -5.7548 8.2999 3.41 -8.2999 23.1428 7.61 -9.135
5 24 25.3569 7.61 -4.6453 23.1428 7.61 -9.135 13.91 3.41 .0961 33.3013 13.4 -15
5 24 26.966 7.61 .095 27.9426 7.61 5.0048 38.2963 13.4 -2.941 15.6586 3.41 6.622
5 24 40 13.4 10 39.5722 13.4 3.4737 28.27 7.61 10 49.484 20 2.17
5 24 36.194 13.4 -9.1342 25.3569 7.61 -4.6453 23.1428 7.61 -9.135 38.2963 13.4 -2.941
5 24 38.2963 13.4 -2.941 36.194 13.4 -9.1342 45.434 20 -12.962 26.966 7.61 .095
5 24 12.4127 3.41 -2.94 10.532 3.41 -5.7548 20.3616 7.61 -13.2973 1.3016 .86 3.475
5 24 20.3616 7.61 -13.2973 29.6677 13.4 -20.4381 33.3013 13.4 -15 17.061 7.61 -17.061
5 24 15.6586 3.41 6.622 2.9384 .86 8.2966 2.6053 .86 6.6224 15.88 3.41 10
5 24 37.604 20 -26.528 29.6677 13.4 -20.4381 41.9608 20 -20 25.3553 13.4 -25.3553
5 24 26.966 7.61 .095 25.3569 7.61 -4.6453 36.194 13.4 -9.1342 14.9982 3.41 3.3018
5 24 27.9426 7.61 5.0048 28.27 7.61 10 39.5722 13.4 3.4737 15.88 3.41 10
5 24 12.4127 3.41 -2.94 1.3016 .86 3.475 13.91 3.41 .0961 .3533 .86 2.0557
5 24 23.1428 7.61 -9.135 12.4127 3.41 -2.94 25.3569 7.61 -4.6453 10.532 3.41 -5.7548
5 24 25.3569 7.61 -4.6453 13.91 3.41 .0961 26.966 7.61 .095 12.4127 3.41 -2.94
5 24 36.194 13.4 -9.1342 45.434 20 -12.962 33.3013 13.4 -15 47.954 20 -5.528
5 24 39.5722 13.4 3.4737 38.2963 13.4 -2.941 27.9426 7.61 5.0048 47.954 20 -5.528
5 24 .3533 .86 2.0557 -10 0 10 -.7723 .86 .7723 1.3016 .86 3.475
5 24 15.6586 3.41 6.622 27.9426 7.61 5.0048 14.9982 3.41 3.3018 28.27 7.61 10
5 24 29.6677 13.4 -20.4381 25.3553 13.4 -25.3553 20.3616 7.61 -13.2973 32.426 20 -32.426
5 24 39.5722 13.4 3.4737 27.9426 7.61 5.0048 40 13.4 10 26.966 7.61 .095
5 24 33.3013 13.4 -15 36.194 13.4 -9.1342 25.3569 7.61 -4.6453 41.9608 20 -20
5 24 49.484 20 2.17 39.5722 13.4 3.4737 38.2963 13.4 -2.941 50 20 10
5 24 14.9982 3.41 3.3018 26.966 7.61 .095 13.91 3.41 .0961 27.9426 7.61 5.0048
5 24 13.91 3.41 .0961 14.9982 3.41 3.3018 25.3569 7.61 -4.6453 2.6053 .86 6.6224
5 24 15.6586 3.41 6.622 14.9982 3.41 3.3018 26.966 7.61 .095 2.9384 .86 8.2966
5 24 -10 0 10 2.0566 .86 5.006 1.3016 .86 3.475 2.6053 .86 6.6224
5 24 2.0566 .86 5.006 2.6053 .86 6.6224 13.91 3.41 .0961 -10 0 10
5 24 .3533 .86 2.0557 1.3016 .86 3.475 10.532 3.41 -5.7548 -10 0 10
5 24 10.532 3.41 -5.7548 .3533 .86 2.0557 12.4127 3.41 -2.94 -.7723 .86 .7723
5 24 20.3616 7.61 -13.2973 23.1428 7.61 -9.135 29.6677 13.4 -20.4381 12.4127 3.41 -2.94
5 24 2.0566 .86 5.006 13.91 3.41 .0961 14.9982 3.41 3.3018 1.3016 .86 3.475
5 24 14.9982 3.41 3.3018 2.6053 .86 6.6224 2.0566 .86 5.006 15.6586 3.41 6.622
5 24 2.6053 .86 6.6224 -10 0 10 2.0566 .86 5.006 2.9384 .86 8.2966
5 24 -10 0 10 1.3016 .86 3.475 2.0566 .86 5.006 .3533 .86 2.0557
5 24 1.3016 .86 3.475 2.0566 .86 5.006 12.4127 3.41 -2.94 -10 0 10
5 24 17.061 7.61 -17.061 20.3616 7.61 -13.2973 10.532 3.41 -5.7548 25.3553 13.4 -25.3553
5 24 47.954 20 -5.528 38.2963 13.4 -2.941 49.484 20 2.17 36.194 13.4 -9.1342
5 24 23.1428 7.61 -9.135 33.3013 13.4 -15 20.3616 7.61 -13.2973 36.194 13.4 -9.1342
5 24 10.532 3.41 -5.7548 8.2999 3.41 -8.2999 17.061 7.61 -17.061 .3533 .86 2.0557
5 24 -.7723 .86 .7723 .3533 .86 2.0557 8.2999 3.41 -8.2999 -10 0 10
