0 ~Animal Tiger Body Left Patternable Area
0 Name: s\80672as03.dat
0 Author: Philippe Hurbain [Philo]
0 !LDRAW_ORG Unofficial_Subpart 
0 !LICENSE Redistributable under CCAL version 2.0 : see CAreadme.txt

0 BFC CERTIFY CCW


3 16 14.129 11.621 -45.85 18.424 8.767 -40.525 17.999 -9.544 -42.262
3 16 18.424 8.767 -40.525 14.129 11.621 -45.85 14.83 19.617 -45.837
3 16 14.83 19.617 -45.837 17.396 20.071 -41.491 18.424 8.767 -40.525
3 16 16.832 26.878 -42.798 17.396 20.071 -41.491 14.83 19.617 -45.837
3 16 17.336 22.305 -37.346 17.396 20.071 -41.491 16.832 26.878 -42.798
3 16 17.336 22.305 -37.346 16.832 26.878 -42.798 16.444 28.774 -39.329
3 16 16.444 28.774 -39.329 16.832 26.878 -42.798 16.289 32.886 -44.654
3 16 16.444 28.774 -39.329 16.289 32.886 -44.654 15.576 34.525 -40.741
3 16 17.365 10.909 -32.15 18.424 8.767 -40.525 17.503 16.208 -34.804
3 16 17.365 10.909 -32.15 19.339 2.437 -36.744 18.424 8.767 -40.525
3 16 18.424 8.767 -40.525 19.339 2.437 -36.744 17.999 -9.544 -42.262
3 16 17.999 -9.544 -42.262 10.383 -3.21 -50.258 14.129 11.621 -45.85
3 16 13.112 -18.21 -51.326 10.383 -3.21 -50.258 17.999 -9.544 -42.262
3 16 13.112 -18.21 -51.326 7.86 -11.666 -53.949 10.383 -3.21 -50.258
3 16 13.112 -18.21 -51.326 8.143 -16.847 -60.41 7.86 -11.666 -53.949
3 16 13.112 -18.21 -51.326 15.861 -24.459 -61.362 8.143 -16.847 -60.41
3 16 13.772 -27.088 -49.065 15.861 -24.459 -61.362 13.112 -18.21 -51.326
3 16 13.772 -27.088 -49.065 16.468 -33.139 -59.836 15.861 -24.459 -61.362
3 16 17.999 -9.544 -42.262 15.828 -21.686 -39.502 13.772 -27.088 -49.065
3 16 13.772 -27.088 -49.065 13.112 -18.21 -51.326 17.999 -9.544 -42.262
3 16 13.772 -27.088 -49.065 15.828 -21.686 -39.502 12.596 -30.076 -37.849
3 16 13.772 -27.088 -49.065 12.596 -30.076 -37.849 11.184 -34.957 -46.983
3 16 16.468 -33.139 -59.836 13.772 -27.088 -49.065 11.184 -34.957 -46.983
3 16 7.101 -35.94 -36.677 11.184 -34.957 -46.983 12.596 -30.076 -37.849
3 16 12.596 -30.076 -37.849 7.98 -33.784 -29.622 7.101 -35.94 -36.677
3 16 7.101 -35.94 -36.677 7.98 -33.784 -29.622 0.047 -36.858 -29.323
3 16 7.101 -35.94 -36.677 0.047 -36.858 -29.323 -0.066 -38.922 -36.102
3 16 12.596 -30.076 -37.849 13.678 -27.558 -30.9 7.98 -33.784 -29.622
3 16 13.678 -27.558 -30.9 12.596 -30.076 -37.849 15.828 -21.686 -39.502
3 16 -0.066 -38.922 -36.102 6.143 -40.411 -44.756 7.101 -35.94 -36.677
3 16 7.101 -35.94 -36.677 6.143 -40.411 -44.756 11.184 -34.957 -46.983
3 16 -0.066 -38.922 -36.102 0.091 -42.446 -44.093 6.143 -40.411 -44.756
3 16 13.678 -27.558 -30.9 15.828 -21.686 -39.502 17.095 -19.512 -31.794
3 16 17.095 -19.512 -31.794 15.828 -21.686 -39.502 17.999 -9.544 -42.262
3 16 17.095 -19.512 -31.794 17.999 -9.544 -42.262 19.362 -9.725 -31.772
3 16 19.362 -9.725 -31.772 17.999 -9.544 -42.262 19.339 2.437 -36.744
3 16 19.362 -9.725 -31.772 19.339 2.437 -36.744 19.17 -0.837 -29.647
3 16 19.17 -0.837 -29.647 19.339 2.437 -36.744 17.365 10.909 -32.15
3 16 17.365 10.909 -32.15 16.058 6.24 -27.291 19.17 -0.837 -29.647
3 16 6.143 -40.411 -44.756 0.091 -42.446 -44.093 0 -45.473 -49.09
3 16 6.143 -40.411 -44.756 0 -45.473 -49.09 6.498 -43.367 -50.657
3 16 6.143 -40.411 -44.756 6.498 -43.367 -50.657 12.657 -39.867 -55.949
3 16 12.657 -39.867 -55.949 11.184 -34.957 -46.983 6.143 -40.411 -44.756
3 16 16.468 -33.139 -59.836 11.184 -34.957 -46.983 12.657 -39.867 -55.949
3 16 20 0 -20 16.058 6.24 -27.291 15.936 9.267 -17.888
3 16 20 0 -20 19.17 -0.837 -29.647 16.058 6.24 -27.291
3 16 20 -12 -20 19.17 -0.837 -29.647 20 0 -20
3 16 20 -12 -20 19.362 -9.725 -31.772 19.17 -0.837 -29.647
3 16 18.478 -19.654 -20 19.362 -9.725 -31.772 20 -12 -20
3 16 18.478 -19.654 -20 17.095 -19.512 -31.794 19.362 -9.725 -31.772
3 16 18.478 -19.654 -20 14.142 -26.142 -20 13.678 -27.558 -30.9
3 16 13.678 -27.558 -30.9 17.095 -19.512 -31.794 18.478 -19.654 -20
3 16 14.142 -26.142 -20 7.654 -30.478 -20 7.98 -33.784 -29.622
3 16 7.98 -33.784 -29.622 13.678 -27.558 -30.9 14.142 -26.142 -20
3 16 0.047 -36.858 -29.323 7.98 -33.784 -29.622 7.654 -30.478 -20
3 16 0.047 -36.858 -29.323 7.654 -30.478 -20 0 -32 -20
3 16 20 0 20 13.024 9.423 19.927 12.274 3.786 30.498
3 16 20 0 20 12.274 3.786 30.498 16.785 -1.359 29.854
3 16 19.56 -9.017 29.032 20 0 20 16.785 -1.359 29.854
3 16 19.56 -9.017 29.032 20 -12 20 20 0 20
3 16 20 -12 20 19.56 -9.017 29.032 18.603 -18.008 29.2
3 16 18.603 -18.008 29.2 18.478 -19.654 20 20 -12 20
3 16 18.478 -19.654 20 18.603 -18.008 29.2 15.517 -24.515 29.498
3 16 18.478 -19.654 20 15.517 -24.515 29.498 14.142 -26.142 20
3 16 14.142 -26.142 20 15.517 -24.515 29.498 9.395 -29.488 30.035
3 16 9.395 -29.488 30.035 7.654 -30.478 20 14.142 -26.142 20
3 16 7.654 -30.478 20 9.395 -29.488 30.035 0.577 -32.78 30.305
3 16 7.654 -30.478 20 0.577 -32.78 30.305 0 -32 20
4 16 9.484 26.195 58.75 13.865 25.845 60.351 14.646 21.625 54.825 9.067 22.834 53.831
3 16 18.055 17.904 58.516 13.865 25.845 60.351 16.528 23.54 63.998
3 16 18.055 17.904 58.516 14.646 21.625 54.825 13.865 25.845 60.351
3 16 18.055 17.904 58.516 16.528 23.54 63.998 14.672 20.119 68.829
4 16 18.055 17.904 58.516 14.672 20.119 68.829 14.934 12.077 64.269 19.307 11.949 52.148
3 16 19.56 -9.017 29.032 19.506 -15.059 38.075 18.603 -18.008 29.2
3 16 19.56 -9.017 29.032 19.824 -6.176 37.924 19.506 -15.059 38.075
3 16 19.824 -6.176 37.924 19.411 -11.954 48.828 19.506 -15.059 38.075
3 16 19.824 -6.176 37.924 20.414 -2.334 47.864 19.411 -11.954 48.828
3 16 16.785 -1.359 29.854 19.824 -6.176 37.924 19.56 -9.017 29.032
3 16 16.785 -1.359 29.854 18.081 1.747 36.856 19.824 -6.176 37.924
3 16 19.824 -6.176 37.924 18.081 1.747 36.856 19.337 6.613 45.672
3 16 16.785 -1.359 29.854 12.274 3.786 30.498 13.647 7.443 36.103
3 16 13.647 7.443 36.103 18.081 1.747 36.856 16.785 -1.359 29.854
3 16 12.274 3.786 30.498 6.708 6.731 31.519 7.928 10.193 35.998
3 16 7.928 10.193 35.998 13.647 7.443 36.103 12.274 3.786 30.498
3 16 14.895 12.632 42.894 13.647 7.443 36.103 7.928 10.193 35.998
3 16 14.895 12.632 42.894 7.928 10.193 35.998 8.467 14.538 41.647
3 16 8.467 14.538 41.647 8.606 18.68 47.454 15.108 17.003 48.577
3 16 15.108 17.003 48.577 14.895 12.632 42.894 8.467 14.538 41.647
4 16 14.895 12.632 42.894 15.108 17.003 48.577 19.307 11.949 52.148 19.337 6.613 45.672
3 16 18.081 1.747 36.856 13.647 7.443 36.103 14.895 12.632 42.894
3 16 14.895 12.632 42.894 19.337 6.613 45.672 18.081 1.747 36.856
3 16 19.337 6.613 45.672 20.414 -2.334 47.864 19.824 -6.176 37.924
3 16 19.307 11.949 52.148 20.414 -2.334 47.864 19.337 6.613 45.672
3 16 15.108 17.003 48.577 8.606 18.68 47.454 9.067 22.834 53.831
3 16 15.108 17.003 48.577 9.067 22.834 53.831 14.646 21.625 54.825
4 16 18.055 17.904 58.516 19.307 11.949 52.148 15.108 17.003 48.577 14.646 21.625 54.825
3 16 19.307 11.949 52.148 14.934 12.077 64.269 15.738 1.8 59.489
3 16 12.579 -19.728 57.526 19.411 -11.954 48.828 13.885 -6.861 59.353
3 16 12.579 -19.728 57.526 16.895 -22.214 47.677 19.411 -11.954 48.828
3 16 19.506 -15.059 38.075 19.411 -11.954 48.828 16.895 -22.214 47.677
3 16 19.506 -15.059 38.075 16.895 -22.214 47.677 16.401 -23.703 37.304
3 16 18.603 -18.008 29.2 19.506 -15.059 38.075 16.401 -23.703 37.304
3 16 18.603 -18.008 29.2 16.401 -23.703 37.304 15.517 -24.515 29.498
3 16 16.895 -22.214 47.677 12.579 -19.728 57.526 7.632 -27.937 53.945
3 16 16.895 -22.214 47.677 7.632 -27.937 53.945 9.922 -29.332 46.974
3 16 16.401 -23.703 37.304 16.895 -22.214 47.677 9.922 -29.332 46.974
3 16 16.401 -23.703 37.304 9.922 -29.332 46.974 9.806 -29.327 37.512
3 16 15.517 -24.515 29.498 16.401 -23.703 37.304 9.806 -29.327 37.512
3 16 15.517 -24.515 29.498 9.806 -29.327 37.512 9.395 -29.488 30.035
3 16 9.922 -29.332 46.974 7.632 -27.937 53.945 1.035 -30.757 51.749
3 16 9.922 -29.332 46.974 1.035 -30.757 51.749 0.856 -32.607 45.52
3 16 9.806 -29.327 37.512 9.922 -29.332 46.974 0.856 -32.607 45.52
3 16 9.806 -29.327 37.512 0.856 -32.607 45.52 0.883 -32.738 36.944
4 16 9.395 -29.488 30.035 9.806 -29.327 37.512 0.883 -32.738 36.944 0.577 -32.78 30.305
3 16 19.411 -11.954 48.828 20.414 -2.334 47.864 15.738 1.8 59.489
3 16 15.738 1.8 59.489 13.885 -6.861 59.353 19.411 -11.954 48.828
3 16 19.307 11.949 52.148 15.738 1.8 59.489 20.414 -2.334 47.864
3 16 14.637 25.956 -46.928 13.946 31.328 -48.394 16.289 32.886 -44.654
3 16 14.637 25.956 -46.928 16.289 32.886 -44.654 16.832 26.878 -42.798
3 16 16.832 26.878 -42.798 14.83 19.617 -45.837 14.637 25.956 -46.928
3 16 17.396 20.071 -41.491 17.503 16.208 -34.804 18.424 8.767 -40.525
3 16 17.396 20.071 -41.491 17.336 22.305 -37.346 17.503 16.208 -34.804
5 24 15.828 -21.686 -39.502 12.596 -30.076 -37.849 13.772 -27.088 -49.065 13.678 -27.558 -30.9
5 24 13.112 -18.21 -51.326 17.999 -9.544 -42.262 13.772 -27.088 -49.065 10.383 -3.21 -50.258
5 24 13.772 -27.088 -49.065 13.112 -18.21 -51.326 15.861 -24.459 -61.362 17.999 -9.544 -42.262
5 24 16.058 6.24 -27.291 20 0 -20 15.936 9.267 -17.888 19.17 -0.837 -29.647
5 24 20 0 20 19.56 -9.017 29.032 16.785 -1.359 29.854 20 -12 20
5 24 19.411 -11.954 48.828 13.885 -6.861 59.353 12.579 -19.728 57.526 15.738 1.8 59.489
5 24 11.184 -34.957 -46.983 7.101 -35.94 -36.677 12.596 -30.076 -37.849 6.143 -40.411 -44.756
5 24 19.56 -9.017 29.032 20 -12 20 20 0 20 18.603 -18.008 29.2
5 24 6.143 -40.411 -44.756 11.184 -34.957 -46.983 12.657 -39.867 -55.949 7.101 -35.94 -36.677
5 24 18.603 -18.008 29.2 16.401 -23.703 37.304 19.506 -15.059 38.075 15.517 -24.515 29.498
5 24 17.999 -9.544 -42.262 13.772 -27.088 -49.065 13.112 -18.21 -51.326 15.828 -21.686 -39.502
5 24 14.129 11.621 -45.85 17.999 -9.544 -42.262 18.424 8.767 -40.525 10.383 -3.21 -50.258
5 24 19.17 -0.837 -29.647 19.339 2.437 -36.744 19.362 -9.725 -31.772 17.365 10.909 -32.15
5 24 18.478 -19.654 -20 13.678 -27.558 -30.9 17.095 -19.512 -31.794 14.142 -26.142 -20
5 24 0 -45.473 -49.09 6.143 -40.411 -44.756 0.091 -42.446 -44.093 6.498 -43.367 -50.657
5 24 19.824 -6.176 37.924 19.506 -15.059 38.075 19.56 -9.017 29.032 19.411 -11.954 48.828
5 24 7.101 -35.94 -36.677 6.143 -40.411 -44.756 -0.066 -38.922 -36.102 11.184 -34.957 -46.983
5 24 14.142 -26.142 -20 7.98 -33.784 -29.622 13.678 -27.558 -30.9 7.654 -30.478 -20
5 24 18.081 1.747 36.856 19.337 6.613 45.672 14.895 12.632 42.894 19.824 -6.176 37.924
5 24 17.999 -9.544 -42.262 18.424 8.767 -40.525 14.129 11.621 -45.85 19.339 2.437 -36.744
5 24 0.047 -36.858 -29.323 7.654 -30.478 -20 7.98 -33.784 -29.622 0 -32 -20
5 24 7.654 -30.478 20 9.395 -29.488 30.035 14.142 -26.142 20 0.577 -32.78 30.305
5 24 20 0 20 12.274 3.786 30.498 13.024 9.423 19.927 16.785 -1.359 29.854
5 24 13.865 25.845 60.351 18.055 17.904 58.516 16.528 23.54 63.998 14.646 21.625 54.825
5 24 17.095 -19.512 -31.794 15.828 -21.686 -39.502 17.999 -9.544 -42.262 13.678 -27.558 -30.9
5 24 14.895 12.632 42.894 18.081 1.747 36.856 13.647 7.443 36.103 19.337 6.613 45.672
5 24 16.832 26.878 -42.798 14.83 19.617 -45.837 17.396 20.071 -41.491 14.637 25.956 -46.928
5 24 15.108 17.003 48.577 8.467 14.538 41.647 8.606 18.68 47.454 14.895 12.632 42.894
5 24 19.307 11.949 52.148 18.055 17.904 58.516 14.934 12.077 64.269 15.108 17.003 48.577
5 24 16.832 26.878 -42.798 16.289 32.886 -44.654 16.444 28.774 -39.329 14.637 25.956 -46.928
5 24 19.337 6.613 45.672 19.824 -6.176 37.924 20.414 -2.334 47.864 18.081 1.747 36.856
5 24 14.637 25.956 -46.928 16.289 32.886 -44.654 13.946 31.328 -48.394 16.832 26.878 -42.798
5 24 19.339 2.437 -36.744 17.999 -9.544 -42.262 19.362 -9.725 -31.772 18.424 8.767 -40.525
5 24 15.517 -24.515 29.498 16.401 -23.703 37.304 18.603 -18.008 29.2 9.806 -29.327 37.512
5 24 19.824 -6.176 37.924 16.785 -1.359 29.854 19.56 -9.017 29.032 18.081 1.747 36.856
5 24 17.999 -9.544 -42.262 15.828 -21.686 -39.502 17.095 -19.512 -31.794 13.772 -27.088 -49.065
5 24 19.56 -9.017 29.032 18.603 -18.008 29.2 19.506 -15.059 38.075 20 -12 20
5 24 7.928 10.193 35.998 12.274 3.786 30.498 6.708 6.731 31.519 13.647 7.443 36.103
5 24 19.307 11.949 52.148 20.414 -2.334 47.864 15.738 1.8 59.489 19.337 6.613 45.672
5 24 16.401 -23.703 37.304 16.895 -22.214 47.677 19.506 -15.059 38.075 9.922 -29.332 46.974
5 24 13.647 7.443 36.103 18.081 1.747 36.856 16.785 -1.359 29.854 14.895 12.632 42.894
5 24 -0.066 -38.922 -36.102 7.101 -35.94 -36.677 0.047 -36.858 -29.323 6.143 -40.411 -44.756
5 24 19.411 -11.954 48.828 16.895 -22.214 47.677 12.579 -19.728 57.526 19.506 -15.059 38.075
5 24 17.396 20.071 -41.491 17.336 22.305 -37.346 16.832 26.878 -42.798 17.503 16.208 -34.804
5 24 15.108 17.003 48.577 14.646 21.625 54.825 9.067 22.834 53.831 18.055 17.904 58.516
5 24 14.142 -26.142 20 9.395 -29.488 30.035 15.517 -24.515 29.498 7.654 -30.478 20
5 24 14.895 12.632 42.894 13.647 7.443 36.103 7.928 10.193 35.998 18.081 1.747 36.856
5 24 17.503 16.208 -34.804 17.396 20.071 -41.491 18.424 8.767 -40.525 17.336 22.305 -37.346
5 24 15.738 1.8 59.489 19.307 11.949 52.148 14.934 12.077 64.269 20.414 -2.334 47.864
5 24 16.401 -23.703 37.304 9.806 -29.327 37.512 9.922 -29.332 46.974 15.517 -24.515 29.498
5 24 18.478 -19.654 20 18.603 -18.008 29.2 20 -12 20 15.517 -24.515 29.498
5 24 16.444 28.774 -39.329 16.289 32.886 -44.654 16.832 26.878 -42.798 15.576 34.525 -40.741
5 24 19.824 -6.176 37.924 20.414 -2.334 47.864 19.337 6.613 45.672 19.411 -11.954 48.828
5 24 6.143 -40.411 -44.756 12.657 -39.867 -55.949 11.184 -34.957 -46.983 6.498 -43.367 -50.657
5 24 17.095 -19.512 -31.794 13.678 -27.558 -30.9 18.478 -19.654 -20 15.828 -21.686 -39.502
5 24 15.828 -21.686 -39.502 13.772 -27.088 -49.065 17.999 -9.544 -42.262 12.596 -30.076 -37.849
5 24 13.772 -27.088 -49.065 12.596 -30.076 -37.849 15.828 -21.686 -39.502 11.184 -34.957 -46.983
5 24 19.362 -9.725 -31.772 17.095 -19.512 -31.794 17.999 -9.544 -42.262 18.478 -19.654 -20
5 24 19.339 2.437 -36.744 19.362 -9.725 -31.772 17.999 -9.544 -42.262 19.17 -0.837 -29.647
5 24 16.895 -22.214 47.677 12.579 -19.728 57.526 19.411 -11.954 48.828 7.632 -27.937 53.945
5 24 16.895 -22.214 47.677 19.506 -15.059 38.075 19.411 -11.954 48.828 16.401 -23.703 37.304
5 24 18.424 8.767 -40.525 14.129 11.621 -45.85 14.83 19.617 -45.837 17.999 -9.544 -42.262
5 24 17.095 -19.512 -31.794 18.478 -19.654 -20 19.362 -9.725 -31.772 13.678 -27.558 -30.9
5 24 17.999 -9.544 -42.262 10.383 -3.21 -50.258 13.112 -18.21 -51.326 14.129 11.621 -45.85
5 24 7.98 -33.784 -29.622 0.047 -36.858 -29.323 7.654 -30.478 -20 7.101 -35.94 -36.677
5 24 15.108 17.003 48.577 8.606 18.68 47.454 8.467 14.538 41.647 9.067 22.834 53.831
5 24 19.307 11.949 52.148 15.108 17.003 48.577 14.895 12.632 42.894 18.055 17.904 58.516
5 24 7.101 -35.94 -36.677 7.98 -33.784 -29.622 12.596 -30.076 -37.849 0.047 -36.858 -29.323
5 24 19.411 -11.954 48.828 19.506 -15.059 38.075 16.895 -22.214 47.677 19.824 -6.176 37.924
5 24 16.528 23.54 63.998 18.055 17.904 58.516 13.865 25.845 60.351 14.672 20.119 68.829
5 24 19.506 -15.059 38.075 16.401 -23.703 37.304 16.895 -22.214 47.677 18.603 -18.008 29.2
5 24 15.517 -24.515 29.498 9.395 -29.488 30.035 9.806 -29.327 37.512 14.142 -26.142 20
5 24 9.395 -29.488 30.035 9.806 -29.327 37.512 0.883 -32.738 36.944 15.517 -24.515 29.498
5 24 20.414 -2.334 47.864 19.337 6.613 45.672 19.824 -6.176 37.924 19.307 11.949 52.148
5 24 13.647 7.443 36.103 7.928 10.193 35.998 12.274 3.786 30.498 14.895 12.632 42.894
5 24 19.824 -6.176 37.924 19.56 -9.017 29.032 19.506 -15.059 38.075 16.785 -1.359 29.854
5 24 18.424 8.767 -40.525 17.503 16.208 -34.804 17.365 10.909 -32.15 17.396 20.071 -41.491
5 24 12.596 -30.076 -37.849 11.184 -34.957 -46.983 13.772 -27.088 -49.065 7.101 -35.94 -36.677
5 24 11.184 -34.957 -46.983 13.772 -27.088 -49.065 12.596 -30.076 -37.849 16.468 -33.139 -59.836
5 24 9.395 -29.488 30.035 0.577 -32.78 30.305 7.654 -30.478 20 0.883 -32.738 36.944
5 24 15.517 -24.515 29.498 14.142 -26.142 20 18.478 -19.654 20 9.395 -29.488 30.035
5 24 19.411 -11.954 48.828 19.824 -6.176 37.924 19.506 -15.059 38.075 20.414 -2.334 47.864
5 24 9.806 -29.327 37.512 9.922 -29.332 46.974 0.856 -32.607 45.52 16.401 -23.703 37.304
5 24 18.424 8.767 -40.525 17.396 20.071 -41.491 14.83 19.617 -45.837 17.503 16.208 -34.804
5 24 8.467 14.538 41.647 14.895 12.632 42.894 7.928 10.193 35.998 15.108 17.003 48.577
5 24 9.922 -29.332 46.974 7.632 -27.937 53.945 1.035 -30.757 51.749 16.895 -22.214 47.677
5 24 9.922 -29.332 46.974 1.035 -30.757 51.749 7.632 -27.937 53.945 0.856 -32.607 45.52
5 24 17.365 10.909 -32.15 19.17 -0.837 -29.647 19.339 2.437 -36.744 16.058 6.24 -27.291
5 24 14.142 -26.142 -20 13.678 -27.558 -30.9 18.478 -19.654 -20 7.98 -33.784 -29.622
5 24 18.055 17.904 58.516 14.672 20.119 68.829 16.528 23.54 63.998 14.934 12.077 64.269
5 24 11.184 -34.957 -46.983 16.468 -33.139 -59.836 13.772 -27.088 -49.065 12.657 -39.867 -55.949
5 24 18.081 1.747 36.856 19.824 -6.176 37.924 16.785 -1.359 29.854 19.337 6.613 45.672
5 24 13.647 7.443 36.103 12.274 3.786 30.498 7.928 10.193 35.998 16.785 -1.359 29.854
5 24 19.17 -0.837 -29.647 20 -12 -20 20 0 -20 19.362 -9.725 -31.772
5 24 7.86 -11.666 -53.949 13.112 -18.21 -51.326 10.383 -3.21 -50.258 8.143 -16.847 -60.41
5 24 13.865 25.845 60.351 14.646 21.625 54.825 9.484 26.195 58.75 18.055 17.904 58.516
5 24 7.928 10.193 35.998 14.895 12.632 42.894 13.647 7.443 36.103 8.467 14.538 41.647
5 24 18.424 8.767 -40.525 17.365 10.909 -32.15 17.503 16.208 -34.804 19.339 2.437 -36.744
5 24 20 -12 20 18.603 -18.008 29.2 18.478 -19.654 20 19.56 -9.017 29.032
5 24 16.832 26.878 -42.798 17.396 20.071 -41.491 17.336 22.305 -37.346 14.83 19.617 -45.837
5 24 18.424 8.767 -40.525 14.83 19.617 -45.837 17.396 20.071 -41.491 14.129 11.621 -45.85
5 24 13.678 -27.558 -30.9 15.828 -21.686 -39.502 17.095 -19.512 -31.794 12.596 -30.076 -37.849
5 24 20.414 -2.334 47.864 19.411 -11.954 48.828 15.738 1.8 59.489 19.824 -6.176 37.924
5 24 16.832 26.878 -42.798 14.637 25.956 -46.928 16.289 32.886 -44.654 14.83 19.617 -45.837
5 24 10.383 -3.21 -50.258 13.112 -18.21 -51.326 17.999 -9.544 -42.262 7.86 -11.666 -53.949
5 24 17.365 10.909 -32.15 19.339 2.437 -36.744 19.17 -0.837 -29.647 18.424 8.767 -40.525
5 24 18.055 17.904 58.516 14.646 21.625 54.825 15.108 17.003 48.577 13.865 25.845 60.351
5 24 19.17 -0.837 -29.647 16.058 6.24 -27.291 17.365 10.909 -32.15 20 0 -20
5 24 18.478 -19.654 20 15.517 -24.515 29.498 18.603 -18.008 29.2 14.142 -26.142 20
5 24 9.067 22.834 53.831 15.108 17.003 48.577 8.606 18.68 47.454 14.646 21.625 54.825
5 24 17.336 22.305 -37.346 16.832 26.878 -42.798 17.396 20.071 -41.491 16.444 28.774 -39.329
5 24 18.424 8.767 -40.525 19.339 2.437 -36.744 17.365 10.909 -32.15 17.999 -9.544 -42.262
5 24 8.143 -16.847 -60.41 13.112 -18.21 -51.326 7.86 -11.666 -53.949 15.861 -24.459 -61.362
5 24 15.738 1.8 59.489 19.411 -11.954 48.828 20.414 -2.334 47.864 13.885 -6.861 59.353
5 24 6.143 -40.411 -44.756 6.498 -43.367 -50.657 0 -45.473 -49.09 12.657 -39.867 -55.949
5 24 0.091 -42.446 -44.093 6.143 -40.411 -44.756 0 -45.473 -49.09 -0.066 -38.922 -36.102
5 24 16.401 -23.703 37.304 9.922 -29.332 46.974 16.895 -22.214 47.677 9.806 -29.327 37.512
5 24 20.414 -2.334 47.864 15.738 1.8 59.489 19.411 -11.954 48.828 19.307 11.949 52.148
5 24 7.632 -27.937 53.945 16.895 -22.214 47.677 12.579 -19.728 57.526 9.922 -29.332 46.974
5 24 18.603 -18.008 29.2 15.517 -24.515 29.498 18.478 -19.654 20 16.401 -23.703 37.304
5 24 12.596 -30.076 -37.849 13.678 -27.558 -30.9 7.98 -33.784 -29.622 15.828 -21.686 -39.502
5 24 19.17 -0.837 -29.647 20 0 -20 16.058 6.24 -27.291 20 -12 -20
5 24 19.17 -0.837 -29.647 19.362 -9.725 -31.772 19.339 2.437 -36.744 20 -12 -20
5 24 7.101 -35.94 -36.677 0.047 -36.858 -29.323 7.98 -33.784 -29.622 -0.066 -38.922 -36.102
5 24 19.362 -9.725 -31.772 18.478 -19.654 -20 20 -12 -20 17.095 -19.512 -31.794
5 24 14.895 12.632 42.894 15.108 17.003 48.577 19.307 11.949 52.148 8.467 14.538 41.647
5 24 7.98 -33.784 -29.622 12.596 -30.076 -37.849 13.678 -27.558 -30.9 7.101 -35.94 -36.677
5 24 7.654 -30.478 20 0.577 -32.78 30.305 9.395 -29.488 30.035 0 -32 20
5 24 12.579 -19.728 57.526 19.411 -11.954 48.828 13.885 -6.861 59.353 16.895 -22.214 47.677
5 24 16.895 -22.214 47.677 9.922 -29.332 46.974 7.632 -27.937 53.945 16.401 -23.703 37.304
5 24 20 0 20 16.785 -1.359 29.854 12.274 3.786 30.498 19.56 -9.017 29.032
5 24 17.095 -19.512 -31.794 17.999 -9.544 -42.262 15.828 -21.686 -39.502 19.362 -9.725 -31.772
5 24 13.112 -18.21 -51.326 15.861 -24.459 -61.362 13.772 -27.088 -49.065 8.143 -16.847 -60.41
5 24 15.861 -24.459 -61.362 13.772 -27.088 -49.065 13.112 -18.21 -51.326 16.468 -33.139 -59.836
5 24 11.184 -34.957 -46.983 12.657 -39.867 -55.949 6.143 -40.411 -44.756 16.468 -33.139 -59.836
5 24 13.772 -27.088 -49.065 16.468 -33.139 -59.836 15.861 -24.459 -61.362 11.184 -34.957 -46.983
5 24 19.506 -15.059 38.075 18.603 -18.008 29.2 16.401 -23.703 37.304 19.56 -9.017 29.032
5 24 17.396 20.071 -41.491 14.83 19.617 -45.837 18.424 8.767 -40.525 16.832 26.878 -42.798
5 24 19.337 6.613 45.672 19.307 11.949 52.148 14.895 12.632 42.894 20.414 -2.334 47.864
5 24 9.922 -29.332 46.974 0.856 -32.607 45.52 1.035 -30.757 51.749 9.806 -29.327 37.512
5 24 13.678 -27.558 -30.9 7.98 -33.784 -29.622 12.596 -30.076 -37.849 14.142 -26.142 -20
5 24 12.596 -30.076 -37.849 7.101 -35.94 -36.677 7.98 -33.784 -29.622 11.184 -34.957 -46.983
5 24 18.081 1.747 36.856 16.785 -1.359 29.854 13.647 7.443 36.103 19.824 -6.176 37.924
5 24 9.806 -29.327 37.512 15.517 -24.515 29.498 16.401 -23.703 37.304 9.395 -29.488 30.035
5 24 0.856 -32.607 45.52 9.806 -29.327 37.512 9.922 -29.332 46.974 0.883 -32.738 36.944
5 24 7.654 -30.478 -20 7.98 -33.784 -29.622 14.142 -26.142 -20 0.047 -36.858 -29.323
5 24 16.444 28.774 -39.329 16.832 26.878 -42.798 17.336 22.305 -37.346 16.289 32.886 -44.654
5 24 19.362 -9.725 -31.772 17.999 -9.544 -42.262 17.095 -19.512 -31.794 19.339 2.437 -36.744
5 24 20 -12 -20 19.362 -9.725 -31.772 18.478 -19.654 -20 19.17 -0.837 -29.647
5 24 14.934 12.077 64.269 19.307 11.949 52.148 18.055 17.904 58.516 15.738 1.8 59.489
5 24 9.806 -29.327 37.512 0.883 -32.738 36.944 0.856 -32.607 45.52 9.395 -29.488 30.035
5 24 19.506 -15.059 38.075 19.56 -9.017 29.032 18.603 -18.008 29.2 19.824 -6.176 37.924
5 24 16.785 -1.359 29.854 13.647 7.443 36.103 18.081 1.747 36.856 12.274 3.786 30.498
5 24 6.143 -40.411 -44.756 -0.066 -38.922 -36.102 7.101 -35.94 -36.677 0.091 -42.446 -44.093
2 24 12.274 3.786 30.498 16.785 -1.359 29.854
2 24 16.785 -1.359 29.854 19.56 -9.017 29.032
