0 ~Sticker Bottom for Technic Panel Fairing Smooth (Short) Flat
0 Name: s\87080s01.dat
0 Author: Philippe Hurbain [Philo]
0 !LDRAW_ORG Unofficial_Subpart 
0 !LICENSE Redistributable under CCAL version 2.0 : see CAreadme.txt

0 BFC CERTIFY CCW


0 // Bottom surface

1 16 0 -0.25 0 1 0 0 0 -1 0 0 0 1 s\87080s02.dat
0 // Edge surface
4 16 -10.971 0 -65.837 -10.971 -0.25 -65.837 -11.537 -0.25 -65.239 -11.537 0 -65.239
4 16 -29.175 -0.25 -8.44 -29.175 0 -8.44 -30.78 0 -10.5 -30.78 -0.25 -10.5
4 16 -9.849 0 -66.209 -9.849 -0.25 -66.209 -10.971 -0.25 -65.837 -10.971 0 -65.837
4 16 -33.048 0 -21.458 -33.048 -0.25 -21.458 -31.277 -0.25 -11.8 -31.277 0 -11.8
4 16 -32.83 0 -22.928 -32.83 -0.25 -22.928 -33.048 -0.25 -21.458 -33.048 0 -21.458
4 16 12.92 0 -63.658 12.92 -0.25 -63.658 12.802 -0.25 -64.539 12.802 0 -64.539
4 16 -15.003 0 -25.552 -15.003 -0.25 -25.552 -17.118 -0.25 -24.453 -17.118 0 -24.453
4 16 13.432 0 -15.832 13.432 -0.25 -15.832 12.984 -0.25 -16.45 12.984 0 -16.45
4 16 -11.972 0 -63.874 -11.972 -0.25 -63.874 -11.97 -0.25 -31.586 -11.97 0 -31.586
4 16 19.507 0 -15.595 19.507 -0.25 -15.595 14.004 -0.25 -15.6 14.004 0 -15.6
4 16 15.527 0 20.745 15.527 -0.25 20.745 16.364 -0.25 20.359 16.364 0 20.359
4 16 -9.849 0 -66.209 -8.084 0 -66.3 -8.084 -0.25 -66.3 -9.849 -0.25 -66.209
4 16 -8.084 0 -66.3 10.504 0 -66.3 10.504 -0.25 -66.3 -8.084 -0.25 -66.3
4 16 10.504 0 -66.3 11.917 0 -65.795 11.917 -0.25 -65.795 10.504 -0.25 -66.3
4 16 11.917 0 -65.795 12.448 0 -65.249 12.448 -0.25 -65.249 11.917 -0.25 -65.795
4 16 12.448 0 -65.249 12.802 0 -64.539 12.802 -0.25 -64.539 12.448 -0.25 -65.249
4 16 12.92 0 -63.658 12.899 0 -17.286 12.899 -0.25 -17.286 12.92 -0.25 -63.658
4 16 12.899 0 -17.286 12.984 0 -16.45 12.984 -0.25 -16.45 12.899 -0.25 -17.286
4 16 13.432 0 -15.832 14.004 0 -15.6 14.004 -0.25 -15.6 13.432 -0.25 -15.832
4 16 19.507 0 -15.595 20.928 0 -15.089 20.928 -0.25 -15.089 19.507 -0.25 -15.595
4 16 20.928 0 -15.089 21.79 0 -13.866 21.79 -0.25 -13.866 20.928 -0.25 -15.089
4 16 21.79 0 -13.866 21.935 0 -12.382 21.935 -0.25 -12.382 21.79 -0.25 -13.866
4 16 21.935 0 -12.382 21.912 0 14.598 21.912 -0.25 14.598 21.935 -0.25 -12.382
4 16 21.912 0 14.598 21.561 0 15.884 21.561 -0.25 15.884 21.912 -0.25 14.598
4 16 21.561 0 15.884 20.983 0 16.632 20.983 -0.25 16.632 21.561 -0.25 15.884
4 16 20.983 0 16.632 16.364 0 20.359 16.364 -0.25 20.359 20.983 -0.25 16.632
4 16 15.527 0 20.745 14.695 0 20.693 14.695 -0.25 20.693 15.527 -0.25 20.745
4 16 14.695 0 20.693 14.004 0 20.3 14.004 -0.25 20.3 14.695 -0.25 20.693
4 16 14.004 0 20.3 -27.684 0 -7.447 -27.684 -0.25 -7.447 14.004 -0.25 20.3
4 16 -27.684 0 -7.447 -29.175 0 -8.44 -29.175 -0.25 -8.44 -27.684 -0.25 -7.447
4 16 -30.78 0 -10.5 -31.277 0 -11.8 -31.277 -0.25 -11.8 -30.78 -0.25 -10.5
4 16 -32.83 0 -22.928 -31.689 0 -23.918 -31.689 -0.25 -23.918 -32.83 -0.25 -22.928
4 16 -31.689 0 -23.918 -30.78 0 -24.1 -30.78 -0.25 -24.1 -31.689 -0.25 -23.918
4 16 -30.78 0 -24.1 -20.323 0 -24.1 -20.323 -0.25 -24.1 -30.78 -0.25 -24.1
4 16 -20.323 0 -24.1 -17.118 0 -24.453 -17.118 -0.25 -24.453 -20.323 -0.25 -24.1
4 16 -15.003 0 -25.552 -13.45 0 -27.089 -13.45 -0.25 -27.089 -15.003 -0.25 -25.552
4 16 -13.45 0 -27.089 -12.491 0 -29.214 -12.491 -0.25 -29.214 -13.45 -0.25 -27.089
4 16 -12.491 0 -29.214 -11.97 0 -31.586 -11.97 -0.25 -31.586 -12.491 -0.25 -29.214
4 16 -11.972 0 -63.874 -11.537 0 -65.239 -11.537 -0.25 -65.239 -11.972 -0.25 -63.874
5 24 21.79 -0.25 -13.866 21.79 0 -13.866 21.935 -0.25 -12.382 20.928 -0.25 -15.089
5 24 21.935 -0.25 -12.382 21.935 0 -12.382 21.912 -0.25 14.598 21.79 -0.25 -13.866
5 24 21.912 -0.25 14.598 21.912 0 14.598 21.561 -0.25 15.884 21.935 -0.25 -12.382
5 24 21.561 -0.25 15.884 21.561 0 15.884 20.983 -0.25 16.632 21.912 -0.25 14.598
5 24 20.983 -0.25 16.632 20.983 0 16.632 16.364 -0.25 20.359 21.561 -0.25 15.884
5 24 16.364 -0.25 20.359 16.364 0 20.359 15.527 -0.25 20.745 20.983 -0.25 16.632
5 24 15.527 -0.25 20.745 15.527 0 20.745 14.695 -0.25 20.693 16.364 -0.25 20.359
5 24 14.695 -0.25 20.693 14.695 0 20.693 14.004 -0.25 20.3 15.527 -0.25 20.745
5 24 14.004 -0.25 20.3 14.004 0 20.3 -27.684 -0.25 -7.447 14.695 -0.25 20.693
5 24 -27.684 -0.25 -7.447 -27.684 0 -7.447 -29.175 -0.25 -8.44 14.004 -0.25 20.3
5 24 -29.175 -0.25 -8.44 -29.175 0 -8.44 -30.78 -0.25 -10.5 -27.684 -0.25 -7.447
5 24 -30.78 -0.25 -10.5 -30.78 0 -10.5 -31.277 -0.25 -11.8 -29.175 -0.25 -8.44
5 24 -31.277 -0.25 -11.8 -31.277 0 -11.8 -33.048 -0.25 -21.458 -30.78 -0.25 -10.5
5 24 -33.048 -0.25 -21.458 -33.048 0 -21.458 -32.83 -0.25 -22.928 -31.277 -0.25 -11.8
5 24 -32.83 -0.25 -22.928 -32.83 0 -22.928 -31.689 -0.25 -23.918 -33.048 -0.25 -21.458
5 24 -31.689 -0.25 -23.918 -31.689 0 -23.918 -30.78 -0.25 -24.1 -32.83 -0.25 -22.928
5 24 -30.78 -0.25 -24.1 -30.78 0 -24.1 -20.323 -0.25 -24.1 -31.689 -0.25 -23.918
5 24 -20.323 -0.25 -24.1 -20.323 0 -24.1 -17.118 -0.25 -24.453 -30.78 -0.25 -24.1
5 24 -17.118 -0.25 -24.453 -17.118 0 -24.453 -15.003 -0.25 -25.552 -20.323 -0.25 -24.1
5 24 -15.003 -0.25 -25.552 -15.003 0 -25.552 -13.45 -0.25 -27.089 -17.118 -0.25 -24.453
5 24 -13.45 -0.25 -27.089 -13.45 0 -27.089 -12.491 -0.25 -29.214 -15.003 -0.25 -25.552
5 24 -12.491 -0.25 -29.214 -12.491 0 -29.214 -11.97 -0.25 -31.586 -13.45 -0.25 -27.089
5 24 -11.97 -0.25 -31.586 -11.97 0 -31.586 -11.972 -0.25 -63.874 -12.491 -0.25 -29.214
5 24 -11.972 -0.25 -63.874 -11.972 0 -63.874 -11.537 -0.25 -65.239 -11.97 -0.25 -31.586
5 24 -11.537 -0.25 -65.239 -11.537 0 -65.239 -11.972 -0.25 -63.874 -10.971 -0.25 -65.837
5 24 -10.971 -0.25 -65.837 -10.971 0 -65.837 -9.849 -0.25 -66.209 -11.537 -0.25 -65.239
5 24 -9.849 -0.25 -66.209 -9.849 0 -66.209 -8.084 -0.25 -66.3 -10.971 -0.25 -65.837
5 24 -8.084 -0.25 -66.3 -8.084 0 -66.3 10.504 -0.25 -66.3 -9.849 -0.25 -66.209
5 24 10.504 -0.25 -66.3 10.504 0 -66.3 11.917 -0.25 -65.795 -8.084 -0.25 -66.3
5 24 11.917 -0.25 -65.795 11.917 0 -65.795 12.448 -0.25 -65.249 10.504 -0.25 -66.3
5 24 12.448 -0.25 -65.249 12.448 0 -65.249 12.802 -0.25 -64.539 11.917 -0.25 -65.795
5 24 12.802 -0.25 -64.539 12.802 0 -64.539 12.92 -0.25 -63.658 12.448 -0.25 -65.249
5 24 12.92 -0.25 -63.658 12.92 0 -63.658 12.899 -0.25 -17.286 12.802 -0.25 -64.539
5 24 12.899 -0.25 -17.286 12.899 0 -17.286 12.984 -0.25 -16.45 12.92 -0.25 -63.658
5 24 12.984 -0.25 -16.45 12.984 0 -16.45 13.432 -0.25 -15.832 12.899 -0.25 -17.286
5 24 13.432 -0.25 -15.832 13.432 0 -15.832 14.004 -0.25 -15.6 12.984 -0.25 -16.45
5 24 14.004 -0.25 -15.6 14.004 0 -15.6 19.507 -0.25 -15.595 13.432 -0.25 -15.832
5 24 19.507 -0.25 -15.595 19.507 0 -15.595 20.928 -0.25 -15.089 14.004 -0.25 -15.6
5 24 20.928 -0.25 -15.089 20.928 0 -15.089 21.79 -0.25 -13.866 19.507 -0.25 -15.595
