0 ~Minifig Leg Left Long without Front and Side Surfaces
0 Name: s\87775s02.dat
0 Author: Magnus Forsberg [MagFors]
0 !LDRAW_ORG Unofficial_Subpart 
0 !LICENSE Redistributable under CCAL version 2.0 : see CAreadme.txt

0 BFC CERTIFY CCW


1 16 2 0 0 0 1 0 3 0 0 0 0 3 4-4ndis.dat
1 16 7.25 0 0 0 -1 0 3 0 0 0 0 3 4-4ndis.dat
0 BFC INVERTNEXT
1 16 2 0 0 0 5.25 0 3 0 0 0 0 3 4-4cylo.dat
1 16 10 38 5.7396 0 0 6 6 0 0 0.15625 1 0 4-4ndis.dat
1 16 10 38 9.7396 0 0 6 6 0 0 0.15625 -1 0 4-4ndis.dat
0 BFC INVERTNEXT
1 16 10 38 9.7396 0 0 6 6 0 0 0.15625 -4 0 4-4cylo.dat
0 BFC INVERTNEXT
1 16 10 18 -0.7812 0 0 6 6 0 0 0.15625 10 0 4-4cylc.dat
1 16 10 18 9.2188 0 0 6 6 1 0 0.15625 0 0 4-4ndis.dat
1 16 10.3238 40 -7 -8.82379 0 0 0 1 0 0 0 -3 recte4.dat

1 16 10.5 48 0 9 0 0 0 1 0 0 0 10 recte4.dat
1 16 10 48 0 6 0 0 0 1 0 0 0 6 recte4.dat
1 16 10 42.5 -4 6 0 0 0 1 0 0 0 2 recte4.dat
1 16 10 25.5 1.7 6 0 0 0 -1 0 0 0 -3.7 rect.dat
1 16 10 34 -2 0 0 -6 8.5 0 0 0 -1 0 rect2p.dat
1 16 1.75 3.349 8.4606 -0.25 0 0 0 1 0 0 0 -0.37661 rect.dat
1 16 10 45.25 -6 0 0 6 -2.75 0 0 0 -1 0 rect2p.dat
4 16 4.457 -4.296 7.449 5.722 -6.187 6.187 5.805 -6.31 6 4.457 -4.296 6
4 16 5.757 2.243 8.8084 5.757 2.243 6 7.25 3.24 6 7.704 3.543 8.8423
4 16 10 4 -2 10 4 8.8542 7.704 3.543 8.8423 7.704 3.543 -2
4 16 4 -1.99 8.354 2 0 8.75 2 -3.349 8.084 4.269 -3.349 8.084
3 16 4.398 0 8.75 4 -1.99 8.354 4 -2 6
4 16 4 -2 6 4.457 0.296 6 4.457 0.296 8.7577 4.398 0 8.75
4 16 5.757 2.243 8.8084 4.457 0.296 8.7577 4.457 0.296 6 5.757 2.243 6
4 16 4 18 9.2188 1.5 3.349 8.8372 2 3.349 8.8372 4 12 9.0625
4 16 4 38 5.7396 4 32 5.5834 4 25.5 -2 4 42.5 -2
3 16 4 32 5.5834 4 25.5 5.4 4 25.5 -2
3 16 4 42.5 -2 4 44 5.8959 4 38 5.7396
4 16 16 42.5 -2 16 42.5 -6 4 42.5 -6 4 42.5 -2
4 16 16 42.5 -2 16 25.5 -2 16 32 5.5834 16 38 5.7396
3 16 16 25.5 -2 16 25.5 5.4 16 32 5.5834
4 16 4 48 -6 4 48 6 4 42.5 -2 4 42.5 -6
3 16 4 42.5 -2 4 48 6 4 44 5.8959
4 16 16 44 5.8959 16 48 6 16 42.5 -6 16 42.5 -2
3 16 16 48 -6 16 42.5 -6 16 48 6
3 16 16 38 5.7396 16 44 5.8959 16 42.5 -2
4 16 10 44 5.8959 4 44 5.8959 4 48 6 16 48 6
4 16 4.457 -4.296 6 4 -2 6 4 -1.99 8.354 4.269 -3.349 8.084
3 16 4.457 -4.296 6 4.269 -3.349 8.084 4.457 -4.296 7.449
3 16 15.731 -3.349 8.084 16 -1.99 8.354 16 -2 6
4 16 15.543 -4.296 7.449 15.731 -3.349 8.084 16 -2 6 15.543 -4.296 6
3 16 1.5 40 -4 1.5 8.084 -3.349 1.5 8.75 0
3 16 1.5 8.084 -3.349 1.5 40 -4 1.5 7.657 -4
4 16 2 8.084 -3.349 2 8.75 0 1.5 8.75 0 1.5 8.084 -3.349
4 16 2 8.084 -3.349 1.5 8.084 -3.349 1.5 7.657 -4 2 7.657 -4
4 16 2 8.75 0 2 8.084 3.349 1.5 8.084 3.349 1.5 8.75 0
4 16 2 8.084 3.349 2 6.187 6.187 1.5 6.187 6.187 1.5 8.084 3.349
4 16 2 6.187 6.187 2 3.349 8.084 1.5 3.349 8.084 1.5 6.187 6.187
4 16 4.269 -3.349 8.084 2 -3.349 8.084 2 -6.187 6.187 4.457 -4.296 7.449
3 16 2 -6.187 6.187 5.722 -6.187 6.187 4.457 -4.296 7.449
3 16 7.25 3.24 6 5.757 2.243 6 4.457 0.296 6
4 16 4 -2 6 4.457 -4.296 6 5.805 -6.31 6 7.25 -5.5 6
3 16 15.543 0.296 6 14.75 1.483 6 16 -2 6
4 16 14.75 -5.5 6 15.543 -4.296 6 16 -2 6 14.75 1.483 6
4 16 4.457 0.296 6 4 -2 6 7.25 -5.5 6 7.25 3.24 6
4 16 7.25 -5.5 6 5.805 -6.31 6 14.216 -6.312 6 14.75 -5.5 6
3 16 14.298 -6.187 6.187 14.75 -5.5 6 14.216 -6.312 6
4 16 14.298 -6.187 6.187 15.543 -4.296 7.449 15.543 -4.296 6 14.75 -5.5 6
4 16 12.296 3.543 -4 14.243 2.243 -4 14.243 2.243 8.8084 12.296 3.543 8.8423
4 16 14.243 2.243 8.8084 14.243 2.243 -4 14.75 1.483 -4 14.75 1.483 6
4 16 7.704 3.543 8.8423 7.25 3.24 6 7.25 3.24 -4 7.704 3.543 -2
4 16 7.25 -5.5 1 7.25 -5.5 6 14.75 -5.5 6 14.75 -5.5 1
4 16 14.75 -4.036 -2.536 14.75 -5.119 -0.913 14.75 -5.5 1 14.75 -5.5 6
3 16 14.75 -5.5 6 14.75 1.483 6 14.75 1.483 -4
4 16 14.75 -4.036 -2.536 14.75 -5.5 6 14.75 1.483 -4 14.75 -2.413 -3.619
4 16 14.75 -2.413 -3.619 14.75 1.483 -4 7.25 1.483 -4 7.25 -2.413 -3.619
4 16 14.75 -4.036 -2.536 14.75 -2.413 -3.619 7.25 -2.413 -3.619 7.25 -4.036 -2.536
4 16 14.75 -5.119 -0.913 14.75 -4.036 -2.536 7.25 -4.036 -2.536 7.25 -5.119 -0.913
4 16 7.25 -5.5 1 14.75 -5.5 1 14.75 -5.119 -0.913 7.25 -5.119 -0.913
4 16 19.5 48 -10 1.5 48 -10 4 48 -6 16 48 -6
4 16 2 -8.75 0 2 -8.084 -3.349 17.0293 -8.084 -3.349 17 -8.75 0
4 16 17.1129 -6.187 -6.187 17.0293 -8.084 -3.349 2 -8.084 -3.349 2 -6.187 -6.187
4 16 17 -8.75 0 17.0293 -8.084 3.349 2 -8.084 3.349 2 -8.75 0
4 16 1.5 48 10 1.5 40 -4 1.5 8.75 0 1.5 8.084 3.349
4 16 1.5 48 10 1.5 48 -10 1.5 40 -10 1.5 40 -4
4 16 1.5 48 10 1.5 6.187 6.187 1.5 3.349 8.084 1.5 3.349 8.8372
3 16 1.5 48 10 1.5 8.084 3.349 1.5 6.187 6.187
4 16 16 48 -6 16 48 6 19.5 48 10 19.5 48 -10
4 16 1.5 48 -10 1.5 48 10 4 48 6 4 48 -6
4 16 1.5 48 10 19.5 48 10 16 48 6 4 48 6
3 16 4 38 9.7396 4 44 9.8959 1.5 48 10
3 16 19.5 48 10 16 44 9.8959 16 38 9.7396
4 16 17.2379 -3.349 8.084 17.3855 0 8.75 16 -1.99 8.354 15.731 -3.349 8.084
3 16 15.543 0.296 6 15.602 0 8.75 15.543 0.296 8.7577
4 16 15.543 0.296 6 16 -2 6 16 -1.99 8.354 15.602 0 8.75
4 16 15.543 0.296 8.7577 14.243 2.243 8.8084 14.75 1.483 6 15.543 0.296 6
4 16 2 0 3 2 -3 3 2 -3.349 8.084 2 0 8.75
3 16 2 0 8.75 2 3.349 8.8372 2 3.349 8.084
4 16 2 0 3 2 0 8.75 2 3.349 8.084 2 3 3
4 16 2 3 3 2 3.349 8.084 2 6.187 6.187 2 8.084 3.349
4 16 2 3 3 2 8.084 3.349 2 8.75 0 2 3 0
4 16 2 -6.187 6.187 2 -3.349 8.084 2 -3 3 2 -8.084 3.349
4 16 2 -8.084 3.349 2 -3 3 2 -3 0 2 -8.75 0
4 16 2 -8.084 -3.349 2 -8.75 0 2 -3 0 2 -3 -3
4 16 2 -6.187 -6.187 2 -8.084 -3.349 2 -3 -3 2 -3.349 -8.084
4 16 2 0 -8.75 2 -3.349 -8.084 2 -3 -3 2 0 -3
4 16 2 3.349 -8.084 2 0 -8.75 2 0 -3 2 3 -3
4 16 2 3 -3 2 3 0 2 8.75 0 2 8.084 -3.349
4 16 2 6.187 -6.187 2 3.349 -8.084 2 3 -3 2 7.399 -4
4 16 2 7.399 -4 2 3 -3 2 8.084 -3.349 2 7.657 -4
3 16 16 44 5.8959 10 44 5.8959 16 48 6
4 16 10 32 5.5834 16 32 5.5834 16 25.5 5.4 4 25.5 5.4
3 16 4 25.5 5.4 4 32 5.5834 10 32 5.5834
3 16 7.25 3 -3 7.25 2.243 -4 7.25 3.24 -4
4 16 7.25 0 -3 7.25 1.483 -4 7.25 2.243 -4 7.25 3 -3
3 16 7.25 3 0 7.25 3 -3 7.25 3.24 -4
4 16 7.25 3.24 -4 7.25 3.24 6 7.25 3 3 7.25 3 0
4 16 7.25 -3 -3 7.25 -2.413 -3.619 7.25 1.483 -4 7.25 0 -3
4 16 7.25 -5.119 -0.913 7.25 -4.036 -2.536 7.25 -3 -3 7.25 -3 0
3 16 7.25 -5.5 1 7.25 -5.119 -0.913 7.25 -3 0
4 16 7.25 -5.5 6 7.25 -5.5 1 7.25 -3 0 7.25 -3 3
3 16 7.25 -2.413 -3.619 7.25 -3 -3 7.25 -4.036 -2.536
4 16 7.25 -5.5 6 7.25 -3 3 7.25 0 3 7.25 3.24 6
3 16 7.25 3.24 6 7.25 0 3 7.25 3 3
4 16 4 32 9.5834 4 24 9.375 10 24 9.375 10 32 9.5834
4 16 16 24 9.375 16 32 9.5834 10 32 9.5834 10 24 9.375
4 16 16 12 9.0625 10 12 9.0625 10 4 8.8542 12.296 3.543 8.8423
4 16 4 12 9.0625 7.704 3.543 8.8423 10 4 8.8542 10 12 9.0625
3 16 16 12 9.0625 12.296 3.543 8.8423 14.243 2.243 8.8084
3 16 4 12 9.0625 5.757 2.243 8.8084 7.704 3.543 8.8423
3 16 4 12 9.0625 4.457 0.296 8.7577 5.757 2.243 8.8084
4 16 14.243 2.243 8.8084 15.543 0.296 8.7577 17.3855 0 8.75 16 12 9.0625
4 16 16 44 9.8959 19.5 48 10 1.5 48 10 10 44 9.8959
3 16 4 44 9.8959 10 44 9.8959 1.5 48 10
3 16 19.5 48 10 16 24 9.375 16 18 9.2188
4 16 16 12 9.0625 17.3855 0 8.75 19.5 48 10 16 18 9.2188
3 16 4 32 9.5834 4 38 9.7396 1.5 48 10
3 16 1.5 48 10 4 24 9.375 4 32 9.5834
4 16 4 18 9.2188 4 24 9.375 1.5 48 10 1.5 3.349 8.8372

4 16 4.398 0 8.75 4.457 0.296 8.7577 4 12 9.0625 2 0 8.75
3 16 16 32 9.5834 16 24 9.375 19.5 48 10
3 16 19.5 48 10 16 38 9.7396 16 32 9.5834
3 16 17.3855 0 8.75 15.602 0 8.75 16 -1.99 8.354
3 16 17.3855 0 8.75 15.543 0.296 8.7577 15.602 0 8.75
3 16 2 0 8.75 4 -1.99 8.354 4.398 0 8.75
3 16 2 3.349 8.8372 2 0 8.75 4 12 9.0625
4 16 14.243 2.243 -4 12.296 3.543 -4 7.25 3.24 -4 7.25 2.243 -4
4 16 14.75 1.483 -4 14.243 2.243 -4 7.25 2.243 -4 7.25 1.483 -4
3 16 7.25 3.24 -4 10 4 -2 7.704 3.543 -2
3 16 12.296 3.543 -4 10 4 -2 7.25 3.24 -4
4 16 15.543 -4.296 7.449 17.1129 -6.187 6.187 17.2379 -3.349 8.084 15.731 -3.349 8.084
3 16 17.1129 -6.187 6.187 15.543 -4.296 7.449 14.298 -6.187 6.187
4 16 2 -6.187 6.187 2 -8.084 3.349 5.805 -6.31 6 5.722 -6.187 6.187
4 16 14.216 -6.312 6 17.0293 -8.084 3.349 17.1129 -6.187 6.187 14.298 -6.187 6.187
4 16 17.0293 -8.084 3.349 14.216 -6.312 6 5.805 -6.31 6 2 -8.084 3.349
4 16 10 4 8.8542 10 4 -2 12.296 3.543 -4 12.296 3.543 8.8423

2 24 14.75 1.483 6 14.75 1.483 -4
2 24 19.5 48 -10 19.1476 40 -10
2 24 17.533 3.349 -8.084 17.658 6.187 -6.187
2 24 19.1476 40 -4 17.7114 7.399 -4
2 24 14.75 -5.5 6 14.75 -5.5 1
2 24 2 -6.187 -6.187 2 -3.349 -8.084
2 24 1.5 3.349 8.084 1.5 6.187 6.187
5 24 12.296 3.543 8.8423 12.296 3.543 -4 10 4 -2 14.243 2.243 8.8084
2 24 7.25 1.483 -4 7.25 -2.413 -3.619
2 24 15.731 -3.349 8.084 16 -1.99 8.354
2 24 7.25 2.243 -4 7.25 3.24 -4
2 24 16 44 5.8959 16 38 5.7396
2 24 4.457 -4.296 6 4 -2 6
5 24 15.543 0.296 6 15.543 0.296 8.7577 14.75 1.483 6 16 -1.99 8.354
2 24 14.216 -6.312 6 14.298 -6.187 6.187
2 24 17.3855 0 8.75 17.2379 -3.349 8.084
2 24 4 32 5.5834 4 25.5 5.4
2 24 14.75 -5.5 6 15.543 -4.296 6
5 24 17.2379 -3.349 8.084 15.731 -3.349 8.084 17.3855 0 8.75 15.543 -4.296 7.449
2 24 7.25 -5.5 6 7.25 3.24 6
2 24 17.1129 -6.187 6.187 17.0293 -8.084 3.349
2 24 17.7114 7.399 -4 17.658 6.187 -6.187
2 24 2 -3.349 -8.084 2 0 -8.75
2 24 2 0 -8.75 2 3.349 -8.084
5 24 14.75 -2.413 -3.619 7.25 -2.413 -3.619 7.25 1.483 -4 14.75 -4.036 -2.536
2 24 2 7.657 -4 1.5 7.657 -4
2 24 14.216 -6.312 6 14.75 -5.5 6
2 24 2 8.084 3.349 2 6.187 6.187
2 24 14.75 -2.413 -3.619 14.75 1.483 -4
2 24 2 6.187 6.187 2 3.349 8.084
2 24 16 25.5 5.4 16 32 5.5834
2 24 12.296 3.543 -4 14.243 2.243 -4
2 24 15.602 0 8.75 16 -1.99 8.354
2 24 15.543 0.296 8.7577 15.602 0 8.75
5 24 14.75 1.483 -4 7.25 1.483 -4 7.25 2.243 -4 14.75 -2.413 -3.619
5 24 17.0293 -8.084 -3.349 2 -8.084 -3.349 17.1129 -6.187 -6.187 2 -8.75 0
2 24 16 -2 6 15.543 -4.296 6
2 24 4 32 5.5834 4 38 5.7396
5 24 1.5 8.75 0 2 8.75 0 1.5 8.084 3.349 2 8.084 -3.349
2 24 14.243 2.243 8.8084 12.296 3.543 8.8423
5 24 4.457 -4.296 7.449 4.457 -4.296 6 5.805 -6.31 6 4.269 -3.349 8.084
2 24 2 0 8.75 2 3.349 8.8372
2 24 5.757 2.243 8.8084 4.457 0.296 8.7577
5 24 14.75 -4.036 -2.536 7.25 -4.036 -2.536 7.25 -2.413 -3.619 14.75 -5.119 -0.913
2 24 14.75 -5.119 -0.913 14.75 -4.036 -2.536
5 24 2 8.084 -3.349 1.5 8.084 -3.349 1.5 8.75 0 1.5 7.657 -4
2 24 14.75 -5.5 6 7.25 -5.5 6
2 24 1.5 8.084 3.349 1.5 8.75 0
2 24 2 -8.084 -3.349 2 -6.187 -6.187
5 24 4.457 0.296 8.7577 4.457 0.296 6 4 -2 6 5.757 2.243 8.8084
2 24 4 -2 6 4.457 0.296 6
2 24 4 38 5.7396 4 44 5.8959
2 24 7.25 -5.5 1 7.25 -5.119 -0.913
2 24 5.805 -6.31 6 5.722 -6.187 6.187
2 24 5.757 2.243 6 4.457 0.296 6
2 24 2 7.399 -4 2 7.657 -4
5 24 15.543 -4.296 6 15.543 -4.296 7.449 16 -2 6 14.298 -6.187 6.187
2 24 2 -8.084 3.349 2 -8.75 0
5 24 4 -1.99 8.354 4 -2 6 4.457 0.296 8.7577 4.457 -4.296 6
5 24 2 -3.349 8.084 4.269 -3.349 8.084 2 0 8.75 2 -6.187 6.187
2 24 1.5 8.084 -3.349 1.5 8.75 0
5 24 10 4 -2 7.704 3.543 -2 7.25 3.24 -4 7.704 3.543 8.8423
2 24 12.296 3.543 8.8423 10 4 8.8542
5 24 2 -8.75 0 17 -8.75 0 2 -8.084 3.349 17.0293 -8.084 -3.349
2 24 16 44 5.8959 16 48 6
2 24 2 0 8.75 2 -3.349 8.084
2 24 15.731 -3.349 8.084 15.543 -4.296 7.449
2 24 1.5 48 10 1.5 3.349 8.8372
2 24 2 3.349 -8.084 2 6.187 -6.187
5 24 14.243 2.243 8.8084 14.243 2.243 -4 14.75 1.483 -4 12.296 3.543 -4
2 24 1.5 8.084 3.349 1.5 6.187 6.187
5 24 5.757 2.243 6 5.757 2.243 8.8084 4.457 0.296 6 7.25 3.24 6
2 24 4.398 0 8.75 4.457 0.296 8.7577
2 24 4 -1.99 8.354 4.398 0 8.75
2 24 17.3855 0 -8.75 17.533 3.349 -8.084
5 24 1.5 8.084 3.349 2 8.084 3.349 2 8.75 0 1.5 6.187 6.187
2 24 2 8.084 -3.349 2 8.75 0
2 24 16 38 5.7396 16 32 5.5834
5 24 17.1129 -6.187 -6.187 2 -6.187 -6.187 17.2379 -3.349 -8.084 2 -8.084 -3.349
2 24 2 6.187 -6.187 2 7.399 -4
2 24 4 48 6 4 44 5.8959
2 24 5.722 -6.187 6.187 4.457 -4.296 7.449
5 24 14.75 -5.119 -0.913 7.25 -5.119 -0.913 7.25 -4.036 -2.536 14.75 -5.5 1
2 24 17.1129 -6.187 -6.187 17.2379 -3.349 -8.084
2 24 7.25 -4.036 -2.536 7.25 -2.413 -3.619
2 24 7.25 1.483 -4 7.25 2.243 -4
2 24 14.75 -4.036 -2.536 14.75 -2.413 -3.619
2 24 7.25 3.24 6 5.757 2.243 6
2 24 10 4 8.8542 7.704 3.543 8.8423
5 24 12.296 3.543 -4 10 4 -2 7.25 3.24 -4 10 4 8.8542
2 24 7.704 3.543 8.8423 5.757 2.243 8.8084
2 24 7.25 -4.036 -2.536 7.25 -5.119 -0.913
2 24 1.5 7.657 -4 1.5 40 -4
2 24 17 -8.75 0 17.0293 -8.084 -3.349
2 24 1.5 7.657 -4 1.5 8.084 -3.349
2 24 5.805 -6.31 6 4.457 -4.296 6
2 24 14.75 -5.5 6 14.75 1.483 6
2 24 17.2379 -3.349 8.084 17.1129 -6.187 6.187
5 24 16 -1.99 8.354 16 -2 6 15.543 0.296 6 15.731 -3.349 8.084
2 24 17.0293 -8.084 3.349 17 -8.75 0
2 24 7.25 3.24 -4 12.296 3.543 -4
2 24 15.543 -4.296 7.449 14.298 -6.187 6.187
2 24 17.0293 -8.084 -3.349 17.1129 -6.187 -6.187
2 24 2 8.75 0 2 8.084 3.349
2 24 2 -3.349 8.084 2 -6.187 6.187
2 24 2 -6.187 6.187 2 -8.084 3.349
5 24 10 4 -2 10 4 8.8542 7.704 3.543 8.8423 12.296 3.543 8.8423
2 24 4.269 -3.349 8.084 4.457 -4.296 7.449
2 24 7.25 3.24 6 7.25 3.24 -4
5 24 2 -8.084 3.349 17.0293 -8.084 3.349 17 -8.75 0 5.805 -6.31 6
5 24 7.704 3.543 -2 7.25 3.24 -4 10 4 -2 7.25 3.24 6
2 24 7.25 -5.5 1 7.25 -5.5 6
2 24 17.3855 0 8.75 19.5 48 10
2 24 14.75 -5.5 1 14.75 -5.119 -0.913
2 24 2 7.657 -4 2 8.084 -3.349
2 24 14.243 2.243 -4 14.75 1.483 -4
2 24 1.5 40 -10 1.5 48 -10
2 24 17.7114 7.399 -4 2 7.399 -4
2 24 4.269 -3.349 8.084 4 -1.99 8.354
2 24 15.543 0.296 8.7577 14.243 2.243 8.8084
2 24 16 -2 6 15.543 0.296 6
2 24 15.543 0.296 6 14.75 1.483 6
2 24 17.2379 -3.349 -8.084 17.3855 0 -8.75
2 24 2 -8.75 0 2 -8.084 -3.349
5 24 1.5 6.187 6.187 2 6.187 6.187 2 8.084 3.349 1.5 3.349 8.084
5 24 7.704 3.543 8.8423 7.704 3.543 -2 7.25 3.24 -4 10 4 -2
5 24 7.25 3.24 -4 10 4 -2 12.296 3.543 -4 7.704 3.543 -2
5 24 2 -6.187 6.187 5.722 -6.187 6.187 4.457 -4.296 7.449 5.805 -6.31 6
2 24 5.805 -6.31 6 14.216 -6.312 6
5 24 15.602 0 8.75 17.3855 0 8.75 17.2379 -3.349 8.084 19.5 48 10
5 24 4.398 0 8.75 2 0 8.75 2 -3.349 8.084 2 3.349 8.8372
5 24 14.75 -5.5 1 7.25 -5.5 1 7.25 -5.119 -0.913 7.25 -5.5 6
5 24 14.298 -6.187 6.187 17.1129 -6.187 6.187 17.0293 -8.084 3.349 17.2379 -3.349 8.084
