0 ~Animal Puppy Standing with Bright Light Blue Eyes, Black Nose and Mouth and Reddish Brown Patch and Spots Pattern - Left Body
0 Name: s\93088p02s02.dat
0 Author: Takeshi Takahashi [RainbowDolphin]
0 !LDRAW_ORG Unofficial_Subpart 
0 !LICENSE Redistributable under CCAL version 2.0 : see CAreadme.txt

0 BFC CERTIFY CCW


3 16 4.528 -30.72 14.838 7.129 -29.623 9.559 6.607 -29.331 14.464
3 16 4.205 -29.86 6.599 4.272 -28.733 3.141 6.467 -28.126 5.662
3 16 4.272 -28.733 3.141 6.103 -27.445 2.603 6.467 -28.126 5.662
3 16 9.877 -9.953 13.548 10.779 -8.006 12.799 10.228 -8.058 15.94
3 16 9.577 -10.235 15.562 9.877 -9.953 13.548 10.228 -8.058 15.94
4 70 7.64821 -28.9 9.9 7.7148 -28.76909 9.50728 10.708 -24.406 9.243 10.316 -25.397 14.075
3 70 7.64821 -28.9 9.9 10.316 -25.397 14.075 7.73418 -28.82053 10.41653
3 16 7.129 -29.623 9.559 7.7148 -28.76909 9.50728 7.64821 -28.9 9.9
3 16 7.129 -29.623 9.559 7.64821 -28.9 9.9 7.73418 -28.82053 10.41653
4 70 7.71928 -28.7 11.2 7.73418 -28.82053 10.41653 10.316 -25.397 14.075 7.8153 -28.3 12.9
4 70 8.2098 -27.7 13.9 7.8153 -28.3 12.9 10.316 -25.397 14.075 8.38219 -27.44812 14.27782
4 16 6.607 -29.331 14.464 7.129 -29.623 9.559 7.71928 -28.7 11.2 7.8153 -28.3 12.9
3 16 6.607 -29.331 14.464 7.8153 -28.3 12.9 8.2098 -27.7 13.9
3 16 6.607 -29.331 14.464 8.2098 -27.7 13.9 8.38219 -27.44812 14.27782
3 16 7.129 -29.623 9.559 7.73418 -28.82053 10.41653 7.71928 -28.7 11.2
3 16 5.543 -10.621 18.562 9.577 -10.235 15.562 7.96343 -9.31013 17.22095
3 16 5.543 -10.621 18.562 7.96343 -9.31013 17.22095 5.915 -8.136 19.327
3 16 8.426 -9.433 -9.589 10.821 -7.984 -12.578 11.224 -5.007 -9.125
4 70 10.96702 -18.6 10.9 11.04703 -19.163 10.71233 11.276 -18.765 9.39 10.92957 -17.6 10.7
3 70 11.276 -18.765 9.39 10.98151 -17.25885 10.30199 10.92957 -17.6 10.7
4 70 10.64874 -18.8 12.6 10.50715 -18.72317 13.2915 10.516 -20.086 13.779 10.80912 -19.1 11.9
3 70 10.516 -20.086 13.779 10.88417 -19.44606 11.65281 10.80912 -19.1 11.9
4 16 10.481 -14.699 11.852 10.50715 -18.72317 13.2915 10.64874 -18.8 12.6 10.92957 -17.6 10.7
3 16 10.92957 -17.6 10.7 10.98151 -17.25885 10.30199 10.481 -14.699 11.852
4 16 10.88417 -19.44606 11.65281 11.04703 -19.163 10.71233 10.96702 -18.6 10.9 10.80912 -19.1 11.9
4 16 10.80912 -19.1 11.9 10.96702 -18.6 10.9 10.92957 -17.6 10.7 10.64874 -18.8 12.6
4 70 10.40364 -18.7 13.5 10.20048 -18.75586 13.94689 10.516 -20.086 13.779 10.50715 -18.72317 13.2915
4 16 9.473 -15.689 14.334 10.20048 -18.75586 13.94689 10.40364 -18.7 13.5 10.481 -14.699 11.852
3 16 10.50715 -18.72317 13.2915 10.481 -14.699 11.852 10.40364 -18.7 13.5
3 16 9.623 -17.877 5.733 4.687 -13.927 8.14 10.044 -13.529 10.037
4 70 10.60938 -16.8 9.1 10.84076 -16.91524 9.61857 11.276 -18.765 9.39 10.33095 -16.9 8.3
4 70 10.16559 -17.4 7.5 10.33095 -16.9 8.3 11.276 -18.765 9.39 10.15357 -17.9 7.1
3 70 11.276 -18.765 9.39 10.20359 -18.18889 7.01746 10.15357 -17.9 7.1
3 16 10.84076 -16.91524 9.61857 10.60938 -16.8 9.1 10.044 -13.529 10.037
3 16 10.33095 -16.9 8.3 10.044 -13.529 10.037 10.60938 -16.8 9.1
4 16 10.044 -13.529 10.037 10.33095 -16.9 8.3 10.16559 -17.4 7.5 9.623 -17.877 5.733
3 16 10.15357 -17.9 7.1 9.623 -17.877 5.733 10.16559 -17.4 7.5
3 16 10.20359 -18.18889 7.01746 9.623 -17.877 5.733 10.15357 -17.9 7.1
4 70 10.708 -24.406 9.243 7.7148 -28.76909 9.50728 7.61026 -28.6 9 7.66556 -27.9 8
4 70 8.08531 -27 7.5 8.41405 -26.41814 7.30605 10.708 -24.406 9.243 7.66556 -27.9 8
3 16 6.467 -28.126 5.662 8.41405 -26.41814 7.30605 8.08531 -27 7.5
3 16 6.467 -28.126 5.662 8.08531 -27 7.5 7.66556 -27.9 8
4 16 6.467 -28.126 5.662 7.66556 -27.9 8 7.61026 -28.6 9 7.129 -29.623 9.559
3 16 7.129 -29.623 9.559 7.61026 -28.6 9 7.7148 -28.76909 9.50728
4 70 9.81141 -24.3 7.5 10.19656 -23.95161 7.81355 10.708 -24.406 9.243 9.04831 -25.1 7
4 70 8.67701 -25.8 7.1 9.04831 -25.1 7 10.708 -24.406 9.243 8.41405 -26.41814 7.30605
3 16 9.81141 -24.3 7.5 9.211 -23.076 5.059 10.19656 -23.95161 7.81355
3 16 9.04831 -25.1 7 9.211 -23.076 5.059 9.81141 -24.3 7.5
4 16 9.211 -23.076 5.059 9.04831 -25.1 7 8.67701 -25.8 7.1 6.467 -28.126 5.662
3 16 6.467 -28.126 5.662 8.67701 -25.8 7.1 8.41405 -26.41814 7.30605
3 16 3.729 -31.586 11.808 4.205 -29.86 6.599 7.129 -29.623 9.559
3 16 4.205 -29.86 6.599 6.467 -28.126 5.662 7.129 -29.623 9.559
3 16 10.202 -17.468 2.195 9.72 -17.332 -2.14 8.104 -13.581 -2.005
3 16 10.202 -17.468 2.195 8.104 -13.581 -2.005 5.37 -13.03 2.883
3 16 9.623 -17.877 5.733 5.37 -13.03 2.883 4.687 -13.927 8.14
3 16 9.623 -17.877 5.733 10.202 -17.468 2.195 5.37 -13.03 2.883
3 16 6.103 -27.445 2.603 10.024 -22.94 2.114 9.211 -23.076 5.059
3 16 6.467 -28.126 5.662 6.103 -27.445 2.603 9.211 -23.076 5.059
4 70 11.07813 -20.4 9.9 11.0717 -20.79401 9.33713 11.276 -18.765 9.39 11.10224 -19.96542 10.23801
4 70 10.97467 -21 10.6 10.99136 -20.73137 10.77909 10.316 -25.397 14.075 10.89226 -22.1 10.1
4 70 10.89226 -22.1 10.1 10.316 -25.397 14.075 10.708 -24.406 9.243 10.90328 -22.46657 9.29354
3 16 11.0717 -20.79401 9.33713 11.07813 -20.4 9.9 10.89226 -22.1 10.1
3 16 10.89226 -22.1 10.1 10.90328 -22.46657 9.29354 11.0717 -20.79401 9.33713
3 16 10.97467 -21 10.6 10.89226 -22.1 10.1 11.07813 -20.4 9.9
3 16 11.07813 -20.4 9.9 10.99136 -20.73137 10.77909 10.97467 -21 10.6
3 16 10.99136 -20.73137 10.77909 11.07813 -20.4 9.9 11.10224 -19.96542 10.23801
4 70 11.05591 -19.5 10.6 11.10224 -19.96542 10.23801 11.276 -18.765 9.39 11.04703 -19.163 10.71233
4 70 10.9157 -19.8 11.4 10.88417 -19.44606 11.65281 10.516 -20.086 13.779 10.316 -25.397 14.075
3 70 10.316 -25.397 14.075 10.99136 -20.73137 10.77909 10.9157 -19.8 11.4
4 16 10.99136 -20.73137 10.77909 11.10224 -19.96542 10.23801 11.05591 -19.5 10.6 10.9157 -19.8 11.4
4 16 10.88417 -19.44606 11.65281 10.9157 -19.8 11.4 11.05591 -19.5 10.6 11.04703 -19.163 10.71233
4 70 10.87498 -21.1 8.9 10.32709 -21.6 7.6 11.276 -18.765 9.39 11.0717 -20.79401 9.33713
4 70 10.14286 -21.5 7.1 10.13582 -21.1453 6.99866 11.276 -18.765 9.39 10.32709 -21.6 7.6
4 70 10.77771 -22.6 9 10.90328 -22.46657 9.29354 10.708 -24.406 9.243 10.48232 -23.3 8.4
3 70 10.708 -24.406 9.243 10.19656 -23.95161 7.81355 10.48232 -23.3 8.4
3 16 9.211 -23.076 5.059 10.13582 -21.1453 6.99866 10.14286 -21.5 7.1
4 16 9.211 -23.076 5.059 10.14286 -21.5 7.1 10.32709 -21.6 7.6 10.48232 -23.3 8.4
4 16 10.48232 -23.3 8.4 10.32709 -21.6 7.6 10.87498 -21.1 8.9 10.77771 -22.6 9
3 16 10.90328 -22.46657 9.29354 10.77771 -22.6 9 10.87498 -21.1 8.9
3 16 10.90328 -22.46657 9.29354 10.87498 -21.1 8.9 11.0717 -20.79401 9.33713
3 16 10.19656 -23.95161 7.81355 9.211 -23.076 5.059 10.48232 -23.3 8.4
4 70 10.1417 -18.6 6.9 10.20359 -18.18889 7.01746 11.276 -18.765 9.39 10.16336 -19.8 7
4 70 10.09766 -20.8 6.9 10.16336 -19.8 7 11.276 -18.765 9.39 10.13582 -21.1453 6.99866
3 16 10.1417 -18.6 6.9 9.623 -17.877 5.733 10.20359 -18.18889 7.01746
4 16 9.623 -17.877 5.733 10.1417 -18.6 6.9 10.16336 -19.8 7 10.09766 -20.8 6.9
4 16 9.211 -23.076 5.059 9.623 -17.877 5.733 10.09766 -20.8 6.9 10.13582 -21.1453 6.99866
3 16 9.211 -23.076 5.059 10.024 -22.94 2.114 10.615 -20.329 2.107
3 16 9.211 -23.076 5.059 10.615 -20.329 2.107 9.623 -17.877 5.733
3 16 10.615 -20.329 2.107 10.202 -17.468 2.195 9.623 -17.877 5.733
3 16 10.615 -20.329 2.107 9.72 -17.332 -2.14 10.202 -17.468 2.195
3 16 10.615 -20.329 2.107 10.008 -19.98 -2.071 9.72 -17.332 -2.14
3 16 5.014 -16.072 17.056 9.473 -15.689 14.334 9.577 -10.235 15.562
3 16 5.014 -16.072 17.056 9.577 -10.235 15.562 5.543 -10.621 18.562
3 16 9.473 -15.689 14.334 10.481 -14.699 11.852 9.577 -10.235 15.562
3 16 10.481 -14.699 11.852 9.877 -9.953 13.548 9.577 -10.235 15.562
3 16 5.482 -10.326 -13.587 10.821 -7.984 -12.578 8.426 -9.433 -9.589
3 16 5.331 -13.491 -11.736 5.482 -10.326 -13.587 8.426 -9.433 -9.589
3 16 5.331 -13.491 -11.736 8.426 -9.433 -9.589 8.131 -12.612 -8.319
3 16 5.248 -16.406 -11.831 5.331 -13.491 -11.736 9.197 -15.894 -7.739
3 16 9.197 -15.894 -7.739 5.331 -13.491 -11.736 8.131 -12.612 -8.319
3 16 8.426 -9.433 -9.589 11.224 -5.007 -9.125 7.743 -6.535 -5.476
3 16 7.159 -10.031 -4.038 8.426 -9.433 -9.589 7.743 -6.535 -5.476
3 16 8.131 -12.612 -8.319 8.426 -9.433 -9.589 7.159 -10.031 -4.038
3 16 9.197 -15.894 -7.739 8.131 -12.612 -8.319 8.104 -13.581 -2.005
3 16 8.104 -13.581 -2.005 8.131 -12.612 -8.319 7.159 -10.031 -4.038
4 70 7.92986 -26.9 15.1 8.38219 -27.44812 14.27782 10.316 -25.397 14.075 7.86485 -26.72564 15.29021
4 16 6.607 -29.331 14.464 8.38219 -27.44812 14.27782 7.92986 -26.9 15.1 4.287 -28.665 17.064
3 16 4.287 -28.665 17.064 7.92986 -26.9 15.1 7.86485 -26.72564 15.29021
4 70 7.48042 -24.8 16.8 7.6811 -25.17291 16.61355 10.316 -25.397 14.075 10.516 -20.086 13.779
3 70 7.48042 -24.8 16.8 10.516 -20.086 13.779 7.34612 -24.15586 16.91712
3 16 7.6811 -25.17291 16.61355 7.48042 -24.8 16.8 6.624 -25.083 17.632
3 16 6.624 -25.083 17.632 7.48042 -24.8 16.8 7.34612 -24.15586 16.91712
4 70 7.29503 -23.7 17 7.34612 -24.15586 16.91712 10.516 -20.086 13.779 7.72696 -22.7 16.6
3 70 7.72696 -22.7 16.6 10.516 -20.086 13.779 8.44517 -21.6 15.9
3 70 8.44517 -21.6 15.9 10.516 -20.086 13.779 8.49319 -20.77112 15.9
4 16 6.624 -25.083 17.632 7.34612 -24.15586 16.91712 7.29503 -23.7 17 6.849 -21.328 17.624
3 16 7.29503 -23.7 17 7.72696 -22.7 16.6 6.849 -21.328 17.624
4 16 6.849 -21.328 17.624 7.72696 -22.7 16.6 8.44517 -21.6 15.9 8.49319 -20.77112 15.9
3 16 6.849 -21.328 17.624 9.473 -15.689 14.334 5.014 -16.072 17.056
4 70 8.46276 -20.5 15.9 8.49319 -20.77112 15.9 10.516 -20.086 13.779 8.76894 -19.7 15.5
4 70 9.29557 -19.1 14.9 8.76894 -19.7 15.5 10.516 -20.086 13.779 9.85587 -18.8 14.3
3 70 10.516 -20.086 13.779 10.20048 -18.75586 13.94689 9.85587 -18.8 14.3
3 16 6.849 -21.328 17.624 8.49319 -20.77112 15.9 8.46276 -20.5 15.9
4 16 6.849 -21.328 17.624 8.46276 -20.5 15.9 8.76894 -19.7 15.5 9.473 -15.689 14.334
3 16 8.76894 -19.7 15.5 9.29557 -19.1 14.9 9.473 -15.689 14.334
3 16 9.29557 -19.1 14.9 9.85587 -18.8 14.3 9.473 -15.689 14.334
3 16 9.85587 -18.8 14.3 10.20048 -18.75586 13.94689 9.473 -15.689 14.334
3 16 3.729 -31.586 11.808 7.129 -29.623 9.559 4.528 -30.72 14.838
4 70 10.89305 -17 10 10.98151 -17.25885 10.30199 11.276 -18.765 9.39 10.84076 -16.91524 9.61857
4 16 10.481 -14.699 11.852 10.98151 -17.25885 10.30199 10.89305 -17 10 10.044 -13.529 10.037
3 16 10.89305 -17 10 10.84076 -16.91524 9.61857 10.044 -13.529 10.037
3 16 10.481 -14.699 11.852 10.044 -13.529 10.037 9.877 -9.953 13.548
3 16 10.044 -13.529 10.037 8.946 -9.772 11.821 9.877 -9.953 13.548
3 16 9.877 -9.953 13.548 8.946 -9.772 11.821 10.779 -8.006 12.799
3 16 3.365 -30.202 16.829 6.607 -29.331 14.464 4.287 -28.665 17.064
3 16 4.528 -30.72 14.838 6.607 -29.331 14.464 3.365 -30.202 16.829
3 16 9.72 -17.332 -2.14 9.197 -15.894 -7.739 8.104 -13.581 -2.005
3 16 9.387 -17.838 -7.536 9.197 -15.894 -7.739 9.72 -17.332 -2.14
3 16 10.008 -19.98 -2.071 9.379 -19.825 -7.885 9.387 -17.838 -7.536
3 16 10.008 -19.98 -2.071 9.387 -17.838 -7.536 9.72 -17.332 -2.14
3 16 5.1815 -18.5595 -12.21 9.197 -15.894 -7.739 9.387 -17.838 -7.536
3 16 5.1815 -18.5595 -12.21 5.248 -16.406 -11.831 9.197 -15.894 -7.739
3 16 9.379 -19.825 -7.885 5.1815 -18.5595 -12.21 9.387 -17.838 -7.536
3 16 5.845 -29.537 -4.279 6.314 -26.46 -3.466 3.604 -29.436 -0.922
3 16 6.564 -27.602 -7.587 6.034 -25.508 -10.849 8.106 -22.812 -7.482
3 16 6.034 -25.508 -10.849 4.999 -20.677 -12.296 8.106 -22.812 -7.482
3 16 6.103 -27.445 2.603 6.904 -26.932 -0.884 10.024 -22.94 2.114
3 16 6.904 -26.932 -0.884 9.431 -22.679 -1.594 10.024 -22.94 2.114
3 16 6.564 -27.602 -7.587 8.106 -22.812 -7.482 6.314 -26.46 -3.466
3 16 5.845 -29.537 -4.279 6.564 -27.602 -7.587 6.314 -26.46 -3.466
3 16 8.106 -22.812 -7.482 4.999 -20.677 -12.296 9.379 -19.825 -7.885
3 16 4.999 -20.677 -12.296 5.1815 -18.5595 -12.21 9.379 -19.825 -7.885
3 16 9.431 -22.679 -1.594 9.379 -19.825 -7.885 10.008 -19.98 -2.071
3 16 8.106 -22.812 -7.482 9.379 -19.825 -7.885 9.431 -22.679 -1.594
3 16 10.024 -22.94 2.114 10.008 -19.98 -2.071 10.615 -20.329 2.107
3 16 10.024 -22.94 2.114 9.431 -22.679 -1.594 10.008 -19.98 -2.071
3 16 6.314 -26.46 -3.466 8.106 -22.812 -7.482 9.431 -22.679 -1.594
3 16 6.904 -26.932 -0.884 6.314 -26.46 -3.466 9.431 -22.679 -1.594
3 16 4.272 -28.733 3.141 6.904 -26.932 -0.884 6.103 -27.445 2.603
3 16 3.604 -29.436 -0.922 6.904 -26.932 -0.884 4.272 -28.733 3.141
3 16 3.604 -29.436 -0.922 6.314 -26.46 -3.466 6.904 -26.932 -0.884
3 16 9.577 -10.235 15.562 10.228 -8.058 15.94 7.96343 -9.31013 17.22095
3 16 7.96343 -9.31013 17.22095 10.228 -8.058 15.94 5.915 -8.136 19.327
4 70 7.50987 -25.8 16.3 7.86485 -26.72564 15.29021 10.316 -25.397 14.075 7.6811 -25.17291 16.61355
4 16 4.287 -28.665 17.064 7.86485 -26.72564 15.29021 7.50987 -25.8 16.3 6.624 -25.083 17.632
3 16 7.50987 -25.8 16.3 7.6811 -25.17291 16.61355 6.624 -25.083 17.632
5 24 10.228 -8.058 15.94 9.877 -9.953 13.548 10.779 -8.006 12.799 9.577 -10.235 15.562
5 24 3.604 -29.436 -0.922 6.314 -26.46 -3.466 5.845 -29.537 -4.279 6.904 -26.932 -0.884
5 24 7.129 -29.623 9.559 3.729 -31.586 11.808 4.528 -30.72 14.838 4.205 -29.86 6.599
5 24 8.946 -9.772 11.821 9.877 -9.953 13.548 10.779 -8.006 12.799 10.044 -13.529 10.037
5 24 8.426 -9.433 -9.589 5.482 -10.326 -13.587 5.331 -13.491 -11.736 10.821 -7.984 -12.578
5 24 10.044 -13.529 10.037 9.623 -17.877 5.733 11.276 -18.765 9.39 4.687 -13.927 8.14
5 24 10.516 -20.086 13.779 6.849 -21.328 17.624 9.473 -15.689 14.334 6.624 -25.083 17.632
5 24 7.743 -6.535 -5.476 8.426 -9.433 -9.589 7.159 -10.031 -4.038 11.224 -5.007 -9.125
5 24 9.197 -15.894 -7.739 5.248 -16.406 -11.831 5.331 -13.491 -11.736 5.1815 -18.5595 -12.21
5 24 8.131 -12.612 -8.319 9.197 -15.894 -7.739 5.331 -13.491 -11.736 8.104 -13.581 -2.005
5 24 9.431 -22.679 -1.594 10.024 -22.94 2.114 6.904 -26.932 -0.884 10.008 -19.98 -2.071
5 24 7.159 -10.031 -4.038 8.131 -12.612 -8.319 8.426 -9.433 -9.589 8.104 -13.581 -2.005
5 24 10.044 -13.529 10.037 10.481 -14.699 11.852 11.276 -18.765 9.39 9.877 -9.953 13.548
5 24 8.131 -12.612 -8.319 8.104 -13.581 -2.005 9.197 -15.894 -7.739 7.159 -10.031 -4.038
5 24 9.577 -10.235 15.562 9.877 -9.953 13.548 10.481 -14.699 11.852 10.228 -8.058 15.94
5 24 9.623 -17.877 5.733 10.202 -17.468 2.195 5.37 -13.03 2.883 10.615 -20.329 2.107
5 24 10.008 -19.98 -2.071 9.431 -22.679 -1.594 9.379 -19.825 -7.885 10.024 -22.94 2.114
5 24 6.467 -28.126 5.662 10.708 -24.406 9.243 7.129 -29.623 9.559 9.211 -23.076 5.059
5 24 9.211 -23.076 5.059 9.623 -17.877 5.733 11.276 -18.765 9.39 10.615 -20.329 2.107
5 24 9.379 -19.825 -7.885 9.387 -17.838 -7.536 5.1815 -18.5595 -12.21 10.008 -19.98 -2.071
5 24 10.008 -19.98 -2.071 9.379 -19.825 -7.885 9.387 -17.838 -7.536 9.431 -22.679 -1.594
5 24 10.481 -14.699 11.852 10.516 -20.086 13.779 11.276 -18.765 9.39 9.473 -15.689 14.334
5 24 7.129 -29.623 9.559 6.467 -28.126 5.662 10.708 -24.406 9.243 4.205 -29.86 6.599
5 24 4.205 -29.86 6.599 7.129 -29.623 9.559 6.467 -28.126 5.662 3.729 -31.586 11.808
5 24 10.024 -22.94 2.114 9.211 -23.076 5.059 6.103 -27.445 2.603 10.615 -20.329 2.107
5 24 6.314 -26.46 -3.466 6.904 -26.932 -0.884 9.431 -22.679 -1.594 3.604 -29.436 -0.922
5 24 6.034 -25.508 -10.849 8.106 -22.812 -7.482 4.999 -20.677 -12.296 6.564 -27.602 -7.587
5 24 10.516 -20.086 13.779 10.316 -25.397 14.075 11.276 -18.765 9.39 6.624 -25.083 17.632
5 24 10.615 -20.329 2.107 10.008 -19.98 -2.071 9.72 -17.332 -2.14 10.024 -22.94 2.114
5 24 9.387 -17.838 -7.536 5.1815 -18.5595 -12.21 9.379 -19.825 -7.885 9.197 -15.894 -7.739
5 24 11.224 -5.007 -9.125 8.426 -9.433 -9.589 10.821 -7.984 -12.578 7.743 -6.535 -5.476
5 24 10.481 -14.699 11.852 9.473 -15.689 14.334 9.577 -10.235 15.562 10.516 -20.086 13.779
5 24 9.211 -23.076 5.059 11.276 -18.765 9.39 9.623 -17.877 5.733 10.708 -24.406 9.243
5 24 9.387 -17.838 -7.536 10.008 -19.98 -2.071 9.379 -19.825 -7.885 9.72 -17.332 -2.14
5 24 6.904 -26.932 -0.884 10.024 -22.94 2.114 9.431 -22.679 -1.594 6.103 -27.445 2.603
5 24 9.211 -23.076 5.059 10.708 -24.406 9.243 11.276 -18.765 9.39 6.467 -28.126 5.662
5 24 9.387 -17.838 -7.536 9.197 -15.894 -7.739 5.1815 -18.5595 -12.21 9.72 -17.332 -2.14
5 24 4.999 -20.677 -12.296 8.106 -22.812 -7.482 6.034 -25.508 -10.849 9.379 -19.825 -7.885
5 24 5.543 -10.621 18.562 9.577 -10.235 15.562 5.014 -16.072 17.056 5.915 -8.136 19.327
5 24 8.106 -22.812 -7.482 6.314 -26.46 -3.466 9.431 -22.679 -1.594 6.564 -27.602 -7.587
5 24 10.044 -13.529 10.037 11.276 -18.765 9.39 10.481 -14.699 11.852 9.623 -17.877 5.733
5 24 8.131 -12.612 -8.319 5.331 -13.491 -11.736 9.197 -15.894 -7.739 8.426 -9.433 -9.589
5 24 6.904 -26.932 -0.884 3.604 -29.436 -0.922 4.272 -28.733 3.141 6.314 -26.46 -3.466
5 24 6.607 -29.331 14.464 4.528 -30.72 14.838 7.129 -29.623 9.559 3.365 -30.202 16.829
5 24 9.379 -19.825 -7.885 5.1815 -18.5595 -12.21 9.387 -17.838 -7.536 4.999 -20.677 -12.296
5 24 7.129 -29.623 9.559 10.708 -24.406 9.243 10.316 -25.397 14.075 6.467 -28.126 5.662
5 24 10.708 -24.406 9.243 10.316 -25.397 14.075 7.129 -29.623 9.559 11.276 -18.765 9.39
5 24 9.431 -22.679 -1.594 8.106 -22.812 -7.482 6.314 -26.46 -3.466 9.379 -19.825 -7.885
5 24 3.365 -30.202 16.829 6.607 -29.331 14.464 4.287 -28.665 17.064 4.528 -30.72 14.838
5 24 9.72 -17.332 -2.14 9.387 -17.838 -7.536 9.197 -15.894 -7.739 10.008 -19.98 -2.071
5 24 5.014 -16.072 17.056 9.473 -15.689 14.334 6.849 -21.328 17.624 9.577 -10.235 15.562
5 24 8.426 -9.433 -9.589 10.821 -7.984 -12.578 5.482 -10.326 -13.587 11.224 -5.007 -9.125
5 24 9.473 -15.689 14.334 9.577 -10.235 15.562 10.481 -14.699 11.852 5.014 -16.072 17.056
5 24 9.623 -17.877 5.733 4.687 -13.927 8.14 5.37 -13.03 2.883 10.044 -13.529 10.037
5 24 10.615 -20.329 2.107 9.623 -17.877 5.733 9.211 -23.076 5.059 10.202 -17.468 2.195
5 24 10.516 -20.086 13.779 11.276 -18.765 9.39 10.316 -25.397 14.075 10.481 -14.699 11.852
5 24 4.528 -30.72 14.838 7.129 -29.623 9.559 3.729 -31.586 11.808 6.607 -29.331 14.464
5 24 7.129 -29.623 9.559 6.607 -29.331 14.464 10.316 -25.397 14.075 4.528 -30.72 14.838
5 24 10.044 -13.529 10.037 9.877 -9.953 13.548 10.481 -14.699 11.852 8.946 -9.772 11.821
5 24 10.615 -20.329 2.107 9.72 -17.332 -2.14 10.008 -19.98 -2.071 10.202 -17.468 2.195
5 24 9.72 -17.332 -2.14 9.197 -15.894 -7.739 9.387 -17.838 -7.536 8.104 -13.581 -2.005
5 24 6.904 -26.932 -0.884 9.431 -22.679 -1.594 10.024 -22.94 2.114 6.314 -26.46 -3.466
5 24 9.379 -19.825 -7.885 8.106 -22.812 -7.482 9.431 -22.679 -1.594 4.999 -20.677 -12.296
5 24 11.276 -18.765 9.39 10.481 -14.699 11.852 10.516 -20.086 13.779 10.044 -13.529 10.037
5 24 6.467 -28.126 5.662 9.211 -23.076 5.059 6.103 -27.445 2.603 10.708 -24.406 9.243
5 24 5.845 -29.537 -4.279 6.314 -26.46 -3.466 3.604 -29.436 -0.922 6.564 -27.602 -7.587
5 24 10.024 -22.94 2.114 10.615 -20.329 2.107 10.008 -19.98 -2.071 9.211 -23.076 5.059
5 24 10.615 -20.329 2.107 9.211 -23.076 5.059 9.623 -17.877 5.733 10.024 -22.94 2.114
5 24 10.024 -22.94 2.114 10.008 -19.98 -2.071 9.431 -22.679 -1.594 10.615 -20.329 2.107
5 24 10.516 -20.086 13.779 6.624 -25.083 17.632 6.849 -21.328 17.624 10.316 -25.397 14.075
5 24 9.431 -22.679 -1.594 9.379 -19.825 -7.885 10.008 -19.98 -2.071 8.106 -22.812 -7.482
5 24 4.272 -28.733 3.141 6.467 -28.126 5.662 6.103 -27.445 2.603 4.205 -29.86 6.599
5 24 6.467 -28.126 5.662 4.205 -29.86 6.599 7.129 -29.623 9.559 4.272 -28.733 3.141
5 24 6.103 -27.445 2.603 10.024 -22.94 2.114 6.904 -26.932 -0.884 9.211 -23.076 5.059
5 24 5.331 -13.491 -11.736 9.197 -15.894 -7.739 8.131 -12.612 -8.319 5.248 -16.406 -11.831
5 24 10.202 -17.468 2.195 9.72 -17.332 -2.14 8.104 -13.581 -2.005 10.615 -20.329 2.107
5 24 6.314 -26.46 -3.466 6.564 -27.602 -7.587 5.845 -29.537 -4.279 8.106 -22.812 -7.482
5 24 10.316 -25.397 14.075 6.607 -29.331 14.464 7.129 -29.623 9.559 4.287 -28.665 17.064
5 24 9.473 -15.689 14.334 10.516 -20.086 13.779 6.849 -21.328 17.624 10.481 -14.699 11.852
5 24 9.577 -10.235 15.562 5.014 -16.072 17.056 5.543 -10.621 18.562 9.473 -15.689 14.334
5 24 8.106 -22.812 -7.482 6.564 -27.602 -7.587 6.034 -25.508 -10.849 6.314 -26.46 -3.466
5 24 4.272 -28.733 3.141 6.103 -27.445 2.603 6.467 -28.126 5.662 6.904 -26.932 -0.884
5 24 5.37 -13.03 2.883 10.202 -17.468 2.195 9.623 -17.877 5.733 8.104 -13.581 -2.005
5 24 6.849 -21.328 17.624 9.473 -15.689 14.334 5.014 -16.072 17.056 10.516 -20.086 13.779
5 24 10.708 -24.406 9.243 11.276 -18.765 9.39 9.211 -23.076 5.059 10.316 -25.397 14.075
5 24 11.276 -18.765 9.39 10.316 -25.397 14.075 10.516 -20.086 13.779 10.708 -24.406 9.243
5 24 5.1815 -18.5595 -12.21 9.197 -15.894 -7.739 5.248 -16.406 -11.831 9.387 -17.838 -7.536
5 24 8.104 -13.581 -2.005 9.197 -15.894 -7.739 8.131 -12.612 -8.319 9.72 -17.332 -2.14
5 24 10.615 -20.329 2.107 10.202 -17.468 2.195 9.623 -17.877 5.733 9.72 -17.332 -2.14
5 24 10.481 -14.699 11.852 9.577 -10.235 15.562 9.473 -15.689 14.334 9.877 -9.953 13.548
5 24 7.159 -10.031 -4.038 8.426 -9.433 -9.589 7.743 -6.535 -5.476 8.131 -12.612 -8.319
5 24 10.008 -19.98 -2.071 9.72 -17.332 -2.14 10.615 -20.329 2.107 9.387 -17.838 -7.536
5 24 6.103 -27.445 2.603 6.904 -26.932 -0.884 4.272 -28.733 3.141 10.024 -22.94 2.114
5 24 4.272 -28.733 3.141 6.904 -26.932 -0.884 3.604 -29.436 -0.922 6.103 -27.445 2.603
5 24 10.481 -14.699 11.852 9.877 -9.953 13.548 9.577 -10.235 15.562 10.044 -13.529 10.037
5 24 9.877 -9.953 13.548 10.779 -8.006 12.799 10.228 -8.058 15.94 8.946 -9.772 11.821
5 24 6.103 -27.445 2.603 6.467 -28.126 5.662 4.272 -28.733 3.141 9.211 -23.076 5.059
5 24 10.316 -25.397 14.075 6.624 -25.083 17.632 4.287 -28.665 17.064 10.516 -20.086 13.779
5 24 4.999 -20.677 -12.296 9.379 -19.825 -7.885 5.1815 -18.5595 -12.21 8.106 -22.812 -7.482
5 24 4.287 -28.665 17.064 6.607 -29.331 14.464 10.316 -25.397 14.075 3.365 -30.202 16.829
5 24 9.623 -17.877 5.733 5.37 -13.03 2.883 10.202 -17.468 2.195 4.687 -13.927 8.14
5 24 9.211 -23.076 5.059 6.103 -27.445 2.603 6.467 -28.126 5.662 10.024 -22.94 2.114
5 24 11.276 -18.765 9.39 9.623 -17.877 5.733 10.044 -13.529 10.037 9.211 -23.076 5.059
5 24 9.431 -22.679 -1.594 6.314 -26.46 -3.466 6.904 -26.932 -0.884 8.106 -22.812 -7.482
5 24 8.426 -9.433 -9.589 5.331 -13.491 -11.736 5.482 -10.326 -13.587 8.131 -12.612 -8.319
5 24 9.72 -17.332 -2.14 8.104 -13.581 -2.005 10.202 -17.468 2.195 9.197 -15.894 -7.739
5 24 10.316 -25.397 14.075 7.129 -29.623 9.559 10.708 -24.406 9.243 6.607 -29.331 14.464
5 24 10.228 -8.058 15.94 9.577 -10.235 15.562 5.915 -8.136 19.327 9.877 -9.953 13.548
5 24 8.104 -13.581 -2.005 10.202 -17.468 2.195 9.72 -17.332 -2.14 5.37 -13.03 2.883
5 24 8.426 -9.433 -9.589 8.131 -12.612 -8.319 5.331 -13.491 -11.736 7.159 -10.031 -4.038
