0 ~Windscreen 10 x  4 x  2 with Handle - Half
0 Name: s\98878s01.dat
0 Author: Gerald Lasser [GeraldLasser]
0 !LDRAW_ORG Unofficial_Subpart 
0 !LICENSE Redistributable under CCAL version 2.0 : see CAreadme.txt

0 BFC CERTIFY CCW


0 // Bottom Sides and Stud Cut Outs
4 16 16.5828 8 -56 23.3286 8 -15.6952 24.4566 8 -27.7038 24 8 -30
4 16 27.2395 8 -16.4701 25.6904 8 -25.8577 24.4566 8 -27.7038 23.3286 8 -15.6952
3 16 24 8 -30 24.4566 8 -32.2962 16.5828 8 -56
4 16 24.4566 8 -32.2962 24.5852 8 -32.4887 20 8 -60 16.5828 8 -56

1 16 24.2283 6 -28.8519 .2283 -1 0 0 0 2 1.1481 0 0 rect2p.dat
1 16 24.2283 6 -31.1481 -.2283 -1 0 0 0 2 1.1481 0 0 rect2p.dat
1 16 25.0735 6 -26.7808 0 -1 .6169 -2 0 0 0 0 .92305 rect3.dat
1 16 24.5209 6 -32.3925 0 -1 .0643 2 0 0 0 0 -.09625 rect3.dat
4 16 27.3367 4 -15.9796 25.6904 4 -25.8577 25.6904 8 -25.8577 27.2395 8 -16.4701
1 16 22.2926 6 -46.24435 0 -1 -2.2926 -2 0 0 0 0 -13.75565 rect3.dat
4 16 23.3286 8 -15.6952 23.3709 5.2 -15.3472 27.3367 4 -15.9796 27.2395 8 -16.4701
3 16 23.3709 5.2 -15.3472 22.606 4 -15.0423 27.3367 4 -15.9796
4 16 23.3709 5.2 -15.3472 16.5828 5.2 -56 17.9265 4 -43.1515 22.606 4 -15.0423
4 16 16.5828 5.2 -56 23.3709 5.2 -15.3472 23.3286 8 -15.6952 16.5828 8 -56
2 24 23.3709 5.2 -15.3472 22.606 4 -15.0423
2 24 23.3286 8 -15.6952 23.3709 5.2 -15.3472
2 24 16.5828 5.2 -56 23.3709 5.2 -15.3472
2 24 24.5852 4 -32.4887 25.6904 4 -25.8577
2 24 27.2395 8 -16.4701 25.6904 8 -25.8577
2 24 27.2395 8 -16.4701 23.3286 8 -15.6952
2 24 27.3367 4 -15.9796 22.606 4 -15.0423
2 24 23.3286 8 -15.6952 16.5828 8 -56
2 24 27.2395 8 -16.4701 27.3367 4 -15.9796
2 24 16.5828 8 -56 16.5828 5.2 -56
2 24 16.5828 5.2 -56 15.7797 4 -56
3 16 16.5828 5.2 -56 15.7797 4 -56 17.9265 4 -43.1515
2 24 15.7797 4 -56 17.9265 4 -43.1515
2 24 25.6904 4 -25.85775 27.3367 4 -15.9796

4 16 24.4566 4 -27.7038 25.6904 4 -25.8577 24.4566 4 -32.2962 24 4 -30
3 16 24.5852 4 -32.4887 24.4566 4 -32.2962 25.6904 4 -25.8577
5 24 24.4566 8 -32.2962 24.4566 4 -32.2962 24.5852 8 -32.4887 24 8 -30
5 24 24 8 -30 24 4 -30 24.4566 8 -32.2962 24.4566 8 -27.7038
5 24 24.4566 8 -27.7038 24.4566 4 -27.7038 24 8 -30 25.6904 8 -25.8577

2 24 27.3367 4 -15.9796 29.3909 4 -3.6544

4 16 26.5962 7.9999 3.9082 30.5418 7.9999 3.2506 29.4718 7.9987 -3.161 25.5275 7.9987 -2.5036
4 16 30.624 4 3.7438 29.3909 4 -3.6544 29.4718 7.9987 -3.161 30.5418 7.9999 3.2506
4 16 25.4549 5.2 -2.8591 25.5275 7.9987 -2.5036 29.4718 7.9987 -3.161 29.3909 4 -3.6544
3 16 24.6325 4.0001 -2.8834 25.4549 5.2 -2.8591 29.3909 4 -3.6544
4 16 25.8691 4 4.5363 30.624 4 3.7438 30.5418 7.9999 3.2506 26.6422 5.2 4.2554
3 16 26.5962 7.9999 3.9082 26.6422 5.2 4.2554 30.5418 7.9999 3.2506
4 16 25.5275 7.9987 -2.5036 25.4549 5.2 -2.8591 26.6422 5.2 4.2554 26.5962 7.9999 3.9082
4 16 22.606 4 -15.0423 24.6325 4.0001 -2.8834 29.3909 4 -3.6544 27.3367 4 -15.9796
4 16 24.6325 4.0001 -2.8834 25.8691 4 4.5363 26.6422 5.2 4.2554 25.4549 5.2 -2.8591
2 24 30.5418 7.9999 3.2506 29.4718 7.9987 -3.161
2 24 29.4718 7.9987 -3.161 25.5275 7.9987 -2.5036
2 24 26.6422 5.2 4.2554 26.5962 7.9999 3.9082
2 24 26.6422 5.2 4.2554 25.8691 4 4.5363
2 24 25.8691 4 4.5363 30.624 4 3.7438
2 24 26.5962 7.9999 3.9082 30.5418 7.9999 3.2506
2 24 25.4549 5.2 -2.8591 25.5275 7.9987 -2.5036
2 24 25.4549 5.2 -2.8591 24.6325 4.0001 -2.8834
2 24 24.6325 4.0001 -2.8834 29.3909 4 -3.6544
2 24 29.3909 4 -3.6544 29.4718 7.9987 -3.161
2 24 25.5275 7.9987 -2.5036 26.5962 7.9999 3.9082
2 24 30.624 4 3.7438 30.5418 7.9999 3.2506
2 24 29.3909 4 -3.6544 30.624 4 3.7438
2 24 26.6422 5.2 4.2554 25.4549 5.2 -2.8591
2 24 24.6325 4.0001 -2.8834 22.606 4 -15.0423

4 16 33.8137 8 22.8823 32.679 8 16.0741 28.7334 8 16.7317 29.8681 8 23.5399
4 16 32.679 8 16.0741 33.8137 8 22.8823 33.8959 4 23.3755 32.5968 4 15.5809
4 16 29.8681 8 23.5399 29.9182 5.2 23.886 33.8959 4 23.3755 33.8137 8 22.8823
3 16 29.9182 5.2 23.886 29.141 4 24.168 33.8959 4 23.3755
3 16 27.8419 4 16.3734 28.6669 5.2 16.388 32.5968 4 15.5809
4 16 32.679 8 16.0741 32.5968 4 15.5809 28.6669 5.2 16.388 28.7334 8 16.7317
4 16 28.7334 8 16.7317 28.6669 5.2 16.388 29.9182 5.2 23.886 29.8681 8 23.5399
4 16 32.5968 4 15.5809 30.624 4 3.7438 25.8691 4 4.5363 27.8419 4 16.3734
4 16 28.6669 5.2 16.388 27.8419 4 16.3734 29.141 4 24.168 29.9182 5.2 23.886
2 24 32.679 8 16.0741 33.8137 8 22.8823
2 24 28.7334 8 16.7317 32.679 8 16.0741
2 24 33.8137 8 22.8823 29.8681 8 23.5399
2 24 29.9182 5.2 23.886 29.8681 8 23.5399
2 24 27.8419 4 16.3734 28.6669 5.2 16.388
2 24 28.6669 5.2 16.388 28.7334 8 16.7317
2 24 27.8419 4 16.3734 32.5968 4 15.5809
2 24 32.5968 4 15.5809 32.679 8 16.0741
2 24 33.8959 4 23.3755 32.5968 4 15.5809
2 24 33.8959 4 23.3755 33.8137 8 22.8823
2 24 29.9182 5.2 23.886 29.141 4 24.168
2 24 33.8959 4 23.3755 29.141 4 24.168
2 24 29.8681 8 23.5399 28.7334 8 16.7317
2 24 28.6669 5.2 16.388 29.9182 5.2 23.886
2 24 27.8419 4 16.3734 25.8691 4 4.5363
2 24 30.624 4 3.7438 32.5968 4 15.5809

4 16 29.141 4 24.168 31.0894 4 35.8578 35.8442 4 35.0653 33.8959 4 23.3755
1 16 30 8 50 6 0 0 0 -1 0 0 0 -6 1-8ndis.dat
1 16 35.7717 6 51.1481 -.2283 1 0 0 0 -2 1.1481 0 0 rect2p.dat
0 BFC INVERTNEXT
1 16 30 8 50 6 0 0 0 -4 0 0 0 -6 1-8cylo.dat
1 16 30 4 50 6 0 0 0 -1 0 0 0 -6 1-8chrd.dat
4 16 35.9264 8 35.5585 31.9808 8 36.2161 33.4869 8 45.2524 36 8 44
3 16 36 8 44 40 8 60 35.9264 8 35.5585
3 16 40 8 60 34.837 8 53.3532 36 8 60.3301
3 16 36 8 50 35.5434 8 52.2962 40 8 60
3 16 35.5434 8 52.2962 34.837 8 53.3532 40 8 60
3 16 36 8 44 36 8 50 40 8 60
3 16 34.2426 8 45.7574 36 8 44 33.4869 8 45.2524
4 16 35.8442 4 35.0653 35.9264 8 35.5585 40 8 60 40 4 60
3 16 31.0894 4 35.8578 31.9184 5.2 35.8722 35.8442 4 35.0653
4 16 31.9184 5.2 35.8722 31.9808 8 36.2161 35.9264 8 35.5585 35.8442 4 35.0653
4 16 31.9184 5.2 35.8722 33.48695 5.2 45.2524 33.4869 8 45.2524 31.9808 8 36.2161
4 16 31.0894 4 35.8578 32.5508 4 44.6268 33.48695 5.2 45.2524 31.9184 5.2 35.8722
4 16 36 5.2 60.3301 36 8 60.3301 34.837 8 53.3532 34.837 5.2 53.3532
3 16 33.48695 5.2 45.2524 32.5508 4 44.6268 34.2426 4 45.7574
3 16 34.2426 4 54.2426 34.1624 4 54.2962 34.2426 4.1307 54.2426
4 16 34.837 5.2 53.3532 35.5434 4 52.2962 34.2426 4 54.2426 34.2426 4.1307 54.2426
4 16 34.837 8 53.3532 35.5434 8 52.2962 35.5434 4 52.2962 34.837 5.2 53.3532
3 16 34.2426 4 45.7574 35.5434 4 52.2962 36 4 50
4 16 34.1624 4 54.2962 34.2426 4 54.2426 35.5434 4 52.2962 32.5508 4 44.6268
3 16 34.2426 4 45.7574 32.5508 4 44.6268 35.5434 4 52.2962
4 16 34.2426 4 45.7574 34.2426 8 45.7574 33.4869 8 45.2524 33.48695 5.2 45.2524
3 16 34.837 5.2 53.3532 34.2426 4.1307 54.2426 36 5.2 60.3301
3 16 34.1624 4 54.2962 36 5.2 60.3301 34.2426 4.1307 54.2426
5 24 34.2426 4.1307 54.2426 36 5.2 60.3301 34.837 5.2 53.3532 34.1624 4 54.2962

2 24 34.1624 4 54.2962 34.2426 4 54.2426
2 24 35.8442 4 35.0653 33.8959 4 23.3755
2 24 35.9264 8 35.5585 40 8 60
2 24 35.9264 8 35.5585 31.9808 8 36.2161
2 24 34.837 5.2 53.3532 34.2426 4.1307 54.2426
2 24 34.1624 4 54.2962 34.2426 4.1307 54.2426
2 24 33.48695 5.2 45.2524 32.5508 4 44.6268
2 24 36 5.2 60.3301 34.837 5.2 53.3532
2 24 35.8442 4 35.0653 35.9264 8 35.5585
2 24 31.0894 4 35.8578 31.9184 5.2 35.8722
2 24 31.9184 5.2 35.8722 31.9808 8 36.2161
2 24 31.9184 5.2 35.8722 33.48695 5.2 45.2524
2 24 33.4869 8 45.2524 33.48695 5.2 45.2524
2 24 33.4869 8 45.2524 31.9808 8 36.2161
2 24 34.837 8 53.3532 35.5434 8 52.2962
2 24 34.837 8 53.3532 34.837 5.2 53.3532
2 24 34.837 8 53.3532 36 8 60.3301
2 24 33.4869 8 45.2524 34.2426 8 45.7574
2 24 34.2426 4 45.7574 32.5508 4 44.6268
2 24 34.2426 4 54.2426 35.5434 4 52.2962
2 24 35.8442 4 35.0653 31.0894 4 35.8578
2 24 31.0894 4 35.8578 29.141 4 24.168
2 24 32.5508 4 44.6268 34.1624 4 54.2962
2 24 40 4 60 35.8442 4 35.0653
5 24 35.5434 8 52.2962 35.5434 4 52.2962 34.837 8 53.3532 36 8 50
5 24 34.2426 4.1307 54.2426 34.2426 4 54.2426 34.1624 4 54.2962 34.837 5.2 53.3532
5 24 34.2426 8 45.7574 34.2426 4 45.7574 35.5434 4 47.7038 32.5508 4 44.6268

0 // Straight Side
4 16 36 8 140 40 8 140 40 8 60 36 8 60.3301
2 24 40 8 60 40 8 140
2 24 36 8 60.3301 36 8 140

3 16 36 8 60.3301 36 5.2 60.3301 36 .2621 75.2476
3 16 36 8 60.3301 36 .2621 75.2476 36 8 140
3 16 36 8 140 36 .2621 75.2476 36 -4.6759 90.1651
3 16 36 8 140 36 -4.6759 90.1651 36 -9.6139 105.0825
3 16 36 8 140 36 -9.6139 105.0825 36 -14.5518 120
3 16 36 0 137 36 0 140 36 8 140
3 16 36 0 137 36 8 140 36 -14.5518 120
3 16 36 -14.5518 137 36 0 137 36 -14.5518 120
2 24 36 5.2 60.3301 36 8 60.3301
2 24 36 -9.6139 105.0825 36 -14.5518 120
2 24 36 -4.6759 90.1651 36 -9.6139 105.0825
2 24 36 .2621 75.2476 36 -4.6759 90.1651
2 24 36 5.2 60.3301 36 .2621 75.2476
2 24 36 -14.5518 120 36 -14.5518 137
2 24 36 -14.5518 137 36 0 137

4 16 18.1265 -36 120.4818 18.1265 -36 137 36 -14.5518 137 36 -14.5518 120
2 24 18.1265 -36 120.4818 18.1265 -36 137
2 24 18.1265 -36 137 36 -14.5518 137
2 24 18.1265 -36 120.4818 36 -14.5518 120

3 16 40 -6 90 40 -1 75 40 8 140
3 16 40 -11 105 40 -6 90 40 8 140
4 16 40 -1 75 40 4 60 40 8 60 40 8 140
4 16 40 -11 105 40 8 140 40 -16 140 40 -16 120
2 24 40 4 60 40 8 60
2 24 40 4 60 40 -1 75
2 24 40 -1 75 40 -6 90
2 24 40 -6 90 40 -11 105
2 24 40 -11 105 40 -16 120

4 16 40 -16 140 20 -40 140 20 -40 120 40 -16 120
2 24 40 -16 120 40 -16 140
2 24 40 -16 120 20 -40 120
2 24 20 -40 140 20 -40 120
2 24 40 -16 140 40 8 140
2 24 40 -16 140 20 -40 140

0 // Twisted Slope Inside
3 16 18.1265 -36 120.4818 36 -14.5518 120 36 -9.61385 105.082525
2 24 17.9265 4 -43.1515 18.0065 -12 22.30182
2 24 18.0065 -12 22.30182 18.0265 -16 38.66515
2 24 18.0265 -16 38.66515 18.0465 -20 55.02848
2 24 18.0465 -20 55.02848 18.0665 -24 71.39181
2 24 18.0665 -24 71.39181 18.0865 -28 87.75514
2 24 18.0865 -28 87.75514 18.1065 -32 104.11847
2 24 18.1065 -32 104.11847 18.1265 -36 120.4818

3 16 18.1265 -36 120.4818 36 -9.61385 105.082525 18.1065 -32 104.11847
3 16 18.1065 -32 104.11847 36 -9.61385 105.082525 36 -4.6759 90.16505
3 16 18.1065 -32 104.11847 36 -4.6759 90.16505 18.0865 -28 87.75514
3 16 18.0865 -28 87.75514 36 -4.6759 90.16505 36 .26205 75.247575
3 16 18.0865 -28 87.75514 36 .26205 75.247575 18.0665 -24 71.39181
3 16 18.0665 -24 71.39181 36 .26205 75.247575 34.1624 4 54.2962
3 16 36 5.2 60.3301 34.1624 4 54.2962 36 .26205 75.247575
4 16 32.5508 4 44.6268 18.0465 -20 55.02848 18.0665 -24 71.39181 34.1624 4 54.2962
4 16 31.0894 4 35.8578 18.0265 -16 38.66515 18.0465 -20 55.02848 32.5508 4 44.6268
4 16 18.0265 -16 38.66515 31.0894 4 35.8578 29.141 4 24.168 18.0065 -12 22.30182
3 16 18.0065 -12 22.30182 29.141 4 24.168 27.8419 4 16.3734
3 16 18.0065 -12 22.30182 27.8419 4 16.3734 25.8691 4 4.5363
3 16 18.0065 -12 22.30182 25.8691 4 4.5363 24.6325 4.0001 -2.8834
3 16 18.0065 -12 22.30182 24.6325 4.0001 -2.8834 22.606 4 -15.0423
3 16 18.0065 -12 22.30182 22.606 4 -15.0423 17.9265 4 -43.1515
5 24 18.1065 -32 104.11847 36 -4.6759 90.16505 18.0865 -28 87.75514 36 -9.61385 105.082525
5 24 36 .26205 75.247575 18.0665 -24 71.39181 18.0865 -28 87.75514 34.1624 4 54.2962
5 24 36 -9.6139 105.0825 18.1065 -32 104.11847 18.1265 -36 120.4818 36 -4.6759 90.16505
5 24 34.1624 4 54.2962 36 5.2 60.3301 36 .26205 75.247575 34.2426 4.1307 54.2426
5 24 22.606 4 -15.0423 17.9265 4 -43.1515 23.3709 5.2 -15.3472 18.0065 -12 22.30182
5 24 34.1624 4 54.2962 18.0665 -24 71.39181 36 .26205 75.247575 32.5508 4 44.6268
5 24 36 -9.6139 105.0825 18.1265 -36 120.4818 36 -14.5518 120 18.1065 -32 104.11847
5 24 36 .26205 75.247575 18.0865 -28 87.75514 18.0665 -24 71.39181 36 -4.6759 90.16505
5 24 31.0894 4 35.8578 32.5508 4 44.6268 18.0265 -16 38.66515 33.48695 5.2 45.2524
5 24 25.8691 4 4.5363 24.6325 4.0001 -2.8834 26.6422 5.2 4.2554 18.0065 -12 22.30182
5 24 29.141 4 24.168 27.8419 4 16.3734 18.0065 -12 22.30182 29.9182 5.2 23.886
5 24 36 -4.6759 90.16505 18.0865 -28 87.75514 36 .26205 75.247575 18.1065 -32 104.11847
5 24 34.1624 4 54.2962 36 .26205 75.247575 18.0665 -24 71.39181 36 5.2 60.3301

0 // Twisted Slope Outside
3 16 24.5852 4 -32.4887 20 -7 -15 20 4 -60
4 16 29.3909 4 -3.6544 20 -14.3333 15 20 -7 -15 27.3367 4 -15.9796
4 16 33.8959 4 23.3755 20 -21.6667 45 20 -14.3333 15 32.5968 4 15.5809
3 16 33.8959 4 23.3755 35.8442 4 35.0653 20 -21.6667 45
3 16 20 -21.6667 45 35.8442 4 35.0653 40 4 60
3 16 20 -29 75 40 -1 75 40 -6 90
3 16 40 -6 90 20 -32.6667 90 20 -29 75
3 16 20 -32.6667 90 40 -6 90 40 -11 105
3 16 40 -11 105 20 -36.3333 105 20 -32.6667 90
3 16 20 -36.3333 105 40 -11 105 40 -16 120
3 16 40 -16 120 20 -40 120 20 -36.3333 105
3 16 40 -1 75 20 -29 75 20 -25.3333 60
3 16 20 -25.3333 60 20 -21.6667 45 40 4 60
3 16 20 -25.3333 60 40 4 60 40 -1 75
3 16 24.5852 4 -32.4887 25.6904 4 -25.85775 20 -7 -15
3 16 20 -7 -15 25.6904 4 -25.85775 27.3367 4 -15.9796
3 16 20 -14.3333 15 29.3909 4 -3.6544 30.624 4 3.7438
3 16 20 -14.3333 15 30.624 4 3.7438 32.5968 4 15.5809

2 24 20 -36.3333 105 20 -40 120
2 24 20 -32.6667 90 20 -36.3333 105
2 24 20 -29 75 20 -32.6667 90
2 24 20 -25.3333 60 20 -29 75
2 24 20 -21.6667 45 20 -25.3333 60
2 24 20 -14.3333 15 20 -21.6667 45
2 24 20 -7 -15 20 -14.3333 15
2 24 20 4 -60 20 -7 -15
5 24 40 -6 90 20 -32.6667 90 20 -29 75 40 -11 105
5 24 20 -29 75 40 -1 75 40 -6 90 20 -25.3333 60
5 24 20 -32.6667 90 40 -11 105 40 -6 90 20 -36.3333 105
5 24 40 -11 105 20 -36.3333 105 20 -32.6667 90 40 -16 120
5 24 40 4 60 20 -25.3333 60 40 -1 75 20 -21.6667 45
5 24 40 -1 75 20 -25.3333 60 20 -29 75 40 4 60
5 24 40 -16 120 20 -36.3333 105 40 -11 105 20 -40 120
5 24 40 -6 90 20 -29 75 20 -32.6667 90 40 -1 75

0 // Attachment
3 16 36 -14.5518 137 34 -15.3898 137 36 0 137
4 16 18.1265 -36 137 20.1581 -32 137 34 -15.3898 137 36 -14.5518 137
3 16 20 -32 140 20.1581 -32 140 20.1581 -32 137
3 16 20 -32 140 20.1581 -32 137 14 -32 140
1 16 27.07905 -23.6949 138.5 0 0 -6.92095 0 -1 -8.3051 -1.5 0 0 rect3.dat
2 24 20 -32 140 20.1581 -32 140
2 24 36 0 140 36 8 140
2 24 36 8 140 40 8 140

3 16 20.1581 -32 140 20 -32 140 20 -40 140
3 16 20.1581 -32 140 20 -40 140 40 -16 140
3 16 20.1581 -32 140 40 -16 140 34 -15.3898 140
4 16 36 8 140 36 0 140 40 -16 140 40 8 140
3 16 36 0 140 34 -15.3898 140 40 -16 140
1 16 35 -7.6949 138.5 -1 0 0 -7.6949 -1 0 0 0 1.5 rect.dat
2 24 20 -40 140 20 -32 140

1 16 17 -40 150 -1 0 0 0 1 0 0 0 -1 phandle1.dat
