0 ~Logo Ansys White/Yellow Text with Outer Box
0 Name: s\logoansyl01.dat
0 Author: Massimo Maso [Sirio]
0 !LDRAW_ORG Unofficial_Subpart 
0 !LICENSE Redistributable under CCAL version 2.0 : see CAreadme.txt

0 !HELP Exact dimensions X = 8.4; Z = 2

0 BFC CERTIFY CCW


0 // Text "ANSYS R"
0 // Letter "Ansys r"
4 15 -3.184 0 0.56 -3.48 0 0.936 -4.192 0 -0.944 -3.688 0 -0.944
3 15 -3.184 0 0.56 -2.888 0 0.936 -3.48 0 0.936
4 15 -3.184 0 0.56 -2.68 0 -0.944 -2.212 0 -0.849 -2.888 0 0.936
0 // Letter "aNsys r"
4 15 -0.468 0 0.936 -0.916 0 0.936 -0.916 0 -0.496 -0.468 0 -0.944
4 15 -1.764 0 0.488 -2.212 0 0.936 -2.212 0 -0.849 -1.764 0 -0.944
3 15 -1.764 0 0.488 -1.516 0 0.936 -2.212 0 0.936
4 15 -0.916 0 -0.496 -1.516 0 0.936 -1.764 0 0.488 -1.164 0 -0.944
3 15 -0.916 0 -0.496 -1.164 0 -0.944 -0.468 0 -0.944
3 15 -2.212 0 -0.849 -2.68 0 -0.944 -1.764 0 -0.944
0 // Text "anSys r"
4 14 0.6919 0 0.9081 0.6607 0 0.8873 0.7485 0 0.5108 0.8676 0 0.36
4 14 0.248 0 0.848 0.3249 0 0.9536 0.232 0 0.96 0.1439 0 0.8273
4 14 0.1439 0 0.8273 0.232 0 0.96 0.0441 0 0.9248 0.0557 0 0.7683
4 14 0.4033 0 0.819 0.416 0 0.9347 0.3249 0 0.9536 0.248 0 0.848
4 14 0.0557 0 0.7683 0.0441 0 0.9248 -0.1176 0 0.8229 -0.0033 0 0.6801
4 14 0.545 0 0.7489 0.5981 0 0.8836 0.416 0 0.9347 0.4033 0 0.819
4 14 -0.0033 0 0.6801 -0.1176 0 0.8229 -0.2282 0 0.667 -0.024 0 0.576
4 14 0.6629 0 0.6437 0.624 0 0.88 0.5981 0 0.8836 0.545 0 0.7489
4 14 -0.024 0 0.576 -0.2282 0 0.667 -0.2676 0 0.48 -0.0097 0 0.489
4 14 0.7485 0 0.5108 0.6607 0 0.8873 0.624 0 0.88 0.6629 0 0.6437
3 14 0.7485 0 0.5108 0.7956 0 0.36 0.8676 0 0.36
4 14 -0.0097 0 0.489 -0.2676 0 0.48 -0.2419 0 0.3279 0.0317 0 0.4111
4 14 0.0317 0 0.4111 -0.2419 0 0.3279 -0.1681 0 0.1925 0.0958 0 0.3506
4 14 0.8676 0 0.36 0.792 0 0.976 0.72 0 0.976 0.7127 0 0.9393
3 14 0.7127 0 0.9393 0.6919 0 0.9081 0.8676 0 0.36
4 14 0.0958 0 0.3506 -0.1681 0 0.1925 -0.0553 0 0.0873 0.7009 0 -0.0581
4 14 0.7009 0 -0.0581 -0.0553 0 0.0873 0.5013 0 -0.2886 0.8208 0 -0.1688
4 14 0.8208 0 -0.1688 0.5013 0 -0.2886 0.5777 0 -0.3607 0.9001 0 -0.3113
4 14 0.9001 0 -0.3113 0.5777 0 -0.3607 0.627 0 -0.4535 0.928 0 -0.472
4 14 -0.3396 0 -0.368 -0.1847 0 -0.9473 -0.1639 0 -0.9161 -0.2152 0 -0.5274
4 14 -0.3396 0 -0.368 -0.264 0 -0.984 -0.192 0 -0.984 -0.1847 0 -0.9473
4 14 0.928 0 -0.472 0.627 0 -0.4535 0.644 0 -0.5571 0.8829 0 -0.6747
3 14 -0.2152 0 -0.5274 -0.2676 0 -0.368 -0.3396 0 -0.368
4 14 -0.2152 0 -0.5274 -0.1327 0 -0.8953 -0.096 0 -0.888 -0.1225 0 -0.6674
4 14 -0.1225 0 -0.6674 -0.096 0 -0.888 -0.0661 0 -0.8928 0.0038 0 -0.7779
4 14 0.8829 0 -0.6747 0.644 0 -0.5571 0.6193 0 -0.6811 0.7586 0 -0.841
4 14 0.0038 0 -0.7779 -0.0661 0 -0.8928 0.056 0 -0.9328 0.1548 0 -0.8512
4 14 0.7586 0 -0.841 0.6193 0 -0.6811 0.5491 0 -0.7862 0.5804 0 -0.9476
3 14 -0.1639 0 -0.9161 -0.1327 0 -0.8953 -0.2152 0 -0.5274
4 14 0.5804 0 -0.9476 0.5491 0 -0.7862 0.444 0 -0.8565 0.376 0 -0.984
4 14 0.214 0 -0.9711 0.32 0 -0.8811 0.1548 0 -0.8512 0.056 0 -0.9328
4 14 0.376 0 -0.984 0.444 0 -0.8565 0.32 0 -0.8811 0.214 0 -0.9711
0 // Text "ansYs r"
3 14 0.856 0 0.936 0.856 0 0.864 0.892 0 0.864
4 14 0.856 0 0.936 0.9452 0 0.8576 0.9953 0 0.8388 1.4455 0 0.7998
4 14 0.856 0 0.936 1.5018 0 0.8561 1.5416 0 0.864 1.656 0 0.936
3 14 1.5018 0 0.8561 0.856 0 0.936 1.4681 0 0.8335
3 14 1.4681 0 0.8335 0.856 0 0.936 1.4455 0 0.7998
3 14 1.656 0 0.864 1.656 0 0.936 1.5416 0 0.864
4 14 2.168 0 0.936 2.168 0 0.864 2.2602 0 0.864 2.792 0 0.936
3 14 2.792 0 0.936 2.2602 0 0.864 2.3 0 0.8561
3 14 2.792 0 0.936 2.3 0 0.8561 2.3337 0 0.8335
3 14 2.792 0 0.936 2.6888 0 0.8556 2.756 0 0.864
4 14 2.792 0 0.936 2.3337 0 0.8335 2.3563 0 0.7998 2.6258 0 0.8308
3 14 0.892 0 0.864 0.9452 0 0.8576 0.856 0 0.936
3 14 2.756 0 0.864 2.792 0 0.864 2.792 0 0.936
3 14 2.6258 0 0.8308 2.6888 0 0.8556 2.792 0 0.936
4 14 2.6258 0 0.8308 2.3563 0 0.7998 2.3642 0 0.76 2.5708 0 0.7912
4 14 1.4455 0 0.7998 0.9953 0 0.8388 1.0395 0 0.8085 1.4376 0 0.76
4 14 2.5708 0 0.7912 2.3642 0 0.76 2.36 0 0.7306 2.5274 0 0.7393
3 14 1.4565 0 0.7002 1.4424 0 0.7287 1.0753 0 0.7687
4 14 1.4376 0 0.76 1.0395 0 0.8085 1.0753 0 0.7687 1.4424 0 0.7287
3 14 2.3476 0 0.7037 2.5274 0 0.7393 2.36 0 0.7306
4 14 2.5274 0 0.7393 2.3476 0 0.7037 1.92 0 0.04 1.984 0 -0.104
4 14 1.92 0 0.04 1.4565 0 0.7002 1.0753 0 0.7687 1.688 0 -0.104
4 14 1.984 0 -0.72 1.984 0 -0.104 1.92 0 0.04 1.688 0 -0.72
3 14 1.688 0 -0.72 1.92 0 0.04 1.688 0 -0.104
4 14 1.6764 0 -0.7782 1.9956 0 -0.7782 1.984 0 -0.72 1.688 0 -0.72
4 14 1.6435 0 -0.8275 2.0285 0 -0.8275 1.9956 0 -0.7782 1.6764 0 -0.7782
3 14 1.6435 0 -0.8275 2.0778 0 -0.8604 2.0285 0 -0.8275
3 14 2.136 0 -0.872 2.272 0 -0.944 2.272 0 -0.872
4 14 1.536 0 -0.872 1.408 0 -0.872 1.408 0 -0.944 2.272 0 -0.944
3 14 1.5942 0 -0.8604 1.536 0 -0.872 2.272 0 -0.944
4 14 2.272 0 -0.944 2.0778 0 -0.8604 1.6435 0 -0.8275 1.5942 0 -0.8604
3 14 2.0778 0 -0.8604 2.272 0 -0.944 2.136 0 -0.872
0 // Text "ansyS r"
4 14 3.216 0 0.848 3.2929 0 0.9536 3.2 0 0.96 3.1119 0 0.8273
4 14 3.3714 0 0.819 3.384 0 0.9347 3.2929 0 0.9536 3.216 0 0.848
4 14 2.9647 0 0.6801 2.8504 0 0.8229 2.7398 0 0.667 2.944 0 0.576
4 14 3.0237 0 0.7683 3.0121 0 0.9248 2.8504 0 0.8229 2.9647 0 0.6801
4 14 3.1119 0 0.8273 3.2 0 0.96 3.0121 0 0.9248 3.0237 0 0.7683
4 14 3.513 0 0.7489 3.5661 0 0.8836 3.384 0 0.9347 3.3714 0 0.819
4 14 3.6309 0 0.6437 3.592 0 0.88 3.5661 0 0.8836 3.513 0 0.7489
4 14 3.7165 0 0.5108 3.6287 0 0.8873 3.592 0 0.88 3.6309 0 0.6437
4 14 3.6599 0 0.9081 3.6287 0 0.8873 3.7165 0 0.5108 3.8356 0 0.36
4 14 3.76 0 0.976 3.688 0 0.976 3.6599 0 0.9081 3.8356 0 0.36
4 14 2.944 0 0.576 2.7398 0 0.667 2.7004 0 0.48 2.9583 0 0.489
3 14 3.7636 0 0.36 3.8356 0 0.36 3.7165 0 0.5108
4 14 2.9583 0 0.489 2.7004 0 0.48 2.7261 0 0.3279 2.9997 0 0.4111
4 14 2.9997 0 0.4111 2.7261 0 0.3279 2.7999 0 0.1925 3.0638 0 0.3506
4 14 3.0638 0 0.3506 2.7999 0 0.1925 2.9127 0 0.0873 3.6689 0 -0.0581
4 14 3.6689 0 -0.0581 2.9127 0 0.0873 3.4693 0 -0.2886 3.7888 0 -0.1688
4 14 3.7888 0 -0.1688 3.4693 0 -0.2886 3.5457 0 -0.3607 3.8681 0 -0.3113
4 14 3.8681 0 -0.3113 3.5457 0 -0.3607 3.595 0 -0.4535 3.896 0 -0.472
4 14 2.7528 0 -0.5274 2.7004 0 -0.368 2.6284 0 -0.368 2.8041 0 -0.9161
4 14 2.7833 0 -0.9473 2.8041 0 -0.9161 2.6284 0 -0.368 2.704 0 -0.984
4 14 3.896 0 -0.472 3.595 0 -0.4535 3.612 0 -0.5571 3.8509 0 -0.6747
4 14 2.7528 0 -0.5274 2.8353 0 -0.8953 2.872 0 -0.888 2.8455 0 -0.6674
4 14 3.8509 0 -0.6747 3.612 0 -0.5571 3.5873 0 -0.6811 3.7266 0 -0.841
3 14 2.7528 0 -0.5274 2.8041 0 -0.9161 2.8353 0 -0.8953
4 14 2.8455 0 -0.6674 2.872 0 -0.888 2.9019 0 -0.8928 2.9718 0 -0.7779
4 14 3.7266 0 -0.841 3.5873 0 -0.6811 3.5171 0 -0.7862 3.5484 0 -0.9476
4 14 2.9718 0 -0.7779 2.9019 0 -0.8928 3.024 0 -0.9328 3.1228 0 -0.8512
4 14 3.5484 0 -0.9476 3.5171 0 -0.7862 3.412 0 -0.8565 3.344 0 -0.984
4 14 3.182 0 -0.9711 3.288 0 -0.8811 3.1228 0 -0.8512 3.024 0 -0.9328
4 14 3.344 0 -0.984 3.412 0 -0.8565 3.288 0 -0.8811 3.182 0 -0.9711
3 14 2.704 0 -0.984 2.776 0 -0.984 2.7833 0 -0.9473
0 // Text "ansys R"
4 14 4.028 0 0.852 4.032 0 0.88 3.952 0 0.88 3.984 0 0.852
3 14 3.952 0 0.88 3.984 0 0.796 3.984 0 0.852
4 14 4.0387 0 0.8499 4.0534 0 0.8757 4.032 0 0.88 4.028 0 0.852
4 14 3.984 0 0.772 3.984 0 0.796 3.952 0 0.88 3.952 0 0.688
4 14 4.0478 0 0.8438 4.0716 0 0.8636 4.0534 0 0.8757 4.0387 0 0.8499
4 14 4.0539 0 0.8347 4.0837 0 0.8454 4.0716 0 0.8636 4.0478 0 0.8438
4 14 4.056 0 0.824 4.088 0 0.824 4.0837 0 0.8454 4.0539 0 0.8347
4 14 4.0539 0 0.8133 4.0837 0 0.8026 4.088 0 0.824 4.056 0 0.824
4 14 4.0478 0 0.8042 4.0716 0 0.7844 4.0837 0 0.8026 4.0539 0 0.8133
4 14 4.0387 0 0.7981 4.0534 0 0.7723 4.0716 0 0.7844 4.0478 0 0.8042
4 14 3.984 0 0.796 3.984 0 0.772 4.012 0 0.772 4.028 0 0.796
4 14 4.028 0 0.796 4.0454 0 0.7696 4.0534 0 0.7723 4.0387 0 0.7981
4 14 4.0454 0 0.7696 4.028 0 0.796 4.012 0 0.772 4.064 0 0.688
3 14 3.984 0 0.688 3.984 0 0.772 3.952 0 0.688
3 14 4.064 0 0.688 4.096 0 0.688 4.0454 0 0.7696
0 // Ring
4 14 4.016 0 0.94 3.9563 0 0.9281 3.9655 0 0.906 4.016 0 0.916
4 14 4.0665 0 0.906 4.0757 0 0.9281 4.016 0 0.94 4.016 0 0.916
4 14 3.9655 0 0.906 3.9563 0 0.9281 3.9057 0 0.8943 3.9227 0 0.8773
4 14 4.1263 0 0.8943 4.0757 0 0.9281 4.0665 0 0.906 4.1093 0 0.8773
4 14 3.9227 0 0.8773 3.9057 0 0.8943 3.8719 0 0.8437 3.8941 0 0.8345
4 14 4.138 0 0.8345 4.1601 0 0.8437 4.1263 0 0.8943 4.1093 0 0.8773
4 14 3.8941 0 0.8345 3.8719 0 0.8437 3.86 0 0.784 3.884 0 0.784
4 14 4.148 0 0.784 4.172 0 0.784 4.1601 0 0.8437 4.138 0 0.8345
4 14 4.138 0 0.7335 4.1601 0 0.7243 4.172 0 0.784 4.148 0 0.784
4 14 3.884 0 0.784 3.86 0 0.784 3.8719 0 0.7243 3.8941 0 0.7335
4 14 3.8941 0 0.7335 3.8719 0 0.7243 3.9057 0 0.6737 3.9227 0 0.6907
4 14 4.1093 0 0.6907 4.1263 0 0.6737 4.1601 0 0.7243 4.138 0 0.7335
4 14 3.9227 0 0.6907 3.9057 0 0.6737 3.9563 0 0.6399 3.9655 0 0.662
4 14 4.0665 0 0.662 4.0757 0 0.6399 4.1263 0 0.6737 4.1093 0 0.6907
4 14 3.9655 0 0.662 3.9563 0 0.6399 4.016 0 0.628 4.016 0 0.652
4 14 4.016 0 0.652 4.016 0 0.628 4.0757 0 0.6399 4.0665 0 0.662
0 // Outer box
3 16 -4.2 0 1 -3.48 0 0.936 -2.888 0 0.936
3 16 -4.2 0 1 -2.888 0 0.936 -2.212 0 0.936
3 16 -4.2 0 1 -2.212 0 0.936 -1.516 0 0.936
4 16 -4.2 0 1 -1.516 0 0.936 -0.916 0 0.936 0.232 0 0.96
3 16 -4.192 0 -0.944 -3.48 0 0.936 -4.2 0 1
4 16 0.72 0 0.976 0.792 0 0.976 3.326 0 1 -4.2 0 1
4 16 1.656 0 0.936 3.326 0 1 0.792 0 0.976 0.856 0 0.936
4 16 3.326 0 1 3.688 0 0.976 3.76 0 0.976 4.2 0 1
4 16 3.326 0 1 3.2929 0 0.9536 3.384 0 0.9347 3.688 0 0.976
3 16 4.2 0 1 4.016 0 0.94 4.0757 0 0.9281
3 16 4.2 0 1 4.0757 0 0.9281 4.1263 0 0.8943
3 16 4.2 0 1 4.1601 0 0.8437 4.172 0 0.784
3 16 -4.2 0 1 0.232 0 0.96 0.72 0 0.976
4 16 0.72 0 0.976 0.416 0 0.9347 0.5981 0 0.8836 0.624 0 0.88
4 16 0.72 0 0.976 0.6607 0 0.8873 0.6919 0 0.9081 0.7127 0 0.9393
3 16 0.6607 0 0.8873 0.72 0 0.976 0.624 0 0.88
3 16 0.856 0 0.936 0.792 0 0.976 0.856 0 0.864
4 16 1.408 0 -0.872 0.856 0 0.864 0.792 0 0.976 0.8676 0 0.36
4 16 4.016 0 0.94 4.2 0 1 3.76 0 0.976 3.9563 0 0.9281
3 16 3.9057 0 0.8943 3.76 0 0.976 3.8719 0 0.8437
3 16 3.8719 0 0.8437 3.76 0 0.976 3.86 0 0.784
4 16 3.76 0 0.976 3.8356 0 0.36 3.8719 0 0.7243 3.86 0 0.784
3 16 0.72 0 0.976 0.232 0 0.96 0.3249 0 0.9536
3 16 0.232 0 0.96 -0.916 0 0.936 -0.468 0 0.936
3 16 3.326 0 1 3.2 0 0.96 3.2929 0 0.9536
3 16 0.72 0 0.976 0.3249 0 0.9536 0.416 0 0.9347
3 16 -2.212 0 0.936 -2.888 0 0.936 -2.212 0 -0.849
3 16 0.232 0 0.96 -0.468 0 0.936 0.0441 0 0.9248
3 16 -0.468 0 0.936 -0.1176 0 0.8229 0.0441 0 0.9248
3 16 3.326 0 1 1.656 0 0.936 2.168 0 0.936
4 16 2.168 0 0.936 1.656 0 0.936 1.656 0 0.864 2.168 0 0.864
4 16 3.326 0 1 2.168 0 0.936 2.792 0 0.936 3.2 0 0.96
4 16 3.688 0 0.976 3.384 0 0.9347 3.5661 0 0.8836 3.592 0 0.88
3 16 3.2 0 0.96 2.792 0 0.936 3.0121 0 0.9248
4 16 3.0121 0 0.9248 2.792 0 0.936 2.792 0 0.864 2.8504 0 0.8229
3 16 3.9057 0 0.8943 3.9563 0 0.9281 3.76 0 0.976
3 16 4.1263 0 0.8943 4.1601 0 0.8437 4.2 0 1
4 16 3.592 0 0.88 3.6287 0 0.8873 3.6599 0 0.9081 3.688 0 0.976
4 16 3.952 0 0.88 4.016 0 0.916 3.9655 0 0.906 3.9227 0 0.8773
4 16 3.952 0 0.88 3.8941 0 0.8345 3.8941 0 0.7335 3.952 0 0.688
4 16 4.032 0 0.88 4.0665 0 0.906 4.016 0 0.916 3.952 0 0.88
3 16 3.9227 0 0.8773 3.8941 0 0.8345 3.952 0 0.88
4 16 4.1093 0 0.8773 4.0665 0 0.906 4.0534 0 0.8757 4.0716 0 0.8636
3 16 4.0837 0 0.8454 4.1093 0 0.8773 4.0716 0 0.8636
4 16 4.1093 0 0.8773 4.0837 0 0.8454 4.088 0 0.824 4.138 0 0.8345
3 16 4.0665 0 0.906 4.032 0 0.88 4.0534 0 0.8757
4 16 0.892 0 0.864 0.856 0 0.864 1.0753 0 0.7687 0.9452 0 0.8576
4 16 1.5416 0 0.864 1.4681 0 0.8335 1.4455 0 0.7998 1.4376 0 0.76
4 16 1.5416 0 0.864 1.4424 0 0.7287 1.4565 0 0.7002 1.656 0 0.864
4 16 2.168 0 0.864 1.656 0 0.864 1.4565 0 0.7002 1.92 0 0.04
3 16 1.5018 0 0.8561 1.4681 0 0.8335 1.5416 0 0.864
4 16 2.7398 0 0.667 2.6888 0 0.8556 2.6258 0 0.8308 2.5708 0 0.7912
4 16 3.984 0 0.852 3.984 0 0.796 4.028 0 0.796 4.028 0 0.852
4 16 4.028 0 0.852 4.028 0 0.796 4.0478 0 0.8438 4.0387 0 0.8499
4 16 0.248 0 0.848 -0.024 0 0.576 -0.0097 0 0.489 0.4033 0 0.819
4 16 3.216 0 0.848 3.1119 0 0.8273 3.0237 0 0.7683 2.944 0 0.576
4 16 3.216 0 0.848 2.944 0 0.576 2.9583 0 0.489 2.9997 0 0.4111
3 16 3.8941 0 0.7335 3.8941 0 0.8345 3.884 0 0.784
4 16 4.138 0 0.8345 4.088 0 0.824 4.0837 0 0.8026 4.148 0 0.784
4 16 2.3337 0 0.8335 2.3 0 0.8561 2.2602 0 0.864 2.3563 0 0.7998
4 16 0.1439 0 0.8273 0.0557 0 0.7683 -0.024 0 0.576 0.248 0 0.848
4 16 2.8504 0 0.8229 2.792 0 0.864 2.756 0 0.864 2.7398 0 0.667
4 16 0.4033 0 0.819 -0.0097 0 0.489 0.0317 0 0.4111 0.0958 0 0.3506
4 16 1.0753 0 0.7687 1.0395 0 0.8085 0.9953 0 0.8388 0.9452 0 0.8576
4 16 4.0478 0 0.8042 4.056 0 0.824 4.028 0 0.796 4.0387 0 0.7981
3 16 4.056 0 0.824 4.0478 0 0.8042 4.0539 0 0.8133
4 16 2.3563 0 0.7998 2.2602 0 0.864 2.36 0 0.7306 2.3642 0 0.76
4 16 4.028 0 0.796 4.056 0 0.824 4.0539 0 0.8347 4.0478 0 0.8438
4 16 4.148 0 0.784 4.0837 0 0.8026 4.0716 0 0.7844 4.138 0 0.7335
4 16 4.064 0 0.688 4.012 0 0.772 3.984 0 0.772 3.984 0 0.688
4 16 1.0753 0 0.7687 0.856 0 0.864 1.408 0 -0.872 1.536 0 -0.872
3 16 0.0557 0 0.7683 -0.0033 0 0.6801 -0.024 0 0.576
3 16 3.0237 0 0.7683 2.9647 0 0.6801 2.944 0 0.576
3 16 1.4424 0 0.7287 1.5416 0 0.864 1.4376 0 0.76
4 16 0.545 0 0.7489 0.4033 0 0.819 0.0958 0 0.3506 0.6629 0 0.6437
4 16 2.5274 0 0.7393 2.7004 0 0.48 2.7398 0 0.667 2.5708 0 0.7912
4 16 4.138 0 0.7335 4.0716 0 0.7844 4.0534 0 0.7723 4.1093 0 0.6907
4 16 2.3476 0 0.7037 2.36 0 0.7306 2.2602 0 0.864 2.168 0 0.864
3 16 3.8356 0 0.36 3.9057 0 0.6737 3.8719 0 0.7243
3 16 2.168 0 0.864 1.92 0 0.04 2.3476 0 0.7037
4 16 4.1093 0 0.6907 4.0534 0 0.7723 4.0454 0 0.7696 4.096 0 0.688
4 16 3.952 0 0.688 3.8941 0 0.7335 3.9227 0 0.6907 3.9655 0 0.662
4 16 4.064 0 0.688 3.984 0 0.688 4.016 0 0.652 4.0665 0 0.662
3 16 4.1263 0 0.6737 4.0757 0 0.6399 4.2 0 -1
3 16 -0.468 0 0.936 -0.2676 0 0.48 -0.2282 0 0.667
3 16 -0.468 0 0.936 -0.2282 0 0.667 -0.1176 0 0.8229
3 16 2.756 0 0.864 2.6888 0 0.8556 2.7398 0 0.667
3 16 4.1093 0 0.6907 4.096 0 0.688 4.0665 0 0.662
3 16 4.096 0 0.688 4.064 0 0.688 4.0665 0 0.662
4 16 4.016 0 0.652 3.984 0 0.688 3.952 0 0.688 3.9655 0 0.662
3 16 -1.764 0 0.488 -1.764 0 -0.944 -1.164 0 -0.944
4 16 0.7956 0 0.36 0.9001 0 -0.3113 1.408 0 -0.944 0.8676 0 0.36
3 16 1.408 0 -0.944 1.408 0 -0.872 0.8676 0 0.36
3 16 3.7636 0 0.36 3.7888 0 -0.1688 3.8681 0 -0.3113
4 16 3.9563 0 0.6399 3.9057 0 0.6737 3.8356 0 0.36 4.2 0 -1
4 16 0.0958 0 0.3506 0.7956 0 0.36 0.7485 0 0.5108 0.6629 0 0.6437
4 16 3.216 0 0.848 2.9997 0 0.4111 3.0638 0 0.3506 3.3714 0 0.819
4 16 3.0638 0 0.3506 3.6309 0 0.6437 3.513 0 0.7489 3.3714 0 0.819
4 16 3.0638 0 0.3506 3.7636 0 0.36 3.7165 0 0.5108 3.6309 0 0.6437
3 16 0.7956 0 0.36 0.0958 0 0.3506 0.7009 0 -0.0581
3 16 0.7956 0 0.36 0.7009 0 -0.0581 0.8208 0 -0.1688
3 16 3.7636 0 0.36 3.0638 0 0.3506 3.6689 0 -0.0581
3 16 3.7636 0 0.36 3.6689 0 -0.0581 3.7888 0 -0.1688
4 16 1.688 0 -0.104 1.0753 0 0.7687 1.536 0 -0.872 1.688 0 -0.72
4 16 1.984 0 -0.104 2.7261 0 0.3279 2.7004 0 0.48 2.5274 0 0.7393
3 16 0.9001 0 -0.3113 0.7956 0 0.36 0.8208 0 -0.1688
4 16 0.5013 0 -0.2886 -0.1225 0 -0.6674 0.0038 0 -0.7779 0.1548 0 -0.8512
4 16 0.5777 0 -0.3607 0.5013 0 -0.2886 0.1548 0 -0.8512 0.627 0 -0.4535
4 16 -0.2676 0 0.48 -0.468 0 0.936 -0.3396 0 -0.368 -0.2419 0 0.3279
4 16 -0.1681 0 0.1925 -0.2419 0 0.3279 -0.3396 0 -0.368 -0.2676 0 -0.368
4 16 -0.0553 0 0.0873 -0.1681 0 0.1925 -0.2676 0 -0.368 -0.2152 0 -0.5274
4 16 2.6284 0 -0.368 2.7999 0 0.1925 2.7261 0 0.3279 1.984 0 -0.104
4 16 2.136 0 -0.872 2.272 0 -0.872 2.6284 0 -0.368 2.0778 0 -0.8604
4 16 2.6284 0 -0.368 2.272 0 -0.872 2.272 0 -0.944 2.704 0 -0.984
4 16 2.7004 0 -0.368 2.9127 0 0.0873 2.7999 0 0.1925 2.6284 0 -0.368
3 16 0.8829 0 -0.6747 1.408 0 -0.944 0.928 0 -0.472
3 16 0.928 0 -0.472 1.408 0 -0.944 0.9001 0 -0.3113
3 16 -1.516 0 0.936 -0.916 0 -0.496 -0.916 0 0.936
4 16 0.5013 0 -0.2886 -0.0553 0 0.0873 -0.2152 0 -0.5274 -0.1225 0 -0.6674
4 16 2.7528 0 -0.5274 3.4693 0 -0.2886 2.9127 0 0.0873 2.7004 0 -0.368
4 16 3.4693 0 -0.2886 2.7528 0 -0.5274 2.8455 0 -0.6674 3.1228 0 -0.8512
4 16 3.412 0 -0.8565 3.612 0 -0.5571 3.595 0 -0.4535 3.5457 0 -0.3607
3 16 0.8829 0 -0.6747 0.7586 0 -0.841 1.408 0 -0.944
4 16 1.688 0 -0.72 1.536 0 -0.872 1.6435 0 -0.8275 1.6764 0 -0.7782
4 16 2.6284 0 -0.368 1.984 0 -0.104 1.984 0 -0.72 1.9956 0 -0.7782
4 16 2.0778 0 -0.8604 2.6284 0 -0.368 1.9956 0 -0.7782 2.0285 0 -0.8275
4 16 0.644 0 -0.5571 0.627 0 -0.4535 0.1548 0 -0.8512 0.32 0 -0.8811
3 16 2.8455 0 -0.6674 2.9718 0 -0.7779 3.1228 0 -0.8512
4 16 3.412 0 -0.8565 3.5457 0 -0.3607 3.4693 0 -0.2886 3.288 0 -0.8811
4 16 3.412 0 -0.8565 3.5171 0 -0.7862 3.5873 0 -0.6811 3.612 0 -0.5571
3 16 1.5942 0 -0.8604 1.6435 0 -0.8275 1.536 0 -0.872
4 16 0.6193 0 -0.6811 0.644 0 -0.5571 0.32 0 -0.8811 0.5491 0 -0.7862
3 16 0.5491 0 -0.7862 0.32 0 -0.8811 0.444 0 -0.8565
3 16 3.1228 0 -0.8512 3.288 0 -0.8811 3.4693 0 -0.2886
4 16 -0.1327 0 -0.8953 -0.1847 0 -0.9473 -0.0661 0 -0.8928 -0.096 0 -0.888
4 16 2.8353 0 -0.8953 2.7833 0 -0.9473 2.9019 0 -0.8928 2.872 0 -0.888
3 16 -0.1327 0 -0.8953 -0.1639 0 -0.9161 -0.1847 0 -0.9473
3 16 2.8353 0 -0.8953 2.8041 0 -0.9161 2.7833 0 -0.9473
3 16 -3.184 0 0.56 -3.688 0 -0.944 -2.68 0 -0.944
4 16 -2.68 0 -0.944 -3.688 0 -0.944 -4.2 0 -1 -0.264 0 -0.984
3 16 -2.68 0 -0.944 -0.264 0 -0.984 -1.764 0 -0.944
3 16 -1.764 0 -0.944 -0.264 0 -0.984 -1.164 0 -0.944
3 16 -1.164 0 -0.944 -0.264 0 -0.984 -0.468 0 -0.944
3 16 -0.468 0 -0.944 -0.3396 0 -0.368 -0.468 0 0.936
3 16 -0.468 0 -0.944 -0.264 0 -0.984 -0.3396 0 -0.368
3 16 0.5804 0 -0.9476 1.408 0 -0.944 0.7586 0 -0.841
4 16 1.408 0 -0.944 0.5804 0 -0.9476 0.376 0 -0.984 2.704 0 -0.984
3 16 2.704 0 -0.984 2.272 0 -0.944 1.408 0 -0.944
3 16 4.2 0 -1 3.7266 0 -0.841 3.5484 0 -0.9476
4 16 0.056 0 -0.9328 -0.0661 0 -0.8928 -0.1847 0 -0.9473 -0.192 0 -0.984
4 16 3.024 0 -0.9328 2.9019 0 -0.8928 2.7833 0 -0.9473 2.776 0 -0.984
4 16 3.5484 0 -0.9476 3.344 0 -0.984 3.326 0 -1 4.2 0 -1
4 16 -0.264 0 -0.984 -4.2 0 -1 3.326 0 -1 -0.192 0 -0.984
3 16 0.214 0 -0.9711 0.056 0 -0.9328 -0.192 0 -0.984
3 16 -0.192 0 -0.984 0.376 0 -0.984 0.214 0 -0.9711
3 16 0.376 0 -0.984 3.326 0 -1 2.704 0 -0.984
3 16 2.776 0 -0.984 3.182 0 -0.9711 3.024 0 -0.9328
3 16 2.776 0 -0.984 2.704 0 -0.984 3.326 0 -1
3 16 -4.2 0 1 -4.2 0 -1 -4.192 0 -0.944
3 16 -3.688 0 -0.944 -4.192 0 -0.944 -4.2 0 -1
4 16 3.182 0 -0.9711 2.776 0 -0.984 3.326 0 -1 3.344 0 -0.984
3 16 -0.192 0 -0.984 3.326 0 -1 0.376 0 -0.984
3 16 4.172 0 0.784 4.2 0 -1 4.2 0 1
3 16 4.1601 0 0.7243 4.2 0 -1 4.172 0 0.784
3 16 4.1263 0 0.6737 4.2 0 -1 4.1601 0 0.7243
3 16 4.016 0 0.628 4.2 0 -1 4.0757 0 0.6399
3 16 4.2 0 -1 4.016 0 0.628 3.9563 0 0.6399
4 16 4.2 0 -1 3.8356 0 0.36 3.7636 0 0.36 3.8681 0 -0.3113
3 16 3.896 0 -0.472 4.2 0 -1 3.8681 0 -0.3113
3 16 3.8509 0 -0.6747 4.2 0 -1 3.896 0 -0.472
3 16 3.7266 0 -0.841 4.2 0 -1 3.8509 0 -0.6747
