0 ~Logo Sparco White Text and Line with Outer Box
0 Name: s\logosparl01.dat
0 Author: Massimo Maso [Sirio]
0 !LDRAW_ORG Unofficial_Subpart 
0 !LICENSE Redistributable under CCAL version 2.0 : see CAreadme.txt

0 !HELP Exact dimensions X = 9.29; Z = 2.28

0 BFC CERTIFY CCW


0 // Text "sparco"
0 // Letter "s"
4 15 -3.74706 0 0.823815 -3.66941 0 1.11359 -3.76884 0 1.13337 -3.808 0 0.835937
4 15 -4.63837 0 0.466158 -4.645 0 0.365 -4.32472 0 0.5 -4.61859 0 0.565584
3 15 -4.32472 0 0.5 -4.645 0 0.365 -4.63837 0 0.263842
4 15 -4.63164 0 0.23 -3.41528 0 0.23 -4.32472 0 0.5 -4.63837 0 0.263842
4 15 -4.25965 0 0.095 -4.59503 0 0.095 -4.58601 0 0.06842 -4.54117 0 -0.0225
4 15 -4.25965 0 0.095 -4.54117 0 -0.0225 -4.48485 0 -0.10679 -4.24684 0 0.075838
4 15 -4.24684 0 0.075838 -4.48485 0 -0.10679 -4.41801 0 -0.183008 -4.20588 0 0.029124
4 15 -4.20588 0 0.029124 -4.41801 0 -0.183008 -4.34179 0 -0.249849 -4.15916 0 -0.011843
4 15 -4.15916 0 -0.011843 -4.34179 0 -0.249849 -4.2575 0 -0.30617 -4.1075 0 -0.046362
4 15 -4.1075 0 -0.046362 -4.2575 0 -0.30617 -4.16658 0 -0.351007 -4.05178 0 -0.073843
4 15 -4.05178 0 -0.073843 -4.16658 0 -0.351007 -4.07059 0 -0.383593 -3.99294 0 -0.093815
4 15 -3.99294 0 -0.093815 -4.07059 0 -0.383593 -3.97116 0 -0.40337 -3.932 0 -0.105937
4 15 -3.932 0 -0.105937 -3.97116 0 -0.40337 -3.87 0 -0.41 -3.87 0 -0.11
4 15 -3.87 0 -0.11 -3.87 0 -0.41 -3.76884 0 -0.40337 -3.808 0 -0.105937
4 15 -3.808 0 -0.105937 -3.76884 0 -0.40337 -3.66941 0 -0.383593 -3.74706 0 -0.093815
4 15 -3.74706 0 -0.093815 -3.66941 0 -0.383593 -3.57342 0 -0.351007 -3.68823 0 -0.073843
4 15 -3.68823 0 -0.073843 -3.57342 0 -0.351007 -3.4825 0 -0.30617 -3.6325 0 -0.046362
4 15 -3.6325 0 -0.046362 -3.4825 0 -0.30617 -3.39821 0 -0.249849 -3.58084 0 -0.011843
4 15 -3.58084 0 -0.011843 -3.39821 0 -0.249849 -3.32199 0 -0.183008 -3.53412 0 0.029124
4 15 -3.53412 0 0.029124 -3.32199 0 -0.183008 -3.25515 0 -0.10679 -3.49316 0 0.075838
4 15 -3.49316 0 0.075838 -3.25515 0 -0.10679 -3.19883 0 -0.0225 -3.45864 0 0.1275
4 15 -3.45864 0 0.1275 -3.19883 0 -0.0225 -3.16626 0 0.064304 -3.43116 0 0.183226
4 15 -3.43116 0 0.183226 -3.16626 0 0.064304 -3.12141 0 0.164415 -3.41528 0 0.23
4 15 -3.41528 0 0.23 -3.10163 0 0.263842 -3.095 0 0.365 -3.10163 0 0.466158
3 15 -3.10163 0 0.263842 -3.41528 0 0.23 -3.12141 0 0.164415
4 15 -3.41528 0 0.23 -3.10163 0 0.466158 -3.10836 0 0.5 -4.32472 0 0.5
4 15 -3.48035 0 0.635 -3.14497 0 0.635 -3.15399 0 0.66158 -3.19883 0 0.7525
4 15 -3.48035 0 0.635 -3.19883 0 0.7525 -3.25515 0 0.83679 -3.49316 0 0.654162
4 15 -3.49316 0 0.654162 -3.25515 0 0.83679 -3.32199 0 0.913008 -3.53412 0 0.700875
4 15 -3.53412 0 0.700875 -3.32199 0 0.913008 -3.39821 0 0.979849 -3.58084 0 0.741843
4 15 -3.58084 0 0.741843 -3.39821 0 0.979849 -3.4825 0 1.03617 -3.6325 0 0.776362
4 15 -3.6325 0 0.776362 -3.4825 0 1.03617 -3.57342 0 1.08101 -3.68823 0 0.803843
4 15 -3.68823 0 0.803843 -3.57342 0 1.08101 -3.66941 0 1.11359 -3.74706 0 0.823815
4 15 -3.808 0 0.835937 -3.76884 0 1.13337 -3.87 0 1.14 -3.87 0 0.84
4 15 -3.87 0 0.84 -3.87 0 1.14 -3.97116 0 1.13337 -3.932 0 0.835937
4 15 -3.932 0 0.835937 -3.97116 0 1.13337 -4.07059 0 1.11359 -3.99294 0 0.823815
4 15 -3.99294 0 0.823815 -4.07059 0 1.11359 -4.16658 0 1.08101 -4.05178 0 0.803843
4 15 -4.05178 0 0.803843 -4.16658 0 1.08101 -4.2575 0 1.03617 -4.1075 0 0.776362
4 15 -4.1075 0 0.776362 -4.2575 0 1.03617 -4.34179 0 0.979849 -4.15916 0 0.741843
4 15 -4.15916 0 0.741843 -4.34179 0 0.979849 -4.41801 0 0.913008 -4.20588 0 0.700875
4 15 -4.20588 0 0.700875 -4.41801 0 0.913008 -4.48485 0 0.83679 -4.24684 0 0.654162
4 15 -4.24684 0 0.654162 -4.48485 0 0.83679 -4.54117 0 0.7525 -4.28136 0 0.6025
4 15 -4.28136 0 0.6025 -4.54117 0 0.7525 -4.58601 0 0.66158 -4.30884 0 0.546775
4 15 -4.30884 0 0.546775 -4.58601 0 0.66158 -4.61859 0 0.565584 -4.32472 0 0.5
0 // Letter "p"
4 15 -2.775 0 0.950725 -2.775 0 1.14 -3.045 0 1.14 -3.045 0 -1.14
4 15 -2.775 0 0.950725 -3.045 0 -1.14 -2.775 0 -0.220724 -2.745 0 0.365
3 15 -2.775 0 -0.220724 -3.045 0 -1.14 -2.775 0 -1.14
3 15 -2.775 0 0.950725 -2.70884 0 0.546775 -2.68136 0 0.6025
3 15 -2.775 0 0.950725 -2.72882 0 0.487939 -2.70884 0 0.546775
3 15 -2.68136 0 0.1275 -2.775 0 -0.220724 -2.64684 0 0.075838
3 15 -2.70884 0 0.183226 -2.775 0 -0.220724 -2.68136 0 0.1275
3 15 -2.72882 0 0.242061 -2.775 0 -0.220724 -2.70884 0 0.183226
3 15 -2.74094 0 0.303 -2.775 0 -0.220724 -2.72882 0 0.242061
3 15 -2.745 0 0.365 -2.775 0 -0.220724 -2.74094 0 0.303
3 15 -2.775 0 0.950725 -2.745 0 0.365 -2.74094 0 0.427
3 15 -2.775 0 0.950725 -2.74094 0 0.427 -2.72882 0 0.487939
3 15 -2.775 0 0.950725 -2.68136 0 0.6025 -2.64684 0 0.654162
3 15 -2.775 0 0.950725 -2.64684 0 0.654162 -2.60588 0 0.700875
4 15 -2.775 0 0.950725 -2.60588 0 0.700875 -2.55916 0 0.741843 -2.74179 0 0.979849
4 15 -2.74179 0 0.979849 -2.55916 0 0.741843 -2.5075 0 0.776362 -2.6575 0 1.03617
4 15 -2.6575 0 1.03617 -2.5075 0 0.776362 -2.45178 0 0.803843 -2.56658 0 1.08101
4 15 -2.56658 0 1.08101 -2.45178 0 0.803843 -2.39294 0 0.823815 -2.47059 0 1.11359
4 15 -2.47059 0 1.11359 -2.39294 0 0.823815 -2.332 0 0.835937 -2.37116 0 1.13337
4 15 -2.37116 0 1.13337 -2.332 0 0.835937 -2.27 0 0.84 -2.27 0 1.14
4 15 -2.27 0 1.14 -2.27 0 0.84 -2.208 0 0.835937 -2.16884 0 1.13337
4 15 -2.16884 0 1.13337 -2.208 0 0.835937 -2.14706 0 0.823815 -2.06942 0 1.11359
4 15 -2.06942 0 1.11359 -2.14706 0 0.823815 -2.08823 0 0.803843 -1.97342 0 1.08101
4 15 -1.97342 0 1.08101 -2.08823 0 0.803843 -2.0325 0 0.776362 -1.8825 0 1.03617
4 15 -1.8825 0 1.03617 -2.0325 0 0.776362 -1.98084 0 0.741843 -1.79821 0 0.979849
4 15 -1.79821 0 0.979849 -1.98084 0 0.741843 -1.93412 0 0.700875 -1.72199 0 0.913008
4 15 -1.72199 0 0.913008 -1.93412 0 0.700875 -1.89316 0 0.654162 -1.65515 0 0.83679
4 15 -1.65515 0 0.83679 -1.89316 0 0.654162 -1.85864 0 0.6025 -1.59883 0 0.7525
4 15 -1.59883 0 0.7525 -1.85864 0 0.6025 -1.83116 0 0.546775 -1.55399 0 0.66158
4 15 -1.55399 0 0.66158 -1.83116 0 0.546775 -1.81119 0 0.487939 -1.52141 0 0.565584
4 15 -1.52141 0 0.565584 -1.81119 0 0.487939 -1.79906 0 0.427 -1.50163 0 0.466158
4 15 -1.50163 0 0.466158 -1.79906 0 0.427 -1.795 0 0.365 -1.495 0 0.365
4 15 -1.495 0 0.365 -1.795 0 0.365 -1.79906 0 0.303 -1.50163 0 0.263842
4 15 -1.50163 0 0.263842 -1.79906 0 0.303 -1.81119 0 0.242061 -1.52141 0 0.164415
4 15 -1.52141 0 0.164415 -1.81119 0 0.242061 -1.83116 0 0.183226 -1.55399 0 0.06842
4 15 -1.55399 0 0.06842 -1.83116 0 0.183226 -1.85864 0 0.1275 -1.59883 0 -0.0225
4 15 -1.59883 0 -0.0225 -1.85864 0 0.1275 -1.89316 0 0.075838 -1.65515 0 -0.10679
4 15 -1.65515 0 -0.10679 -1.89316 0 0.075838 -1.93412 0 0.029124 -1.72199 0 -0.183008
4 15 -1.72199 0 -0.183008 -1.93412 0 0.029124 -1.98084 0 -0.011843 -1.79821 0 -0.249849
4 15 -1.79821 0 -0.249849 -1.98084 0 -0.011843 -2.0325 0 -0.046362 -1.8825 0 -0.30617
4 15 -1.8825 0 -0.30617 -2.0325 0 -0.046362 -2.08823 0 -0.073843 -1.97342 0 -0.351007
4 15 -1.97342 0 -0.351007 -2.08823 0 -0.073843 -2.14706 0 -0.093815 -2.06942 0 -0.383593
4 15 -2.06942 0 -0.383593 -2.14706 0 -0.093815 -2.208 0 -0.105937 -2.16884 0 -0.40337
4 15 -2.16884 0 -0.40337 -2.208 0 -0.105937 -2.27 0 -0.11 -2.27 0 -0.41
4 15 -2.27 0 -0.41 -2.27 0 -0.11 -2.332 0 -0.105937 -2.37116 0 -0.40337
4 15 -2.37116 0 -0.40337 -2.332 0 -0.105937 -2.39294 0 -0.093815 -2.47059 0 -0.383593
4 15 -2.47059 0 -0.383593 -2.39294 0 -0.093815 -2.45178 0 -0.073843 -2.56658 0 -0.351007
4 15 -2.56658 0 -0.351007 -2.45178 0 -0.073843 -2.5075 0 -0.046362 -2.6575 0 -0.30617
4 15 -2.6575 0 -0.30617 -2.5075 0 -0.046362 -2.55916 0 -0.011843 -2.74179 0 -0.249849
4 15 -2.74179 0 -0.249849 -2.55916 0 -0.011843 -2.60588 0 0.029124 -2.775 0 -0.220724
3 15 -2.64684 0 0.075838 -2.775 0 -0.220724 -2.60588 0 0.029124
0 // Letter "a"
4 15 -0.469415 0 1.11359 -0.608 0 0.835937 -0.547061 0 0.823815 -0.37342 0 1.08101
4 15 -1.145 0 0.365 -1.43837 0 0.466158 -1.445 0 0.365 -1.14094 0 0.303
4 15 -1.14094 0 0.303 -1.445 0 0.365 -1.43837 0 0.263842 -1.12881 0 0.242061
4 15 -1.12881 0 0.242061 -1.43837 0 0.263842 -1.41859 0 0.164415 -1.10884 0 0.183226
4 15 -1.10884 0 0.183226 -1.41859 0 0.164415 -1.38601 0 0.06842 -1.08136 0 0.1275
4 15 -1.08136 0 0.1275 -1.38601 0 0.06842 -1.34117 0 -0.0225 -1.04684 0 0.075838
4 15 -1.04684 0 0.075838 -1.34117 0 -0.0225 -1.28485 0 -0.10679 -1.00588 0 0.029124
4 15 -1.00588 0 0.029124 -1.28485 0 -0.10679 -1.21801 0 -0.183008 -0.959162 0 -0.011843
4 15 -0.959162 0 -0.011843 -1.21801 0 -0.183008 -1.14179 0 -0.249849 -0.9075 0 -0.046362
4 15 -0.9075 0 -0.046362 -1.14179 0 -0.249849 -1.0575 0 -0.30617 -0.851775 0 -0.073843
4 15 -0.851775 0 -0.073843 -1.0575 0 -0.30617 -0.96658 0 -0.351007 -0.792939 0 -0.093815
4 15 -0.792939 0 -0.093815 -0.96658 0 -0.351007 -0.870584 0 -0.383593 -0.732 0 -0.105937
4 15 -0.732 0 -0.105937 -0.870584 0 -0.383593 -0.771158 0 -0.40337 -0.67 0 -0.11
4 15 -0.67 0 -0.11 -0.771158 0 -0.40337 -0.67 0 -0.41 -0.608 0 -0.105937
4 15 -0.608 0 -0.105937 -0.67 0 -0.41 -0.568842 0 -0.40337 -0.547061 0 -0.093815
4 15 -0.547061 0 -0.093815 -0.568842 0 -0.40337 -0.469415 0 -0.383593 -0.488226 0 -0.073843
4 15 -0.488226 0 -0.073843 -0.469415 0 -0.383593 -0.37342 0 -0.351007 -0.4325 0 -0.046362
4 15 -0.4325 0 -0.046362 -0.37342 0 -0.351007 -0.2825 0 -0.30617 -0.380838 0 -0.011843
4 15 -0.380838 0 -0.011843 -0.2825 0 -0.30617 -0.19821 0 -0.249849 -0.334124 0 0.029124
4 15 -0.334124 0 0.029124 -0.19821 0 -0.249849 -0.165 0 -0.220724 -0.293157 0 0.075838
3 15 -0.165 0 -0.220724 -0.165 0 -0.41 0.105 0 -0.41
4 15 -0.199064 0 0.303 -0.211185 0 0.242061 -0.165 0 -0.220724 0.105 0 -0.41
3 15 -0.211185 0 0.242061 -0.231157 0 0.183226 -0.165 0 -0.220724
4 15 -0.732 0 0.835937 -0.67 0 1.14 -0.771158 0 1.13337 -0.792939 0 0.823815
4 15 -0.792939 0 0.823815 -0.771158 0 1.13337 -0.870584 0 1.11359 -0.851775 0 0.803843
3 15 -0.231157 0 0.183226 -0.258638 0 0.1275 -0.165 0 -0.220724
4 15 -0.851775 0 0.803843 -0.870584 0 1.11359 -0.96658 0 1.08101 -0.9075 0 0.776362
4 15 -0.9075 0 0.776362 -0.96658 0 1.08101 -1.0575 0 1.03617 -0.959162 0 0.741843
4 15 -0.959162 0 0.741843 -1.0575 0 1.03617 -1.14179 0 0.979849 -1.00588 0 0.700875
4 15 -1.00588 0 0.700875 -1.14179 0 0.979849 -1.21801 0 0.913008 -1.04684 0 0.654162
4 15 -1.04684 0 0.654162 -1.21801 0 0.913008 -1.28485 0 0.83679 -1.08136 0 0.6025
4 15 -1.08136 0 0.6025 -1.28485 0 0.83679 -1.34117 0 0.7525 -1.10884 0 0.546775
4 15 -1.10884 0 0.546775 -1.34117 0 0.7525 -1.38601 0 0.66158 -1.12881 0 0.487939
4 15 -1.12881 0 0.487939 -1.38601 0 0.66158 -1.41859 0 0.565584 -1.14094 0 0.427
4 15 -1.14094 0 0.427 -1.41859 0 0.565584 -1.43837 0 0.466158 -1.145 0 0.365
3 15 -0.258638 0 0.1275 -0.293157 0 0.075838 -0.165 0 -0.220724
3 15 0.105 0 1.14 -0.165 0 1.14 -0.165 0 0.950725
4 15 -0.67 0 1.14 -0.732 0 0.835937 -0.67 0 0.84 -0.568842 0 1.13337
4 15 -0.568842 0 1.13337 -0.67 0 0.84 -0.608 0 0.835937 -0.469415 0 1.11359
4 15 -0.37342 0 1.08101 -0.547061 0 0.823815 -0.488226 0 0.803843 -0.2825 0 1.03617
4 15 -0.2825 0 1.03617 -0.488226 0 0.803843 -0.4325 0 0.776362 -0.19821 0 0.979849
4 15 -0.19821 0 0.979849 -0.4325 0 0.776362 -0.380838 0 0.741843 -0.165 0 0.950725
3 15 -0.165 0 0.950725 -0.380838 0 0.741843 -0.334124 0 0.700875
3 15 -0.165 0 0.950725 -0.334124 0 0.700875 -0.293157 0 0.654162
3 15 -0.165 0 0.950725 -0.293157 0 0.654162 -0.258638 0 0.6025
3 15 -0.165 0 0.950725 -0.258638 0 0.6025 -0.231157 0 0.546775
3 15 -0.165 0 0.950725 -0.231157 0 0.546775 -0.211185 0 0.487939
4 15 -0.165 0 0.950725 -0.211185 0 0.487939 -0.199064 0 0.427 0.105 0 1.14
4 15 0.105 0 1.14 -0.199064 0 0.427 -0.195 0 0.365 0.105 0 -0.41
3 15 -0.195 0 0.365 -0.199064 0 0.303 0.105 0 -0.41
0 // Letter "r"
4 15 0.585047 0 1.04829 0.700912 0 0.812143 0.746241 0 0.82753 0.673954 0 1.097
4 15 0.475 0 0.96 0.205 0 1.14 0.205 0 -0.41 0.478131 0 0.52181
3 15 0.475 0 0.474043 0.205 0 -0.41 0.475 0 -0.41
3 15 0.475 0 0.96 0.478131 0 0.52181 0.48747 0 0.56876
3 15 0.475 0 0.96 0.48747 0 0.56876 0.502856 0 0.614089
3 15 0.475 0 0.96 0.524029 0 0.657021 0.550624 0 0.696823
3 15 0.475 0 0.96 0.582186 0 0.732813 0.618176 0 0.764376
3 15 0.475 0 0.96 0.550624 0 0.696823 0.582186 0 0.732813
4 15 0.475 0 0.96 0.618176 0 0.764376 0.657979 0 0.790971 0.50442 0 0.986843
4 15 0.50442 0 0.986843 0.657979 0 0.790971 0.700912 0 0.812143 0.585047 0 1.04829
4 15 0.673954 0 1.097 0.746241 0 0.82753 0.79319 0 0.836869 0.770198 0 1.12884
4 15 0.770198 0 1.12884 0.79319 0 0.836869 0.840957 0 0.84 0.870957 0 1.14
4 15 0.870957 0 1.14 0.840957 0 0.84 0.888724 0 0.836869 0.971716 0 1.12884
3 15 0.971716 0 1.12884 0.888724 0 0.836869 0.935674 0 0.82753
4 15 0.971716 0 1.12884 0.935674 0 0.82753 0.981003 0 0.812143 1.06796 0 1.097
4 15 1.06796 0 1.097 0.981003 0 0.812143 1.02394 0 0.790971 1.15687 0 1.04829
4 15 1.15687 0 1.04829 1.02394 0 0.790971 1.06374 0 0.764376 1.23749 0 0.986843
4 15 1.23749 0 0.986843 1.06374 0 0.764376 1.09973 0 0.732813 1.31005 0 0.916041
4 15 1.31005 0 0.916041 1.09973 0 0.732813 1.13129 0 0.696823 1.3752 0 0.838374
4 15 1.3752 0 0.838374 1.13129 0 0.696823 1.15789 0 0.657021 1.43372 0 0.755596
4 15 1.43372 0 0.755596 1.15789 0 0.657021 1.16962 0 0.635 1.48633 0 0.66894
3 15 1.48633 0 0.66894 1.16962 0 0.635 1.505 0 0.635
3 15 0.475 0 0.96 0.502856 0 0.614089 0.524029 0 0.657021
3 15 0.478131 0 0.52181 0.205 0 -0.41 0.475 0 0.474043
3 15 0.475 0 1.14 0.205 0 1.14 0.475 0 0.96
0 // Letter "c"
4 15 2.47677 0 0.803843 2.59158 0 1.08101 2.49559 0 1.11359 2.41794 0 0.823815
4 15 1.82406 0 0.427 1.52663 0 0.466158 1.52 0 0.365 1.82 0 0.365
4 15 1.82 0 0.365 1.52 0 0.365 1.52663 0 0.263842 1.82406 0 0.303
4 15 1.82406 0 0.303 1.52663 0 0.263842 1.54641 0 0.164415 1.83619 0 0.242061
4 15 1.83619 0 0.242061 1.54641 0 0.164415 1.57899 0 0.06842 1.85616 0 0.183226
4 15 1.85616 0 0.183226 1.57899 0 0.06842 1.62383 0 -0.0225 1.88364 0 0.1275
4 15 1.88364 0 0.1275 1.62383 0 -0.0225 1.68015 0 -0.10679 1.91816 0 0.075838
4 15 1.91816 0 0.075838 1.68015 0 -0.10679 1.74699 0 -0.183008 1.95913 0 0.029124
4 15 1.95913 0 0.029124 1.74699 0 -0.183008 1.82321 0 -0.249849 2.00584 0 -0.011843
4 15 2.00584 0 -0.011843 1.82321 0 -0.249849 1.9075 0 -0.30617 2.0575 0 -0.046362
4 15 2.0575 0 -0.046362 1.9075 0 -0.30617 1.99842 0 -0.351007 2.11323 0 -0.073843
4 15 2.11323 0 -0.073843 1.99842 0 -0.351007 2.09442 0 -0.383593 2.17206 0 -0.093815
4 15 2.17206 0 -0.093815 2.09442 0 -0.383593 2.19384 0 -0.40337 2.233 0 -0.105937
4 15 2.233 0 -0.105937 2.19384 0 -0.40337 2.295 0 -0.41 2.295 0 -0.11
4 15 2.295 0 -0.11 2.295 0 -0.41 2.39616 0 -0.40337 2.357 0 -0.105937
4 15 2.357 0 -0.105937 2.39616 0 -0.40337 2.49559 0 -0.383593 2.41794 0 -0.093815
4 15 2.41794 0 -0.093815 2.49559 0 -0.383593 2.59158 0 -0.351007 2.47677 0 -0.073843
4 15 2.47677 0 -0.073843 2.59158 0 -0.351007 2.6825 0 -0.30617 2.5325 0 -0.046362
4 15 2.5325 0 -0.046362 2.6825 0 -0.30617 2.76679 0 -0.249849 2.58416 0 -0.011843
4 15 2.58416 0 -0.011843 2.76679 0 -0.249849 2.84301 0 -0.183008 2.63088 0 0.029124
4 15 2.63088 0 0.029124 2.84301 0 -0.183008 2.90985 0 -0.10679 2.67184 0 0.075838
4 15 2.67184 0 0.075838 2.90985 0 -0.10679 2.96617 0 -0.0225 2.70636 0 0.1275
4 15 3.01101 0 0.06842 2.71992 0 0.155 2.70636 0 0.1275 2.96617 0 -0.0225
3 15 3.0404 0 0.155 2.71992 0 0.155 3.01101 0 0.06842
4 15 2.71992 0 0.575 3.01101 0 0.66158 2.96617 0 0.7525 2.70636 0 0.6025
4 15 2.70636 0 0.6025 2.96617 0 0.7525 2.90985 0 0.83679 2.67184 0 0.654162
4 15 2.67184 0 0.654162 2.90985 0 0.83679 2.84301 0 0.913008 2.63088 0 0.700875
4 15 2.63088 0 0.700875 2.84301 0 0.913008 2.76679 0 0.979849 2.58416 0 0.741843
4 15 2.58416 0 0.741843 2.76679 0 0.979849 2.6825 0 1.03617 2.5325 0 0.776362
4 15 2.5325 0 0.776362 2.6825 0 1.03617 2.59158 0 1.08101 2.47677 0 0.803843
4 15 2.41794 0 0.823815 2.49559 0 1.11359 2.39616 0 1.13337 2.357 0 0.835937
4 15 2.357 0 0.835937 2.39616 0 1.13337 2.295 0 1.14 2.295 0 0.84
4 15 2.295 0 0.84 2.295 0 1.14 2.19384 0 1.13337 2.233 0 0.835937
4 15 2.233 0 0.835937 2.19384 0 1.13337 2.09442 0 1.11359 2.17206 0 0.823815
4 15 2.17206 0 0.823815 2.09442 0 1.11359 1.99842 0 1.08101 2.11323 0 0.803843
4 15 2.11323 0 0.803843 1.99842 0 1.08101 1.9075 0 1.03617 2.0575 0 0.776362
4 15 2.0575 0 0.776362 1.9075 0 1.03617 1.82321 0 0.979849 2.00584 0 0.741843
4 15 2.00584 0 0.741843 1.82321 0 0.979849 1.74699 0 0.913008 1.95913 0 0.700875
4 15 1.95913 0 0.700875 1.74699 0 0.913008 1.68015 0 0.83679 1.91816 0 0.654162
4 15 1.91816 0 0.654162 1.68015 0 0.83679 1.62383 0 0.7525 1.88364 0 0.6025
4 15 1.83619 0 0.487939 1.54641 0 0.565584 1.52663 0 0.466158 1.82406 0 0.427
4 15 1.85616 0 0.546775 1.57899 0 0.66158 1.54641 0 0.565584 1.83619 0 0.487939
4 15 1.88364 0 0.6025 1.62383 0 0.7525 1.57899 0 0.66158 1.85616 0 0.546775
3 15 3.01101 0 0.66158 2.71992 0 0.575 3.0404 0 0.575
0 // Letter "o"
4 15 4.1075 0 0.776362 4.2575 0 1.03617 4.16658 0 1.08101 4.05178 0 0.803843
4 15 3.395 0 0.365 3.095 0 0.365 3.10163 0 0.263842 3.39906 0 0.303
4 15 3.39906 0 0.303 3.10163 0 0.263842 3.12141 0 0.164415 3.41119 0 0.242061
4 15 3.41119 0 0.242061 3.12141 0 0.164415 3.15399 0 0.06842 3.43116 0 0.183226
4 15 3.43116 0 0.183226 3.15399 0 0.06842 3.19883 0 -0.0225 3.45864 0 0.1275
4 15 3.45864 0 0.1275 3.19883 0 -0.0225 3.25515 0 -0.10679 3.49316 0 0.075838
4 15 3.49316 0 0.075838 3.25515 0 -0.10679 3.32199 0 -0.183008 3.53412 0 0.029124
4 15 3.53412 0 0.029124 3.32199 0 -0.183008 3.39821 0 -0.249849 3.58084 0 -0.011843
4 15 3.58084 0 -0.011843 3.39821 0 -0.249849 3.4825 0 -0.30617 3.6325 0 -0.046362
4 15 3.6325 0 -0.046362 3.4825 0 -0.30617 3.57342 0 -0.351007 3.68823 0 -0.073843
4 15 3.68823 0 -0.073843 3.57342 0 -0.351007 3.66942 0 -0.383593 3.74706 0 -0.093815
4 15 3.74706 0 -0.093815 3.66942 0 -0.383593 3.76884 0 -0.40337 3.808 0 -0.105937
4 15 3.808 0 -0.105937 3.76884 0 -0.40337 3.87 0 -0.41 3.87 0 -0.11
4 15 3.87 0 -0.11 3.87 0 -0.41 3.97116 0 -0.40337 3.932 0 -0.105937
4 15 3.932 0 -0.105937 3.97116 0 -0.40337 4.07058 0 -0.383593 3.99294 0 -0.093815
4 15 3.99294 0 -0.093815 4.07058 0 -0.383593 4.16658 0 -0.351007 4.05178 0 -0.073843
4 15 4.05178 0 -0.073843 4.16658 0 -0.351007 4.2575 0 -0.30617 4.1075 0 -0.046362
4 15 4.1075 0 -0.046362 4.2575 0 -0.30617 4.34179 0 -0.249849 4.15916 0 -0.011843
4 15 4.15916 0 -0.011843 4.34179 0 -0.249849 4.41801 0 -0.183008 4.20587 0 0.029124
4 15 4.20587 0 0.029124 4.41801 0 -0.183008 4.48485 0 -0.10679 4.24684 0 0.075838
4 15 4.24684 0 0.075838 4.48485 0 -0.10679 4.54117 0 -0.0225 4.28136 0 0.1275
4 15 4.28136 0 0.1275 4.54117 0 -0.0225 4.58601 0 0.06842 4.30884 0 0.183226
4 15 4.30884 0 0.183226 4.58601 0 0.06842 4.61859 0 0.164415 4.32881 0 0.242061
4 15 4.32881 0 0.242061 4.61859 0 0.164415 4.63837 0 0.263842 4.34094 0 0.303
4 15 4.34094 0 0.303 4.63837 0 0.263842 4.645 0 0.365 4.345 0 0.365
4 15 4.345 0 0.365 4.645 0 0.365 4.63837 0 0.466158 4.34094 0 0.427
4 15 4.34094 0 0.427 4.63837 0 0.466158 4.61859 0 0.565584 4.32881 0 0.487939
4 15 4.32881 0 0.487939 4.61859 0 0.565584 4.58601 0 0.66158 4.30884 0 0.546775
4 15 4.30884 0 0.546775 4.58601 0 0.66158 4.54117 0 0.7525 4.28136 0 0.6025
4 15 4.28136 0 0.6025 4.54117 0 0.7525 4.48485 0 0.83679 4.24684 0 0.654162
4 15 4.24684 0 0.654162 4.48485 0 0.83679 4.41801 0 0.913008 4.20587 0 0.700875
4 15 3.39906 0 0.427 3.10163 0 0.466158 3.095 0 0.365 3.395 0 0.365
4 15 3.41119 0 0.487939 3.12141 0 0.565584 3.10163 0 0.466158 3.39906 0 0.427
4 15 3.43116 0 0.546775 3.15399 0 0.66158 3.12141 0 0.565584 3.41119 0 0.487939
4 15 3.45864 0 0.6025 3.19883 0 0.7525 3.15399 0 0.66158 3.43116 0 0.546775
4 15 3.49316 0 0.654162 3.25515 0 0.83679 3.19883 0 0.7525 3.45864 0 0.6025
4 15 3.53412 0 0.700875 3.32199 0 0.913008 3.25515 0 0.83679 3.49316 0 0.654162
4 15 3.58084 0 0.741843 3.39821 0 0.979849 3.32199 0 0.913008 3.53412 0 0.700875
4 15 3.6325 0 0.776362 3.4825 0 1.03617 3.39821 0 0.979849 3.58084 0 0.741843
4 15 3.68823 0 0.803843 3.57342 0 1.08101 3.4825 0 1.03617 3.6325 0 0.776362
4 15 3.74706 0 0.823815 3.66942 0 1.11359 3.57342 0 1.08101 3.68823 0 0.803843
4 15 3.808 0 0.835937 3.76884 0 1.13337 3.66942 0 1.11359 3.74706 0 0.823815
4 15 3.87 0 0.84 3.87 0 1.14 3.76884 0 1.13337 3.808 0 0.835937
4 15 3.932 0 0.835937 3.97116 0 1.13337 3.87 0 1.14 3.87 0 0.84
4 15 3.99294 0 0.823815 4.07058 0 1.11359 3.97116 0 1.13337 3.932 0 0.835937
4 15 4.05178 0 0.803843 4.16658 0 1.08101 4.07058 0 1.11359 3.99294 0 0.823815
4 15 4.15916 0 0.741843 4.34179 0 0.979849 4.2575 0 1.03617 4.1075 0 0.776362
4 15 4.20587 0 0.700875 4.41801 0 0.913008 4.34179 0 0.979849 4.15916 0 0.741843
0 // Line
4 15 -3.195 0 -0.88 -3.195 0 -0.61 -4.645 0 -0.61 -4.645 0 -0.88
3 15 4.645 0 -0.61 3.0677 0 -0.61 4.645 0 -0.88
4 15 4.645 0 -0.88 3.0677 0 -0.61 1 0 -0.61 -2.625 0 -0.88
3 15 -1.47 0 -0.61 -2.625 0 -0.61 -2.625 0 -0.88
3 15 1 0 -0.61 -1.47 0 -0.61 -2.625 0 -0.88
0 // Outer box
4 16 -3.045 0 -1.14 -3.195 0 -0.88 -4.645 0 -0.88 -4.645 0 -1.14
4 16 4.645 0 -0.88 -2.625 0 -0.88 -2.775 0 -1.14 4.645 0 -1.14
4 16 -2.27 0 -0.41 -2.625 0 -0.61 -1.47 0 -0.61 -2.16884 0 -0.40337
4 16 -2.775 0 -1.14 -2.625 0 -0.88 -2.625 0 -0.61 -2.775 0 -0.220724
3 16 -3.045 0 1.14 -3.10836 0 0.5 -3.10163 0 0.466158
3 16 -3.045 0 1.14 -3.10163 0 0.466158 -3.095 0 0.365
3 16 -3.045 0 1.14 -3.095 0 0.365 -3.045 0 -1.14
3 16 -3.095 0 0.365 -3.10163 0 0.263842 -3.045 0 -1.14
4 16 -3.12141 0 0.164415 -3.16626 0 0.064304 -3.195 0 -0.61 -3.045 0 -1.14
3 16 -3.16626 0 0.064304 -3.19883 0 -0.0225 -3.195 0 -0.61
3 16 -4.63164 0 0.23 -4.645 0 -0.61 -4.59503 0 0.095
3 16 -3.045 0 1.14 -3.19883 0 0.7525 -3.15399 0 0.66158
3 16 -3.19883 0 -0.0225 -3.25515 0 -0.10679 -3.195 0 -0.61
3 16 -3.25515 0 -0.10679 -3.32199 0 -0.183008 -3.195 0 -0.61
3 16 -3.32199 0 -0.183008 -3.39821 0 -0.249849 -3.195 0 -0.61
3 16 -3.39821 0 -0.249849 -3.4825 0 -0.30617 -3.195 0 -0.61
3 16 -3.4825 0 -0.30617 -3.57342 0 -0.351007 -3.195 0 -0.61
3 16 -3.57342 0 -0.351007 -3.66941 0 -0.383593 -3.195 0 -0.61
3 16 -4.54117 0 -0.0225 -4.645 0 -0.61 -4.48485 0 -0.10679
3 16 -4.58601 0 0.06842 -4.645 0 -0.61 -4.54117 0 -0.0225
3 16 -4.59503 0 0.095 -4.645 0 -0.61 -4.58601 0 0.06842
3 16 -4.2575 0 -0.30617 -4.645 0 -0.61 -4.16658 0 -0.351007
3 16 -4.645 0 1.14 -4.61859 0 0.565584 -4.58601 0 0.66158
3 16 -3.045 0 1.14 -3.87 0 1.14 -3.76884 0 1.13337
3 16 -3.045 0 1.14 -3.76884 0 1.13337 -3.66941 0 1.11359
3 16 -3.045 0 1.14 -3.66941 0 1.11359 -3.57342 0 1.08101
3 16 -3.045 0 1.14 -3.57342 0 1.08101 -3.4825 0 1.03617
3 16 -3.045 0 1.14 -3.4825 0 1.03617 -3.39821 0 0.979849
3 16 -4.16658 0 -0.351007 -4.645 0 -0.61 -4.07059 0 -0.383593
3 16 -4.34179 0 -0.249849 -4.645 0 -0.61 -4.2575 0 -0.30617
3 16 -4.41801 0 -0.183008 -4.645 0 -0.61 -4.34179 0 -0.249849
3 16 -4.48485 0 -0.10679 -4.645 0 -0.61 -4.41801 0 -0.183008
3 16 -4.645 0 1.14 -4.58601 0 0.66158 -4.54117 0 0.7525
3 16 -4.645 0 1.14 -4.54117 0 0.7525 -4.48485 0 0.83679
3 16 -4.645 0 1.14 -4.48485 0 0.83679 -4.41801 0 0.913008
3 16 -3.045 0 1.14 -3.39821 0 0.979849 -3.32199 0 0.913008
3 16 -3.045 0 1.14 -3.32199 0 0.913008 -3.25515 0 0.83679
3 16 -3.045 0 1.14 -3.25515 0 0.83679 -3.19883 0 0.7525
3 16 -3.66941 0 -0.383593 -3.76884 0 -0.40337 -3.195 0 -0.61
4 16 -3.195 0 -0.61 -3.76884 0 -0.40337 -3.87 0 -0.41 -4.645 0 -0.61
3 16 -3.97116 0 -0.40337 -4.645 0 -0.61 -3.87 0 -0.41
3 16 -4.07059 0 -0.383593 -4.645 0 -0.61 -3.97116 0 -0.40337
3 16 -4.645 0 1.14 -4.41801 0 0.913008 -4.34179 0 0.979849
3 16 -4.645 0 1.14 -4.34179 0 0.979849 -4.2575 0 1.03617
3 16 -4.645 0 1.14 -4.2575 0 1.03617 -4.16658 0 1.08101
3 16 -4.645 0 1.14 -4.16658 0 1.08101 -4.07059 0 1.11359
3 16 -4.645 0 1.14 -4.07059 0 1.11359 -3.97116 0 1.13337
3 16 -3.87 0 1.14 -4.645 0 1.14 -3.97116 0 1.13337
3 16 -4.63837 0 0.263842 -4.645 0 -0.61 -4.63164 0 0.23
3 16 -4.645 0 0.365 -4.645 0 -0.61 -4.63837 0 0.263842
3 16 -4.645 0 1.14 -4.645 0 0.365 -4.63837 0 0.466158
3 16 -4.645 0 1.14 -4.63837 0 0.466158 -4.61859 0 0.565584
3 16 -1.47 0 1.14 -2.16884 0 1.13337 -2.06942 0 1.11359
3 16 -1.47 0 1.14 -2.06942 0 1.11359 -1.97342 0 1.08101
3 16 -1.47 0 1.14 -1.97342 0 1.08101 -1.8825 0 1.03617
3 16 -1.47 0 1.14 -1.8825 0 1.03617 -1.79821 0 0.979849
3 16 -1.47 0 1.14 -1.79821 0 0.979849 -1.72199 0 0.913008
3 16 -1.47 0 1.14 -1.72199 0 0.913008 -1.65515 0 0.83679
3 16 -2.56658 0 -0.351007 -2.625 0 -0.61 -2.47059 0 -0.383593
3 16 -2.775 0 1.14 -2.775 0 0.950725 -2.74179 0 0.979849
3 16 -2.775 0 1.14 -2.74179 0 0.979849 -2.6575 0 1.03617
3 16 -2.775 0 1.14 -2.6575 0 1.03617 -2.56658 0 1.08101
3 16 -1.47 0 1.14 -1.65515 0 0.83679 -1.59883 0 0.7525
3 16 -1.47 0 1.14 -1.59883 0 0.7525 -1.55399 0 0.66158
3 16 -1.47 0 1.14 -1.55399 0 0.66158 -1.52141 0 0.565584
3 16 -2.775 0 1.14 -2.56658 0 1.08101 -2.47059 0 1.11359
3 16 -2.775 0 1.14 -2.47059 0 1.11359 -2.37116 0 1.13337
3 16 -1.47 0 1.14 -2.27 0 1.14 -2.16884 0 1.13337
3 16 -1.47 0 1.14 -1.52141 0 0.565584 -1.50163 0 0.466158
3 16 -1.47 0 1.14 -1.50163 0 0.466158 -1.495 0 0.365
4 16 -1.47 0 1.14 -1.495 0 0.365 -1.47 0 -0.61 -1.445 0 0.365
3 16 -1.495 0 0.365 -1.50163 0 0.263842 -1.47 0 -0.61
3 16 -1.50163 0 0.263842 -1.52141 0 0.164415 -1.47 0 -0.61
3 16 -1.97342 0 -0.351007 -2.06942 0 -0.383593 -1.47 0 -0.61
3 16 -1.8825 0 -0.30617 -1.97342 0 -0.351007 -1.47 0 -0.61
3 16 -2.06942 0 -0.383593 -2.16884 0 -0.40337 -1.47 0 -0.61
3 16 -2.37116 0 -0.40337 -2.625 0 -0.61 -2.27 0 -0.41
3 16 -2.47059 0 -0.383593 -2.625 0 -0.61 -2.37116 0 -0.40337
3 16 -2.6575 0 -0.30617 -2.625 0 -0.61 -2.56658 0 -0.351007
3 16 -2.74179 0 -0.249849 -2.625 0 -0.61 -2.6575 0 -0.30617
3 16 -2.775 0 -0.220724 -2.625 0 -0.61 -2.74179 0 -0.249849
3 16 -1.52141 0 0.164415 -1.55399 0 0.06842 -1.47 0 -0.61
3 16 -1.55399 0 0.06842 -1.59883 0 -0.0225 -1.47 0 -0.61
3 16 -1.59883 0 -0.0225 -1.65515 0 -0.10679 -1.47 0 -0.61
3 16 -1.65515 0 -0.10679 -1.72199 0 -0.183008 -1.47 0 -0.61
3 16 -1.72199 0 -0.183008 -1.79821 0 -0.249849 -1.47 0 -0.61
3 16 -1.79821 0 -0.249849 -1.8825 0 -0.30617 -1.47 0 -0.61
3 16 -3.10163 0 0.263842 -3.12141 0 0.164415 -3.045 0 -1.14
3 16 -3.195 0 -0.61 -3.195 0 -0.88 -3.045 0 -1.14
3 16 -1.47 0 1.14 -1.41859 0 0.565584 -1.38601 0 0.66158
3 16 -0.165 0 1.14 -0.19821 0 0.979849 -0.165 0 0.950725
3 16 -0.165 0 1.14 -0.2825 0 1.03617 -0.19821 0 0.979849
3 16 -0.165 0 1.14 -0.568842 0 1.13337 -0.469415 0 1.11359
3 16 -0.165 0 1.14 -0.469415 0 1.11359 -0.37342 0 1.08101
3 16 -0.165 0 1.14 -0.37342 0 1.08101 -0.2825 0 1.03617
3 16 -1.47 0 1.14 -1.38601 0 0.66158 -1.34117 0 0.7525
3 16 -1.47 0 1.14 -1.34117 0 0.7525 -1.28485 0 0.83679
3 16 -1.47 0 1.14 -1.28485 0 0.83679 -1.21801 0 0.913008
3 16 -1.47 0 1.14 -1.21801 0 0.913008 -1.14179 0 0.979849
3 16 -1.47 0 1.14 -1.14179 0 0.979849 -1.0575 0 1.03617
3 16 -1.47 0 1.14 -1.0575 0 1.03617 -0.96658 0 1.08101
3 16 -1.41859 0 0.164415 -1.47 0 -0.61 -1.38601 0 0.06842
3 16 -1.38601 0 0.06842 -1.47 0 -0.61 -1.34117 0 -0.0225
3 16 -1.43837 0 0.263842 -1.47 0 -0.61 -1.41859 0 0.164415
3 16 -1.445 0 0.365 -1.47 0 -0.61 -1.43837 0 0.263842
3 16 -1.47 0 1.14 -1.445 0 0.365 -1.43837 0 0.466158
3 16 -1.47 0 1.14 -1.43837 0 0.466158 -1.41859 0 0.565584
3 16 -1.47 0 1.14 -0.96658 0 1.08101 -0.870584 0 1.11359
3 16 -1.47 0 1.14 -0.870584 0 1.11359 -0.771158 0 1.13337
3 16 -0.67 0 1.14 -1.47 0 1.14 -0.771158 0 1.13337
3 16 -0.19821 0 -0.249849 -0.2825 0 -0.30617 -0.165 0 -0.41
3 16 -0.165 0 -0.220724 -0.19821 0 -0.249849 -0.165 0 -0.41
3 16 -0.870584 0 -0.383593 -1.47 0 -0.61 -0.771158 0 -0.40337
4 16 0.105 0 1.14 0.105 0 -0.41 0.205 0 -0.41 0.205 0 1.14
3 16 -0.771158 0 -0.40337 -1.47 0 -0.61 -0.67 0 -0.41
3 16 -0.96658 0 -0.351007 -1.47 0 -0.61 -0.870584 0 -0.383593
3 16 -1.0575 0 -0.30617 -1.47 0 -0.61 -0.96658 0 -0.351007
3 16 -1.14179 0 -0.249849 -1.47 0 -0.61 -1.0575 0 -0.30617
3 16 -1.21801 0 -0.183008 -1.47 0 -0.61 -1.14179 0 -0.249849
3 16 -1.28485 0 -0.10679 -1.47 0 -0.61 -1.21801 0 -0.183008
3 16 -1.34117 0 -0.0225 -1.47 0 -0.61 -1.28485 0 -0.10679
3 16 -0.2825 0 -0.30617 -0.37342 0 -0.351007 -0.165 0 -0.41
3 16 -0.37342 0 -0.351007 -0.469415 0 -0.383593 -0.165 0 -0.41
3 16 -0.469415 0 -0.383593 -0.568842 0 -0.40337 -0.165 0 -0.41
4 16 -0.165 0 -0.41 -0.568842 0 -0.40337 -0.67 0 -0.41 -1.47 0 -0.61
4 16 0.205 0 -0.41 -1.47 0 -0.61 1 0 -0.61 0.475 0 -0.41
3 16 0.475 0 1.14 0.673954 0 1.097 0.770198 0 1.12884
3 16 1.5125 0 1.14 0.870957 0 1.14 0.971716 0 1.12884
3 16 1.5125 0 1.14 0.971716 0 1.12884 1.06796 0 1.097
3 16 1.5125 0 1.14 1.06796 0 1.097 1.15687 0 1.04829
3 16 0.475 0 1.14 0.475 0 0.96 0.50442 0 0.986843
3 16 0.475 0 1.14 0.50442 0 0.986843 0.585047 0 1.04829
3 16 0.475 0 1.14 0.585047 0 1.04829 0.673954 0 1.097
3 16 1.5125 0 1.14 1.15687 0 1.04829 1.23749 0 0.986843
3 16 1.5125 0 1.14 1.23749 0 0.986843 1.31005 0 0.916041
3 16 1.5125 0 1.14 1.31005 0 0.916041 1.3752 0 0.838374
3 16 1.5125 0 1.14 1.3752 0 0.838374 1.43372 0 0.755596
3 16 1.5125 0 1.14 1.43372 0 0.755596 1.48633 0 0.66894
4 16 1.5125 0 1.14 1.48633 0 0.66894 1.505 0 0.635 1.57899 0 0.66158
3 16 2.59158 0 -0.351007 2.49559 0 -0.383593 3.0677 0 -0.61
3 16 1.99842 0 -0.351007 1 0 -0.61 2.09442 0 -0.383593
3 16 3.0404 0 0.155 3.01101 0 0.06842 3.0677 0 -0.61
3 16 2.49559 0 -0.383593 2.39616 0 -0.40337 3.0677 0 -0.61
4 16 3.0677 0 -0.61 2.39616 0 -0.40337 2.295 0 -0.41 1 0 -0.61
3 16 2.19384 0 -0.40337 1 0 -0.61 2.295 0 -0.41
3 16 2.09442 0 -0.383593 1 0 -0.61 2.19384 0 -0.40337
3 16 1.9075 0 -0.30617 1 0 -0.61 1.99842 0 -0.351007
3 16 1.82321 0 -0.249849 1 0 -0.61 1.9075 0 -0.30617
3 16 1.74699 0 -0.183008 1 0 -0.61 1.82321 0 -0.249849
3 16 3.0677 0 1.14 2.76679 0 0.979849 2.84301 0 0.913008
3 16 3.0677 0 1.14 2.84301 0 0.913008 2.90985 0 0.83679
3 16 3.0677 0 1.14 2.90985 0 0.83679 2.96617 0 0.7525
3 16 3.0677 0 1.14 2.96617 0 0.7525 3.01101 0 0.66158
3 16 3.0677 0 1.14 3.01101 0 0.66158 3.0404 0 0.575
3 16 3.01101 0 0.06842 2.96617 0 -0.0225 3.0677 0 -0.61
3 16 2.96617 0 -0.0225 2.90985 0 -0.10679 3.0677 0 -0.61
3 16 2.90985 0 -0.10679 2.84301 0 -0.183008 3.0677 0 -0.61
3 16 2.84301 0 -0.183008 2.76679 0 -0.249849 3.0677 0 -0.61
3 16 2.76679 0 -0.249849 2.6825 0 -0.30617 3.0677 0 -0.61
3 16 2.6825 0 -0.30617 2.59158 0 -0.351007 3.0677 0 -0.61
3 16 3.0677 0 1.14 2.49559 0 1.11359 2.59158 0 1.08101
3 16 3.0677 0 1.14 2.59158 0 1.08101 2.6825 0 1.03617
3 16 3.0677 0 1.14 2.6825 0 1.03617 2.76679 0 0.979849
4 16 3.0404 0 0.155 3.0677 0 -0.61 3.0677 0 1.14 3.0404 0 0.575
3 16 1.68015 0 -0.10679 1 0 -0.61 1.74699 0 -0.183008
3 16 1.62383 0 -0.0225 1 0 -0.61 1.68015 0 -0.10679
3 16 1.57899 0 0.06842 1 0 -0.61 1.62383 0 -0.0225
3 16 1.54641 0 0.164415 1 0 -0.61 1.57899 0 0.06842
3 16 1.52663 0 0.263842 1 0 -0.61 1.54641 0 0.164415
3 16 1.5125 0 1.14 1.57899 0 0.66158 1.62383 0 0.7525
3 16 1.5125 0 1.14 1.62383 0 0.7525 1.68015 0 0.83679
3 16 1.5125 0 1.14 1.68015 0 0.83679 1.74699 0 0.913008
3 16 1.5125 0 1.14 1.74699 0 0.913008 1.82321 0 0.979849
3 16 1.5125 0 1.14 1.82321 0 0.979849 1.9075 0 1.03617
3 16 1.5125 0 1.14 1.9075 0 1.03617 1.99842 0 1.08101
3 16 1.5125 0 1.14 1.99842 0 1.08101 2.09442 0 1.11359
3 16 1.5125 0 1.14 2.09442 0 1.11359 2.19384 0 1.13337
3 16 2.295 0 1.14 1.5125 0 1.14 2.19384 0 1.13337
3 16 3.0677 0 1.14 2.295 0 1.14 2.39616 0 1.13337
3 16 3.0677 0 1.14 2.39616 0 1.13337 2.49559 0 1.11359
3 16 3.0677 0 1.14 3.32199 0 0.913008 3.39821 0 0.979849
3 16 3.0677 0 1.14 3.39821 0 0.979849 3.4825 0 1.03617
3 16 3.0677 0 1.14 3.4825 0 1.03617 3.57342 0 1.08101
3 16 3.0677 0 1.14 3.57342 0 1.08101 3.66942 0 1.11359
3 16 4.645 0 1.14 4.16658 0 1.08101 4.2575 0 1.03617
4 16 3.87 0 -0.41 3.76884 0 -0.40337 3.0677 0 -0.61 4.645 0 -0.61
3 16 3.0677 0 1.14 3.12141 0 0.565584 3.15399 0 0.66158
3 16 4.645 0 1.14 4.48485 0 0.83679 4.54117 0 0.7525
3 16 4.645 0 1.14 4.54117 0 0.7525 4.58601 0 0.66158
3 16 4.645 0 1.14 4.58601 0 0.66158 4.61859 0 0.565584
3 16 4.645 0 1.14 4.61859 0 0.565584 4.63837 0 0.466158
3 16 3.10163 0 0.263842 3.0677 0 -0.61 3.12141 0 0.164415
3 16 3.095 0 0.365 3.0677 0 -0.61 3.10163 0 0.263842
3 16 3.0677 0 1.14 3.0677 0 -0.61 3.095 0 0.365
3 16 3.0677 0 1.14 3.095 0 0.365 3.10163 0 0.466158
3 16 3.0677 0 1.14 3.10163 0 0.466158 3.12141 0 0.565584
3 16 3.0677 0 1.14 3.15399 0 0.66158 3.19883 0 0.7525
3 16 3.0677 0 1.14 3.19883 0 0.7525 3.25515 0 0.83679
3 16 3.0677 0 1.14 3.25515 0 0.83679 3.32199 0 0.913008
3 16 4.645 0 1.14 4.07058 0 1.11359 4.16658 0 1.08101
3 16 4.645 0 1.14 4.2575 0 1.03617 4.34179 0 0.979849
3 16 4.645 0 1.14 4.34179 0 0.979849 4.41801 0 0.913008
3 16 4.645 0 1.14 4.41801 0 0.913008 4.48485 0 0.83679
3 16 4.63837 0 0.263842 4.61859 0 0.164415 4.645 0 -0.61
3 16 4.645 0 0.365 4.63837 0 0.263842 4.645 0 -0.61
3 16 3.0677 0 1.14 3.66942 0 1.11359 3.76884 0 1.13337
3 16 3.87 0 1.14 3.0677 0 1.14 3.76884 0 1.13337
3 16 4.645 0 1.14 3.87 0 1.14 3.97116 0 1.13337
3 16 4.645 0 1.14 3.97116 0 1.13337 4.07058 0 1.11359
3 16 4.61859 0 0.164415 4.58601 0 0.06842 4.645 0 -0.61
3 16 4.58601 0 0.06842 4.54117 0 -0.0225 4.645 0 -0.61
3 16 4.54117 0 -0.0225 4.48485 0 -0.10679 4.645 0 -0.61
3 16 4.48485 0 -0.10679 4.41801 0 -0.183008 4.645 0 -0.61
3 16 4.41801 0 -0.183008 4.34179 0 -0.249849 4.645 0 -0.61
3 16 4.34179 0 -0.249849 4.2575 0 -0.30617 4.645 0 -0.61
3 16 4.2575 0 -0.30617 4.16658 0 -0.351007 4.645 0 -0.61
3 16 4.16658 0 -0.351007 4.07058 0 -0.383593 4.645 0 -0.61
3 16 4.07058 0 -0.383593 3.97116 0 -0.40337 4.645 0 -0.61
3 16 3.97116 0 -0.40337 3.87 0 -0.41 4.645 0 -0.61
3 16 3.66942 0 -0.383593 3.0677 0 -0.61 3.76884 0 -0.40337
3 16 3.57342 0 -0.351007 3.0677 0 -0.61 3.66942 0 -0.383593
3 16 3.4825 0 -0.30617 3.0677 0 -0.61 3.57342 0 -0.351007
3 16 3.39821 0 -0.249849 3.0677 0 -0.61 3.4825 0 -0.30617
3 16 3.32199 0 -0.183008 3.0677 0 -0.61 3.39821 0 -0.249849
3 16 3.25515 0 -0.10679 3.0677 0 -0.61 3.32199 0 -0.183008
3 16 3.19883 0 -0.0225 3.0677 0 -0.61 3.25515 0 -0.10679
3 16 3.15399 0 0.06842 3.0677 0 -0.61 3.19883 0 -0.0225
3 16 3.12141 0 0.164415 3.0677 0 -0.61 3.15399 0 0.06842
3 16 4.645 0 1.14 4.63837 0 0.466158 4.645 0 0.365
4 16 -4.28136 0 0.6025 -4.30884 0 0.546775 -4.32472 0 0.5 -4.24684 0 0.654162
4 16 -4.20588 0 0.700875 -4.24684 0 0.654162 -4.32472 0 0.5 -4.15916 0 0.741843
4 16 -4.1075 0 0.776362 -4.15916 0 0.741843 -4.32472 0 0.5 -4.05178 0 0.803843
4 16 -3.99294 0 0.823815 -4.05178 0 0.803843 -4.32472 0 0.5 -3.932 0 0.835937
4 16 -3.87 0 0.84 -3.932 0 0.835937 -4.32472 0 0.5 -3.808 0 0.835937
4 16 -3.74706 0 0.823815 -3.808 0 0.835937 -4.32472 0 0.5 -3.68823 0 0.803843
4 16 -3.6325 0 0.776362 -3.68823 0 0.803843 -4.32472 0 0.5 -3.58084 0 0.741843
4 16 -3.53412 0 0.700875 -3.58084 0 0.741843 -4.32472 0 0.5 -3.49316 0 0.654162
3 16 -3.49316 0 0.654162 -4.32472 0 0.5 -3.48035 0 0.635
4 16 -3.48035 0 0.635 -4.32472 0 0.5 -3.10836 0 0.5 -3.14497 0 0.635
4 16 -3.45864 0 0.1275 -3.43116 0 0.183226 -3.41528 0 0.23 -3.49316 0 0.075838
4 16 -3.53412 0 0.029124 -3.49316 0 0.075838 -3.41528 0 0.23 -3.58084 0 -0.011843
4 16 -3.6325 0 -0.046362 -3.58084 0 -0.011843 -3.41528 0 0.23 -3.68823 0 -0.073843
4 16 -3.74706 0 -0.093815 -3.68823 0 -0.073843 -3.41528 0 0.23 -3.808 0 -0.105937
4 16 -3.87 0 -0.11 -3.808 0 -0.105937 -3.41528 0 0.23 -3.932 0 -0.105937
4 16 -3.99294 0 -0.093815 -3.932 0 -0.105937 -3.41528 0 0.23 -4.05178 0 -0.073843
4 16 -4.1075 0 -0.046362 -4.05178 0 -0.073843 -3.41528 0 0.23 -4.15916 0 -0.011843
4 16 -4.20588 0 0.029124 -4.15916 0 -0.011843 -3.41528 0 0.23 -4.24684 0 0.075838
3 16 -3.41528 0 0.23 -4.25965 0 0.095 -4.24684 0 0.075838
4 16 -4.25965 0 0.095 -3.41528 0 0.23 -4.63164 0 0.23 -4.59503 0 0.095
3 16 -3.045 0 1.14 -3.15399 0 0.66158 -3.14497 0 0.635
3 16 -3.045 0 1.14 -3.14497 0 0.635 -3.10836 0 0.5
4 16 -1.14094 0 0.427 -1.145 0 0.365 -0.67 0 0.365 -1.12881 0 0.487939
4 16 -1.10884 0 0.546775 -1.12881 0 0.487939 -0.67 0 0.365 -1.08136 0 0.6025
4 16 -1.04684 0 0.654162 -1.08136 0 0.6025 -0.67 0 0.365 -1.00588 0 0.700875
4 16 -0.959162 0 0.741843 -1.00588 0 0.700875 -0.67 0 0.365 -0.9075 0 0.776362
4 16 -0.851775 0 0.803843 -0.9075 0 0.776362 -0.67 0 0.365 -0.792939 0 0.823815
4 16 -0.732 0 0.835937 -0.792939 0 0.823815 -0.67 0 0.365 -0.67 0 0.84
4 16 -0.608 0 0.835937 -0.67 0 0.84 -0.67 0 0.365 -0.547061 0 0.823815
4 16 -0.488226 0 0.803843 -0.547061 0 0.823815 -0.67 0 0.365 -0.4325 0 0.776362
4 16 -0.380838 0 0.741843 -0.4325 0 0.776362 -0.67 0 0.365 -0.334124 0 0.700875
4 16 -0.293157 0 0.654162 -0.334124 0 0.700875 -0.67 0 0.365 -0.258638 0 0.6025
4 16 -0.231157 0 0.546775 -0.258638 0 0.6025 -0.67 0 0.365 -0.211185 0 0.487939
4 16 -0.199064 0 0.427 -0.211185 0 0.487939 -0.67 0 0.365 -0.195 0 0.365
4 16 -0.199064 0 0.303 -0.195 0 0.365 -0.67 0 0.365 -0.211185 0 0.242061
4 16 -0.231157 0 0.183226 -0.211185 0 0.242061 -0.67 0 0.365 -0.258638 0 0.1275
4 16 -0.293157 0 0.075838 -0.258638 0 0.1275 -0.67 0 0.365 -0.334124 0 0.029124
4 16 -0.380838 0 -0.011843 -0.334124 0 0.029124 -0.67 0 0.365 -0.4325 0 -0.046362
4 16 -0.488226 0 -0.073843 -0.4325 0 -0.046362 -0.67 0 0.365 -0.547061 0 -0.093815
4 16 -0.608 0 -0.105937 -0.547061 0 -0.093815 -0.67 0 0.365 -0.67 0 -0.11
4 16 -0.732 0 -0.105937 -0.67 0 -0.11 -0.67 0 0.365 -0.792939 0 -0.093815
4 16 -0.851775 0 -0.073843 -0.792939 0 -0.093815 -0.67 0 0.365 -0.9075 0 -0.046362
4 16 -0.959162 0 -0.011843 -0.9075 0 -0.046362 -0.67 0 0.365 -1.00588 0 0.029124
4 16 -1.04684 0 0.075838 -1.00588 0 0.029124 -0.67 0 0.365 -1.08136 0 0.1275
4 16 -1.10884 0 0.183226 -1.08136 0 0.1275 -0.67 0 0.365 -1.12881 0 0.242061
4 16 -1.14094 0 0.303 -1.12881 0 0.242061 -0.67 0 0.365 -1.145 0 0.365
4 16 -2.74094 0 0.427 -2.745 0 0.365 -2.27 0 0.365 -2.72882 0 0.487939
4 16 -2.70884 0 0.546775 -2.72882 0 0.487939 -2.27 0 0.365 -2.68136 0 0.6025
4 16 -2.64684 0 0.654162 -2.68136 0 0.6025 -2.27 0 0.365 -2.60588 0 0.700875
4 16 -2.55916 0 0.741843 -2.60588 0 0.700875 -2.27 0 0.365 -2.5075 0 0.776362
4 16 -2.45178 0 0.803843 -2.5075 0 0.776362 -2.27 0 0.365 -2.39294 0 0.823815
4 16 -2.332 0 0.835937 -2.39294 0 0.823815 -2.27 0 0.365 -2.27 0 0.84
4 16 -2.208 0 0.835937 -2.27 0 0.84 -2.27 0 0.365 -2.14706 0 0.823815
4 16 -2.08823 0 0.803843 -2.14706 0 0.823815 -2.27 0 0.365 -2.0325 0 0.776362
4 16 -1.98084 0 0.741843 -2.0325 0 0.776362 -2.27 0 0.365 -1.93412 0 0.700875
4 16 -1.89316 0 0.654162 -1.93412 0 0.700875 -2.27 0 0.365 -1.85864 0 0.6025
4 16 -1.83116 0 0.546775 -1.85864 0 0.6025 -2.27 0 0.365 -1.81119 0 0.487939
4 16 -1.79906 0 0.427 -1.81119 0 0.487939 -2.27 0 0.365 -1.795 0 0.365
4 16 -1.79906 0 0.303 -1.795 0 0.365 -2.27 0 0.365 -1.81119 0 0.242061
4 16 -1.83116 0 0.183226 -1.81119 0 0.242061 -2.27 0 0.365 -1.85864 0 0.1275
4 16 -1.89316 0 0.075838 -1.85864 0 0.1275 -2.27 0 0.365 -1.93412 0 0.029124
4 16 -1.98084 0 -0.011843 -1.93412 0 0.029124 -2.27 0 0.365 -2.0325 0 -0.046362
4 16 -2.08823 0 -0.073843 -2.0325 0 -0.046362 -2.27 0 0.365 -2.14706 0 -0.093815
4 16 -2.208 0 -0.105937 -2.14706 0 -0.093815 -2.27 0 0.365 -2.27 0 -0.11
4 16 -2.332 0 -0.105937 -2.27 0 -0.11 -2.27 0 0.365 -2.39294 0 -0.093815
4 16 -2.45178 0 -0.073843 -2.39294 0 -0.093815 -2.27 0 0.365 -2.5075 0 -0.046362
4 16 -2.55916 0 -0.011843 -2.5075 0 -0.046362 -2.27 0 0.365 -2.60588 0 0.029124
4 16 -2.64684 0 0.075838 -2.60588 0 0.029124 -2.27 0 0.365 -2.68136 0 0.1275
4 16 -2.70884 0 0.183226 -2.68136 0 0.1275 -2.27 0 0.365 -2.72882 0 0.242061
4 16 -2.74094 0 0.303 -2.72882 0 0.242061 -2.27 0 0.365 -2.745 0 0.365
4 16 3.39906 0 0.427 3.395 0 0.365 3.87 0 0.365 3.41119 0 0.487939
4 16 3.43116 0 0.546775 3.41119 0 0.487939 3.87 0 0.365 3.45864 0 0.6025
4 16 3.49316 0 0.654162 3.45864 0 0.6025 3.87 0 0.365 3.53412 0 0.700875
4 16 3.58084 0 0.741843 3.53412 0 0.700875 3.87 0 0.365 3.6325 0 0.776362
4 16 3.68823 0 0.803843 3.6325 0 0.776362 3.87 0 0.365 3.74706 0 0.823815
4 16 3.808 0 0.835937 3.74706 0 0.823815 3.87 0 0.365 3.87 0 0.84
4 16 3.932 0 0.835937 3.87 0 0.84 3.87 0 0.365 3.99294 0 0.823815
4 16 4.05178 0 0.803843 3.99294 0 0.823815 3.87 0 0.365 4.1075 0 0.776362
4 16 4.15916 0 0.741843 4.1075 0 0.776362 3.87 0 0.365 4.20587 0 0.700875
4 16 4.24684 0 0.654162 4.20587 0 0.700875 3.87 0 0.365 4.28136 0 0.6025
4 16 4.30884 0 0.546775 4.28136 0 0.6025 3.87 0 0.365 4.32881 0 0.487939
4 16 4.34094 0 0.427 4.32881 0 0.487939 3.87 0 0.365 4.345 0 0.365
4 16 4.34094 0 0.303 4.345 0 0.365 3.87 0 0.365 4.32881 0 0.242061
4 16 4.30884 0 0.183226 4.32881 0 0.242061 3.87 0 0.365 4.28136 0 0.1275
4 16 4.24684 0 0.075838 4.28136 0 0.1275 3.87 0 0.365 4.20587 0 0.029124
4 16 4.15916 0 -0.011843 4.20587 0 0.029124 3.87 0 0.365 4.1075 0 -0.046362
4 16 4.05178 0 -0.073843 4.1075 0 -0.046362 3.87 0 0.365 3.99294 0 -0.093815
4 16 3.932 0 -0.105937 3.99294 0 -0.093815 3.87 0 0.365 3.87 0 -0.11
4 16 3.808 0 -0.105937 3.87 0 -0.11 3.87 0 0.365 3.74706 0 -0.093815
4 16 3.68823 0 -0.073843 3.74706 0 -0.093815 3.87 0 0.365 3.6325 0 -0.046362
4 16 3.58084 0 -0.011843 3.6325 0 -0.046362 3.87 0 0.365 3.53412 0 0.029124
4 16 3.49316 0 0.075838 3.53412 0 0.029124 3.87 0 0.365 3.45864 0 0.1275
4 16 3.43116 0 0.183226 3.45864 0 0.1275 3.87 0 0.365 3.41119 0 0.242061
4 16 3.39906 0 0.303 3.41119 0 0.242061 3.87 0 0.365 3.395 0 0.365
4 16 3.0404 0 0.155 3.0404 0 0.575 2.71992 0 0.575 2.71992 0 0.155
3 16 2.71992 0 0.575 2.295 0 0.365 2.71992 0 0.155
4 16 2.295 0 0.365 2.71992 0 0.575 2.70636 0 0.6025 2.67184 0 0.654162
4 16 2.295 0 0.365 2.67184 0 0.654162 2.63088 0 0.700875 2.58416 0 0.741843
4 16 2.295 0 0.365 2.58416 0 0.741843 2.5325 0 0.776362 2.47677 0 0.803843
4 16 2.295 0 0.365 2.47677 0 0.803843 2.41794 0 0.823815 2.357 0 0.835937
4 16 2.295 0 0.365 2.357 0 0.835937 2.295 0 0.84 2.233 0 0.835937
4 16 2.295 0 0.365 2.233 0 0.835937 2.17206 0 0.823815 2.11323 0 0.803843
4 16 2.295 0 0.365 2.11323 0 0.803843 2.0575 0 0.776362 2.00584 0 0.741843
4 16 2.295 0 0.365 2.00584 0 0.741843 1.95913 0 0.700875 1.91816 0 0.654162
4 16 2.295 0 0.365 1.91816 0 0.654162 1.88364 0 0.6025 1.85616 0 0.546775
4 16 2.295 0 0.365 1.85616 0 0.546775 1.83619 0 0.487939 1.82406 0 0.427
4 16 2.295 0 0.365 1.82406 0 0.427 1.82 0 0.365 1.82406 0 0.303
4 16 2.295 0 0.365 1.82406 0 0.303 1.83619 0 0.242061 1.85616 0 0.183226
4 16 2.295 0 0.365 1.85616 0 0.183226 1.88364 0 0.1275 1.91816 0 0.075838
4 16 2.295 0 0.365 1.91816 0 0.075838 1.95913 0 0.029124 2.00584 0 -0.011843
4 16 2.295 0 0.365 2.00584 0 -0.011843 2.0575 0 -0.046362 2.11323 0 -0.073843
4 16 2.295 0 0.365 2.11323 0 -0.073843 2.17206 0 -0.093815 2.233 0 -0.105937
4 16 2.295 0 0.365 2.233 0 -0.105937 2.295 0 -0.11 2.357 0 -0.105937
4 16 2.295 0 0.365 2.357 0 -0.105937 2.41794 0 -0.093815 2.47677 0 -0.073843
4 16 2.295 0 0.365 2.47677 0 -0.073843 2.5325 0 -0.046362 2.58416 0 -0.011843
4 16 2.295 0 0.365 2.58416 0 -0.011843 2.63088 0 0.029124 2.67184 0 0.075838
4 16 2.295 0 0.365 2.67184 0 0.075838 2.70636 0 0.1275 2.71992 0 0.155
3 16 0.205 0 -0.41 0.105 0 -0.41 -1.47 0 -0.61
3 16 0.105 0 -0.41 -0.165 0 -0.41 -1.47 0 -0.61
3 16 1.57899 0 0.66158 1.505 0 0.635 1.54641 0 0.565584
4 16 1.54641 0 0.565584 1.505 0 0.635 1.16962 0 0.635 1.52663 0 0.466158
4 16 1.52 0 0.365 1.52663 0 0.466158 1.16962 0 0.635 1 0 -0.61
3 16 1.52 0 0.365 1 0 -0.61 1.52663 0 0.263842
4 16 1 0 -0.61 1.16962 0 0.635 1.15789 0 0.657021 1.13129 0 0.696823
4 16 1 0 -0.61 1.13129 0 0.696823 1.09973 0 0.732813 1.06374 0 0.764376
4 16 1 0 -0.61 1.06374 0 0.764376 1.02394 0 0.790971 0.981003 0 0.812143
4 16 1 0 -0.61 0.981003 0 0.812143 0.935674 0 0.82753 0.888724 0 0.836869
4 16 1 0 -0.61 0.888724 0 0.836869 0.840957 0 0.84 0.79319 0 0.836869
4 16 1 0 -0.61 0.79319 0 0.836869 0.746241 0 0.82753 0.700912 0 0.812143
4 16 1 0 -0.61 0.700912 0 0.812143 0.657979 0 0.790971 0.618176 0 0.764376
4 16 1 0 -0.61 0.618176 0 0.764376 0.582186 0 0.732813 0.550624 0 0.696823
4 16 1 0 -0.61 0.550624 0 0.696823 0.524029 0 0.657021 0.502856 0 0.614089
4 16 1 0 -0.61 0.502856 0 0.614089 0.48747 0 0.56876 0.478131 0 0.52181
4 16 1 0 -0.61 0.478131 0 0.52181 0.475 0 0.474043 0.475 0 -0.41
