0 ~Logo OMR White Text with Outer Box
0 Name: s\logoomrl01.dat
0 Author: Massimo Maso [Sirio]
0 !LDRAW_ORG Unofficial_Subpart 
0 !LICENSE Redistributable under CCAL version 2.0 : see CAreadme.txt

0 !HELP Exact dimensions X = 5.2; Z = 2.1

0 BFC CERTIFY CCW


0 // Text "OMR"
0 // Letter "O"

4 15 -1.55 0 0.75 -1.55 0 1.05 -1.6871 0 1.041 -1.6479 0 0.7436
4 15 -1.6479 0 0.7436 -1.6871 0 1.041 -1.8218 0 1.0142 -1.7441 0 0.7244
4 15 -1.4521 0 0.7436 -1.4129 0 1.041 -1.55 0 1.05 -1.55 0 0.75
4 15 -1.7441 0 0.7244 -1.8218 0 1.0142 -1.9518 0 0.9701 -1.837 0 0.6929
4 15 -1.3559 0 0.7244 -1.2782 0 1.0142 -1.4129 0 1.041 -1.4521 0 0.7436
4 15 -1.837 0 0.6929 -1.9518 0 0.9701 -2.075 0 0.9093 -1.925 0 0.6495
4 15 -1.263 0 0.6929 -1.1482 0 0.9701 -1.2782 0 1.0142 -1.3559 0 0.7244
4 15 -1.925 0 0.6495 -2.075 0 0.9093 -2.1892 0 0.833 -2.0066 0 0.595
4 15 -1.175 0 0.6495 -1.025 0 0.9093 -1.1482 0 0.9701 -1.263 0 0.6929
4 15 -2.0066 0 0.595 -2.1892 0 0.833 -2.2925 0 0.7425 -2.0803 0 0.5303
4 15 -1.0934 0 0.595 -0.9108 0 0.833 -1.025 0 0.9093 -1.175 0 0.6495
4 15 -2.0803 0 0.5303 -2.2925 0 0.7425 -2.383 0 0.6392 -2.145 0 0.4566
4 15 -1.0197 0 0.5303 -0.8075 0 0.7425 -0.9108 0 0.833 -1.0934 0 0.595
4 15 -2.145 0 0.4566 -2.383 0 0.6392 -2.4593 0 0.525 -2.1995 0 0.375
4 15 -0.955 0 0.4566 -0.717 0 0.6392 -0.8075 0 0.7425 -1.0197 0 0.5303
4 15 -2.1995 0 0.375 -2.4593 0 0.525 -2.5201 0 0.4018 -2.2429 0 0.287
4 15 -0.9005 0 0.375 -0.6407 0 0.525 -0.717 0 0.6392 -0.955 0 0.4566
4 15 -2.2429 0 0.287 -2.5201 0 0.4018 -2.5642 0 0.2718 -2.2744 0 0.1941
4 15 -0.8571 0 0.287 -0.5799 0 0.4018 -0.6407 0 0.525 -0.9005 0 0.375
4 15 -2.2744 0 0.1941 -2.5642 0 0.2718 -2.591 0 0.1371 -2.2936 0 0.0979
4 15 -0.8256 0 0.1941 -0.5358 0 0.2718 -0.5799 0 0.4018 -0.8571 0 0.287
4 15 -2.2936 0 0.0979 -2.591 0 0.1371 -2.6 0 0 -2.3 0 0
4 15 -0.8064 0 0.0979 -0.509 0 0.1371 -0.5358 0 0.2718 -0.8256 0 0.1941
4 15 -2.3 0 0 -2.6 0 0 -2.591 0 -0.1371 -2.2936 0 -0.0979
4 15 -0.8 0 0 -0.5 0 0 -0.509 0 0.1371 -0.8064 0 0.0979
4 15 -2.2936 0 -0.0979 -2.591 0 -0.1371 -2.5642 0 -0.2718 -2.2744 0 -0.1941
4 15 -0.8064 0 -0.0979 -0.509 0 -0.1371 -0.5 0 0 -0.8 0 0
4 15 -2.2744 0 -0.1941 -2.5642 0 -0.2718 -2.5201 0 -0.4018 -2.2429 0 -0.287
4 15 -0.8256 0 -0.1941 -0.5358 0 -0.2718 -0.509 0 -0.1371 -0.8064 0 -0.0979
4 15 -2.2429 0 -0.287 -2.5201 0 -0.4018 -2.4593 0 -0.525 -2.1995 0 -0.375
4 15 -0.8571 0 -0.287 -0.5799 0 -0.4018 -0.5358 0 -0.2718 -0.8256 0 -0.1941
4 15 -2.1995 0 -0.375 -2.4593 0 -0.525 -2.383 0 -0.6392 -2.145 0 -0.4566
4 15 -0.9005 0 -0.375 -0.6407 0 -0.525 -0.5799 0 -0.4018 -0.8571 0 -0.287
4 15 -2.145 0 -0.4566 -2.383 0 -0.6392 -2.2925 0 -0.7425 -2.0803 0 -0.5303
4 15 -0.955 0 -0.4566 -0.717 0 -0.6392 -0.6407 0 -0.525 -0.9005 0 -0.375
4 15 -2.0803 0 -0.5303 -2.2925 0 -0.7425 -2.1892 0 -0.833 -2.0066 0 -0.595
4 15 -1.0197 0 -0.5303 -0.8075 0 -0.7425 -0.717 0 -0.6392 -0.955 0 -0.4566
4 15 -2.0066 0 -0.595 -2.1892 0 -0.833 -2.075 0 -0.9093 -1.925 0 -0.6495
4 15 -1.0934 0 -0.595 -0.9108 0 -0.833 -0.8075 0 -0.7425 -1.0197 0 -0.5303
4 15 -1.925 0 -0.6495 -2.075 0 -0.9093 -1.9518 0 -0.9701 -1.837 0 -0.6929
4 15 -1.175 0 -0.6495 -1.025 0 -0.9093 -0.9108 0 -0.833 -1.0934 0 -0.595
4 15 -1.837 0 -0.6929 -1.9518 0 -0.9701 -1.8218 0 -1.0142 -1.7441 0 -0.7244
4 15 -1.263 0 -0.6929 -1.1482 0 -0.9701 -1.025 0 -0.9093 -1.175 0 -0.6495
4 15 -1.7441 0 -0.7244 -1.8218 0 -1.0142 -1.6871 0 -1.041 -1.6479 0 -0.7436
4 15 -1.3559 0 -0.7244 -1.2782 0 -1.0142 -1.1482 0 -0.9701 -1.263 0 -0.6929
4 15 -1.6479 0 -0.7436 -1.6871 0 -1.041 -1.55 0 -1.05 -1.55 0 -0.75
4 15 -1.4521 0 -0.7436 -1.4129 0 -1.041 -1.2782 0 -1.0142 -1.3559 0 -0.7244
4 15 -1.55 0 -0.75 -1.55 0 -1.05 -1.4129 0 -1.041 -1.4521 0 -0.7436
0 // Triangles
3 15 -1.55 0 0.7074 -1.8333 0 0.2167 -1.2667 0 0.2167
3 15 -1.8793 0 0.137 -2.1626 0 -0.3537 -1.596 0 -0.3537
3 15 -1.2207 0 0.137 -1.504 0 -0.3537 -0.9374 0 -0.3537
0 // Letter "M"
4 15 -0.05 0 1.05 -0.3333 0 0.7667 -0.3333 0 -1.05 -0.05 0 -1.05
4 15 0.4333 0 1.05 0.15 0 0.7667 0.15 0 -1.05 0.4333 0 -1.05
4 15 0.9167 0 1.05 0.6333 0 0.7667 0.6333 0 -1.05 0.9167 0 -1.05
0 // Letter "R"
4 15 2.025 0 1.05 1.2243 0 1.05 1.1 0 0.75 2.025 0 0.75
4 15 2.1001 0 1.0451 2.025 0 1.05 2.025 0 0.75 2.0609 0 0.7476
4 15 2.1738 0 1.0304 2.1001 0 1.0451 2.0609 0 0.7476 2.0962 0 0.7406
4 15 2.245 0 1.0062 2.1738 0 1.0304 2.0962 0 0.7406 2.1302 0 0.7291
4 15 2.3125 0 0.973 2.245 0 1.0062 2.1302 0 0.7291 2.1625 0 0.7132
4 15 2.375 0 0.9312 2.3125 0 0.973 2.1625 0 0.7132 2.1924 0 0.6932
4 15 2.4316 0 0.8816 2.375 0 0.9312 2.1924 0 0.6932 2.2195 0 0.6695
4 15 2.4812 0 0.825 2.4316 0 0.8816 2.2195 0 0.6695 2.2432 0 0.6424
4 15 2.523 0 0.7625 2.4812 0 0.825 2.2432 0 0.6424 2.2632 0 0.6125
4 15 2.5562 0 0.695 2.523 0 0.7625 2.2632 0 0.6125 2.2791 0 0.5802
4 15 2.5804 0 0.6238 2.5562 0 0.695 2.2791 0 0.5802 2.2906 0 0.5462
4 15 2.5951 0 0.5501 2.5804 0 0.6238 2.2906 0 0.5462 2.2976 0 0.5109
4 15 2.6 0 0.475 2.5951 0 0.5501 2.2976 0 0.5109 2.3 0 0.475
4 15 2.5951 0 0.3999 2.6 0 0.475 2.3 0 0.475 2.2976 0 0.4391
4 15 2.5804 0 0.3262 2.5951 0 0.3999 2.2976 0 0.4391 2.2906 0 0.4038
4 15 2.5562 0 0.255 2.5804 0 0.3262 2.2906 0 0.4038 2.2791 0 0.3698
3 15 1.1 0 0.2 1.1 0 -0.1 1.5667 0 -0.1
4 15 2.523 0 0.1875 2.5562 0 0.255 2.2791 0 0.3698 2.2632 0 0.3375
4 15 2.4812 0 0.125 2.523 0 0.1875 2.2632 0 0.3375 2.2432 0 0.3076
4 15 2.4316 0 0.0684 2.4812 0 0.125 2.2432 0 0.3076 2.2195 0 0.2805
4 15 2.375 0 0.0188 2.4316 0 0.0684 2.2195 0 0.2805 2.1924 0 0.2568
4 15 2.3125 0 -0.023 2.375 0 0.0188 2.1924 0 0.2568 2.1625 0 0.2368
4 15 2.245 0 -0.0562 2.3125 0 -0.023 2.1625 0 0.2368 2.1302 0 0.2209
4 15 2.1738 0 -0.0804 2.245 0 -0.0562 2.1302 0 0.2209 2.0962 0 0.2094
4 15 2.1001 0 -0.0951 2.1738 0 -0.0804 2.0962 0 0.2094 2.0609 0 0.2024
4 15 1.5667 0 -0.1 1.1 0 -0.1 2.1 0 -1.05 2.5667 0 -1.05
4 15 1.5667 0 -0.1 2.025 0 -0.1 2.025 0 0.2 1.1 0 0.2
4 15 2.025 0 -0.1 2.1001 0 -0.0951 2.0609 0 0.2024 2.025 0 0.2
0 // Outer box
3 16 -1.55 0 1.05 -1.4129 0 1.041 -0.05 0 1.05
3 16 2.1001 0 1.0451 2.6 0 1.05 2.025 0 1.05
3 16 2.1001 0 1.0451 2.1738 0 1.0304 2.6 0 1.05
3 16 -1.6871 0 1.041 -2.6 0 1.05 -1.8218 0 1.0142
3 16 -1.6871 0 1.041 -1.55 0 1.05 -2.6 0 1.05
3 16 -1.4129 0 1.041 -1.2782 0 1.0142 -0.05 0 1.05
3 16 -1.8218 0 1.0142 -2.6 0 1.05 -1.9518 0 0.9701
3 16 2.245 0 1.0062 2.6 0 1.05 2.1738 0 1.0304
3 16 2.3125 0 0.973 2.6 0 1.05 2.245 0 1.0062
3 16 -1.9518 0 0.9701 -2.6 0 1.05 -2.075 0 0.9093
3 16 2.375 0 0.9312 2.6 0 1.05 2.3125 0 0.973
3 16 -2.075 0 0.9093 -2.6 0 1.05 -2.1892 0 0.833
3 16 2.4316 0 0.8816 2.6 0 1.05 2.375 0 0.9312
3 16 -2.1892 0 0.833 -2.6 0 1.05 -2.2925 0 0.7425
3 16 2.4812 0 0.825 2.6 0 1.05 2.4316 0 0.8816
4 16 -0.3333 0 0.7667 -0.05 0 1.05 -1.2782 0 1.0142 -1.1482 0 0.9701
3 16 -0.3333 0 0.7667 -1.1482 0 0.9701 -1.025 0 0.9093
3 16 -0.3333 0 0.7667 -1.025 0 0.9093 -0.9108 0 0.833
3 16 -0.3333 0 0.7667 -0.9108 0 0.833 -0.8075 0 0.7425
4 16 -0.3333 0 0.7667 -0.509 0 0.1371 -0.5 0 0 -0.3333 0 -1.05
3 16 0.15 0 0.7667 0.4333 0 1.05 -0.05 0 1.05
3 16 0.6333 0 0.7667 0.9167 0 1.05 0.4333 0 1.05
3 16 2.523 0 0.7625 2.6 0 1.05 2.4812 0 0.825
3 16 2.523 0 0.7625 2.5562 0 0.695 2.6 0 1.05
3 16 -1.55 0 0.75 -1.55 0 0.7074 -1.2667 0 0.2167
3 16 1.1 0 0.75 0.9167 0 1.05 1.1 0 0.2
3 16 1.1 0 0.75 1.2243 0 1.05 0.9167 0 1.05
4 16 2.025 0 0.75 2.025 0 0.2 2.0609 0 0.2024 2.0609 0 0.7476
4 16 2.0609 0 0.7476 2.0609 0 0.2024 2.0962 0 0.2094 2.0962 0 0.7406
3 16 -2.2925 0 0.7425 -2.6 0 1.05 -2.383 0 0.6392
4 16 2.0962 0 0.7406 2.0962 0 0.2094 2.1302 0 0.2209 2.1302 0 0.7291
4 16 2.1302 0 0.7291 2.1302 0 0.2209 2.1625 0 0.2368 2.1625 0 0.7132
4 16 2.1625 0 0.7132 2.1625 0 0.2368 2.1924 0 0.2568 2.1924 0 0.6932
4 16 -1.55 0 0.7074 -1.55 0 0.75 -1.6479 0 0.7436 -1.8333 0 0.2167
4 16 2.1924 0 0.6932 2.1924 0 0.2568 2.2195 0 0.2805 2.2195 0 0.6695
4 16 2.2195 0 0.6695 2.2195 0 0.2805 2.2432 0 0.3076 2.2432 0 0.6424
4 16 2.2432 0 0.6424 2.2432 0 0.3076 2.2632 0 0.3375 2.2632 0 0.6125
3 16 -2.383 0 0.6392 -2.6 0 1.05 -2.4593 0 0.525
3 16 -0.717 0 0.6392 -0.3333 0 0.7667 -0.8075 0 0.7425
3 16 2.5804 0 0.6238 2.6 0 1.05 2.5562 0 0.695
4 16 2.2632 0 0.6125 2.2632 0 0.3375 2.2791 0 0.3698 2.2791 0 0.5802
4 16 2.2791 0 0.5802 2.2791 0 0.3698 2.2906 0 0.4038 2.2906 0 0.5462
3 16 2.5951 0 0.5501 2.6 0 1.05 2.5804 0 0.6238
4 16 2.2906 0 0.5462 2.2906 0 0.4038 2.2976 0 0.4391 2.2976 0 0.5109
3 16 -2.4593 0 0.525 -2.6 0 1.05 -2.5201 0 0.4018
3 16 -0.6407 0 0.525 -0.3333 0 0.7667 -0.717 0 0.6392
3 16 2.6 0 0.475 2.6 0 1.05 2.5951 0 0.5501
3 16 2.6 0 0.475 2.5951 0 0.3999 2.6 0 -1.05
3 16 2.2976 0 0.4391 2.3 0 0.475 2.2976 0 0.5109
3 16 -2.5201 0 0.4018 -2.6 0 1.05 -2.5642 0 0.2718
3 16 -0.5799 0 0.4018 -0.3333 0 0.7667 -0.6407 0 0.525
3 16 2.5951 0 0.3999 2.5804 0 0.3262 2.6 0 -1.05
3 16 2.5804 0 0.3262 2.5562 0 0.255 2.6 0 -1.05
3 16 -2.5642 0 0.2718 -2.6 0 1.05 -2.591 0 0.1371
3 16 -0.5358 0 0.2718 -0.3333 0 0.7667 -0.5799 0 0.4018
3 16 2.5562 0 0.255 2.523 0 0.1875 2.6 0 -1.05
4 16 -1.8333 0 0.2167 -1.6479 0 0.7436 -1.7441 0 0.7244 -1.837 0 0.6929
3 16 -1.8333 0 0.2167 -1.837 0 0.6929 -1.8793 0 0.137
4 16 -1.8333 0 0.2167 -1.8793 0 0.137 -1.596 0 -0.3537 -1.2207 0 0.137
3 16 -1.8333 0 0.2167 -1.2207 0 0.137 -1.2667 0 0.2167
4 16 -1.2667 0 0.2167 -1.3559 0 0.7244 -1.4521 0 0.7436 -1.55 0 0.75
4 16 -1.2667 0 0.2167 -1.175 0 0.6495 -1.263 0 0.6929 -1.3559 0 0.7244
4 16 -1.2667 0 0.2167 -1.0197 0 0.5303 -1.0934 0 0.595 -1.175 0 0.6495
4 16 -1.2667 0 0.2167 -0.9005 0 0.375 -0.955 0 0.4566 -1.0197 0 0.5303
4 16 -1.2667 0 0.2167 -0.8256 0 0.1941 -0.8571 0 0.287 -0.9005 0 0.375
4 16 -1.2667 0 0.2167 -0.8 0 0 -0.8064 0 0.0979 -0.8256 0 0.1941
4 16 2.025 0 0.2 2.025 0 0.75 1.1 0 0.75 1.1 0 0.2
3 16 2.523 0 0.1875 2.4812 0 0.125 2.6 0 -1.05
3 16 -2.591 0 0.1371 -2.6 0 1.05 -2.6 0 0
3 16 -0.509 0 0.1371 -0.3333 0 0.7667 -0.5358 0 0.2718
4 16 -1.8793 0 0.137 -1.837 0 0.6929 -1.925 0 0.6495 -2.0066 0 0.595
4 16 -1.8793 0 0.137 -2.0066 0 0.595 -2.0803 0 0.5303 -2.145 0 0.4566
4 16 -1.8793 0 0.137 -2.145 0 0.4566 -2.1995 0 0.375 -2.2429 0 0.287
4 16 -1.8793 0 0.137 -2.2429 0 0.287 -2.2744 0 0.1941 -2.2936 0 0.0979
3 16 -1.8793 0 0.137 -2.2936 0 0.0979 -2.3 0 0
4 16 -1.8793 0 0.137 -2.3 0 0 -2.2936 0 -0.0979 -2.2744 0 -0.1941
4 16 -1.8793 0 0.137 -2.2744 0 -0.1941 -2.2429 0 -0.287 -2.1995 0 -0.375
4 16 -1.2207 0 0.137 -0.8064 0 -0.0979 -0.8 0 0 -1.2667 0 0.2167
3 16 -1.2207 0 0.137 -1.596 0 -0.3537 -1.504 0 -0.3537
3 16 2.375 0 0.0188 2.5667 0 -1.05 2.4316 0 0.0684
3 16 -0.5 0 0 -0.509 0 -0.1371 -0.3333 0 -1.05
3 16 2.3125 0 -0.023 2.5667 0 -1.05 2.375 0 0.0188
3 16 2.245 0 -0.0562 2.1738 0 -0.0804 2.5667 0 -1.05
3 16 2.1738 0 -0.0804 2.1001 0 -0.0951 2.5667 0 -1.05
3 16 2.1001 0 -0.0951 2.025 0 -0.1 2.5667 0 -1.05
4 16 1.1 0 -0.1 1.1 0 0.2 0.9167 0 1.05 0.9167 0 -1.05
3 16 2.025 0 -0.1 1.5667 0 -0.1 2.5667 0 -1.05
3 16 -0.509 0 -0.1371 -0.5358 0 -0.2718 -0.3333 0 -1.05
4 16 -0.8256 0 -0.1941 -0.8064 0 -0.0979 -1.2207 0 0.137 -0.8571 0 -0.287
4 16 -2.1626 0 -0.3537 -2.1995 0 -0.375 -2.145 0 -0.4566 -1.596 0 -0.3537
4 16 -1.504 0 -0.3537 -1.596 0 -0.3537 -2.0066 0 -0.595 -1.925 0 -0.6495
4 16 -1.504 0 -0.3537 -0.955 0 -0.4566 -0.9005 0 -0.375 -0.9374 0 -0.3537
4 16 -1.504 0 -0.3537 -1.0934 0 -0.595 -1.0197 0 -0.5303 -0.955 0 -0.4566
4 16 -1.504 0 -0.3537 -1.925 0 -0.6495 -1.837 0 -0.6929 -1.7441 0 -0.7244
4 16 -1.504 0 -0.3537 -1.7441 0 -0.7244 -1.6479 0 -0.7436 -1.55 0 -0.75
4 16 -1.504 0 -0.3537 -1.3559 0 -0.7244 -1.263 0 -0.6929 -1.175 0 -0.6495
4 16 -1.504 0 -0.3537 -1.55 0 -0.75 -1.4521 0 -0.7436 -1.3559 0 -0.7244
4 16 -0.9374 0 -0.3537 -0.9005 0 -0.375 -0.8571 0 -0.287 -1.2207 0 0.137
3 16 -2.1995 0 -0.375 -2.1626 0 -0.3537 -1.8793 0 0.137
3 16 -2.4593 0 -0.525 -2.5201 0 -0.4018 -2.6 0 -1.05
4 16 -2.0803 0 -0.5303 -2.0066 0 -0.595 -1.596 0 -0.3537 -2.145 0 -0.4566
3 16 -1.0934 0 -0.595 -1.504 0 -0.3537 -1.175 0 -0.6495
3 16 -2.383 0 -0.6392 -2.4593 0 -0.525 -2.6 0 -1.05
3 16 -2.2925 0 -0.7425 -2.383 0 -0.6392 -2.6 0 -1.05
3 16 -2.1892 0 -0.833 -2.2925 0 -0.7425 -2.6 0 -1.05
3 16 -2.075 0 -0.9093 -2.1892 0 -0.833 -2.6 0 -1.05
3 16 -1.9518 0 -0.9701 -2.075 0 -0.9093 -2.6 0 -1.05
3 16 -1.8218 0 -1.0142 -1.9518 0 -0.9701 -2.6 0 -1.05
3 16 -1.6871 0 -1.041 -1.8218 0 -1.0142 -2.6 0 -1.05
3 16 -2.6 0 -1.05 -2.591 0 -0.1371 -2.6 0 0
3 16 -2.6 0 -1.05 -2.5642 0 -0.2718 -2.591 0 -0.1371
3 16 -2.6 0 -1.05 -2.5201 0 -0.4018 -2.5642 0 -0.2718
3 16 -1.55 0 -1.05 -1.6871 0 -1.041 -2.6 0 -1.05
3 16 -0.3333 0 -1.05 -0.5358 0 -0.2718 -0.5799 0 -0.4018
3 16 -0.3333 0 -1.05 -0.5799 0 -0.4018 -0.6407 0 -0.525
3 16 -0.3333 0 -1.05 -0.6407 0 -0.525 -0.717 0 -0.6392
3 16 -0.3333 0 -1.05 -0.717 0 -0.6392 -0.8075 0 -0.7425
3 16 -0.3333 0 -1.05 -0.8075 0 -0.7425 -0.9108 0 -0.833
3 16 -0.3333 0 -1.05 -0.9108 0 -0.833 -1.025 0 -0.9093
3 16 -0.3333 0 -1.05 -1.025 0 -0.9093 -1.1482 0 -0.9701
3 16 -0.3333 0 -1.05 -1.1482 0 -0.9701 -1.2782 0 -1.0142
3 16 -0.3333 0 -1.05 -1.2782 0 -1.0142 -1.4129 0 -1.041
3 16 -0.3333 0 -1.05 -1.4129 0 -1.041 -1.55 0 -1.05
4 16 -0.05 0 -1.05 0.15 0 -1.05 0.15 0 0.7667 -0.05 0 1.05
4 16 0.4333 0 -1.05 0.6333 0 -1.05 0.6333 0 0.7667 0.4333 0 1.05
3 16 0.9167 0 -1.05 2.1 0 -1.05 1.1 0 -0.1
3 16 2.5667 0 -1.05 2.3125 0 -0.023 2.245 0 -0.0562
4 16 2.6 0 -1.05 2.4812 0 0.125 2.4316 0 0.0684 2.5667 0 -1.05