0 ~Logo Agip Black Dog with Outer Box
0 Name: s\logoagipi01.dat
0 Author: Massimo Maso [Sirio]
0 !LDRAW_ORG Unofficial_Subpart 
0 !LICENSE Redistributable under CCAL version 2.0 : see CAreadme.txt

0 !HELP Exact dimensions X = 10; Z = 7

0 BFC CERTIFY CCW


0 // Red flame
4 4 -1.14265 0 3.00223 -0.66897 0 2.14664 -0.65675 0 2.15175 -0.96291 0 2.97821
4 4 -1.32052 0 2.99593 -0.70976 0 2.12035 -0.66897 0 2.14664 -1.14265 0 3.00223
4 4 -0.96291 0 2.97821 -0.65675 0 2.15175 -0.64997 0 2.15326 -0.77416 0 2.92568
4 4 -0.77416 0 2.92568 -0.64997 0 2.15326 -0.6455 0 2.15343 -0.49428 0 2.81516
4 4 -0.02789 0 2.77892 -0.03223 0 2.77905 -0.01125 0 2.74821 -0.01314 0 2.76223
4 4 -0.02489 0 2.77832 -0.02789 0 2.77892 -0.01314 0 2.76223 -0.02259 0 2.77743
3 4 -0.04229 0 2.7775 -0.04998 0 2.77537 -0.00936 0 2.68177
3 4 -1.86648 0 2.77663 -1.98311 0 2.76654 -1.98787 0 2.56263
3 4 -2.05444 0 2.77635 -2.06834 0 2.76729 -2.04073 0 2.77447
4 4 -0.02071 0 2.77629 -0.02259 0 2.77743 -0.01314 0 2.76223 -0.01896 0 2.77473
3 4 -2.06166 0 2.77557 -2.06328 0 2.77489 -2.06834 0 2.76729
4 4 -2.04073 0 2.77447 -2.04205 0 2.67716 -2.03629 0 2.65884 -1.98311 0 2.76654
4 4 -0.35594 0 2.77086 -0.49428 0 2.81516 -0.6455 0 2.15343 -0.64255 0 2.15303
3 4 -0.35594 0 2.77086 -0.64255 0 2.15303 -0.64 0 2.15222
3 4 -0.35594 0 2.77086 -0.64 0 2.15222 -0.63768 0 2.15099
4 4 -0.35594 0 2.77086 -0.63768 0 2.15099 -0.48861 0 2.12131 -0.4711 0 2.13746
3 4 -0.35594 0 2.77086 -0.44398 0 2.14951 -0.43753 0 2.14946
4 4 -0.35594 0 2.77086 -0.43753 0 2.14946 -0.42982 0 2.14808 -0.20258 0 2.75625
3 4 -0.35594 0 2.77086 -0.45073 0 2.14829 -0.44398 0 2.14951
3 4 -0.35594 0 2.77086 -0.45262 0 2.14772 -0.45073 0 2.14829
3 4 -0.35594 0 2.77086 -0.46001 0 2.1446 -0.45262 0 2.14772
3 4 -0.35594 0 2.77086 -0.4711 0 2.13746 -0.46001 0 2.1446
4 4 -2.06766 0 2.76975 -2.06834 0 2.76729 -2.06577 0 2.77296 -2.06673 0 2.77166
4 4 -0.01519 0 2.76873 -0.01714 0 2.77242 -0.01896 0 2.77473 -0.01314 0 2.76223
4 4 -2.06834 0 2.76729 -2.05444 0 2.77635 -2.05912 0 2.77614 -2.06166 0 2.77557
4 4 -2.06834 0 2.76729 -2.06328 0 2.77489 -2.06466 0 2.774 -2.06577 0 2.77296
4 4 -2.06871 0 2.76377 -2.06855 0 2.75921 -2.04073 0 2.77447 -2.06834 0 2.76729
4 4 -0.11089 0 2.75877 -0.20258 0 2.75625 -0.25277 0 2.09336 -0.1015 0 2.07932
3 4 -0.11089 0 2.75877 -0.0238 0 2.6199 -0.02334 0 2.62436
3 4 -0.11089 0 2.75877 -0.02368 0 2.61587 -0.0238 0 2.6199
3 4 -0.11089 0 2.75877 -0.02311 0 2.61298 -0.02368 0 2.61587
3 4 -0.20258 0 2.75625 -0.42982 0 2.14808 -0.42102 0 2.14514
4 4 -0.20258 0 2.75625 -0.42102 0 2.14514 -0.33181 0 2.10687 -0.25277 0 2.09336
4 4 -0.01125 0 2.74821 -0.03223 0 2.77905 -0.04229 0 2.7775 -0.00936 0 2.68177
4 4 -2.06529 0 2.74354 -2.04205 0 2.67716 -2.04073 0 2.77447 -2.06855 0 2.75921
4 4 -0.01211 0 2.66314 -0.00936 0 2.68177 -0.04998 0 2.77537 -0.05976 0 2.77216
4 4 1.12148 0 2.63551 1.14523 0 2.53981 1.17997 0 2.54788 1.24465 0 2.56791
4 4 -0.02334 0 2.62436 -0.01211 0 2.66314 -0.05976 0 2.77216 -0.11089 0 2.75877
4 4 -0.02226 0 2.61077 -0.02311 0 2.61298 -0.11089 0 2.75877 -0.1015 0 2.07932
3 4 -0.02226 0 2.61077 -0.1015 0 2.07932 -0.02116 0 2.60896
3 4 -0.02116 0 2.60896 -0.1015 0 2.07932 -0.01957 0 2.60717
3 4 -0.01957 0 2.60717 -0.1015 0 2.07932 -0.01719 0 2.60533
3 4 -0.01719 0 2.60533 -0.1015 0 2.07932 -0.01335 0 2.60338
3 4 -0.01335 0 2.60338 -0.1015 0 2.07932 -0.00626 0 2.60123
4 4 0.01687 0 2.59857 -0.00626 0 2.60123 -0.1015 0 2.07932 0.12105 0 2.06932
3 4 0.43027 0 2.59581 0.24753 0 2.57627 0.50794 0 2.13815
4 4 0.43027 0 2.59581 0.50794 0 2.13815 0.66808 0 2.2076 0.64109 0 2.65137
4 4 0.11817 0 2.58556 0.01687 0 2.59857 0.12105 0 2.06932 0.32287 0 2.08973
4 4 0.24753 0 2.57627 0.11817 0 2.58556 0.32287 0 2.08973 0.50794 0 2.13815
4 4 1.24465 0 2.56791 1.25897 0 2.55075 1.26016 0 2.55151 1.25416 0 2.56115
3 4 1.24465 0 2.56791 1.25731 0 2.5502 1.25897 0 2.55075
4 4 1.24465 0 2.56791 1.22786 0 2.54973 1.25305 0 2.54955 1.25731 0 2.5502
3 4 1.24465 0 2.56791 1.17997 0 2.54788 1.22786 0 2.54973
4 4 -1.98787 0 2.56263 -1.98311 0 2.76654 -2.03629 0 2.65884 -2.02681 0 2.63222
4 4 -1.98787 0 2.56263 -0.98506 0 2.01725 -1.82872 0 2.78138 -1.86648 0 2.77663
3 4 1.25416 0 2.56115 1.26016 0 2.55151 1.25839 0 2.55734
4 4 1.25991 0 2.55548 1.25839 0 2.55734 1.26016 0 2.55151 1.26058 0 2.55425
3 4 1.26058 0 2.55425 1.26016 0 2.55151 1.26079 0 2.55266
4 4 1.08095 0 2.51214 1.03175 0 2.6653 0.89926 0 2.68522 0.98692 0 2.45205
4 4 1.08095 0 2.51214 1.14523 0 2.53981 1.12148 0 2.63551 1.03175 0 2.6653
4 4 0.98692 0 2.45205 0.89926 0 2.68522 0.78058 0 2.68118 0.8101 0 2.30017
3 4 -2.56547 0 2.42918 -2.69538 0 2.33696 -2.60385 0 2.32347
4 4 -2.60385 0 2.32347 -2.40531 0 2.26983 -2.44548 0 2.48583 -2.56547 0 2.42918
4 4 0.8101 0 2.30017 0.78058 0 2.68118 0.64109 0 2.65137 0.66808 0 2.2076
4 4 -2.40531 0 2.26983 -2.17959 0 2.17667 -2.27508 0 2.53107 -2.44548 0 2.48583
4 4 -2.17959 0 2.17667 -1.95587 0 2.07858 -2.03791 0 2.55888 -2.27508 0 2.53107
4 4 -0.63768 0 2.15099 -0.63583 0 2.14955 -0.52191 0 2.0801 -0.48861 0 2.12131
3 4 -0.63583 0 2.14955 -0.63393 0 2.14746 -0.52191 0 2.0801
3 4 -0.63393 0 2.14746 -0.63207 0 2.14453 -0.52191 0 2.0801
3 4 -0.63207 0 2.14453 -0.62969 0 2.13884 -0.52191 0 2.0801
3 4 -0.62969 0 2.13884 -0.62708 0 2.12946 -0.52191 0 2.0801
4 4 -0.52191 0 2.0801 -0.62708 0 2.12946 -0.62091 0 2.10426 -0.61415 0 2.08856
4 4 -1.95587 0 2.07858 -1.74115 0 2.01238 -1.98787 0 2.56263 -2.03791 0 2.55888
4 4 -0.8107 0 2.05883 -0.70976 0 2.12035 -1.32052 0 2.99593 -1.49927 0 2.95559
4 4 -0.53335 0 2.05825 -0.52191 0 2.0801 -0.61415 0 2.08856 -0.60359 0 2.07256
4 4 -0.53335 0 2.05825 -0.60359 0 2.07256 -0.58115 0 2.0472 -0.54684 0 2.01297
4 4 -0.8669 0 2.03815 -0.8107 0 2.05883 -1.49927 0 2.95559 -1.65683 0 2.88811
4 4 -0.98506 0 2.01725 -0.8669 0 2.03815 -1.65683 0 2.88811 -1.82872 0 2.78138
4 4 -1.14538 0 1.99331 -0.98506 0 2.01725 -1.98787 0 2.56263 -1.34129 0 1.96978
4 4 -1.52518 0 1.97423 -1.34129 0 1.96978 -1.98787 0 2.56263 -1.74115 0 2.01238
0 // Black dog
0 // Head
3 0 -2.389 0 3.4717 -2.32241 0 3.45151 -2.32675 0 3.45834
4 0 -2.34272 0 3.47074 -2.35188 0 3.47378 -2.36166 0 3.47523 -2.33647 0 3.4674
4 0 -2.33647 0 3.4674 -2.36166 0 3.47523 -2.37225 0 3.475 -2.389 0 3.4717
3 0 -2.40512 0 3.46665 -3.27508 0 2.89228 -3.25509 0 2.88687
3 0 -2.40512 0 3.46665 -3.25509 0 2.88687 -3.23859 0 2.87899
3 0 -2.40512 0 3.46665 -3.23859 0 2.87899 -3.2233 0 2.86791
4 0 -2.40512 0 3.46665 -3.2233 0 2.86791 -3.20735 0 2.85112 -2.389 0 3.4717
4 0 -2.33124 0 3.46335 -2.33647 0 3.4674 -2.389 0 3.4717 -2.32675 0 3.45834
3 0 -2.31367 0 3.42985 -2.30071 0 2.84368 -2.1412 0 2.90571
4 0 -4.16639 0 3.08549 -4.16142 0 2.89374 -3.56503 0 1.23226 -3.20317 0 1.49886
4 0 -3.64036 0 3.02904 -3.94481 0 3.25629 -4.1669 0 3.4041 -3.11714 0 2.07802
4 0 -3.64036 0 3.02904 -3.29326 0 2.8939 -3.27508 0 2.89228 -2.40512 0 3.46665
3 0 -3.64036 0 3.02904 -3.31 0 2.89275 -3.29326 0 2.8939
3 0 -3.64036 0 3.02904 -3.33131 0 2.8876 -3.31 0 2.89275
3 0 -3.64036 0 3.02904 -3.35141 0 2.87851 -3.33131 0 2.8876
3 0 -3.64036 0 3.02904 -3.36968 0 2.86563 -3.35141 0 2.87851
3 0 -3.64036 0 3.02904 -3.38517 0 2.84967 -3.36968 0 2.86563
3 0 -3.64036 0 3.02904 -3.39742 0 2.83112 -3.38517 0 2.84967
3 0 -3.64036 0 3.02904 -3.40603 0 2.81042 -3.39742 0 2.83112
3 0 -3.64036 0 3.02904 -3.41059 0 2.78897 -3.40603 0 2.81042
3 0 -3.64036 0 3.02904 -3.41117 0 2.76726 -3.41059 0 2.78897
3 0 -3.64036 0 3.02904 -3.40763 0 2.74531 -3.41117 0 2.76726
3 0 -3.64036 0 3.02904 -3.40026 0 2.72475 -3.40763 0 2.74531
4 0 -3.20735 0 2.85112 -2.31811 0 3.44215 -2.32241 0 3.45151 -2.389 0 3.4717
4 0 -2.30071 0 2.84368 -2.31367 0 3.42985 -2.4137 0 2.79937 -2.39612 0 2.75681
3 0 -4.16322 0 2.83851 -4.39142 0 1.4383 -3.56503 0 1.23226
3 0 -4.16322 0 2.83851 -3.56503 0 1.23226 -4.16142 0 2.89374
4 0 -2.30441 0 2.83333 -2.30071 0 2.84368 -2.39612 0 2.75681 -2.38532 0 2.69638
4 0 -3.19131 0 2.82649 -2.31367 0 3.42985 -2.31811 0 3.44215 -3.20735 0 2.85112
4 0 -3.17974 0 2.79876 -2.4137 0 2.79937 -2.31367 0 3.42985 -3.19131 0 2.82649
4 0 -3.17364 0 2.7692 -2.51783 0 2.76392 -2.4137 0 2.79937 -3.17974 0 2.79876
4 0 -2.3391 0 2.74848 -2.30441 0 2.83333 -2.38532 0 2.69638 -2.38343 0 2.68121
4 0 -3.17311 0 2.74749 -2.63082 0 2.71961 -2.51783 0 2.76392 -3.17364 0 2.7692
3 0 -3.17558 0 2.73052 -3.18005 0 2.71693 -3.04882 0 2.56083
4 0 -2.63082 0 2.71961 -3.17311 0 2.74749 -3.17558 0 2.73052 -3.04882 0 2.56083
3 0 -3.18005 0 2.71693 -3.1875 0 2.70349 -3.04882 0 2.56083
4 0 -3.38916 0 2.70579 -3.40026 0 2.72475 -3.64036 0 3.02904 -3.11714 0 2.07802
3 0 -3.38916 0 2.70579 -3.11714 0 2.07802 -3.37523 0 2.68968
3 0 -3.1875 0 2.70349 -3.19694 0 2.69191 -3.04882 0 2.56083
4 0 -2.60361 0 2.68011 -2.52948 0 2.68939 -2.51783 0 2.76392 -2.63082 0 2.71961
3 0 -3.35979 0 2.67718 -3.11714 0 2.07802 -3.34274 0 2.66779
3 0 -3.2257 0 2.67064 -3.24485 0 2.66283 -2.85027 0 1.80089
3 0 -3.34274 0 2.66779 -3.11714 0 2.07802 -3.32241 0 2.6609
4 0 -3.24485 0 2.66283 -3.26659 0 2.65804 -3.11714 0 2.07802 -2.85027 0 1.80089
3 0 -2.54411 0 2.64815 -2.58783 0 2.64329 -2.5747 0 2.59554
4 0 -2.58783 0 2.64329 -2.54411 0 2.64815 -2.52948 0 2.68939 -2.60361 0 2.68011
4 0 -3.04882 0 2.56083 -3.19694 0 2.69191 -3.20934 0 2.68091 -2.77262 0 1.97593
3 0 -4.80797 0 2.2989 -4.71509 0 2.15081 -4.67416 0 2.15018
4 0 -4.60264 0 2.1613 -4.316 0 2.78634 -4.4601 0 2.7137 -4.66188 0 2.44917
4 0 -4.75712 0 2.15937 -4.71509 0 2.15081 -4.80797 0 2.2989 -4.90173 0 2.21964
4 0 -4.67416 0 2.15018 -4.60264 0 2.1613 -4.66188 0 2.44917 -4.80797 0 2.2989
4 0 -3.11714 0 2.07802 -4.1669 0 3.4041 -4.26514 0 3.45959 -4.20026 0 3.26279
4 0 -3.11714 0 2.07802 -4.20026 0 3.26279 -4.16639 0 3.08549 -3.20317 0 1.49886
3 0 -3.11714 0 2.07802 -3.35979 0 2.67718 -3.37523 0 2.68968
3 0 -3.11714 0 2.07802 -3.26659 0 2.65804 -3.2945 0 2.65689
3 0 -3.11714 0 2.07802 -3.2945 0 2.65689 -3.32241 0 2.6609
3 0 -3.11714 0 2.07802 -3.20317 0 1.49886 -3.05299 0 1.97234
3 0 -2.26157 0 2.03058 -2.37604 0 1.93162 -2.31918 0 1.747
4 0 -2.77262 0 1.97593 -3.20934 0 2.68091 -3.2257 0 2.67064 -2.85027 0 1.80089
4 0 -2.77262 0 1.97593 -2.85027 0 1.80089 -2.31918 0 1.747 -2.37604 0 1.93162
4 0 -4.68639 0 1.90999 -4.66043 0 1.78446 -4.68036 0 2.00383 -4.68748 0 1.96224
4 0 -4.66043 0 1.78446 -4.16322 0 2.83851 -4.316 0 2.78634 -4.60264 0 2.1613
4 0 -4.66043 0 1.78446 -4.60264 0 2.1613 -4.66233 0 2.05401 -4.68036 0 2.00383
4 0 -4.66043 0 1.78446 -4.63736 0 1.64082 -4.39142 0 1.4383 -4.16322 0 2.83851
3 0 -4.63736 0 1.64082 -4.63821 0 1.56973 -4.39142 0 1.4383
4 0 -3.20317 0 1.49886 -2.9318 0 1.67492 -2.97917 0 1.82835 -3.05299 0 1.97234
4 0 -3.20317 0 1.49886 -3.56503 0 1.23226 -3.36175 0 1.16982 -3.19594 0 1.47668
4 0 -2.74972 0 1.46422 -2.76657 0 1.27024 -2.72375 0 1.2798 -2.65195 0 1.42063
4 0 -4.39142 0 1.4383 -4.63821 0 1.56973 -4.64677 0 1.51636 -4.466 0 1.38997
3 0 -4.39142 0 1.4383 -4.0813 0 1.22904 -4.07987 0 1.22914
3 0 -4.39142 0 1.4383 -4.08221 0 1.22874 -4.0813 0 1.22904
3 0 -4.39142 0 1.4383 -4.08328 0 1.22816 -4.08221 0 1.22874
3 0 -4.39142 0 1.4383 -4.08494 0 1.22682 -4.08328 0 1.22816
3 0 -4.39142 0 1.4383 -4.08689 0 1.22458 -4.08494 0 1.22682
3 0 -4.39142 0 1.4383 -4.08939 0 1.22078 -4.08689 0 1.22458
3 0 -2.65195 0 1.42063 -2.59407 0 1.35328 -2.54891 0 1.38849
4 0 -2.65195 0 1.42063 -2.72375 0 1.2798 -2.67253 0 1.30173 -2.59407 0 1.35328
4 0 -3.11311 0 1.40918 -2.89944 0 1.60671 -2.9318 0 1.67492 -3.20317 0 1.49886
4 0 -4.466 0 1.38997 -4.64677 0 1.51636 -4.66379 0 1.46844 -4.57237 0 1.31479
4 0 -3.02602 0 1.34077 -2.85923 0 1.55099 -2.89944 0 1.60671 -3.11311 0 1.40918
4 0 -4.57237 0 1.31479 -4.66379 0 1.46844 -4.71134 0 1.38773 -4.60853 0 1.2975
4 0 -2.95248 0 1.30135 -2.81228 0 1.50613 -2.85923 0 1.55099 -3.02602 0 1.34077
4 0 -4.64452 0 1.2881 -4.60853 0 1.2975 -4.71134 0 1.38773 -4.75058 0 1.3158
4 0 -4.6968 0 1.28343 -4.64452 0 1.2881 -4.75058 0 1.3158 -4.76289 0 1.28469
4 0 -2.87425 0 1.27611 -2.74972 0 1.46422 -2.81228 0 1.50613 -2.95248 0 1.30135
4 0 -2.81498 0 1.26828 -2.76657 0 1.27024 -2.74972 0 1.46422 -2.87425 0 1.27611
4 0 -4.07987 0 1.22914 -4.07873 0 1.22892 -3.56503 0 1.23226 -4.39142 0 1.4383
3 0 -3.15207 0 1.22582 -3.36175 0 1.16982 -3.16846 0 1.0816
3 0 -4.07366 0 1.22392 -3.84477 0 0.86119 -3.82361 0 0.95131
3 0 -4.07065 0 1.21757 -4.06141 0 1.18413 -3.91947 0 0.73629
3 0 -4.07065 0 1.21757 -3.88631 0 0.73686 -3.88446 0 0.73822
4 0 -4.07065 0 1.21757 -3.91947 0 0.73629 -3.91005 0 0.73306 -3.90554 0 0.73226
4 0 -4.07065 0 1.21757 -3.90554 0 0.73226 -3.90008 0 0.7321 -3.89532 0 0.73281
4 0 -4.09915 0 1.19772 -4.08939 0 1.22078 -4.39142 0 1.4383 -4.45641 0 1.27701
3 0 -4.06141 0 1.18413 -4.04123 0 1.0645 -3.91947 0 0.73629
4 0 -3.36175 0 1.16982 -3.15207 0 1.22582 -3.15896 0 1.33447 -3.19594 0 1.47668
4 0 -4.11946 0 1.1264 -4.09915 0 1.19772 -4.45641 0 1.27701 -4.49146 0 1.14272
4 0 -3.69458 0 1.11557 -3.56503 0 1.23226 -4.07873 0 1.22892 -4.07782 0 1.2285
3 0 -4.04123 0 1.0645 -4.04098 0 0.95229 -3.91947 0 0.73629
4 0 -3.77536 0 1.03589 -3.69458 0 1.11557 -4.07782 0 1.2285 -4.07689 0 1.22787
4 0 -4.15245 0 1.00577 -4.11946 0 1.1264 -4.49146 0 1.14272 -4.50621 0 0.95865
4 0 -3.80218 0 0.99763 -3.77536 0 1.03589 -4.07689 0 1.22787 -4.07555 0 1.22656
4 0 -4.50621 0 0.95865 -4.224 0 0.86051 -4.18829 0 0.91602 -4.15245 0 1.00577
4 0 -4.04098 0 0.95229 -4.03559 0 0.88254 -3.99714 0 0.79591 -3.98511 0 0.78311
4 0 -4.04098 0 0.95229 -3.98511 0 0.78311 -3.94563 0 0.75138 -3.91947 0 0.73629
4 0 -3.82361 0 0.95131 -3.80218 0 0.99763 -4.07555 0 1.22656 -4.07366 0 1.22392
4 0 -4.26142 0 0.82127 -4.224 0 0.86051 -4.50621 0 0.95865 -4.53684 0 0.76342
4 0 -3.85485 0 0.80703 -3.84477 0 0.86119 -4.07366 0 1.22392 -4.07065 0 1.21757
4 0 -3.99714 0 0.79591 -4.03559 0 0.88254 -4.02569 0 0.84448 -4.01408 0 0.81958
4 0 -4.31742 0 0.77953 -4.26142 0 0.82127 -4.53684 0 0.76342 -4.47143 0 0.68972
4 0 -3.86692 0 0.76484 -3.85485 0 0.80703 -4.07065 0 1.21757 -3.87419 0 0.75021
3 0 -4.53684 0 0.76342 -4.57236 0 0.63628 -4.47143 0 0.68972
4 0 -3.87998 0 0.74244 -3.87419 0 0.75021 -4.07065 0 1.21757 -3.88446 0 0.73822
4 0 -3.89064 0 0.73442 -3.88631 0 0.73686 -4.07065 0 1.21757 -3.89532 0 0.73281
0 // Body
3 0 2.33454 0 2.46118 2.31897 0 2.17538 2.44314 0 2.15325
3 0 2.33454 0 2.46118 2.44314 0 2.15325 2.54429 0 2.12199
3 0 2.33454 0 2.46118 2.54429 0 2.12199 2.61319 0 2.08566
4 0 2.33454 0 2.46118 2.61319 0 2.08566 2.68001 0 2.03294 2.4455 0 2.4402
4 0 2.4455 0 2.4402 2.68001 0 2.03294 3.13733 0 1.74381 2.6633 0 2.3858
4 0 2.80724 0 2.32522 2.6633 0 2.3858 3.13733 0 1.74381 2.80945 0 2.32403
4 0 2.89248 0 2.26995 2.80945 0 2.32403 3.13733 0 1.74381 2.96233 0 2.20489
3 0 2.96233 0 2.20489 3.13733 0 1.74381 3.02558 0 2.1203
4 0 2.31897 0 2.17538 2.33454 0 2.46118 2.16847 0 2.43623 2.27833 0 2.16892
4 0 2.27833 0 2.16892 2.16847 0 2.43623 2.01429 0 2.39877 2.10924 0 2.13236
4 0 2.10924 0 2.13236 2.01429 0 2.39877 1.88812 0 2.34571 2.01943 0 2.09629
4 0 3.02558 0 2.1203 3.13733 0 1.74381 3.12315 0 1.87023 3.08196 0 2.00883
4 0 2.01943 0 2.09629 1.88812 0 2.34571 1.76648 0 2.26568 1.95597 0 2.05575
4 0 1.95597 0 2.05575 1.76648 0 2.26568 1.65915 0 2.16316 1.88516 0 1.98883
3 0 2.68001 0 2.03294 2.73772 0 1.96744 3.13733 0 1.74381
4 0 1.88516 0 1.98883 1.65915 0 2.16316 1.57002 0 2.03998 1.80452 0 1.87925
3 0 2.73772 0 1.96744 2.78417 0 1.8897 3.13733 0 1.74381
3 0 2.78417 0 1.8897 2.81428 0 1.80628 3.13733 0 1.74381
4 0 1.80452 0 1.87925 1.57002 0 2.03998 1.48372 0 1.86459 1.48284 0 1.86244
3 0 2.81428 0 1.80628 2.82626 0 1.72935 3.13733 0 1.74381
4 0 3.13733 0 1.74381 2.82626 0 1.72935 2.82331 0 1.65199 3.1298 0 1.62598
4 0 1.72726 0 1.73602 1.80452 0 1.87925 1.48284 0 1.86244 1.38188 0 1.57586
4 0 3.1298 0 1.62598 2.82331 0 1.65199 2.80669 0 1.57879 3.09971 0 1.50408
4 0 0.7504 0 1.54073 0.6963 0 1.53858 0.7243 0 1.4177 0.79735 0 1.53477
4 0 0.6963 0 1.53858 0.63725 0 1.52604 0.71747 0 1.41345 0.7243 0 1.4177
4 0 3.09971 0 1.50408 2.80669 0 1.57879 2.77574 0 1.50624 3.03551 0 1.35644
4 0 1.62001 0 1.47575 1.72726 0 1.73602 1.38188 0 1.57586 1.2947 0 1.34701
3 0 1.99705 0 1.43129 1.98946 0 1.42936 1.94594 0 1.39533
4 0 1.98946 0 1.42936 1.97942 0 1.4248 1.96623 0 1.41562 1.94594 0 1.39533
4 0 2.01877 0 1.4289 2.01164 0 1.43104 1.94594 0 1.39533 2.02656 0 1.42496
4 0 2.03506 0 1.4187 2.02656 0 1.42496 1.94594 0 1.39533 1.92542 0 1.36866
4 0 0.71747 0 1.41345 0.63725 0 1.52604 0.57689 0 1.5015 0.65071 0 1.36644
4 0 0.96664 0 1.40271 0.9565 0 1.42457 0.72525 0 1.38267 0.7285 0 1.35507
4 0 2.05508 0 1.3984 2.03506 0 1.4187 1.92542 0 1.36866 1.81526 0 1.18995
4 0 1.94594 0 1.39533 2.01164 0 1.43104 2.00435 0 1.43184 1.99705 0 1.43129
3 0 2.67669 0 1.38366 2.60969 0 1.33599 2.83979 0 1.0532
4 0 0.72525 0 1.38267 0.84129 0 1.5214 0.79735 0 1.53477 0.7243 0 1.4177
4 0 0.72525 0 1.38267 0.91683 0 1.47375 0.88099 0 1.50114 0.84129 0 1.5214
4 0 0.72525 0 1.38267 0.9565 0 1.42457 0.94048 0 1.44835 0.91683 0 1.47375
4 0 0.97228 0 1.38239 0.96664 0 1.40271 0.7285 0 1.35507 0.97423 0 1.36248
4 0 0.65071 0 1.36644 0.57689 0 1.5015 0.52864 0 1.47132 0.62502 0 1.33996
4 0 2.09844 0 1.35753 2.05508 0 1.3984 1.81526 0 1.18995 1.7517 0 1.11198
4 0 2.09844 0 1.35753 1.7517 0 1.11198 1.68084 0 1.05223 2.14098 0 1.33072
4 0 3.03551 0 1.35644 2.77574 0 1.50624 2.73206 0 1.44074 2.93382 0 1.1885
4 0 0.97401 0 1.35462 0.97423 0 1.36248 0.7285 0 1.35507 0.73423 0 1.33366
3 0 0.97401 0 1.35462 0.73423 0 1.33366 0.7425 0 1.31582
4 0 0.97401 0 1.35462 0.7425 0 1.31582 0.75458 0 1.29868 0.77051 0 1.28285
4 0 0.62502 0 1.33996 0.52864 0 1.47132 0.4864 0 1.43361 0.60947 0 1.31658
3 0 2.60969 0 1.33599 2.53403 0 1.30103 2.83979 0 1.0532
4 0 0.9709 0 1.33473 0.97401 0 1.35462 0.77051 0 1.28285 0.79042 0 1.26914
3 0 0.9709 0 1.33473 0.79042 0 1.26914 0.81228 0 1.25951
4 0 0.9709 0 1.33473 0.81228 0 1.25951 0.83559 0 1.25393 0.86166 0 1.25249
3 0 -2.28241 0 1.33368 -2.37823 0 1.24391 -2.27506 0 1.1563
3 0 2.14098 0 1.33072 1.68084 0 1.05223 2.21256 0 1.30076
4 0 0.96478 0 1.31695 0.9709 0 1.33473 0.86166 0 1.25249 0.88774 0 1.25594
4 0 0.60947 0 1.31658 0.4864 0 1.43361 0.45006 0 1.38632 0.59768 0 1.28924
3 0 2.53403 0 1.30103 2.4522 0 1.27996 2.83979 0 1.0532
4 0 2.21256 0 1.30076 1.68084 0 1.05223 1.5844 0 0.99813 2.27644 0 1.28365
4 0 0.59768 0 1.28924 0.45006 0 1.38632 0.42398 0 1.33509 0.5895 0 1.25468
3 0 2.4522 0 1.27996 2.36431 0 1.27373 2.83979 0 1.0532
4 0 0.90839 0 1.26269 0.92732 0 1.27297 0.94397 0 1.28666 0.95546 0 1.30038
4 0 0.88774 0 1.25594 0.90839 0 1.26269 0.95546 0 1.30038 0.96478 0 1.31695
4 0 0.5895 0 1.25468 0.42398 0 1.33509 0.40629 0 1.27754 0.58721 0 1.21547
4 0 1.51799 0 1.23399 1.62001 0 1.47575 1.2947 0 1.34701 1.21866 0 1.20643
4 0 0.58721 0 1.21547 0.40629 0 1.27754 0.39827 0 1.2124 0.59204 0 1.17482
4 0 2.93382 0 1.1885 2.73206 0 1.44074 2.67669 0 1.38366 2.83979 0 1.0532
3 0 -2.96852 0 1.18645 -2.97651 0 1.11488 -2.86755 0 1.14713
4 0 0.59204 0 1.17482 0.39827 0 1.2124 0.40219 0 1.14465 0.60577 0 1.12934
4 0 -2.27506 0 1.1563 -2.37823 0 1.24391 -2.46499 0 1.18069 -2.29226 0 1.0044
3 0 -2.54576 0 1.14117 -2.62845 0 1.11789 -2.33772 0 0.84679
4 0 0.60577 0 1.12934 0.40219 0 1.14465 0.41881 0 1.07757 0.61802 0 1.10189
3 0 -2.62845 0 1.11789 -2.69342 0 1.11208 -2.33772 0 0.84679
4 0 0.61802 0 1.10189 0.41881 0 1.07757 0.44513 0 1.02051 0.64951 0 1.05015
4 0 1.42816 0 1.07957 1.51799 0 1.23399 1.21866 0 1.20643 1.13795 0 1.10202
4 0 -2.98895 0 1.06573 -2.76123 0 1.11823 -2.86755 0 1.14713 -2.97651 0 1.11488
3 0 -2.98895 0 1.06573 -3.01274 0 1.01552 -2.33772 0 0.84679
4 0 2.83979 0 1.0532 2.36431 0 1.27373 2.27644 0 1.28365 1.5844 0 0.99813
4 0 2.83979 0 1.0532 1.5844 0 0.99813 1.36578 0 0.91226 3.03713 0 0.89743
4 0 0.64951 0 1.05015 0.44513 0 1.02051 0.4906 0 0.95713 0.67688 0 1.019
4 0 0.67688 0 1.019 0.4906 0 0.95713 0.57627 0 0.86879 0.70772 0 0.99437
4 0 -3.01274 0 1.01552 -3.05225 0 0.96134 -2.41661 0 0.65462 -2.33772 0 0.84679
4 0 -2.29226 0 1.0044 -2.46499 0 1.18069 -2.54576 0 1.14117 -2.33772 0 0.84679
4 0 -3.32172 0 0.99503 -3.52439 0 1.08579 -3.65087 0 0.94294 -3.73144 0 0.82957
3 0 0.70772 0 0.99437 0.57627 0 0.86879 0.75073 0 0.97156
3 0 0.99774 0 0.98903 0.94355 0 0.96503 1.18467 0 0.85068
4 0 -1.82526 0 0.98096 -1.82579 0 1.07828 -1.94706 0 0.93975 -1.8454 0 0.79313
4 0 1.33915 0 0.9763 1.42816 0 1.07957 1.13795 0 1.10202 1.06115 0 1.03092
3 0 0.75073 0 0.97156 0.57627 0 0.86879 0.7994 0 0.95631
3 0 0.94355 0 0.96503 0.89149 0 0.95247 1.18467 0 0.85068
3 0 -3.05225 0 0.96134 -3.12734 0 0.88748 -2.41661 0 0.65462
3 0 -1.36839 0 0.9611 -1.55259 0 0.7096 -1.36644 0 0.92314
3 0 0.89149 0 0.95247 0.84662 0 0.95025 1.18467 0 0.85068
4 0 0.84662 0 0.95025 0.7994 0 0.95631 0.57627 0 0.86879 1.18467 0 0.85068
4 0 1.36578 0 0.91226 1.36335 0 -0.74105 1.4498 0 -0.87805 2.11616 0 -0.79513
3 0 1.36578 0 0.91226 1.28633 0 -0.76774 1.36335 0 -0.74105
3 0 1.36578 0 0.91226 2.11616 0 -0.79513 3.03713 0 0.89743
3 0 1.36578 0 0.91226 1.19521 0 -0.80951 1.28633 0 -0.76774
3 0 1.36578 0 0.91226 1.14195 0 -0.8467 1.19521 0 -0.80951
4 0 0.18795 0 0.89654 0.17377 0 0.91603 0.14293 0 0.8205 0.13372 0 0.70203
3 0 0.57627 0 0.86879 0.54077 0 0.82969 1.18467 0 0.85068
4 0 -0.52814 0 0.85594 -0.5306 0 0.87096 -0.62338 0 0.80115 -0.6787 0 0.74207
4 0 1.18467 0 0.85068 1.33915 0 0.9763 1.06115 0 1.03092 0.99774 0 0.98903
3 0 1.18467 0 0.85068 0.54077 0 0.82969 0.50732 0 0.79951
3 0 1.18467 0 0.85068 0.50732 0 0.79951 0.48115 0 0.78248
4 0 1.18467 0 0.85068 0.48115 0 0.78248 0.45532 0 0.77146 0.08801 0 0.54645
3 0 1.18467 0 0.85068 -1.59709 0 -0.98442 -1.27445 0 -0.99772
3 0 1.18467 0 0.85068 0.13834 0 -1.00165 0.19864 0 -0.98979
4 0 -1.07426 0 0.84896 -1.11098 0 0.81117 -0.99086 0 0.80083 -1.01501 0 0.8965
4 0 -2.33772 0 0.84679 -2.69342 0 1.11208 -2.76123 0 1.11823 -2.98895 0 1.06573
4 0 0.247 0 0.82603 0.18795 0 0.89654 0.13372 0 0.70203 0.12796 0 0.65198
3 0 -2.07968 0 0.82568 -2.23788 0 0.73199 -1.8925 0 0.5104
4 0 -2.07968 0 0.82568 -1.8925 0 0.5104 -1.8454 0 0.79313 -1.94706 0 0.93975
4 0 -0.99086 0 0.80083 -1.11098 0 0.81117 -1.13734 0 0.77143 -1.19863 0 0.63666
4 0 0.28225 0 0.79718 0.247 0 0.82603 0.12796 0 0.65198 0.11174 0 0.60031
3 0 0.28225 0 0.79718 0.11174 0 0.60031 0.31501 0 0.77937
3 0 -4.15809 0 0.78983 -4.20897 0 0.49701 -4.10768 0 0.71022
4 0 -1.3494 0 0.77376 -1.36644 0 0.92314 -1.55259 0 0.7096 -1.62445 0 0.62589
3 0 -1.3494 0 0.77376 -1.62445 0 0.62589 -1.33217 0 0.71708
3 0 0.45532 0 0.77146 0.42607 0 0.76475 0.08801 0 0.54645
3 0 0.35294 0 0.76749 0.08801 0 0.54645 0.3928 0 0.76283
3 0 0.42607 0 0.76475 0.3928 0 0.76283 0.08801 0 0.54645
4 0 -0.12758 0 0.76222 -0.15975 0 0.88899 -0.20431 0 0.80888 -0.2249 0 0.75526
4 0 -0.12758 0 0.76222 -0.2249 0 0.75526 -0.23594 0 0.69272 -0.10141 0 0.70526
4 0 -3.77096 0 0.74518 -3.79884 0 0.6313 -3.32172 0 0.99503 -3.73144 0 0.82957
4 0 -0.96497 0 0.73713 -0.99086 0 0.80083 -1.19863 0 0.63666 -1.22624 0 0.58251
3 0 -0.96497 0 0.73713 -1.22624 0 0.58251 -0.93017 0 0.68266
4 0 -2.23788 0 0.73199 -2.41661 0 0.65462 -3.86951 0 -1.29178 -1.8925 0 0.5104
4 0 -0.495 0 0.70958 -0.52814 0 0.85594 -0.6787 0 0.74207 -0.74517 0 0.63863
3 0 -0.93017 0 0.68266 -1.22624 0 0.58251 -0.87483 0 0.62312
3 0 -1.31132 0 0.67737 -1.67259 0 0.5873 -1.27791 0 0.63458
4 0 -4.06642 0 0.66193 -4.10768 0 0.71022 -4.20897 0 0.49701 -4.23031 0 0.23705
4 0 -2.41661 0 0.65462 -3.12734 0 0.88748 -3.81027 0 0.55472 -4.05489 0 -0.71909
3 0 -2.41661 0 0.65462 -4.05489 0 -0.71909 -3.86951 0 -1.29178
4 0 -0.46215 0 0.63484 -0.495 0 0.70958 -0.74517 0 0.63863 -0.78789 0 0.55547
3 0 -0.46215 0 0.63484 -0.78789 0 0.55547 -0.41888 0 0.57013
4 0 -1.62445 0 0.62589 -1.67259 0 0.5873 -1.31132 0 0.67737 -1.33217 0 0.71708
4 0 -4.01843 0 0.62282 -4.06642 0 0.66193 -4.23031 0 0.23705 -4.22173 0 -0.04084
3 0 -0.03465 0 0.62224 -0.26457 0 0.43904 0.01571 0 0.58597
4 0 0.11174 0 0.60031 0.08801 0 0.54645 0.35294 0 0.76749 0.31501 0 0.77937
4 0 -3.96678 0 0.59421 -4.01843 0 0.62282 -4.22173 0 -0.04084 -4.21527 0 -0.12884
3 0 -1.67259 0 0.5873 -1.72831 0 0.55788 -2.93993 0 -0.82217
3 0 0.01571 0 0.58597 -0.26457 0 0.43904 0.08801 0 0.54645
4 0 -1.22624 0 0.58251 -1.27791 0 0.63458 -1.67259 0 0.5873 -2.93993 0 -0.82217
4 0 -3.90215 0 0.57254 -3.96678 0 0.59421 -4.21527 0 -0.12884 -4.05489 0 -0.71909
3 0 -3.90215 0 0.57254 -4.05489 0 -0.71909 -3.81027 0 0.55472
3 0 -0.41888 0 0.57013 -0.78789 0 0.55547 -0.35569 0 0.50671
4 0 -0.78789 0 0.55547 -0.87483 0 0.62312 -1.22624 0 0.58251 -2.93993 0 -0.82217
4 0 -3.81027 0 0.55472 -3.12734 0 0.88748 -3.32172 0 0.99503 -3.79884 0 0.6313
4 0 0.08801 0 0.54645 -0.26457 0 0.43904 -2.93993 0 -0.82217 1.18467 0 0.85068
3 0 -1.83116 0 0.52483 -1.8925 0 0.5104 -3.86951 0 -1.29178
4 0 -0.25935 0 0.46888 -0.07098 0 0.66007 -0.10141 0 0.70526 -0.23594 0 0.69272
4 0 -0.26457 0 0.43904 -0.03465 0 0.62224 -0.07098 0 0.66007 -0.25935 0 0.46888
4 0 3.43686 0 0.39815 3.32074 0 0.59124 2.11616 0 -0.79513 3.54768 0 0.15948
4 0 3.65192 0 -0.11994 3.54768 0 0.15948 2.11616 0 -0.79513 2.4347 0 -0.91657
4 0 3.65192 0 -0.11994 2.4347 0 -0.91657 2.73548 0 -1.00634 3.75323 0 -0.43396
4 0 3.75323 0 -0.43396 2.73548 0 -1.00634 3.11588 0 -1.08232 3.95017 0 -0.55546
4 0 3.95017 0 -0.55546 3.11588 0 -1.08232 3.73417 0 -1.19519 4.08059 0 -0.62817
4 0 4.13473 0 -0.64689 4.08059 0 -0.62817 3.73417 0 -1.19519 4.24433 0 -0.77338
4 0 4.13473 0 -0.64689 4.24433 0 -0.77338 4.24765 0 -0.75555 4.1886 0 -0.65531
3 0 4.28294 0 -0.65445 4.1886 0 -0.65531 4.27529 0 -0.67594
3 0 4.1886 0 -0.65531 4.24765 0 -0.75555 4.27529 0 -0.67594
3 0 4.24433 0 -0.77338 3.73417 0 -1.19519 4.24421 0 -0.78549
3 0 4.24421 0 -0.78549 3.73417 0 -1.19519 4.24583 0 -0.79464
3 0 4.24583 0 -0.79464 3.73417 0 -1.19519 4.24891 0 -0.80284
4 0 2.11616 0 -0.79513 3.32074 0 0.59124 3.19329 0 0.75063 3.03713 0 0.89743
4 0 2.11616 0 -0.79513 1.4498 0 -0.87805 1.49579 0 -0.97916 2.10092 0 -0.84435
3 0 4.24891 0 -0.80284 3.73417 0 -1.19519 4.2542 0 -0.81179
3 0 4.2542 0 -0.81179 3.73417 0 -1.19519 4.26331 0 -0.82246
4 0 -2.93993 0 -0.82217 -1.72831 0 0.55788 -1.83116 0 0.52483 -3.86951 0 -1.29178
4 0 -2.93993 0 -0.82217 -0.26457 0 0.43904 -0.35569 0 0.50671 -0.78789 0 0.55547
3 0 -2.93993 0 -0.82217 -3.86951 0 -1.29178 -2.97048 0 -0.87861
3 0 4.26331 0 -0.82246 3.73417 0 -1.19519 4.27755 0 -0.83435
3 0 2.10092 0 -0.84435 1.49579 0 -0.97916 2.09209 0 -0.88969
4 0 4.33437 0 -0.86051 4.34352 0 -1.04441 4.35945 0 -1.03401 4.37836 0 -0.86877
3 0 4.33437 0 -0.86051 4.3313 0 -1.05553 4.34352 0 -1.04441
3 0 4.33437 0 -0.86051 4.32142 0 -1.06811 4.3313 0 -1.05553
3 0 4.33437 0 -0.86051 4.3159 0 -1.07834 4.32142 0 -1.06811
3 0 4.33437 0 -0.86051 4.31256 0 -1.0881 4.3159 0 -1.07834
4 0 4.37836 0 -0.86877 4.36879 0 -1.0293 4.45035 0 -0.99592 4.45203 0 -0.87293
3 0 4.37836 0 -0.86877 4.35945 0 -1.03401 4.36879 0 -1.0293
3 0 4.45203 0 -0.87293 4.49003 0 -0.96536 4.50229 0 -0.94905
3 0 -2.97048 0 -0.87861 -3.86951 0 -1.29178 -2.99109 0 -0.93148
4 0 1.10538 0 -0.8837 1.14195 0 -0.8467 1.36578 0 0.91226 0.25954 0 -0.98442
4 0 2.09155 0 -0.91586 2.09209 0 -0.88969 1.49579 0 -0.97916 1.51109 0 -1.04585
3 0 2.09155 0 -0.91586 1.51109 0 -1.04585 2.09559 0 -0.94076
4 0 4.5141 0 -0.9252 4.5307 0 -0.86663 4.45203 0 -0.87293 4.50229 0 -0.94905
3 0 -2.99109 0 -0.93148 -3.86951 0 -1.29178 -2.99965 0 -0.97891
3 0 1.0724 0 -0.93303 0.25954 0 -0.98442 1.05311 0 -0.97675
3 0 2.09559 0 -0.94076 1.51109 0 -1.04585 2.10822 0 -0.97618
4 0 -2.68964 0 -0.95882 -1.59709 0 -0.98442 1.18467 0 0.85068 -2.93993 0 -0.82217
3 0 -0.74105 0 -0.96365 0.07422 0 -1.0328 0.10069 0 -1.01646
3 0 -0.74105 0 -0.96365 0.05 0 -1.05442 0.07422 0 -1.0328
3 0 -0.74105 0 -0.96365 0.02835 0 -1.08174 0.05 0 -1.05442
3 0 -0.74105 0 -0.96365 0.01241 0 -1.11104 0.02835 0 -1.08174
4 0 -0.74105 0 -0.96365 -0.73491 0 -1.11949 0.00485 0 -1.13405 0.01241 0 -1.11104
3 0 -2.99965 0 -0.97891 -3.86951 0 -1.29178 -2.9993 0 -1.02683
4 0 -0.92329 0 -0.98011 -0.74105 0 -0.96365 1.18467 0 0.85068 -1.27445 0 -0.99772
4 0 4.47356 0 -0.98062 4.49003 0 -0.96536 4.45203 0 -0.87293 4.45035 0 -0.99592
4 0 -1.59709 0 -0.98442 -2.68964 0 -0.95882 -2.45764 0 -1.05403 -2.42535 0 -1.06555
3 0 -1.59709 0 -0.98442 -2.42535 0 -1.06555 -1.62258 0 -1.01513
4 0 0.25954 0 -0.98442 1.36578 0 0.91226 1.18467 0 0.85068 0.19864 0 -0.98979
3 0 0.25954 0 -0.98442 1.10314 0 -0.88645 1.10538 0 -0.8837
3 0 0.25954 0 -0.98442 1.0724 0 -0.93303 1.10314 0 -0.88645
3 0 0.25954 0 -0.98442 1.04203 0 -1.02023 1.05311 0 -0.97675
3 0 -1.62258 0 -1.01513 -2.42535 0 -1.06555 -1.66787 0 -1.07944
4 0 0.10069 0 -1.01646 0.13834 0 -1.00165 1.18467 0 0.85068 -0.74105 0 -0.96365
3 0 -2.9993 0 -1.02683 -3.86951 0 -1.29178 -2.99086 0 -1.07076
4 0 1.03982 0 -1.0523 1.04203 0 -1.02023 0.25954 0 -0.98442 0.33173 0 -1.16791
3 0 -2.42535 0 -1.06555 -1.68968 0 -1.12702 -1.66787 0 -1.07944
3 0 -2.42535 0 -1.06555 -1.70378 0 -1.18215 -1.68968 0 -1.12702
3 0 -2.42535 0 -1.06555 -1.70884 0 -1.24941 -1.70378 0 -1.18215
3 0 -2.42535 0 -1.06555 -1.80079 0 -1.71125 -1.78768 0 -1.66874
3 0 -2.42535 0 -1.06555 -1.80422 0 -1.7333 -1.80079 0 -1.71125
3 0 -2.42535 0 -1.06555 -1.80399 0 -1.74599 -1.80422 0 -1.7333
3 0 -2.42535 0 -1.06555 -1.80222 0 -1.75548 -1.80399 0 -1.74599
4 0 1.04201 0 -1.07348 1.03982 0 -1.0523 0.33173 0 -1.16791 0.4181 0 -1.32726
3 0 1.04201 0 -1.07348 0.4181 0 -1.32726 1.04781 0 -1.09359
4 0 2.1544 0 -1.07965 2.10822 0 -0.97618 1.51109 0 -1.04585 1.51413 0 -1.13998
4 0 4.31256 0 -1.0881 4.33437 0 -0.86051 4.29993 0 -0.8476 4.31102 0 -1.09784
3 0 1.04781 0 -1.09359 0.4181 0 -1.32726 1.05653 0 -1.11086
4 0 4.31102 0 -1.09784 4.29993 0 -0.8476 4.27755 0 -0.83435 3.73417 0 -1.19519
3 0 4.31102 0 -1.09784 3.73417 0 -1.19519 4.31137 0 -1.10933
3 0 4.31137 0 -1.10933 3.73417 0 -1.19519 4.31419 0 -1.12183
3 0 1.05653 0 -1.11086 0.4181 0 -1.32726 1.06957 0 -1.12825
4 0 -2.9727 0 -1.11908 -2.99086 0 -1.07076 -3.86951 0 -1.29178 -3.61572 0 -2.02028
3 0 -2.9727 0 -1.11908 -3.61572 0 -2.02028 -2.93993 0 -1.18273
3 0 -0.73491 0 -1.11949 0.00283 0 -1.14666 0.00485 0 -1.13405
3 0 -0.73491 0 -1.11949 0.00274 0 -1.16006 0.00283 0 -1.14666
3 0 -0.73491 0 -1.11949 0.00515 0 -1.1732 0.00274 0 -1.16006
3 0 -0.73491 0 -1.11949 0.00963 0 -1.18481 0.00515 0 -1.1732
3 0 -0.73491 0 -1.11949 0.01779 0 -1.19804 0.00963 0 -1.18481
4 0 -0.73491 0 -1.11949 -0.20771 0 -1.66837 -0.14035 0 -1.66163 -0.03426 0 -1.48062
3 0 4.31419 0 -1.12183 3.73417 0 -1.19519 4.31905 0 -1.13316
3 0 4.31905 0 -1.13316 3.73417 0 -1.19519 4.32575 0 -1.14326
4 0 2.17977 0 -1.13789 2.1544 0 -1.07965 1.51413 0 -1.13998 1.51185 0 -1.18799
4 0 2.17977 0 -1.13789 1.51185 0 -1.18799 1.682 0 -1.27639 2.19421 0 -1.1599
3 0 4.32575 0 -1.14326 3.73417 0 -1.19519 4.3331 0 -1.15088
4 0 1.08895 0 -1.14653 1.06957 0 -1.12825 0.4181 0 -1.32726 1.16866 0 -1.33278
4 0 1.08895 0 -1.14653 1.16866 0 -1.33278 1.17544 0 -1.32173 1.1266 0 -1.1711
3 0 4.3331 0 -1.15088 3.73417 0 -1.19519 4.34114 0 -1.15662
3 0 4.46746 0 -1.15543 4.52176 0 -1.25986 4.48473 0 -1.15813
4 0 4.44872 0 -1.1561 4.49028 0 -1.27597 4.52176 0 -1.25986 4.46746 0 -1.15543
3 0 2.19421 0 -1.1599 1.682 0 -1.27639 1.84535 0 -1.37581
4 0 4.35114 0 -1.16139 4.34114 0 -1.15662 3.73417 0 -1.19519 4.47739 0 -1.28578
3 0 4.35114 0 -1.16139 4.47739 0 -1.28578 4.35927 0 -1.16391
3 0 4.35927 0 -1.16391 4.47739 0 -1.28578 4.37454 0 -1.1663
3 0 4.39199 0 -1.16609 4.37454 0 -1.1663 4.47739 0 -1.28578
3 0 4.51029 0 -1.16684 4.57368 0 -1.23007 4.59619 0 -1.21392
4 0 1.1266 0 -1.1711 1.18375 0 -1.31235 1.1985 0 -1.30062 1.18574 0 -1.19748
3 0 1.1266 0 -1.1711 1.17544 0 -1.32173 1.18375 0 -1.31235
3 0 2.20629 0 -1.17256 1.93612 0 -1.44783 2.21669 0 -1.18015
3 0 2.21669 0 -1.18015 1.93612 0 -1.44783 2.22328 0 -1.18367
3 0 -2.93993 0 -1.18273 -2.82671 0 -1.42303 -2.81945 0 -1.41184
3 0 -2.93993 0 -1.18273 -2.84669 0 -1.46273 -2.82671 0 -1.42303
3 0 -2.93993 0 -1.18273 -2.85892 0 -1.50347 -2.84669 0 -1.46273
3 0 2.22328 0 -1.18367 1.93612 0 -1.44783 2.23492 0 -1.18786
4 0 2.25134 0 -1.19085 2.23492 0 -1.18786 1.93612 0 -1.44783 2.44039 0 -1.4573
3 0 2.25134 0 -1.19085 2.44039 0 -1.4573 2.30326 0 -1.19727
4 0 -0.7475 0 -1.19282 -0.80111 0 -1.33425 -0.35875 0 -1.704 -0.35098 0 -1.69418
4 0 -0.7475 0 -1.19282 -0.31061 0 -1.6609 -0.20771 0 -1.66837 -0.73491 0 -1.11949
3 0 -0.7475 0 -1.19282 -0.3264 0 -1.67268 -0.31061 0 -1.6609
3 0 -0.7475 0 -1.19282 -0.35098 0 -1.69418 -0.3264 0 -1.67268
3 0 3.73417 0 -1.19519 4.46883 0 -1.29526 4.47739 0 -1.28578
3 0 3.73417 0 -1.19519 4.4614 0 -1.30722 4.46883 0 -1.29526
3 0 3.73417 0 -1.19519 4.45542 0 -1.32218 4.4614 0 -1.30722
3 0 3.73417 0 -1.19519 4.4521 0 -1.33819 4.45542 0 -1.32218
3 0 3.73417 0 -1.19519 4.4517 0 -1.35422 4.4521 0 -1.33819
3 0 3.73417 0 -1.19519 4.45317 0 -1.36505 4.4517 0 -1.35422
3 0 3.73417 0 -1.19519 4.45801 0 -1.38135 4.45317 0 -1.36505
3 0 3.73417 0 -1.19519 3.84144 0 -1.44116 4.74396 0 -2.34878
3 0 3.73417 0 -1.19519 4.47697 0 -1.75683 4.464 0 -1.70624
3 0 3.73417 0 -1.19519 4.54537 0 -1.94583 4.47697 0 -1.75683
3 0 3.73417 0 -1.19519 4.58096 0 -2.0414 4.54537 0 -1.94583
4 0 1.18574 0 -1.19748 1.1985 0 -1.30062 1.26679 0 -1.25552 1.29136 0 -1.23195
4 0 0.02977 0 -1.21139 0.01779 0 -1.19804 -0.73491 0 -1.11949 -0.03426 0 -1.48062
4 0 0.05195 0 -1.22888 0.02977 0 -1.21139 -0.03426 0 -1.48062 0.06074 0 -1.43119
4 0 4.57368 0 -1.23007 4.51029 0 -1.16684 4.48473 0 -1.15813 4.52176 0 -1.25986
3 0 -2.77879 0 -1.23021 -2.73643 0 -1.33102 -2.67311 0 -1.29015
3 0 2.60388 0 -1.24131 2.60423 0 -1.26803 2.60546 0 -1.24192
4 0 2.60546 0 -1.24192 2.60423 0 -1.26803 2.60786 0 -1.25959 2.60703 0 -1.24293
4 0 2.60703 0 -1.24293 2.60786 0 -1.25959 2.60946 0 -1.25391 2.60988 0 -1.25025
4 0 2.60882 0 -1.24508 2.60813 0 -1.24402 2.60703 0 -1.24293 2.60936 0 -1.24636
4 0 2.60975 0 -1.24802 2.60936 0 -1.24636 2.60703 0 -1.24293 2.60988 0 -1.25025
4 0 0.09785 0 -1.25382 0.05195 0 -1.22888 0.06074 0 -1.43119 0.11733 0 -1.38689
4 0 0.09785 0 -1.25382 0.11733 0 -1.38689 0.16393 0 -1.33412 0.19444 0 -1.29132
4 0 2.60423 0 -1.26803 2.59566 0 -1.24071 2.56529 0 -1.24334 2.56839 0 -1.32184
4 0 2.60423 0 -1.26803 2.60388 0 -1.24131 2.60122 0 -1.2408 2.59566 0 -1.24071
4 0 4.49028 0 -1.27597 4.44872 0 -1.1561 4.39199 0 -1.16609 4.47739 0 -1.28578
3 0 -2.41075 0 -1.28587 -2.37737 0 -1.49072 -1.87344 0 -1.93014
4 0 2.56839 0 -1.32184 2.56529 0 -1.24334 2.46342 0 -1.24397 2.51794 0 -1.38422
3 0 0.4181 0 -1.32726 1.1649 0 -1.34247 1.16866 0 -1.33278
3 0 0.4181 0 -1.32726 1.1635 0 -1.3495 1.1649 0 -1.34247
4 0 -2.73643 0 -1.33102 -2.77879 0 -1.23021 -2.91689 0 -1.18795 -2.78791 0 -1.37379
4 0 -1.70191 0 -1.34423 -1.70884 0 -1.24941 -2.42535 0 -1.06555 -1.78768 0 -1.66874
3 0 -1.70191 0 -1.34423 -1.78768 0 -1.66874 -1.68924 0 -1.37215
4 0 1.16334 0 -1.35476 1.1635 0 -1.3495 0.4181 0 -1.32726 0.52972 0 -1.4705
3 0 1.16334 0 -1.35476 0.52972 0 -1.4705 1.16398 0 -1.3595
3 0 1.16398 0 -1.3595 0.52972 0 -1.4705 1.16536 0 -1.36378
3 0 1.16774 0 -1.36823 0.84348 0 -1.82688 1.17229 0 -1.37391
3 0 -1.68924 0 -1.37215 -1.78768 0 -1.66874 -1.68059 0 -1.38509
4 0 -2.78791 0 -1.37379 -2.91689 0 -1.18795 -2.93993 0 -1.18273 -2.81945 0 -1.41184
3 0 1.17229 0 -1.37391 0.84348 0 -1.82688 1.17895 0 -1.37968
3 0 1.17895 0 -1.37968 0.84348 0 -1.82688 1.18916 0 -1.38591
4 0 2.51794 0 -1.38422 2.46342 0 -1.24397 2.30326 0 -1.19727 2.44039 0 -1.4573
3 0 -1.68059 0 -1.38509 -1.78768 0 -1.66874 -1.67257 0 -1.39331
3 0 1.18916 0 -1.38591 0.84348 0 -1.82688 1.20552 0 -1.39231
3 0 -1.67257 0 -1.39331 -1.78768 0 -1.66874 -1.66247 0 -1.4005
4 0 1.22279 0 -1.39567 1.20552 0 -1.39231 0.84348 0 -1.82688 1.25728 0 -1.53922
4 0 1.24352 0 -1.39639 1.22279 0 -1.39567 1.25728 0 -1.53922 1.25872 0 -1.51712
4 0 1.24352 0 -1.39639 1.25872 0 -1.51712 1.2735 0 -1.42431 1.2723 0 -1.3942
4 0 4.46691 0 -1.39951 4.45801 0 -1.38135 3.73417 0 -1.19519 4.464 0 -1.70624
3 0 4.46691 0 -1.39951 4.464 0 -1.70624 4.48627 0 -1.42656
3 0 -1.66247 0 -1.4005 -1.78768 0 -1.66874 -1.64457 0 -1.40886
4 0 -1.60466 0 -1.41866 -1.62964 0 -1.5678 -1.58964 0 -1.53849 -1.56405 0 -1.51099
3 0 4.48627 0 -1.42656 4.464 0 -1.70624 4.51362 0 -1.45396
4 0 1.93612 0 -1.44783 2.20629 0 -1.17256 2.19421 0 -1.1599 1.84535 0 -1.37581
3 0 1.93612 0 -1.44783 1.99544 0 -1.5119 2.44039 0 -1.4573
4 0 2.44039 0 -1.4573 1.99544 0 -1.5119 2.03813 0 -1.57869 2.51635 0 -1.62376
4 0 -1.53586 0 -1.46607 -1.5153 0 -1.42461 -1.60466 0 -1.41866 -1.56405 0 -1.51099
3 0 2.45153 0 -1.4686 2.52791 0 -1.60783 2.47323 0 -1.48733
4 0 0.52972 0 -1.4705 0.84348 0 -1.82688 1.16774 0 -1.36823 1.16536 0 -1.36378
4 0 4.53936 0 -1.47167 4.51362 0 -1.45396 4.464 0 -1.70624 4.55928 0 -1.6138
4 0 4.56916 0 -1.48487 4.53936 0 -1.47167 4.55928 0 -1.6138 4.58416 0 -1.58868
3 0 4.56916 0 -1.48487 4.61026 0 -1.52208 4.61366 0 -1.49786
3 0 4.56916 0 -1.48487 4.58416 0 -1.58868 4.59502 0 -1.57257
3 0 2.47323 0 -1.48733 2.52791 0 -1.60783 2.4892 0 -1.49667
4 0 2.50787 0 -1.50348 2.4892 0 -1.49667 2.52791 0 -1.60783 2.56045 0 -1.57697
4 0 2.53534 0 -1.50879 2.50787 0 -1.50348 2.56045 0 -1.57697 2.57172 0 -1.56439
3 0 2.53534 0 -1.50879 2.57172 0 -1.56439 2.57958 0 -1.5514
4 0 2.58788 0 -1.52948 2.59286 0 -1.51138 2.53534 0 -1.50879 2.57958 0 -1.5514
3 0 1.25728 0 -1.53922 0.84348 0 -1.82688 1.25893 0 -1.5537
4 0 -2.86432 0 -1.55148 -2.85892 0 -1.50347 -2.93993 0 -1.18273 -3.61572 0 -2.02028
3 0 -2.86432 0 -1.55148 -3.61572 0 -2.02028 -2.86369 0 -1.61465
4 0 4.60274 0 -1.55448 4.61026 0 -1.52208 4.56916 0 -1.48487 4.59502 0 -1.57257
4 0 1.26218 0 -1.56432 1.25893 0 -1.5537 0.84348 0 -1.82688 1.19972 0 -1.73229
4 0 1.26218 0 -1.56432 1.19972 0 -1.73229 1.2389 0 -1.71164 1.26751 0 -1.57462
4 0 1.26751 0 -1.57462 1.2389 0 -1.71164 1.28504 0 -1.69653 1.27622 0 -1.58623
3 0 2.03813 0 -1.57869 2.51042 0 -1.63582 2.51635 0 -1.62376
3 0 1.28802 0 -1.59805 1.28504 0 -1.69653 1.3325 0 -1.63318
4 0 2.52791 0 -1.60783 2.45153 0 -1.4686 2.44039 0 -1.4573 2.51635 0 -1.62376
4 0 -2.82753 0 -1.62734 -2.86369 0 -1.61465 -2.78046 0 -1.82259 -2.73321 0 -1.7778
4 0 -0.05759 0 -1.63686 -0.00567 0 -1.61583 -0.03426 0 -1.48062 -0.14035 0 -1.66163
4 0 2.50678 0 -1.64806 2.51042 0 -1.63582 2.03813 0 -1.57869 2.07723 0 -1.6755
4 0 -2.75186 0 -1.66018 -2.82753 0 -1.62734 -2.73321 0 -1.7778 -2.727 0 -1.67683
4 0 2.50531 0 -1.66215 2.50678 0 -1.64806 2.07723 0 -1.6755 2.41773 0 -1.78749
4 0 2.50531 0 -1.66215 2.44892 0 -1.77628 2.46499 0 -1.77677 2.51243 0 -1.74484
3 0 2.50531 0 -1.66215 2.43852 0 -1.77792 2.44892 0 -1.77628
3 0 2.50531 0 -1.66215 2.42876 0 -1.78131 2.43852 0 -1.77792
3 0 2.50531 0 -1.66215 2.41773 0 -1.78749 2.42876 0 -1.78131
4 0 -1.78768 0 -1.66874 -1.62964 0 -1.5678 -1.60466 0 -1.41866 -1.64457 0 -1.40886
3 0 2.07723 0 -1.6755 2.40268 0 -1.79937 2.41773 0 -1.78749
3 0 1.28504 0 -1.69653 1.28802 0 -1.59805 1.27622 0 -1.58623
4 0 1.28504 0 -1.69653 1.3676 0 -1.68265 1.3474 0 -1.6496 1.3325 0 -1.63318
3 0 -2.69874 0 -1.7102 -2.73321 0 -1.7778 -2.68264 0 -1.74085
4 0 -0.36241 0 -1.71085 -0.35875 0 -1.704 -0.80111 0 -1.33425 -0.8963 0 -1.56168
4 0 -0.36397 0 -1.71565 -0.36241 0 -1.71085 -0.8963 0 -1.56168 -0.95493 0 -1.76669
3 0 -0.36397 0 -1.71565 -0.95493 0 -1.76669 -0.36464 0 -1.72011
3 0 -0.36464 0 -1.72011 -0.95493 0 -1.76669 -0.3645 0 -1.72455
3 0 -0.3645 0 -1.72455 -0.95493 0 -1.76669 -0.36354 0 -1.72896
3 0 -0.36354 0 -1.72896 -0.95493 0 -1.76669 -0.36144 0 -1.73415
3 0 1.19972 0 -1.73229 0.84348 0 -1.82688 1.16573 0 -1.75859
3 0 2.51243 0 -1.74484 2.46499 0 -1.77677 2.49617 0 -1.78066
4 0 2.51243 0 -1.74484 2.49617 0 -1.78066 2.50245 0 -1.78089 2.50678 0 -1.78059
3 0 -0.34623 0 -1.7531 -0.46356 0 -1.90486 -0.33068 0 -1.7656
4 0 -1.80222 0 -1.75548 -2.42535 0 -1.06555 -2.41075 0 -1.28587 -1.87344 0 -1.93014
3 0 -1.80222 0 -1.75548 -1.87344 0 -1.93014 -1.799 0 -1.76401
3 0 1.16573 0 -1.75859 0.84348 0 -1.82688 1.14135 0 -1.78581
3 0 -1.799 0 -1.76401 -1.87344 0 -1.93014 -1.79376 0 -1.77282
4 0 -0.95493 0 -1.76669 -0.59731 0 -1.92113 -0.35607 0 -1.74251 -0.36144 0 -1.73415
4 0 2.51651 0 -1.76704 2.51243 0 -1.74484 2.50678 0 -1.78059 2.50983 0 -1.77995
4 0 2.51676 0 -1.77113 2.51651 0 -1.76704 2.50983 0 -1.77995 2.51219 0 -1.77901
3 0 2.51676 0 -1.77113 2.51461 0 -1.77719 2.51542 0 -1.77613
3 0 -1.79376 0 -1.77282 -1.87344 0 -1.93014 -1.78533 0 -1.78287
4 0 2.51607 0 -1.77485 2.51652 0 -1.77336 2.51676 0 -1.77113 2.51542 0 -1.77613
4 0 -2.73321 0 -1.7778 -2.69874 0 -1.7102 -2.7119 0 -1.69156 -2.727 0 -1.67683
4 0 2.51358 0 -1.77813 2.51461 0 -1.77719 2.51676 0 -1.77113 2.51219 0 -1.77901
3 0 1.14135 0 -1.78581 0.84348 0 -1.82688 1.12059 0 -1.81946
4 0 -1.77369 0 -1.79357 -1.78533 0 -1.78287 -1.87344 0 -1.93014 -1.76668 0 -1.9307
4 0 -1.77369 0 -1.79357 -1.76668 0 -1.9307 -1.7099 0 -1.91936 -1.70557 0 -1.84917
4 0 2.38651 0 -1.81318 2.40268 0 -1.79937 2.07723 0 -1.6755 2.11584 0 -1.85094
4 0 -0.25794 0 -1.8139 -0.2439 0 -1.80512 -0.29789 0 -1.78478 -0.37079 0 -1.87519
4 0 2.34509 0 -1.8449 2.38651 0 -1.81318 2.11584 0 -1.85094 2.12513 0 -1.9095
4 0 2.34509 0 -1.8449 2.12513 0 -1.9095 1.90511 0 -2.15915 2.35462 0 -2.29485
3 0 -1.70557 0 -1.84917 -1.7099 0 -1.91936 -1.6638 0 -1.9031
4 0 1.10162 0 -1.86369 1.12059 0 -1.81946 0.84348 0 -1.82688 0.58244 0 -2.11196
4 0 -0.46356 0 -1.90486 -0.34623 0 -1.7531 -0.35607 0 -1.74251 -0.59731 0 -1.92113
4 0 -0.46356 0 -1.90486 -0.37079 0 -1.87519 -0.29789 0 -1.78478 -0.33068 0 -1.7656
4 0 1.08172 0 -1.92603 1.10162 0 -1.86369 0.58244 0 -2.11196 0.38196 0 -2.35487
4 0 -1.87344 0 -1.93014 -2.37737 0 -1.49072 -2.3081 0 -1.70765 -2.24865 0 -1.87058
4 0 -1.87344 0 -1.93014 -2.24865 0 -1.87058 -2.23225 0 -1.93713 -1.88584 0 -1.96826
4 0 -0.98436 0 -1.95447 -0.82682 0 -2.17042 -0.59731 0 -1.92113 -0.95493 0 -1.76669
4 0 -1.88584 0 -1.96826 -2.23225 0 -1.93713 -2.23057 0 -1.96584 -1.89109 0 -1.99482
4 0 -0.54957 0 -1.98526 -0.59731 0 -1.92113 -0.82682 0 -2.17042 -0.52059 0 -2.03627
4 0 -2.23411 0 -1.99363 -1.89137 0 -2.01053 -1.89109 0 -1.99482 -2.23057 0 -1.96584
4 0 -3.61572 0 -2.02028 -2.8192 0 -1.87717 -2.78046 0 -1.82259 -2.86369 0 -1.61465
3 0 -1.88954 0 -2.02156 -2.24709 0 -2.03472 -1.88619 0 -2.03081
3 0 -2.74366 0 -2.02158 -2.75912 0 -2.09537 -2.7017 0 -2.0646
4 0 -2.24709 0 -2.03472 -1.88954 0 -2.02156 -1.89137 0 -2.01053 -2.23411 0 -1.99363
4 0 -2.24709 0 -2.03472 -2.04497 0 -2.28995 -1.88059 0 -2.04053 -1.88619 0 -2.03081
3 0 -1.88059 0 -2.04053 -2.04497 0 -2.28995 -1.87243 0 -2.05058
4 0 4.59906 0 -2.07212 4.58096 0 -2.0414 3.73417 0 -1.19519 4.74396 0 -2.34878
3 0 4.59906 0 -2.07212 4.74396 0 -2.34878 4.61595 0 -2.09172
3 0 4.61595 0 -2.09172 4.74396 0 -2.34878 4.63276 0 -2.10532
4 0 -2.75912 0 -2.09537 -2.74366 0 -2.02158 -2.78243 0 -1.99452 -2.83744 0 -1.97009
3 0 4.63276 0 -2.10532 4.74396 0 -2.34878 4.65115 0 -2.11533
3 0 4.65115 0 -2.11533 4.74396 0 -2.34878 4.66928 0 -2.12144
3 0 4.73705 0 -2.11875 4.70838 0 -2.12347 4.74396 0 -2.34878
3 0 4.66928 0 -2.12144 4.74396 0 -2.34878 4.68815 0 -2.12421
3 0 4.70838 0 -2.12347 4.68815 0 -2.12421 4.74396 0 -2.34878
4 0 -2.79782 0 -2.12383 -2.75912 0 -2.09537 -2.83744 0 -1.97009 -2.85893 0 -1.96244
4 0 -2.29193 0 -2.1277 -2.1306 0 -2.51483 -2.04497 0 -2.28995 -2.24709 0 -2.03472
4 0 -0.5053 0 -2.12854 -0.50459 0 -2.09665 -0.82682 0 -2.17042 -0.51154 0 -2.17277
4 0 -1.26906 0 -2.13323 -0.86351 0 -2.33894 -0.82682 0 -2.17042 -0.98436 0 -1.95447
4 0 -0.82682 0 -2.17042 -0.50459 0 -2.09665 -0.50879 0 -2.06952 -0.52059 0 -2.03627
4 0 -2.84833 0 -2.18206 -2.79782 0 -2.12383 -2.85893 0 -1.96244 -3.54944 0 -2.42786
3 0 -2.84833 0 -2.18206 -3.54944 0 -2.42786 -2.8859 0 -2.24034
3 0 4.81289 0 -2.20011 4.88327 0 -2.28578 4.90146 0 -2.26723
4 0 4.81289 0 -2.20011 4.76573 0 -2.33687 4.81214 0 -2.32367 4.84462 0 -2.31315
3 0 4.81289 0 -2.20011 4.75867 0 -2.33996 4.76573 0 -2.33687
3 0 -2.8859 0 -2.24034 -3.54944 0 -2.42786 -2.8959 0 -2.26375
3 0 -2.48318 0 -2.24587 -2.66358 0 -2.38009 -2.23555 0 -2.73164
4 0 -2.48318 0 -2.24587 -2.23555 0 -2.73164 -2.1306 0 -2.51483 -2.29193 0 -2.1277
4 0 -1.87567 0 -2.25938 -1.79523 0 -2.10876 -1.87243 0 -2.05058 -2.04497 0 -2.28995
4 0 -1.87567 0 -2.25938 -1.71144 0 -2.20883 -1.75876 0 -2.1433 -1.79523 0 -2.10876
3 0 -2.8959 0 -2.26375 -3.54944 0 -2.42786 -2.89932 0 -2.27849
3 0 -2.89932 0 -2.27849 -3.54944 0 -2.42786 -2.89987 0 -2.28811
3 0 -2.89987 0 -2.28811 -3.54944 0 -2.42786 -2.89881 0 -2.29723
4 0 2.35462 0 -2.29485 1.90511 0 -2.15915 1.77433 0 -2.33408 1.71537 0 -2.43156
4 0 4.86151 0 -2.30377 4.88327 0 -2.28578 4.81289 0 -2.20011 4.84462 0 -2.31315
4 0 -2.8952 0 -2.30864 -2.89881 0 -2.29723 -3.54944 0 -2.42786 -2.94735 0 -2.46882
4 0 -1.5456 0 -2.32399 -1.08311 0 -2.65401 -0.86351 0 -2.33894 -1.26906 0 -2.13323
3 0 4.4576 0 -2.33922 4.71991 0 -2.37481 4.73202 0 -2.35947
3 0 4.4576 0 -2.33922 4.7078 0 -2.3969 4.71991 0 -2.37481
3 0 4.4576 0 -2.33922 4.6951 0 -2.43412 4.7078 0 -2.3969
4 0 4.74396 0 -2.34878 3.84144 0 -1.44116 3.95982 0 -1.65549 4.13382 0 -1.89602
4 0 4.74396 0 -2.34878 4.75867 0 -2.33996 4.81289 0 -2.20011 4.73705 0 -2.11875
4 0 4.73202 0 -2.35947 4.74396 0 -2.34878 4.13382 0 -1.89602 4.4576 0 -2.33922
4 0 1.05313 0 -2.39401 1.08172 0 -1.92603 0.38196 0 -2.35487 0.33922 0 -2.41203
4 0 -3.54944 0 -2.42786 -2.85893 0 -1.96244 -2.8192 0 -1.87717 -3.61572 0 -2.02028
3 0 -3.54944 0 -2.42786 -2.97134 0 -2.50466 -2.94735 0 -2.46882
3 0 -3.54944 0 -2.42786 -3.10595 0 -2.69022 -3.06539 0 -2.65526
4 0 4.6951 0 -2.43412 4.4576 0 -2.33922 4.17755 0 -2.61333 4.68775 0 -2.47831
4 0 -2.91482 0 -2.43728 -2.88837 0 -2.32204 -2.8952 0 -2.30864 -2.94735 0 -2.46882
4 0 -2.91482 0 -2.43728 -2.84543 0 -2.38911 -2.87468 0 -2.34309 -2.88837 0 -2.32204
4 0 4.68775 0 -2.47831 4.17755 0 -2.61333 4.05105 0 -2.74249 4.67285 0 -2.79843
4 0 -3.02989 0 -2.60997 -2.97134 0 -2.50466 -3.54944 0 -2.42786 -3.06539 0 -2.65526
4 0 -3.19537 0 -2.74157 -3.10595 0 -2.69022 -3.54944 0 -2.42786 -3.53458 0 -2.59661
4 0 -3.28219 0 -2.77821 -3.19537 0 -2.74157 -3.53458 0 -2.59661 -3.54799 0 -2.77547
4 0 -3.28219 0 -2.77821 -3.54799 0 -2.77547 -3.55616 0 -2.8383 -3.34487 0 -3.10345
4 0 4.67285 0 -2.79843 4.05105 0 -2.74249 3.94417 0 -2.89457 3.93111 0 -2.91537
4 0 -3.34487 0 -3.10345 -3.55616 0 -2.8383 -3.83692 0 -3.14183 -3.42513 0 -3.42497
3 0 -3.83692 0 -3.14183 -4.1033 0 -3.45802 -3.42513 0 -3.42497
0 // Outer box
3 16 -5 0 3.5 -2.37225 0 3.475 -2.36166 0 3.47523
4 16 -5 0 3.5 -4.26514 0 3.45959 -2.389 0 3.4717 -2.37225 0 3.475
3 16 -5 0 3.5 -4.16142 0 2.89374 -4.16639 0 3.08549
4 16 -5 0 3.5 -4.4601 0 2.7137 -4.316 0 2.78634 -4.16142 0 2.89374
3 16 -5 0 3.5 -4.90173 0 2.21964 -4.80797 0 2.2989
3 16 -5 0 3.5 -5 0 -3.5 -4.90173 0 2.21964
3 16 5 0 3.5 -5 0 3.5 -2.36166 0 3.47523
3 16 5 0 3.5 -2.36166 0 3.47523 -2.35188 0 3.47378
4 16 5 0 3.5 -2.35188 0 3.47378 -0.03223 0 2.77905 -0.02789 0 2.77892
3 16 5 0 3.5 -0.02789 0 2.77892 -0.02489 0 2.77832
3 16 5 0 3.5 -0.02489 0 2.77832 -0.02259 0 2.77743
3 16 5 0 3.5 -0.02259 0 2.77743 -0.02071 0 2.77629
3 16 5 0 3.5 -0.02071 0 2.77629 -0.01896 0 2.77473
4 16 5 0 3.5 -0.01896 0 2.77473 -0.01714 0 2.77242 0.78058 0 2.68118
3 16 5 0 3.5 0.89926 0 2.68522 1.03175 0 2.6653
3 16 5 0 3.5 0.78058 0 2.68118 0.89926 0 2.68522
3 16 5 0 3.5 1.03175 0 2.6653 1.12148 0 2.63551
3 16 5 0 3.5 1.12148 0 2.63551 1.24465 0 2.56791
3 16 5 0 3.5 1.24465 0 2.56791 1.25416 0 2.56115
3 16 5 0 3.5 1.25416 0 2.56115 1.25839 0 2.55734
3 16 5 0 3.5 1.25839 0 2.55734 1.25991 0 2.55548
3 16 5 0 3.5 1.25991 0 2.55548 1.26058 0 2.55425
4 16 5 0 3.5 1.26058 0 2.55425 1.26079 0 2.55266 2.33454 0 2.46118
3 16 5 0 3.5 2.33454 0 2.46118 2.4455 0 2.4402
3 16 5 0 3.5 2.4455 0 2.4402 2.6633 0 2.3858
3 16 5 0 3.5 2.6633 0 2.3858 2.80724 0 2.32522
3 16 5 0 3.5 2.80724 0 2.32522 2.80945 0 2.32403
3 16 5 0 3.5 2.80945 0 2.32403 2.89248 0 2.26995
3 16 5 0 3.5 2.89248 0 2.26995 2.96233 0 2.20489
3 16 5 0 3.5 2.96233 0 2.20489 3.02558 0 2.1203
3 16 5 0 3.5 3.02558 0 2.1203 3.08196 0 2.00883
3 16 5 0 3.5 3.08196 0 2.00883 3.12315 0 1.87023
4 16 5 0 3.5 3.12315 0 1.87023 3.13733 0 1.74381 4.28294 0 -0.65445
3 16 5 0 3.5 4.28294 0 -0.65445 4.5307 0 -0.86663
4 16 5 0 3.5 4.5307 0 -0.86663 4.59619 0 -1.21392 4.90146 0 -2.26723
3 16 5 0 3.5 4.90146 0 -2.26723 5 0 -3.5
4 16 -2.35188 0 3.47378 -2.34272 0 3.47074 -0.04229 0 2.7775 -0.03223 0 2.77905
3 16 -2.389 0 3.4717 -4.26514 0 3.45959 -4.1669 0 3.4041
4 16 -2.389 0 3.4717 -4.1669 0 3.4041 -3.94481 0 3.25629 -2.40512 0 3.46665
3 16 -2.34272 0 3.47074 -1.14265 0 3.00223 -0.96291 0 2.97821
3 16 -2.40512 0 3.46665 -3.94481 0 3.25629 -3.64036 0 3.02904
3 16 -2.32675 0 3.45834 -2.32241 0 3.45151 -1.86648 0 2.77663
3 16 -2.32241 0 3.45151 -2.31811 0 3.44215 -1.86648 0 2.77663
3 16 -2.31811 0 3.44215 -2.31367 0 3.42985 -1.86648 0 2.77663
4 16 -4.20026 0 3.26279 -4.26514 0 3.45959 -5 0 3.5 -4.16639 0 3.08549
4 16 -1.32052 0 2.99593 -1.14265 0 3.00223 -2.34272 0 3.47074 -2.33647 0 3.4674
4 16 -1.49927 0 2.95559 -1.32052 0 2.99593 -2.33647 0 3.4674 -2.33124 0 3.46335
4 16 -0.77416 0 2.92568 -0.04229 0 2.7775 -2.34272 0 3.47074 -0.96291 0 2.97821
3 16 -2.1412 0 2.90571 -2.30071 0 2.84368 -2.30441 0 2.83333
3 16 -2.1412 0 2.90571 -2.30441 0 2.83333 -2.3391 0 2.74848
3 16 -2.1412 0 2.90571 -2.05444 0 2.77635 -2.04073 0 2.77447
3 16 -2.1412 0 2.90571 -2.05912 0 2.77614 -2.05444 0 2.77635
3 16 -2.1412 0 2.90571 -2.06166 0 2.77557 -2.05912 0 2.77614
3 16 -2.1412 0 2.90571 -2.06328 0 2.77489 -2.06166 0 2.77557
3 16 -2.1412 0 2.90571 -2.04073 0 2.77447 -1.98311 0 2.76654
3 16 -2.1412 0 2.90571 -2.06466 0 2.774 -2.06328 0 2.77489
3 16 -2.1412 0 2.90571 -2.06577 0 2.77296 -2.06466 0 2.774
3 16 -2.1412 0 2.90571 -2.06673 0 2.77166 -2.06577 0 2.77296
4 16 -2.1412 0 2.90571 -1.98311 0 2.76654 -1.86648 0 2.77663 -2.31367 0 3.42985
3 16 -2.1412 0 2.90571 -2.3391 0 2.74848 -2.38343 0 2.68121
3 16 -2.1412 0 2.90571 -2.56547 0 2.42918 -2.44548 0 2.48583
3 16 -3.29326 0 2.8939 -3.31 0 2.89275 -3.26659 0 2.65804
4 16 -3.29326 0 2.8939 -3.17558 0 2.73052 -3.17311 0 2.74749 -3.27508 0 2.89228
3 16 -3.29326 0 2.8939 -3.2257 0 2.67064 -3.20934 0 2.68091
3 16 -4.16142 0 2.89374 -4.316 0 2.78634 -4.16322 0 2.83851
4 16 -3.31 0 2.89275 -3.41059 0 2.78897 -3.41117 0 2.76726 -3.40763 0 2.74531
3 16 -3.31 0 2.89275 -3.40763 0 2.74531 -3.40026 0 2.72475
4 16 -3.31 0 2.89275 -3.40026 0 2.72475 -3.38916 0 2.70579 -3.37523 0 2.68968
4 16 -3.31 0 2.89275 -3.37523 0 2.68968 -3.35979 0 2.67718 -3.34274 0 2.66779
3 16 -3.31 0 2.89275 -3.34274 0 2.66779 -3.32241 0 2.6609
4 16 -3.31 0 2.89275 -3.32241 0 2.6609 -3.2945 0 2.65689 -3.26659 0 2.65804
4 16 -3.27508 0 2.89228 -3.17364 0 2.7692 -3.17974 0 2.79876 -3.25509 0 2.88687
3 16 -3.27508 0 2.89228 -3.17311 0 2.74749 -3.17364 0 2.7692
4 16 -1.65683 0 2.88811 -2.32675 0 3.45834 -1.86648 0 2.77663 -1.82872 0 2.78138
4 16 -1.65683 0 2.88811 -1.49927 0 2.95559 -2.33124 0 3.46335 -2.32675 0 3.45834
4 16 -3.25509 0 2.88687 -3.19131 0 2.82649 -3.20735 0 2.85112 -3.23859 0 2.87899
3 16 -3.25509 0 2.88687 -3.17974 0 2.79876 -3.19131 0 2.82649
3 16 -3.23859 0 2.87899 -3.20735 0 2.85112 -3.2233 0 2.86791
4 16 -3.35141 0 2.87851 -3.36968 0 2.86563 -3.40603 0 2.81042 -3.33131 0 2.8876
3 16 -0.49428 0 2.81516 -0.35594 0 2.77086 -0.20258 0 2.75625
4 16 -3.40603 0 2.81042 -3.36968 0 2.86563 -3.38517 0 2.84967 -3.39742 0 2.83112
4 16 -3.41059 0 2.78897 -3.31 0 2.89275 -3.33131 0 2.8876 -3.40603 0 2.81042
4 16 -0.04998 0 2.77537 -0.04229 0 2.7775 -0.77416 0 2.92568 -0.49428 0 2.81516
4 16 -0.05976 0 2.77216 -0.04998 0 2.77537 -0.49428 0 2.81516 -0.20258 0 2.75625
3 16 -0.05976 0 2.77216 -0.20258 0 2.75625 -0.11089 0 2.75877
4 16 -2.06766 0 2.76975 -2.06673 0 2.77166 -2.1412 0 2.90571 -2.44548 0 2.48583
3 16 -2.06766 0 2.76975 -2.44548 0 2.48583 -2.06834 0 2.76729
3 16 -0.01519 0 2.76873 0.43027 0 2.59581 0.64109 0 2.65137
3 16 -2.06834 0 2.76729 -2.44548 0 2.48583 -2.06871 0 2.76377
3 16 -2.06871 0 2.76377 -2.44548 0 2.48583 -2.06855 0 2.75921
4 16 -0.01314 0 2.76223 -0.01125 0 2.74821 0.11817 0 2.58556 0.24753 0 2.57627
3 16 -2.06855 0 2.75921 -2.44548 0 2.48583 -2.06529 0 2.74354
4 16 -2.39612 0 2.75681 -2.4137 0 2.79937 -2.51783 0 2.76392 -2.52948 0 2.68939
3 16 -0.01125 0 2.74821 -0.00936 0 2.68177 0.11817 0 2.58556
3 16 -2.06529 0 2.74354 -2.44548 0 2.48583 -2.04205 0 2.67716
4 16 -3.18005 0 2.71693 -3.17558 0 2.73052 -3.29326 0 2.8939 -3.1875 0 2.70349
4 16 -2.38532 0 2.69638 -2.39612 0 2.75681 -2.52948 0 2.68939 -2.38343 0 2.68121
4 16 -3.19694 0 2.69191 -3.1875 0 2.70349 -3.29326 0 2.8939 -3.20934 0 2.68091
3 16 -2.52948 0 2.68939 -2.54411 0 2.64815 -2.38343 0 2.68121
4 16 -2.60361 0 2.68011 -2.63082 0 2.71961 -3.04882 0 2.56083 -2.58783 0 2.64329
4 16 -0.01211 0 2.66314 -0.02334 0 2.62436 -0.01957 0 2.60717 -0.01719 0 2.60533
4 16 -0.01211 0 2.66314 -0.01719 0 2.60533 -0.01335 0 2.60338 -0.00626 0 2.60123
3 16 -0.01211 0 2.66314 -0.00626 0 2.60123 0.01687 0 2.59857
4 16 -3.24485 0 2.66283 -3.2257 0 2.67064 -3.29326 0 2.8939 -3.26659 0 2.65804
4 16 0.64109 0 2.65137 0.78058 0 2.68118 -0.01714 0 2.77242 -0.01519 0 2.76873
3 16 -2.02681 0 2.63222 -2.03791 0 2.55888 -1.98787 0 2.56263
3 16 -0.02334 0 2.62436 -0.0238 0 2.6199 -0.01957 0 2.60717
4 16 -0.02368 0 2.61587 -0.02311 0 2.61298 -0.01957 0 2.60717 -0.0238 0 2.6199
4 16 -0.01957 0 2.60717 -0.02311 0 2.61298 -0.02226 0 2.61077 -0.02116 0 2.60896
4 16 -2.5747 0 2.59554 -2.69538 0 2.33696 -2.38343 0 2.68121 -2.54411 0 2.64815
4 16 0.11817 0 2.58556 -0.00936 0 2.68177 -0.01211 0 2.66314 0.01687 0 2.59857
4 16 0.24753 0 2.57627 0.43027 0 2.59581 -0.01519 0 2.76873 -0.01314 0 2.76223
4 16 -3.04882 0 2.56083 -2.69538 0 2.33696 -2.5747 0 2.59554 -2.58783 0 2.64329
3 16 -3.04882 0 2.56083 -2.77262 0 1.97593 -2.69538 0 2.33696
4 16 -2.03791 0 2.55888 -2.02681 0 2.63222 -2.03629 0 2.65884 -2.27508 0 2.53107
3 16 1.26079 0 2.55266 2.16847 0 2.43623 2.33454 0 2.46118
3 16 1.26079 0 2.55266 2.01429 0 2.39877 2.16847 0 2.43623
3 16 1.26079 0 2.55266 1.88812 0 2.34571 2.01429 0 2.39877
3 16 1.25897 0 2.55075 1.25731 0 2.5502 1.65915 0 2.16316
3 16 1.25731 0 2.5502 1.25305 0 2.54955 1.65915 0 2.16316
4 16 1.22786 0 2.54973 1.17997 0 2.54788 0.88099 0 1.50114 0.91683 0 1.47375
4 16 1.17997 0 2.54788 1.14523 0 2.53981 0.84129 0 1.5214 0.88099 0 1.50114
4 16 1.08095 0 2.51214 0.79735 0 1.53477 0.84129 0 1.5214 1.14523 0 2.53981
4 16 -2.44548 0 2.48583 -2.27508 0 2.53107 -2.03629 0 2.65884 -2.04205 0 2.67716
4 16 0.98692 0 2.45205 0.7504 0 1.54073 0.79735 0 1.53477 1.08095 0 2.51214
4 16 -4.66188 0 2.44917 -4.4601 0 2.7137 -5 0 3.5 -4.80797 0 2.2989
4 16 -2.69538 0 2.33696 -2.56547 0 2.42918 -2.1412 0 2.90571 -2.38343 0 2.68121
4 16 -2.60385 0 2.32347 -2.69538 0 2.33696 -2.77262 0 1.97593 -2.37604 0 1.93162
3 16 -2.60385 0 2.32347 -2.37604 0 1.93162 -2.40531 0 2.26983
4 16 0.8101 0 2.30017 0.6963 0 1.53858 0.7504 0 1.54073 0.98692 0 2.45205
4 16 1.76648 0 2.26568 1.88812 0 2.34571 1.26079 0 2.55266 1.26016 0 2.55151
4 16 0.66808 0 2.2076 0.63725 0 1.52604 0.6963 0 1.53858 0.8101 0 2.30017
4 16 2.27833 0 2.16892 2.01877 0 1.4289 2.44314 0 2.15325 2.31897 0 2.17538
4 16 1.65915 0 2.16316 1.25305 0 2.54955 1.22786 0 2.54973 1.57002 0 2.03998
4 16 1.65915 0 2.16316 1.76648 0 2.26568 1.26016 0 2.55151 1.25897 0 2.55075
3 16 -4.60264 0 2.1613 -4.67416 0 2.15018 -4.66233 0 2.05401
4 16 -4.75712 0 2.15937 -4.68748 0 1.96224 -4.68036 0 2.00383 -4.71509 0 2.15081
3 16 -0.6455 0 2.15343 -0.70976 0 2.12035 -0.64255 0 2.15303
4 16 2.44314 0 2.15325 2.01877 0 1.4289 2.02656 0 1.42496 2.54429 0 2.12199
3 16 -0.65675 0 2.15175 -0.66897 0 2.14664 -0.70976 0 2.12035
3 16 -0.63768 0 2.15099 -0.70976 0 2.12035 -0.63583 0 2.14955
4 16 -4.71509 0 2.15081 -4.68036 0 2.00383 -4.66233 0 2.05401 -4.67416 0 2.15018
3 16 -0.43753 0 2.14946 -0.54684 0 2.01297 -0.42982 0 2.14808
4 16 -0.62969 0 2.13884 -0.63207 0 2.14453 -0.70976 0 2.12035 -0.62708 0 2.12946
4 16 0.50794 0 2.13815 0.57689 0 1.5015 0.63725 0 1.52604 0.66808 0 2.2076
4 16 2.10924 0 2.13236 2.01164 0 1.43104 2.01877 0 1.4289 2.27833 0 2.16892
4 16 2.54429 0 2.12199 2.02656 0 1.42496 2.03506 0 1.4187 2.61319 0 2.08566
4 16 -0.70976 0 2.12035 -0.6455 0 2.15343 -0.64997 0 2.15326 -0.65675 0 2.15175
4 16 -0.70976 0 2.12035 -0.63768 0 2.15099 -0.64 0 2.15222 -0.64255 0 2.15303
4 16 -0.70976 0 2.12035 -0.63207 0 2.14453 -0.63393 0 2.14746 -0.63583 0 2.14955
4 16 -0.70976 0 2.12035 -0.8107 0 2.05883 -0.62091 0 2.10426 -0.62708 0 2.12946
4 16 0.32287 0 2.08973 0.52864 0 1.47132 0.57689 0 1.5015 0.50794 0 2.13815
4 16 -0.61415 0 2.08856 -0.62091 0 2.10426 -0.8107 0 2.05883 -1.07426 0 0.84896
4 16 2.61319 0 2.08566 2.03506 0 1.4187 2.05508 0 1.3984 2.68001 0 2.03294
4 16 -0.1015 0 2.07932 0.45006 0 1.38632 0.4864 0 1.43361 0.12105 0 2.06932
3 16 -0.1015 0 2.07932 0.42398 0 1.33509 0.45006 0 1.38632
3 16 -0.1015 0 2.07932 -0.15975 0 0.88899 -0.12758 0 0.76222
3 16 -3.11714 0 2.07802 -3.05299 0 1.97234 -2.85027 0 1.80089
3 16 -0.60359 0 2.07256 -1.01501 0 0.8965 -0.58115 0 2.0472
4 16 0.12105 0 2.06932 0.4864 0 1.43361 0.52864 0 1.47132 0.32287 0 2.08973
4 16 -0.8107 0 2.05883 -0.8669 0 2.03815 -1.36839 0 0.9611 -1.07426 0 0.84896
4 16 -0.53335 0 2.05825 -0.54684 0 2.01297 -0.48861 0 2.12131 -0.52191 0 2.0801
4 16 1.95597 0 2.05575 1.99705 0 1.43129 2.00435 0 1.43184 2.01943 0 2.09629
4 16 1.57002 0 2.03998 1.22786 0 2.54973 0.91683 0 1.47375 0.94048 0 1.44835
3 16 1.57002 0 2.03998 0.94048 0 1.44835 1.48372 0 1.86459
3 16 -0.8669 0 2.03815 -0.98506 0 2.01725 -1.36839 0 0.9611
4 16 2.68001 0 2.03294 2.05508 0 1.3984 2.09844 0 1.35753 2.14098 0 1.33072
4 16 2.68001 0 2.03294 2.14098 0 1.33072 2.21256 0 1.30076 2.27644 0 1.28365
4 16 -2.26157 0 2.03058 -2.17959 0 2.17667 -2.40531 0 2.26983 -2.37604 0 1.93162
3 16 -0.98506 0 2.01725 -1.14538 0 1.99331 -1.36839 0 0.9611
4 16 -0.54684 0 2.01297 -0.43753 0 2.14946 -0.44398 0 2.14951 -0.45073 0 2.14829
4 16 -0.54684 0 2.01297 -0.45073 0 2.14829 -0.45262 0 2.14772 -0.46001 0 2.1446
4 16 -0.54684 0 2.01297 -0.46001 0 2.1446 -0.4711 0 2.13746 -0.48861 0 2.12131
4 16 -0.54684 0 2.01297 -0.33181 0 2.10687 -0.42102 0 2.14514 -0.42982 0 2.14808
4 16 -0.54684 0 2.01297 -0.58115 0 2.0472 -1.01501 0 0.8965 -0.5306 0 0.87096
3 16 -1.74115 0 2.01238 -1.36839 0 0.9611 -1.52518 0 1.97423
3 16 -1.14538 0 1.99331 -1.34129 0 1.96978 -1.36839 0 0.9611
4 16 1.88516 0 1.98883 1.98946 0 1.42936 1.99705 0 1.43129 1.95597 0 2.05575
3 16 -1.52518 0 1.97423 -1.36839 0 0.9611 -1.34129 0 1.96978
3 16 -3.05299 0 1.97234 -2.97917 0 1.82835 -2.85027 0 1.80089
4 16 2.73772 0 1.96744 2.68001 0 2.03294 2.27644 0 1.28365 2.78417 0 1.8897
4 16 -4.68639 0 1.90999 -4.68748 0 1.96224 -4.75712 0 2.15937 -4.76289 0 1.28469
4 16 -4.68639 0 1.90999 -4.75058 0 1.3158 -4.71134 0 1.38773 -4.66043 0 1.78446
3 16 -4.68639 0 1.90999 -4.76289 0 1.28469 -4.75058 0 1.3158
4 16 1.80452 0 1.87925 1.97942 0 1.4248 1.98946 0 1.42936 1.88516 0 1.98883
3 16 1.48372 0 1.86459 0.94048 0 1.44835 1.48284 0 1.86244
4 16 2.81428 0 1.80628 2.78417 0 1.8897 2.27644 0 1.28365 2.82626 0 1.72935
4 16 -2.85027 0 1.80089 -2.97917 0 1.82835 -2.9318 0 1.67492 -2.89944 0 1.60671
3 16 -4.66043 0 1.78446 -4.71134 0 1.38773 -4.63736 0 1.64082
4 16 -2.31918 0 1.747 -1.95587 0 2.07858 -2.17959 0 2.17667 -2.26157 0 2.03058
4 16 -2.31918 0 1.747 -2.85027 0 1.80089 -2.89944 0 1.60671 -2.85923 0 1.55099
3 16 -2.31918 0 1.747 -2.85923 0 1.55099 -2.81228 0 1.50613
4 16 -2.31918 0 1.747 -2.81228 0 1.50613 -2.74972 0 1.46422 -2.65195 0 1.42063
4 16 -2.31918 0 1.747 -2.65195 0 1.42063 -2.54891 0 1.38849 -2.28241 0 1.33368
4 16 -2.31918 0 1.747 -2.28241 0 1.33368 -1.82579 0 1.07828 -1.36839 0 0.9611
3 16 3.13733 0 1.74381 3.1298 0 1.62598 4.28294 0 -0.65445
4 16 1.72726 0 1.73602 1.96623 0 1.41562 1.97942 0 1.4248 1.80452 0 1.87925
3 16 1.72726 0 1.73602 1.94594 0 1.39533 1.96623 0 1.41562
4 16 2.82331 0 1.65199 2.82626 0 1.72935 2.27644 0 1.28365 2.36431 0 1.27373
3 16 3.1298 0 1.62598 3.09971 0 1.50408 4.28294 0 -0.65445
4 16 2.80669 0 1.57879 2.82331 0 1.65199 2.36431 0 1.27373 2.4522 0 1.27996
4 16 2.80669 0 1.57879 2.4522 0 1.27996 2.53403 0 1.30103 2.77574 0 1.50624
4 16 1.38188 0 1.57586 0.9565 0 1.42457 0.96664 0 1.40271 1.2947 0 1.34701
4 16 -4.63821 0 1.56973 -4.63736 0 1.64082 -4.71134 0 1.38773 -4.64677 0 1.51636
3 16 -4.64677 0 1.51636 -4.71134 0 1.38773 -4.66379 0 1.46844
4 16 3.09971 0 1.50408 3.32074 0 0.59124 3.43686 0 0.39815 4.28294 0 -0.65445
3 16 -3.20317 0 1.49886 -3.19594 0 1.47668 -3.11311 0 1.40918
4 16 0.94048 0 1.44835 0.9565 0 1.42457 1.38188 0 1.57586 1.48284 0 1.86244
4 16 2.73206 0 1.44074 2.77574 0 1.50624 2.53403 0 1.30103 2.67669 0 1.38366
4 16 2.00435 0 1.43184 2.01164 0 1.43104 2.10924 0 2.13236 2.01943 0 2.09629
4 16 -3.11311 0 1.40918 -3.19594 0 1.47668 -3.15896 0 1.33447 -2.96852 0 1.18645
3 16 -3.11311 0 1.40918 -2.96852 0 1.18645 -3.02602 0 1.34077
3 16 0.96664 0 1.40271 0.97228 0 1.38239 1.2947 0 1.34701
3 16 2.67669 0 1.38366 2.53403 0 1.30103 2.60969 0 1.33599
4 16 0.72525 0 1.38267 0.7243 0 1.4177 0.71747 0 1.41345 0.65071 0 1.36644
4 16 0.72525 0 1.38267 0.65071 0 1.36644 0.62502 0 1.33996 0.7285 0 1.35507
3 16 0.97228 0 1.38239 0.97423 0 1.36248 1.2947 0 1.34701
4 16 1.92542 0 1.36866 1.94594 0 1.39533 1.72726 0 1.73602 1.62001 0 1.47575
3 16 0.97423 0 1.36248 0.97401 0 1.35462 1.2947 0 1.34701
4 16 0.7285 0 1.35507 0.62502 0 1.33996 0.60947 0 1.31658 0.73423 0 1.33366
4 16 -2.59407 0 1.35328 -2.67253 0 1.30173 -2.54576 0 1.14117 -2.46499 0 1.18069
3 16 -2.59407 0 1.35328 -2.46499 0 1.18069 -2.37823 0 1.24391
4 16 1.2947 0 1.34701 0.97401 0 1.35462 0.9709 0 1.33473 1.21866 0 1.20643
3 16 -3.02602 0 1.34077 -2.96852 0 1.18645 -2.95248 0 1.30135
3 16 0.96478 0 1.31695 0.95546 0 1.30038 1.13795 0 1.10202
4 16 0.7425 0 1.31582 0.73423 0 1.33366 0.60947 0 1.31658 0.59768 0 1.28924
3 16 0.7425 0 1.31582 0.59768 0 1.28924 0.5895 0 1.25468
4 16 0.7425 0 1.31582 0.5895 0 1.25468 0.58721 0 1.21547 0.59204 0 1.17482
3 16 -2.95248 0 1.30135 -2.96852 0 1.18645 -2.87425 0 1.27611
4 16 0.75458 0 1.29868 0.7425 0 1.31582 0.59204 0 1.17482 0.60577 0 1.12934
4 16 0.94397 0 1.28666 1.06115 0 1.03092 1.13795 0 1.10202 0.95546 0 1.30038
4 16 -4.76289 0 1.28469 -4.75712 0 2.15937 -4.90173 0 2.21964 -5 0 -3.5
3 16 -4.76289 0 1.28469 -5 0 -3.5 -4.57236 0 0.63628
4 16 0.77051 0 1.28285 0.75458 0 1.29868 0.60577 0 1.12934 0.61802 0 1.10189
4 16 0.77051 0 1.28285 0.61802 0 1.10189 0.64951 0 1.05015 0.79042 0 1.26914
4 16 0.40629 0 1.27754 0.42398 0 1.33509 -0.1015 0 2.07932 0.17377 0 0.91603
3 16 0.40629 0 1.27754 0.17377 0 0.91603 0.39827 0 1.2124
4 16 -4.45641 0 1.27701 -4.39142 0 1.4383 -4.466 0 1.38997 -4.57237 0 1.31479
4 16 0.92732 0 1.27297 0.99774 0 0.98903 1.06115 0 1.03092 0.94397 0 1.28666
3 16 -2.76657 0 1.27024 -2.76123 0 1.11823 -2.69342 0 1.11208
4 16 0.90839 0 1.26269 0.94355 0 0.96503 0.99774 0 0.98903 0.92732 0 1.27297
3 16 0.81228 0 1.25951 0.67688 0 1.019 0.70772 0 0.99437
4 16 0.81228 0 1.25951 0.70772 0 0.99437 0.75073 0 0.97156 0.7994 0 0.95631
3 16 0.88774 0 1.25594 0.86166 0 1.25249 0.89149 0 0.95247
4 16 0.88774 0 1.25594 0.89149 0 0.95247 0.94355 0 0.96503 0.90839 0 1.26269
4 16 0.83559 0 1.25393 0.81228 0 1.25951 0.7994 0 0.95631 0.84662 0 0.95025
4 16 0.86166 0 1.25249 0.83559 0 1.25393 0.84662 0 0.95025 0.89149 0 0.95247
4 16 -2.37823 0 1.24391 -2.28241 0 1.33368 -2.54891 0 1.38849 -2.59407 0 1.35328
4 16 1.51799 0 1.23399 1.68084 0 1.05223 1.7517 0 1.11198 1.81526 0 1.18995
3 16 -4.0813 0 1.22904 -4.08221 0 1.22874 -4.07873 0 1.22892
4 16 -4.07873 0 1.22892 -4.07987 0 1.22914 -4.0813 0 1.22904 -4.07782 0 1.2285
4 16 -4.07782 0 1.2285 -4.08221 0 1.22874 -4.08328 0 1.22816 -4.08494 0 1.22682
4 16 -4.07689 0 1.22787 -4.07782 0 1.2285 -4.08494 0 1.22682 -4.08689 0 1.22458
4 16 -4.07555 0 1.22656 -4.07689 0 1.22787 -4.08689 0 1.22458 -4.07366 0 1.22392
4 16 -4.08939 0 1.22078 -4.07065 0 1.21757 -4.07366 0 1.22392 -4.08689 0 1.22458
3 16 0.39827 0 1.2124 0.17377 0 0.91603 0.40219 0 1.14465
4 16 1.21866 0 1.20643 0.9709 0 1.33473 0.96478 0 1.31695 1.13795 0 1.10202
4 16 -4.09915 0 1.19772 -4.06141 0 1.18413 -4.07065 0 1.21757 -4.08939 0 1.22078
4 16 1.81526 0 1.18995 1.92542 0 1.36866 1.62001 0 1.47575 1.51799 0 1.23399
3 16 2.93382 0 1.1885 2.83979 0 1.0532 3.03713 0 0.89743
4 16 -2.96852 0 1.18645 -3.15896 0 1.33447 -3.15207 0 1.22582 -2.97651 0 1.11488
4 16 -2.96852 0 1.18645 -2.86755 0 1.14713 -2.81498 0 1.26828 -2.87425 0 1.27611
3 16 -3.36175 0 1.16982 -3.05225 0 0.96134 -3.16846 0 1.0816
4 16 -2.27506 0 1.1563 -1.94706 0 0.93975 -1.82579 0 1.07828 -2.28241 0 1.33368
3 16 0.40219 0 1.14465 0.17377 0 0.91603 0.41881 0 1.07757
4 16 -4.49146 0 1.14272 -4.45641 0 1.27701 -4.57237 0 1.31479 -4.60853 0 1.2975
4 16 -4.11946 0 1.1264 -4.04123 0 1.0645 -4.06141 0 1.18413 -4.09915 0 1.19772
4 16 -2.76123 0 1.11823 -2.76657 0 1.27024 -2.81498 0 1.26828 -2.86755 0 1.14713
4 16 -2.62845 0 1.11789 -2.54576 0 1.14117 -2.67253 0 1.30173 -2.72375 0 1.2798
4 16 -2.97651 0 1.11488 -3.15207 0 1.22582 -3.16846 0 1.0816 -2.98895 0 1.06573
4 16 -2.69342 0 1.11208 -2.62845 0 1.11789 -2.72375 0 1.2798 -2.76657 0 1.27024
4 16 -3.52439 0 1.08579 -3.56503 0 1.23226 -3.69458 0 1.11557 -3.65087 0 0.94294
4 16 -3.16846 0 1.0816 -3.05225 0 0.96134 -3.01274 0 1.01552 -2.98895 0 1.06573
4 16 1.42816 0 1.07957 1.5844 0 0.99813 1.68084 0 1.05223 1.51799 0 1.23399
4 16 -3.77536 0 1.03589 -3.80218 0 0.99763 -3.65087 0 0.94294 -3.69458 0 1.11557
4 16 0.44513 0 1.02051 0.41881 0 1.07757 0.17377 0 0.91603 0.18795 0 0.89654
4 16 0.44513 0 1.02051 0.18795 0 0.89654 0.247 0 0.82603 0.28225 0 0.79718
4 16 0.67688 0 1.019 0.81228 0 1.25951 0.79042 0 1.26914 0.64951 0 1.05015
4 16 -4.15245 0 1.00577 -4.04098 0 0.95229 -4.04123 0 1.0645 -4.11946 0 1.1264
4 16 -2.29226 0 1.0044 -2.07968 0 0.82568 -1.94706 0 0.93975 -2.27506 0 1.1563
4 16 -3.32172 0 0.99503 -3.36175 0 1.16982 -3.56503 0 1.23226 -3.52439 0 1.08579
4 16 -3.32172 0 0.99503 -3.12734 0 0.88748 -3.05225 0 0.96134 -3.36175 0 1.16982
4 16 -1.82526 0 0.98096 -1.55259 0 0.7096 -1.36839 0 0.9611 -1.82579 0 1.07828
4 16 1.33915 0 0.9763 1.36578 0 0.91226 1.5844 0 0.99813 1.42816 0 1.07957
3 16 1.33915 0 0.9763 1.18467 0 0.85068 1.36578 0 0.91226
4 16 -1.36839 0 0.9611 -1.74115 0 2.01238 -1.95587 0 2.07858 -2.31918 0 1.747
4 16 -4.50621 0 0.95865 -4.49146 0 1.14272 -4.60853 0 1.2975 -4.64452 0 1.2881
4 16 0.4906 0 0.95713 0.44513 0 1.02051 0.28225 0 0.79718 0.31501 0 0.77937
4 16 0.4906 0 0.95713 0.50732 0 0.79951 0.54077 0 0.82969 0.57627 0 0.86879
3 16 0.4906 0 0.95713 0.31501 0 0.77937 0.35294 0 0.76749
4 16 0.4906 0 0.95713 0.35294 0 0.76749 0.3928 0 0.76283 0.42607 0 0.76475
3 16 0.4906 0 0.95713 0.42607 0 0.76475 0.45532 0 0.77146
4 16 -3.65087 0 0.94294 -3.80218 0 0.99763 -3.82361 0 0.95131 -3.84477 0 0.86119
4 16 -4.18829 0 0.91602 -4.03559 0 0.88254 -4.04098 0 0.95229 -4.15245 0 1.00577
4 16 -4.18829 0 0.91602 -4.224 0 0.86051 -4.15809 0 0.78983 -4.03559 0 0.88254
4 16 -1.01501 0 0.8965 -0.60359 0 2.07256 -0.61415 0 2.08856 -1.07426 0 0.84896
3 16 -1.01501 0 0.8965 -0.62338 0 0.80115 -0.5306 0 0.87096
4 16 -0.15975 0 0.88899 -0.1015 0 2.07932 -0.25277 0 2.09336 -0.20431 0 0.80888
3 16 -4.03559 0 0.88254 -4.15809 0 0.78983 -4.02569 0 0.84448
3 16 -4.224 0 0.86051 -4.26142 0 0.82127 -4.15809 0 0.78983
4 16 -0.52814 0 0.85594 -0.23594 0 0.69272 -0.2249 0 0.75526 -0.5306 0 0.87096
4 16 -2.33772 0 0.84679 -2.23788 0 0.73199 -2.07968 0 0.82568 -2.29226 0 1.0044
3 16 -2.33772 0 0.84679 -2.41661 0 0.65462 -2.23788 0 0.73199
4 16 -3.73144 0 0.82957 -3.65087 0 0.94294 -3.84477 0 0.86119 -3.85485 0 0.80703
4 16 0.14293 0 0.8205 0.17377 0 0.91603 -0.1015 0 2.07932 -0.12758 0 0.76222
4 16 -4.01408 0 0.81958 -4.02569 0 0.84448 -4.15809 0 0.78983 -4.10768 0 0.71022
4 16 -1.11098 0 0.81117 -1.07426 0 0.84896 -1.36839 0 0.9611 -1.36644 0 0.92314
4 16 -0.20431 0 0.80888 -0.25277 0 2.09336 -0.33181 0 2.10687 -0.2249 0 0.75526
4 16 -0.99086 0 0.80083 -0.96497 0 0.73713 -0.74517 0 0.63863 -0.6787 0 0.74207
4 16 -3.99714 0 0.79591 -4.01408 0 0.81958 -4.10768 0 0.71022 -4.06642 0 0.66193
4 16 -1.8454 0 0.79313 -1.62445 0 0.62589 -1.55259 0 0.7096 -1.82526 0 0.98096
3 16 -1.8454 0 0.79313 -1.67259 0 0.5873 -1.62445 0 0.62589
3 16 -1.8454 0 0.79313 -1.8925 0 0.5104 -1.83116 0 0.52483
4 16 -4.15809 0 0.78983 -4.26142 0 0.82127 -4.31742 0 0.77953 -4.20897 0 0.49701
4 16 -3.98511 0 0.78311 -3.99714 0 0.79591 -4.06642 0 0.66193 -4.01843 0 0.62282
4 16 0.48115 0 0.78248 0.50732 0 0.79951 0.4906 0 0.95713 0.45532 0 0.77146
4 16 -1.13734 0 0.77143 -1.11098 0 0.81117 -1.36644 0 0.92314 -1.3494 0 0.77376
4 16 -1.13734 0 0.77143 -1.3494 0 0.77376 -1.33217 0 0.71708 -1.19863 0 0.63666
4 16 -4.53684 0 0.76342 -4.50621 0 0.95865 -4.64452 0 1.2881 -4.6968 0 1.28343
4 16 -0.2249 0 0.75526 -0.33181 0 2.10687 -0.54684 0 2.01297 -0.5306 0 0.87096
4 16 -3.94563 0 0.75138 -3.98511 0 0.78311 -4.01843 0 0.62282 -3.96678 0 0.59421
3 16 -3.94563 0 0.75138 -3.96678 0 0.59421 -3.91947 0 0.73629
4 16 3.19329 0 0.75063 3.03551 0 1.35644 2.93382 0 1.1885 3.03713 0 0.89743
4 16 3.19329 0 0.75063 3.32074 0 0.59124 3.09971 0 1.50408 3.03551 0 1.35644
3 16 -3.87419 0 0.75021 -3.87998 0 0.74244 -3.79884 0 0.6313
4 16 -3.77096 0 0.74518 -3.73144 0 0.82957 -3.85485 0 0.80703 -3.86692 0 0.76484
4 16 -3.77096 0 0.74518 -3.86692 0 0.76484 -3.87419 0 0.75021 -3.79884 0 0.6313
3 16 -3.87998 0 0.74244 -3.88446 0 0.73822 -3.79884 0 0.6313
4 16 -0.6787 0 0.74207 -0.62338 0 0.80115 -1.01501 0 0.8965 -0.99086 0 0.80083
3 16 -3.88446 0 0.73822 -3.88631 0 0.73686 -3.79884 0 0.6313
4 16 -3.91005 0 0.73306 -3.91947 0 0.73629 -3.96678 0 0.59421 -3.90215 0 0.57254
3 16 -3.91005 0 0.73306 -3.90215 0 0.57254 -3.90554 0 0.73226
3 16 -3.89532 0 0.73281 -3.90008 0 0.7321 -3.90215 0 0.57254
3 16 -3.90554 0 0.73226 -3.90215 0 0.57254 -3.90008 0 0.7321
4 16 -0.10141 0 0.70526 0.13372 0 0.70203 0.14293 0 0.8205 -0.12758 0 0.76222
4 16 -0.10141 0 0.70526 -0.07098 0 0.66007 0.11174 0 0.60031 0.12796 0 0.65198
3 16 -0.10141 0 0.70526 0.12796 0 0.65198 0.13372 0 0.70203
4 16 -0.23594 0 0.69272 -0.52814 0 0.85594 -0.495 0 0.70958 -0.46215 0 0.63484
4 16 -0.23594 0 0.69272 -0.46215 0 0.63484 -0.41888 0 0.57013 -0.35569 0 0.50671
4 16 -0.74517 0 0.63863 -0.96497 0 0.73713 -0.93017 0 0.68266 -0.87483 0 0.62312
3 16 -0.74517 0 0.63863 -0.87483 0 0.62312 -0.78789 0 0.55547
4 16 -1.19863 0 0.63666 -1.33217 0 0.71708 -1.31132 0 0.67737 -1.27791 0 0.63458
3 16 -1.19863 0 0.63666 -1.27791 0 0.63458 -1.22624 0 0.58251
4 16 -4.57236 0 0.63628 -4.53684 0 0.76342 -4.6968 0 1.28343 -4.76289 0 1.28469
4 16 -4.57236 0 0.63628 -5 0 -3.5 -4.21527 0 -0.12884 -4.22173 0 -0.04084
4 16 -3.79884 0 0.6313 -3.88631 0 0.73686 -3.89064 0 0.73442 -3.81027 0 0.55472
4 16 0.11174 0 0.60031 -0.07098 0 0.66007 -0.03465 0 0.62224 0.01571 0 0.58597
3 16 0.11174 0 0.60031 0.01571 0 0.58597 0.08801 0 0.54645
4 16 -3.90215 0 0.57254 -3.81027 0 0.55472 -3.89064 0 0.73442 -3.89532 0 0.73281
4 16 -1.72831 0 0.55788 -1.67259 0 0.5873 -1.8454 0 0.79313 -1.83116 0 0.52483
4 16 -4.20897 0 0.49701 -4.31742 0 0.77953 -4.47143 0 0.68972 -4.23031 0 0.23705
4 16 -0.25935 0 0.46888 -0.23594 0 0.69272 -0.35569 0 0.50671 -0.26457 0 0.43904
3 16 3.43686 0 0.39815 3.54768 0 0.15948 4.28294 0 -0.65445
4 16 -4.22173 0 -0.04084 -4.23031 0 0.23705 -4.47143 0 0.68972 -4.57236 0 0.63628
4 16 3.95017 0 -0.55546 4.08059 0 -0.62817 3.65192 0 -0.11994 3.75323 0 -0.43396
4 16 4.13473 0 -0.64689 4.1886 0 -0.65531 3.65192 0 -0.11994 4.08059 0 -0.62817
4 16 4.28294 0 -0.65445 3.54768 0 0.15948 3.65192 0 -0.11994 4.1886 0 -0.65531
3 16 4.27529 0 -0.67594 4.37836 0 -0.86877 4.45203 0 -0.87293
4 16 4.27529 0 -0.67594 4.45203 0 -0.87293 4.5307 0 -0.86663 4.28294 0 -0.65445
4 16 -4.05489 0 -0.71909 -4.21527 0 -0.12884 -5 0 -3.5 -3.83692 0 -3.14183
3 16 -4.05489 0 -0.71909 -3.83692 0 -3.14183 -3.86951 0 -1.29178
4 16 4.24765 0 -0.75555 4.2542 0 -0.81179 4.26331 0 -0.82246 4.27755 0 -0.83435
4 16 4.24421 0 -0.78549 4.24583 0 -0.79464 4.24891 0 -0.80284 4.24433 0 -0.77338
4 16 4.2542 0 -0.81179 4.24765 0 -0.75555 4.24433 0 -0.77338 4.24891 0 -0.80284
4 16 4.29993 0 -0.8476 4.33437 0 -0.86051 4.24765 0 -0.75555 4.27755 0 -0.83435
3 16 4.5307 0 -0.86663 4.5141 0 -0.9252 4.59619 0 -1.21392
4 16 4.37836 0 -0.86877 4.27529 0 -0.67594 4.24765 0 -0.75555 4.33437 0 -0.86051
4 16 1.4498 0 -0.87805 1.36335 0 -0.74105 1.28633 0 -0.76774 1.49579 0 -0.97916
3 16 -2.97048 0 -0.87861 -2.99109 0 -0.93148 -2.99965 0 -0.97891
4 16 -2.97048 0 -0.87861 -2.99965 0 -0.97891 -2.9993 0 -1.02683 -2.99086 0 -1.07076
4 16 1.10538 0 -0.8837 1.10314 0 -0.88645 1.51413 0 -1.13998 1.14195 0 -0.8467
3 16 1.10314 0 -0.88645 1.0724 0 -0.93303 1.51413 0 -1.13998
4 16 2.09155 0 -0.91586 2.09559 0 -0.94076 2.4347 0 -0.91657 2.09209 0 -0.88969
4 16 2.4347 0 -0.91657 2.11616 0 -0.79513 2.10092 0 -0.84435 2.09209 0 -0.88969
4 16 2.4347 0 -0.91657 2.09559 0 -0.94076 2.10822 0 -0.97618 2.1544 0 -1.07965
4 16 2.4347 0 -0.91657 2.1544 0 -1.07965 2.17977 0 -1.13789 2.19421 0 -1.1599
4 16 2.4347 0 -0.91657 2.19421 0 -1.1599 2.20629 0 -1.17256 2.21669 0 -1.18015
4 16 2.4347 0 -0.91657 2.21669 0 -1.18015 2.22328 0 -1.18367 2.23492 0 -1.18786
4 16 2.4347 0 -0.91657 2.23492 0 -1.18786 2.25134 0 -1.19085 2.30326 0 -1.19727
4 16 2.4347 0 -0.91657 2.56529 0 -1.24334 2.59566 0 -1.24071 2.73548 0 -1.00634
3 16 4.5141 0 -0.9252 4.50229 0 -0.94905 4.59619 0 -1.21392
3 16 4.50229 0 -0.94905 4.49003 0 -0.96536 4.59619 0 -1.21392
4 16 -2.68964 0 -0.95882 -2.93993 0 -0.82217 -2.91689 0 -1.18795 -2.77879 0 -1.23021
4 16 -0.74105 0 -0.96365 -0.92329 0 -0.98011 -1.53586 0 -1.46607 -1.56405 0 -1.51099
4 16 -0.74105 0 -0.96365 -1.56405 0 -1.51099 -1.70557 0 -1.84917 -0.73491 0 -1.11949
3 16 4.49003 0 -0.96536 4.47356 0 -0.98062 4.59619 0 -1.21392
4 16 1.05311 0 -0.97675 1.04203 0 -1.02023 1.51413 0 -1.13998 1.0724 0 -0.93303
4 16 -0.92329 0 -0.98011 -1.27445 0 -0.99772 -1.5153 0 -1.42461 -1.53586 0 -1.46607
3 16 0.25954 0 -0.98442 0.19864 0 -0.98979 0.33173 0 -1.16791
3 16 0.19864 0 -0.98979 0.13834 0 -1.00165 0.10069 0 -1.01646
4 16 0.19864 0 -0.98979 0.10069 0 -1.01646 0.07422 0 -1.0328 0.05 0 -1.05442
4 16 0.19864 0 -0.98979 0.05 0 -1.05442 0.02835 0 -1.08174 0.01241 0 -1.11104
4 16 0.19864 0 -0.98979 0.01241 0 -1.11104 0.00485 0 -1.13405 0.00283 0 -1.14666
3 16 0.19864 0 -0.98979 0.00283 0 -1.14666 0.00274 0 -1.16006
4 16 0.19864 0 -0.98979 0.00274 0 -1.16006 0.00515 0 -1.1732 0.00963 0 -1.18481
3 16 0.19864 0 -0.98979 0.00963 0 -1.18481 0.01779 0 -1.19804
4 16 0.19864 0 -0.98979 0.01779 0 -1.19804 0.02977 0 -1.21139 0.05195 0 -1.22888
3 16 0.19864 0 -0.98979 0.05195 0 -1.22888 0.09785 0 -1.25382
4 16 0.19864 0 -0.98979 0.09785 0 -1.25382 0.19444 0 -1.29132 0.33173 0 -1.16791
3 16 4.45035 0 -0.99592 4.46746 0 -1.15543 4.48473 0 -1.15813
3 16 4.45035 0 -0.99592 4.48473 0 -1.15813 4.51029 0 -1.16684
4 16 -1.27445 0 -0.99772 -1.59709 0 -0.98442 -1.62258 0 -1.01513 -1.5153 0 -1.42461
3 16 2.73548 0 -1.00634 2.59566 0 -1.24071 2.60122 0 -1.2408
3 16 2.73548 0 -1.00634 2.60122 0 -1.2408 2.60388 0 -1.24131
3 16 2.73548 0 -1.00634 2.60388 0 -1.24131 2.60546 0 -1.24192
3 16 2.73548 0 -1.00634 2.60546 0 -1.24192 2.60703 0 -1.24293
4 16 2.73548 0 -1.00634 2.60703 0 -1.24293 2.60813 0 -1.24402 3.11588 0 -1.08232
3 16 1.04203 0 -1.02023 1.03982 0 -1.0523 1.51413 0 -1.13998
3 16 4.35945 0 -1.03401 4.37454 0 -1.1663 4.39199 0 -1.16609
4 16 1.51109 0 -1.04585 1.49579 0 -0.97916 1.28633 0 -0.76774 1.19521 0 -0.80951
4 16 -2.45764 0 -1.05403 -2.68964 0 -0.95882 -2.77879 0 -1.23021 -2.67311 0 -1.29015
4 16 1.04201 0 -1.07348 1.04781 0 -1.09359 1.51413 0 -1.13998 1.03982 0 -1.0523
3 16 3.11588 0 -1.08232 2.60813 0 -1.24402 2.60882 0 -1.24508
3 16 3.11588 0 -1.08232 2.60882 0 -1.24508 2.60936 0 -1.24636
3 16 3.11588 0 -1.08232 2.60936 0 -1.24636 2.60975 0 -1.24802
3 16 3.11588 0 -1.08232 2.60975 0 -1.24802 2.60988 0 -1.25025
3 16 3.11588 0 -1.08232 2.60988 0 -1.25025 2.60946 0 -1.25391
4 16 3.11588 0 -1.08232 2.60946 0 -1.25391 2.60786 0 -1.25959 2.59286 0 -1.51138
3 16 3.11588 0 -1.08232 2.59286 0 -1.51138 2.58788 0 -1.52948
3 16 1.04781 0 -1.09359 1.05653 0 -1.11086 1.51413 0 -1.13998
4 16 4.31102 0 -1.09784 4.31137 0 -1.10933 4.31419 0 -1.12183 4.31905 0 -1.13316
4 16 -2.9727 0 -1.11908 -2.93993 0 -0.82217 -2.97048 0 -0.87861 -2.99086 0 -1.07076
4 16 -2.9727 0 -1.11908 -2.93993 0 -1.18273 -2.91689 0 -1.18795 -2.93993 0 -0.82217
3 16 -1.68968 0 -1.12702 -1.70378 0 -1.18215 -1.5153 0 -1.42461
4 16 1.06957 0 -1.12825 1.08895 0 -1.14653 1.51413 0 -1.13998 1.05653 0 -1.11086
4 16 4.31905 0 -1.13316 4.32575 0 -1.14326 4.31256 0 -1.0881 4.31102 0 -1.09784
4 16 1.51413 0 -1.13998 1.51109 0 -1.04585 1.19521 0 -0.80951 1.14195 0 -0.8467
4 16 1.51413 0 -1.13998 1.08895 0 -1.14653 1.1266 0 -1.1711 1.18574 0 -1.19748
4 16 4.3331 0 -1.15088 4.34114 0 -1.15662 4.31256 0 -1.0881 4.32575 0 -1.14326
4 16 4.44872 0 -1.1561 4.36879 0 -1.0293 4.35945 0 -1.03401 4.39199 0 -1.16609
4 16 4.44872 0 -1.1561 4.46746 0 -1.15543 4.45035 0 -0.99592 4.36879 0 -1.0293
4 16 4.35114 0 -1.16139 4.3313 0 -1.05553 4.32142 0 -1.06811 4.3159 0 -1.07834
4 16 4.35114 0 -1.16139 4.3159 0 -1.07834 4.31256 0 -1.0881 4.34114 0 -1.15662
4 16 4.35114 0 -1.16139 4.35927 0 -1.16391 4.34352 0 -1.04441 4.3313 0 -1.05553
4 16 4.35927 0 -1.16391 4.37454 0 -1.1663 4.35945 0 -1.03401 4.34352 0 -1.04441
4 16 1.51185 0 -1.18799 1.51413 0 -1.13998 1.18574 0 -1.19748 1.29136 0 -1.23195
4 16 -0.7475 0 -1.19282 -0.73491 0 -1.11949 -1.70557 0 -1.84917 -0.80111 0 -1.33425
4 16 2.30326 0 -1.19727 2.46342 0 -1.24397 2.56529 0 -1.24334 2.4347 0 -0.91657
4 16 4.59619 0 -1.21392 4.47356 0 -0.98062 4.45035 0 -0.99592 4.51029 0 -1.16684
4 16 4.59619 0 -1.21392 4.57368 0 -1.23007 4.61366 0 -1.49786 4.73705 0 -2.11875
3 16 4.57368 0 -1.23007 4.52176 0 -1.25986 4.61366 0 -1.49786
3 16 1.29136 0 -1.23195 1.26679 0 -1.25552 1.2723 0 -1.3942
3 16 -1.70884 0 -1.24941 -1.70191 0 -1.34423 -1.68924 0 -1.37215
3 16 2.60786 0 -1.25959 2.60423 0 -1.26803 2.59286 0 -1.51138
4 16 4.52176 0 -1.25986 4.4521 0 -1.33819 4.4517 0 -1.35422 4.45317 0 -1.36505
3 16 4.52176 0 -1.25986 4.45317 0 -1.36505 4.45801 0 -1.38135
4 16 4.52176 0 -1.25986 4.45801 0 -1.38135 4.46691 0 -1.39951 4.48627 0 -1.42656
4 16 4.52176 0 -1.25986 4.48627 0 -1.42656 4.51362 0 -1.45396 4.53936 0 -1.47167
4 16 4.52176 0 -1.25986 4.53936 0 -1.47167 4.56916 0 -1.48487 4.61366 0 -1.49786
3 16 2.60423 0 -1.26803 2.56839 0 -1.32184 2.59286 0 -1.51138
3 16 4.49028 0 -1.27597 4.47739 0 -1.28578 4.46883 0 -1.29526
4 16 4.49028 0 -1.27597 4.46883 0 -1.29526 4.4614 0 -1.30722 4.45542 0 -1.32218
4 16 1.682 0 -1.27639 1.2723 0 -1.3942 1.2735 0 -1.42431 1.84535 0 -1.37581
4 16 -2.41075 0 -1.28587 -2.67311 0 -1.29015 -2.73643 0 -1.33102 -2.82753 0 -1.62734
3 16 -2.41075 0 -1.28587 -2.82753 0 -1.62734 -2.75186 0 -1.66018
3 16 -2.41075 0 -1.28587 -2.75186 0 -1.66018 -2.727 0 -1.67683
4 16 -2.41075 0 -1.28587 -2.727 0 -1.67683 -2.7119 0 -1.69156 -2.37737 0 -1.49072
4 16 -2.67311 0 -1.29015 -2.41075 0 -1.28587 -2.42535 0 -1.06555 -2.45764 0 -1.05403
4 16 1.17544 0 -1.32173 1.16866 0 -1.33278 1.22279 0 -1.39567 1.18375 0 -1.31235
3 16 2.56839 0 -1.32184 2.51794 0 -1.38422 2.59286 0 -1.51138
4 16 4.45542 0 -1.32218 4.4521 0 -1.33819 4.52176 0 -1.25986 4.49028 0 -1.27597
4 16 0.4181 0 -1.32726 0.33173 0 -1.16791 0.19444 0 -1.29132 0.16393 0 -1.33412
4 16 0.16393 0 -1.33412 0.11733 0 -1.38689 0.52972 0 -1.4705 0.4181 0 -1.32726
3 16 -0.80111 0 -1.33425 -1.70557 0 -1.84917 -0.8963 0 -1.56168
4 16 1.1649 0 -1.34247 1.1635 0 -1.3495 1.22279 0 -1.39567 1.16866 0 -1.33278
4 16 1.1635 0 -1.3495 1.18916 0 -1.38591 1.20552 0 -1.39231 1.22279 0 -1.39567
4 16 1.16536 0 -1.36378 1.16774 0 -1.36823 1.17229 0 -1.37391 1.17895 0 -1.37968
4 16 -2.78791 0 -1.37379 -2.81945 0 -1.41184 -2.82753 0 -1.62734 -2.73643 0 -1.33102
4 16 1.84535 0 -1.37581 1.2735 0 -1.42431 1.25872 0 -1.51712 1.93612 0 -1.44783
4 16 1.17895 0 -1.37968 1.16334 0 -1.35476 1.16398 0 -1.3595 1.16536 0 -1.36378
4 16 1.17895 0 -1.37968 1.18916 0 -1.38591 1.1635 0 -1.3495 1.16334 0 -1.35476
4 16 2.51794 0 -1.38422 2.44039 0 -1.4573 2.45153 0 -1.4686 2.47323 0 -1.48733
4 16 2.51794 0 -1.38422 2.47323 0 -1.48733 2.4892 0 -1.49667 2.50787 0 -1.50348
4 16 2.51794 0 -1.38422 2.50787 0 -1.50348 2.53534 0 -1.50879 2.59286 0 -1.51138
4 16 1.2723 0 -1.3942 1.26679 0 -1.25552 1.1985 0 -1.30062 1.24352 0 -1.39639
4 16 1.2723 0 -1.3942 1.682 0 -1.27639 1.51185 0 -1.18799 1.29136 0 -1.23195
4 16 1.24352 0 -1.39639 1.1985 0 -1.30062 1.18375 0 -1.31235 1.22279 0 -1.39567
3 16 -1.66247 0 -1.4005 -1.64457 0 -1.40886 -1.60466 0 -1.41866
3 16 -2.81945 0 -1.41184 -2.82671 0 -1.42303 -2.82753 0 -1.62734
4 16 -1.60466 0 -1.41866 -1.68059 0 -1.38509 -1.67257 0 -1.39331 -1.66247 0 -1.4005
4 16 -1.5153 0 -1.42461 -1.62258 0 -1.01513 -1.66787 0 -1.07944 -1.68968 0 -1.12702
4 16 -1.5153 0 -1.42461 -1.70378 0 -1.18215 -1.70884 0 -1.24941 -1.68924 0 -1.37215
4 16 -1.5153 0 -1.42461 -1.68924 0 -1.37215 -1.68059 0 -1.38509 -1.60466 0 -1.41866
4 16 0.06074 0 -1.43119 0.84348 0 -1.82688 0.52972 0 -1.4705 0.11733 0 -1.38689
4 16 3.84144 0 -1.44116 3.73417 0 -1.19519 3.11588 0 -1.08232 2.58788 0 -1.52948
4 16 1.93612 0 -1.44783 1.25872 0 -1.51712 1.25728 0 -1.53922 1.25893 0 -1.5537
4 16 1.93612 0 -1.44783 1.25893 0 -1.5537 1.26218 0 -1.56432 1.26751 0 -1.57462
4 16 1.93612 0 -1.44783 1.26751 0 -1.57462 1.27622 0 -1.58623 1.28802 0 -1.59805
3 16 1.93612 0 -1.44783 1.28802 0 -1.59805 1.3325 0 -1.63318
4 16 1.93612 0 -1.44783 1.3325 0 -1.63318 1.3474 0 -1.6496 1.99544 0 -1.5119
4 16 -2.84669 0 -1.46273 -2.85892 0 -1.50347 -2.82753 0 -1.62734 -2.82671 0 -1.42303
4 16 -0.03426 0 -1.48062 -0.00567 0 -1.61583 0.84348 0 -1.82688 0.06074 0 -1.43119
4 16 -2.37737 0 -1.49072 -2.7119 0 -1.69156 -2.69874 0 -1.7102 -2.3081 0 -1.70765
3 16 4.61366 0 -1.49786 4.61026 0 -1.52208 4.73705 0 -2.11875
3 16 -1.56405 0 -1.51099 -1.58964 0 -1.53849 -1.70557 0 -1.84917
4 16 1.99544 0 -1.5119 1.3474 0 -1.6496 1.3676 0 -1.68265 2.03813 0 -1.57869
3 16 4.61026 0 -1.52208 4.60274 0 -1.55448 4.73705 0 -2.11875
3 16 -1.58964 0 -1.53849 -1.62964 0 -1.5678 -1.70557 0 -1.84917
4 16 2.57958 0 -1.5514 3.95982 0 -1.65549 3.84144 0 -1.44116 2.58788 0 -1.52948
3 16 4.60274 0 -1.55448 4.59502 0 -1.57257 4.73705 0 -2.11875
3 16 -0.8963 0 -1.56168 -1.70557 0 -1.84917 -0.95493 0 -1.76669
3 16 2.57172 0 -1.56439 2.56045 0 -1.57697 4.05105 0 -2.74249
4 16 -1.62964 0 -1.5678 -1.78768 0 -1.66874 -1.80079 0 -1.71125 -1.80422 0 -1.7333
4 16 -1.62964 0 -1.5678 -1.80422 0 -1.7333 -1.80399 0 -1.74599 -1.80222 0 -1.75548
3 16 -1.62964 0 -1.5678 -1.80222 0 -1.75548 -1.799 0 -1.76401
4 16 -1.62964 0 -1.5678 -1.799 0 -1.76401 -1.79376 0 -1.77282 -1.78533 0 -1.78287
4 16 -1.62964 0 -1.5678 -1.78533 0 -1.78287 -1.77369 0 -1.79357 -1.70557 0 -1.84917
3 16 4.59502 0 -1.57257 4.58416 0 -1.58868 4.73705 0 -2.11875
3 16 4.58416 0 -1.58868 4.55928 0 -1.6138 4.73705 0 -2.11875
3 16 -0.00567 0 -1.61583 -0.05759 0 -1.63686 0.84348 0 -1.82688
3 16 2.51635 0 -1.62376 2.51042 0 -1.63582 4.05105 0 -2.74249
4 16 -2.82753 0 -1.62734 -2.85892 0 -1.50347 -2.86432 0 -1.55148 -2.86369 0 -1.61465
3 16 -0.05759 0 -1.63686 -0.14035 0 -1.66163 -0.2439 0 -1.80512
4 16 -0.05759 0 -1.63686 -0.2439 0 -1.80512 0.58244 0 -2.11196 0.84348 0 -1.82688
4 16 2.50678 0 -1.64806 2.50531 0 -1.66215 4.05105 0 -2.74249 2.51042 0 -1.63582
3 16 -0.14035 0 -1.66163 -0.20771 0 -1.66837 -0.2439 0 -1.80512
4 16 -0.3264 0 -1.67268 -0.33068 0 -1.7656 -0.29789 0 -1.78478 -0.2439 0 -1.80512
4 16 2.07723 0 -1.6755 2.03813 0 -1.57869 1.3676 0 -1.68265 2.11584 0 -1.85094
4 16 1.28504 0 -1.69653 1.2389 0 -1.71164 1.90511 0 -2.15915 1.3676 0 -1.68265
4 16 -0.35875 0 -1.704 -0.36241 0 -1.71085 -0.34623 0 -1.7531 -0.35098 0 -1.69418
4 16 4.464 0 -1.70624 4.47697 0 -1.75683 4.73705 0 -2.11875 4.55928 0 -1.6138
4 16 -2.3081 0 -1.70765 -2.69874 0 -1.7102 -2.68264 0 -1.74085 -2.24865 0 -1.87058
4 16 1.19972 0 -1.73229 1.16573 0 -1.75859 1.90511 0 -2.15915 1.2389 0 -1.71164
4 16 -0.35607 0 -1.74251 -0.34623 0 -1.7531 -0.36354 0 -1.72896 -0.36144 0 -1.73415
4 16 -0.34623 0 -1.7531 -0.36241 0 -1.71085 -0.36397 0 -1.71565 -0.36464 0 -1.72011
4 16 -0.34623 0 -1.7531 -0.36464 0 -1.72011 -0.3645 0 -1.72455 -0.36354 0 -1.72896
4 16 4.47697 0 -1.75683 4.54537 0 -1.94583 4.70838 0 -2.12347 4.73705 0 -2.11875
4 16 -0.33068 0 -1.7656 -0.3264 0 -1.67268 -0.35098 0 -1.69418 -0.34623 0 -1.7531
3 16 2.51651 0 -1.76704 2.51676 0 -1.77113 4.05105 0 -2.74249
3 16 2.51676 0 -1.77113 2.51652 0 -1.77336 4.05105 0 -2.74249
3 16 2.51652 0 -1.77336 2.51607 0 -1.77485 4.05105 0 -2.74249
3 16 2.51607 0 -1.77485 2.51542 0 -1.77613 4.05105 0 -2.74249
3 16 2.46499 0 -1.77677 2.35462 0 -2.29485 2.49617 0 -1.78066
3 16 2.51358 0 -1.77813 2.51219 0 -1.77901 3.93111 0 -2.91537
4 16 2.51219 0 -1.77901 2.50983 0 -1.77995 2.35462 0 -2.29485 3.93111 0 -2.91537
3 16 2.50983 0 -1.77995 2.50678 0 -1.78059 2.35462 0 -2.29485
3 16 2.50678 0 -1.78059 2.50245 0 -1.78089 2.35462 0 -2.29485
3 16 2.49617 0 -1.78066 2.35462 0 -2.29485 2.50245 0 -1.78089
4 16 2.42876 0 -1.78131 2.41773 0 -1.78749 2.35462 0 -2.29485 2.43852 0 -1.77792
4 16 -0.2439 0 -1.80512 -0.20771 0 -1.66837 -0.31061 0 -1.6609 -0.3264 0 -1.67268
3 16 2.38651 0 -1.81318 2.34509 0 -1.8449 2.35462 0 -2.29485
4 16 -0.25794 0 -1.8139 0.38196 0 -2.35487 0.58244 0 -2.11196 -0.2439 0 -1.80512
3 16 -0.37079 0 -1.87519 -0.46356 0 -1.90486 0.33922 0 -2.41203
4 16 -0.37079 0 -1.87519 0.33922 0 -2.41203 0.38196 0 -2.35487 -0.25794 0 -1.8139
3 16 -2.8192 0 -1.87717 -2.85893 0 -1.96244 -2.83744 0 -1.97009
4 16 4.13382 0 -1.89602 3.95982 0 -1.65549 2.57958 0 -1.5514 4.17755 0 -2.61333
4 16 -1.6638 0 -1.9031 -1.7099 0 -1.91936 -1.5456 0 -2.32399 -1.26906 0 -2.13323
3 16 -1.6638 0 -1.9031 -1.26906 0 -2.13323 -0.98436 0 -1.95447
3 16 -0.46356 0 -1.90486 -0.59731 0 -1.92113 -0.54957 0 -1.98526
3 16 -0.46356 0 -1.90486 -0.54957 0 -1.98526 -0.52059 0 -2.03627
3 16 -0.46356 0 -1.90486 -0.52059 0 -2.03627 -0.50879 0 -2.06952
3 16 -0.46356 0 -1.90486 -0.50879 0 -2.06952 -0.50459 0 -2.09665
3 16 -0.46356 0 -1.90486 -0.50459 0 -2.09665 -0.5053 0 -2.12854
4 16 -0.46356 0 -1.90486 -0.5053 0 -2.12854 -0.51154 0 -2.17277 0.33922 0 -2.41203
4 16 2.12513 0 -1.9095 2.11584 0 -1.85094 1.3676 0 -1.68265 1.90511 0 -2.15915
4 16 -1.7099 0 -1.91936 -1.76668 0 -1.9307 -1.79523 0 -2.10876 -1.75876 0 -2.1433
4 16 -1.7099 0 -1.91936 -1.75876 0 -2.1433 -1.71144 0 -2.20883 -1.5456 0 -2.32399
3 16 1.08172 0 -1.92603 1.05313 0 -2.39401 1.71537 0 -2.43156
4 16 1.08172 0 -1.92603 1.71537 0 -2.43156 1.77433 0 -2.33408 1.10162 0 -1.86369
4 16 -1.76668 0 -1.9307 -1.87344 0 -1.93014 -1.88584 0 -1.96826 -1.89109 0 -1.99482
4 16 -1.76668 0 -1.9307 -1.89109 0 -1.99482 -1.89137 0 -2.01053 -1.88954 0 -2.02156
4 16 -1.76668 0 -1.9307 -1.88954 0 -2.02156 -1.88619 0 -2.03081 -1.88059 0 -2.04053
4 16 -2.23225 0 -1.93713 -2.24865 0 -1.87058 -2.68264 0 -1.74085 -2.23057 0 -1.96584
3 16 4.54537 0 -1.94583 4.58096 0 -2.0414 4.66928 0 -2.12144
4 16 -0.98436 0 -1.95447 -0.95493 0 -1.76669 -1.70557 0 -1.84917 -1.6638 0 -1.9031
4 16 -2.83744 0 -1.97009 -2.78243 0 -1.99452 -2.78046 0 -1.82259 -2.8192 0 -1.87717
4 16 -2.23411 0 -1.99363 -2.23057 0 -1.96584 -2.68264 0 -1.74085 -2.7017 0 -2.0646
4 16 -2.78243 0 -1.99452 -2.74366 0 -2.02158 -2.73321 0 -1.7778 -2.78046 0 -1.82259
4 16 -3.61572 0 -2.02028 -3.86951 0 -1.29178 -3.83692 0 -3.14183 -3.54944 0 -2.42786
4 16 -2.74366 0 -2.02158 -2.7017 0 -2.0646 -2.68264 0 -1.74085 -2.73321 0 -1.7778
4 16 -2.24709 0 -2.03472 -2.23411 0 -1.99363 -2.7017 0 -2.0646 -2.48318 0 -2.24587
3 16 -2.24709 0 -2.03472 -2.48318 0 -2.24587 -2.29193 0 -2.1277
4 16 4.58096 0 -2.0414 4.59906 0 -2.07212 4.65115 0 -2.11533 4.66928 0 -2.12144
4 16 -1.87243 0 -2.05058 -1.79523 0 -2.10876 -1.76668 0 -1.9307 -1.88059 0 -2.04053
4 16 -2.75912 0 -2.09537 -2.79782 0 -2.12383 -2.48318 0 -2.24587 -2.7017 0 -2.0646
4 16 4.65115 0 -2.11533 4.59906 0 -2.07212 4.61595 0 -2.09172 4.63276 0 -2.10532
3 16 -2.79782 0 -2.12383 -2.84833 0 -2.18206 -2.48318 0 -2.24587
4 16 4.68815 0 -2.12421 4.70838 0 -2.12347 4.54537 0 -1.94583 4.66928 0 -2.12144
4 16 1.90511 0 -2.15915 1.16573 0 -1.75859 1.14135 0 -1.78581 1.12059 0 -1.81946
4 16 4.81289 0 -2.20011 4.90146 0 -2.26723 4.59619 0 -1.21392 4.73705 0 -2.11875
3 16 -1.71144 0 -2.20883 -1.87567 0 -2.25938 -1.5456 0 -2.32399
4 16 -2.8859 0 -2.24034 -2.8959 0 -2.26375 -2.48318 0 -2.24587 -2.84833 0 -2.18206
4 16 -2.48318 0 -2.24587 -2.8959 0 -2.26375 -2.89932 0 -2.27849 -2.89987 0 -2.28811
3 16 -2.48318 0 -2.24587 -2.89987 0 -2.28811 -2.89881 0 -2.29723
4 16 -2.48318 0 -2.24587 -2.89881 0 -2.29723 -2.8952 0 -2.30864 -2.88837 0 -2.32204
3 16 -2.48318 0 -2.24587 -2.88837 0 -2.32204 -2.87468 0 -2.34309
4 16 -2.48318 0 -2.24587 -2.87468 0 -2.34309 -2.84543 0 -2.38911 -2.66358 0 -2.38009
4 16 -1.87567 0 -2.25938 -2.04497 0 -2.28995 -2.1306 0 -2.51483 -1.5456 0 -2.32399
3 16 4.90146 0 -2.26723 4.88327 0 -2.28578 5 0 -3.5
3 16 4.88327 0 -2.28578 4.86151 0 -2.30377 5 0 -3.5
4 16 2.35462 0 -2.29485 2.46499 0 -1.77677 2.44892 0 -1.77628 2.43852 0 -1.77792
4 16 2.35462 0 -2.29485 2.41773 0 -1.78749 2.40268 0 -1.79937 2.38651 0 -1.81318
3 16 4.86151 0 -2.30377 4.84462 0 -2.31315 5 0 -3.5
4 16 -1.5456 0 -2.32399 -2.1306 0 -2.51483 -2.23555 0 -2.73164 -1.08311 0 -2.65401
4 16 1.77433 0 -2.33408 1.90511 0 -2.15915 1.12059 0 -1.81946 1.10162 0 -1.86369
4 16 -0.86351 0 -2.33894 0.33922 0 -2.41203 -0.51154 0 -2.17277 -0.82682 0 -2.17042
4 16 4.75867 0 -2.33996 4.74396 0 -2.34878 4.73202 0 -2.35947 4.71991 0 -2.37481
4 16 -2.66358 0 -2.38009 -2.84543 0 -2.38911 -2.91482 0 -2.43728 -2.23555 0 -2.73164
4 16 1.05313 0 -2.39401 0.33922 0 -2.41203 0 0 -3.5 1.71537 0 -2.43156
4 16 4.7078 0 -2.3969 4.6951 0 -2.43412 4.75867 0 -2.33996 4.71991 0 -2.37481
4 16 0.33922 0 -2.41203 -0.86351 0 -2.33894 -1.08311 0 -2.65401 0 0 -3.5
3 16 1.71537 0 -2.43156 0 0 -3.5 5 0 -3.5
4 16 1.71537 0 -2.43156 5 0 -3.5 3.93111 0 -2.91537 2.35462 0 -2.29485
3 16 -2.91482 0 -2.43728 -2.94735 0 -2.46882 -2.23555 0 -2.73164
4 16 4.68775 0 -2.47831 4.76573 0 -2.33687 4.75867 0 -2.33996 4.6951 0 -2.43412
4 16 -2.97134 0 -2.50466 -3.02989 0 -2.60997 -2.23555 0 -2.73164 -2.94735 0 -2.46882
3 16 -3.02989 0 -2.60997 -3.06539 0 -2.65526 -2.23555 0 -2.73164
4 16 4.17755 0 -2.61333 2.57958 0 -1.5514 2.57172 0 -1.56439 4.05105 0 -2.74249
3 16 4.17755 0 -2.61333 4.4576 0 -2.33922 4.13382 0 -1.89602
3 16 -3.06539 0 -2.65526 -3.10595 0 -2.69022 -2.23555 0 -2.73164
4 16 -2.23555 0 -2.73164 -3.10595 0 -2.69022 -3.19537 0 -2.74157 -3.42513 0 -3.42497
4 16 -2.23555 0 -2.73164 -3.42513 0 -3.42497 0 0 -3.5 -1.08311 0 -2.65401
3 16 -3.19537 0 -2.74157 -3.28219 0 -2.77821 -3.34487 0 -3.10345
3 16 -3.19537 0 -2.74157 -3.34487 0 -3.10345 -3.42513 0 -3.42497
4 16 4.05105 0 -2.74249 2.56045 0 -1.57697 2.52791 0 -1.60783 2.51635 0 -1.62376
4 16 4.05105 0 -2.74249 2.50531 0 -1.66215 2.51243 0 -1.74484 2.51651 0 -1.76704
4 16 4.05105 0 -2.74249 2.51542 0 -1.77613 2.51461 0 -1.77719 3.94417 0 -2.89457
3 16 -3.54799 0 -2.77547 -3.83692 0 -3.14183 -3.55616 0 -2.8383
4 16 4.67285 0 -2.79843 4.81214 0 -2.32367 4.76573 0 -2.33687 4.68775 0 -2.47831
3 16 4.67285 0 -2.79843 3.93111 0 -2.91537 5 0 -3.5
4 16 3.94417 0 -2.89457 2.51461 0 -1.77719 2.51358 0 -1.77813 3.93111 0 -2.91537
4 16 -3.83692 0 -3.14183 -3.54799 0 -2.77547 -3.53458 0 -2.59661 -3.54944 0 -2.42786
3 16 -3.83692 0 -3.14183 -5 0 -3.5 -4.1033 0 -3.45802
3 16 -3.42513 0 -3.42497 -4.1033 0 -3.45802 0 0 -3.5
3 16 -4.1033 0 -3.45802 -5 0 -3.5 0 0 -3.5
4 16 5 0 -3.5 4.84462 0 -2.31315 4.81214 0 -2.32367 4.67285 0 -2.79843
