0 ~Logo Allianz Image Outer Box
0 Name: s\logoallib02.dat
0 Author: Massimo Maso [Sirio]
0 !LDRAW_ORG Unofficial_Subpart 
0 !LICENSE Redistributable under CCAL version 2.0 : see CAreadme.txt

0 !HELP Exact dimensions X = 1.4; Z = 1.4

0 BFC CERTIFY CCW


0 // Internal background
3 16 -0.1346 0 0.5023 -0.199 0 0.4804 -0.13 0 0.38
4 16 0.1346 0 0.5023 0.0679 0 0.5156 0.03 0 0.38 0.0491 0 0.3762
4 16 0.199 0 0.4804 0.1346 0 0.5023 0.0491 0 0.3762 0.0654 0 0.3654
4 16 0.26 0 0.4503 0.199 0 0.4804 0.0654 0 0.3654 0.0762 0 0.3491
4 16 0.3166 0 0.4125 0.26 0 0.4503 0.0762 0 0.3491 0.08 0 0.33
4 16 0.03 0 0.38 -0.0679 0 0.5156 -0.1346 0 0.5023 -0.13 0 0.38
4 16 0.03 0 0.38 0.0679 0 0.5156 0 0 0.52 -0.0679 0 0.5156
4 16 0.3677 0 0.3677 0.3166 0 0.4125 0.08 0 0.33 0.17 0 0.22
3 16 0.3677 0 0.3677 0.17 0 0.22 0.28 0 0.22
4 16 -0.13 0 0.31 -0.26 0 0.4503 -0.3166 0 0.4125 -0.3677 0 0.3677
4 16 -0.13 0 0.31 -0.13 0 0.38 -0.199 0 0.4804 -0.26 0 0.4503
3 16 -0.0888 0 0.3012 -0.17 0 0.22 -0.0823 0 0.2915
4 16 -0.28 0 0.22 -0.17 0 0.22 -0.11 0 0.31 -0.13 0 0.31
4 16 -0.17 0 0.22 -0.0888 0 0.3012 -0.0985 0 0.3077 -0.11 0 0.31
4 16 -0.2991 0 0.2162 -0.3677 0 0.3677 -0.4125 0 0.3166 -0.3154 0 0.2054
4 16 -0.2991 0 0.2162 -0.28 0 0.22 -0.13 0 0.31 -0.3677 0 0.3677
4 16 0.2991 0 0.2162 0.4125 0 0.3166 0.3677 0 0.3677 0.28 0 0.22
4 16 -0.3154 0 0.2054 -0.4125 0 0.3166 -0.4503 0 0.26 -0.3262 0 0.1891
4 16 0.3154 0 0.2054 0.4503 0 0.26 0.4125 0 0.3166 0.2991 0 0.2162
4 16 -0.3262 0 0.1891 -0.4503 0 0.26 -0.4804 0 0.199 -0.33 0 0.17
4 16 0.3262 0 0.1891 0.4804 0 0.199 0.4503 0 0.26 0.3154 0 0.2054
4 16 -0.33 0 0.17 -0.5155 0 0.0679 -0.52 0 0 -0.5155 0 -0.0679
4 16 -0.33 0 0.17 -0.4804 0 -0.199 -0.4503 0 -0.26 -0.4125 0 -0.3166
4 16 -0.33 0 0.17 -0.4125 0 -0.3166 -0.3677 0 -0.3677 -0.33 0 -0.33
4 16 0.33 0 0.17 0.5023 0 0.1346 0.4804 0 0.199 0.3262 0 0.1891
4 16 0.33 0 0.17 0.52 0 0 0.5155 0 0.0679 0.5023 0 0.1346
4 16 0.33 0 0.17 0.5023 0 -0.1346 0.5155 0 -0.0679 0.52 0 0
4 16 0.33 0 0.17 0.4503 0 -0.26 0.4804 0 -0.199 0.5023 0 -0.1346
3 16 0.33 0 0.17 0.4125 0 -0.3166 0.4503 0 -0.26
4 16 -0.5023 0 0.1346 -0.5155 0 0.0679 -0.33 0 0.17 -0.4804 0 0.199
4 16 -0.5023 0 -0.1346 -0.4804 0 -0.199 -0.33 0 0.17 -0.5155 0 -0.0679
4 16 -0.33 0 -0.33 -0.3677 0 -0.3677 -0.3166 0 -0.4125 -0.17 0 -0.33
4 16 -0.17 0 -0.33 -0.08 0 0.28 -0.0823 0 0.2915 -0.17 0 0.22
3 16 -0.17 0 -0.33 -0.3166 0 -0.4125 -0.26 0 -0.4503
4 16 -0.17 0 -0.33 -0.26 0 -0.4503 -0.199 0 -0.4804 -0.1346 0 -0.5023
4 16 -0.17 0 -0.33 -0.1346 0 -0.5023 -0.08 0 -0.33 -0.08 0 0.28
4 16 -0.08 0 -0.33 -0.1346 0 -0.5023 -0.0679 0 -0.5156 0 0 -0.52
4 16 0.08 0 -0.33 -0.08 0 -0.33 0 0 -0.52 0.0679 0 -0.5156
4 16 0.08 0 -0.33 0.17 0 -0.33 0.17 0 0.22 0.08 0 0.33
4 16 0.17 0 -0.33 0.08 0 -0.33 0.0679 0 -0.5156 0.1346 0 -0.5023
4 16 0.17 0 -0.33 0.26 0 -0.4503 0.3166 0 -0.4125 0.3677 0 -0.3677
4 16 0.17 0 -0.33 0.1346 0 -0.5023 0.199 0 -0.4804 0.26 0 -0.4503
3 16 0.33 0 -0.33 0.17 0 -0.33 0.3677 0 -0.3677
4 16 0.33 0 -0.33 0.3677 0 -0.3677 0.4125 0 -0.3166 0.33 0 0.17
0 // Outer box
3 16 -0.7 0 0.7 -0.1605 0 0.5989 -0.0809 0 0.6147
3 16 -0.7 0 0.7 -0.2373 0 0.5728 -0.1605 0 0.5989
3 16 -0.7 0 0.7 -0.31 0 0.5369 -0.2373 0 0.5728
3 16 -0.7 0 0.7 -0.3774 0 0.4919 -0.31 0 0.5369
3 16 -0.7 0 0.7 -0.4384 0 0.4384 -0.3774 0 0.4919
3 16 -0.7 0 0.7 -0.4919 0 0.3774 -0.4384 0 0.4384
3 16 -0.7 0 0.7 -0.5369 0 0.31 -0.4919 0 0.3774
3 16 -0.7 0 0.7 -0.5728 0 0.2373 -0.5369 0 0.31
3 16 -0.7 0 0.7 -0.5989 0 0.1605 -0.5728 0 0.2373
3 16 -0.7 0 0.7 -0.6147 0 0.0809 -0.5989 0 0.1605
3 16 -0.7 0 0.7 -0.62 0 0 -0.6147 0 0.0809
4 16 0.7 0 0.7 -0.7 0 0.7 -0.0809 0 0.6147 0 0 0.62
3 16 0.7 0 0.7 0 0 0.62 0.0809 0 0.6147
3 16 0.7 0 0.7 0.0809 0 0.6147 0.1605 0 0.5989
3 16 0.7 0 0.7 0.1605 0 0.5989 0.2373 0 0.5728
3 16 0.7 0 0.7 0.2373 0 0.5728 0.31 0 0.5369
3 16 0.7 0 0.7 0.31 0 0.5369 0.3774 0 0.4919
3 16 0.7 0 0.7 0.3774 0 0.4919 0.4384 0 0.4384
3 16 0.7 0 0.7 0.4384 0 0.4384 0.4919 0 0.3774
3 16 0.7 0 0.7 0.4919 0 0.3774 0.5369 0 0.31
3 16 0.7 0 0.7 0.5369 0 0.31 0.5728 0 0.2373
3 16 0.7 0 0.7 0.5728 0 0.2373 0.5989 0 0.1605
3 16 0.7 0 0.7 0.5989 0 0.1605 0.6147 0 0.0809
4 16 0.7 0 0.7 0.6147 0 0.0809 0.62 0 0 0.7 0 -0.7
3 16 0.62 0 0 0.6147 0 -0.0809 0.7 0 -0.7
3 16 -0.6147 0 -0.0809 -0.7 0 -0.7 -0.5989 0 -0.1605
3 16 0.6147 0 -0.0809 0.5989 0 -0.1605 0.7 0 -0.7
3 16 -0.5989 0 -0.1605 -0.7 0 -0.7 -0.5728 0 -0.2373
3 16 0.5989 0 -0.1605 0.5728 0 -0.2373 0.7 0 -0.7
3 16 -0.5728 0 -0.2373 -0.7 0 -0.7 -0.5369 0 -0.31
3 16 0.5728 0 -0.2373 0.5369 0 -0.31 0.7 0 -0.7
3 16 -0.5369 0 -0.31 -0.7 0 -0.7 -0.4919 0 -0.3774
3 16 0.5369 0 -0.31 0.4919 0 -0.3774 0.7 0 -0.7
3 16 0.4919 0 -0.3774 0.4384 0 -0.4384 0.7 0 -0.7
3 16 -0.4384 0 -0.4384 -0.7 0 -0.7 -0.3774 0 -0.4919
3 16 -0.3774 0 -0.4919 -0.7 0 -0.7 -0.31 0 -0.5369
3 16 0.3774 0 -0.4919 0.31 0 -0.5369 0.7 0 -0.7
3 16 -0.31 0 -0.5369 -0.7 0 -0.7 -0.2373 0 -0.5728
3 16 0.31 0 -0.5369 0.2373 0 -0.5728 0.7 0 -0.7
3 16 -0.2373 0 -0.5728 -0.7 0 -0.7 -0.1605 0 -0.5989
3 16 0.2373 0 -0.5728 0.1605 0 -0.5989 0.7 0 -0.7
3 16 -0.1605 0 -0.5989 -0.7 0 -0.7 -0.0809 0 -0.6147
3 16 -0.0809 0 -0.6147 -0.7 0 -0.7 0 0 -0.62
4 16 -0.7 0 -0.7 -0.6147 0 -0.0809 -0.62 0 0 -0.7 0 0.7
3 16 -0.7 0 -0.7 -0.4384 0 -0.4384 -0.4919 0 -0.3774
3 16 0.7 0 -0.7 0.4384 0 -0.4384 0.3774 0 -0.4919
3 16 0.7 0 -0.7 0.1605 0 -0.5989 0.0809 0 -0.6147
4 16 0.7 0 -0.7 0.0809 0 -0.6147 0 0 -0.62 -0.7 0 -0.7
