0 ~Logo Ford Mustang with Corners
0 Name: s\logofordi01.dat
0 Author: Massimo Maso [Sirio]
0 !LDRAW_ORG Unofficial_Subpart 
0 !LICENSE Redistributable under CCAL version 2.0 : see CAreadme.txt

0 !HELP Exact dimensions X = 6.818; Z = 2.525

0 BFC CERTIFY CCW


0 // Horse
3 7 -1.1348 0 1.2553 -1.0155 0 1.175 -1.0663 0 1.2521
4 7 -1.0663 0 1.2521 -1.0155 0 1.175 -1.0116 0 1.1837 -1.0539 0 1.2496
4 7 -1.2057 0 1.2499 -1.0224 0 1.1634 -1.0155 0 1.175 -1.1348 0 1.2553
4 7 -1.0539 0 1.2496 -1.009 0 1.2119 -1.0106 0 1.2176 -1.0399 0 1.2443
3 7 -1.0539 0 1.2496 -1.0082 0 1.2046 -1.009 0 1.2119
3 7 -1.0539 0 1.2496 -1.0116 0 1.1837 -1.0089 0 1.1943
3 7 -1.0399 0 1.2443 -1.0106 0 1.2176 -1.013 0 1.2223
4 7 -1.2863 0 1.2368 -1.0789 0 1.0973 -1.0772 0 1.0996 -1.2081 0 1.2496
3 7 -1.0185 0 1.2293 -1.0399 0 1.2443 -1.013 0 1.2223
3 7 -1.0185 0 1.2293 -1.0273 0 1.2369 -1.0399 0 1.2443
4 7 -1.3633 0 1.2189 -1.09 0 1.0796 -1.0789 0 1.0973 -1.2863 0 1.2368
3 7 -1.7559 0 1.2076 -1.7244 0 1.2066 -1.7342 0 1.2082
3 7 -1.7559 0 1.2076 -1.7175 0 1.2041 -1.7244 0 1.2066
3 7 -1.7559 0 1.2076 -1.7128 0 1.2008 -1.7155 0 1.2029
3 7 -1.7559 0 1.2076 -1.71 0 1.1975 -1.7128 0 1.2008
3 7 -1.7559 0 1.2076 -1.7043 0 1.1872 -1.707 0 1.1927
3 7 -1.7559 0 1.2076 -1.7 0 1.175 -1.7043 0 1.1872
3 7 -1.7559 0 1.2076 -1.6994 0 1.1712 -1.6997 0 1.174
3 7 -1.771 0 1.2065 -1.8049 0 1.2027 -1.7009 0 1.158
4 7 -1.771 0 1.2065 -1.7009 0 1.158 -1.6994 0 1.1712 -1.7559 0 1.2076
3 7 -1.7155 0 1.2029 -1.7175 0 1.2041 -1.7559 0 1.2076
4 7 -2.1374 0 1.1989 -2.0926 0 1.1825 -2.0944 0 1.1841 -2.1296 0 1.1987
3 7 -2.1296 0 1.1987 -2.0944 0 1.1841 -2.1199 0 1.1968
3 7 -1.0089 0 1.1943 -1.0082 0 1.2046 -1.0539 0 1.2496
3 7 -1.4611 0 1.1928 -1.5583 0 1.1635 -1.4759 0 -0.3843
4 7 -1.4611 0 1.1928 -1.094 0 1.07 -1.09 0 1.0796 -1.3633 0 1.2189
3 7 -1.4611 0 1.1928 -1.0956 0 1.0631 -1.094 0 1.07
3 7 -1.707 0 1.1927 -1.71 0 1.1975 -1.7559 0 1.2076
3 7 -2.0944 0 1.1841 -2.1078 0 1.1922 -2.1199 0 1.1968
4 7 -2.1896 0 1.1835 -2.0883 0 1.1748 -2.0895 0 1.178 -2.1428 0 1.1982
3 7 -2.1896 0 1.1835 -2.0862 0 1.1652 -2.0883 0 1.1748
3 7 -2.1896 0 1.1835 -2.25 0 1.1558 -2.2754 0 0.3922
3 7 -2.1896 0 1.1835 -2.0803 0 1.1384 -2.0836 0 1.1534
3 7 -2.1896 0 1.1835 -2.0784 0 1.1316 -2.0803 0 1.1384
4 7 -2.091 0 1.1806 -2.1374 0 1.1989 -2.1428 0 1.1982 -2.0895 0 1.178
3 7 -2.091 0 1.1806 -2.0926 0 1.1825 -2.1374 0 1.1989
3 7 -1.6997 0 1.174 -1.7 0 1.175 -1.7559 0 1.2076
3 7 -1.9418 0 1.1617 -1.701 0 1.1539 -1.8903 0 1.1796
3 7 -1.7009 0 1.158 -1.8049 0 1.2027 -1.8376 0 1.1957
4 7 -1.701 0 1.1539 -1.7009 0 1.158 -1.8376 0 1.1957 -1.8903 0 1.1796
3 7 -2.0836 0 1.1534 -2.0862 0 1.1652 -2.1896 0 1.1835
3 7 -1.7 0 1.1493 -1.7006 0 1.1513 -1.9952 0 1.1421
4 7 -1.7 0 1.1493 -1.4816 0 -0.385 -1.4791 0 -0.3845 -1.6995 0 1.1482
3 7 -2.6271 0 1.1491 -2.653 0 1.1407 -2.6732 0 1.129
3 7 -2.6271 0 1.1491 -2.6732 0 1.129 -2.6905 0 1.1145
4 7 -2.6271 0 1.1491 -2.7174 0 1.0837 -2.7321 0 1.0592 -2.6202 0 1.1491
3 7 -2.6202 0 1.1491 -2.7321 0 1.0592 -2.6106 0 1.1475
3 7 -2.6313 0 1.1485 -2.653 0 1.1407 -2.6271 0 1.1491
3 7 -1.6995 0 1.1482 -1.4791 0 -0.3845 -1.6972 0 1.1442
4 7 -1.9952 0 1.1421 -1.7006 0 1.1513 -1.701 0 1.1539 -1.9418 0 1.1617
3 7 -1.9952 0 1.1421 -2.2448 0 0.3812 -2.2387 0 0.3785
3 7 -1.9952 0 1.1421 -1.988 0 0.2443 -1.906 0 0.1809
3 7 -1.9952 0 1.1421 -1.906 0 0.1809 -1.8861 0 0.162
4 7 -1.9952 0 1.1421 -1.8421 0 0.1094 -1.4816 0 -0.385 -1.7 0 1.1493
3 7 -2.5888 0 1.1357 -2.5928 0 1.1394 -2.739 0 1.0424
3 7 -1.6883 0 1.1351 -1.6933 0 1.1394 -1.4791 0 -0.3845
3 7 -1.6742 0 1.1291 -1.6784 0 1.1302 -1.4791 0 -0.3845
3 7 -1.0524 0 1.1287 -1.0224 0 1.1634 -1.2057 0 1.2499
4 7 -1.6535 0 1.1283 -1.4791 0 -0.3845 -1.4759 0 -0.3843 -1.6441 0 1.1302
3 7 -2.0765 0 1.1279 -2.0784 0 1.1316 -2.1896 0 1.1835
3 7 -1.6646 0 1.1278 -1.4791 0 -0.3845 -1.6535 0 1.1283
3 7 -2.0486 0 1.1236 -2.0572 0 1.1214 -2.2662 0 0.3902
4 7 -2.0486 0 1.1236 -2.2662 0 0.3902 -2.2448 0 0.3812 -1.9952 0 1.1421
3 7 -2.0721 0 1.1231 -2.0727 0 1.1236 -2.2754 0 0.3922
3 7 -2.6905 0 1.1145 -2.7174 0 1.0837 -2.6271 0 1.1491
4 7 -2.5706 0 1.1037 -2.7457 0 1.011 -2.749 0 0.9563 -2.553 0 1.0801
4 7 -1.0772 0 1.0996 -1.0524 0 1.1287 -1.2057 0 1.2499 -1.2081 0 1.2496
4 7 -2.553 0 1.0801 -2.749 0 0.9563 -2.7498 0 0.9337 -2.5356 0 1.0565
4 7 -2.3912 0 1.0789 -2.2854 0 0.392 -2.282 0 0.3925 -2.3293 0 1.1149
3 7 -2.7321 0 1.0592 -2.6013 0 1.1442 -2.6106 0 1.1475
4 7 -2.5356 0 1.0565 -2.7498 0 0.9337 -2.7482 0 0.8894 -2.5321 0 1.0516
3 7 -1.096 0 1.0558 -1.4611 0 1.1928 -1.0952 0 1.0482
3 7 -1.096 0 1.0558 -1.0956 0 1.0631 -1.4611 0 1.1928
4 7 -0.898 0 1.0498 -0.9447 0 1.0479 -0.8592 0 1.0008 -0.858 0 1.0026
3 7 -2.4332 0 1.0496 -2.2854 0 0.392 -2.3912 0 1.0789
3 7 -1.0952 0 1.0482 -1.4611 0 1.1928 -1.0931 0 1.041
3 7 -0.9447 0 1.0479 -0.8626 0 0.997 -0.8592 0 1.0008
3 7 -0.9447 0 1.0479 -0.8838 0 0.9806 -0.8741 0 0.9881
3 7 -0.9447 0 1.0479 -0.8871 0 0.9769 -0.8838 0 0.9806
4 7 -2.739 0 1.0424 -2.5939 0 1.1403 -2.6013 0 1.1442 -2.7321 0 1.0592
3 7 -2.739 0 1.0424 -2.5928 0 1.1394 -2.5939 0 1.1403
3 7 -2.739 0 1.0424 -2.5849 0 1.1305 -2.5888 0 1.1357
3 7 -2.739 0 1.0424 -2.5806 0 1.1232 -2.5849 0 1.1305
4 7 -2.739 0 1.0424 -2.7457 0 1.011 -2.5706 0 1.1037 -2.5806 0 1.1232
4 7 -0.9914 0 1.0415 -0.8882 0 0.9754 -0.8871 0 0.9769 -0.9447 0 1.0479
3 7 -1.0931 0 1.041 -1.4611 0 1.1928 -1.0905 0 1.0358
3 7 -0.859 0 1.0404 -0.8673 0 1.0444 -0.858 0 1.0026
3 7 -0.8539 0 1.0368 -0.859 0 1.0404 -0.858 0 1.0026
4 7 -1.0905 0 1.0358 -1.4611 0 1.1928 -1.4759 0 -0.3843 -1.088 0 1.0324
4 7 -2.5209 0 1.0348 -2.7486 0 0.8539 -2.7498 0 0.8451 -2.5156 0 1.0289
4 7 -1.0263 0 1.0339 -0.8933 0 0.9674 -0.8882 0 0.9754 -0.9914 0 1.0415
3 7 -0.8494 0 1.0322 -0.8478 0 1.0295 -0.8485 0 1.0309
3 7 -0.8494 0 1.0322 -0.8474 0 1.0279 -0.8478 0 1.0295
3 7 -0.8494 0 1.0322 -0.8475 0 1.0233 -0.8473 0 1.0258
3 7 -0.8494 0 1.0322 -0.8484 0 1.0197 -0.8475 0 1.0233
3 7 -1.0828 0 1.0291 -1.0854 0 1.0304 -1.4759 0 -0.3843
3 7 -1.0828 0 1.0291 -0.8961 0 0.9543 -0.8964 0 0.9565
3 7 -2.5156 0 1.0289 -2.7498 0 0.8451 -2.75 0 0.8442
3 7 -2.4671 0 1.0278 -2.2854 0 0.392 -2.4332 0 1.0496
3 7 -1.0614 0 1.0275 -1.0727 0 1.0271 -0.8954 0 0.9626
4 7 -1.0614 0 1.0275 -0.8954 0 0.9626 -0.8933 0 0.9674 -1.0263 0 1.0339
3 7 -0.8473 0 1.0258 -0.8474 0 1.0279 -0.8494 0 1.0322
3 7 -2.5113 0 1.0257 -2.7504 0 0.8433 -3.215 0 -0.2786
4 7 -2.5113 0 1.0257 -2.8081 0 0.0146 -2.7652 0 0.05 -2.5025 0 1.0224
3 7 -2.5113 0 1.0257 -2.8517 0 -0.0277 -2.8081 0 0.0146
4 7 -2.5113 0 1.0257 -3.215 0 -0.2786 -2.8915 0 -0.0742 -2.8517 0 -0.0277
4 7 -2.4763 0 1.0233 -2.2895 0 0.3907 -2.2854 0 0.392 -2.4671 0 1.0278
3 7 -2.5025 0 1.0224 -2.7652 0 0.05 -2.7198 0 0.0816
4 7 -2.481 0 1.0217 -2.2947 0 0.3881 -2.2895 0 0.3907 -2.4763 0 1.0233
3 7 -2.481 0 1.0217 -2.3136 0 0.3726 -2.3002 0 0.3844
4 7 -2.4862 0 1.0208 -2.3392 0 0.3452 -2.3136 0 0.3726 -2.481 0 1.0217
3 7 -2.4862 0 1.0208 -2.3646 0 0.3172 -2.3392 0 0.3452
4 7 -0.8511 0 1.0136 -0.8494 0 1.0322 -0.8496 0 1.0324 -0.858 0 1.0026
3 7 -0.8511 0 1.0136 -0.8484 0 1.0197 -0.8494 0 1.0322
3 7 -0.858 0 1.0026 -0.8803 0 1.0479 -0.898 0 1.0498
3 7 -0.858 0 1.0026 -0.8673 0 1.0444 -0.8803 0 1.0479
3 7 -0.858 0 1.0026 -0.8496 0 1.0324 -0.8539 0 1.0368
3 7 -0.8741 0 0.9881 -0.8626 0 0.997 -0.9447 0 1.0479
3 7 -0.8954 0 0.9626 -1.0791 0 1.028 -1.0828 0 1.0291
3 7 -0.8954 0 0.9626 -1.0727 0 1.0271 -1.0791 0 1.028
3 7 -0.8962 0 0.959 -1.0828 0 1.0291 -0.8964 0 0.9565
3 7 -0.8962 0 0.959 -0.8954 0 0.9626 -1.0828 0 1.0291
4 7 0.3327 0 0.9561 -0.0341 0 -0.0958 -0.0274 0 -0.0983 0.4143 0 0.9542
3 7 0.2482 0 0.9548 -0.0341 0 -0.0958 0.3327 0 0.9561
3 7 1.947 0 0.9512 1.8486 0 0.9237 2.1426 0 0.4422
4 7 1.947 0 0.9512 2.1426 0 0.4422 2.164 0 0.4523 1.9627 0 0.9537
4 7 0.1643 0 0.9479 -0.0444 0 -0.0939 -0.0341 0 -0.0958 0.2482 0 0.9548
3 7 -0.8884 0 0.9396 -0.8944 0 0.9496 -1.4759 0 -0.3843
3 7 3.3004 0 0.934 3.2913 0 0.9339 3.331 0 0.9024
3 7 3.3072 0 0.9328 3.3144 0 0.9287 3.3108 0 0.9312
3 7 3.3072 0 0.9328 3.3182 0 0.925 3.3144 0 0.9287
4 7 0.0412 0 0.9275 -0.0566 0 -0.094 -0.0444 0 -0.0939 0.1643 0 0.9479
4 7 3.256 0 0.9246 3.342 0 0.877 3.331 0 0.9024 3.2765 0 0.931
3 7 3.256 0 0.9246 3.3504 0 0.8503 3.342 0 0.877
3 7 3.256 0 0.9246 3.3528 0 0.8275 3.3527 0 0.8327
3 7 3.256 0 0.9246 3.3502 0 0.7646 3.3528 0 0.8275
4 7 3.3217 0 0.9204 3.3072 0 0.9328 3.3068 0 0.9329 3.331 0 0.9024
3 7 3.3217 0 0.9204 3.3182 0 0.925 3.3072 0 0.9328
3 7 -0.8605 0 0.913 -0.8789 0 0.9285 -1.4759 0 -0.3843
3 7 -0.0807 0 0.9064 -0.0566 0 -0.094 0.0412 0 0.9275
3 7 3.331 0 0.9024 3.2913 0 0.9339 3.2765 0 0.931
3 7 3.331 0 0.9024 3.3068 0 0.9329 3.3004 0 0.934
4 7 -2.7482 0 0.8894 -2.7486 0 0.8539 -2.5209 0 1.0348 -2.5321 0 1.0516
4 7 2.3672 0 0.8866 2.249 0 0.9203 2.2081 0 0.459 2.244 0 0.4544
3 7 2.3672 0 0.8866 2.244 0 0.4544 2.2805 0 0.4464
4 7 2.3672 0 0.8866 2.2805 0 0.4464 2.3935 0 0.4162 2.4587 0 0.8617
3 7 -0.7352 0 0.8771 -0.7937 0 0.8857 -1.4714 0 -0.3849
4 7 -0.7352 0 0.8771 -1.4714 0 -0.3849 -1.4649 0 -0.387 -0.6762 0 0.8741
3 7 -0.6762 0 0.8741 -0.5015 0 -0.2479 -0.421 0 -0.2284
3 7 -0.6762 0 0.8741 -0.582 0 -0.2632 -0.5015 0 -0.2479
3 7 -0.6762 0 0.8741 -0.7229 0 -0.2823 -0.6524 0 -0.2743
3 7 -0.6762 0 0.8741 -0.8509 0 -0.2836 -0.8309 0 -0.2853
3 7 -0.6762 0 0.8741 -0.772 0 -0.2845 -0.7229 0 -0.2823
3 7 -0.6762 0 0.8741 -0.8309 0 -0.2853 -0.8213 0 -0.2855
3 7 -0.6762 0 0.8741 -0.8615 0 -0.2854 -0.8575 0 -0.2842
3 7 -0.6762 0 0.8741 -0.8654 0 -0.2872 -0.8615 0 -0.2854
3 7 -0.6762 0 0.8741 -0.8703 0 -0.2911 -0.866 0 -0.2876
3 7 -0.6762 0 0.8741 -0.8747 0 -0.2962 -0.8703 0 -0.2911
4 7 3.0985 0 0.8658 3.2751 0 0.5692 3.3012 0 0.6093 3.1772 0 0.8952
3 7 3.0985 0 0.8658 3.2613 0 0.553 3.2751 0 0.5692
4 7 2.4587 0 0.8617 2.3935 0 0.4162 2.5072 0 0.3884 2.5514 0 0.8394
3 7 1.7255 0 0.854 1.6937 0 0.8205 2.117 0 0.4241
4 7 -2.75 0 0.8442 -2.7504 0 0.8433 -2.5113 0 1.0257 -2.5156 0 1.0289
3 7 -2.7504 0 0.8433 -2.751 0 0.8424 -3.215 0 -0.2786
3 7 -2.752 0 0.8413 -3.029 0 0.5614 -3.0299 0 0.5567
3 7 -2.752 0 0.8413 -3.0299 0 0.5567 -3.0408 0 0.5052
3 7 -2.752 0 0.8413 -3.0537 0 0.4632 -3.0567 0 0.4563
3 7 -2.752 0 0.8413 -3.0567 0 0.4563 -3.323 0 -0.1358
3 7 -2.752 0 0.8413 -3.3135 0 -0.1645 -3.3084 0 -0.1853
3 7 -2.752 0 0.8413 -3.3084 0 -0.1853 -3.3014 0 -0.206
3 7 -2.752 0 0.8413 -3.2926 0 -0.2267 -3.2853 0 -0.2367
3 7 -2.752 0 0.8413 -3.2853 0 -0.2367 -3.2723 0 -0.2501
3 7 -2.752 0 0.8413 -3.2684 0 -0.254 -3.2569 0 -0.2636
3 7 -2.752 0 0.8413 -3.2569 0 -0.2636 -3.2491 0 -0.2685
3 7 -2.754 0 0.8399 -2.7656 0 0.8343 -2.825 0 0.796
3 7 -2.754 0 0.8399 -2.8832 0 0.7563 -2.9333 0 0.7193
3 7 -2.754 0 0.8399 -2.9333 0 0.7193 -2.9791 0 0.6785
3 7 -2.754 0 0.8399 -3.0019 0 0.6513 -3.0177 0 0.6235
3 7 -2.754 0 0.8399 -3.0177 0 0.6235 -3.0215 0 0.6147
3 7 -2.754 0 0.8399 -3.0243 0 0.6063 -3.0266 0 0.5911
3 7 -2.754 0 0.8399 -3.0266 0 0.5911 -3.029 0 0.5614
3 7 -2.754 0 0.8399 -3.029 0 0.5614 -2.752 0 0.8413
4 7 2.5514 0 0.8394 2.5072 0 0.3884 2.6271 0 0.3719 2.6538 0 0.8235
3 7 -2.7603 0 0.8369 -2.7656 0 0.8343 -2.754 0 0.8399
3 7 3.3527 0 0.8327 3.3504 0 0.8503 3.256 0 0.9246
4 7 2.6538 0 0.8235 2.6271 0 0.3719 2.7482 0 0.366 2.7574 0 0.8145
4 7 2.8427 0 0.8157 2.8556 0 0.3707 2.9617 0 0.3884 2.9267 0 0.8244
4 7 2.7574 0 0.8145 2.7482 0 0.366 2.8556 0 0.3707 2.8427 0 0.8157
3 7 -2.825 0 0.796 -2.8832 0 0.7563 -2.754 0 0.8399
3 7 3.3394 0 0.7083 3.256 0 0.9246 3.3296 0 0.6768
3 7 3.3394 0 0.7083 3.3502 0 0.7646 3.256 0 0.9246
3 7 -2.9791 0 0.6785 -3.0019 0 0.6513 -2.754 0 0.8399
4 7 3.3296 0 0.6768 3.256 0 0.9246 3.1772 0 0.8952 3.3012 0 0.6093
4 7 1.6244 0 0.6471 2.0396 0 0.3353 2.0751 0 0.3828 1.6428 0 0.7264
3 7 -3.0215 0 0.6147 -3.0243 0 0.6063 -2.754 0 0.8399
3 7 1.6184 0 0.6147 2.0396 0 0.3353 1.6244 0 0.6471
4 7 1.6122 0 0.5586 2.0336 0 0.3244 2.0396 0 0.3353 1.6184 0 0.6147
3 7 1.3791 0 0.5383 1.3137 0 0.5735 -0.0057 0 -0.1232
4 7 1.3858 0 0.5352 0 0 -0.1393 1.4497 0 0.1912 1.4424 0 0.5122
3 7 3.2143 0 0.5102 3.0985 0 0.8658 3.1434 0 0.463
3 7 3.2143 0 0.5102 3.2613 0 0.553 3.0985 0 0.8658
3 7 -3.0408 0 0.5052 -3.0537 0 0.4632 -2.752 0 0.8413
4 7 1.6093 0 0.502 2.0179 0 0.2799 2.0336 0 0.3244 1.6122 0 0.5586
3 7 1.6093 0 0.502 2.002 0 0.2499 2.0096 0 0.2611
3 7 1.6093 0 0.502 1.9806 0 0.2293 1.995 0 0.2418
3 7 1.6093 0 0.502 1.9586 0 0.2162 1.9806 0 0.2293
3 7 1.6093 0 0.502 1.9223 0 0.2046 1.9353 0 0.2077
3 7 1.6093 0 0.502 1.658 0 0.2005 1.8235 0 0.1994
3 7 1.6093 0 0.502 1.8797 0 0.2001 1.9223 0 0.2046
4 7 1.5515 0 0.4982 1.5045 0 0.4982 1.4851 0 0.198 1.4926 0 0.1986
4 7 1.5515 0 0.4982 1.4926 0 0.1986 1.658 0 0.2005 1.6093 0 0.502
4 7 3.1434 0 0.463 3.0985 0 0.8658 3.0135 0 0.842 3.0551 0 0.4195
4 7 2.2081 0 0.459 2.249 0 0.9203 2.1296 0 0.9479 2.1871 0 0.458
4 7 2.1871 0 0.458 2.1296 0 0.9479 2.0379 0 0.957 2.1826 0 0.4573
4 7 2.1826 0 0.4573 2.0379 0 0.957 1.9627 0 0.9537 2.164 0 0.4523
3 7 -3.0567 0 0.4563 -3.351 0 -0.0692 -3.349 0 -0.0811
3 7 -3.0567 0 0.4563 -3.349 0 -0.0811 -3.3427 0 -0.0989
3 7 -3.0567 0 0.4563 -3.34 0 -0.1049 -3.3344 0 -0.1165
3 7 2.1426 0 0.4422 1.8486 0 0.9237 1.7704 0 0.8861
4 7 2.1426 0 0.4422 1.7704 0 0.8861 1.7577 0 0.8783 2.117 0 0.4241
3 7 2.117 0 0.4241 1.7577 0 0.8783 1.7255 0 0.854
3 7 2.117 0 0.4241 1.6937 0 0.8205 1.6638 0 0.7759
4 7 2.117 0 0.4241 1.6638 0 0.7759 1.661 0 0.7705 2.0751 0 0.3828
4 7 3.0551 0 0.4195 3.0135 0 0.842 2.9267 0 0.8244 2.9617 0 0.3884
3 7 -3.0922 0 0.3951 -3.3421 0 0.0172 -3.3496 0 -0.0103
3 7 -3.0922 0 0.3951 -3.3496 0 -0.0103 -3.351 0 -0.0186
3 7 -3.0922 0 0.3951 -3.3529 0 -0.0436 -3.351 0 -0.0692
3 7 -3.0922 0 0.3951 -3.351 0 -0.0692 -3.0567 0 0.4563
3 7 -2.2754 0 0.3922 -2.25 0 1.1558 -2.2653 0 1.1485
4 7 -2.2754 0 0.3922 -2.2653 0 1.1485 -2.3293 0 1.1149 -2.282 0 0.3925
4 7 -2.2754 0 0.3922 -2.0748 0 1.1256 -2.0765 0 1.1279 -2.1896 0 1.1835
3 7 -2.2754 0 0.3922 -2.0727 0 1.1236 -2.0748 0 1.1256
3 7 -2.2754 0 0.3922 -2.0705 0 1.1221 -2.0721 0 1.1231
3 7 -2.2754 0 0.3922 -2.0685 0 1.1214 -2.0705 0 1.1221
3 7 -2.2754 0 0.3922 -2.0659 0 1.1209 -2.0685 0 1.1214
3 7 -2.2662 0 0.3902 -2.0572 0 1.1214 -2.0625 0 1.1208
4 7 -2.2662 0 0.3902 -2.0625 0 1.1208 -2.0659 0 1.1209 -2.2754 0 0.3922
3 7 -2.3002 0 0.3844 -2.2947 0 0.3881 -2.481 0 1.0217
3 7 2.0751 0 0.3828 1.661 0 0.7705 1.6428 0 0.7264
3 7 -2.1678 0 0.349 -1.9952 0 1.1421 -2.2387 0 0.3785
3 7 -2.1678 0 0.349 -2.0994 0 0.3146 -1.9952 0 1.1421
3 7 -3.1316 0 0.337 -3.3326 0 0.0368 -3.3421 0 0.0172
3 7 -3.1316 0 0.337 -3.3421 0 0.0172 -3.0922 0 0.3951
3 7 -2.0994 0 0.3146 -1.988 0 0.2443 -1.9952 0 1.1421
3 7 -2.4018 0 0.2827 -2.4862 0 1.0208 -2.4422 0 0.2508
3 7 -2.4018 0 0.2827 -2.3646 0 0.3172 -2.4862 0 1.0208
3 7 2.0096 0 0.2611 2.0179 0 0.2799 1.6093 0 0.502
4 7 -2.4422 0 0.2508 -2.4862 0 1.0208 -2.4935 0 1.0208 -2.5121 0 0.207
3 7 1.995 0 0.2418 2.002 0 0.2499 1.6093 0 0.502
3 7 1.9353 0 0.2077 1.9586 0 0.2162 1.6093 0 0.502
3 7 -2.5121 0 0.207 -2.4935 0 1.0208 -2.5839 0 0.1645
3 7 1.8235 0 0.1994 1.8797 0 0.2001 1.6093 0 0.502
4 7 1.4851 0 0.198 1.5045 0 0.4982 1.4942 0 0.4994 1.4497 0 0.1912
3 7 1.4497 0 0.1912 1.4942 0 0.4994 1.4424 0 0.5122
3 7 -3.233 0 0.1876 -3.3326 0 0.0368 -3.1316 0 0.337
3 7 -2.5839 0 0.1645 -2.4935 0 1.0208 -2.6521 0 0.1238
3 7 -1.8861 0 0.162 -1.8421 0 0.1094 -1.9952 0 1.1421
3 7 1.3783 0 0.1554 1.4011 0 0.1715 0 0 -0.1393
3 7 1.3509 0 0.129 1.3783 0 0.1554 0 0 -0.1393
3 7 1.3509 0 0.129 0 0 -0.1393 1.3198 0 0.0886
4 7 -2.6521 0 0.1238 -2.4935 0 1.0208 -2.5025 0 1.0224 -2.7198 0 0.0816
3 7 -1.8421 0 0.1094 -1.79 0 0.0223 -1.5118 0 -0.4022
3 7 -3.351 0 -0.0186 -3.3529 0 -0.0436 -3.0922 0 0.3951
3 7 -1.7535 0 -0.0949 -1.7636 0 -0.1827 -1.5662 0 -0.5327
4 7 -0.0666 0 -0.0958 -0.2271 0 0.8915 -0.3727 0 0.8815 -0.1457 0 -0.1277
4 7 -0.0666 0 -0.0958 -0.0566 0 -0.094 -0.0807 0 0.9064 -0.2271 0 0.8915
3 7 -0.0274 0 -0.0983 0.4953 0 0.9454 0.4143 0 0.9542
3 7 -0.0274 0 -0.0983 0.5078 0 0.9432 0.4953 0 0.9454
3 7 -3.3427 0 -0.0989 -3.34 0 -0.1049 -3.0567 0 0.4563
4 7 -0.0225 0 -0.1013 0.6506 0 0.9158 0.5078 0 0.9432 -0.0274 0 -0.0983
3 7 -0.0225 0 -0.1013 0.7771 0 0.88 0.6506 0 0.9158
4 7 -0.0188 0 -0.1044 0.9192 0 0.8179 0.7771 0 0.88 -0.0225 0 -0.1013
4 7 -0.0183 0 -0.1049 1.0556 0 0.744 0.9192 0 0.8179 -0.0188 0 -0.1044
4 7 -0.0121 0 -0.1121 1.1542 0 0.68 1.0556 0 0.744 -0.0183 0 -0.1049
4 7 -0.0057 0 -0.1232 1.2508 0 0.613 1.1542 0 0.68 -0.0121 0 -0.1121
3 7 -0.0057 0 -0.1232 1.3137 0 0.5735 1.2508 0 0.613
4 7 -0.0057 0 -0.1232 0 0 -0.1393 1.3858 0 0.5352 1.3791 0 0.5383
4 7 -0.1457 0 -0.1277 -0.3727 0 0.8815 -0.5244 0 0.8753 -0.2234 0 -0.1629
3 7 -3.323 0 -0.1358 -3.0567 0 0.4563 -3.3344 0 -0.1165
3 7 -3.323 0 -0.1358 -3.3193 0 -0.1438 -2.752 0 0.8413
3 7 0 0 -0.1393 1.4099 0 0.1762 1.4497 0 0.1912
3 7 0 0 -0.1393 1.4011 0 0.1715 1.4099 0 0.1762
3 7 0 0 -0.1393 1.2925 0 0.0452 1.3198 0 0.0886
3 7 -3.3193 0 -0.1438 -3.3135 0 -0.1645 -2.752 0 0.8413
4 7 0.0039 0 -0.1621 1.2508 0 -0.0319 1.2925 0 0.0452 0 0 -0.1393
3 7 0.0039 0 -0.1621 1.2065 0 -0.1074 1.2508 0 -0.0319
4 7 -0.2234 0 -0.1629 -0.5244 0 0.8753 -0.6762 0 0.8741 -0.3219 0 -0.1978
4 7 0.0043 0 -0.1679 1.1532 0 -0.1746 1.2065 0 -0.1074 0.0039 0 -0.1621
3 7 0.0043 0 -0.1679 1.0378 0 -0.2964 1.0948 0 -0.2375
3 7 0.0043 0 -0.1679 0.9765 0 -0.351 1.0378 0 -0.2964
3 7 0.0043 0 -0.1679 0.7872 0 -0.4553 0.838 0 -0.4373
3 7 -0.3219 0 -0.1978 -0.6762 0 0.8741 -0.421 0 -0.2284
4 7 -2.9605 0 -0.2011 -3.1321 0 -0.2953 -3.1267 0 -0.2954 -2.9715 0 -0.2264
3 7 -3.3014 0 -0.206 -3.2926 0 -0.2267 -2.752 0 0.8413
3 7 -2.9715 0 -0.2264 -3.1267 0 -0.2954 -2.9791 0 -0.2375
4 7 -2.9791 0 -0.2375 -3.1267 0 -0.2954 -3.0897 0 -0.295 -2.9894 0 -0.2477
3 7 1.0948 0 -0.2375 1.1532 0 -0.1746 0.0043 0 -0.1679
4 7 0.0025 0 -0.2391 0.7139 0 -0.4772 0.7872 0 -0.4553 0.0043 0 -0.1679
3 7 -2.9894 0 -0.2477 -3.0897 0 -0.295 -3.0683 0 -0.2917
3 7 -3.2723 0 -0.2501 -3.2684 0 -0.254 -2.752 0 0.8413
3 7 -3.2441 0 -0.2707 -2.752 0 0.8413 -3.2491 0 -0.2685
3 7 -0.6524 0 -0.2743 -0.582 0 -0.2632 -0.6762 0 0.8741
3 7 -1.7834 0 -0.2772 -1.8043 0 -0.3676 -1.5662 0 -0.5327
4 7 -3.215 0 -0.2786 -2.751 0 0.8424 -2.752 0 0.8413 -3.2441 0 -0.2707
3 7 -3.215 0 -0.2786 -2.9213 0 -0.1202 -2.8915 0 -0.0742
3 7 -0.8575 0 -0.2842 -0.8509 0 -0.2836 -0.6762 0 0.8741
4 7 -3.1851 0 -0.2847 -2.9475 0 -0.1687 -2.9213 0 -0.1202 -3.215 0 -0.2786
3 7 -0.8213 0 -0.2855 -0.772 0 -0.2845 -0.6762 0 0.8741
3 7 -3.0541 0 -0.2872 -2.9894 0 -0.2477 -3.0683 0 -0.2917
3 7 -3.0541 0 -0.2872 -3.0201 0 -0.2706 -2.9894 0 -0.2477
3 7 -0.866 0 -0.2876 -0.8654 0 -0.2872 -0.6762 0 0.8741
4 7 -3.1559 0 -0.2916 -2.9605 0 -0.2011 -2.9475 0 -0.1687 -3.1851 0 -0.2847
3 7 -3.1559 0 -0.2916 -3.1321 0 -0.2953 -2.9605 0 -0.2011
3 7 -0.0074 0 -0.3096 0.6755 0 -0.4985 0.6879 0 -0.4903
3 7 -0.8832 0 -0.314 -0.8791 0 -0.3036 -1.4573 0 -0.3908
3 7 -0.8854 0 -0.3246 -1.4281 0 -0.4213 -1.4191 0 -0.4306
3 7 -0.8854 0 -0.3246 -1.4191 0 -0.4306 -1.3968 0 -0.4526
3 7 -0.8854 0 -0.3246 -1.374 0 -0.4745 -1.3582 0 -0.489
3 7 -0.8854 0 -0.3246 -1.3582 0 -0.489 -1.3502 0 -0.4973
4 7 -0.8854 0 -0.3246 -1.3502 0 -0.4973 -1.3449 0 -0.5052 -0.885 0 -0.3659
4 7 -0.0181 0 -0.349 -0.0358 0 -0.3876 0.4512 0 -0.7307 0.4852 0 -0.6816
4 7 -0.0181 0 -0.349 0.6017 0 -0.5583 0.6755 0 -0.4985 -0.0074 0 -0.3096
3 7 -0.0181 0 -0.349 0.5237 0 -0.6362 0.6017 0 -0.5583
3 7 -1.4759 0 -0.3843 -1.5583 0 1.1635 -1.6012 0 1.1462
3 7 -1.4759 0 -0.3843 -1.6012 0 1.1462 -1.6441 0 1.1302
3 7 -1.4759 0 -0.3843 -1.0873 0 1.0318 -1.088 0 1.0324
3 7 -1.4759 0 -0.3843 -1.0854 0 1.0304 -1.0873 0 1.0318
4 7 -1.4759 0 -0.3843 -0.8955 0 0.9521 -0.8961 0 0.9543 -1.0828 0 1.0291
3 7 -1.4759 0 -0.3843 -0.8944 0 0.9496 -0.8955 0 0.9521
3 7 -1.4759 0 -0.3843 -0.8789 0 0.9285 -0.8884 0 0.9396
3 7 -1.4759 0 -0.3843 -0.8486 0 0.9058 -0.8605 0 0.913
3 7 -1.4791 0 -0.3845 -1.6933 0 1.1394 -1.6972 0 1.1442
3 7 -1.4791 0 -0.3845 -1.6829 0 1.1319 -1.6883 0 1.1351
3 7 -1.4791 0 -0.3845 -1.6784 0 1.1302 -1.6829 0 1.1319
3 7 -1.4791 0 -0.3845 -1.6646 0 1.1278 -1.6742 0 1.1291
4 7 -1.4714 0 -0.3849 -0.8217 0 0.8933 -0.8486 0 0.9058 -1.4759 0 -0.3843
3 7 -1.4714 0 -0.3849 -0.7937 0 0.8857 -0.8217 0 0.8933
3 7 -1.4816 0 -0.385 -1.8421 0 0.1094 -1.4967 0 -0.392
4 7 -0.7304 0 -0.3859 -0.7487 0 -0.3867 -0.6178 0 -0.5757 -0.6058 0 -0.5698
4 7 -0.7304 0 -0.3859 -0.6058 0 -0.5698 -0.5758 0 -0.5593 -0.6162 0 -0.3892
3 7 -0.0358 0 -0.3876 0.4187 0 -0.7898 0.4512 0 -0.7307
4 7 -0.6162 0 -0.3892 -0.535 0 -0.5274 -0.5071 0 -0.4933 -0.5019 0 -0.395
3 7 -0.6162 0 -0.3892 -0.5603 0 -0.5508 -0.535 0 -0.5274
3 7 -0.6162 0 -0.3892 -0.5758 0 -0.5593 -0.5647 0 -0.5538
3 7 -0.7573 0 -0.3896 -0.7604 0 -0.3916 -0.6178 0 -0.5757
4 7 -1.4573 0 -0.3908 -0.8747 0 -0.2962 -0.6762 0 0.8741 -1.4649 0 -0.387
3 7 -1.4573 0 -0.3908 -0.8791 0 -0.3036 -0.8747 0 -0.2962
3 7 -1.4967 0 -0.392 -1.8421 0 0.1094 -1.5118 0 -0.4022
4 7 -0.5019 0 -0.395 -0.5071 0 -0.4933 -0.5019 0 -0.4861 -0.4872 0 -0.3953
3 7 -0.4778 0 -0.397 -0.4811 0 -0.396 -0.5019 0 -0.4861
3 7 0.9098 0 -0.3979 0.9765 0 -0.351 0.0043 0 -0.1679
3 7 -0.4742 0 -0.3992 -0.4758 0 -0.398 -0.5019 0 -0.4861
4 7 -1.4464 0 -0.4004 -0.8854 0 -0.3246 -0.8832 0 -0.314 -1.4573 0 -0.3908
3 7 -1.4464 0 -0.4004 -1.4281 0 -0.4213 -0.8854 0 -0.3246
3 7 -1.5118 0 -0.4022 -1.79 0 0.0223 -1.7752 0 -0.0061
3 7 -1.5118 0 -0.4022 -1.7752 0 -0.0061 -1.5241 0 -0.414
3 7 -0.4702 0 -0.4063 -0.4711 0 -0.4036 -0.4852 0 -0.4593
3 7 -0.8788 0 -0.4129 -0.8797 0 -0.4066 -1.3449 0 -0.5052
3 7 -1.5241 0 -0.414 -1.7752 0 -0.0061 -1.5458 0 -0.4427
3 7 -0.4728 0 -0.4306 -0.4696 0 -0.4151 -0.4852 0 -0.4593
3 7 0.838 0 -0.4373 0.9098 0 -0.3979 0.0043 0 -0.1679
3 7 -1.5458 0 -0.4427 -1.7752 0 -0.0061 -1.5625 0 -0.4745
3 7 -1.3968 0 -0.4526 -1.374 0 -0.4745 -0.8854 0 -0.3246
4 7 -0.4852 0 -0.4593 -0.4722 0 -0.4015 -0.4728 0 -0.4007 -0.5019 0 -0.4861
3 7 -0.4852 0 -0.4593 -0.4711 0 -0.4036 -0.4722 0 -0.4015
3 7 -0.4852 0 -0.4593 -0.4696 0 -0.4098 -0.4702 0 -0.4063
3 7 -0.4852 0 -0.4593 -0.4696 0 -0.4151 -0.4696 0 -0.4098
3 7 -0.8647 0 -0.4656 -0.8654 0 -0.4637 -1.3449 0 -0.5052
3 7 -0.8647 0 -0.4656 -0.7485 0 -0.6931 -0.7479 0 -0.6925
3 7 -0.8601 0 -0.4723 -0.8629 0 -0.4688 -0.746 0 -0.6907
3 7 -0.8253 0 -0.4742 -0.7364 0 -0.6861 -0.7271 0 -0.6826
3 7 -1.5625 0 -0.4745 -1.7752 0 -0.0061 -1.7622 0 -0.0369
3 7 -1.5625 0 -0.4745 -1.7622 0 -0.0369 -1.5651 0 -0.4826
3 7 -0.8302 0 -0.4766 -0.8364 0 -0.4785 -0.7431 0 -0.6888
4 7 -0.8302 0 -0.4766 -0.7431 0 -0.6888 -0.7364 0 -0.6861 -0.8253 0 -0.4742
3 7 -0.8364 0 -0.4785 -0.8422 0 -0.4791 -0.7431 0 -0.6888
3 7 -0.8479 0 -0.4787 -0.8508 0 -0.4781 -0.7431 0 -0.6888
4 7 -0.0932 0 -0.4805 0.3869 0 -0.85 0.4187 0 -0.7898 -0.0358 0 -0.3876
3 7 -1.5651 0 -0.4826 -1.7622 0 -0.0369 -1.5679 0 -0.4984
3 7 -0.5019 0 -0.4861 -0.4811 0 -0.396 -0.4872 0 -0.3953
3 7 -0.5019 0 -0.4861 -0.4758 0 -0.398 -0.4778 0 -0.397
3 7 -0.5019 0 -0.4861 -0.4728 0 -0.4007 -0.4742 0 -0.3992
4 7 0.6879 0 -0.4903 0.7139 0 -0.4772 0.0025 0 -0.2391 -0.0074 0 -0.3096
3 7 -1.3449 0 -0.5052 -0.8797 0 -0.4066 -0.885 0 -0.3659
3 7 -1.3449 0 -0.5052 -0.8732 0 -0.4418 -0.8788 0 -0.4129
3 7 -1.3449 0 -0.5052 -0.8654 0 -0.4637 -0.8732 0 -0.4418
4 7 -1.3449 0 -0.5052 -0.7494 0 -0.6942 -0.7485 0 -0.6931 -0.8647 0 -0.4656
3 7 -1.3449 0 -0.5052 -0.7503 0 -0.6957 -0.7494 0 -0.6942
3 7 -1.3449 0 -0.5052 -0.7513 0 -0.6993 -0.751 0 -0.6975
3 7 -1.3449 0 -0.5052 -0.7513 0 -0.7008 -0.7513 0 -0.6993
3 7 -1.3449 0 -0.5052 -0.7508 0 -0.7032 -0.7511 0 -0.7021
3 7 -1.3449 0 -0.5052 -0.7503 0 -0.7041 -0.7508 0 -0.7032
3 7 -1.3449 0 -0.5052 -0.7337 0 -0.7226 -0.7496 0 -0.705
3 7 -1.3416 0 -0.5133 -1.34 0 -0.5209 -0.7205 0 -0.7329
4 7 -1.3416 0 -0.5133 -0.7205 0 -0.7329 -0.7337 0 -0.7226 -1.3449 0 -0.5052
3 7 -0.1267 0 -0.5218 -0.0052 0 -0.8822 0 0 -0.8832
3 7 -0.1267 0 -0.5218 0 0 -0.8832 0.1199 0 -0.9072
4 7 -0.1267 0 -0.5218 0.37 0 -0.8913 0.3869 0 -0.85 -0.0932 0 -0.4805
3 7 -0.1267 0 -0.5218 0.3614 0 -0.9087 0.37 0 -0.8913
3 7 -0.1267 0 -0.5218 0.3488 0 -0.9235 0.3546 0 -0.918
3 7 -0.1267 0 -0.5218 0.2402 0 -0.928 0.2923 0 -0.9354
3 7 -0.1267 0 -0.5218 0.342 0 -0.928 0.3488 0 -0.9235
3 7 -0.1267 0 -0.5218 0.2923 0 -0.9354 0.3094 0 -0.9359
3 7 -1.5684 0 -0.5235 -1.7622 0 -0.0369 -1.568 0 -0.5259
3 7 -1.5684 0 -0.5235 -1.5679 0 -0.4984 -1.7622 0 -0.0369
3 7 -1.3399 0 -0.5257 -1.3404 0 -0.5294 -1.1481 0 -0.7787
3 7 -1.568 0 -0.5259 -1.7622 0 -0.0369 -1.5662 0 -0.5327
3 7 -1.3414 0 -0.5324 -1.3424 0 -0.5343 -1.1481 0 -0.7787
3 7 -1.5662 0 -0.5327 -1.7622 0 -0.0369 -1.7547 0 -0.0706
3 7 -1.5662 0 -0.5327 -1.7547 0 -0.0706 -1.7535 0 -0.0949
3 7 -1.5662 0 -0.5327 -1.7636 0 -0.1827 -1.7827 0 -0.2735
3 7 -1.5662 0 -0.5327 -1.7827 0 -0.2735 -1.7834 0 -0.2772
3 7 -1.5662 0 -0.5327 -1.8043 0 -0.3676 -1.826 0 -0.458
4 7 -1.5662 0 -0.5327 -1.826 0 -0.458 -1.8405 0 -0.5203 -1.5636 0 -0.5382
3 7 -1.5636 0 -0.5382 -1.8405 0 -0.5203 -1.8472 0 -0.5638
3 7 -1.5636 0 -0.5382 -1.8472 0 -0.5638 -1.8475 0 -0.5832
3 7 -1.5636 0 -0.5382 -1.8432 0 -0.6179 -1.8248 0 -0.6791
3 7 -1.5574 0 -0.5458 -1.7736 0 -0.787 -1.7689 0 -0.7904
4 7 -1.5574 0 -0.5458 -1.7689 0 -0.7904 -1.7611 0 -0.7942 -1.5563 0 -0.5469
3 7 -1.5563 0 -0.5469 -1.7611 0 -0.7942 -1.7491 0 -0.7976
4 7 -1.5457 0 -0.5532 -1.6091 0 -0.7753 -1.5532 0 -0.7638 -1.5341 0 -0.5566
4 7 -1.3749 0 -0.5533 -1.3831 0 -0.7515 -1.3111 0 -0.7506 -1.3688 0 -0.5514
3 7 -0.5647 0 -0.5538 -0.5603 0 -0.5508 -0.6162 0 -0.3892
4 7 -1.4133 0 -0.5617 -1.4682 0 -0.7554 -1.3831 0 -0.7515 -1.3749 0 -0.5533
3 7 -1.4524 0 -0.5658 -1.4695 0 -0.5655 -1.4682 0 -0.7554
3 7 -1.4524 0 -0.5658 -1.4682 0 -0.7554 -1.4133 0 -0.5617
4 7 -0.1917 0 -0.566 -0.0957 0 -0.8673 -0.0908 0 -0.8667 -0.1495 0 -0.5413
3 7 -0.6178 0 -0.5757 -0.7487 0 -0.3867 -0.7534 0 -0.3879
3 7 -0.6178 0 -0.5757 -0.7534 0 -0.3879 -0.7573 0 -0.3896
3 7 -0.6178 0 -0.5757 -0.7604 0 -0.3916 -0.7673 0 -0.3975
4 7 -0.6178 0 -0.5757 -0.7673 0 -0.3975 -0.7767 0 -0.4091 -0.6255 0 -0.5813
4 7 -0.2159 0 -0.5773 -0.1154 0 -0.872 -0.0957 0 -0.8673 -0.1917 0 -0.566
3 7 -0.2159 0 -0.5773 -0.1401 0 -0.882 -0.1154 0 -0.872
3 7 -0.6255 0 -0.5813 -0.7767 0 -0.4091 -0.7923 0 -0.4332
4 7 -0.6255 0 -0.5813 -0.7923 0 -0.4332 -0.7945 0 -0.4364 -0.6349 0 -0.5907
3 7 -1.8475 0 -0.5832 -1.8432 0 -0.6179 -1.5636 0 -0.5382
4 7 -0.2501 0 -0.5884 -0.1868 0 -0.9056 -0.1401 0 -0.882 -0.2159 0 -0.5773
4 7 -0.6349 0 -0.5907 -0.7945 0 -0.4364 -0.8065 0 -0.4537 -0.6495 0 -0.6088
4 7 -0.2945 0 -0.5961 -0.2122 0 -0.916 -0.1868 0 -0.9056 -0.2501 0 -0.5884
3 7 -0.3034 0 -0.5972 -0.34 0 -0.598 -0.2618 0 -0.9382
4 7 -0.3034 0 -0.5972 -0.2618 0 -0.9382 -0.2122 0 -0.916 -0.2945 0 -0.5961
3 7 -0.4208 0 -0.6008 -0.2618 0 -0.9382 -0.3852 0 -0.5972
4 7 -0.6495 0 -0.6088 -0.8065 0 -0.4537 -0.8138 0 -0.4639 -0.6574 0 -0.6191
4 7 -0.4552 0 -0.6088 -0.2835 0 -0.9528 -0.2618 0 -0.9382 -0.4208 0 -0.6008
4 7 -0.4797 0 -0.619 -0.2846 0 -0.9538 -0.2835 0 -0.9528 -0.4552 0 -0.6088
4 7 -0.6574 0 -0.6191 -0.8138 0 -0.4639 -0.8199 0 -0.4702 -0.6765 0 -0.6471
3 7 -0.513 0 -0.6379 -0.5228 0 -0.6436 -0.8932 0 -0.9486
4 7 -0.513 0 -0.6379 -0.2859 0 -0.9554 -0.2846 0 -0.9538 -0.4797 0 -0.619
3 7 -0.513 0 -0.6379 -0.2883 0 -0.9612 -0.2872 0 -0.9578
3 7 -0.513 0 -0.6379 -0.5934 0 -1.1582 -0.5894 0 -1.1568
4 7 -0.6765 0 -0.6471 -0.8199 0 -0.4702 -0.8213 0 -0.4713 -0.6895 0 -0.6627
4 7 -0.6895 0 -0.6627 -0.8213 0 -0.4713 -0.8253 0 -0.4742 -0.6961 0 -0.6677
3 7 -0.6961 0 -0.6677 -0.8253 0 -0.4742 -0.7073 0 -0.6739
3 7 0.4852 0 -0.6816 0.5237 0 -0.6362 -0.0181 0 -0.349
3 7 -0.7271 0 -0.6826 -0.7073 0 -0.6739 -0.8253 0 -0.4742
4 7 -0.7431 0 -0.6888 -0.8538 0 -0.4769 -0.8569 0 -0.4751 -0.746 0 -0.6907
3 7 -0.7431 0 -0.6888 -0.8508 0 -0.4781 -0.8538 0 -0.4769
3 7 -0.7431 0 -0.6888 -0.8471 0 -0.4789 -0.8479 0 -0.4787
3 7 -0.7431 0 -0.6888 -0.8422 0 -0.4791 -0.8471 0 -0.4789
3 7 -0.746 0 -0.6907 -0.8647 0 -0.4656 -0.7479 0 -0.6925
3 7 -0.746 0 -0.6907 -0.8629 0 -0.4688 -0.8647 0 -0.4656
3 7 -0.746 0 -0.6907 -0.8569 0 -0.4751 -0.8601 0 -0.4723
3 7 -0.751 0 -0.6975 -0.7503 0 -0.6957 -1.3449 0 -0.5052
3 7 -0.7511 0 -0.7021 -0.7513 0 -0.7008 -1.3449 0 -0.5052
3 7 -0.7496 0 -0.705 -0.7503 0 -0.7041 -1.3449 0 -0.5052
4 7 -1.8151 0 -0.7058 -1.5604 0 -0.5429 -1.5636 0 -0.5382 -1.8248 0 -0.6791
3 7 -0.633 0 -0.7148 -0.8969 0 -0.9435 -0.8932 0 -0.9486
3 7 -0.633 0 -0.7148 -0.8932 0 -0.9486 -0.5945 0 -0.6901
3 7 -0.7205 0 -0.7329 -1.34 0 -0.5209 -1.3399 0 -0.5257
3 7 -0.7205 0 -0.7329 -1.3399 0 -0.5257 -0.7087 0 -0.739
3 7 -0.6729 0 -0.7365 -0.8969 0 -0.9435 -0.633 0 -0.7148
4 7 -0.7087 0 -0.739 -1.3399 0 -0.5257 -1.1481 0 -0.7787 -1.1183 0 -0.7966
4 7 -0.7087 0 -0.739 -1.1183 0 -0.7966 -1.0839 0 -0.8259 -0.7049 0 -0.7402
3 7 -0.681 0 -0.7394 -1.0762 0 -0.8352 -1.0592 0 -0.8647
3 7 -0.681 0 -0.7394 -1.0592 0 -0.8647 -1.0517 0 -0.8758
3 7 -0.681 0 -0.7394 -1.0464 0 -0.8815 -1.0289 0 -0.8947
3 7 -0.681 0 -0.7394 -1.0289 0 -0.8947 -0.9977 0 -0.9104
3 7 -0.681 0 -0.7394 -0.9977 0 -0.9104 -0.9847 0 -0.9155
3 7 -0.681 0 -0.7394 -0.9847 0 -0.9155 -0.9659 0 -0.9208
3 7 -0.681 0 -0.7394 -0.9659 0 -0.9208 -0.9246 0 -0.9288
3 7 -0.681 0 -0.7394 -0.9246 0 -0.9288 -0.9113 0 -0.9336
3 7 -0.681 0 -0.7394 -0.9113 0 -0.9336 -0.9046 0 -0.9371
3 7 -0.681 0 -0.7394 -0.9046 0 -0.9371 -0.9006 0 -0.9398
4 7 -0.681 0 -0.7394 -0.9006 0 -0.9398 -0.8969 0 -0.9435 -0.6729 0 -0.7365
3 7 -0.7049 0 -0.7402 -1.0839 0 -0.8259 -0.6989 0 -0.7412
3 7 -0.6904 0 -0.7411 -1.0839 0 -0.8259 -1.0762 0 -0.8352
3 7 -0.6904 0 -0.7411 -1.0762 0 -0.8352 -0.681 0 -0.7394
3 7 -0.6989 0 -0.7412 -1.0839 0 -0.8259 -0.6904 0 -0.7411
3 7 -1.8001 0 -0.7465 -1.5604 0 -0.5429 -1.8151 0 -0.7058
4 7 -1.2389 0 -0.7547 -1.3561 0 -0.5461 -1.3688 0 -0.5514 -1.3111 0 -0.7506
4 7 -1.4682 0 -0.7554 -1.4866 0 -0.5641 -1.5103 0 -0.5613 -1.5532 0 -0.7638
3 7 -1.4682 0 -0.7554 -1.4695 0 -0.5655 -1.4866 0 -0.5641
4 7 -1.192 0 -0.7633 -1.3493 0 -0.5418 -1.3561 0 -0.5461 -1.2389 0 -0.7547
3 7 -1.5532 0 -0.7638 -1.5103 0 -0.5613 -1.5341 0 -0.5566
4 7 -1.7895 0 -0.7671 -1.5574 0 -0.5458 -1.5604 0 -0.5429 -1.8001 0 -0.7465
3 7 -1.1481 0 -0.7787 -1.3404 0 -0.5294 -1.3414 0 -0.5324
3 7 -1.1481 0 -0.7787 -1.3424 0 -0.5343 -1.3451 0 -0.5379
4 7 -1.1481 0 -0.7787 -1.3451 0 -0.5379 -1.3493 0 -0.5418 -1.192 0 -0.7633
3 7 -1.7775 0 -0.783 -1.5574 0 -0.5458 -1.7895 0 -0.7671
3 7 -1.7775 0 -0.783 -1.7736 0 -0.787 -1.5574 0 -0.5458
3 7 -1.665 0 -0.7887 -1.5457 0 -0.5532 -1.6822 0 -0.7925
3 7 -1.665 0 -0.7887 -1.6091 0 -0.7753 -1.5457 0 -0.5532
4 7 -1.6822 0 -0.7925 -1.5457 0 -0.5532 -1.552 0 -0.55 -1.7162 0 -0.7992
3 7 -1.7162 0 -0.7992 -1.552 0 -0.55 -1.7326 0 -0.7995
4 7 -1.7326 0 -0.7995 -1.552 0 -0.55 -1.5563 0 -0.5469 -1.7491 0 -0.7976
4 7 -0.0748 0 -0.8664 -0.1267 0 -0.5218 -0.1495 0 -0.5413 -0.0908 0 -0.8667
3 7 -0.0504 0 -0.8705 -0.1267 0 -0.5218 -0.0748 0 -0.8664
3 7 -0.0504 0 -0.8705 -0.0052 0 -0.8822 -0.1267 0 -0.5218
3 7 -1.0517 0 -0.8758 -1.0464 0 -0.8815 -0.681 0 -0.7394
3 7 0.1199 0 -0.9072 0.2402 0 -0.928 -0.1267 0 -0.5218
3 7 0.3546 0 -0.918 0.3614 0 -0.9087 -0.1267 0 -0.5218
3 7 0.3354 0 -0.9309 -0.1267 0 -0.5218 0.3239 0 -0.9342
3 7 0.3354 0 -0.9309 0.342 0 -0.928 -0.1267 0 -0.5218
3 7 0.3239 0 -0.9342 -0.1267 0 -0.5218 0.3094 0 -0.9359
3 7 -0.2618 0 -0.9382 -0.381 0 -0.597 -0.3852 0 -0.5972
3 7 -0.2618 0 -0.9382 -0.34 0 -0.598 -0.381 0 -0.597
3 7 -0.8932 0 -0.9486 -0.5228 0 -0.6436 -0.5589 0 -0.6666
3 7 -0.8932 0 -0.9486 -0.5589 0 -0.6666 -0.5945 0 -0.6901
3 7 -0.8932 0 -0.9486 -0.8899 0 -0.9552 -0.513 0 -0.6379
4 7 -0.8899 0 -0.9552 -0.6244 0 -1.1737 -0.5934 0 -1.1582 -0.513 0 -0.6379
3 7 -0.8899 0 -0.9552 -0.6586 0 -1.1932 -0.6244 0 -1.1737
3 7 -0.8899 0 -0.9552 -0.6895 0 -1.2113 -0.6803 0 -1.207
3 7 -0.8899 0 -0.9552 -0.6961 0 -1.2131 -0.6895 0 -1.2113
3 7 -0.8899 0 -0.9552 -0.7985 0 -1.215 -0.7787 0 -1.2156
3 7 -0.8899 0 -0.9552 -0.7787 0 -1.2156 -0.7371 0 -1.2159
3 7 -0.2872 0 -0.9578 -0.2859 0 -0.9554 -0.513 0 -0.6379
3 7 -0.8882 0 -0.9611 -0.7985 0 -1.215 -0.8899 0 -0.9552
3 7 -0.8882 0 -0.9611 -0.8274 0 -1.2154 -0.7985 0 -1.215
3 7 -0.8882 0 -0.9611 -0.8436 0 -1.2197 -0.8416 0 -1.2186
3 7 -0.8882 0 -0.9611 -0.8456 0 -1.2213 -0.8436 0 -1.2197
3 7 -0.8877 0 -0.966 -0.8456 0 -1.2213 -0.8882 0 -0.9611
3 7 -0.8879 0 -0.9701 -0.8888 0 -0.9735 -0.8456 0 -1.2213
3 7 -0.8879 0 -0.9701 -0.8456 0 -1.2213 -0.8877 0 -0.966
3 7 -0.8888 0 -0.9735 -0.8912 0 -0.98 -0.8456 0 -1.2213
3 7 -0.2879 0 -0.9761 -0.2889 0 -0.9713 -0.5302 0 -1.1484
4 7 -0.285 0 -0.9819 -0.2865 0 -0.9795 -0.5302 0 -1.1484 -0.5019 0 -1.1521
3 7 -0.285 0 -0.9819 -0.5019 0 -1.1521 -0.47 0 -1.1611
4 7 -0.285 0 -0.9819 -0.47 0 -1.1611 -0.4661 0 -1.1625 -0.2835 0 -0.9834
4 7 -0.2835 0 -0.9834 -0.4661 0 -1.1625 -0.43 0 -1.1784 -0.2813 0 -0.9851
3 7 -0.2813 0 -0.9851 -0.43 0 -1.1784 -0.3952 0 -1.1974
4 7 -0.2813 0 -0.9851 -0.3952 0 -1.1974 -0.3824 0 -1.2069 -0.2762 0 -0.9878
4 7 -0.2762 0 -0.9878 -0.3824 0 -1.2069 -0.3566 0 -1.2299 -0.268 0 -0.9905
3 7 -0.268 0 -0.9905 -0.3566 0 -1.2299 -0.3469 0 -1.2364
3 7 -0.268 0 -0.9905 -0.3469 0 -1.2364 -0.3417 0 -1.2388
3 7 -0.268 0 -0.9905 -0.3306 0 -1.2422 -0.313 0 -1.2442
4 7 -0.268 0 -0.9905 -0.313 0 -1.2442 -0.2835 0 -1.2446 -0.2592 0 -0.992
4 7 -0.2592 0 -0.992 -0.2835 0 -1.2446 -0.2536 0 -1.2474 -0.2325 0 -0.9942
4 7 -0.2325 0 -0.9942 -0.2243 0 -1.2446 -0.2064 0 -1.2361 -0.1667 0 -1.0045
3 7 -0.2325 0 -0.9942 -0.2309 0 -1.2464 -0.2243 0 -1.2446
3 7 -0.2325 0 -0.9942 -0.2536 0 -1.2474 -0.2407 0 -1.2476
3 7 -0.9019 0 -0.9943 -0.9165 0 -1.0064 -0.8456 0 -1.2213
4 7 -0.1667 0 -1.0045 -0.1096 0 -1.1411 -0.0641 0 -1.0805 -0.1008 0 -1.0166
3 7 -0.1667 0 -1.0045 -0.2064 0 -1.2361 -0.1835 0 -1.2197
3 7 -0.06 0 -1.0335 -0.0663 0 -1.029 -0.0641 0 -1.0805
3 7 -0.9648 0 -1.0383 -0.8645 0 -1.2405 -0.8624 0 -1.2398
4 7 -0.0533 0 -1.0416 -0.0525 0 -1.0587 -0.0513 0 -1.0537 -0.0523 0 -1.0437
3 7 -0.0523 0 -1.0437 -0.0511 0 -1.0497 -0.0514 0 -1.0465
3 7 -0.0523 0 -1.0437 -0.0513 0 -1.0537 -0.0511 0 -1.0497
4 7 -1.0039 0 -1.0572 -0.9122 0 -1.2487 -0.8645 0 -1.2405 -0.9648 0 -1.0383
4 7 -1.0204 0 -1.062 -0.9605 0 -1.2513 -0.9122 0 -1.2487 -1.0039 0 -1.0572
4 7 -0.0558 0 -1.0669 -0.0533 0 -1.0416 -0.0563 0 -1.0373 -0.0641 0 -1.0805
3 7 -0.0558 0 -1.0669 -0.0525 0 -1.0587 -0.0533 0 -1.0416
3 7 -1.0908 0 -1.07 -1.1019 0 -1.0715 -1.0677 0 -1.255
3 7 -1.1156 0 -1.0763 -1.1315 0 -1.0868 -1.0677 0 -1.255
3 7 -0.0641 0 -1.0805 -0.0775 0 -1.0238 -0.1008 0 -1.0166
3 7 -0.0641 0 -1.0805 -0.0663 0 -1.029 -0.0775 0 -1.0238
3 7 -0.0641 0 -1.0805 -0.0563 0 -1.0373 -0.06 0 -1.0335
3 7 -1.1698 0 -1.127 -1.2113 0 -1.244 -1.207 0 -1.2469
3 7 -1.1698 0 -1.127 -1.1999 0 -1.2501 -1.1884 0 -1.253
3 7 -1.1698 0 -1.127 -1.1884 0 -1.253 -1.1748 0 -1.2545
4 7 -0.5302 0 -1.1484 -0.289 0 -0.9658 -0.2883 0 -0.9612 -0.513 0 -0.6379
3 7 -0.5302 0 -1.1484 -0.2889 0 -0.9713 -0.289 0 -0.9658
3 7 -0.5302 0 -1.1484 -0.2865 0 -0.9795 -0.2879 0 -0.9761
3 7 -0.5604 0 -1.1501 -0.513 0 -0.6379 -0.5894 0 -1.1568
3 7 -0.5604 0 -1.1501 -0.5302 0 -1.1484 -0.513 0 -0.6379
3 7 -0.6622 0 -1.1954 -0.6586 0 -1.1932 -0.8899 0 -0.9552
3 7 -0.16 0 -1.1974 -0.1096 0 -1.1411 -0.1667 0 -1.0045
3 7 -1.2231 0 -1.204 -1.2244 0 -1.2091 -1.2165 0 -1.2388
3 7 -0.6803 0 -1.207 -0.6622 0 -1.1954 -0.8899 0 -0.9552
3 7 -0.7371 0 -1.2159 -0.6961 0 -1.2131 -0.8899 0 -0.9552
3 7 -0.8405 0 -1.2181 -0.8274 0 -1.2154 -0.8882 0 -0.9611
3 7 -0.8416 0 -1.2186 -0.8405 0 -1.2181 -0.8882 0 -0.9611
3 7 -0.1835 0 -1.2197 -0.16 0 -1.1974 -0.1667 0 -1.0045
3 7 -0.8456 0 -1.2213 -0.8912 0 -0.98 -0.8948 0 -0.986
3 7 -0.8456 0 -1.2213 -0.8948 0 -0.986 -0.9019 0 -0.9943
4 7 -0.8456 0 -1.2213 -0.9165 0 -1.0064 -0.9288 0 -1.015 -0.8543 0 -1.2326
4 7 -0.8543 0 -1.2326 -0.9288 0 -1.015 -0.9648 0 -1.0383 -0.8579 0 -1.2367
3 7 -1.2197 0 -1.2342 -1.2243 0 -1.2212 -1.2224 0 -1.2284
3 7 -0.8579 0 -1.2367 -0.9648 0 -1.0383 -0.8604 0 -1.2387
3 7 -1.2165 0 -1.2388 -1.2169 0 -1.1906 -1.2231 0 -1.204
3 7 -1.2165 0 -1.2388 -1.2244 0 -1.2091 -1.2249 0 -1.2147
4 7 -1.2165 0 -1.2388 -1.2249 0 -1.2147 -1.2243 0 -1.2212 -1.2197 0 -1.2342
3 7 -0.3417 0 -1.2388 -0.3306 0 -1.2422 -0.268 0 -0.9905
3 7 -0.8624 0 -1.2398 -0.8604 0 -1.2387 -0.9648 0 -1.0383
4 7 -1.2148 0 -1.2405 -1.1993 0 -1.1632 -1.2169 0 -1.1906 -1.2165 0 -1.2388
4 7 -1.2113 0 -1.244 -1.1698 0 -1.127 -1.1993 0 -1.1632 -1.2148 0 -1.2405
3 7 -1.207 0 -1.2469 -1.1999 0 -1.2501 -1.1698 0 -1.127
3 7 -0.2407 0 -1.2476 -0.2309 0 -1.2464 -0.2325 0 -0.9942
4 7 -1.1748 0 -1.2545 -1.0677 0 -1.255 -1.1531 0 -1.1074 -1.1698 0 -1.127
3 7 -1.0677 0 -1.255 -1.0513 0 -1.0662 -1.0648 0 -1.068
3 7 -1.0677 0 -1.255 -1.0648 0 -1.068 -1.0908 0 -1.07
3 7 -1.0677 0 -1.255 -1.1019 0 -1.0715 -1.1101 0 -1.0738
3 7 -1.0677 0 -1.255 -1.1101 0 -1.0738 -1.1156 0 -1.0763
3 7 -1.0677 0 -1.255 -1.1315 0 -1.0868 -1.1531 0 -1.1074
4 7 -1.0677 0 -1.255 -0.9605 0 -1.2513 -1.0204 0 -1.062 -1.0513 0 -1.0662
0 // Corners
3 16 -3.409 0 1.2625 -1.1348 0 1.2553 3.409 0 1.2625
3 16 -3.409 0 1.2625 -2.1296 0 1.1987 -1.1348 0 1.2553
3 16 -3.409 0 1.2625 -2.1428 0 1.1982 -2.1374 0 1.1989
3 16 -3.409 0 1.2625 -2.6271 0 1.1491 -2.1896 0 1.1835
3 16 -3.409 0 1.2625 -2.6313 0 1.1485 -2.6271 0 1.1491
3 16 -3.409 0 1.2625 -2.6732 0 1.129 -2.653 0 1.1407
3 16 -3.409 0 1.2625 -2.6905 0 1.1145 -2.6732 0 1.129
3 16 -3.409 0 1.2625 -2.739 0 1.0424 -2.7321 0 1.0592
3 16 -3.409 0 1.2625 -2.7457 0 1.011 -2.739 0 1.0424
3 16 -3.409 0 1.2625 -2.7498 0 0.9337 -2.749 0 0.9563
3 16 -3.409 0 1.2625 -2.7482 0 0.8894 -2.7498 0 0.9337
3 16 -3.409 0 1.2625 -2.7498 0 0.8451 -2.7486 0 0.8539
3 16 -3.409 0 1.2625 -2.75 0 0.8442 -2.7498 0 0.8451
3 16 -3.409 0 1.2625 -2.751 0 0.8424 -2.7504 0 0.8433
3 16 -3.409 0 1.2625 -2.752 0 0.8413 -2.751 0 0.8424
3 16 -3.409 0 1.2625 -2.7603 0 0.8369 -2.754 0 0.8399
3 16 -3.409 0 1.2625 -2.7656 0 0.8343 -2.7603 0 0.8369
3 16 -3.409 0 1.2625 -2.8832 0 0.7563 -2.825 0 0.796
3 16 -3.409 0 1.2625 -2.9333 0 0.7193 -2.8832 0 0.7563
3 16 -3.409 0 1.2625 -3.0019 0 0.6513 -2.9791 0 0.6785
3 16 -3.409 0 1.2625 -3.0177 0 0.6235 -3.0019 0 0.6513
3 16 -3.409 0 1.2625 -3.0215 0 0.6147 -3.0177 0 0.6235
3 16 -3.409 0 1.2625 -3.0266 0 0.5911 -3.0243 0 0.6063
3 16 -3.409 0 1.2625 -3.029 0 0.5614 -3.0266 0 0.5911
3 16 -3.409 0 1.2625 -3.0408 0 0.5052 -3.0299 0 0.5567
3 16 -3.409 0 1.2625 -3.0537 0 0.4632 -3.0408 0 0.5052
3 16 -3.409 0 1.2625 -3.0922 0 0.3951 -3.0567 0 0.4563
3 16 -3.409 0 1.2625 -3.1316 0 0.337 -3.0922 0 0.3951
3 16 -3.409 0 1.2625 -3.3326 0 0.0368 -3.233 0 0.1876
3 16 -3.409 0 1.2625 -3.3421 0 0.0172 -3.3326 0 0.0368
3 16 -3.409 0 1.2625 -3.351 0 -0.0186 -3.3496 0 -0.0103
3 16 -3.409 0 1.2625 -3.3529 0 -0.0436 -3.351 0 -0.0186
3 16 3.409 0 1.2625 -1.1348 0 1.2553 -1.0663 0 1.2521
3 16 3.409 0 1.2625 -1.0663 0 1.2521 -1.0539 0 1.2496
4 16 3.409 0 1.2625 -1.0185 0 1.2293 -1.013 0 1.2223 1.9627 0 0.9537
3 16 3.409 0 1.2625 2.0379 0 0.957 2.1296 0 0.9479
3 16 3.409 0 1.2625 2.1296 0 0.9479 2.249 0 0.9203
3 16 3.409 0 1.2625 3.3004 0 0.934 3.3068 0 0.9329
3 16 3.409 0 1.2625 3.2913 0 0.9339 3.3004 0 0.934
3 16 3.409 0 1.2625 3.3072 0 0.9328 3.3108 0 0.9312
3 16 3.409 0 1.2625 3.3108 0 0.9312 3.3144 0 0.9287
3 16 3.409 0 1.2625 3.3182 0 0.925 3.3217 0 0.9204
3 16 3.409 0 1.2625 3.256 0 0.9246 3.2765 0 0.931
3 16 3.409 0 1.2625 3.3217 0 0.9204 3.331 0 0.9024
3 16 3.409 0 1.2625 3.331 0 0.9024 3.342 0 0.877
3 16 3.409 0 1.2625 3.1772 0 0.8952 3.256 0 0.9246
3 16 3.409 0 1.2625 2.3672 0 0.8866 2.4587 0 0.8617
3 16 3.409 0 1.2625 3.342 0 0.877 3.3504 0 0.8503
3 16 3.409 0 1.2625 2.4587 0 0.8617 2.5514 0 0.8394
3 16 3.409 0 1.2625 3.3504 0 0.8503 3.3527 0 0.8327
3 16 3.409 0 1.2625 3.0135 0 0.842 3.0985 0 0.8658
3 16 3.409 0 1.2625 3.3528 0 0.8275 3.3502 0 0.7646
3 16 3.409 0 1.2625 2.9267 0 0.8244 3.0135 0 0.842
3 16 3.409 0 1.2625 2.6538 0 0.8235 2.7574 0 0.8145
3 16 3.409 0 1.2625 2.7574 0 0.8145 2.8427 0 0.8157
3 16 3.409 0 1.2625 3.3502 0 0.7646 3.409 0 -1.2625
3 16 -1.1348 0 1.2553 -2.1199 0 1.1968 -2.1078 0 1.1922
3 16 -1.1348 0 1.2553 -2.1078 0 1.1922 -2.0944 0 1.1841
3 16 -1.1348 0 1.2553 -2.0926 0 1.1825 -1.2057 0 1.2499
3 16 -1.2057 0 1.2499 -1.7244 0 1.2066 -1.7175 0 1.2041
3 16 -1.2057 0 1.2499 -1.7175 0 1.2041 -1.7155 0 1.2029
3 16 -1.2057 0 1.2499 -1.7128 0 1.2008 -1.71 0 1.1975
3 16 -1.2057 0 1.2499 -1.71 0 1.1975 -1.2081 0 1.2496
3 16 -1.2081 0 1.2496 -1.71 0 1.1975 -1.707 0 1.1927
3 16 -1.2081 0 1.2496 -1.707 0 1.1927 -1.7043 0 1.1872
3 16 -1.0399 0 1.2443 3.409 0 1.2625 -1.0539 0 1.2496
3 16 -1.0399 0 1.2443 -1.0273 0 1.2369 3.409 0 1.2625
3 16 -1.0273 0 1.2369 -1.0185 0 1.2293 3.409 0 1.2625
3 16 -1.013 0 1.2223 1.8486 0 0.9237 1.947 0 0.9512
3 16 -1.013 0 1.2223 1.7704 0 0.8861 1.8486 0 0.9237
3 16 -1.013 0 1.2223 1.7577 0 0.8783 1.7704 0 0.8861
3 16 -1.013 0 1.2223 1.6937 0 0.8205 1.7255 0 0.854
3 16 -1.013 0 1.2223 1.6638 0 0.7759 1.6937 0 0.8205
3 16 -1.3633 0 1.2189 -1.2863 0 1.2368 -1.6997 0 1.174
3 16 -1.0106 0 1.2176 -1.009 0 1.2119 1.661 0 0.7705
4 16 -1.0106 0 1.2176 1.661 0 0.7705 1.6638 0 0.7759 -1.013 0 1.2223
3 16 -1.7342 0 1.2082 -1.2057 0 1.2499 -1.7559 0 1.2076
3 16 -1.7342 0 1.2082 -1.7244 0 1.2066 -1.2057 0 1.2499
3 16 -1.7559 0 1.2076 -1.2057 0 1.2499 -2.0926 0 1.1825
3 16 -1.7559 0 1.2076 -2.0926 0 1.1825 -1.771 0 1.2065
3 16 -1.771 0 1.2065 -2.0926 0 1.1825 -2.091 0 1.1806
3 16 -1.771 0 1.2065 -2.091 0 1.1806 -2.0895 0 1.178
3 16 -1.7155 0 1.2029 -1.7128 0 1.2008 -1.2057 0 1.2499
3 16 -1.8049 0 1.2027 -1.771 0 1.2065 -2.0883 0 1.1748
3 16 -2.1374 0 1.1989 -2.1296 0 1.1987 -3.409 0 1.2625
3 16 -2.1296 0 1.1987 -2.1199 0 1.1968 -1.1348 0 1.2553
3 16 -1.0089 0 1.1943 0.4143 0 0.9542 0.4953 0 0.9454
3 16 -1.0089 0 1.1943 0.4953 0 0.9454 1.661 0 0.7705
3 16 -2.0944 0 1.1841 -2.0926 0 1.1825 -1.1348 0 1.2553
3 16 -2.1896 0 1.1835 -2.1428 0 1.1982 -3.409 0 1.2625
3 16 -2.1896 0 1.1835 -2.6271 0 1.1491 -2.6202 0 1.1491
3 16 -2.1896 0 1.1835 -2.6202 0 1.1491 -2.6106 0 1.1475
3 16 -2.1896 0 1.1835 -2.6013 0 1.1442 -2.5939 0 1.1403
3 16 -2.1896 0 1.1835 -2.5939 0 1.1403 -2.5928 0 1.1394
4 16 -2.1896 0 1.1835 -2.5888 0 1.1357 -2.5849 0 1.1305 -2.25 0 1.1558
3 16 -1.7 0 1.175 -1.2081 0 1.2496 -1.7043 0 1.1872
4 16 -1.0155 0 1.175 -1.0224 0 1.1634 -0.8803 0 1.0479 -0.8673 0 1.0444
3 16 -2.0883 0 1.1748 -1.771 0 1.2065 -2.0895 0 1.178
3 16 -2.0883 0 1.1748 -1.8376 0 1.1957 -1.8049 0 1.2027
3 16 -2.0883 0 1.1748 -1.8903 0 1.1796 -1.8376 0 1.1957
3 16 -1.6997 0 1.174 -1.2081 0 1.2496 -1.7 0 1.175
3 16 -1.6997 0 1.174 -1.2863 0 1.2368 -1.2081 0 1.2496
3 16 -1.6997 0 1.174 -1.4611 0 1.1928 -1.3633 0 1.2189
4 16 -1.6994 0 1.1712 -1.5583 0 1.1635 -1.4611 0 1.1928 -1.6997 0 1.174
3 16 -1.0224 0 1.1634 -0.898 0 1.0498 -0.8803 0 1.0479
4 16 -1.9418 0 1.1617 -1.8903 0 1.1796 -2.0883 0 1.1748 -2.0862 0 1.1652
3 16 -1.9418 0 1.1617 -2.0862 0 1.1652 -2.0836 0 1.1534
4 16 -1.9418 0 1.1617 -2.0836 0 1.1534 -2.0803 0 1.1384 -1.9952 0 1.1421
4 16 -1.7009 0 1.158 -1.6012 0 1.1462 -1.5583 0 1.1635 -1.6994 0 1.1712
3 16 -2.25 0 1.1558 -2.5849 0 1.1305 -2.2653 0 1.1485
3 16 -1.701 0 1.1539 -1.7006 0 1.1513 -1.6012 0 1.1462
3 16 -1.6995 0 1.1482 -1.6972 0 1.1442 -1.6012 0 1.1462
3 16 -2.6106 0 1.1475 -2.6013 0 1.1442 -2.1896 0 1.1835
3 16 -1.6012 0 1.1462 -1.7009 0 1.158 -1.701 0 1.1539
3 16 -1.6012 0 1.1462 -1.7006 0 1.1513 -1.7 0 1.1493
3 16 -1.6012 0 1.1462 -1.7 0 1.1493 -1.6995 0 1.1482
3 16 -1.6012 0 1.1462 -1.6972 0 1.1442 -1.6933 0 1.1394
3 16 -1.6012 0 1.1462 -1.6933 0 1.1394 -1.6883 0 1.1351
3 16 -1.6012 0 1.1462 -1.6829 0 1.1319 -1.6784 0 1.1302
4 16 -1.9952 0 1.1421 -2.0803 0 1.1384 -2.0784 0 1.1316 -2.0486 0 1.1236
3 16 -2.653 0 1.1407 -2.6313 0 1.1485 -3.409 0 1.2625
3 16 -2.5928 0 1.1394 -2.5888 0 1.1357 -2.1896 0 1.1835
3 16 -1.6883 0 1.1351 -1.6829 0 1.1319 -1.6012 0 1.1462
3 16 -2.5849 0 1.1305 -2.3293 0 1.1149 -2.2653 0 1.1485
4 16 -1.6742 0 1.1291 -1.6441 0 1.1302 -1.6012 0 1.1462 -1.6784 0 1.1302
3 16 -1.6742 0 1.1291 -1.6535 0 1.1283 -1.6441 0 1.1302
3 16 -1.6646 0 1.1278 -1.6535 0 1.1283 -1.6742 0 1.1291
3 16 -2.0748 0 1.1256 -2.0727 0 1.1236 -2.0486 0 1.1236
3 16 -2.0486 0 1.1236 -2.0784 0 1.1316 -2.0765 0 1.1279
3 16 -2.0486 0 1.1236 -2.0765 0 1.1279 -2.0748 0 1.1256
4 16 -2.0486 0 1.1236 -2.0727 0 1.1236 -2.0721 0 1.1231 -2.0572 0 1.1214
3 16 -2.0721 0 1.1231 -2.0685 0 1.1214 -2.0659 0 1.1209
3 16 -2.0721 0 1.1231 -2.0659 0 1.1209 -2.0625 0 1.1208
3 16 -2.0705 0 1.1221 -2.0685 0 1.1214 -2.0721 0 1.1231
3 16 -2.0572 0 1.1214 -2.0721 0 1.1231 -2.0625 0 1.1208
4 16 -2.3293 0 1.1149 -2.5849 0 1.1305 -2.5806 0 1.1232 -2.3912 0 1.0789
3 16 -2.5706 0 1.1037 -2.553 0 1.0801 -2.3912 0 1.0789
3 16 -1.0789 0 1.0973 -1.0854 0 1.0304 -1.0828 0 1.0291
3 16 -1.0789 0 1.0973 -1.0791 0 1.028 -1.0727 0 1.0271
3 16 -1.0789 0 1.0973 -1.0727 0 1.0271 -1.0614 0 1.0275
3 16 -2.7174 0 1.0837 -2.6905 0 1.1145 -3.409 0 1.2625
3 16 -1.09 0 1.0796 -1.094 0 1.07 -1.0873 0 1.0318
4 16 -1.09 0 1.0796 -1.0873 0 1.0318 -1.0854 0 1.0304 -1.0789 0 1.0973
3 16 -2.3912 0 1.0789 -2.5806 0 1.1232 -2.5706 0 1.1037
3 16 -2.3912 0 1.0789 -2.553 0 1.0801 -2.5356 0 1.0565
4 16 -2.3912 0 1.0789 -2.5356 0 1.0565 -2.5321 0 1.0516 -2.4332 0 1.0496
3 16 -2.7321 0 1.0592 -2.7174 0 1.0837 -3.409 0 1.2625
3 16 -2.5321 0 1.0516 -2.4671 0 1.0278 -2.4332 0 1.0496
4 16 -0.9447 0 1.0479 -1.0224 0 1.1634 -1.0524 0 1.1287 -0.9914 0 1.0415
3 16 -0.9447 0 1.0479 -0.898 0 1.0498 -1.0224 0 1.1634
3 16 -0.8673 0 1.0444 -1.0089 0 1.1943 -1.0116 0 1.1837
3 16 -0.8673 0 1.0444 -1.0116 0 1.1837 -1.0155 0 1.175
4 16 -0.9914 0 1.0415 -1.0524 0 1.1287 -1.0772 0 1.0996 -1.0263 0 1.0339
3 16 -0.859 0 1.0404 -0.8539 0 1.0368 0.4143 0 0.9542
4 16 -0.859 0 1.0404 0.4143 0 0.9542 -1.0089 0 1.1943 -0.8673 0 1.0444
3 16 -1.0905 0 1.0358 -1.0952 0 1.0482 -1.0931 0 1.041
3 16 -1.088 0 1.0324 -1.096 0 1.0558 -1.0952 0 1.0482
3 16 -1.088 0 1.0324 -1.0952 0 1.0482 -1.0905 0 1.0358
3 16 -0.8496 0 1.0324 -0.8494 0 1.0322 0.4143 0 0.9542
3 16 -1.0873 0 1.0318 -1.094 0 1.07 -1.0956 0 1.0631
4 16 -1.0873 0 1.0318 -1.0956 0 1.0631 -1.096 0 1.0558 -1.088 0 1.0324
3 16 -0.8485 0 1.0309 0.1643 0 0.9479 0.2482 0 0.9548
3 16 -0.8485 0 1.0309 0.0412 0 0.9275 0.1643 0 0.9479
3 16 -0.8485 0 1.0309 -0.0807 0 0.9064 0.0412 0 0.9275
3 16 -0.8485 0 1.0309 -0.3727 0 0.8815 -0.2271 0 0.8915
3 16 -1.0828 0 1.0291 -1.0791 0 1.028 -1.0789 0 1.0973
3 16 -2.5156 0 1.0289 -2.5113 0 1.0257 -2.5025 0 1.0224
3 16 -2.5156 0 1.0289 -2.4935 0 1.0208 -2.4862 0 1.0208
4 16 -2.5156 0 1.0289 -2.4862 0 1.0208 -2.481 0 1.0217 -2.5209 0 1.0348
4 16 -1.0614 0 1.0275 -1.0263 0 1.0339 -1.0772 0 1.0996 -1.0789 0 1.0973
3 16 -0.8473 0 1.0258 -0.8475 0 1.0233 -0.7352 0 0.8771
4 16 -2.4763 0 1.0233 -2.5321 0 1.0516 -2.5209 0 1.0348 -2.481 0 1.0217
3 16 -2.4763 0 1.0233 -2.4671 0 1.0278 -2.5321 0 1.0516
3 16 -2.5025 0 1.0224 -2.4935 0 1.0208 -2.5156 0 1.0289
3 16 -0.8511 0 1.0136 -0.858 0 1.0026 -0.7352 0 0.8771
3 16 -0.8838 0 0.9806 -0.8871 0 0.9769 -0.7937 0 0.8857
3 16 -0.8882 0 0.9754 -0.8961 0 0.9543 -0.8955 0 0.9521
3 16 -0.8882 0 0.9754 -0.8944 0 0.9496 -0.8884 0 0.9396
3 16 -0.8882 0 0.9754 -0.8789 0 0.9285 -0.8605 0 0.913
3 16 -0.8882 0 0.9754 -0.8605 0 0.913 -0.8486 0 0.9058
3 16 -0.8933 0 0.9674 -0.8962 0 0.959 -0.8964 0 0.9565
4 16 -0.8933 0 0.9674 -0.8964 0 0.9565 -0.8961 0 0.9543 -0.8882 0 0.9754
3 16 -0.8954 0 0.9626 -0.8962 0 0.959 -0.8933 0 0.9674
3 16 -2.749 0 0.9563 -2.7457 0 1.011 -3.409 0 1.2625
3 16 0.3327 0 0.9561 -0.8485 0 1.0309 0.2482 0 0.9548
3 16 0.4143 0 0.9542 -0.8539 0 1.0368 -0.8496 0 1.0324
3 16 0.4143 0 0.9542 -0.8494 0 1.0322 -0.8485 0 1.0309
3 16 0.4143 0 0.9542 -0.8485 0 1.0309 0.3327 0 0.9561
3 16 1.9627 0 0.9537 -1.013 0 1.2223 1.947 0 0.9512
3 16 1.9627 0 0.9537 2.0379 0 0.957 3.409 0 1.2625
3 16 -0.8955 0 0.9521 -0.8944 0 0.9496 -0.8882 0 0.9754
3 16 -0.8884 0 0.9396 -0.8789 0 0.9285 -0.8882 0 0.9754
3 16 3.3068 0 0.9329 3.3072 0 0.9328 3.409 0 1.2625
3 16 3.2765 0 0.931 3.2913 0 0.9339 3.409 0 1.2625
3 16 3.3144 0 0.9287 3.3182 0 0.925 3.409 0 1.2625
3 16 2.249 0 0.9203 2.3672 0 0.8866 3.409 0 1.2625
3 16 -0.8217 0 0.8933 -0.8882 0 0.9754 -0.8486 0 0.9058
3 16 -0.2271 0 0.8915 -0.0807 0 0.9064 -0.8485 0 1.0309
3 16 -0.7937 0 0.8857 -0.8626 0 0.997 -0.8741 0 0.9881
3 16 -0.7937 0 0.8857 -0.8741 0 0.9881 -0.8838 0 0.9806
4 16 -0.7937 0 0.8857 -0.8871 0 0.9769 -0.8882 0 0.9754 -0.8217 0 0.8933
3 16 0.7771 0 0.88 0.9192 0 0.8179 1.6428 0 0.7264
3 16 -0.7352 0 0.8771 -0.8474 0 1.0279 -0.8473 0 1.0258
3 16 -0.7352 0 0.8771 -0.8475 0 1.0233 -0.8484 0 1.0197
3 16 -0.7352 0 0.8771 -0.8484 0 1.0197 -0.8511 0 1.0136
3 16 -0.7352 0 0.8771 -0.858 0 1.0026 -0.8592 0 1.0008
4 16 -0.7352 0 0.8771 -0.8592 0 1.0008 -0.8626 0 0.997 -0.7937 0 0.8857
4 16 -0.5244 0 0.8753 -0.8485 0 1.0309 -0.8478 0 1.0295 -0.6762 0 0.8741
3 16 -0.5244 0 0.8753 -0.3727 0 0.8815 -0.8485 0 1.0309
4 16 -0.6762 0 0.8741 -0.8478 0 1.0295 -0.8474 0 1.0279 -0.7352 0 0.8771
3 16 3.0985 0 0.8658 3.1772 0 0.8952 3.409 0 1.2625
3 16 1.7255 0 0.854 1.7577 0 0.8783 -1.013 0 1.2223
3 16 -2.7486 0 0.8539 -2.7482 0 0.8894 -3.409 0 1.2625
3 16 -2.7504 0 0.8433 -2.75 0 0.8442 -3.409 0 1.2625
3 16 -2.754 0 0.8399 -2.752 0 0.8413 -3.409 0 1.2625
3 16 2.5514 0 0.8394 2.6538 0 0.8235 3.409 0 1.2625
3 16 3.3527 0 0.8327 3.3528 0 0.8275 3.409 0 1.2625
3 16 2.8427 0 0.8157 2.9267 0 0.8244 3.409 0 1.2625
3 16 -2.825 0 0.796 -2.7656 0 0.8343 -3.409 0 1.2625
3 16 1.661 0 0.7705 -1.009 0 1.2119 -1.0082 0 1.2046
3 16 1.661 0 0.7705 -1.0082 0 1.2046 -1.0089 0 1.1943
3 16 1.661 0 0.7705 0.4953 0 0.9454 0.5078 0 0.9432
3 16 1.661 0 0.7705 0.5078 0 0.9432 0.6506 0 0.9158
3 16 1.661 0 0.7705 0.6506 0 0.9158 1.6428 0 0.7264
3 16 1.6428 0 0.7264 0.6506 0 0.9158 0.7771 0 0.88
4 16 1.6428 0 0.7264 0.9192 0 0.8179 1.0556 0 0.744 1.6244 0 0.6471
3 16 -2.9791 0 0.6785 -2.9333 0 0.7193 -3.409 0 1.2625
3 16 3.3296 0 0.6768 3.3012 0 0.6093 3.409 0 -1.2625
4 16 1.6244 0 0.6471 1.0556 0 0.744 1.1542 0 0.68 1.6184 0 0.6147
3 16 1.6184 0 0.6147 1.1542 0 0.68 1.2508 0 0.613
4 16 1.6184 0 0.6147 1.2508 0 0.613 1.3137 0 0.5735 1.6122 0 0.5586
3 16 3.3012 0 0.6093 3.2751 0 0.5692 3.409 0 -1.2625
3 16 -3.0243 0 0.6063 -3.0215 0 0.6147 -3.409 0 1.2625
3 16 1.6122 0 0.5586 1.3137 0 0.5735 1.3791 0 0.5383
3 16 1.6122 0 0.5586 1.3858 0 0.5352 1.4424 0 0.5122
3 16 1.6122 0 0.5586 1.4424 0 0.5122 1.4942 0 0.4994
3 16 1.6122 0 0.5586 1.5045 0 0.4982 1.5515 0 0.4982
3 16 1.6122 0 0.5586 1.5515 0 0.4982 1.6093 0 0.502
3 16 -3.0299 0 0.5567 -3.029 0 0.5614 -3.409 0 1.2625
3 16 1.3791 0 0.5383 1.3858 0 0.5352 1.6122 0 0.5586
3 16 3.2143 0 0.5102 3.1434 0 0.463 3.409 0 -1.2625
3 16 1.4942 0 0.4994 1.5045 0 0.4982 1.6122 0 0.5586
3 16 2.2081 0 0.459 2.1871 0 0.458 2.0179 0 0.2799
3 16 -3.0567 0 0.4563 -3.0537 0 0.4632 -3.409 0 1.2625
3 16 2.117 0 0.4241 2.1826 0 0.4573 2.164 0 0.4523
3 16 2.117 0 0.4241 2.164 0 0.4523 2.1426 0 0.4422
3 16 -2.2854 0 0.392 -2.2895 0 0.3907 -2.2448 0 0.3812
3 16 -2.2662 0 0.3902 -2.2754 0 0.3922 -2.2448 0 0.3812
3 16 2.9617 0 0.3884 2.8556 0 0.3707 3.409 0 -1.2625
3 16 2.0751 0 0.3828 2.1826 0 0.4573 2.117 0 0.4241
3 16 2.0751 0 0.3828 2.0396 0 0.3353 2.1826 0 0.4573
3 16 -2.2448 0 0.3812 -2.282 0 0.3925 -2.2854 0 0.392
3 16 -2.2448 0 0.3812 -2.2754 0 0.3922 -2.282 0 0.3925
3 16 -2.2448 0 0.3812 -2.2895 0 0.3907 -2.2947 0 0.3881
3 16 -2.2448 0 0.3812 -2.2947 0 0.3881 -2.3002 0 0.3844
3 16 -2.3136 0 0.3726 -2.2448 0 0.3812 -2.3002 0 0.3844
3 16 2.6271 0 0.3719 2.5072 0 0.3884 3.409 0 -1.2625
4 16 -2.3392 0 0.3452 -2.2387 0 0.3785 -2.2448 0 0.3812 -2.3136 0 0.3726
3 16 2.0336 0 0.3244 2.1826 0 0.4573 2.0396 0 0.3353
4 16 -2.3646 0 0.3172 -2.1678 0 0.349 -2.2387 0 0.3785 -2.3392 0 0.3452
3 16 -2.3646 0 0.3172 -2.0994 0 0.3146 -2.1678 0 0.349
3 16 -2.3646 0 0.3172 -1.8861 0 0.162 -1.906 0 0.1809
3 16 -2.3646 0 0.3172 -1.8421 0 0.1094 -1.8861 0 0.162
3 16 -2.3646 0 0.3172 -1.7752 0 -0.0061 -1.79 0 0.0223
3 16 -2.3646 0 0.3172 -1.7622 0 -0.0369 -1.7752 0 -0.0061
3 16 -2.3646 0 0.3172 -1.7535 0 -0.0949 -1.7547 0 -0.0706
3 16 -2.3646 0 0.3172 -1.7636 0 -0.1827 -1.7535 0 -0.0949
3 16 -2.3646 0 0.3172 -1.7834 0 -0.2772 -1.7827 0 -0.2735
3 16 -2.3646 0 0.3172 -1.8043 0 -0.3676 -1.7834 0 -0.2772
3 16 -2.3646 0 0.3172 -1.8405 0 -0.5203 -1.826 0 -0.458
3 16 -2.3646 0 0.3172 -1.8472 0 -0.5638 -1.8405 0 -0.5203
3 16 -2.3646 0 0.3172 -1.8432 0 -0.6179 -1.8475 0 -0.5832
3 16 -2.3646 0 0.3172 -1.8248 0 -0.6791 -1.8432 0 -0.6179
3 16 -2.3646 0 0.3172 -1.8001 0 -0.7465 -1.8151 0 -0.7058
3 16 -2.3646 0 0.3172 -1.7895 0 -0.7671 -1.8001 0 -0.7465
3 16 -2.4018 0 0.2827 -1.7895 0 -0.7671 -2.3646 0 0.3172
4 16 2.0179 0 0.2799 2.1871 0 0.458 2.1826 0 0.4573 2.0336 0 0.3244
3 16 2.0179 0 0.2799 2.244 0 0.4544 2.2081 0 0.459
3 16 2.0179 0 0.2799 2.2805 0 0.4464 2.244 0 0.4544
3 16 2.0179 0 0.2799 2.0096 0 0.2611 3.409 0 -1.2625
3 16 -2.4422 0 0.2508 -2.5121 0 0.207 -1.7895 0 -0.7671
3 16 -1.988 0 0.2443 -2.0994 0 0.3146 -2.3646 0 0.3172
3 16 1.995 0 0.2418 1.9806 0 0.2293 3.409 0 -1.2625
3 16 1.9353 0 0.2077 1.9223 0 0.2046 3.409 0 -1.2625
3 16 1.8235 0 0.1994 1.658 0 0.2005 3.409 0 -1.2625
3 16 1.4851 0 0.198 1.4497 0 0.1912 3.409 0 -1.2625
3 16 -3.233 0 0.1876 -3.1316 0 0.337 -3.409 0 1.2625
3 16 -1.906 0 0.1809 -1.988 0 0.2443 -2.3646 0 0.3172
3 16 1.4011 0 0.1715 1.3783 0 0.1554 3.409 0 -1.2625
3 16 1.3198 0 0.0886 1.2925 0 0.0452 3.409 0 -1.2625
3 16 -1.79 0 0.0223 -1.8421 0 0.1094 -2.3646 0 0.3172
3 16 -2.8081 0 0.0146 -2.8517 0 -0.0277 -1.7736 0 -0.787
3 16 -3.3496 0 -0.0103 -3.3421 0 0.0172 -3.409 0 1.2625
3 16 -1.7547 0 -0.0706 -1.7622 0 -0.0369 -2.3646 0 0.3172
3 16 -3.349 0 -0.0811 -3.351 0 -0.0692 -3.409 0 -1.2625
3 16 -0.0341 0 -0.0958 -0.0444 0 -0.0939 -0.4722 0 -0.4015
3 16 -0.0188 0 -0.1044 -0.0225 0 -0.1013 -0.4722 0 -0.4015
3 16 -3.3344 0 -0.1165 -3.34 0 -0.1049 -3.409 0 -1.2625
3 16 -2.9213 0 -0.1202 -2.9475 0 -0.1687 -1.7736 0 -0.787
4 16 -0.1457 0 -0.1277 -0.4728 0 -0.4007 -0.4722 0 -0.4015 -0.0666 0 -0.0958
3 16 0 0 -0.1393 -0.0057 0 -0.1232 -0.4722 0 -0.4015
4 16 -0.2234 0 -0.1629 -0.4742 0 -0.3992 -0.4728 0 -0.4007 -0.1457 0 -0.1277
3 16 -3.3135 0 -0.1645 -3.3193 0 -0.1438 -3.409 0 -1.2625
3 16 1.1532 0 -0.1746 1.0948 0 -0.2375 3.409 0 -1.2625
4 16 -0.3219 0 -0.1978 -0.421 0 -0.2284 -0.4778 0 -0.397 -0.4758 0 -0.398
4 16 -0.3219 0 -0.1978 -0.4758 0 -0.398 -0.4742 0 -0.3992 -0.2234 0 -0.1629
3 16 -2.9715 0 -0.2264 -1.7689 0 -0.7904 -1.7736 0 -0.787
3 16 -3.2926 0 -0.2267 -3.3014 0 -0.206 -3.409 0 -1.2625
3 16 -0.421 0 -0.2284 -0.4811 0 -0.396 -0.4778 0 -0.397
3 16 -2.9791 0 -0.2375 -1.2249 0 -1.2147 -1.2244 0 -1.2091
3 16 -2.9791 0 -0.2375 -1.2197 0 -1.2342 -1.2224 0 -1.2284
3 16 -2.9791 0 -0.2375 -1.2165 0 -1.2388 -1.2197 0 -1.2342
3 16 -2.9791 0 -0.2375 -1.2113 0 -1.244 -1.2148 0 -1.2405
3 16 -2.9791 0 -0.2375 -1.207 0 -1.2469 -1.2113 0 -1.244
3 16 -2.9894 0 -0.2477 -3.0201 0 -0.2706 -1.207 0 -1.2469
3 16 -2.9894 0 -0.2477 -1.207 0 -1.2469 -2.9791 0 -0.2375
4 16 -0.5015 0 -0.2479 -0.4872 0 -0.3953 -0.4811 0 -0.396 -0.421 0 -0.2284
3 16 -3.2684 0 -0.254 -3.2723 0 -0.2501 -3.409 0 -1.2625
4 16 -0.582 0 -0.2632 -0.5019 0 -0.395 -0.4872 0 -0.3953 -0.5015 0 -0.2479
3 16 -3.2441 0 -0.2707 -3.2491 0 -0.2685 -3.409 0 -1.2625
3 16 -1.7827 0 -0.2735 -1.7636 0 -0.1827 -2.3646 0 0.3172
4 16 -0.6524 0 -0.2743 -0.6162 0 -0.3892 -0.5019 0 -0.395 -0.582 0 -0.2632
4 16 -0.7229 0 -0.2823 -0.7304 0 -0.3859 -0.6162 0 -0.3892 -0.6524 0 -0.2743
4 16 -0.772 0 -0.2845 -0.8213 0 -0.2855 -0.7573 0 -0.3896 -0.7534 0 -0.3879
4 16 -0.772 0 -0.2845 -0.7487 0 -0.3867 -0.7304 0 -0.3859 -0.7229 0 -0.2823
3 16 -0.772 0 -0.2845 -0.7534 0 -0.3879 -0.7487 0 -0.3867
3 16 -0.8615 0 -0.2854 -0.8654 0 -0.2872 -0.7673 0 -0.3975
4 16 -3.0541 0 -0.2872 -3.0683 0 -0.2917 -3.409 0 -1.2625 -1.207 0 -1.2469
3 16 -0.8654 0 -0.2872 -0.866 0 -0.2876 -0.7673 0 -0.3975
3 16 -3.1559 0 -0.2916 -3.1851 0 -0.2847 -3.409 0 -1.2625
3 16 -3.0897 0 -0.295 -3.1267 0 -0.2954 -3.409 0 -1.2625
3 16 -0.8747 0 -0.2962 -0.8791 0 -0.3036 -0.7673 0 -0.3975
4 16 -0.0181 0 -0.349 -0.0074 0 -0.3096 -0.4702 0 -0.4063 -0.4696 0 -0.4098
3 16 0.9765 0 -0.351 0.9098 0 -0.3979 3.409 0 -1.2625
3 16 -1.4714 0 -0.3849 -1.4759 0 -0.3843 -1.4967 0 -0.392
3 16 -1.4649 0 -0.387 -1.5118 0 -0.4022 -1.5241 0 -0.414
3 16 -1.4649 0 -0.387 -1.5241 0 -0.414 -1.5458 0 -0.4427
4 16 -0.7573 0 -0.3896 -0.8213 0 -0.2855 -0.8309 0 -0.2853 -0.7604 0 -0.3916
3 16 -0.7604 0 -0.3916 -0.8309 0 -0.2853 -0.8509 0 -0.2836
3 16 -1.4967 0 -0.392 -1.4759 0 -0.3843 -1.4791 0 -0.3845
3 16 -1.4967 0 -0.392 -1.4791 0 -0.3845 -1.4816 0 -0.385
4 16 -1.4967 0 -0.392 -1.5118 0 -0.4022 -1.4649 0 -0.387 -1.4714 0 -0.3849
3 16 -0.7673 0 -0.3975 -0.8575 0 -0.2842 -0.8615 0 -0.2854
3 16 -0.7673 0 -0.3975 -0.866 0 -0.2876 -0.8703 0 -0.2911
3 16 -0.7673 0 -0.3975 -0.8703 0 -0.2911 -0.8747 0 -0.2962
3 16 -0.7673 0 -0.3975 -0.8791 0 -0.3036 -0.8832 0 -0.314
4 16 -0.7673 0 -0.3975 -0.8832 0 -0.314 -0.8854 0 -0.3246 -0.7767 0 -0.4091
4 16 -0.7673 0 -0.3975 -0.7604 0 -0.3916 -0.8509 0 -0.2836 -0.8575 0 -0.2842
3 16 -1.4464 0 -0.4004 -1.5679 0 -0.4984 -1.5684 0 -0.5235
4 16 -1.4464 0 -0.4004 -1.5684 0 -0.5235 -1.568 0 -0.5259 -1.4281 0 -0.4213
3 16 -0.4722 0 -0.4015 -0.0444 0 -0.0939 -0.0566 0 -0.094
3 16 -0.4722 0 -0.4015 -0.0566 0 -0.094 -0.0666 0 -0.0958
3 16 -0.4722 0 -0.4015 -0.0274 0 -0.0983 -0.0341 0 -0.0958
3 16 -0.4722 0 -0.4015 -0.0225 0 -0.1013 -0.0274 0 -0.0983
3 16 -0.4722 0 -0.4015 -0.0183 0 -0.1049 -0.0188 0 -0.1044
3 16 -0.4722 0 -0.4015 -0.0121 0 -0.1121 -0.0183 0 -0.1049
3 16 -0.4722 0 -0.4015 -0.0057 0 -0.1232 -0.0121 0 -0.1121
3 16 -0.4722 0 -0.4015 0.0039 0 -0.1621 0 0 -0.1393
4 16 -0.4711 0 -0.4036 0.0043 0 -0.1679 0.0039 0 -0.1621 -0.4722 0 -0.4015
4 16 -0.4702 0 -0.4063 0.0025 0 -0.2391 0.0043 0 -0.1679 -0.4711 0 -0.4036
3 16 -0.4702 0 -0.4063 -0.0074 0 -0.3096 0.0025 0 -0.2391
4 16 -0.7767 0 -0.4091 -0.8854 0 -0.3246 -0.885 0 -0.3659 -0.7923 0 -0.4332
3 16 -0.4696 0 -0.4098 -0.0358 0 -0.3876 -0.0181 0 -0.349
3 16 -0.8788 0 -0.4129 -0.8732 0 -0.4418 -0.7945 0 -0.4364
4 16 -0.4696 0 -0.4151 -0.4728 0 -0.4306 -0.1495 0 -0.5413 -0.1267 0 -0.5218
4 16 -0.4696 0 -0.4151 -0.0932 0 -0.4805 -0.0358 0 -0.3876 -0.4696 0 -0.4098
3 16 -0.4696 0 -0.4151 -0.1267 0 -0.5218 -0.0932 0 -0.4805
3 16 -1.4281 0 -0.4213 -1.568 0 -0.5259 -1.5662 0 -0.5327
3 16 -1.4281 0 -0.4213 -1.5636 0 -0.5382 -1.5604 0 -0.5429
3 16 -1.4281 0 -0.4213 -1.5604 0 -0.5429 -1.5574 0 -0.5458
3 16 -1.4281 0 -0.4213 -1.5563 0 -0.5469 -1.552 0 -0.55
4 16 -1.4281 0 -0.4213 -1.552 0 -0.55 -1.5457 0 -0.5532 -1.4191 0 -0.4306
3 16 -0.4728 0 -0.4306 -0.2159 0 -0.5773 -0.1917 0 -0.566
3 16 -0.4728 0 -0.4306 -0.2501 0 -0.5884 -0.2159 0 -0.5773
4 16 -0.7923 0 -0.4332 -0.885 0 -0.3659 -0.8797 0 -0.4066 -0.7945 0 -0.4364
3 16 -0.7945 0 -0.4364 -0.8797 0 -0.4066 -0.8788 0 -0.4129
3 16 -0.7945 0 -0.4364 -0.8732 0 -0.4418 -0.8654 0 -0.4637
4 16 -0.7945 0 -0.4364 -0.8654 0 -0.4637 -0.8647 0 -0.4656 -0.8065 0 -0.4537
3 16 -1.3968 0 -0.4526 -1.4866 0 -0.5641 -1.4695 0 -0.5655
4 16 -1.3968 0 -0.4526 -1.4695 0 -0.5655 -1.4524 0 -0.5658 -1.374 0 -0.4745
3 16 -0.8065 0 -0.4537 -0.8647 0 -0.4656 -0.8629 0 -0.4688
3 16 -0.8065 0 -0.4537 -0.8601 0 -0.4723 -0.8569 0 -0.4751
3 16 -0.8065 0 -0.4537 -0.8569 0 -0.4751 -0.8538 0 -0.4769
4 16 -0.8065 0 -0.4537 -0.8508 0 -0.4781 -0.8479 0 -0.4787 -0.8138 0 -0.4639
3 16 0.7872 0 -0.4553 0.7139 0 -0.4772 3.409 0 -1.2625
3 16 -1.826 0 -0.458 -1.8043 0 -0.3676 -2.3646 0 0.3172
4 16 -0.4852 0 -0.4593 -0.2945 0 -0.5961 -0.2501 0 -0.5884 -0.4728 0 -0.4306
3 16 -0.4852 0 -0.4593 -0.381 0 -0.597 -0.34 0 -0.598
3 16 -0.4852 0 -0.4593 -0.3852 0 -0.5972 -0.381 0 -0.597
3 16 -0.4852 0 -0.4593 -0.3034 0 -0.5972 -0.2945 0 -0.5961
3 16 -0.8138 0 -0.4639 -0.8479 0 -0.4787 -0.8199 0 -0.4702
3 16 -0.8629 0 -0.4688 -0.8601 0 -0.4723 -0.8065 0 -0.4537
3 16 -0.8199 0 -0.4702 -0.8479 0 -0.4787 -0.8213 0 -0.4713
4 16 -0.8213 0 -0.4713 -0.8479 0 -0.4787 -0.8471 0 -0.4789 -0.8253 0 -0.4742
3 16 -0.8253 0 -0.4742 -0.8471 0 -0.4789 -0.8302 0 -0.4766
3 16 -1.5625 0 -0.4745 -1.4649 0 -0.387 -1.5458 0 -0.4427
4 16 -1.374 0 -0.4745 -1.4524 0 -0.5658 -1.4133 0 -0.5617 -1.3582 0 -0.489
3 16 -0.8302 0 -0.4766 -0.8471 0 -0.4789 -0.8422 0 -0.4791
3 16 -0.8302 0 -0.4766 -0.8422 0 -0.4791 -0.8364 0 -0.4785
3 16 -0.8538 0 -0.4769 -0.8508 0 -0.4781 -0.8065 0 -0.4537
4 16 -1.5651 0 -0.4826 -1.4573 0 -0.3908 -1.4649 0 -0.387 -1.5625 0 -0.4745
4 16 -1.5651 0 -0.4826 -1.5679 0 -0.4984 -1.4464 0 -0.4004 -1.4573 0 -0.3908
4 16 -1.3582 0 -0.489 -1.3424 0 -0.5343 -1.3414 0 -0.5324 -1.3502 0 -0.4973
3 16 -1.3582 0 -0.489 -1.3451 0 -0.5379 -1.3424 0 -0.5343
3 16 -1.3582 0 -0.489 -1.3561 0 -0.5461 -1.3493 0 -0.5418
3 16 -1.3582 0 -0.489 -1.3688 0 -0.5514 -1.3561 0 -0.5461
3 16 -1.3582 0 -0.489 -1.4133 0 -0.5617 -1.3749 0 -0.5533
4 16 -0.5071 0 -0.4933 -0.535 0 -0.5274 -0.4797 0 -0.619 -0.4552 0 -0.6088
3 16 -1.3502 0 -0.4973 -1.3416 0 -0.5133 -1.3449 0 -0.5052
3 16 -1.3502 0 -0.4973 -1.34 0 -0.5209 -1.3416 0 -0.5133
3 16 -1.3502 0 -0.4973 -1.3404 0 -0.5294 -1.3399 0 -0.5257
3 16 -1.3502 0 -0.4973 -1.3414 0 -0.5324 -1.3404 0 -0.5294
3 16 0.6755 0 -0.4985 0.6017 0 -0.5583 3.409 0 -1.2625
3 16 -1.3399 0 -0.5257 -1.34 0 -0.5209 -1.3502 0 -0.4973
3 16 -1.5662 0 -0.5327 -1.5636 0 -0.5382 -1.4281 0 -0.4213
3 16 -0.1495 0 -0.5413 -0.4728 0 -0.4306 -0.1917 0 -0.566
3 16 -1.3493 0 -0.5418 -1.3451 0 -0.5379 -1.3582 0 -0.489
3 16 -1.5574 0 -0.5458 -1.5563 0 -0.5469 -1.4281 0 -0.4213
4 16 -0.5603 0 -0.5508 -0.513 0 -0.6379 -0.4797 0 -0.619 -0.535 0 -0.5274
3 16 -1.3749 0 -0.5533 -1.3688 0 -0.5514 -1.3582 0 -0.489
4 16 -1.5341 0 -0.5566 -1.3968 0 -0.4526 -1.4191 0 -0.4306 -1.5457 0 -0.5532
3 16 -1.5103 0 -0.5613 -1.3968 0 -0.4526 -1.5341 0 -0.5566
3 16 -1.5103 0 -0.5613 -1.4866 0 -0.5641 -1.3968 0 -0.4526
3 16 -0.6255 0 -0.5813 -0.6349 0 -0.5907 -0.5589 0 -0.6666
3 16 -1.8475 0 -0.5832 -1.8472 0 -0.5638 -2.3646 0 0.3172
3 16 -0.6349 0 -0.5907 -0.6495 0 -0.6088 -0.5589 0 -0.6666
3 16 -0.34 0 -0.598 -0.3034 0 -0.5972 -0.4852 0 -0.4593
4 16 -0.4208 0 -0.6008 -0.4852 0 -0.4593 -0.5019 0 -0.4861 -0.4552 0 -0.6088
3 16 -0.4208 0 -0.6008 -0.3852 0 -0.5972 -0.4852 0 -0.4593
3 16 -0.4552 0 -0.6088 -0.5019 0 -0.4861 -0.5071 0 -0.4933
3 16 -0.513 0 -0.6379 -0.5603 0 -0.5508 -0.5647 0 -0.5538
4 16 -0.513 0 -0.6379 -0.5647 0 -0.5538 -0.5758 0 -0.5593 -0.5228 0 -0.6436
3 16 -0.5228 0 -0.6436 -0.5758 0 -0.5593 -0.6058 0 -0.5698
4 16 -0.5228 0 -0.6436 -0.6058 0 -0.5698 -0.6178 0 -0.5757 -0.5589 0 -0.6666
3 16 -0.5589 0 -0.6666 -0.6178 0 -0.5757 -0.6255 0 -0.5813
3 16 -0.5589 0 -0.6666 -0.6495 0 -0.6088 -0.6574 0 -0.6191
4 16 -0.5589 0 -0.6666 -0.6574 0 -0.6191 -0.6765 0 -0.6471 -0.5945 0 -0.6901
4 16 -0.7073 0 -0.6739 -0.681 0 -0.7394 -0.6729 0 -0.7365 -0.6961 0 -0.6677
3 16 -0.7073 0 -0.6739 -0.6904 0 -0.7411 -0.681 0 -0.7394
3 16 0.4852 0 -0.6816 0.4512 0 -0.7307 3.409 0 -1.2625
3 16 -0.7364 0 -0.6861 -0.7431 0 -0.6888 -0.7049 0 -0.7402
4 16 -0.5945 0 -0.6901 -0.6765 0 -0.6471 -0.6895 0 -0.6627 -0.633 0 -0.7148
3 16 -0.7479 0 -0.6925 -0.7337 0 -0.7226 -0.7205 0 -0.7329
3 16 -0.7485 0 -0.6931 -0.7513 0 -0.7008 -0.7511 0 -0.7021
3 16 -0.7485 0 -0.6931 -0.7511 0 -0.7021 -0.7508 0 -0.7032
3 16 -0.7485 0 -0.6931 -0.7503 0 -0.7041 -0.7496 0 -0.705
4 16 -0.7485 0 -0.6931 -0.7496 0 -0.705 -0.7337 0 -0.7226 -0.7479 0 -0.6925
3 16 -0.751 0 -0.6975 -0.7485 0 -0.6931 -0.7494 0 -0.6942
3 16 -0.751 0 -0.6975 -0.7494 0 -0.6942 -0.7503 0 -0.6957
3 16 -0.7513 0 -0.6993 -0.7485 0 -0.6931 -0.751 0 -0.6975
3 16 -0.7513 0 -0.6993 -0.7513 0 -0.7008 -0.7485 0 -0.6931
3 16 -0.7508 0 -0.7032 -0.7503 0 -0.7041 -0.7485 0 -0.6931
3 16 -1.8151 0 -0.7058 -1.8248 0 -0.6791 -2.3646 0 0.3172
4 16 -0.633 0 -0.7148 -0.6895 0 -0.6627 -0.6961 0 -0.6677 -0.6729 0 -0.7365
3 16 -0.7087 0 -0.739 -0.7479 0 -0.6925 -0.7205 0 -0.7329
4 16 -0.7087 0 -0.739 -0.7049 0 -0.7402 -0.746 0 -0.6907 -0.7479 0 -0.6925
3 16 -0.7049 0 -0.7402 -0.7271 0 -0.6826 -0.7364 0 -0.6861
3 16 -0.7049 0 -0.7402 -0.7431 0 -0.6888 -0.746 0 -0.6907
4 16 -0.6989 0 -0.7412 -0.7073 0 -0.6739 -0.7271 0 -0.6826 -0.7049 0 -0.7402
3 16 -0.6989 0 -0.7412 -0.6904 0 -0.7411 -0.7073 0 -0.6739
3 16 -1.2389 0 -0.7547 -1.3111 0 -0.7506 -1.2169 0 -1.1906
3 16 -1.4682 0 -0.7554 -1.5532 0 -0.7638 -1.2169 0 -1.1906
3 16 -1.7895 0 -0.7671 -2.4018 0 0.2827 -2.4422 0 0.2508
3 16 -1.7895 0 -0.7671 -2.5121 0 0.207 -2.5839 0 0.1645
3 16 -1.7895 0 -0.7671 -2.5839 0 0.1645 -1.7775 0 -0.783
3 16 -1.7775 0 -0.783 -2.5839 0 0.1645 -2.6521 0 0.1238
3 16 -1.7775 0 -0.783 -2.6521 0 0.1238 -2.7198 0 0.0816
3 16 -1.7775 0 -0.783 -2.7198 0 0.0816 -1.7736 0 -0.787
3 16 -1.7736 0 -0.787 -2.7198 0 0.0816 -2.7652 0 0.05
3 16 -1.7736 0 -0.787 -2.7652 0 0.05 -2.8081 0 0.0146
3 16 -1.7736 0 -0.787 -2.8517 0 -0.0277 -2.8915 0 -0.0742
3 16 -1.7736 0 -0.787 -2.8915 0 -0.0742 -2.9213 0 -0.1202
3 16 -1.7736 0 -0.787 -2.9475 0 -0.1687 -2.9605 0 -0.2011
3 16 -1.7736 0 -0.787 -2.9605 0 -0.2011 -2.9715 0 -0.2264
3 16 -1.665 0 -0.7887 -1.6822 0 -0.7925 -1.2169 0 -1.1906
3 16 -1.1183 0 -0.7966 -1.1481 0 -0.7787 -1.2169 0 -1.1906
3 16 -1.7491 0 -0.7976 -1.7611 0 -0.7942 -1.2169 0 -1.1906
3 16 -1.7326 0 -0.7995 -1.7491 0 -0.7976 -1.2169 0 -1.1906
3 16 0.3869 0 -0.85 0.37 0 -0.8913 3.409 0 -1.2625
3 16 -1.0592 0 -0.8647 -1.0762 0 -0.8352 -1.2169 0 -1.1906
3 16 -0.0957 0 -0.8673 -0.1154 0 -0.872 -0.1008 0 -1.0166
4 16 -1.0464 0 -0.8815 -1.1315 0 -1.0868 -1.1156 0 -1.0763 -1.0289 0 -0.8947
3 16 -1.0464 0 -0.8815 -1.1531 0 -1.1074 -1.1315 0 -1.0868
3 16 -1.0464 0 -0.8815 -1.1993 0 -1.1632 -1.1698 0 -1.127
4 16 -0.0052 0 -0.8822 -0.0775 0 -1.0238 -0.0663 0 -1.029 0 0 -0.8832
4 16 0 0 -0.8832 -0.0663 0 -1.029 -0.06 0 -1.0335 0.1199 0 -0.9072
4 16 -1.0289 0 -0.8947 -1.0908 0 -1.07 -1.0648 0 -1.068 -0.9977 0 -0.9104
3 16 -1.0289 0 -0.8947 -1.1019 0 -1.0715 -1.0908 0 -1.07
3 16 -1.0289 0 -0.8947 -1.1156 0 -1.0763 -1.1101 0 -1.0738
4 16 0.1199 0 -0.9072 -0.06 0 -1.0335 -0.0563 0 -1.0373 0.2402 0 -0.928
4 16 -0.9977 0 -0.9104 -1.0648 0 -1.068 -1.0513 0 -1.0662 -0.9847 0 -0.9155
4 16 -0.9847 0 -0.9155 -1.0204 0 -1.062 -1.0039 0 -1.0572 -0.9659 0 -0.9208
3 16 -0.9847 0 -0.9155 -1.0513 0 -1.0662 -1.0204 0 -1.062
3 16 0.3546 0 -0.918 0.3488 0 -0.9235 3.409 0 -1.2625
4 16 -0.9659 0 -0.9208 -0.8912 0 -0.98 -0.8888 0 -0.9735 -0.9246 0 -0.9288
3 16 -0.9659 0 -0.9208 -0.9019 0 -0.9943 -0.8948 0 -0.986
3 16 -0.9659 0 -0.9208 -0.9165 0 -1.0064 -0.9019 0 -0.9943
3 16 -0.9659 0 -0.9208 -1.0039 0 -1.0572 -0.9648 0 -1.0383
3 16 0.2402 0 -0.928 -0.0563 0 -1.0373 0.2923 0 -0.9354
3 16 -0.9246 0 -0.9288 -0.8888 0 -0.9735 -0.9113 0 -0.9336
3 16 0.3354 0 -0.9309 -0.0514 0 -1.0465 -0.0511 0 -1.0497
4 16 0.3354 0 -0.9309 -0.0511 0 -1.0497 -0.0513 0 -1.0537 3.409 0 -1.2625
3 16 0.3239 0 -0.9342 -0.0523 0 -1.0437 -0.0514 0 -1.0465
3 16 0.3239 0 -0.9342 -0.0514 0 -1.0465 0.3354 0 -0.9309
3 16 -0.2618 0 -0.9382 -0.2762 0 -0.9878 -0.268 0 -0.9905
3 16 -0.9006 0 -0.9398 -0.9046 0 -0.9371 -0.8888 0 -0.9735
3 16 -0.8969 0 -0.9435 -0.8879 0 -0.9701 -0.8877 0 -0.966
4 16 -0.2835 0 -0.9528 -0.2813 0 -0.9851 -0.2762 0 -0.9878 -0.2618 0 -0.9382
3 16 -0.2846 0 -0.9538 -0.2859 0 -0.9554 -0.2813 0 -0.9851
3 16 -0.8899 0 -0.9552 -0.8932 0 -0.9486 -0.8882 0 -0.9611
3 16 -0.8882 0 -0.9611 -0.8969 0 -0.9435 -0.8877 0 -0.966
3 16 -0.8882 0 -0.9611 -0.8932 0 -0.9486 -0.8969 0 -0.9435
3 16 -0.2883 0 -0.9612 -0.289 0 -0.9658 -0.2813 0 -0.9851
3 16 -0.8888 0 -0.9735 -0.9046 0 -0.9371 -0.9113 0 -0.9336
4 16 -0.8888 0 -0.9735 -0.8879 0 -0.9701 -0.8969 0 -0.9435 -0.9006 0 -0.9398
3 16 -0.2879 0 -0.9761 -0.2865 0 -0.9795 -0.2813 0 -0.9851
3 16 -0.2813 0 -0.9851 -0.2835 0 -0.9528 -0.2846 0 -0.9538
3 16 -0.2813 0 -0.9851 -0.2859 0 -0.9554 -0.2872 0 -0.9578
3 16 -0.2813 0 -0.9851 -0.2872 0 -0.9578 -0.2883 0 -0.9612
3 16 -0.2813 0 -0.9851 -0.289 0 -0.9658 -0.2889 0 -0.9713
3 16 -0.2813 0 -0.9851 -0.2889 0 -0.9713 -0.2879 0 -0.9761
3 16 -0.2813 0 -0.9851 -0.2865 0 -0.9795 -0.285 0 -0.9819
3 16 -0.2813 0 -0.9851 -0.285 0 -0.9819 -0.2835 0 -0.9834
3 16 -0.8948 0 -0.986 -0.8912 0 -0.98 -0.9659 0 -0.9208
4 16 -0.2592 0 -0.992 -0.2122 0 -0.916 -0.2618 0 -0.9382 -0.268 0 -0.9905
4 16 -0.2325 0 -0.9942 -0.1868 0 -0.9056 -0.2122 0 -0.916 -0.2592 0 -0.992
4 16 -0.1667 0 -1.0045 -0.1401 0 -0.882 -0.1868 0 -0.9056 -0.2325 0 -0.9942
3 16 -0.9288 0 -1.015 -0.9165 0 -1.0064 -0.9659 0 -0.9208
3 16 -0.1008 0 -1.0166 -0.0748 0 -0.8664 -0.0908 0 -0.8667
3 16 -0.1008 0 -1.0166 -0.0908 0 -0.8667 -0.0957 0 -0.8673
4 16 -0.1008 0 -1.0166 -0.1154 0 -0.872 -0.1401 0 -0.882 -0.1667 0 -1.0045
4 16 -0.0775 0 -1.0238 -0.0504 0 -0.8705 -0.0748 0 -0.8664 -0.1008 0 -1.0166
3 16 -0.0775 0 -1.0238 -0.0052 0 -0.8822 -0.0504 0 -0.8705
3 16 -0.0563 0 -1.0373 0.3239 0 -0.9342 0.3094 0 -0.9359
3 16 -0.0563 0 -1.0373 0.3094 0 -0.9359 0.2923 0 -0.9354
3 16 -0.9648 0 -1.0383 -0.9288 0 -1.015 -0.9659 0 -0.9208
3 16 -0.0533 0 -1.0416 0.3239 0 -0.9342 -0.0563 0 -1.0373
3 16 -0.0533 0 -1.0416 -0.0523 0 -1.0437 0.3239 0 -0.9342
3 16 -0.0525 0 -1.0587 -0.0558 0 -1.0669 3.409 0 -1.2625
3 16 -1.1101 0 -1.0738 -1.1019 0 -1.0715 -1.0289 0 -0.8947
3 16 -1.1698 0 -1.127 -1.1531 0 -1.1074 -1.0464 0 -0.8815
3 16 -0.1096 0 -1.1411 -0.16 0 -1.1974 3.409 0 -1.2625
3 16 -0.5302 0 -1.1484 -0.3566 0 -1.2299 -0.5019 0 -1.1521
3 16 -0.5604 0 -1.1501 -0.3566 0 -1.2299 -0.5302 0 -1.1484
3 16 -0.5604 0 -1.1501 -0.3469 0 -1.2364 -0.3566 0 -1.2299
3 16 -0.5934 0 -1.1582 -0.3417 0 -1.2388 -0.5894 0 -1.1568
3 16 -0.4661 0 -1.1625 -0.47 0 -1.1611 -0.3566 0 -1.2299
3 16 -0.4661 0 -1.1625 -0.3566 0 -1.2299 -0.43 0 -1.1784
3 16 -1.1993 0 -1.1632 -1.0464 0 -0.8815 -1.2169 0 -1.1906
3 16 -0.6244 0 -1.1737 -0.3417 0 -1.2388 -0.5934 0 -1.1582
3 16 -0.6244 0 -1.1737 -0.3306 0 -1.2422 -0.3417 0 -1.2388
3 16 -0.43 0 -1.1784 -0.3824 0 -1.2069 -0.3952 0 -1.1974
3 16 -0.43 0 -1.1784 -0.3566 0 -1.2299 -0.3824 0 -1.2069
3 16 -1.2169 0 -1.1906 -2.9715 0 -0.2264 -1.2231 0 -1.204
3 16 -1.2169 0 -1.1906 -1.3111 0 -0.7506 -1.3831 0 -0.7515
3 16 -1.2169 0 -1.1906 -1.3831 0 -0.7515 -1.4682 0 -0.7554
3 16 -1.2169 0 -1.1906 -1.192 0 -0.7633 -1.2389 0 -0.7547
3 16 -1.2169 0 -1.1906 -1.5532 0 -0.7638 -1.6091 0 -0.7753
3 16 -1.2169 0 -1.1906 -1.6091 0 -0.7753 -1.665 0 -0.7887
3 16 -1.2169 0 -1.1906 -1.1481 0 -0.7787 -1.192 0 -0.7633
3 16 -1.2169 0 -1.1906 -1.7689 0 -0.7904 -2.9715 0 -0.2264
3 16 -1.2169 0 -1.1906 -1.6822 0 -0.7925 -1.7162 0 -0.7992
3 16 -1.2169 0 -1.1906 -1.7611 0 -0.7942 -1.7689 0 -0.7904
3 16 -1.2169 0 -1.1906 -1.7162 0 -0.7992 -1.7326 0 -0.7995
3 16 -1.2169 0 -1.1906 -1.0839 0 -0.8259 -1.1183 0 -0.7966
3 16 -1.2169 0 -1.1906 -1.0762 0 -0.8352 -1.0839 0 -0.8259
3 16 -1.2169 0 -1.1906 -1.0517 0 -0.8758 -1.0592 0 -0.8647
3 16 -1.2169 0 -1.1906 -1.0464 0 -0.8815 -1.0517 0 -0.8758
3 16 -0.6586 0 -1.1932 -0.6622 0 -1.1954 -0.3306 0 -1.2422
3 16 -0.6586 0 -1.1932 -0.3306 0 -1.2422 -0.6244 0 -1.1737
4 16 -1.2231 0 -1.204 -2.9715 0 -0.2264 -2.9791 0 -0.2375 -1.2244 0 -1.2091
3 16 -0.6803 0 -1.207 -0.6895 0 -1.2113 -0.313 0 -1.2442
3 16 -0.7985 0 -1.215 -0.8274 0 -1.2154 -0.8543 0 -1.2326
3 16 -0.8436 0 -1.2197 -0.8543 0 -1.2326 -0.8416 0 -1.2186
3 16 -1.2243 0 -1.2212 -1.2249 0 -1.2147 -2.9791 0 -0.2375
3 16 -0.8456 0 -1.2213 -0.8543 0 -1.2326 -0.8436 0 -1.2197
3 16 -1.2224 0 -1.2284 -1.2243 0 -1.2212 -2.9791 0 -0.2375
3 16 -0.3566 0 -1.2299 -0.47 0 -1.1611 -0.5019 0 -1.1521
3 16 -0.8543 0 -1.2326 -0.8274 0 -1.2154 -0.8405 0 -1.2181
3 16 -0.8543 0 -1.2326 -0.7787 0 -1.2156 -0.7985 0 -1.215
3 16 -0.8543 0 -1.2326 -0.7371 0 -1.2159 -0.7787 0 -1.2156
3 16 -0.8543 0 -1.2326 -0.8405 0 -1.2181 -0.8416 0 -1.2186
3 16 -0.2064 0 -1.2361 -0.2243 0 -1.2446 3.409 0 -1.2625
3 16 -0.8579 0 -1.2367 -0.7371 0 -1.2159 -0.8543 0 -1.2326
3 16 -0.8579 0 -1.2367 -0.313 0 -1.2442 -0.7371 0 -1.2159
3 16 -0.8604 0 -1.2387 -0.2536 0 -1.2474 -0.8579 0 -1.2367
3 16 -0.8604 0 -1.2387 -0.2407 0 -1.2476 -0.2536 0 -1.2474
3 16 -0.3417 0 -1.2388 -0.5604 0 -1.1501 -0.5894 0 -1.1568
3 16 -0.3417 0 -1.2388 -0.3469 0 -1.2364 -0.5604 0 -1.1501
3 16 -0.8624 0 -1.2398 -0.2407 0 -1.2476 -0.8604 0 -1.2387
3 16 -1.2148 0 -1.2405 -1.2165 0 -1.2388 -2.9791 0 -0.2375
3 16 -0.8645 0 -1.2405 -0.9122 0 -1.2487 -0.2407 0 -1.2476
3 16 -0.3306 0 -1.2422 -0.6622 0 -1.1954 -0.6803 0 -1.207
3 16 -0.3306 0 -1.2422 -0.6803 0 -1.207 -0.313 0 -1.2442
3 16 -0.313 0 -1.2442 -0.6895 0 -1.2113 -0.6961 0 -1.2131
3 16 -0.313 0 -1.2442 -0.6961 0 -1.2131 -0.7371 0 -1.2159
3 16 -0.2309 0 -1.2464 -0.2407 0 -1.2476 3.409 0 -1.2625
3 16 -1.207 0 -1.2469 -3.0201 0 -0.2706 -3.0541 0 -0.2872
3 16 -1.207 0 -1.2469 -3.409 0 -1.2625 -1.1999 0 -1.2501
3 16 -0.2536 0 -1.2474 -0.313 0 -1.2442 -0.8579 0 -1.2367
3 16 -0.2536 0 -1.2474 -0.2835 0 -1.2446 -0.313 0 -1.2442
3 16 -0.2407 0 -1.2476 -0.8624 0 -1.2398 -0.8645 0 -1.2405
3 16 -0.2407 0 -1.2476 -0.9122 0 -1.2487 -0.9605 0 -1.2513
3 16 -0.2407 0 -1.2476 -0.9605 0 -1.2513 -1.0677 0 -1.255
3 16 -1.1999 0 -1.2501 -3.409 0 -1.2625 -1.1884 0 -1.253
3 16 -3.409 0 -1.2625 -3.3529 0 -0.0436 -3.409 0 1.2625
3 16 -3.409 0 -1.2625 -3.351 0 -0.0692 -3.3529 0 -0.0436
3 16 -3.409 0 -1.2625 -3.3427 0 -0.0989 -3.349 0 -0.0811
3 16 -3.409 0 -1.2625 -3.34 0 -0.1049 -3.3427 0 -0.0989
3 16 -3.409 0 -1.2625 -3.323 0 -0.1358 -3.3344 0 -0.1165
3 16 -3.409 0 -1.2625 -3.3193 0 -0.1438 -3.323 0 -0.1358
3 16 -3.409 0 -1.2625 -3.3084 0 -0.1853 -3.3135 0 -0.1645
3 16 -3.409 0 -1.2625 -3.3014 0 -0.206 -3.3084 0 -0.1853
3 16 -3.409 0 -1.2625 -3.2853 0 -0.2367 -3.2926 0 -0.2267
3 16 -3.409 0 -1.2625 -3.2723 0 -0.2501 -3.2853 0 -0.2367
3 16 -3.409 0 -1.2625 -3.2569 0 -0.2636 -3.2684 0 -0.254
3 16 -3.409 0 -1.2625 -3.2491 0 -0.2685 -3.2569 0 -0.2636
3 16 -3.409 0 -1.2625 -3.215 0 -0.2786 -3.2441 0 -0.2707
3 16 -3.409 0 -1.2625 -3.1851 0 -0.2847 -3.215 0 -0.2786
3 16 -3.409 0 -1.2625 -3.0683 0 -0.2917 -3.0897 0 -0.295
3 16 -3.409 0 -1.2625 -3.1321 0 -0.2953 -3.1559 0 -0.2916
3 16 -3.409 0 -1.2625 -3.1267 0 -0.2954 -3.1321 0 -0.2953
3 16 -3.409 0 -1.2625 -1.1748 0 -1.2545 -1.1884 0 -1.253
3 16 -3.409 0 -1.2625 -1.0677 0 -1.255 -1.1748 0 -1.2545
3 16 3.409 0 -1.2625 3.3502 0 0.7646 3.3394 0 0.7083
3 16 3.409 0 -1.2625 3.3394 0 0.7083 3.3296 0 0.6768
3 16 3.409 0 -1.2625 3.2751 0 0.5692 3.2613 0 0.553
3 16 3.409 0 -1.2625 3.2613 0 0.553 3.2143 0 0.5102
3 16 3.409 0 -1.2625 3.1434 0 0.463 3.0551 0 0.4195
3 16 3.409 0 -1.2625 3.0551 0 0.4195 2.9617 0 0.3884
4 16 3.409 0 -1.2625 2.3935 0 0.4162 2.2805 0 0.4464 2.0179 0 0.2799
3 16 3.409 0 -1.2625 2.5072 0 0.3884 2.3935 0 0.4162
3 16 3.409 0 -1.2625 2.8556 0 0.3707 2.7482 0 0.366
3 16 3.409 0 -1.2625 2.7482 0 0.366 2.6271 0 0.3719
3 16 3.409 0 -1.2625 2.0096 0 0.2611 2.002 0 0.2499
3 16 3.409 0 -1.2625 2.002 0 0.2499 1.995 0 0.2418
3 16 3.409 0 -1.2625 1.9806 0 0.2293 1.9586 0 0.2162
3 16 3.409 0 -1.2625 1.9586 0 0.2162 1.9353 0 0.2077
3 16 3.409 0 -1.2625 1.9223 0 0.2046 1.8797 0 0.2001
3 16 3.409 0 -1.2625 1.658 0 0.2005 1.4926 0 0.1986
3 16 3.409 0 -1.2625 1.8797 0 0.2001 1.8235 0 0.1994
3 16 3.409 0 -1.2625 1.4926 0 0.1986 1.4851 0 0.198
3 16 3.409 0 -1.2625 1.4497 0 0.1912 1.4099 0 0.1762
3 16 3.409 0 -1.2625 1.4099 0 0.1762 1.4011 0 0.1715
3 16 3.409 0 -1.2625 1.3783 0 0.1554 1.3509 0 0.129
3 16 3.409 0 -1.2625 1.3509 0 0.129 1.3198 0 0.0886
3 16 3.409 0 -1.2625 1.2925 0 0.0452 1.2508 0 -0.0319
3 16 3.409 0 -1.2625 1.2508 0 -0.0319 1.2065 0 -0.1074
3 16 3.409 0 -1.2625 1.2065 0 -0.1074 1.1532 0 -0.1746
3 16 3.409 0 -1.2625 1.0948 0 -0.2375 1.0378 0 -0.2964
3 16 3.409 0 -1.2625 1.0378 0 -0.2964 0.9765 0 -0.351
3 16 3.409 0 -1.2625 0.9098 0 -0.3979 0.838 0 -0.4373
3 16 3.409 0 -1.2625 0.838 0 -0.4373 0.7872 0 -0.4553
3 16 3.409 0 -1.2625 0.7139 0 -0.4772 0.6879 0 -0.4903
3 16 3.409 0 -1.2625 0.6879 0 -0.4903 0.6755 0 -0.4985
3 16 3.409 0 -1.2625 0.6017 0 -0.5583 0.5237 0 -0.6362
3 16 3.409 0 -1.2625 0.5237 0 -0.6362 0.4852 0 -0.6816
3 16 3.409 0 -1.2625 0.4512 0 -0.7307 0.4187 0 -0.7898
3 16 3.409 0 -1.2625 0.4187 0 -0.7898 0.3869 0 -0.85
3 16 3.409 0 -1.2625 0.37 0 -0.8913 0.3614 0 -0.9087
3 16 3.409 0 -1.2625 0.3614 0 -0.9087 0.3546 0 -0.918
3 16 3.409 0 -1.2625 0.3488 0 -0.9235 0.342 0 -0.928
3 16 3.409 0 -1.2625 0.342 0 -0.928 0.3354 0 -0.9309
3 16 3.409 0 -1.2625 -0.0513 0 -1.0537 -0.0525 0 -1.0587
3 16 3.409 0 -1.2625 -0.0558 0 -1.0669 -0.0641 0 -1.0805
3 16 3.409 0 -1.2625 -0.0641 0 -1.0805 -0.1096 0 -1.1411
3 16 3.409 0 -1.2625 -0.16 0 -1.1974 -0.1835 0 -1.2197
3 16 3.409 0 -1.2625 -0.1835 0 -1.2197 -0.2064 0 -1.2361
3 16 3.409 0 -1.2625 -0.2243 0 -1.2446 -0.2309 0 -1.2464
3 16 3.409 0 -1.2625 -0.2407 0 -1.2476 -1.0677 0 -1.255
3 16 3.409 0 -1.2625 -1.0677 0 -1.255 -3.409 0 -1.2625
