0 ~Logo Michelin Colored with Simplified Text and Band with Outer Box
0 Name: s\logomichl05.dat
0 Author: Massimo Maso [Sirio]
0 !LDRAW_ORG Unofficial_Subpart 
0 !LICENSE Redistributable under CCAL version 2.0 : see CAreadme.txt

0 !HELP Exact dimensions X = 129.6; Z = 20.25

0 BFC CERTIFY CCW


0 // Thin band around Bibendum
4 14 -64.8 0 10.125 -64.8 0 -10.125 -53.499 0 -10.125 -61.718 0 10.125
0 // Wide band around Bibendum
4 14 -61.718 0 10.125 -53.499 0 -10.125 -33.8352 0 -10.125 -46.2605 0 10.125
0 // Simplified text
4 15 -28.52 0 5.385 -31.795 0 -3.615 56.83 0 -3.615 60.105 0 5.385
0 // Outher box around Bibendum
4 1 -40 0 10.125 -46.2605 0 10.125 -33.8352 0 -10.125 -37.2634 0 5.385
3 1 -37.2634 0 5.385 -33.8352 0 -10.125 -32.0672 0 -3.615
4 1 -32.0672 0 -3.615 -33.8352 0 -10.125 -29.8733 0 -7.415 -31.795 0 -3.615
3 1 -28.3087 0 -10.125 -29.8733 0 -7.415 -33.8352 0 -10.125
0 // Outer box around text
4 1 -28.52 0 5.385 0 0 10.125 -40 0 10.125 -37.2634 0 5.385
4 1 64.8 0 -10.125 64.8 0 10.125 60.105 0 5.385 56.83 0 -3.615
4 1 -37.2634 0 5.385 -32.0672 0 -3.615 -31.795 0 -3.615 -28.52 0 5.385
4 1 0 0 10.125 -28.52 0 5.385 60.105 0 5.385 32 0 10.125
3 1 60.105 0 5.385 64.8 0 10.125 32 0 10.125
4 1 -31.795 0 -3.615 -29.8733 0 -7.415 0 0 -10.125 56.83 0 -3.615
3 1 28 0 -10.125 56.83 0 -3.615 0 0 -10.125
3 1 64.8 0 -10.125 56.83 0 -3.615 28 0 -10.125
3 1 0 0 -10.125 -29.8733 0 -7.415 -28.3087 0 -10.125
