0 ~Logo Pirelli Text
0 Name: s\logopiret01.dat
0 Author: Massimo Maso [Sirio]
0 !LDRAW_ORG Unofficial_Subpart 
0 !LICENSE Redistributable under CCAL version 2.0 : see CAreadme.txt

0 !HELP Exact dimensions X = 4.8; Z = 1

0 BFC CERTIFY CCW


0 // Text Pirelli
0 // Letter Pirelli
4 16 -2.4 0 0.5 -2.4 0 -0.5 -1.9082 0 -0.5 -1.9082 0 0.1311
4 16 2.1902 0 0.5 -2.4 0 0.5 -1.9082 0 0.377 1.6164 0 0.377
3 16 2.1902 0 0.5 1.6164 0 0.377 1.64 0 0.3723
3 16 -1.9082 0 0.377 -2.4 0 0.5 -1.9082 0 0.2541
3 16 1.6598 0 0.359 2.1902 0 0.5 1.64 0 0.3723
3 16 1.6731 0 0.339 2.1902 0 0.5 1.6598 0 0.359
4 16 1.6779 0 0.3156 2.2608 0 0.4859 2.1902 0 0.5 1.6731 0 0.339
4 16 1.6779 0 0.3156 2.3605 0 0.3862 2.3205 0 0.4459 2.2608 0 0.4859
4 16 1.6779 0 0.3156 1.6731 0 0.292 2.1902 0 0.1311 2.2608 0 0.1452
4 16 1.6779 0 0.3156 2.3605 0 0.2449 2.3746 0 0.3156 2.3605 0 0.3862
3 16 1.6598 0 0.2721 2.1902 0 0.1311 1.6731 0 0.292
3 16 1.64 0 0.2589 2.1902 0 0.1311 1.6598 0 0.2721
3 16 -1.9082 0 0.2541 -2.4 0 0.5 -1.9082 0 0.1311
4 16 1.6164 0 0.2541 -1.9082 0 0.2541 -1.9082 0 0.1311 -0.3139 0 0.1311
3 16 1.6164 0 0.2541 -0.3139 0 0.1311 0.518 0 0.1311
3 16 1.6164 0 0.2541 0.518 0 0.1311 1.2434 0 0.1311
3 16 1.6164 0 0.2541 1.2434 0 0.1311 1.9361 0 0.1311
4 16 1.6164 0 0.2541 1.9361 0 0.1311 2.1902 0 0.1311 1.64 0 0.2589
4 16 2.3205 0 0.1852 2.3605 0 0.2449 1.6779 0 0.3156 2.2608 0 0.1452
0 // Letter pIrelli
4 16 -1.7033 0 0.0328 -1.7033 0 -0.5 -1.4082 0 -0.5 -1.4082 0 0.0328
0 // Letter piRelli
4 16 -1.2033 0 0.0328 -0.9082 0 -0.0902 -0.7607 0 -0.0902 -0.5885 0 0.0328
3 16 -1.2033 0 0.0328 -0.9082 0 -0.2131 -0.9082 0 -0.0902
4 16 -1.2033 0 0.0328 -0.9082 0 -0.3361 -0.8262 0 -0.3361 -0.9082 0 -0.2131
4 16 -1.2033 0 0.0328 -1.2033 0 -0.5 -0.9082 0 -0.5 -0.9082 0 -0.3361
3 16 -0.5885 0 0.0328 -0.7607 0 -0.0902 -0.7372 0 -0.0949
4 16 -0.4598 0 -0.0205 -0.5189 0 0.0189 -0.7038 0 -0.128 -0.4203 0 -0.0797
4 16 -0.4203 0 -0.0797 -0.7038 0 -0.128 -0.6992 0 -0.1516 -0.4064 0 -0.1493
3 16 -0.7172 0 -0.1082 -0.5885 0 0.0328 -0.7372 0 -0.0949
4 16 -0.7038 0 -0.128 -0.5189 0 0.0189 -0.5885 0 0.0328 -0.7172 0 -0.1082
4 16 -0.4064 0 -0.1493 -0.6992 0 -0.1516 -0.7038 0 -0.1752 -0.4203 0 -0.219
4 16 -0.7038 0 -0.1752 -0.7172 0 -0.1951 -0.4598 0 -0.278 -0.4203 0 -0.219
3 16 -0.7372 0 -0.2084 -0.7607 0 -0.2131 -0.5189 0 -0.3175
4 16 -0.7607 0 -0.2131 -0.9082 0 -0.2131 -0.8262 0 -0.3361 -0.5189 0 -0.3175
4 16 -0.5189 0 -0.3175 -0.4598 0 -0.278 -0.7172 0 -0.1951 -0.7372 0 -0.2084
4 16 -0.5189 0 -0.3175 -0.8262 0 -0.3361 -0.7443 0 -0.5 -0.3836 0 -0.5
0 // Letter pirElli
4 16 -0.2443 0 0.0328 0.0672 0 -0.0902 0.4115 0 -0.0902 0.4115 0 0.0328
3 16 -0.2443 0 0.0328 0.0672 0 -0.1721 0.0672 0 -0.0902
4 16 -0.2443 0 0.0328 -0.2443 0 -0.5 0.0672 0 -0.2951 0.0672 0 -0.1721
4 16 0.0672 0 -0.1721 0.0672 0 -0.2951 0.4033 0 -0.2951 0.4033 0 -0.1721
3 16 0.0672 0 -0.2951 -0.2443 0 -0.5 0.0672 0 -0.377
4 16 0.4361 0 -0.5 0.4361 0 -0.377 0.0672 0 -0.377 -0.2443 0 -0.5
0 // Letter ipreLli
4 16 0.9115 0 -0.377 0.9115 0 0.0328 0.6 0 0.0328 0.6 0 -0.5
4 16 0.9115 0 -0.377 0.6 0 -0.5 1.1984 0 -0.5 1.1984 0 -0.377
0 // Letter pirelLi
4 16 1.6 0 -0.377 1.6 0 0.0328 1.2885 0 0.0328 1.2885 0 -0.5
4 16 1.6 0 -0.377 1.2885 0 -0.5 1.8869 0 -0.5 1.8869 0 -0.377
0 // Letter pirellI
4 16 1.9852 0 0.0328 1.9852 0 -0.5 2.2803 0 -0.5 2.2803 0 0.0328
