0 ~Logo Audi Red Ellipse with White Text '80 Years with Outer Box
0 Name: s\logoaudil03.dat
0 Author: Massimo Maso [Sirio]
0 !LDRAW_ORG Unofficial_Subpart 
0 !LICENSE Redistributable under CCAL version 2.0 : see CAreadme.txt

0 !HELP Exact dimensions X = 144; Z = 94

0 BFC CERTIFY CCW


0 // Subparts
1 15 0 0 1.7 1 0 0 0 1 0 0 0 1 s\logoaudit02.dat
1 4 0 0 1.7 1 0 0 0 1 0 0 0 1 s\logoaudib03.dat
0 // Faces
0 // Red filler
3 4 0 0 42 -32.2 0 18.8 25.4 0 18.8
4 4 -32.2 0 18.8 0 0 42 -2.887 0 41.96 -5.773 0 41.841
4 4 -32.2 0 18.8 -5.773 0 41.841 -8.653 0 41.643 -11.528 0 41.364
4 4 -32.2 0 18.8 -11.528 0 41.364 -14.393 0 41.005 -17.247 0 40.564
4 4 -32.2 0 18.8 -17.247 0 40.564 -20.086 0 40.04 -22.909 0 39.432
4 4 -32.2 0 18.8 -22.909 0 39.432 -25.713 0 38.739 -28.493 0 37.958
4 4 -32.2 0 18.8 -28.493 0 37.958 -31.246 0 37.087 -33.969 0 36.125
4 4 -32.2 0 18.8 -33.969 0 36.125 -36.656 0 35.068 -39.303 0 33.914
4 4 -43.6 0 18.8 -32.2 0 18.8 -39.303 0 33.914 -41.904 0 32.66
4 4 -43.6 0 18.8 -41.904 0 32.66 -44.452 0 31.301 -46.94 0 29.835
4 4 -43.6 0 18.8 -46.94 0 29.835 -49.358 0 28.257 -51.697 0 26.564
4 4 -43.6 0 18.8 -51.697 0 26.564 -53.944 0 24.75 -56.085 0 22.813
4 4 -43.6 0 18.8 -56.085 0 22.813 -58.104 0 20.748 -58.2 0 18.8
4 4 -58.2 0 18.8 -58.104 0 20.748 -59.981 0 18.553 -61.693 0 16.228
4 4 -58.2 0 18.8 -61.693 0 16.228 -63.216 0 13.774 -64.52 0 11.198
4 4 -58.2 0 18.8 -64.52 0 11.198 -65.577 0 8.511 -66.358 0 5.731
4 4 -58.2 0 18.8 -66.358 0 5.731 -66.838 0 2.883 -67 0 0
3 4 -67 0 0 -58.2 0 -14.8 -58.2 0 18.8
4 4 -67 0 0 -66.838 0 -2.883 -58.2 0 -15.4 -58.2 0 -14.8
4 4 -58.2 0 -15.4 -66.838 0 -2.883 -66.358 0 -5.731 -65.577 0 -8.511
4 4 -58.2 0 -15.4 -65.577 0 -8.511 -64.52 0 -11.198 -63.216 0 -13.774
4 4 -58.2 0 -15.4 -63.216 0 -13.774 -61.693 0 -16.228 -59.981 0 -18.553
4 4 -58.2 0 -15.4 -59.981 0 -18.553 -58.104 0 -20.748 -56.085 0 -22.813
4 4 -58.2 0 -15.4 -56.085 0 -22.813 -53.944 0 -24.75 -51.697 0 -26.564
4 4 -58.2 0 -15.4 -51.697 0 -26.564 -49.358 0 -28.257 -46.94 0 -29.835
4 4 -58.2 0 -15.4 -46.94 0 -29.835 -44.452 0 -31.301 -1.3 0 -15.4
4 4 -1.3 0 -15.4 -44.452 0 -31.301 -41.904 0 -32.66 -39.303 0 -33.914
4 4 -1.3 0 -15.4 -39.303 0 -33.914 -36.656 0 -35.068 -33.969 0 -36.125
4 4 -1.3 0 -15.4 -33.969 0 -36.125 -31.246 0 -37.087 -28.493 0 -37.958
4 4 -1.3 0 -15.4 -28.493 0 -37.958 -25.713 0 -38.739 -22.909 0 -39.432
4 4 -1.3 0 -15.4 -22.909 0 -39.432 -20.086 0 -40.04 -17.247 0 -40.564
4 4 -1.3 0 -15.4 -17.247 0 -40.564 -14.393 0 -41.005 -11.528 0 -41.364
4 4 -1.3 0 -15.4 -11.528 0 -41.364 -8.653 0 -41.643 -5.773 0 -41.841
4 4 -1.3 0 -15.4 -5.773 0 -41.841 -2.887 0 -41.96 0 0 -42
4 4 -1.3 0 -15.4 0 0 -42 2.887 0 -41.96 5.773 0 -41.841
4 4 -1.3 0 -15.4 5.773 0 -41.841 8.653 0 -41.643 11.528 0 -41.364
4 4 -1.3 0 -15.4 11.528 0 -41.364 14.393 0 -41.005 17.247 0 -40.564
4 4 -1.3 0 -15.4 17.247 0 -40.564 20.086 0 -40.04 22.909 0 -39.432
3 4 30.6 0 -15.4 -1.3 0 -15.4 22.909 0 -39.432
4 4 30.6 0 -15.4 22.909 0 -39.432 25.713 0 -38.739 28.493 0 -37.958
4 4 30.6 0 -15.4 28.493 0 -37.958 31.246 0 -37.087 33.969 0 -36.125
4 4 30.6 0 -15.4 33.969 0 -36.125 36.656 0 -35.068 39.303 0 -33.914
4 4 30.6 0 -15.4 39.303 0 -33.914 41.904 0 -32.66 44.452 0 -31.301
4 4 30.6 0 -15.4 44.452 0 -31.301 46.94 0 -29.835 58.2 0 -15.4
4 4 58.2 0 -15.4 46.94 0 -29.835 49.358 0 -28.257 51.697 0 -26.564
4 4 58.2 0 -15.4 51.697 0 -26.564 53.944 0 -24.75 56.086 0 -22.813
4 4 58.2 0 -15.4 56.086 0 -22.813 58.104 0 -20.748 59.981 0 -18.553
4 4 58.2 0 -15.4 59.981 0 -18.553 61.693 0 -16.228 63.216 0 -13.774
4 4 58.2 0 -15.4 63.216 0 -13.774 64.52 0 -11.198 65.577 0 -8.511
4 4 58.2 0 -15.4 65.577 0 -8.511 66.358 0 -5.731 58.2 0 -14.8
4 4 66.838 0 -2.883 58.2 0 9.4 58.2 0 -14.8 66.358 0 -5.731
4 4 66.838 0 -2.883 67 0 0 58.2 0 18.8 58.2 0 9.4
4 4 58.2 0 18.8 67 0 0 66.838 0 2.883 66.358 0 5.731
4 4 58.2 0 18.8 66.358 0 5.731 65.577 0 8.511 64.52 0 11.198
4 4 58.2 0 18.8 64.52 0 11.198 63.216 0 13.774 61.693 0 16.228
4 4 58.2 0 18.8 61.693 0 16.228 59.981 0 18.553 58.104 0 20.748
4 4 36.2 0 18.8 58.2 0 18.8 58.104 0 20.748 56.086 0 22.813
4 4 36.2 0 18.8 56.086 0 22.813 53.944 0 24.75 51.697 0 26.564
4 4 36.2 0 18.8 51.697 0 26.564 49.358 0 28.257 46.94 0 29.835
4 4 36.2 0 18.8 46.94 0 29.835 44.452 0 31.301 41.904 0 32.66
4 4 25.4 0 18.8 36.2 0 18.8 41.904 0 32.66 39.303 0 33.914
4 4 25.4 0 18.8 39.303 0 33.914 36.656 0 35.068 33.969 0 36.125
4 4 25.4 0 18.8 33.969 0 36.125 31.246 0 37.087 28.493 0 37.958
4 4 25.4 0 18.8 28.493 0 37.958 25.713 0 38.739 22.909 0 39.432
4 4 25.4 0 18.8 22.909 0 39.432 20.086 0 40.04 17.247 0 40.564
4 4 25.4 0 18.8 17.247 0 40.564 14.393 0 41.005 11.528 0 41.364
4 4 25.4 0 18.8 11.528 0 41.364 8.653 0 41.643 5.773 0 41.841
4 4 25.4 0 18.8 5.773 0 41.841 2.887 0 41.96 0 0 42
0 // White ring
4 15 0 0 42 0 0 45 -3.044 0 44.957 -2.887 0 41.96
4 15 -2.887 0 41.96 -3.044 0 44.957 -6.086 0 44.829 -5.773 0 41.841
4 15 -5.773 0 41.841 -6.086 0 44.829 -9.124 0 44.614 -8.653 0 41.643
4 15 -8.653 0 41.643 -9.124 0 44.614 -12.153 0 44.313 -11.528 0 41.364
4 15 -11.528 0 41.364 -12.153 0 44.313 -15.173 0 43.924 -14.393 0 41.005
4 15 -14.393 0 41.005 -15.173 0 43.924 -18.18 0 43.448 -17.247 0 40.564
4 15 -17.247 0 40.564 -18.18 0 43.448 -21.172 0 42.881 -20.086 0 40.04
4 15 -20.086 0 40.04 -21.172 0 42.881 -24.145 0 42.224 -22.909 0 39.432
4 15 -22.909 0 39.432 -24.145 0 42.224 -27.096 0 41.474 -25.713 0 38.739
4 15 -25.713 0 38.739 -27.096 0 41.474 -30.021 0 40.63 -28.493 0 37.958
4 15 -28.493 0 37.958 -30.021 0 40.63 -32.917 0 39.688 -31.246 0 37.087
4 15 -31.246 0 37.087 -32.917 0 39.688 -35.778 0 38.648 -33.969 0 36.125
4 15 -33.969 0 36.125 -35.778 0 38.648 -38.6 0 37.505 -36.656 0 35.068
4 15 -36.656 0 35.068 -38.6 0 37.505 -41.378 0 36.257 -39.303 0 33.914
4 15 -39.303 0 33.914 -41.378 0 36.257 -44.104 0 34.901 -41.904 0 32.66
4 15 -41.904 0 32.66 -44.104 0 34.901 -46.771 0 33.433 -44.452 0 31.301
4 15 -44.452 0 31.301 -46.771 0 33.433 -49.371 0 31.849 -46.94 0 29.835
4 15 -46.94 0 29.835 -49.371 0 31.849 -51.894 0 30.145 -49.358 0 28.257
4 15 -49.358 0 28.257 -51.894 0 30.145 -54.329 0 28.317 -51.697 0 26.564
4 15 -51.697 0 26.564 -54.329 0 28.317 -56.663 0 26.361 -53.944 0 24.75
4 15 -53.944 0 24.75 -56.663 0 26.361 -58.88 0 24.274 -56.085 0 22.813
4 15 -56.085 0 22.813 -58.88 0 24.274 -60.963 0 22.053 -58.104 0 20.748
4 15 -58.104 0 20.748 -60.963 0 22.053 -62.892 0 19.697 -59.981 0 18.553
4 15 -59.981 0 18.553 -62.892 0 19.697 -64.643 0 17.207 -61.693 0 16.228
4 15 -61.693 0 16.228 -64.643 0 17.207 -66.193 0 14.586 -63.216 0 13.774
4 15 -63.216 0 13.774 -66.193 0 14.586 -67.513 0 11.842 -64.52 0 11.198
4 15 -64.52 0 11.198 -67.513 0 11.842 -68.577 0 8.99 -65.577 0 8.511
4 15 -65.577 0 8.511 -68.577 0 8.99 -69.36 0 6.047 -66.358 0 5.731
4 15 -66.358 0 5.731 -69.36 0 6.047 -69.839 0 3.04 -66.838 0 2.883
4 15 -66.838 0 2.883 -69.839 0 3.04 -70 0 0 -67 0 0
4 15 -67 0 0 -70 0 0 -69.839 0 -3.04 -66.838 0 -2.883
4 15 -66.838 0 -2.883 -69.839 0 -3.04 -69.36 0 -6.047 -66.358 0 -5.731
4 15 -66.358 0 -5.731 -69.36 0 -6.047 -68.577 0 -8.99 -65.577 0 -8.511
4 15 -65.577 0 -8.511 -68.577 0 -8.99 -67.513 0 -11.843 -64.52 0 -11.198
4 15 -64.52 0 -11.198 -67.513 0 -11.843 -66.193 0 -14.586 -63.216 0 -13.774
4 15 -63.216 0 -13.774 -66.193 0 -14.586 -64.643 0 -17.207 -61.693 0 -16.228
4 15 -61.693 0 -16.228 -64.643 0 -17.207 -62.892 0 -19.697 -59.981 0 -18.553
4 15 -59.981 0 -18.553 -62.892 0 -19.697 -60.963 0 -22.053 -58.104 0 -20.748
4 15 -58.104 0 -20.748 -60.963 0 -22.053 -58.88 0 -24.274 -56.085 0 -22.813
4 15 -56.085 0 -22.813 -58.88 0 -24.274 -56.663 0 -26.361 -53.944 0 -24.75
4 15 -53.944 0 -24.75 -56.663 0 -26.361 -54.329 0 -28.317 -51.697 0 -26.564
4 15 -51.697 0 -26.564 -54.329 0 -28.317 -51.894 0 -30.145 -49.358 0 -28.257
4 15 -49.358 0 -28.257 -51.894 0 -30.145 -49.371 0 -31.849 -46.94 0 -29.835
4 15 -46.94 0 -29.835 -49.371 0 -31.849 -46.771 0 -33.433 -44.452 0 -31.301
4 15 -44.452 0 -31.301 -46.771 0 -33.433 -44.104 0 -34.901 -41.904 0 -32.66
4 15 -41.904 0 -32.66 -44.104 0 -34.901 -41.378 0 -36.257 -39.303 0 -33.914
4 15 -39.303 0 -33.914 -41.378 0 -36.257 -38.6 0 -37.505 -36.656 0 -35.068
4 15 -36.656 0 -35.068 -38.6 0 -37.505 -35.778 0 -38.648 -33.969 0 -36.125
4 15 -33.969 0 -36.125 -35.778 0 -38.648 -32.917 0 -39.688 -31.246 0 -37.087
4 15 -31.246 0 -37.087 -32.917 0 -39.688 -30.021 0 -40.63 -28.493 0 -37.958
4 15 -28.493 0 -37.958 -30.021 0 -40.63 -27.096 0 -41.474 -25.713 0 -38.739
4 15 -25.713 0 -38.739 -27.096 0 -41.474 -24.145 0 -42.224 -22.909 0 -39.432
4 15 -22.909 0 -39.432 -24.145 0 -42.224 -21.172 0 -42.881 -20.086 0 -40.04
4 15 -20.086 0 -40.04 -21.172 0 -42.881 -18.18 0 -43.448 -17.247 0 -40.564
4 15 -17.247 0 -40.564 -18.18 0 -43.448 -15.173 0 -43.924 -14.393 0 -41.005
4 15 -14.393 0 -41.005 -15.173 0 -43.924 -12.153 0 -44.313 -11.528 0 -41.364
4 15 -11.528 0 -41.364 -12.153 0 -44.313 -9.124 0 -44.614 -8.653 0 -41.643
4 15 -8.653 0 -41.643 -9.124 0 -44.614 -6.086 0 -44.829 -5.773 0 -41.841
4 15 -5.773 0 -41.841 -6.086 0 -44.829 -3.044 0 -44.957 -2.887 0 -41.96
4 15 -2.887 0 -41.96 -3.044 0 -44.957 0 0 -45 0 0 -42
4 15 0 0 -42 0 0 -45 3.044 0 -44.957 2.887 0 -41.96
4 15 2.887 0 -41.96 3.044 0 -44.957 6.086 0 -44.829 5.773 0 -41.841
4 15 5.773 0 -41.841 6.086 0 -44.829 9.124 0 -44.614 8.653 0 -41.643
4 15 8.653 0 -41.643 9.124 0 -44.614 12.153 0 -44.313 11.528 0 -41.364
4 15 11.528 0 -41.364 12.153 0 -44.313 15.173 0 -43.924 14.393 0 -41.005
4 15 14.393 0 -41.005 15.173 0 -43.924 18.18 0 -43.448 17.247 0 -40.564
4 15 17.247 0 -40.564 18.18 0 -43.448 21.172 0 -42.881 20.086 0 -40.04
4 15 20.086 0 -40.04 21.172 0 -42.881 24.145 0 -42.224 22.909 0 -39.432
4 15 22.909 0 -39.432 24.145 0 -42.224 27.096 0 -41.474 25.713 0 -38.739
4 15 25.713 0 -38.739 27.096 0 -41.474 30.021 0 -40.63 28.493 0 -37.958
4 15 28.493 0 -37.958 30.021 0 -40.63 32.917 0 -39.688 31.246 0 -37.087
4 15 31.246 0 -37.087 32.917 0 -39.688 35.778 0 -38.648 33.969 0 -36.125
4 15 33.969 0 -36.125 35.778 0 -38.648 38.6 0 -37.505 36.656 0 -35.068
4 15 36.656 0 -35.068 38.6 0 -37.505 41.378 0 -36.257 39.303 0 -33.914
4 15 39.303 0 -33.914 41.378 0 -36.257 44.104 0 -34.901 41.904 0 -32.66
4 15 41.904 0 -32.66 44.104 0 -34.901 46.771 0 -33.433 44.452 0 -31.301
4 15 44.452 0 -31.301 46.771 0 -33.433 49.371 0 -31.849 46.94 0 -29.835
4 15 46.94 0 -29.835 49.371 0 -31.849 51.894 0 -30.145 49.358 0 -28.257
4 15 49.358 0 -28.257 51.894 0 -30.145 54.329 0 -28.317 51.697 0 -26.564
4 15 51.697 0 -26.564 54.329 0 -28.317 56.663 0 -26.361 53.944 0 -24.75
4 15 53.944 0 -24.75 56.663 0 -26.361 58.88 0 -24.274 56.086 0 -22.813
4 15 56.086 0 -22.813 58.88 0 -24.274 60.963 0 -22.053 58.104 0 -20.748
4 15 58.104 0 -20.748 60.963 0 -22.053 62.892 0 -19.697 59.981 0 -18.553
4 15 59.981 0 -18.553 62.892 0 -19.697 64.643 0 -17.207 61.693 0 -16.228
4 15 61.693 0 -16.228 64.643 0 -17.207 66.193 0 -14.586 63.216 0 -13.774
4 15 63.216 0 -13.774 66.193 0 -14.586 67.513 0 -11.843 64.52 0 -11.198
4 15 64.52 0 -11.198 67.513 0 -11.843 68.577 0 -8.99 65.577 0 -8.511
4 15 65.577 0 -8.511 68.577 0 -8.99 69.36 0 -6.047 66.358 0 -5.731
4 15 66.358 0 -5.731 69.36 0 -6.047 69.839 0 -3.04 66.838 0 -2.883
4 15 66.838 0 -2.883 69.839 0 -3.04 70 0 0 67 0 0
4 15 67 0 0 70 0 0 69.839 0 3.04 66.838 0 2.883
4 15 66.838 0 2.883 69.839 0 3.04 69.36 0 6.047 66.358 0 5.731
4 15 66.358 0 5.731 69.36 0 6.047 68.577 0 8.99 65.577 0 8.511
4 15 65.577 0 8.511 68.577 0 8.99 67.513 0 11.842 64.52 0 11.198
4 15 64.52 0 11.198 67.513 0 11.842 66.193 0 14.586 63.216 0 13.774
4 15 63.216 0 13.774 66.193 0 14.586 64.643 0 17.207 61.693 0 16.228
4 15 61.693 0 16.228 64.643 0 17.207 62.892 0 19.697 59.981 0 18.553
4 15 59.981 0 18.553 62.892 0 19.697 60.963 0 22.053 58.104 0 20.748
4 15 58.104 0 20.748 60.963 0 22.053 58.88 0 24.274 56.086 0 22.813
4 15 56.086 0 22.813 58.88 0 24.274 56.663 0 26.361 53.944 0 24.75
4 15 53.944 0 24.75 56.663 0 26.361 54.329 0 28.317 51.697 0 26.564
4 15 51.697 0 26.564 54.329 0 28.317 51.894 0 30.145 49.358 0 28.257
4 15 49.358 0 28.257 51.894 0 30.145 49.371 0 31.849 46.94 0 29.835
4 15 46.94 0 29.835 49.371 0 31.849 46.771 0 33.433 44.452 0 31.301
4 15 44.452 0 31.301 46.771 0 33.433 44.104 0 34.901 41.904 0 32.66
4 15 41.904 0 32.66 44.104 0 34.901 41.378 0 36.257 39.303 0 33.914
4 15 39.303 0 33.914 41.378 0 36.257 38.6 0 37.505 36.656 0 35.068
4 15 36.656 0 35.068 38.6 0 37.505 35.778 0 38.648 33.969 0 36.125
4 15 33.969 0 36.125 35.778 0 38.648 32.917 0 39.688 31.246 0 37.087
4 15 31.246 0 37.087 32.917 0 39.688 30.021 0 40.63 28.493 0 37.958
4 15 28.493 0 37.958 30.021 0 40.63 27.096 0 41.474 25.713 0 38.739
4 15 25.713 0 38.739 27.096 0 41.474 24.145 0 42.224 22.909 0 39.432
4 15 22.909 0 39.432 24.145 0 42.224 21.172 0 42.881 20.086 0 40.04
4 15 20.086 0 40.04 21.172 0 42.881 18.18 0 43.448 17.247 0 40.564
4 15 17.247 0 40.564 18.18 0 43.448 15.173 0 43.924 14.393 0 41.005
4 15 14.393 0 41.005 15.173 0 43.924 12.153 0 44.313 11.528 0 41.364
4 15 11.528 0 41.364 12.153 0 44.313 9.124 0 44.614 8.653 0 41.643
4 15 8.653 0 41.643 9.124 0 44.614 6.086 0 44.829 5.773 0 41.841
4 15 5.773 0 41.841 6.086 0 44.829 3.044 0 44.957 2.887 0 41.96
4 15 2.887 0 41.96 3.044 0 44.957 0 0 45 0 0 42
0 // Red ring
4 4 0 0 45 0 0 47 -3.149 0 46.955 -3.044 0 44.957
4 4 -3.044 0 44.957 -3.149 0 46.955 -6.296 0 46.82 -6.086 0 44.829
4 4 -6.086 0 44.829 -6.296 0 46.82 -9.437 0 46.595 -9.124 0 44.614
4 4 -9.124 0 44.614 -9.437 0 46.595 -12.571 0 46.278 -12.153 0 44.313
4 4 -12.153 0 44.313 -12.571 0 46.278 -15.693 0 45.87 -15.173 0 43.924
4 4 -15.173 0 43.924 -15.693 0 45.87 -18.803 0 45.369 -18.18 0 43.448
4 4 -18.18 0 43.448 -18.803 0 45.369 -21.896 0 44.774 -21.172 0 42.881
4 4 -21.172 0 42.881 -21.896 0 44.774 -24.968 0 44.084 -24.145 0 42.224
4 4 -24.145 0 42.224 -24.968 0 44.084 -28.018 0 43.296 -27.096 0 41.474
4 4 -27.096 0 41.474 -28.018 0 43.296 -31.039 0 42.408 -30.021 0 40.63
4 4 -30.021 0 40.63 -31.039 0 42.408 -34.03 0 41.419 -32.917 0 39.688
4 4 -32.917 0 39.688 -34.03 0 41.419 -36.983 0 40.326 -35.778 0 38.648
4 4 -35.778 0 38.648 -36.983 0 40.326 -39.895 0 39.125 -38.6 0 37.505
4 4 -38.6 0 37.505 -39.895 0 39.125 -42.758 0 37.814 -41.378 0 36.257
4 4 -41.378 0 36.257 -42.758 0 37.814 -45.567 0 36.39 -44.104 0 34.901
4 4 -44.104 0 34.901 -45.567 0 36.39 -48.313 0 34.848 -46.771 0 33.433
4 4 -46.771 0 33.433 -48.313 0 34.848 -50.988 0 33.184 -49.371 0 31.849
4 4 -49.371 0 31.849 -50.988 0 33.184 -53.58 0 31.396 -51.894 0 30.145
4 4 -51.894 0 30.145 -53.58 0 31.396 -56.078 0 29.478 -54.329 0 28.317
4 4 -54.329 0 28.317 -56.078 0 29.478 -58.469 0 27.428 -56.663 0 26.361
4 4 -56.663 0 26.361 -58.469 0 27.428 -60.736 0 25.241 -58.88 0 24.274
4 4 -58.88 0 24.274 -60.736 0 25.241 -62.861 0 22.917 -60.963 0 22.053
4 4 -60.963 0 22.053 -62.861 0 22.917 -64.824 0 20.454 -62.892 0 19.697
4 4 -62.892 0 19.697 -64.824 0 20.454 -66.602 0 17.855 -64.643 0 17.207
4 4 -64.643 0 17.207 -66.602 0 17.855 -68.171 0 15.124 -66.193 0 14.586
4 4 -66.193 0 14.586 -68.171 0 15.124 -69.503 0 12.27 -67.513 0 11.842
4 4 -67.513 0 11.842 -69.503 0 12.27 -70.574 0 9.308 -68.577 0 8.99
4 4 -68.577 0 8.99 -70.574 0 9.308 -71.359 0 6.258 -69.36 0 6.047
4 4 -69.36 0 6.047 -71.359 0 6.258 -71.839 0 3.145 -69.839 0 3.04
4 4 -69.839 0 3.04 -71.839 0 3.145 -72 0 0 -70 0 0
4 4 -70 0 0 -72 0 0 -71.839 0 -3.145 -69.839 0 -3.04
4 4 -69.839 0 -3.04 -71.839 0 -3.145 -71.359 0 -6.258 -69.36 0 -6.047
4 4 -69.36 0 -6.047 -71.359 0 -6.258 -70.574 0 -9.308 -68.577 0 -8.99
4 4 -68.577 0 -8.99 -70.574 0 -9.308 -69.503 0 -12.27 -67.513 0 -11.843
4 4 -67.513 0 -11.843 -69.503 0 -12.27 -68.171 0 -15.124 -66.193 0 -14.586
4 4 -66.193 0 -14.586 -68.171 0 -15.124 -66.602 0 -17.855 -64.643 0 -17.207
4 4 -64.643 0 -17.207 -66.602 0 -17.855 -64.824 0 -20.454 -62.892 0 -19.697
4 4 -62.892 0 -19.697 -64.824 0 -20.454 -62.861 0 -22.917 -60.963 0 -22.053
4 4 -60.963 0 -22.053 -62.861 0 -22.917 -60.736 0 -25.241 -58.88 0 -24.274
4 4 -58.88 0 -24.274 -60.736 0 -25.241 -58.469 0 -27.428 -56.663 0 -26.361
4 4 -56.663 0 -26.361 -58.469 0 -27.428 -56.078 0 -29.478 -54.329 0 -28.317
4 4 -54.329 0 -28.317 -56.078 0 -29.478 -53.58 0 -31.396 -51.894 0 -30.145
4 4 -51.894 0 -30.145 -53.58 0 -31.396 -50.988 0 -33.184 -49.371 0 -31.849
4 4 -49.371 0 -31.849 -50.988 0 -33.184 -48.313 0 -34.848 -46.771 0 -33.433
4 4 -46.771 0 -33.433 -48.313 0 -34.848 -45.567 0 -36.39 -44.104 0 -34.901
4 4 -44.104 0 -34.901 -45.567 0 -36.39 -42.758 0 -37.814 -41.378 0 -36.257
4 4 -41.378 0 -36.257 -42.758 0 -37.814 -39.895 0 -39.125 -38.6 0 -37.505
4 4 -38.6 0 -37.505 -39.895 0 -39.125 -36.983 0 -40.326 -35.778 0 -38.648
4 4 -35.778 0 -38.648 -36.983 0 -40.326 -34.03 0 -41.419 -32.917 0 -39.688
4 4 -32.917 0 -39.688 -34.03 0 -41.419 -31.039 0 -42.408 -30.021 0 -40.63
4 4 -30.021 0 -40.63 -31.039 0 -42.408 -28.018 0 -43.296 -27.096 0 -41.474
4 4 -27.096 0 -41.474 -28.018 0 -43.296 -24.968 0 -44.083 -24.145 0 -42.224
4 4 -24.145 0 -42.224 -24.968 0 -44.083 -21.896 0 -44.774 -21.172 0 -42.881
4 4 -21.172 0 -42.881 -21.896 0 -44.774 -18.803 0 -45.369 -18.18 0 -43.448
4 4 -18.18 0 -43.448 -18.803 0 -45.369 -15.693 0 -45.87 -15.173 0 -43.924
4 4 -15.173 0 -43.924 -15.693 0 -45.87 -12.571 0 -46.278 -12.153 0 -44.313
4 4 -12.153 0 -44.313 -12.571 0 -46.278 -9.437 0 -46.595 -9.124 0 -44.614
4 4 -9.124 0 -44.614 -9.437 0 -46.595 -6.296 0 -46.82 -6.086 0 -44.829
4 4 -6.086 0 -44.829 -6.296 0 -46.82 -3.149 0 -46.955 -3.044 0 -44.957
4 4 -3.044 0 -44.957 -3.149 0 -46.955 0 0 -47 0 0 -45
4 4 0 0 -45 0 0 -47 3.149 0 -46.955 3.044 0 -44.957
4 4 3.044 0 -44.957 3.149 0 -46.955 6.296 0 -46.82 6.086 0 -44.829
4 4 6.086 0 -44.829 6.296 0 -46.82 9.437 0 -46.595 9.124 0 -44.614
4 4 9.124 0 -44.614 9.437 0 -46.595 12.571 0 -46.278 12.153 0 -44.313
4 4 12.153 0 -44.313 12.571 0 -46.278 15.693 0 -45.87 15.173 0 -43.924
4 4 15.173 0 -43.924 15.693 0 -45.87 18.803 0 -45.369 18.18 0 -43.448
4 4 18.18 0 -43.448 18.803 0 -45.369 21.896 0 -44.774 21.172 0 -42.881
4 4 21.172 0 -42.881 21.896 0 -44.774 24.968 0 -44.083 24.145 0 -42.224
4 4 24.145 0 -42.224 24.968 0 -44.083 28.018 0 -43.296 27.096 0 -41.474
4 4 27.096 0 -41.474 28.018 0 -43.296 31.04 0 -42.408 30.021 0 -40.63
4 4 30.021 0 -40.63 31.04 0 -42.408 34.03 0 -41.419 32.917 0 -39.688
4 4 32.917 0 -39.688 34.03 0 -41.419 36.983 0 -40.326 35.778 0 -38.648
4 4 35.778 0 -38.648 36.983 0 -40.326 39.895 0 -39.125 38.6 0 -37.505
4 4 38.6 0 -37.505 39.895 0 -39.125 42.759 0 -37.814 41.378 0 -36.257
4 4 41.378 0 -36.257 42.759 0 -37.814 45.567 0 -36.39 44.104 0 -34.901
4 4 44.104 0 -34.901 45.567 0 -36.39 48.313 0 -34.848 46.771 0 -33.433
4 4 46.771 0 -33.433 48.313 0 -34.848 50.988 0 -33.184 49.371 0 -31.849
4 4 49.371 0 -31.849 50.988 0 -33.184 53.58 0 -31.396 51.894 0 -30.145
4 4 51.894 0 -30.145 53.58 0 -31.396 56.078 0 -29.478 54.329 0 -28.317
4 4 54.329 0 -28.317 56.078 0 -29.478 58.469 0 -27.428 56.663 0 -26.361
4 4 56.663 0 -26.361 58.469 0 -27.428 60.736 0 -25.241 58.88 0 -24.274
4 4 58.88 0 -24.274 60.736 0 -25.241 62.861 0 -22.917 60.963 0 -22.053
4 4 60.963 0 -22.053 62.861 0 -22.917 64.824 0 -20.454 62.892 0 -19.697
4 4 62.892 0 -19.697 64.824 0 -20.454 66.602 0 -17.855 64.643 0 -17.207
4 4 64.643 0 -17.207 66.602 0 -17.855 68.171 0 -15.124 66.193 0 -14.586
4 4 66.193 0 -14.586 68.171 0 -15.124 69.503 0 -12.27 67.513 0 -11.843
4 4 67.513 0 -11.843 69.503 0 -12.27 70.574 0 -9.308 68.577 0 -8.99
4 4 68.577 0 -8.99 70.574 0 -9.308 71.359 0 -6.258 69.36 0 -6.047
4 4 69.36 0 -6.047 71.359 0 -6.258 71.839 0 -3.145 69.839 0 -3.04
4 4 69.839 0 -3.04 71.839 0 -3.145 72 0 0 70 0 0
4 4 70 0 0 72 0 0 71.839 0 3.145 69.839 0 3.04
4 4 69.839 0 3.04 71.839 0 3.145 71.359 0 6.258 69.36 0 6.047
4 4 69.36 0 6.047 71.359 0 6.258 70.574 0 9.308 68.577 0 8.99
4 4 68.577 0 8.99 70.574 0 9.308 69.503 0 12.27 67.513 0 11.842
4 4 67.513 0 11.842 69.503 0 12.27 68.171 0 15.124 66.193 0 14.586
4 4 66.193 0 14.586 68.171 0 15.124 66.602 0 17.855 64.643 0 17.207
4 4 64.643 0 17.207 66.602 0 17.855 64.824 0 20.454 62.892 0 19.697
4 4 62.892 0 19.697 64.824 0 20.454 62.861 0 22.917 60.963 0 22.053
4 4 60.963 0 22.053 62.861 0 22.917 60.736 0 25.241 58.88 0 24.274
4 4 58.88 0 24.274 60.736 0 25.241 58.469 0 27.428 56.663 0 26.361
4 4 56.663 0 26.361 58.469 0 27.428 56.078 0 29.478 54.329 0 28.317
4 4 54.329 0 28.317 56.078 0 29.478 53.58 0 31.396 51.894 0 30.145
4 4 51.894 0 30.145 53.58 0 31.396 50.988 0 33.184 49.371 0 31.849
4 4 49.371 0 31.849 50.988 0 33.184 48.313 0 34.848 46.771 0 33.433
4 4 46.771 0 33.433 48.313 0 34.848 45.567 0 36.39 44.104 0 34.901
4 4 44.104 0 34.901 45.567 0 36.39 42.759 0 37.814 41.378 0 36.257
4 4 41.378 0 36.257 42.759 0 37.814 39.895 0 39.125 38.6 0 37.505
4 4 38.6 0 37.505 39.895 0 39.125 36.983 0 40.326 35.778 0 38.648
4 4 35.778 0 38.648 36.983 0 40.326 34.03 0 41.419 32.917 0 39.688
4 4 32.917 0 39.688 34.03 0 41.419 31.04 0 42.408 30.021 0 40.63
4 4 30.021 0 40.63 31.04 0 42.408 28.018 0 43.296 27.096 0 41.474
4 4 27.096 0 41.474 28.018 0 43.296 24.968 0 44.084 24.145 0 42.224
4 4 24.145 0 42.224 24.968 0 44.084 21.896 0 44.774 21.172 0 42.881
4 4 21.172 0 42.881 21.896 0 44.774 18.803 0 45.369 18.18 0 43.448
4 4 18.18 0 43.448 18.803 0 45.369 15.693 0 45.87 15.173 0 43.924
4 4 15.173 0 43.924 15.693 0 45.87 12.571 0 46.278 12.153 0 44.313
4 4 12.153 0 44.313 12.571 0 46.278 9.437 0 46.595 9.124 0 44.614
4 4 9.124 0 44.614 9.437 0 46.595 6.296 0 46.82 6.086 0 44.829
4 4 6.086 0 44.829 6.296 0 46.82 3.149 0 46.955 3.044 0 44.957
4 4 3.044 0 44.957 3.149 0 46.955 0 0 47 0 0 45
0 // Outer box
3 16 -72 0 47 -3.149 0 46.955 0 0 47
3 16 -72 0 47 -6.296 0 46.82 -3.149 0 46.955
3 16 -72 0 47 -9.437 0 46.595 -6.296 0 46.82
3 16 -72 0 47 -12.571 0 46.278 -9.437 0 46.595
3 16 -72 0 47 -15.693 0 45.87 -12.571 0 46.278
3 16 -72 0 47 -18.803 0 45.369 -15.693 0 45.87
3 16 -72 0 47 -21.896 0 44.774 -18.803 0 45.369
3 16 -72 0 47 -24.968 0 44.084 -21.896 0 44.774
3 16 -72 0 47 -28.018 0 43.296 -24.968 0 44.084
3 16 -72 0 47 -31.039 0 42.408 -28.018 0 43.296
3 16 -72 0 47 -34.03 0 41.419 -31.039 0 42.408
3 16 -72 0 47 -36.983 0 40.326 -34.03 0 41.419
3 16 -72 0 47 -39.895 0 39.125 -36.983 0 40.326
3 16 -72 0 47 -42.758 0 37.814 -39.895 0 39.125
3 16 -72 0 47 -45.567 0 36.39 -42.758 0 37.814
3 16 -72 0 47 -48.313 0 34.848 -45.567 0 36.39
3 16 -72 0 47 -50.988 0 33.184 -48.313 0 34.848
3 16 -72 0 47 -53.58 0 31.396 -50.988 0 33.184
3 16 -72 0 47 -56.078 0 29.478 -53.58 0 31.396
3 16 -72 0 47 -58.469 0 27.428 -56.078 0 29.478
3 16 -72 0 47 -60.736 0 25.241 -58.469 0 27.428
3 16 -72 0 47 -62.861 0 22.917 -60.736 0 25.241
3 16 -72 0 47 -64.824 0 20.454 -62.861 0 22.917
3 16 -72 0 47 -66.602 0 17.855 -64.824 0 20.454
3 16 -72 0 47 -68.171 0 15.124 -66.602 0 17.855
3 16 -72 0 47 -69.503 0 12.27 -68.171 0 15.124
3 16 -72 0 47 -70.574 0 9.308 -69.503 0 12.27
3 16 -72 0 47 -71.359 0 6.258 -70.574 0 9.308
3 16 -72 0 47 -71.839 0 3.145 -71.359 0 6.258
3 16 -72 0 47 -72 0 0 -71.839 0 3.145
3 16 -72 0 0 -72 0 -47 -71.839 0 -3.145
3 16 -72 0 -47 -71.359 0 -6.258 -71.839 0 -3.145
3 16 -72 0 -47 -70.574 0 -9.308 -71.359 0 -6.258
3 16 -72 0 -47 -69.503 0 -12.27 -70.574 0 -9.308
3 16 -72 0 -47 -68.171 0 -15.124 -69.503 0 -12.27
3 16 -72 0 -47 -66.602 0 -17.855 -68.171 0 -15.124
3 16 -72 0 -47 -64.824 0 -20.454 -66.602 0 -17.855
3 16 -72 0 -47 -62.861 0 -22.917 -64.824 0 -20.454
3 16 -72 0 -47 -60.736 0 -25.241 -62.861 0 -22.917
3 16 -72 0 -47 -58.469 0 -27.428 -60.736 0 -25.241
3 16 -72 0 -47 -56.078 0 -29.478 -58.469 0 -27.428
3 16 -72 0 -47 -53.58 0 -31.396 -56.078 0 -29.478
3 16 -72 0 -47 -50.988 0 -33.184 -53.58 0 -31.396
3 16 -72 0 -47 -48.313 0 -34.848 -50.988 0 -33.184
3 16 -72 0 -47 -45.567 0 -36.39 -48.313 0 -34.848
3 16 -72 0 -47 -42.758 0 -37.814 -45.567 0 -36.39
3 16 -72 0 -47 -39.895 0 -39.125 -42.758 0 -37.814
3 16 -72 0 -47 -36.983 0 -40.326 -39.895 0 -39.125
3 16 -72 0 -47 -34.03 0 -41.419 -36.983 0 -40.326
3 16 -72 0 -47 -31.039 0 -42.408 -34.03 0 -41.419
3 16 -72 0 -47 -28.018 0 -43.296 -31.039 0 -42.408
3 16 -72 0 -47 -24.968 0 -44.083 -28.018 0 -43.296
3 16 -72 0 -47 -21.896 0 -44.774 -24.968 0 -44.083
3 16 -72 0 -47 -18.803 0 -45.369 -21.896 0 -44.774
3 16 -72 0 -47 -15.693 0 -45.87 -18.803 0 -45.369
3 16 -72 0 -47 -12.571 0 -46.278 -15.693 0 -45.87
3 16 -72 0 -47 -9.437 0 -46.595 -12.571 0 -46.278
3 16 -72 0 -47 -6.296 0 -46.82 -9.437 0 -46.595
3 16 -72 0 -47 -3.149 0 -46.955 -6.296 0 -46.82
3 16 -72 0 -47 0 0 -47 -3.149 0 -46.955
3 16 72 0 -47 3.149 0 -46.955 0 0 -47
3 16 72 0 -47 6.296 0 -46.82 3.149 0 -46.955
3 16 72 0 -47 9.437 0 -46.595 6.296 0 -46.82
3 16 72 0 -47 12.571 0 -46.278 9.437 0 -46.595
3 16 72 0 -47 15.693 0 -45.87 12.571 0 -46.278
3 16 72 0 -47 18.803 0 -45.369 15.693 0 -45.87
3 16 72 0 -47 21.896 0 -44.774 18.803 0 -45.369
3 16 72 0 -47 24.968 0 -44.083 21.896 0 -44.774
3 16 72 0 -47 28.018 0 -43.296 24.968 0 -44.083
3 16 72 0 -47 31.04 0 -42.408 28.018 0 -43.296
3 16 72 0 -47 34.03 0 -41.419 31.04 0 -42.408
3 16 72 0 -47 36.983 0 -40.326 34.03 0 -41.419
3 16 72 0 -47 39.895 0 -39.125 36.983 0 -40.326
3 16 72 0 -47 42.759 0 -37.814 39.895 0 -39.125
3 16 72 0 -47 45.567 0 -36.39 42.759 0 -37.814
3 16 72 0 -47 48.313 0 -34.848 45.567 0 -36.39
3 16 72 0 -47 50.988 0 -33.184 48.313 0 -34.848
3 16 72 0 -47 53.58 0 -31.396 50.988 0 -33.184
3 16 72 0 -47 56.078 0 -29.478 53.58 0 -31.396
3 16 72 0 -47 58.469 0 -27.428 56.078 0 -29.478
3 16 72 0 -47 60.736 0 -25.241 58.469 0 -27.428
3 16 72 0 -47 62.861 0 -22.917 60.736 0 -25.241
3 16 72 0 -47 64.824 0 -20.454 62.861 0 -22.917
3 16 72 0 -47 66.602 0 -17.855 64.824 0 -20.454
3 16 72 0 -47 68.171 0 -15.124 66.602 0 -17.855
3 16 72 0 -47 69.503 0 -12.27 68.171 0 -15.124
3 16 72 0 -47 70.574 0 -9.308 69.503 0 -12.27
3 16 72 0 -47 71.359 0 -6.258 70.574 0 -9.308
3 16 72 0 -47 71.839 0 -3.145 71.359 0 -6.258
3 16 72 0 0 72 0 47 71.839 0 3.145
3 16 72 0 47 71.359 0 6.258 71.839 0 3.145
3 16 72 0 47 70.574 0 9.308 71.359 0 6.258
3 16 72 0 47 69.503 0 12.27 70.574 0 9.308
3 16 72 0 47 68.171 0 15.124 69.503 0 12.27
3 16 72 0 47 66.602 0 17.855 68.171 0 15.124
3 16 72 0 47 64.824 0 20.454 66.602 0 17.855
3 16 72 0 47 62.861 0 22.917 64.824 0 20.454
3 16 72 0 47 60.736 0 25.241 62.861 0 22.917
3 16 72 0 47 58.469 0 27.428 60.736 0 25.241
3 16 72 0 47 56.078 0 29.478 58.469 0 27.428
3 16 72 0 47 53.58 0 31.396 56.078 0 29.478
3 16 72 0 47 50.988 0 33.184 53.58 0 31.396
3 16 72 0 47 48.313 0 34.848 50.988 0 33.184
3 16 72 0 47 45.567 0 36.39 48.313 0 34.848
3 16 72 0 47 42.759 0 37.814 45.567 0 36.39
3 16 72 0 47 39.895 0 39.125 42.759 0 37.814
3 16 72 0 47 36.983 0 40.326 39.895 0 39.125
3 16 72 0 47 34.03 0 41.419 36.983 0 40.326
3 16 72 0 47 31.04 0 42.408 34.03 0 41.419
3 16 72 0 47 28.018 0 43.296 31.04 0 42.408
3 16 72 0 47 24.968 0 44.084 28.018 0 43.296
3 16 72 0 47 21.896 0 44.774 24.968 0 44.084
3 16 72 0 47 18.803 0 45.369 21.896 0 44.774
3 16 72 0 47 15.693 0 45.87 18.803 0 45.369
3 16 72 0 47 12.571 0 46.278 15.693 0 45.87
3 16 72 0 47 9.437 0 46.595 12.571 0 46.278
3 16 72 0 47 6.296 0 46.82 9.437 0 46.595
3 16 72 0 47 3.149 0 46.955 6.296 0 46.82
3 16 72 0 47 0 0 47 3.149 0 46.955
