0 ~Logo Hublot Text Outer Box
0 Name: s\logohublb01.dat
0 Author: Massimo Maso [Sirio]
0 !LDRAW_ORG Unofficial_Subpart 
0 !LICENSE Redistributable under CCAL version 2.0 : see CAreadme.txt

0 !HELP Exact dimensions X = 102; Z = 18

0 BFC CERTIFY CCW


0 // Outer box
4 16 -51 0 9 -50.5 0 8 -47.4 0 8 -34 0 9
3 16 -34 0 9 -47.4 0 8 -39.35 0 8
3 16 -34 0 9 -39.35 0 8 -36.25 0 8
4 16 -34 0 9 -36.25 0 8 -36.25 0 -8 -34 0 -9
4 16 -34 0 9 -31.7 0 8 -28.6 0 8 -15 0 9
3 16 -15 0 9 -28.6 0 8 -20 0 8
3 16 -15 0 9 -20 0 8 -16.9 0 8
4 16 -15 0 9 -16.9 0 8 -16.9 0 -2.1 -12.7 0 -8
4 16 -15 0 9 -12.7 0 8 -3.3251 0 8 4 0 9
3 16 -15 0 9 -12.7 0 -8 -12.7 0 8
3 16 4 0 9 -3.3251 0 8 -2.7605 0 7.963
4 16 4 0 9 6 0 8 9.1 0 8 15 0 9
3 16 4 0 9 -2.7605 0 7.963 -2.2057 0 7.8526
3 16 4 0 9 -2.2057 0 7.8526 -1.6699 0 7.6708
3 16 4 0 9 -1.6699 0 7.6708 -1.1625 0 7.4205
3 16 4 0 9 -1.1625 0 7.4205 -0.6921 0 7.1062
3 16 4 0 9 -0.6921 0 7.1062 -0.2668 0 6.7332
3 16 4 0 9 -0.2668 0 6.7332 0.1062 0 6.3079
3 16 4 0 9 0.1062 0 6.3079 0.4205 0 5.8375
3 16 4 0 9 0.4205 0 5.8375 0.6708 0 5.3301
3 16 4 0 9 0.6708 0 5.3301 0.8526 0 4.7943
3 16 4 0 9 0.8526 0 4.7943 0.963 0 4.2395
3 16 4 0 9 0.963 0 4.2395 1 0 3.6749
3 16 4 0 9 1 0 3.6749 0.963 0 3.1104
3 16 4 0 9 0.963 0 3.1104 0.8526 0 2.5555
3 16 4 0 9 1.4446 0 -2.2594 1.561 0 -2.8445
3 16 15 0 9 26.4 0 8.65 36 0 9
3 16 15 0 9 25.2775 0 8.5764 26.4 0 8.65
3 16 15 0 9 24.1742 0 8.357 25.2775 0 8.5764
3 16 15 0 9 24.08 0 8.325 24.1742 0 8.357
4 16 15 0 9 9.1 0 8 17.8 0 0.05 17.8736 0 1.1725
3 16 15 0 9 23.1089 0 7.9954 24.08 0 8.325
3 16 15 0 9 22.1 0 7.4978 23.1089 0 7.9954
3 16 15 0 9 21.1647 0 6.8728 22.1 0 7.4978
3 16 15 0 9 20.3189 0 6.1311 21.1647 0 6.8728
3 16 15 0 9 19.5772 0 5.2853 20.3189 0 6.1311
3 16 15 0 9 18.9522 0 4.35 19.5772 0 5.2853
3 16 15 0 9 18.4546 0 3.3411 18.9522 0 4.35
3 16 15 0 9 18.093 0 2.2758 18.4546 0 3.3411
3 16 15 0 9 17.8736 0 1.1725 18.093 0 2.2758
3 16 36 0 9 26.4 0 8.65 27.5225 0 8.5764
3 16 36 0 9 27.5225 0 8.5764 28.6259 0 8.357
3 16 36 0 9 28.6259 0 8.357 29.6911 0 7.9954
3 16 36 0 9 29.6911 0 7.9954 30.7 0 7.4978
3 16 36 0 9 30.7 0 7.4978 31.6353 0 6.8728
3 16 36 0 9 31.6353 0 6.8728 32.4811 0 6.1311
3 16 36 0 9 32.4811 0 6.1311 33.2229 0 5.2853
3 16 36 0 9 33.2229 0 5.2853 33.8478 0 4.35
3 16 36 0 9 33.8478 0 4.35 34.3454 0 3.3411
3 16 36 0 9 34.3454 0 3.3411 34.707 0 2.2758
3 16 36 0 9 34.707 0 2.2758 34.9264 0 1.1725
4 16 36 0 9 34.9264 0 1.1725 35 0 0.05 35.65 0 -8.275
4 16 36 0 9 35.65 0 -8.275 36.3 0 4.8 36.3 0 8
4 16 -47.4 0 8 -47.4 0 2 -39.35 0 2 -39.35 0 8
4 16 -28.6 0 8 -28.6 0 -1.6 -20 0 -1.6 -20 0 8
4 16 49.4 0 8 51 0 9 36 0 9 36.3 0 8
3 16 26.4 0 5.45 24.3335 0 5.0389 23.7 0 4.7265
4 16 25.0024 0 5.266 24.3335 0 5.0389 26.4 0 5.45 25.6952 0 5.4038
4 16 -4 0 5 -9.6 0 5 -9.6 0 1.6 -4 0 1.6
4 16 -3.7781 0 4.9855 -4 0 5 -4 0 1.6 -3.56 0 4.9421
4 16 -3.3494 0 4.8706 -3.56 0 4.9421 -4 0 1.6 -3.15 0 4.7722
4 16 49.4 0 4.8 51 0 -9 51 0 9 49.4 0 8
4 16 23.1127 0 4.3341 27.1048 0 5.4038 26.4 0 5.45 23.7 0 4.7265
4 16 -2.4294 0 3.9506 -2.5278 0 4.15 -4 0 1.6 -2.3579 0 3.74
4 16 22.5816 0 3.8684 27.7976 0 5.266 27.1048 0 5.4038 23.1127 0 4.3341
4 16 -2.3146 0 3.5219 -3.7781 0 1.6145 -3.56 0 1.6579 -3.3494 0 1.7294
4 16 22.1159 0 3.3373 28.4665 0 5.0389 27.7976 0 5.266 22.5816 0 3.8684
4 16 -2.3 0 3.3 -2.3146 0 3.5219 -3.3494 0 1.7294 -2.3146 0 3.0781
3 16 -2.3579 0 2.86 -2.7979 0 2.0979 -2.4294 0 2.6494
4 16 -2.3579 0 2.86 -3.15 0 1.8278 -2.9651 0 1.9513 -2.7979 0 2.0979
4 16 21.7235 0 2.75 29.1 0 4.7265 28.4665 0 5.0389 22.1159 0 3.3373
4 16 21.411 0 2.1165 29.6873 0 4.3341 29.1 0 4.7265 21.7235 0 2.75
4 16 21.411 0 2.1165 30.6841 0 3.3373 30.2184 0 3.8684 29.6873 0 4.3341
4 16 21.411 0 2.1165 31.389 0 2.1165 31.0765 0 2.75 30.6841 0 3.3373
4 16 31.389 0 2.1165 21.411 0 2.1165 21.184 0 1.4476 31.616 0 1.4476
4 16 -2.7979 0 2.0979 -2.6513 0 2.2651 -2.5278 0 2.45 -2.4294 0 2.6494
4 16 -3.15 0 1.8278 -2.3579 0 2.86 -2.3146 0 3.0781 -3.3494 0 1.7294
4 16 -3.7781 0 1.6145 -2.3146 0 3.5219 -2.3579 0 3.74 -4 0 1.6
4 16 -4 0 1.6 -2.7979 0 4.5021 -2.9651 0 4.6487 -3.15 0 4.7722
4 16 -4 0 1.6 -2.5278 0 4.15 -2.6513 0 4.3349 -2.7979 0 4.5021
4 16 21.0462 0 0.7548 21 0 0.05 31.616 0 1.4476 21.184 0 1.4476
3 16 -0.2668 0 0.6166 -0.5 0 0.4 -0.1842 0 0.1782
4 16 17.8 0 0.05 9.1 0 8 9.1 0 -4.8 17.8736 0 -1.0725
3 16 35 0 0.05 34.9264 0 -1.0725 35.65 0 -8.275
4 16 0.2643 0 -0.2151 0.1062 0 1.042 -0.2668 0 0.6166 -0.1842 0 0.1782
4 16 21.0462 0 -0.6548 21.184 0 -1.3476 31.616 0 1.4476 21 0 0.05
4 16 0.6576 0 -0.6636 0.4205 0 1.5124 0.1062 0 1.042 0.2643 0 -0.2151
3 16 17.8736 0 -1.0725 9.1 0 -4.8 18.093 0 -2.1758
3 16 34.9264 0 -1.0725 34.707 0 -2.1758 35.65 0 -8.275
4 16 -3.8 0 -1.1 -9.6 0 -1.1 -9.6 0 -5 -3.8 0 -5
4 16 -3.8 0 -1.1 -3.8 0 -5 -3.5455 0 -4.9833 -3.5455 0 -1.1167
4 16 0.989 0 -1.1595 0.6708 0 2.0198 0.4205 0 1.5124 0.6576 0 -0.6636
4 16 0.989 0 -1.1595 1.2529 0 -1.6945 0.8526 0 2.5555 0.6708 0 2.0198
4 16 -39.35 0 -1.3 -47.4 0 -1.3 -47.4 0 -8 -39.35 0 -8
4 16 21.184 0 -1.3476 31.8 0 0.05 31.7538 0 0.7548 31.616 0 1.4476
4 16 21.184 0 -1.3476 31.616 0 -1.3476 31.7538 0 -0.6548 31.8 0 0.05
4 16 21.184 0 -1.3476 31.0765 0 -2.65 31.389 0 -2.0165 31.616 0 -1.3476
4 16 -20 0 -1.6 -28.6 0 -1.6 -28.5588 0 -2.1318 -28.4366 0 -2.6511
3 16 -20 0 -1.6 -28.4366 0 -2.6511 -28.238 0 -3.1462
4 16 -20 0 -1.6 -28.238 0 -3.1462 -27.9695 0 -3.6071 -27.639 0 -4.0259
4 16 -20 0 -1.6 -20.362 0 -3.1462 -20.1634 0 -2.6511 -20.0412 0 -2.1318
3 16 -20 0 -1.6 -27.639 0 -4.0259 -27.2554 0 -4.3965
4 16 -20 0 -1.6 -20.961 0 -4.0259 -20.6305 0 -3.6071 -20.362 0 -3.1462
4 16 -20 0 -1.6 -27.2554 0 -4.3965 -26.8273 0 -4.7148 -26.3633 0 -4.9778
4 16 -20 0 -1.6 -21.7727 0 -4.7148 -21.3446 0 -4.3965 -20.961 0 -4.0259
3 16 -20 0 -1.6 -26.3633 0 -4.9778 -25.8712 0 -5.1838
4 16 -20 0 -1.6 -25.8712 0 -5.1838 -25.3586 0 -5.3315 -24.8326 0 -5.4204
4 16 -20 0 -1.6 -22.7288 0 -5.1838 -22.2368 0 -4.9778 -21.7727 0 -4.7148
4 16 -20 0 -1.6 -24.8326 0 -5.4204 -24.3 0 -5.45 -23.7674 0 -5.4204
4 16 -20 0 -1.6 -23.7674 0 -5.4204 -23.2414 0 -5.3315 -22.7288 0 -5.1838
4 16 1.2529 0 -1.6945 1.4446 0 -2.2594 4 0 9 0.8526 0 2.5555
4 16 -2.1113 0 -2.075 -2.253 0 -1.8629 -3.5455 0 -4.9833 -3.2953 0 -4.9336
4 16 -2.1113 0 -2.075 -1.8667 0 -2.7955 -1.9165 0 -2.5453 -1.9984 0 -2.3038
4 16 -2.1113 0 -2.075 -1.8667 0 -3.3045 -1.85 0 -3.05 -1.8667 0 -2.7955
4 16 -2.1113 0 -2.075 -1.9984 0 -3.7962 -1.9165 0 -3.5547 -1.8667 0 -3.3045
3 16 -2.1113 0 -2.075 -2.4211 0 -4.4289 -2.253 0 -4.2371
4 16 -2.1113 0 -2.075 -2.825 0 -4.7387 -2.6129 0 -4.597 -2.4211 0 -4.4289
4 16 -2.1113 0 -2.075 -3.2953 0 -4.9336 -3.0538 0 -4.8516 -2.825 0 -4.7387
3 16 -31.7 0 -2.1 -34 0 -9 -31.627 0 -3.0039
3 16 -16.9 0 -2.1 -16.973 0 -3.0039 -12.7 0 -8
4 16 31.0765 0 -2.65 21.184 0 -1.3476 21.411 0 -2.0165 30.6841 0 -3.2373
4 16 1.561 0 -2.8445 1.6 0 -3.4397 4 0 -9 4 0 9
3 16 -31.627 0 -3.0039 -34 0 -9 -31.4111 0 -3.8847
3 16 -16.973 0 -3.0039 -17.1889 0 -3.8847 -12.7 0 -8
4 16 30.6841 0 -3.2373 21.411 0 -2.0165 21.7235 0 -2.65 22.1159 0 -3.2373
4 16 30.6841 0 -3.2373 22.1159 0 -3.2373 22.5816 0 -3.7684 23.1127 0 -4.2341
4 16 30.6841 0 -3.2373 23.1127 0 -4.2341 23.7 0 -4.6265 24.3335 0 -4.9389
4 16 30.6841 0 -3.2373 29.1 0 -4.6265 29.6873 0 -4.2341 30.2184 0 -3.7684
4 16 30.6841 0 -3.2373 24.3335 0 -4.9389 25.0024 0 -5.166 25.6952 0 -5.3038
3 16 30.6841 0 -3.2373 28.4665 0 -4.9389 29.1 0 -4.6265
4 16 30.6841 0 -3.2373 25.6952 0 -5.3038 26.4 0 -5.35 27.1048 0 -5.3038
4 16 30.6841 0 -3.2373 27.1048 0 -5.3038 27.7976 0 -5.166 28.4665 0 -4.9389
3 16 18.4546 0 -3.2411 16.9 0 -4.8 18.9522 0 -4.25
3 16 1.6 0 -3.4397 1.561 0 -4.0349 4 0 -9
3 16 -31.4111 0 -3.8847 -34 0 -9 -31.0613 0 -4.7215
3 16 -17.1889 0 -3.8847 -17.5388 0 -4.7215 -12.7 0 -8
4 16 -2.1113 0 -4.025 -1.9984 0 -3.7962 -2.1113 0 -2.075 -2.253 0 -4.2371
3 16 1.561 0 -4.0349 1.4446 0 -4.62 4 0 -9
3 16 1.4446 0 -4.62 1.2529 0 -5.1848 4 0 -9
3 16 -31.0613 0 -4.7215 -34 0 -9 -30.5907 0 -5.4967
3 16 -17.5388 0 -4.7215 -18.0093 0 -5.4967 -12.7 0 -8
4 16 16.9 0 -4.8 18.4546 0 -3.2411 18.093 0 -2.1758 9.1 0 -4.8
4 16 -3.5455 0 -4.9833 -3.0538 0 -1.2484 -3.2953 0 -1.1664 -3.5455 0 -1.1167
4 16 -3.5455 0 -4.9833 -2.6129 0 -1.503 -2.825 0 -1.3613 -3.0538 0 -1.2484
4 16 -3.5455 0 -4.9833 -2.253 0 -1.8629 -2.4211 0 -1.6711 -2.6129 0 -1.503
3 16 1.2529 0 -5.1848 0.989 0 -5.7198 4 0 -9
3 16 19.5772 0 -5.1853 16.9 0 -8 20.3189 0 -6.0311
3 16 -30.5907 0 -5.4967 -34 0 -9 -30.015 0 -6.1974
3 16 -18.0093 0 -5.4967 -18.585 0 -6.1974 -12.7 0 -8
3 16 0.989 0 -5.7198 0.6576 0 -6.2158 4 0 -9
3 16 20.3189 0 -6.0311 16.9 0 -8 21.1647 0 -6.7728
3 16 -30.015 0 -6.1974 -34 0 -9 -29.3503 0 -6.8144
3 16 -18.585 0 -6.1974 -19.2497 0 -6.8144 -12.7 0 -8
3 16 0.6576 0 -6.2158 0.2643 0 -6.6643 4 0 -9
3 16 0.2643 0 -6.6643 -0.1842 0 -7.0576 4 0 -9
3 16 21.1647 0 -6.7728 16.9 0 -8 22.1 0 -7.3978
3 16 -29.3503 0 -6.8144 -34 0 -9 -28.6124 0 -7.3416
3 16 -19.2497 0 -6.8144 -19.9876 0 -7.3416 -12.7 0 -8
3 16 -0.1842 0 -7.0576 -0.6802 0 -7.389 4 0 -9
3 16 -28.6124 0 -7.3416 -34 0 -9 -27.816 0 -7.7754
3 16 -19.9876 0 -7.3416 -20.784 0 -7.7754 -12.7 0 -8
3 16 -0.6802 0 -7.389 -1.2152 0 -7.6529 4 0 -9
3 16 22.1 0 -7.3978 16.9 0 -8 23.1089 0 -7.8954
3 16 -1.2152 0 -7.6529 -1.78 0 -7.8446 4 0 -9
3 16 -27.816 0 -7.7754 -34 0 -9 -26.9747 0 -8.1139
3 16 -20.784 0 -7.7754 -21.6253 0 -8.1139 -12.7 0 -8
3 16 -1.78 0 -7.8446 -2.3651 0 -7.961 4 0 -9
3 16 23.1089 0 -7.8954 16.9 0 -8 24.1742 0 -8.257
3 16 -2.3651 0 -7.961 -2.9603 0 -8 4 0 -9
3 16 -47.4 0 -8 -50.5 0 -8 -51 0 -9
3 16 -39.35 0 -8 -47.4 0 -8 -51 0 -9
4 16 -39.35 0 -8 -51 0 -9 -34 0 -9 -36.25 0 -8
3 16 -12.7 0 -8 -21.6253 0 -8.1139 -22.2065 0 -8.275
3 16 -2.9603 0 -8 -12.7 0 -8 4 0 -9
4 16 6 0 -8 6 0 8 4 0 9 4 0 -9
4 16 6 0 -8 4 0 -9 15 0 -9 16.9 0 -8
4 16 16.9 0 -8 19.5772 0 -5.1853 18.9522 0 -4.25 16.9 0 -4.8
4 16 16.9 0 -8 15 0 -9 24.2648 0 -8.275 24.1742 0 -8.257
4 16 41.3 0 -8 41.3 0 4.8 36.3 0 4.8 35.65 0 -8.275
4 16 44.4 0 -8 41.3 0 -8 35.65 0 -8.275 51 0 -9
3 16 -26.9747 0 -8.1139 -34 0 -9 -26.1007 0 -8.3561
4 16 -22.2065 0 -8.275 -22.4993 0 -8.3561 4 0 -9 -12.7 0 -8
3 16 24.2648 0 -8.275 15 0 -9 25.2775 0 -8.4764
3 16 28.5352 0 -8.275 27.5225 0 -8.4764 51 0 -9
3 16 35.65 0 -8.275 34.707 0 -2.1758 34.3454 0 -3.2411
3 16 35.65 0 -8.275 34.3454 0 -3.2411 33.8478 0 -4.25
3 16 35.65 0 -8.275 33.8478 0 -4.25 33.2229 0 -5.1853
3 16 35.65 0 -8.275 33.2229 0 -5.1853 32.4811 0 -6.0311
3 16 35.65 0 -8.275 32.4811 0 -6.0311 31.6353 0 -6.7728
3 16 35.65 0 -8.275 31.6353 0 -6.7728 30.7 0 -7.3978
3 16 35.65 0 -8.275 30.7 0 -7.3978 29.6911 0 -7.8954
3 16 35.65 0 -8.275 29.6911 0 -7.8954 28.6259 0 -8.257
4 16 35.65 0 -8.275 28.6259 0 -8.257 28.5352 0 -8.275 51 0 -9
3 16 -26.1007 0 -8.3561 -34 0 -9 -25.2056 0 -8.5015
3 16 -22.4993 0 -8.3561 -23.3944 0 -8.5015 4 0 -9
3 16 25.2775 0 -8.4764 15 0 -9 26.4 0 -8.55
3 16 27.5225 0 -8.4764 26.4 0 -8.55 51 0 -9
3 16 -25.2056 0 -8.5015 -34 0 -9 -24.3 0 -8.55
3 16 -23.3944 0 -8.5015 -24.3 0 -8.55 4 0 -9
3 16 -24.3 0 -8.55 -34 0 -9 4 0 -9
3 16 26.4 0 -8.55 15 0 -9 51 0 -9
4 16 -51 0 -9 -50.5 0 -8 -50.5 0 8 -51 0 9
4 16 -34 0 -9 -31.7 0 -2.1 -31.7 0 8 -34 0 9
4 16 51 0 -9 49.4 0 4.8 44.4 0 4.8 44.4 0 -8
