0 ~Logo Michelin White Bibendum with Border Lines
0 Name: s\logomichi01.dat
0 Author: Massimo Maso [Sirio]
0 !LDRAW_ORG Unofficial_Subpart 
0 !LICENSE Redistributable under CCAL version 2.0 : see CAreadme.txt

0 !HELP Exact dimensions X = 129.6; Z = 20.25

0 BFC CERTIFY CCW


0 // White body
4 15 -61.4166 0 9.3901 -61.4662 0 9.3896 -61.4685 0 9.2156 -61.3509 0 9.3794
4 15 -61.4662 0 9.3896 -61.5077 0 9.3817 -61.5602 0 9.2755 -61.4685 0 9.2156
4 15 -61.5602 0 9.2755 -61.5077 0 9.3817 -61.5384 0 9.3696 -61.5642 0 9.3538
4 15 -61.3509 0 9.3794 -61.4685 0 9.2156 -61.307 0 9.0655 -61.2728 0 9.3538
4 15 -61.5602 0 9.2755 -61.5642 0 9.3538 -61.5882 0 9.3321 -61.6082 0 9.3059
3 15 -61.2728 0 9.3538 -61.307 0 9.0655 -61.2175 0 8.9622
3 15 -61.2728 0 9.3538 -61.2175 0 8.9622 -60.6949 0 8.1476
4 15 -61.2728 0 9.3538 -60.6949 0 8.1476 -59.0463 0 5.4973 -61.2443 0 9.3414
4 15 -60.7707 0 8.9382 -60.9243 0 9.1077 -61.2443 0 9.3414 -60.2327 0 8.1681
4 15 -59.4895 0 6.7678 -60.2327 0 8.1681 -61.2443 0 9.3414 -59.0463 0 5.4973
3 15 -61.5602 0 9.2755 -61.6082 0 9.3059 -61.6127 0 9.2982
4 15 -60.3471 0 9.1037 -60.4045 0 9.1145 -59.7553 0 8.0142 -60.2636 0 9.074
4 15 -60.1501 0 9.0115 -60.2636 0 9.074 -59.7553 0 8.0142 -59.9932 0 8.8906
4 15 -46.0319 0 8.9972 -46.3127 0 8.9685 -46.4519 0 8.5844 -46.4317 0 8.5738
4 15 -46.0319 0 8.9972 -46.4317 0 8.5738 -46.4132 0 8.5594 -45.7295 0 8.9758
4 15 -45.3431 0 8.8109 -45.5337 0 8.9266 -45.7295 0 8.9758 -45.3268 0 8.7878
4 15 -45.3163 0 8.766 -45.3268 0 8.7878 -45.7295 0 8.9758 -45.31 0 8.7432
4 15 -45.3084 0 8.7165 -45.31 0 8.7432 -45.7295 0 8.9758 -45.3113 0 8.6956
4 15 -45.3174 0 8.6773 -45.3113 0 8.6956 -45.7295 0 8.9758 -45.326 0 8.6613
4 15 -45.3357 0 8.6491 -45.326 0 8.6613 -45.7295 0 8.9758 -45.3465 0 8.6395
4 15 -45.3583 0 8.6323 -45.3465 0 8.6395 -45.7295 0 8.9758 -45.3714 0 8.6273
4 15 -45.385 0 8.6247 -45.3714 0 8.6273 -45.7295 0 8.9758 -46.3906 0 8.5296
3 15 -46.3989 0 8.5433 -45.7295 0 8.9758 -46.4132 0 8.5594
3 15 -46.3906 0 8.5296 -45.7295 0 8.9758 -46.3989 0 8.5433
4 15 -46.3127 0 8.9685 -46.5119 0 8.9134 -46.495 0 8.594 -46.4726 0 8.591
3 15 -46.4519 0 8.5844 -46.3127 0 8.9685 -46.4726 0 8.591
4 15 -45.4298 0 8.8799 -45.5337 0 8.9266 -45.3431 0 8.8109 -45.3743 0 8.8419
4 15 -46.5119 0 8.9134 -46.6502 0 8.8487 -46.52 0 8.5966 -46.495 0 8.594
4 15 -59.7705 0 8.6612 -59.9932 0 8.8906 -59.7553 0 8.0142 -59.3833 0 8.1122
4 15 -46.6502 0 8.8487 -46.7483 0 8.7804 -46.6248 0 8.622 -46.52 0 8.5966
4 15 -61.7701 0 8.8211 -61.7819 0 8.8205 -61.8039 0 8.3652 -61.724 0 8.818
4 15 -61.8039 0 8.3652 -61.7819 0 8.8205 -61.8276 0 8.8131 -61.8834 0 8.7934
4 15 -61.6788 0 8.8065 -61.724 0 8.818 -61.8039 0 8.3652 -61.5917 0 8.0319
4 15 -61.6294 0 8.7839 -61.6788 0 8.8065 -61.5917 0 8.0319 -61.5718 0 8.7443
4 15 -61.8039 0 8.3652 -61.8834 0 8.7934 -61.954 0 8.7529 -61.9922 0 8.7245
4 15 -46.6248 0 8.622 -46.7483 0 8.7804 -46.7717 0 8.7597 -46.7166 0 8.6586
4 15 -46.7166 0 8.6586 -46.7717 0 8.7597 -46.7793 0 8.7515 -46.7836 0 8.7447
4 15 -46.7166 0 8.6586 -46.7836 0 8.7447 -46.7861 0 8.7387 -46.7874 0 8.7331
4 15 -61.4987 0 8.6727 -61.5718 0 8.7443 -61.5917 0 8.0319 -61.5173 0 8.0312
4 15 -46.7166 0 8.6586 -46.7874 0 8.7331 -46.7876 0 8.7273 -46.7867 0 8.7214
4 15 -46.7867 0 8.7214 -46.7847 0 8.7152 -46.7549 0 8.6818 -46.7166 0 8.6586
4 15 -46.7847 0 8.7152 -46.7802 0 8.707 -46.772 0 8.6967 -46.7549 0 8.6818
3 15 -61.5173 0 8.0312 -61.4336 0 8.0166 -61.4987 0 8.6727
3 15 -61.4336 0 8.0166 -61.338 0 7.9834 -61.4987 0 8.6727
4 15 -61.4987 0 8.6727 -61.338 0 7.9834 -61.2298 0 7.9253 -61.0398 0 8.0472
3 15 -46.3906 0 8.5296 -46.386 0 8.518 -45.385 0 8.6247
4 15 -45.385 0 8.6247 -46.386 0 8.518 -46.384 0 8.5074 -45.3947 0 8.507
3 15 -45.3947 0 8.507 -46.384 0 8.5074 -46.3839 0 8.4993
3 15 -46.3851 0 8.4922 -45.3947 0 8.507 -46.3839 0 8.4993
3 15 -46.3873 0 8.4859 -45.3947 0 8.507 -46.3851 0 8.4922
3 15 -46.391 0 8.4797 -45.3947 0 8.507 -46.3873 0 8.4859
4 15 -45.3947 0 8.507 -46.391 0 8.4797 -46.396 0 8.474 -48.697 0 5.8182
3 15 -46.396 0 8.474 -46.4024 0 8.4688 -45.3947 0 8.507
4 15 -44.735 0 7.3677 -45.3168 0 8.4901 -45.3947 0 8.507 -44.8316 0 7.3274
3 15 -46.4694 0 7.333 -45.3947 0 8.507 -46.5888 0 7.3449
3 15 -46.5888 0 7.3449 -45.3947 0 8.507 -46.642 0 7.343
3 15 -46.3552 0 7.2994 -45.3947 0 8.507 -46.4694 0 7.333
3 15 -46.759 0 7.3208 -46.642 0 7.343 -45.3947 0 8.507
3 15 -46.3552 0 7.2994 -46.2501 0 7.2458 -45.3947 0 8.507
3 15 -46.8665 0 7.2787 -46.759 0 7.3208 -45.3947 0 8.507
4 15 -45.3947 0 8.507 -46.2501 0 7.2458 -46.1523 0 7.1697 -44.8316 0 7.3274
3 15 -45.3947 0 8.507 -46.973 0 7.2138 -46.8665 0 7.2787
3 15 -46.973 0 7.2138 -45.3947 0 8.507 -48.697 0 5.8182
4 15 -44.629 0 7.3902 -44.7374 0 8.305 -45.3168 0 8.4901 -44.735 0 7.3677
3 15 -46.4024 0 8.4688 -46.411 0 8.464 -48.697 0 5.8182
3 15 -46.411 0 8.464 -46.423 0 8.4598 -48.697 0 5.8182
4 15 -48.697 0 5.8182 -46.423 0 8.4598 -46.445 0 8.4559 -47.8241 0 7.9384
4 15 -46.445 0 8.4559 -46.7553 0 8.4323 -47.0868 0 8.3485 -47.4821 0 8.1719
3 15 -46.445 0 8.4559 -47.4821 0 8.1719 -47.8241 0 7.9384
3 15 -61.5917 0 8.0319 -61.8039 0 8.3652 -61.6645 0 8.0195
4 15 -44.5851 0 7.3928 -44.3164 0 8.0836 -44.7374 0 8.305 -44.629 0 7.3902
3 15 -60.6949 0 8.1476 -59.9221 0 6.6529 -59.0463 0 5.4973
4 15 -59.3833 0 8.1122 -59.7553 0 8.0142 -59.3237 0 7.1787 -59.05 0 7.4337
4 15 -57.9553 0 8.0895 -58.0024 0 8.0879 -58.282 0 7.8725 -57.9038 0 8.082
4 15 -58.282 0 7.8725 -58.0024 0 8.0879 -58.053 0 8.0766 -58.1025 0 8.0551
3 15 -44.5851 0 7.3928 -44.4732 0 7.3845 -44.3164 0 8.0836
4 15 -44.3164 0 8.0836 -44.4732 0 7.3845 -44.3657 0 7.3558 -43.987 0 7.8293
4 15 -57.8422 0 8.0617 -57.9038 0 8.082 -58.282 0 7.8725 -57.7706 0 8.0243
4 15 -58.282 0 7.8725 -58.1025 0 8.0551 -58.1528 0 8.0214 -58.2083 0 7.9693
3 15 -61.2298 0 7.9253 -61.102 0 7.8257 -61.0398 0 8.0472
3 15 -61.102 0 7.8257 -60.9924 0 7.7027 -61.0398 0 8.0472
4 15 -61.0398 0 8.0472 -60.9924 0 7.7027 -60.9233 0 7.5901 -60.5837 0 7.2822
4 15 -57.6878 0 7.9652 -57.7706 0 8.0243 -58.282 0 7.8725 -57.5897 0 7.8793
4 15 -48.697 0 5.8182 -47.8241 0 7.9384 -48.1277 0 7.6379 -48.6645 0 6.4057
3 15 -58.282 0 7.8725 -57.6667 0 7.7045 -57.5897 0 7.8793
4 15 -58.282 0 7.8725 -58.3912 0 7.6636 -57.7303 0 7.4579 -57.6667 0 7.7045
3 15 -44.2662 0 7.3082 -43.987 0 7.8293 -44.3657 0 7.3558
4 15 -43.987 0 7.8293 -44.2662 0 7.3082 -44.173 0 7.2395 -43.7543 0 7.577
4 15 -61.5685 0 7.7078 -61.5965 0 7.7009 -61.6541 0 6.3568 -61.5478 0 7.7075
4 15 -61.516 0 7.7015 -61.5478 0 7.7075 -61.6541 0 6.3568 -61.4366 0 7.6726
4 15 -61.6541 0 6.3568 -61.5965 0 7.7009 -61.6071 0 7.6946 -61.6159 0 7.6869
4 15 -61.6541 0 6.3568 -61.6159 0 7.6869 -61.6242 0 7.6763 -61.6322 0 7.6609
4 15 -61.3642 0 7.6306 -61.4366 0 7.6726 -61.6541 0 6.3568 -61.2992 0 7.5758
4 15 -57.7303 0 7.4579 -58.3912 0 7.6636 -58.4593 0 7.4442 -58.4906 0 7.2038
4 15 -61.6541 0 6.3568 -61.6322 0 7.6609 -61.6397 0 7.6365 -61.6456 0 7.588
4 15 -48.6645 0 6.4057 -48.1277 0 7.6379 -48.3589 0 7.3065 -48.5485 0 6.8869
3 15 -60.9233 0 7.5901 -60.8851 0 7.4941 -60.5837 0 7.2822
4 15 -43.7543 0 7.577 -44.173 0 7.2395 -44.1092 0 7.1806 -43.5575 0 7.2717
4 15 -61.2424 0 7.5068 -61.2992 0 7.5758 -61.6541 0 6.3568 -61.2101 0 7.4503
4 15 -60.5837 0 7.2822 -60.8851 0 7.4941 -60.8702 0 7.4277 -60.3518 0 6.8142
4 15 -57.7731 0 6.9661 -57.7303 0 7.4579 -58.4906 0 7.2038 -58.4771 0 6.8932
4 15 -61.1919 0 7.4008 -61.2101 0 7.4503 -61.6541 0 6.3568 -61.1867 0 7.373
4 15 -59.05 0 7.4337 -59.3237 0 7.1787 -59.2892 0 7.0722 -58.9992 0 6.879
4 15 -60.3518 0 6.8142 -60.8702 0 7.4277 -60.7472 0 6.6704 -60.6534 0 6.2771
4 15 -61.114 0 6.8561 -61.1867 0 7.373 -61.6541 0 6.3568 -61.5735 0 5.7978
4 15 -44.8316 0 7.3274 -46.1523 0 7.1697 -46.0822 0 7.1005 -44.9263 0 7.2667
4 15 -43.5575 0 7.2717 -44.1092 0 7.1806 -43.9963 0 7.0434 -43.4206 0 6.9346
4 15 -44.9263 0 7.2667 -46.0822 0 7.1005 -45.9715 0 6.955 -45.0208 0 7.1805
3 15 -46.973 0 7.2138 -48.697 0 5.8182 -47.0799 0 7.1209
4 15 -45.0208 0 7.1805 -45.9715 0 6.955 -45.8645 0 6.7487 -45.1148 0 7.0612
4 15 -44.5725 0 7.1372 -44.602 0 7.136 -44.5975 0 6.6027 -44.536 0 6.6004
4 15 -44.503 0 7.1307 -44.5725 0 7.1372 -44.536 0 6.6004 -44.4364 0 7.1116
4 15 -44.602 0 7.136 -44.6631 0 7.123 -44.6093 0 6.6018 -44.5975 0 6.6027
4 15 -44.6093 0 6.6018 -44.6631 0 7.123 -44.7205 0 7.0994 -44.7794 0 7.0624
3 15 -47.1867 0 6.9916 -47.0799 0 7.1209 -48.697 0 5.8182
4 15 -44.375 0 7.0809 -44.4364 0 7.1116 -44.536 0 6.6004 -44.4786 0 6.5872
4 15 -46.5891 0 7.0887 -46.621 0 7.088 -46.6105 0 6.509 -46.5114 0 7.0802
4 15 -46.6105 0 6.509 -46.621 0 7.088 -46.6916 0 7.0745 -46.7584 0 7.0486
4 15 -44.3177 0 7.037 -44.375 0 7.0809 -44.4786 0 6.5872 -44.421 0 6.5628
4 15 -46.5114 0 7.0802 -46.6105 0 6.509 -46.5492 0 6.5054 -46.4373 0 7.0575
3 15 -59.2793 0 7.0057 -58.9992 0 6.879 -59.2892 0 7.0722
4 15 -44.7794 0 7.0624 -44.8488 0 6.9998 -44.6658 0 6.5913 -44.6093 0 6.6018
3 15 -45.2152 0 6.8759 -45.1148 0 7.0612 -45.8645 0 6.7487
4 15 -46.3692 0 7.0219 -46.4373 0 7.0575 -46.5492 0 6.5054 -46.4916 0 6.491
4 15 -46.7584 0 7.0486 -46.8277 0 7.0071 -46.6619 0 6.5029 -46.6105 0 6.509
4 15 -43.4206 0 6.9346 -43.9963 0 7.0434 -43.8831 0 6.8444 -43.3469 0 6.5577
4 15 -44.2683 0 6.991 -44.3177 0 7.037 -44.421 0 6.5628 -44.3558 0 6.5201
4 15 -46.306 0 6.9717 -46.3692 0 7.0219 -46.4916 0 6.491 -46.4331 0 6.4649
4 15 -46.8277 0 7.0071 -46.9011 0 6.945 -46.718 0 6.4863 -46.6619 0 6.5029
3 15 -59.2803 0 6.957 -58.9992 0 6.879 -59.2793 0 7.0057
4 15 -44.8488 0 6.9998 -44.927 0 6.8981 -44.723 0 6.5697 -44.6658 0 6.5913
3 15 -47.3013 0 6.7898 -47.1867 0 6.9916 -48.697 0 5.8182
4 15 -44.1844 0 6.8877 -44.2683 0 6.991 -44.3558 0 6.5201 -44.2935 0 6.4622
4 15 -46.2528 0 6.9189 -46.306 0 6.9717 -46.4331 0 6.4649 -46.3659 0 6.4194
4 15 -57.7341 0 6.5084 -57.7731 0 6.9661 -58.4771 0 6.8932 -58.388 0 6.503
3 15 -59.2803 0 6.957 -59.2877 0 6.9194 -58.9992 0 6.879
4 15 -46.9011 0 6.945 -46.979 0 6.8542 -46.7752 0 6.4576 -46.718 0 6.4863
4 15 -58.9992 0 6.879 -59.2877 0 6.9194 -59.3007 0 6.8864 -58.8738 0 6.314
4 15 -46.1699 0 6.8091 -46.2528 0 6.9189 -46.3659 0 6.4194 -46.3014 0 6.3575
4 15 -44.927 0 6.8981 -45.0068 0 6.7427 -44.7826 0 6.5343 -44.723 0 6.5697
4 15 -44.0947 0 6.7283 -44.1844 0 6.8877 -44.2935 0 6.4622 -44.2186 0 6.3632
3 15 -59.3193 0 6.8574 -58.8738 0 6.314 -59.3007 0 6.8864
4 15 -45.2913 0 6.6513 -45.2152 0 6.8759 -45.8645 0 6.7487 -45.7782 0 6.4746
3 15 -58.8738 0 6.314 -59.3193 0 6.8574 -59.3425 0 6.8329
4 15 -60.9156 0 6.0331 -61.114 0 6.8561 -61.5735 0 5.7978 -61.4448 0 5.4105
4 15 -46.979 0 6.8542 -47.072 0 6.6987 -46.8411 0 6.4076 -46.7752 0 6.4576
4 15 -43.3469 0 6.5577 -43.8831 0 6.8444 -43.7856 0 6.5719 -43.3465 0 6.158
4 15 -58.8738 0 6.314 -59.3425 0 6.8329 -59.372 0 6.811 -58.9972 0 6.0176
4 15 -60.2162 0 6.6174 -60.3518 0 6.8142 -60.6534 0 6.2771 -60.5736 0 6.0501
4 15 -58.9972 0 6.0176 -59.372 0 6.811 -59.4111 0 6.791 -59.0473 0 5.8132
4 15 -46.0844 0 6.6434 -46.1699 0 6.8091 -46.3014 0 6.3575 -46.2241 0 6.2525
4 15 -59.0473 0 5.8132 -59.4111 0 6.791 -59.4895 0 6.7678 -59.0574 0 5.6162
3 15 -47.3013 0 6.7898 -48.697 0 5.8182 -47.387 0 6.5503
3 15 -59.0574 0 5.6162 -59.4895 0 6.7678 -59.0463 0 5.4973
4 15 -45.0068 0 6.7427 -45.0758 0 6.5138 -44.8455 0 6.4801 -44.7826 0 6.5343
4 15 -44.0129 0 6.4978 -44.0947 0 6.7283 -44.2186 0 6.3632 -44.155 0 6.2409
4 15 -47.072 0 6.6987 -47.1454 0 6.5097 -46.9036 0 6.3389 -46.8411 0 6.4076
3 15 -59.8795 0 6.5652 -59.0463 0 5.4973 -59.9221 0 6.6529
4 15 -45.3392 0 6.3598 -45.2913 0 6.6513 -45.7782 0 6.4746 -45.7337 0 6.119
4 15 -46.0116 0 6.4117 -46.0844 0 6.6434 -46.2241 0 6.2525 -46.1585 0 6.1221
4 15 -60.1429 0 6.5428 -60.2162 0 6.6174 -60.5736 0 6.0501 -60.5087 0 5.9277
4 15 -43.3465 0 6.158 -43.7856 0 6.5719 -43.7253 0 6.206 -43.3958 0 6.1475
3 15 -59.8795 0 6.5652 -59.9114 0 6.5297 -59.0463 0 5.4973
4 15 -47.4412 0 6.2464 -47.387 0 6.5503 -48.697 0 5.8182 -48.4132 0 5.8778
3 15 -60.5087 0 5.9277 -60.096 0 6.5096 -60.1429 0 6.5428
3 15 -59.9379 0 6.5088 -59.0463 0 5.4973 -59.9114 0 6.5297
4 15 -44.9113 0 6.3996 -44.8455 0 6.4801 -45.0758 0 6.5138 -45.1071 0 6.2518
4 15 -47.1454 0 6.5097 -47.1979 0 6.2599 -46.9744 0 6.2248 -46.9036 0 6.3389
3 15 -60.096 0 6.5096 -60.5087 0 5.9277 -60.062 0 6.494
3 15 -59.9379 0 6.5088 -59.9637 0 6.4951 -59.0463 0 5.4973
4 15 -57.6685 0 6.2607 -57.7341 0 6.5084 -58.388 0 6.503 -58.2587 0 6.1783
4 15 -43.9622 0 6.1887 -44.0129 0 6.4978 -44.155 0 6.2409 -44.0998 0 6.0733
4 15 -59.0463 0 5.4973 -59.9637 0 6.4951 -59.986 0 6.4882 -60.5087 0 5.9277
3 15 -60.5087 0 5.9277 -60.0355 0 6.4872 -60.062 0 6.494
3 15 -60.0102 0 6.4854 -60.5087 0 5.9277 -59.986 0 6.4882
3 15 -60.0355 0 6.4872 -60.5087 0 5.9277 -60.0102 0 6.4854
4 15 -45.9738 0 6.1115 -46.0116 0 6.4117 -46.1585 0 6.1221 -45.9729 0 6.0369
3 15 -44.9113 0 6.3996 -45.1071 0 6.2518 -44.9778 0 6.281
3 15 -45.3392 0 6.3598 -45.7337 0 6.119 -45.34 0 6.05
4 15 -45.0346 0 6.1189 -44.9778 0 6.281 -45.1071 0 6.2518 -45.1037 0 6.0687
4 15 -57.6453 0 6.2051 -57.6685 0 6.2607 -58.2587 0 6.1783 -57.4022 0 5.6124
4 15 -47.0314 0 6.0789 -46.9744 0 6.2248 -47.1979 0 6.2599 -47.209 0 6.0035
4 15 -47.4482 0 5.993 -47.4412 0 6.2464 -48.2609 0 5.901 -48.1587 0 5.907
3 15 -47.4412 0 6.2464 -48.4132 0 5.8778 -48.2609 0 5.901
3 15 -43.7253 0 6.206 -43.4209 0 6.1373 -43.3958 0 6.1475
3 15 -43.7253 0 6.206 -43.4355 0 6.128 -43.4209 0 6.1373
3 15 -43.7253 0 6.206 -43.444 0 6.1201 -43.4355 0 6.128
3 15 -43.7253 0 6.206 -43.4502 0 6.1121 -43.444 0 6.1201
3 15 -43.7253 0 6.206 -43.4546 0 6.1034 -43.4502 0 6.1121
3 15 -43.7253 0 6.206 -43.4573 0 6.0944 -43.4546 0 6.1034
3 15 -43.7253 0 6.206 -43.4584 0 6.0852 -43.4573 0 6.0944
4 15 -43.4579 0 6.0732 -43.4584 0 6.0852 -43.7253 0 6.206 -43.7308 0 5.8436
4 15 -43.9578 0 6.0491 -43.9622 0 6.1887 -44.0998 0 6.0733 -43.9833 0 5.771
4 15 -58.2587 0 6.1783 -58.263 0 6.1767 -57.299 0 5.2379 -57.4022 0 5.6124
4 15 -58.263 0 6.1767 -58.3027 0 6.1685 -57.3298 0 4.6957 -57.2875 0 4.9187
4 15 -57.2807 0 5.0555 -57.299 0 5.2379 -58.263 0 6.1767 -57.2875 0 4.9187
4 15 -57.3298 0 4.6957 -58.3027 0 6.1685 -58.3701 0 6.1487 -58.4423 0 6.1139
4 15 -45.9729 0 6.0369 -46.1585 0 6.1221 -46.1029 0 5.9451 -46.0004 0 5.7512
4 15 -45.7337 0 6.119 -45.7478 0 5.8006 -45.0662 0 5.2141 -45.1816 0 5.4165
3 15 -45.7337 0 6.119 -45.2802 0 5.691 -45.34 0 6.05
3 15 -45.7337 0 6.119 -45.1816 0 5.4165 -45.2802 0 5.691
4 15 -45.0346 0 6.1189 -45.1037 0 6.0687 -45.0965 0 5.9951 -45.0683 0 5.9295
4 15 -57.3298 0 4.6957 -58.4423 0 6.1139 -58.5208 0 6.0566 -58.6021 0 5.9696
4 15 -47.0696 0 5.8887 -47.0314 0 6.0789 -47.209 0 6.0035 -47.175 0 5.7374
3 15 -44.0667 0 5.8521 -43.9833 0 5.771 -44.0998 0 6.0733
3 15 -43.4579 0 6.0732 -43.7308 0 5.8436 -43.4544 0 6.0579
3 15 -43.4544 0 6.0579 -43.7308 0 5.8436 -43.446 0 6.037
4 15 -43.4284 0 6.0076 -43.446 0 6.037 -43.7308 0 5.8436 -43.7842 0 5.5587
4 15 -60.8276 0 5.8281 -60.9156 0 6.0331 -61.4448 0 5.4105 -61.2301 0 5.0244
4 15 -43.3877 0 5.9577 -43.4284 0 6.0076 -43.7842 0 5.5587 -43.8622 0 5.3433
4 15 -45.0683 0 5.9295 -45.0965 0 5.9951 -45.0865 0 5.9225 -45.0844 0 5.9172
3 15 -47.4482 0 5.993 -48.1587 0 5.907 -48.0939 0 5.9025
3 15 -47.4482 0 5.993 -48.0939 0 5.9025 -48.0647 0 5.8962
3 15 -48.0442 0 5.8885 -47.4482 0 5.993 -48.0647 0 5.8962
3 15 -48.0291 0 5.8794 -47.4482 0 5.993 -48.0442 0 5.8885
3 15 -48.0175 0 5.8694 -47.4482 0 5.993 -48.0291 0 5.8794
4 15 -47.4482 0 5.993 -48.0175 0 5.8694 -48.0081 0 5.8575 -47.4026 0 5.6403
4 15 -57.3298 0 4.6957 -58.6021 0 5.9696 -58.6824 0 5.8452 -58.7777 0 5.6135
4 15 -43.3877 0 5.9577 -43.8622 0 5.3433 -44.1789 0 4.1658 -44.1697 0 4.1647
4 15 -43.3877 0 5.9577 -44.1697 0 4.1647 -44.1597 0 4.1616 -43.2748 0 5.8781
3 15 -46.1029 0 5.9451 -46.0728 0 5.7192 -46.0004 0 5.7512
4 15 -45.07 0 5.91 -45.0683 0 5.9295 -45.0865 0 5.9225 -45.0823 0 5.9137
4 15 -45.07 0 5.92 -45.0683 0 5.9295 -45.0844 0 5.9172 -45.0798 0 5.9108
4 15 -59.0463 0 5.4973 -60.5087 0 5.9277 -60.6126 0 5.8621 -59.0335 0 5.438
3 15 -47.0696 0 5.8887 -47.175 0 5.7374 -47.0762 0 5.6907
4 15 -43.2748 0 5.8781 -44.1597 0 4.1616 -44.1482 0 4.1556 -43.0408 0 5.6653
4 15 -60.6126 0 5.8621 -60.7742 0 5.7462 -61.2301 0 5.0244 -60.8249 0 4.5397
4 15 -59.0335 0 5.438 -60.6126 0 5.8621 -60.8249 0 4.5397 -59.848 0 3.6927
3 15 -48.0081 0 5.8575 -48.0045 0 5.8512 -47.4026 0 5.6403
4 15 -43.9833 0 5.771 -44.0667 0 5.8521 -44.065 0 5.8182 -44.038 0 5.5601
3 15 -47.4026 0 5.6403 -48.0045 0 5.8512 -47.9992 0 5.8383
3 15 -47.9963 0 5.8244 -47.4026 0 5.6403 -47.9992 0 5.8383
3 15 -60.8276 0 5.8281 -61.2301 0 5.0244 -60.7742 0 5.7462
4 15 -47.4026 0 5.6403 -47.9963 0 5.8244 -47.9958 0 5.8096 -47.3148 0 5.3649
3 15 -44.038 0 5.5601 -44.065 0 5.8182 -44.0754 0 5.6012
3 15 -47.9983 0 5.7929 -47.3148 0 5.3649 -47.9958 0 5.8096
4 15 -45.0662 0 5.2141 -45.7478 0 5.8006 -45.8098 0 5.5039 -44.9501 0 5.0737
3 15 -47.3148 0 5.3649 -47.9983 0 5.7929 -48.0038 0 5.7766
4 15 -47.3148 0 5.3649 -48.0038 0 5.7766 -48.0127 0 5.7607 -47.2057 0 5.1567
3 15 -48.0247 0 5.7463 -47.2057 0 5.1567 -48.0127 0 5.7607
4 15 -46.0004 0 5.7512 -46.0728 0 5.7192 -46.0728 0 5.6065 -46.0713 0 5.4979
3 15 -48.0294 0 5.742 -47.2057 0 5.1567 -48.0247 0 5.7463
3 15 -48.0442 0 5.7314 -47.2057 0 5.1567 -48.0294 0 5.742
4 15 -47.0669 0 5.5859 -47.0762 0 5.6907 -47.175 0 5.7374 -47.1035 0 5.5101
3 15 -47.2057 0 5.1567 -48.0442 0 5.7314 -48.0606 0 5.724
3 15 -47.2057 0 5.1567 -48.0606 0 5.724 -48.0842 0 5.7192
4 15 -47.2057 0 5.1567 -48.0842 0 5.7192 -48.2699 0 5.6894 -47.0923 0 5.009
4 15 -47.0923 0 5.009 -48.2699 0 5.6894 -48.4641 0 5.6219 -48.6459 0 5.5193
4 15 -43.0408 0 5.6653 -44.1482 0 4.1556 -44.1337 0 4.1446 -42.8396 0 5.4072
4 15 -57.3298 0 4.6957 -58.7777 0 5.6135 -58.8472 0 5.5197 -57.6 0 4.0847
4 15 -46.0728 0 5.6065 -46.0821 0 5.4959 -46.0795 0 5.4918 -46.0713 0 5.4979
4 15 -44.0754 0 5.6012 -44.1191 0 5.4028 -44.1131 0 5.3947 -44.038 0 5.5601
4 15 -47.0669 0 5.5859 -47.1035 0 5.5101 -47.0462 0 5.3885 -47.0253 0 5.3892
4 15 -57.6 0 4.0847 -58.8472 0 5.5197 -58.9187 0 5.4275 -57.639 0 3.9566
4 15 -48.6459 0 5.5193 -48.8174 0 5.3781 -46.8265 0 4.8132 -46.9336 0 4.87
3 15 -47.0327 0 4.9497 -47.0923 0 5.009 -48.6459 0 5.5193
3 15 -46.9336 0 4.87 -47.0327 0 4.9497 -48.6459 0 5.5193
4 15 -44.9501 0 5.0737 -45.8098 0 5.5039 -45.8987 0 5.2752 -44.8952 0 5.0225
3 15 -46.0795 0 5.4918 -46.0733 0 5.4941 -46.0713 0 5.4979
4 15 -59.0335 0 5.438 -59.848 0 3.6927 -59.7472 0 3.5953 -59.0044 0 5.4247
4 15 -58.9187 0 5.4275 -59.0044 0 5.4247 -57.6118 0 3.2084 -57.5838 0 3.3214
3 15 -57.639 0 3.9566 -58.9187 0 5.4275 -57.6499 0 3.8647
3 15 -57.6499 0 3.8647 -58.9187 0 5.4275 -57.6433 0 3.7651
3 15 -57.6433 0 3.7651 -58.9187 0 5.4275 -57.6175 0 3.665
4 15 -57.5867 0 3.5511 -57.6175 0 3.665 -58.9187 0 5.4275 -57.575 0 3.4338
3 15 -58.9187 0 5.4275 -57.5838 0 3.3214 -57.575 0 3.4338
3 15 -59.5159 0 3.2839 -59.0044 0 5.4247 -59.7472 0 3.5953
4 15 -59.0044 0 5.4247 -59.5159 0 3.2839 -59.4033 0 3.0822 -59.2577 0 2.8401
4 15 -57.6569 0 3.0908 -57.6118 0 3.2084 -59.0044 0 5.4247 -57.6962 0 2.9968
4 15 -59.0044 0 5.4247 -59.2577 0 2.8401 -59.1528 0 2.7224 -59.0431 0 2.6374
4 15 -59.0044 0 5.4247 -59.0431 0 2.6374 -58.9476 0 2.5887 -58.8477 0 2.5584
4 15 -59.0044 0 5.4247 -58.8477 0 2.5584 -58.7307 0 2.5453 -58.6247 0 2.5512
4 15 -57.6962 0 2.9968 -59.0044 0 5.4247 -58.6247 0 2.5512 -57.7212 0 2.9177
4 15 -42.8396 0 5.4072 -44.1337 0 4.1446 -44.1164 0 4.1265 -42.7738 0 5.2977
3 15 -44.118 0 5.3959 -44.1131 0 5.3947 -44.1191 0 5.4028
4 15 -47.0253 0 5.3892 -47.0462 0 5.3885 -47.0406 0 5.382 -47.0258 0 5.3823
4 15 -47.0295 0 5.3784 -47.0258 0 5.3823 -47.0406 0 5.382 -47.0343 0 5.3776
4 15 -46.8265 0 4.8132 -48.8174 0 5.3781 -46.9585 0 4.0378 -46.9296 0 4.0829
4 15 -43.8622 0 5.3433 -43.9632 0 5.1655 -44.2607 0 4.1375 -44.1906 0 4.1649
3 15 -44.1906 0 4.1649 -44.1789 0 4.1658 -43.8622 0 5.3433
4 15 -42.7738 0 5.2977 -44.1164 0 4.1265 -44.0896 0 4.0872 -42.6367 0 4.9889
4 15 -45.8987 0 5.2752 -46.0111 0 5.0879 -45.1071 0 4.1491 -44.8952 0 5.0225
4 15 -47.1355 0 3.7364 -48.9854 0 5.1806 -49.1238 0 4.944 -47.1539 0 3.6862
3 15 -43.9632 0 5.1655 -44.0556 0 5.0534 -44.2607 0 4.1375
3 15 -46.0111 0 5.0879 -46.1157 0 4.9668 -45.1071 0 4.1491
3 15 -44.0556 0 5.0534 -44.1479 0 4.9728 -44.2607 0 4.1375
3 15 -44.8952 0 5.0225 -45.1071 0 4.1491 -44.7852 0 4.9434
4 15 -42.6367 0 4.9889 -44.0896 0 4.0872 -44.054 0 4.0116 -42.5502 0 4.623
3 15 -44.2406 0 4.9163 -44.2607 0 4.1375 -44.1479 0 4.9728
4 15 -45.1071 0 4.1491 -46.1157 0 4.9668 -46.2198 0 4.8802 -45.7378 0 4.1034
4 15 -47.1539 0 3.6862 -49.1238 0 4.944 -49.2306 0 4.6572 -47.1624 0 3.6481
3 15 -45.1071 0 4.1491 -44.6821 0 4.894 -44.7852 0 4.9434
3 15 -44.3355 0 4.8793 -44.2607 0 4.1375 -44.2406 0 4.9163
4 15 -44.5839 0 4.8667 -44.6821 0 4.894 -45.1071 0 4.1491 -44.3537 0 4.07
3 15 -46.2198 0 4.8802 -46.3236 0 4.8202 -45.7378 0 4.1034
4 15 -44.2607 0 4.1375 -44.3355 0 4.8793 -44.44 0 4.8597 -44.3199 0 4.0997
4 15 -44.3199 0 4.0997 -44.4785 0 4.8578 -44.5839 0 4.8667 -44.3537 0 4.07
3 15 -44.4785 0 4.8578 -44.3199 0 4.0997 -44.44 0 4.8597
4 15 -45.7378 0 4.1034 -46.3236 0 4.8202 -46.4289 0 4.7818 -46.7304 0 4.0993
4 15 -46.8509 0 4.1641 -46.7098 0 4.7767 -46.8265 0 4.8132 -46.8585 0 4.161
3 15 -46.8265 0 4.8132 -46.8696 0 4.154 -46.8585 0 4.161
3 15 -46.8265 0 4.8132 -46.8877 0 4.1374 -46.8696 0 4.154
3 15 -46.8265 0 4.8132 -46.9296 0 4.0829 -46.8877 0 4.1374
4 15 -46.4289 0 4.7818 -46.5438 0 4.763 -46.7701 0 4.1486 -46.7564 0 4.1372
3 15 -46.4289 0 4.7818 -46.7564 0 4.1372 -46.7435 0 4.1221
3 15 -46.4289 0 4.7818 -46.7435 0 4.1221 -46.7304 0 4.0993
4 15 -46.7098 0 4.7767 -46.8233 0 4.1659 -46.8035 0 4.1632 -46.5873 0 4.7625
3 15 -46.8452 0 4.1652 -46.8233 0 4.1659 -46.7098 0 4.7767
3 15 -46.8509 0 4.1641 -46.8452 0 4.1652 -46.7098 0 4.7767
4 15 -46.5438 0 4.763 -46.5873 0 4.7625 -46.7857 0 4.1573 -46.7701 0 4.1486
3 15 -46.8035 0 4.1632 -46.7857 0 4.1573 -46.5873 0 4.7625
4 15 -47.1624 0 3.6481 -49.2306 0 4.6572 -49.2862 0 4.3632 -47.1638 0 3.6194
4 15 -42.5502 0 4.623 -44.054 0 4.0116 -44.0364 0 3.961 -42.532 0 4.2013
4 15 -47.1638 0 3.6194 -49.2862 0 4.3632 -49.29 0 4.0164 -47.1613 0 3.6019
4 15 -42.532 0 4.2013 -44.0364 0 3.961 -44.0079 0 3.8338 -42.557 0 3.9366
4 15 -56.8444 0 4.1285 -56.9492 0 4.1772 -56.9972 0 4.1223 -57.0492 0 4.035
4 15 -56.8444 0 4.1285 -57.0492 0 4.035 -57.1031 0 3.8907 -57.1506 0 3.6342
4 15 -56.6412 0 3.9957 -56.8444 0 4.1285 -57.1506 0 3.6342 -57.16 0 3.2195
3 15 -45.7378 0 4.1034 -46.7304 0 4.0993 -46.7195 0 4.0689
4 15 -45.7378 0 4.1034 -46.7195 0 4.0689 -46.7122 0 4.0275 -46.6955 0 3.9706
4 15 -46.9585 0 4.0378 -48.8174 0 5.3781 -48.9854 0 5.1806 -47.1355 0 3.7364
3 15 -46.6955 0 3.9706 -46.7122 0 4.0275 -46.7125 0 3.971
4 15 -47.1613 0 3.6019 -49.29 0 4.0164 -49.2271 0 3.6722 -47.1568 0 3.5881
4 15 -56.4765 0 3.8377 -56.6412 0 3.9957 -57.16 0 3.2195 -56.3335 0 3.6413
4 15 -42.557 0 3.9366 -44.0079 0 3.8338 -44.0048 0 3.7807 -42.6356 0 3.5926
4 15 -42.6356 0 3.5926 -44.0048 0 3.7807 -44.0065 0 3.7633 -42.7462 0 3.3306
4 15 -42.7462 0 3.3306 -44.0065 0 3.7633 -44.0094 0 3.752 -42.883 0 3.1243
4 15 -42.883 0 3.1243 -44.0094 0 3.752 -44.012 0 3.7461 -43.0321 0 2.9724
4 15 -43.0321 0 2.9724 -44.012 0 3.7461 -44.0154 0 3.7417 -43.1816 0 2.8673
4 15 -44.0766 0 3.7346 -44.306 0 3.7433 -44.336 0 3.7384 -44.373 0 3.7256
4 15 -44.0154 0 3.7417 -44.0196 0 3.7387 -43.3431 0 2.793 -43.1816 0 2.8673
4 15 -44.0196 0 3.7387 -44.0261 0 3.7367 -44.9068 0 3.2258 -43.7785 0 1.7948
3 15 -43.453 0 2.7643 -43.3431 0 2.793 -44.0196 0 3.7387
4 15 -43.453 0 2.7643 -44.0196 0 3.7387 -43.7785 0 1.7948 -43.7745 0 1.8056
4 15 -44.4748 0 3.6615 -44.9068 0 3.2258 -44.0261 0 3.7367 -44.4216 0 3.6996
3 15 -44.0348 0 3.7354 -44.05 0 3.7345 -44.4216 0 3.6996
4 15 -44.05 0 3.7345 -44.0766 0 3.7346 -44.373 0 3.7256 -44.4216 0 3.6996
4 15 -46.7512 0 3.7131 -46.8782 0 3.71 -46.9916 0 3.5895 -46.5836 0 3.6892
4 15 -46.4219 0 3.6366 -46.5836 0 3.6892 -46.9916 0 3.5895 -46.2588 0 3.548
4 15 -47.1568 0 3.5881 -49.2271 0 3.6722 -49.1003 0 3.3514 -47.1506 0 3.5764
4 15 -56.2121 0 3.3884 -56.3335 0 3.6413 -57.16 0 3.2195 -56.132 0 3.0831
4 15 -46.9916 0 3.5895 -47.0321 0 3.5593 -45.8 0 1.88 -46.0432 0 3.3667
3 15 -46.0432 0 3.3667 -46.2588 0 3.548 -46.9916 0 3.5895
4 15 -47.1506 0 3.5764 -49.1003 0 3.3514 -48.9969 0 3.1759 -47.1418 0 3.5655
4 15 -47.1418 0 3.5655 -48.9969 0 3.1759 -48.7807 0 2.9112 -47.1377 0 3.5615
4 15 -47.1377 0 3.5615 -48.7807 0 2.9112 -48.502 0 2.6766 -47.1248 0 3.5518
3 15 -45.8 0 1.88 -47.0321 0 3.5593 -47.0561 0 3.5474
4 15 -47.1248 0 3.5518 -48.502 0 2.6766 -48.1263 0 2.4642 -47.113 0 3.5459
3 15 -47.0561 0 3.5474 -47.0737 0 3.5424 -45.8 0 1.88
4 15 -47.113 0 3.5459 -48.1263 0 2.4642 -48.1075 0 2.4519 -47.1002 0 3.5422
3 15 -47.0878 0 3.5411 -45.8 0 1.88 -47.0737 0 3.5424
4 15 -47.1002 0 3.5422 -48.1075 0 2.4519 -48.0973 0 2.4425 -45.8 0 1.88
3 15 -47.0878 0 3.5411 -47.1002 0 3.5422 -45.8 0 1.88
3 15 -45.8 0 1.88 -45.7851 0 3.1622 -46.0432 0 3.3667
4 15 -44.9068 0 3.2258 -45.0628 0 3.0965 -43.7803 0 1.7845 -43.7785 0 1.7948
3 15 -56.132 0 3.0831 -57.16 0 3.2195 -57.1555 0 3.1565
3 15 -45.6184 0 3.0678 -45.7851 0 3.1622 -45.8 0 1.88
3 15 -56.132 0 3.0831 -57.1555 0 3.1565 -57.1556 0 3.0969
4 15 -56.132 0 3.0831 -57.1556 0 3.0969 -57.166 0 3.0438 -56.1103 0 2.751
4 15 -45.0628 0 3.0965 -45.151 0 3.0455 -43.7802 0 1.7743 -43.7803 0 1.7845
3 15 -45.8 0 1.88 -45.5004 0 3.025 -45.6184 0 3.0678
4 15 -45.151 0 3.0455 -45.221 0 3.0213 -43.7783 0 1.7649 -43.7802 0 1.7743
4 15 -56.1103 0 2.751 -57.166 0 3.0438 -57.1858 0 2.9928 -56.1525 0 2.4076
3 15 -45.8 0 1.88 -45.3989 0 3.0066 -45.5004 0 3.025
4 15 -45.221 0 3.0213 -45.3077 0 3.0062 -45.8 0 1.88 -43.7783 0 1.7649
3 15 -45.3077 0 3.0062 -45.3989 0 3.0066 -45.8 0 1.88
4 15 -59.6916 0 2.6454 -59.9365 0 3.0042 -60.1442 0 2.7389 -60.2645 0 2.5079
4 15 -56.1525 0 2.4076 -57.1858 0 2.9928 -57.2151 0 2.9433 -56.2641 0 2.0582
4 15 -56.2641 0 2.0582 -57.2151 0 2.9433 -57.2586 0 2.8911 -56.4528 0 1.7114
3 15 -57.7271 0 2.8718 -57.7212 0 2.9177 -58.6247 0 2.5512
3 15 -56.4528 0 1.7114 -57.2586 0 2.8911 -57.3322 0 2.8286
3 15 -58.6247 0 2.5512 -57.7255 0 2.8399 -57.7271 0 2.8718
4 15 -57.7184 0 2.8088 -57.7255 0 2.8399 -58.6247 0 2.5512 -58.4568 0 2.3772
4 15 -56.4528 0 1.7114 -57.3322 0 2.8286 -57.4286 0 2.7727 -56.69 0 1.4162
3 15 -58.4568 0 2.3772 -57.7058 0 2.7798 -57.7184 0 2.8088
3 15 -58.4568 0 2.3772 -57.685 0 2.7485 -57.7058 0 2.7798
3 15 -57.4644 0 2.7573 -56.69 0 1.4162 -57.4286 0 2.7727
4 15 -43.4117 0 2.6873 -43.453 0 2.7643 -43.7745 0 1.8056 -43.7674 0 1.8179
3 15 -57.5277 0 2.7367 -56.69 0 1.4162 -57.4644 0 2.7573
3 15 -58.4568 0 2.3772 -57.681 0 2.7442 -57.685 0 2.7485
3 15 -58.4568 0 2.3772 -57.6743 0 2.7388 -57.681 0 2.7442
3 15 -57.6743 0 2.7388 -58.4568 0 2.3772 -57.6648 0 2.7336
3 15 -57.5277 0 2.7367 -57.5919 0 2.7255 -56.69 0 1.4162
4 15 -57.651 0 2.7289 -57.6648 0 2.7336 -58.4568 0 2.3772 -56.69 0 1.4162
3 15 -56.69 0 1.4162 -57.6286 0 2.7253 -57.651 0 2.7289
3 15 -57.6286 0 2.7253 -56.69 0 1.4162 -57.5919 0 2.7255
4 15 -43.4609 0 2.0395 -43.3487 0 2.5267 -43.4117 0 2.6873 -43.5443 0 1.967
4 15 -43.7035 0 1.8688 -43.5443 0 1.967 -43.4117 0 2.6873 -43.7341 0 1.8501
3 15 -43.4117 0 2.6873 -43.7563 0 1.8312 -43.7341 0 1.8501
3 15 -43.4117 0 2.6873 -43.7674 0 1.8179 -43.7563 0 1.8312
4 15 -59.6916 0 2.6454 -60.2645 0 2.5079 -60.339 0 2.2616 -60.3621 0 2.0296
4 15 -59.5335 0 2.4259 -59.6916 0 2.6454 -60.3621 0 2.0296 -60.3488 0 1.8451
4 15 -55.2835 0 2.388 -55.531 0 2.6398 -55.6317 0 2.2128 -55.0862 0 2.0952
4 15 -43.4025 0 2.11 -43.3276 0 2.4216 -43.3487 0 2.5267 -43.4609 0 2.0395
3 15 -45.8 0 1.88 -48.0973 0 2.4425 -48.0906 0 2.4336
3 15 -45.8 0 1.88 -48.0906 0 2.4336 -48.0872 0 2.4267
3 15 -45.8 0 1.88 -48.0872 0 2.4267 -48.0854 0 2.4203
4 15 -59.5335 0 2.4259 -60.3488 0 1.8451 -60.2957 0 1.6268 -60.2007 0 1.4128
4 15 -59.4955 0 2.3881 -59.5335 0 2.4259 -60.2007 0 1.4128 -60.0602 0 1.2047
4 15 -43.3637 0 2.1781 -43.3252 0 2.3316 -43.3276 0 2.4216 -43.4025 0 2.11
3 15 -45.8 0 1.88 -48.0854 0 2.4203 -48.0847 0 2.4133
4 15 -45.8 0 1.88 -48.0847 0 2.4133 -48.0854 0 2.4059 -48.0441 0 1.5807
4 15 -48.0854 0 2.4059 -48.0879 0 2.3976 -48.0576 0 1.6061 -48.0441 0 1.5807
3 15 -48.0931 0 2.3874 -48.0576 0 1.6061 -48.0879 0 2.3976
4 15 -59.4279 0 2.34 -59.4955 0 2.3881 -60.0602 0 1.2047 -59.8601 0 0.9999
4 15 -48.0576 0 1.6061 -48.0931 0 2.3874 -48.1037 0 2.3738 -48.0859 0 1.6418
4 15 -58.4568 0 2.3772 -58.5705 0 2.3021 -57.0668 0 1.0915 -56.69 0 1.4162
4 15 -48.0859 0 1.6418 -48.1037 0 2.3738 -48.1269 0 2.353 -48.1291 0 1.6801
4 15 -48.1269 0 2.353 -48.1503 0 2.3367 -48.205 0 1.73 -48.1291 0 1.6801
4 15 -59.3055 0 2.2805 -59.4279 0 2.34 -59.8601 0 0.9999 -59.6141 0 0.8255
4 15 -48.1503 0 2.3367 -48.244 0 2.265 -48.2636 0 1.7683 -48.205 0 1.73
3 15 -43.3637 0 2.1781 -43.3384 0 2.2488 -43.3252 0 2.3316
4 15 -58.5705 0 2.3021 -58.6877 0 2.2525 -57.5717 0 0.8037 -57.0668 0 1.0915
4 15 -59.1412 0 2.2327 -59.3055 0 2.2805 -59.6141 0 0.8255 -59.3151 0 0.6856
4 15 -48.244 0 2.265 -48.3115 0 2.192 -48.3136 0 1.8122 -48.2636 0 1.7683
4 15 -58.6877 0 2.2525 -58.817 0 2.2224 -58.0104 0 0.6464 -57.5717 0 0.8037
4 15 -59.1412 0 2.2327 -59.3151 0 0.6856 -58.9679 0 0.5946 -58.9615 0 2.2131
4 15 -58.817 0 2.2224 -58.9615 0 2.2131 -58.4435 0 0.5724 -58.0104 0 0.6464
4 15 -58.9615 0 2.2131 -58.9679 0 0.5946 -58.844 0 0.5776 -58.4435 0 0.5724
4 15 -55.0862 0 2.0952 -55.6317 0 2.2128 -55.8101 0 1.8007 -54.9141 0 1.7172
4 15 -48.3136 0 1.8122 -48.3115 0 2.192 -48.3531 0 2.1279 -48.3475 0 1.8536
4 15 -48.3531 0 2.1279 -48.3767 0 2.0727 -48.3902 0 1.9777 -48.3847 0 1.9374
4 15 -48.3531 0 2.1279 -48.3847 0 1.9374 -48.3707 0 1.8952 -48.3475 0 1.8536
3 15 -48.3902 0 1.9777 -48.3767 0 2.0727 -48.3885 0 2.0206
4 15 -41.6906 0 1.9495 -43.0723 0 1.9461 -40.8991 0 -0.7578 -40.6516 0 1.6709
4 15 -43.0723 0 1.9461 -43.281 0 1.8166 -41.6766 0 -1.0631 -40.8991 0 -0.7578
3 15 -43.7742 0 1.7547 -43.7783 0 1.7649 -45.8 0 1.88
3 15 -43.768 0 1.7449 -43.7742 0 1.7547 -45.8 0 1.88
3 15 -43.7586 0 1.7345 -43.768 0 1.7449 -45.8 0 1.88
4 15 -43.749 0 1.7267 -43.7586 0 1.7345 -45.8 0 1.88 -43.5942 0 -1.4959
3 15 -45.8 0 1.88 -48.0441 0 1.5807 -48.0367 0 1.5578
3 15 -45.8 0 1.88 -48.0367 0 1.5578 -48.0336 0 1.5344
4 15 -45.8 0 1.88 -48.0336 0 1.5344 -48.0351 0 1.5104 -46.7614 0 -1.6279
4 15 -45.8 0 1.88 -46.7614 0 -1.6279 -45.9805 0 -1.654 -43.5942 0 -1.4959
3 15 -43.5116 0 1.7252 -41.6766 0 -1.0631 -43.281 0 1.8166
4 15 -55.8101 0 1.8007 -56.0823 0 1.383 -54.7867 0 0.8484 -54.8106 0 1.2955
3 15 -55.8101 0 1.8007 -54.8106 0 1.2955 -54.9141 0 1.7172
4 15 -54.2137 0 1.7223 -54.307 0 1.7525 -54.2372 0 1.1059 -54.1138 0 1.6683
3 15 -43.5942 0 -1.4959 -43.7307 0 1.716 -43.749 0 1.7267
4 15 -41.6766 0 -1.0631 -43.5116 0 1.7252 -43.6197 0 1.7011 -43.5942 0 -1.4959
3 15 -43.7053 0 1.7065 -43.7307 0 1.716 -43.5942 0 -1.4959
3 15 -43.6716 0 1.7003 -43.7053 0 1.7065 -43.5942 0 -1.4959
4 15 -49.844 0 1.7013 -50.6559 0 1.5741 -50.8822 0 1.001 -49.2657 0 1.6872
3 15 -43.6197 0 1.7011 -43.6308 0 1.7 -43.5942 0 -1.4959
3 15 -43.6308 0 1.7 -43.6716 0 1.7003 -43.5942 0 -1.4959
4 15 -49.2657 0 1.6872 -50.8822 0 1.001 -50.4683 0 0.378 -48.8573 0 1.6048
4 15 -40.4363 0 1.5826 -40.6516 0 1.6709 -40.8991 0 -0.7578 -40.0327 0 1.3621
4 15 -53.9693 0 1.5582 -54.1138 0 1.6683 -54.2372 0 1.1059 -53.7544 0 1.335
4 15 -48.4697 0 1.4532 -48.8573 0 1.6048 -50.4683 0 0.378 -50.146 0 -0.3463
3 15 -50.8822 0 1.001 -50.6559 0 1.5741 -51.2665 0 1.4
4 15 -48.0351 0 1.5104 -48.0412 0 1.4862 -48.5941 0 -1.3482 -46.7614 0 -1.6279
3 15 -48.5941 0 -1.3482 -48.0412 0 1.4862 -48.0498 0 1.466
4 15 -52.5112 0 1.3244 -52.9622 0 1.472 -52.4698 0 0.3256 -51.9915 0 1.0674
3 15 -48.0617 0 1.4467 -48.5941 0 -1.3482 -48.0498 0 1.466
4 15 -48.4624 0 1.4496 -48.4697 0 1.4532 -50.146 0 -0.3463 -49.99 0 -0.865
3 15 -49.99 0 -0.865 -48.3419 0 1.4036 -48.4624 0 1.4496
4 15 -48.0617 0 1.4467 -48.0774 0 1.4294 -49.99 0 -0.865 -48.5941 0 -1.3482
3 15 -49.99 0 -0.865 -48.0774 0 1.4294 -48.0964 0 1.4148
3 15 -49.99 0 -0.865 -48.0964 0 1.4148 -48.1222 0 1.4014
3 15 -48.2501 0 1.3866 -48.3419 0 1.4036 -49.99 0 -0.865
3 15 -49.99 0 -0.865 -48.1222 0 1.4014 -48.1524 0 1.3919
3 15 -49.99 0 -0.865 -48.1524 0 1.3919 -48.2008 0 1.3854
3 15 -48.2008 0 1.3854 -48.2501 0 1.3866 -49.99 0 -0.865
4 15 -56.0823 0 1.383 -56.4438 0 0.9896 -54.8484 0 0.3889 -54.7867 0 0.8484
4 15 -39.8126 0 1.1839 -40.0327 0 1.3621 -40.8991 0 -0.7578 -39.7417 0 1.1077
4 15 -53.3959 0 0.803 -53.7544 0 1.335 -54.2372 0 1.1059 -54.2865 0 0.4922
4 15 -39.654 0 0.9863 -39.7417 0 1.1077 -40.8991 0 -0.7578 -39.5966 0 0.8703
4 15 -51.5577 0 0.7486 -51.9915 0 1.0674 -52.4698 0 0.3256 -51.1865 0 0.3522
4 15 -56.4438 0 0.9896 -56.9533 0 0.5983 -55.4288 0 -0.7683 -55.0089 0 -0.0911
3 15 -55.0089 0 -0.0911 -54.8484 0 0.3889 -56.4438 0 0.9896
3 15 -38.7969 0 0.8723 -39.0325 0 0.9657 -38.9854 0 0.8511
4 15 -38.7969 0 0.8723 -38.9854 0 0.8511 -38.9456 0 0.671 -38.454 0 0.6687
4 15 -39.5625 0 0.7534 -39.5966 0 0.8703 -40.8991 0 -0.7578 -39.5503 0 0.6282
4 15 -53.1127 0 0.1682 -53.3959 0 0.803 -54.2865 0 0.4922 -54.4418 0 -0.0774
4 15 -38.454 0 0.6687 -38.9456 0 0.671 -38.937 0 0.4793 -38.158 0 0.419
4 15 -39.5612 0 0.5052 -39.5503 0 0.6282 -40.8991 0 -0.7578 -39.581 0 0.4207
4 15 -56.9533 0 0.5983 -57.5344 0 0.3026 -56.0467 0 -1.332 -55.7487 0 -1.108
3 15 -55.7487 0 -1.108 -55.4288 0 -0.7683 -56.9533 0 0.5983
4 15 -59.9038 0 0.4164 -60.0955 0 0.5435 -59.8862 0 -0.1139 -59.6377 0 -0.5777
3 15 -38.937 0 0.4793 -38.9466 0 0.3918 -38.158 0 0.419
4 15 -39.6406 0 0.2671 -39.581 0 0.4207 -40.8991 0 -0.7578 -39.7481 0 0.0888
4 15 -38.158 0 0.419 -38.9466 0 0.3918 -38.9603 0 0.3406 -38.6975 0 0.078
4 15 -37.9259 0 0.1484 -38.158 0 0.419 -38.6975 0 0.078 -38.4636 0 -0.1947
4 15 -59.4889 0 0.2216 -59.9038 0 0.4164 -59.6377 0 -0.5777 -59.3199 0 -0.9731
4 15 -51.1865 0 0.3522 -52.4698 0 0.3256 -52.2787 0 -0.5242 -50.8868 0 -0.1221
4 15 -57.5344 0 0.3026 -58.0786 0 0.1403 -56.9242 0 -1.6734 -56.4314 0 -1.5272
3 15 -57.5344 0 0.3026 -56.4314 0 -1.5272 -56.0467 0 -1.332
4 15 -59.0788 0 0.1159 -59.4889 0 0.2216 -59.3199 0 -0.9731 -58.9679 0 -1.2713
4 15 -52.9335 0 -0.5395 -53.1127 0 0.1682 -54.4418 0 -0.0774 -52.8919 0 -1.0799
4 15 -37.7419 0 -0.1601 -37.9259 0 0.1484 -38.4636 0 -0.1947 -38.2202 0 -0.606
4 15 -58.0786 0 0.1403 -58.5844 0 0.0821 -57.9157 0 -1.6922 -57.4282 0 -1.727
3 15 -58.0786 0 0.1403 -57.4282 0 -1.727 -56.9242 0 -1.6734
4 15 -59.0788 0 0.1159 -58.9679 0 -1.2713 -58.5831 0 -1.491 -58.5844 0 0.0821
4 15 -40.2754 0 -0.4049 -39.9317 0 -0.1235 -39.7481 0 0.0888 -40.8991 0 -0.7578
4 15 -58.5844 0 0.0821 -58.5831 0 -1.491 -58.1606 0 -1.6408 -57.9157 0 -1.6922
4 15 -52.8919 0 -1.0799 -54.4418 0 -0.0774 -54.7362 0 -0.6721 -52.9416 0 -1.6127
4 15 -50.8868 0 -0.1221 -52.2787 0 -0.5242 -52.2488 0 -1.296 -50.6648 0 -0.6761
4 15 -37.6271 0 -0.4655 -37.7419 0 -0.1601 -38.2202 0 -0.606 -38.0096 0 -1.1771
4 15 -38.895 0 -0.864 -39.2358 0 -0.3348 -39.4747 0 -0.5767 -38.6425 0 -1.4139
4 15 -37.5665 0 -0.8025 -37.6271 0 -0.4655 -38.0096 0 -1.1771 -37.5698 0 -1.1723
4 15 -39.4747 0 -0.5767 -39.9672 0 -0.9238 -38.4743 0 -2.3297 -38.5133 0 -1.8913
3 15 -39.4747 0 -0.5767 -38.5133 0 -1.8913 -38.6425 0 -1.4139
4 15 -54.7362 0 -0.6721 -55.1676 0 -1.2208 -53.0636 0 -2.0509 -52.9416 0 -1.6127
4 15 -50.5163 0 -1.3887 -50.6648 0 -0.6761 -52.2488 0 -1.296 -52.3402 0 -1.9216
4 15 -39.9672 0 -0.9238 -41.0261 0 -1.4207 -38.5158 0 -2.7541 -38.4743 0 -2.3297
4 15 -37.5698 0 -1.1723 -38.0096 0 -1.1771 -37.8739 0 -1.9274 -37.6471 0 -1.5719
4 15 -55.1676 0 -1.2208 -55.5656 0 -1.5712 -54.3575 0 -3.5295 -53.9845 0 -3.2699
4 15 -53.2634 0 -2.4647 -53.0636 0 -2.0509 -55.1676 0 -1.2208 -53.551 0 -2.8548
3 15 -53.551 0 -2.8548 -55.1676 0 -1.2208 -53.9845 0 -3.2699
4 15 -50.4932 0 -2.4985 -50.5163 0 -1.3887 -52.3402 0 -1.9216 -52.544 0 -2.5189
4 15 -41.0261 0 -1.4207 -43.0106 0 -1.9698 -38.6174 0 -3.1122 -38.5158 0 -2.7541
3 15 -49.852 0 -1.5618 -49.8466 0 -2.2486 -48.9971 0 -1.8463
4 15 -55.5656 0 -1.5712 -56.1002 0 -1.8991 -54.8525 0 -3.7633 -54.3575 0 -3.5295
3 15 -37.8739 0 -1.9274 -37.8602 0 -2.1093 -37.6471 0 -1.5719
3 15 -49.8466 0 -2.2486 -47.2316 0 -2.1731 -48.9971 0 -1.8463
4 15 -56.1002 0 -1.8991 -56.6856 0 -2.1203 -55.3582 0 -3.8933 -54.8525 0 -3.7633
4 15 -58.4526 0 -2.0847 -58.768 0 -1.966 -58.5997 0 -2.334 -58.3528 0 -2.695
3 15 -43.0106 0 -1.9698 -45.2008 0 -2.2282 -38.6174 0 -3.1122
4 15 -58.4526 0 -2.0847 -58.3528 0 -2.695 -57.9891 0 -3.0745 -57.8701 0 -2.2102
4 15 -56.6856 0 -2.1203 -57.27 0 -2.2217 -56.3902 0 -3.8712 -55.8596 0 -3.9281
3 15 -55.8596 0 -3.9281 -55.3582 0 -3.8933 -56.6856 0 -2.1203
4 15 -47.2316 0 -2.1731 -49.8466 0 -2.2486 -38.6174 0 -3.1122 -45.2008 0 -2.2282
4 15 -57.8701 0 -2.2102 -57.9891 0 -3.0745 -57.5004 0 -3.4353 -57.27 0 -2.2217
4 15 -37.2169 0 -2.2522 -37.2573 0 -2.2188 -37.4897 0 -2.7516 -37.1616 0 -2.3151
4 15 -57.27 0 -2.2217 -57.5004 0 -3.4353 -56.9096 0 -3.7236 -56.3902 0 -3.8712
4 15 -49.8466 0 -2.2486 -50.0007 0 -3.168 -40.2194 0 -4.8089 -39.5384 0 -4.337
4 15 -38.8025 0 -3.4973 -38.6174 0 -3.1122 -49.8466 0 -2.2486 -39.093 0 -3.9012
3 15 -49.8466 0 -2.2486 -39.5384 0 -4.337 -39.093 0 -3.9012
4 15 -37.0775 0 -2.4351 -37.1616 0 -2.3151 -37.4897 0 -2.7516 -36.8646 0 -2.8539
4 15 -50.6044 0 -3.2218 -50.4932 0 -2.4985 -52.544 0 -2.5189 -52.8401 0 -3.04
4 15 -36.6955 0 -3.3997 -36.8646 0 -2.8539 -37.4897 0 -2.7516 -37.9491 0 -4.0895
3 15 -37.9491 0 -4.0895 -37.4897 0 -2.7516 -38.038 0 -3.5737
4 15 -52.8401 0 -3.04 -53.2217 0 -3.4932 -51.2723 0 -4.51 -51.0462 0 -4.2252
4 15 -50.7919 0 -3.7701 -50.6044 0 -3.2218 -52.8401 0 -3.04 -51.0462 0 -4.2252
4 15 -50.0007 0 -3.168 -50.3618 0 -4.1824 -45.7053 0 -6.028 -43.5509 0 -5.8873
4 15 -41.5467 0 -5.4069 -40.2194 0 -4.8089 -50.0007 0 -3.168 -43.5509 0 -5.8873
4 15 -36.6385 0 -3.8643 -36.6955 0 -3.3997 -37.9491 0 -4.0895 -37.7674 0 -4.4922
4 15 -53.2217 0 -3.4932 -53.6486 0 -3.8518 -52.7866 0 -5.3449 -52.4761 0 -5.2653
4 15 -51.6105 0 -4.8206 -51.2723 0 -4.51 -53.2217 0 -3.4932 -52.0085 0 -5.0734
3 15 -52.4761 0 -5.2653 -52.0085 0 -5.0734 -53.2217 0 -3.4932
3 15 -38.038 0 -3.5737 -38.1812 0 -3.7487 -37.9491 0 -4.0895
4 15 -53.6486 0 -3.8518 -54.2605 0 -4.1999 -53.319 0 -5.4078 -52.7866 0 -5.3449
4 15 -36.6545 0 -4.2084 -36.6385 0 -3.8643 -37.7674 0 -4.4922 -36.7197 0 -4.5148
4 15 -50.3618 0 -4.1824 -50.5645 0 -4.5708 -49.748 0 -5.1202 -48.7444 0 -5.5594
4 15 -50.3618 0 -4.1824 -48.7444 0 -5.5594 -47.2362 0 -5.9116 -45.7053 0 -6.028
4 15 -54.2605 0 -4.1999 -54.8919 0 -4.4146 -53.9787 0 -5.3703 -53.319 0 -5.4078
4 15 -38.4213 0 -4.7124 -38.5705 0 -4.3743 -39.0909 0 -4.8278 -38.3159 0 -5.1464
4 15 -54.8919 0 -4.4146 -55.5478 0 -4.5132 -54.988 0 -5.0542 -54.4769 0 -5.2576
3 15 -54.4769 0 -5.2576 -53.9787 0 -5.3703 -54.8919 0 -4.4146
4 15 -36.8381 0 -4.8073 -36.7197 0 -4.5148 -37.7674 0 -4.4922 -37.6336 0 -4.9991
4 15 -55.5478 0 -4.5132 -55.7238 0 -4.5198 -55.3905 0 -4.8104 -54.988 0 -5.0542
4 15 -37.012 0 -5.078 -36.8381 0 -4.8073 -37.6336 0 -4.9991 -37.2367 0 -5.3172
4 15 -39.0909 0 -4.8278 -40.0791 0 -5.4209 -38.3642 0 -6.3296 -38.2837 0 -5.7165
3 15 -39.0909 0 -4.8278 -38.2837 0 -5.7165 -38.3159 0 -5.1464
3 15 -37.5767 0 -5.566 -37.2367 0 -5.3172 -37.6336 0 -4.9991
4 15 -50.0615 0 -5.6642 -50.9972 0 -5.0613 -51.4397 0 -5.4421 -48.5026 0 -9.6665
4 15 -40.0791 0 -5.4209 -41.8297 0 -6.085 -38.8997 0 -7.5602 -38.5654 0 -6.9473
3 15 -38.3642 0 -6.3296 -40.0791 0 -5.4209 -38.5654 0 -6.9473
4 15 -48.5026 0 -9.6665 -51.4397 0 -5.4421 -51.916 0 -5.7214 -50.1452 0 -9.1102
4 15 -36.5059 0 -5.8048 -36.6677 0 -5.635 -36.8803 0 -5.8819 -36.2804 0 -6.1119
4 15 -48.9021 0 -6.1442 -50.0615 0 -5.6642 -48.5026 0 -9.6665 -46.4057 0 -10.0123
4 15 -50.1452 0 -9.1102 -51.916 0 -5.7214 -52.4459 0 -5.9228 -50.7915 0 -8.8004
4 15 -36.8803 0 -5.8819 -37.3485 0 -6.2702 -36.0259 0 -6.881 -36.0472 0 -6.7166
4 15 -36.1321 0 -6.4135 -36.2804 0 -6.1119 -36.8803 0 -5.8819 -36.0472 0 -6.7166
4 15 -52.4459 0 -5.9228 -53.2232 0 -6.0767 -53.1475 0 -6.4364 -53.0018 0 -6.7993
4 15 -52.4459 0 -5.9228 -53.0018 0 -6.7993 -52.7583 0 -7.2019 -52.2792 0 -7.7519
4 15 -52.4459 0 -5.9228 -52.2792 0 -7.7519 -51.4566 0 -8.406 -50.7915 0 -8.8004
4 15 -41.8297 0 -6.085 -43.9222 0 -6.508 -41.3898 0 -9.4137 -40.3756 0 -8.9251
4 15 -39.1076 0 -7.8424 -38.8997 0 -7.5602 -41.8297 0 -6.085 -39.6434 0 -8.3966
3 15 -40.3756 0 -8.9251 -39.6434 0 -8.3966 -41.8297 0 -6.085
4 15 -47.3016 0 -6.5029 -48.9021 0 -6.1442 -46.4057 0 -10.0123 -45.2702 0 -10.0518
4 15 -37.3485 0 -6.2702 -37.6425 0 -6.4442 -36.0289 0 -7.1745 -36.0259 0 -6.881
4 15 -37.6425 0 -6.4442 -37.7253 0 -6.4802 -36.087 0 -7.4816 -36.0289 0 -7.1745
4 15 -36.087 0 -7.4816 -37.7253 0 -6.4802 -37.8453 0 -6.9676 -36.2108 0 -7.8076
4 15 -45.3691 0 -6.6123 -47.3016 0 -6.5029 -45.2702 0 -10.0518 -43.0909 0 -9.8681
4 15 -43.9222 0 -6.508 -45.3691 0 -6.6123 -43.0909 0 -9.8681 -41.3898 0 -9.4137
4 15 -37.8453 0 -6.9676 -38.1049 0 -7.5476 -36.3586 0 -8.0679 -36.2108 0 -7.8076
4 15 -38.1049 0 -7.5476 -38.5262 0 -8.1649 -36.6375 0 -8.4192 -36.3586 0 -8.0679
4 15 -35.241 0 -8.0307 -35.5893 0 -7.8377 -35.8006 0 -8.2725 -34.9745 0 -8.2481
4 15 -52.1923 0 -8.6222 -52.8302 0 -8.092 -52.8837 0 -8.805 -52.8212 0 -9.3895
4 15 -38.5262 0 -8.1649 -38.6357 0 -8.2922 -37.0603 0 -8.7872 -36.6375 0 -8.4192
4 15 -34.766 0 -8.4946 -34.9745 0 -8.2481 -35.8006 0 -8.2725 -34.609 0 -8.7753
4 15 -34.609 0 -8.7753 -35.8006 0 -8.2725 -36.0833 0 -8.6555 -34.5105 0 -9.0745
4 15 -38.6357 0 -8.2922 -38.5548 0 -8.9005 -37.5383 0 -9.0678 -37.0603 0 -8.7872
4 15 -52.1923 0 -8.6222 -52.8212 0 -9.3895 -52.6525 0 -9.9541 -50.9531 0 -9.3822
4 15 -36.0833 0 -8.6555 -36.4426 0 -8.9959 -34.5681 0 -10.125 -34.4815 0 -9.7255
4 15 -34.4679 0 -9.3857 -34.5105 0 -9.0745 -36.0833 0 -8.6555 -34.4815 0 -9.7255
4 15 -38.0236 0 -9.2478 -37.5383 0 -9.0678 -38.5548 0 -8.9005 -38.5217 0 -9.3377
4 15 -39.2102 0 -8.9192 -40.2106 0 -9.5576 -39.3115 0 -10.125 -39.1861 0 -9.1389
3 15 -36.4426 0 -8.9959 -36.9451 0 -9.3264 -34.5681 0 -10.125
3 15 -39.1861 0 -9.1389 -39.3115 0 -10.125 -39.2015 0 -9.6104
4 15 -34.5681 0 -10.125 -36.9451 0 -9.3264 -37.5338 0 -9.5832 -38.5665 0 -10.125
4 15 -50.9531 0 -9.3822 -52.6525 0 -9.9541 -52.5846 0 -10.125 -50.2752 0 -9.6946
3 15 -40.2106 0 -9.5576 -41.5466 0 -10.125 -39.3115 0 -10.125
4 15 -38.5665 0 -10.125 -37.5338 0 -9.5832 -38.2834 0 -9.7757 -38.5693 0 -9.9993
3 15 -52.5846 0 -10.125 -50.0325 0 -10.125 -50.2752 0 -9.6946
3 15 -50.0325 0 -10.125 -49.1037 0 -10.125 -50.2752 0 -9.6946
3 15 -38.5487 0 -9.8155 -38.5693 0 -9.9993 -38.2834 0 -9.7757
0 // Border lines
4 16 -61.4576 0 10.0139 -61.6428 0 9.9946 -60.4045 0 9.1145 -61.2455 0 10.0008
4 16 -61.0478 0 9.9531 -61.2455 0 10.0008 -60.4045 0 9.1145 -60.8682 0 9.8746
4 16 -61.6428 0 9.9946 -61.8412 0 9.9356 -61.9779 0 9.8686 -62.0815 0 9.7946
4 16 -61.6428 0 9.9946 -62.0815 0 9.7946 -62.1654 0 9.7096 -62.2202 0 9.6297
4 16 -61.6428 0 9.9946 -62.2202 0 9.6297 -62.2579 0 9.5466 -62.28 0 9.4577
4 16 -61.6428 0 9.9946 -62.28 0 9.4577 -62.2855 0 9.368 -61.6127 0 9.2982
3 16 -61.4166 0 9.3901 -61.3509 0 9.3794 -61.6428 0 9.9946
3 16 -61.4662 0 9.3896 -61.4166 0 9.3901 -61.6428 0 9.9946
3 16 -61.5077 0 9.3817 -61.4662 0 9.3896 -61.6428 0 9.9946
3 16 -61.3509 0 9.3794 -61.2728 0 9.3538 -61.6428 0 9.9946
3 16 -61.5384 0 9.3696 -61.5077 0 9.3817 -61.6428 0 9.9946
3 16 -61.6428 0 9.9946 -61.5642 0 9.3538 -61.5384 0 9.3696
3 16 -61.6428 0 9.9946 -61.2728 0 9.3538 -61.2443 0 9.3414
4 16 -61.6428 0 9.9946 -61.2443 0 9.3414 -61.1126 0 9.266 -60.4045 0 9.1145
3 16 -61.5642 0 9.3538 -61.6428 0 9.9946 -61.5882 0 9.3321
3 16 -61.5882 0 9.3321 -61.6428 0 9.9946 -61.6082 0 9.3059
3 16 -61.6082 0 9.3059 -61.6428 0 9.9946 -61.6127 0 9.2982
3 16 -60.8682 0 9.8746 -60.4045 0 9.1145 -60.7165 0 9.7745
4 16 -60.4433 0 9.8121 -60.5843 0 9.8057 -60.4045 0 9.1145 -60.2753 0 9.79
3 16 -60.7165 0 9.7745 -60.4045 0 9.1145 -60.5843 0 9.8057
4 16 -60.0734 0 9.7263 -60.2753 0 9.79 -60.4045 0 9.1145 -60.3471 0 9.1037
4 16 -46.0542 0 9.7677 -46.3174 0 9.7482 -46.0319 0 8.9972 -45.7295 0 8.9758
4 16 -45.6644 0 9.7461 -46.0542 0 9.7677 -45.7295 0 8.9758 -45.5337 0 8.9266
4 16 -46.3174 0 9.7482 -46.7199 0 9.6624 -46.3127 0 8.9685 -46.0319 0 8.9972
4 16 -45.3043 0 9.6641 -45.6644 0 9.7461 -45.5337 0 8.9266 -45.4298 0 8.8799
3 16 -60.3471 0 9.1037 -60.2636 0 9.074 -60.0734 0 9.7263
4 16 -60.0734 0 9.7263 -60.2636 0 9.074 -60.1501 0 9.0115 -59.8286 0 9.5988
4 16 -45.0526 0 9.5565 -45.3043 0 9.6641 -45.4298 0 8.8799 -45.3743 0 8.8419
4 16 -46.7199 0 9.6624 -47.0225 0 9.54 -46.5119 0 8.9134 -46.3127 0 8.9685
4 16 -59.8286 0 9.5988 -60.1501 0 9.0115 -59.9932 0 8.8906 -59.5601 0 9.3967
3 16 -45.3743 0 8.8419 -45.3431 0 8.8109 -45.0526 0 9.5565
3 16 -45.3431 0 8.8109 -45.3268 0 8.7878 -45.0526 0 9.5565
3 16 -45.3268 0 8.7878 -45.3163 0 8.766 -45.0526 0 9.5565
4 16 -45.0526 0 9.5565 -45.3163 0 8.766 -45.31 0 8.7432 -44.8888 0 9.4506
4 16 -47.0225 0 9.54 -47.2196 0 9.417 -46.6502 0 8.8487 -46.5119 0 8.9134
4 16 -44.8888 0 9.4506 -45.31 0 8.7432 -44.7374 0 8.305 -44.7639 0 9.3369
4 16 -47.2196 0 9.417 -47.3537 0 9.2972 -46.7483 0 8.7804 -46.6502 0 8.8487
4 16 -59.5601 0 9.3967 -59.9932 0 8.8906 -59.7705 0 8.6612 -59.2041 0 9.022
4 16 -61.6127 0 9.2982 -62.2855 0 9.368 -62.4972 0 9.2136 -62.5916 0 9.1224
3 16 -61.1126 0 9.266 -61.2443 0 9.3414 -60.9243 0 9.1077
4 16 -44.6682 0 9.214 -44.7639 0 9.3369 -44.7374 0 8.305 -44.5945 0 9.0717
4 16 -61.6127 0 9.2982 -62.5916 0 9.1224 -62.6386 0 9.0581 -62.6732 0 8.9878
4 16 -61.6127 0 9.2982 -62.6732 0 8.9878 -61.8834 0 8.7934 -61.8276 0 8.8131
3 16 -61.6127 0 9.2982 -61.7701 0 8.8211 -61.724 0 8.818
3 16 -61.6127 0 9.2982 -61.7819 0 8.8205 -61.7701 0 8.8211
4 16 -61.6127 0 9.2982 -61.724 0 8.818 -61.6788 0 8.8065 -61.5602 0 9.2755
3 16 -61.7819 0 8.8205 -61.6127 0 9.2982 -61.8276 0 8.8131
4 16 -47.3537 0 9.2972 -47.4448 0 9.1818 -46.7793 0 8.7515 -46.7717 0 8.7597
3 16 -46.7483 0 8.7804 -47.3537 0 9.2972 -46.7717 0 8.7597
4 16 -61.5602 0 9.2755 -61.6788 0 8.8065 -61.6294 0 8.7839 -61.4685 0 9.2156
3 16 -60.4045 0 9.1145 -61.1126 0 9.266 -60.9243 0 9.1077
4 16 -61.4685 0 9.2156 -61.6294 0 8.7839 -61.5718 0 8.7443 -61.307 0 9.0655
4 16 -47.4448 0 9.1818 -47.5055 0 9.0688 -46.7836 0 8.7447 -46.7793 0 8.7515
3 16 -60.4045 0 9.1145 -60.9243 0 9.1077 -60.7707 0 8.9382
4 16 -60.4045 0 9.1145 -60.7707 0 8.9382 -60.2327 0 8.1681 -59.7553 0 8.0142
4 16 -44.5945 0 9.0717 -44.7374 0 8.305 -44.3164 0 8.0836 -44.0669 0 8.8324
4 16 -46.7876 0 8.7273 -47.5055 0 9.0688 -47.5352 0 8.984 -46.7867 0 8.7214
3 16 -46.7861 0 8.7387 -46.7836 0 8.7447 -47.5055 0 9.0688
4 16 -61.307 0 9.0655 -61.5718 0 8.7443 -61.4987 0 8.6727 -61.2175 0 8.9622
4 16 -59.2041 0 9.022 -59.7705 0 8.6612 -59.3833 0 8.1122 -58.777 0 8.3825
4 16 -62.6732 0 8.9878 -62.6946 0 8.9122 -61.954 0 8.7529 -61.8834 0 8.7934
4 16 -47.5352 0 8.984 -47.9723 0 8.779 -47.0868 0 8.3485 -46.772 0 8.6967
3 16 -47.5352 0 8.984 -46.7874 0 8.7331 -46.7861 0 8.7387
3 16 -47.5352 0 8.984 -46.7876 0 8.7273 -46.7874 0 8.7331
3 16 -46.7867 0 8.7214 -47.5352 0 8.984 -46.7847 0 8.7152
3 16 -46.7847 0 8.7152 -47.5352 0 8.984 -46.7802 0 8.707
3 16 -46.7802 0 8.707 -47.5352 0 8.984 -46.772 0 8.6967
4 16 -61.2175 0 8.9622 -61.4987 0 8.6727 -61.0398 0 8.0472 -60.6949 0 8.1476
4 16 -62.6946 0 8.9122 -62.7038 0 8.8186 -61.9922 0 8.7245 -61.954 0 8.7529
4 16 -44.0669 0 8.8324 -44.3164 0 8.0836 -43.987 0 7.8293 -43.5945 0 8.5021
4 16 -61.9922 0 8.7245 -62.7038 0 8.8186 -62.6943 0 8.6914 -62.6417 0 8.4785
4 16 -47.9723 0 8.779 -48.3688 0 8.4975 -47.4821 0 8.1719 -47.0868 0 8.3485
4 16 -57.9544 0 8.7788 -58.1275 0 8.7714 -57.9553 0 8.0895 -57.9038 0 8.082
4 16 -57.7686 0 8.752 -57.9544 0 8.7788 -57.9038 0 8.082 -57.8422 0 8.0617
4 16 -58.1275 0 8.7714 -58.2109 0 8.7565 -58.0024 0 8.0879 -57.9553 0 8.0895
4 16 -58.2109 0 8.7565 -58.3743 0 8.7045 -58.053 0 8.0766 -58.0024 0 8.0879
4 16 -57.5848 0 8.6899 -57.7686 0 8.752 -57.8422 0 8.0617 -57.7706 0 8.0243
3 16 -45.3084 0 8.7165 -44.7374 0 8.305 -45.31 0 8.7432
4 16 -61.8039 0 8.3652 -61.9922 0 8.7245 -62.6417 0 8.4785 -62.4404 0 8.0089
3 16 -44.7374 0 8.305 -45.3084 0 8.7165 -45.3113 0 8.6956
4 16 -58.3743 0 8.7045 -58.5262 0 8.6249 -58.1528 0 8.0214 -58.1025 0 8.0551
3 16 -58.1025 0 8.0551 -58.053 0 8.0766 -58.3743 0 8.7045
4 16 -46.7553 0 8.4323 -46.7549 0 8.6818 -46.772 0 8.6967 -47.0868 0 8.3485
3 16 -45.3174 0 8.6773 -44.7374 0 8.305 -45.3113 0 8.6956
4 16 -57.3848 0 8.5798 -57.5848 0 8.6899 -57.7706 0 8.0243 -57.6878 0 7.9652
3 16 -46.7166 0 8.6586 -46.7549 0 8.6818 -46.7553 0 8.4323
3 16 -44.7374 0 8.305 -45.3174 0 8.6773 -45.326 0 8.6613
3 16 -44.7374 0 8.305 -45.326 0 8.6613 -45.3357 0 8.6491
4 16 -46.6248 0 8.622 -46.7166 0 8.6586 -46.7553 0 8.4323 -46.465 0 8.4553
4 16 -44.7374 0 8.305 -45.3357 0 8.6491 -45.3465 0 8.6395 -45.3168 0 8.4901
3 16 -45.3465 0 8.6395 -45.3583 0 8.6323 -45.3168 0 8.4901
4 16 -45.3168 0 8.4901 -45.3583 0 8.6323 -45.3714 0 8.6273 -45.3947 0 8.507
3 16 -45.385 0 8.6247 -45.3947 0 8.507 -45.3714 0 8.6273
4 16 -58.1528 0 8.0214 -58.5262 0 8.6249 -58.66 0 8.5212 -58.2083 0 7.9693
3 16 -46.52 0 8.5966 -46.6248 0 8.622 -46.465 0 8.4553
4 16 -46.495 0 8.594 -46.52 0 8.5966 -46.465 0 8.4553 -46.4726 0 8.591
4 16 -46.445 0 8.4559 -46.4519 0 8.5844 -46.4726 0 8.591 -46.465 0 8.4553
4 16 -46.4024 0 8.4688 -46.4317 0 8.5738 -46.4519 0 8.5844 -46.411 0 8.464
4 16 -46.423 0 8.4598 -46.411 0 8.464 -46.4519 0 8.5844 -46.445 0 8.4559
4 16 -57.1367 0 8.3757 -57.3848 0 8.5798 -57.6878 0 7.9652 -57.5897 0 7.8793
4 16 -46.4132 0 8.5594 -46.4317 0 8.5738 -46.4024 0 8.4688 -46.3989 0 8.5433
4 16 -46.3906 0 8.5296 -46.3989 0 8.5433 -46.4024 0 8.4688 -46.386 0 8.518
4 16 -58.66 0 8.5212 -58.777 0 8.3825 -58.282 0 7.8725 -58.2083 0 7.9693
4 16 -46.384 0 8.5074 -46.386 0 8.518 -46.4024 0 8.4688 -46.3839 0 8.4993
4 16 -43.5945 0 8.5021 -43.987 0 7.8293 -43.7543 0 7.577 -43.2075 0 8.1085
4 16 -46.3851 0 8.4922 -46.3839 0 8.4993 -46.4024 0 8.4688 -46.3873 0 8.4859
4 16 -48.3688 0 8.4975 -48.7369 0 8.1262 -47.8241 0 7.9384 -47.4821 0 8.1719
4 16 -46.3851 0 8.4922 -46.4024 0 8.4688 -46.396 0 8.474 -46.391 0 8.4797
3 16 -46.445 0 8.4559 -46.465 0 8.4553 -46.7553 0 8.4323
3 16 -58.777 0 8.3825 -59.3833 0 8.1122 -59.05 0 7.4337
3 16 -58.777 0 8.3825 -58.3912 0 7.6636 -58.282 0 7.8725
3 16 -58.777 0 8.3825 -58.4593 0 7.4442 -58.3912 0 7.6636
4 16 -58.777 0 8.3825 -59.05 0 7.4337 -58.9992 0 6.879 -58.8738 0 6.314
3 16 -58.4593 0 7.4442 -58.777 0 8.3825 -58.4906 0 7.2038
3 16 -58.4906 0 7.2038 -58.777 0 8.3825 -58.4771 0 6.8932
4 16 -58.777 0 8.3825 -58.8738 0 6.314 -58.7777 0 5.6135 -58.6824 0 5.8452
4 16 -58.4423 0 6.1139 -58.4771 0 6.8932 -58.777 0 8.3825 -58.5208 0 6.0566
3 16 -58.6021 0 5.9696 -58.5208 0 6.0566 -58.777 0 8.3825
3 16 -58.6824 0 5.8452 -58.6021 0 5.9696 -58.777 0 8.3825
4 16 -57.0081 0 8.2192 -57.1367 0 8.3757 -57.5897 0 7.8793 -56.9408 0 8.0934
4 16 -61.8039 0 8.3652 -62.4404 0 8.0089 -62.3902 0 7.9116 -61.6645 0 8.0195
4 16 -59.3237 0 7.1787 -59.7553 0 8.0142 -60.2327 0 8.1681 -59.2892 0 7.0722
4 16 -59.2793 0 7.0057 -59.2892 0 7.0722 -60.2327 0 8.1681 -59.2803 0 6.957
4 16 -59.2877 0 6.9194 -59.2803 0 6.957 -60.2327 0 8.1681 -59.3007 0 6.8864
4 16 -59.3193 0 6.8574 -59.3007 0 6.8864 -60.2327 0 8.1681 -59.3425 0 6.8329
4 16 -59.372 0 6.811 -59.3425 0 6.8329 -60.2327 0 8.1681 -59.4111 0 6.791
3 16 -60.2327 0 8.1681 -59.4895 0 6.7678 -59.4111 0 6.791
3 16 -60.6949 0 8.1476 -61.0398 0 8.0472 -60.5837 0 7.2822
4 16 -60.6949 0 8.1476 -60.5837 0 7.2822 -60.3518 0 6.8142 -59.9221 0 6.6529
4 16 -48.7369 0 8.1262 -49.0555 0 7.6708 -48.1277 0 7.6379 -47.8241 0 7.9384
4 16 -43.2075 0 8.1085 -43.7543 0 7.577 -43.5575 0 7.2717 -42.9061 0 7.6617
4 16 -56.9051 0 7.9822 -56.9408 0 8.0934 -57.5897 0 7.8793 -56.8923 0 7.8879
4 16 -61.5917 0 8.0319 -61.6645 0 8.0195 -61.5849 0 7.7051 -61.5685 0 7.7078
4 16 -61.5173 0 8.0312 -61.5917 0 8.0319 -61.5685 0 7.7078 -61.5478 0 7.7075
4 16 -61.4336 0 8.0166 -61.5173 0 8.0312 -61.5478 0 7.7075 -61.516 0 7.7015
4 16 -61.6645 0 8.0195 -62.3902 0 7.9116 -62.3346 0 7.8079 -61.6322 0 7.6609
3 16 -61.5965 0 7.7009 -61.5849 0 7.7051 -61.6645 0 8.0195
3 16 -61.6071 0 7.6946 -61.5965 0 7.7009 -61.6645 0 8.0195
3 16 -61.6159 0 7.6869 -61.6071 0 7.6946 -61.6645 0 8.0195
3 16 -61.6242 0 7.6763 -61.6159 0 7.6869 -61.6645 0 8.0195
3 16 -61.6322 0 7.6609 -61.6242 0 7.6763 -61.6645 0 8.0195
4 16 -61.338 0 7.9834 -61.4336 0 8.0166 -61.516 0 7.7015 -61.4366 0 7.6726
4 16 -61.2298 0 7.9253 -61.338 0 7.9834 -61.4366 0 7.6726 -61.3642 0 7.6306
4 16 -61.102 0 7.8257 -61.2298 0 7.9253 -61.3642 0 7.6306 -61.2992 0 7.5758
4 16 -56.8961 0 7.7923 -56.8923 0 7.8879 -57.5897 0 7.8793 -56.9196 0 7.6902
4 16 -57.5897 0 7.8793 -57.6667 0 7.7045 -57.6453 0 6.2051 -57.4022 0 5.6124
4 16 -56.963 0 7.5905 -56.9196 0 7.6902 -57.5897 0 7.8793 -57.0538 0 7.4492
3 16 -57.0833 0 7.3421 -57.0538 0 7.4492 -57.5897 0 7.8793
3 16 -57.1081 0 7.0832 -57.0833 0 7.3421 -57.5897 0 7.8793
4 16 -57.0821 0 6.6914 -57.1081 0 7.0832 -57.5897 0 7.8793 -56.9492 0 4.1772
4 16 -57.5897 0 7.8793 -57.4022 0 5.6124 -57.299 0 5.2379 -56.9492 0 4.1772
4 16 -60.9924 0 7.7027 -61.102 0 7.8257 -61.2992 0 7.5758 -61.2424 0 7.5068
4 16 -61.6322 0 7.6609 -62.3346 0 7.8079 -62.3577 0 7.206 -61.6397 0 7.6365
4 16 -57.6667 0 7.7045 -57.7303 0 7.4579 -57.6685 0 6.2607 -57.6453 0 6.2051
4 16 -60.9233 0 7.5901 -60.9924 0 7.7027 -61.2424 0 7.5068 -61.2101 0 7.4503
4 16 -48.3589 0 7.3065 -48.1277 0 7.6379 -49.0555 0 7.6708 -49.3129 0 7.1194
4 16 -42.9061 0 7.6617 -43.5575 0 7.2717 -43.4206 0 6.9346 -42.7074 0 7.2069
4 16 -61.6456 0 7.588 -61.6397 0 7.6365 -62.3577 0 7.206 -62.3052 0 5.9551
4 16 -60.8851 0 7.4941 -60.9233 0 7.5901 -61.2101 0 7.4503 -61.1919 0 7.4008
4 16 -61.6541 0 6.3568 -61.6456 0 7.588 -62.3052 0 5.9551 -62.1702 0 5.3497
4 16 -60.8702 0 7.4277 -60.8851 0 7.4941 -61.1919 0 7.4008 -61.1867 0 7.373
4 16 -57.6685 0 6.2607 -57.7303 0 7.4579 -57.7731 0 6.9661 -57.7341 0 6.5084
4 16 -60.8702 0 7.4277 -61.1867 0 7.373 -61.114 0 6.8561 -60.7472 0 6.6704
4 16 -44.5851 0 7.3928 -44.629 0 7.3902 -44.602 0 7.136 -44.5725 0 7.1372
4 16 -44.5851 0 7.3928 -44.5725 0 7.1372 -44.503 0 7.1307 -44.4732 0 7.3845
4 16 -44.629 0 7.3902 -44.735 0 7.3677 -44.6631 0 7.123 -44.602 0 7.136
4 16 -44.4732 0 7.3845 -44.503 0 7.1307 -44.4364 0 7.1116 -44.3657 0 7.3558
4 16 -44.735 0 7.3677 -44.8316 0 7.3274 -44.7205 0 7.0994 -44.6631 0 7.123
4 16 -44.3657 0 7.3558 -44.4364 0 7.1116 -44.375 0 7.0809 -44.2662 0 7.3082
4 16 -46.5888 0 7.3449 -46.642 0 7.343 -46.621 0 7.088 -46.5891 0 7.0887
4 16 -46.5888 0 7.3449 -46.5891 0 7.0887 -46.5114 0 7.0802 -46.4694 0 7.333
4 16 -46.642 0 7.343 -46.759 0 7.3208 -46.6916 0 7.0745 -46.621 0 7.088
4 16 -46.4694 0 7.333 -46.5114 0 7.0802 -46.4373 0 7.0575 -46.3552 0 7.2994
4 16 -44.8316 0 7.3274 -44.9263 0 7.2667 -44.7794 0 7.0624 -44.7205 0 7.0994
4 16 -46.759 0 7.3208 -46.8665 0 7.2787 -46.7584 0 7.0486 -46.6916 0 7.0745
4 16 -44.2662 0 7.3082 -44.375 0 7.0809 -44.3177 0 7.037 -44.173 0 7.2395
4 16 -48.5485 0 6.8869 -48.3589 0 7.3065 -49.3129 0 7.1194 -49.4699 0 6.5133
4 16 -46.3552 0 7.2994 -46.4373 0 7.0575 -46.3692 0 7.0219 -46.2501 0 7.2458
4 16 -46.8665 0 7.2787 -46.973 0 7.2138 -46.8277 0 7.0071 -46.7584 0 7.0486
4 16 -44.9263 0 7.2667 -45.0208 0 7.1805 -44.8488 0 6.9998 -44.7794 0 7.0624
4 16 -46.2501 0 7.2458 -46.3692 0 7.0219 -46.306 0 6.9717 -46.1523 0 7.1697
4 16 -44.173 0 7.2395 -44.3177 0 7.037 -44.2683 0 6.991 -44.1092 0 7.1806
4 16 -46.973 0 7.2138 -47.0799 0 7.1209 -46.9011 0 6.945 -46.8277 0 7.0071
4 16 -42.7074 0 7.2069 -43.4206 0 6.9346 -43.3469 0 6.5577 -42.5974 0 6.7434
4 16 -44.1092 0 7.1806 -44.2683 0 6.991 -44.1844 0 6.8877 -43.9963 0 7.0434
4 16 -45.0208 0 7.1805 -45.1148 0 7.0612 -44.927 0 6.8981 -44.8488 0 6.9998
4 16 -46.1523 0 7.1697 -46.306 0 6.9717 -46.2528 0 6.9189 -46.0822 0 7.1005
4 16 -47.0799 0 7.1209 -47.1867 0 6.9916 -46.979 0 6.8542 -46.9011 0 6.945
4 16 -46.0822 0 7.1005 -46.2528 0 6.9189 -46.1699 0 6.8091 -45.9715 0 6.955
4 16 -45.1148 0 7.0612 -45.2152 0 6.8759 -45.0068 0 6.7427 -44.927 0 6.8981
4 16 -43.9963 0 7.0434 -44.1844 0 6.8877 -44.0947 0 6.7283 -43.8831 0 6.8444
4 16 -47.1867 0 6.9916 -47.3013 0 6.7898 -47.072 0 6.6987 -46.979 0 6.8542
4 16 -45.9715 0 6.955 -46.1699 0 6.8091 -46.0844 0 6.6434 -45.8645 0 6.7487
4 16 -58.3701 0 6.1487 -58.388 0 6.503 -58.4771 0 6.8932 -58.4423 0 6.1139
4 16 -48.6645 0 6.4057 -48.5485 0 6.8869 -49.4699 0 6.5133 -49.5082 0 5.9797
4 16 -45.2152 0 6.8759 -45.2913 0 6.6513 -45.0758 0 6.5138 -45.0068 0 6.7427
4 16 -60.7472 0 6.6704 -61.114 0 6.8561 -60.9156 0 6.0331 -60.6534 0 6.2771
4 16 -43.8831 0 6.8444 -44.0947 0 6.7283 -44.0129 0 6.4978 -43.7856 0 6.5719
4 16 -59.9221 0 6.6529 -60.3518 0 6.8142 -60.2162 0 6.6174 -60.1429 0 6.5428
4 16 -47.3013 0 6.7898 -47.387 0 6.5503 -47.1454 0 6.5097 -47.072 0 6.6987
4 16 -45.8645 0 6.7487 -46.0844 0 6.6434 -46.0116 0 6.4117 -45.7782 0 6.4746
4 16 -42.5974 0 6.7434 -43.3469 0 6.5577 -43.3465 0 6.158 -42.5732 0 6.2682
3 16 -57.0064 0 6.3856 -57.0821 0 6.6914 -56.9492 0 4.1772
4 16 -59.9221 0 6.6529 -60.1429 0 6.5428 -60.096 0 6.5096 -60.062 0 6.494
4 16 -59.9114 0 6.5297 -59.8795 0 6.5652 -59.9221 0 6.6529 -59.9379 0 6.5088
4 16 -59.9637 0 6.4951 -59.9379 0 6.5088 -59.9221 0 6.6529 -59.986 0 6.4882
4 16 -59.9221 0 6.6529 -60.062 0 6.494 -60.0355 0 6.4872 -60.0102 0 6.4854
3 16 -60.0102 0 6.4854 -59.986 0 6.4882 -59.9221 0 6.6529
4 16 -45.2913 0 6.6513 -45.3392 0 6.3598 -45.1071 0 6.2518 -45.0758 0 6.5138
4 16 -44.5975 0 6.6027 -44.6093 0 6.6018 -44.0667 0 5.8521 -44.0998 0 6.0733
4 16 -44.3558 0 6.5201 -44.536 0 6.6004 -44.5975 0 6.6027 -44.2935 0 6.4622
4 16 -44.2186 0 6.3632 -44.2935 0 6.4622 -44.5975 0 6.6027 -44.155 0 6.2409
3 16 -44.5975 0 6.6027 -44.0998 0 6.0733 -44.155 0 6.2409
4 16 -44.0667 0 5.8521 -44.6093 0 6.6018 -44.6658 0 6.5913 -44.723 0 6.5697
4 16 -44.4786 0 6.5872 -44.536 0 6.6004 -44.3558 0 6.5201 -44.421 0 6.5628
4 16 -43.7856 0 6.5719 -44.0129 0 6.4978 -43.9622 0 6.1887 -43.7253 0 6.206
4 16 -44.0667 0 5.8521 -44.723 0 6.5697 -44.7826 0 6.5343 -44.8455 0 6.4801
4 16 -47.1979 0 6.2599 -47.1454 0 6.5097 -47.387 0 6.5503 -47.4412 0 6.2464
4 16 -46.6105 0 6.509 -46.6619 0 6.5029 -47.0696 0 5.8887 -46.5492 0 6.5054
4 16 -46.4916 0 6.491 -46.5492 0 6.5054 -47.0696 0 5.8887 -46.4331 0 6.4649
4 16 -58.263 0 6.1767 -58.2587 0 6.1783 -58.388 0 6.503 -58.3027 0 6.1685
3 16 -58.3701 0 6.1487 -58.3027 0 6.1685 -58.388 0 6.503
4 16 -46.6619 0 6.5029 -46.718 0 6.4863 -47.0314 0 6.0789 -47.0696 0 5.8887
4 16 -47.0314 0 6.0789 -46.718 0 6.4863 -46.7752 0 6.4576 -46.8411 0 6.4076
4 16 -44.0667 0 5.8521 -44.8455 0 6.4801 -44.9113 0 6.3996 -44.9778 0 6.281
4 16 -45.7782 0 6.4746 -46.0116 0 6.4117 -45.9738 0 6.1115 -45.7337 0 6.119
4 16 -46.3659 0 6.4194 -46.4331 0 6.4649 -47.0696 0 5.8887 -46.3014 0 6.3575
4 16 -46.8411 0 6.4076 -46.9036 0 6.3389 -46.9744 0 6.2248 -47.0314 0 6.0789
4 16 -48.6645 0 6.4057 -49.5082 0 5.9797 -49.4935 0 5.7372 -48.697 0 5.8182
4 16 -56.838 0 6.0269 -57.0064 0 6.3856 -56.9492 0 4.1772 -56.6997 0 5.6207
4 16 -45.1037 0 6.0687 -45.1071 0 6.2518 -45.3392 0 6.3598 -45.34 0 6.05
4 16 -46.2241 0 6.2525 -46.3014 0 6.3575 -47.0696 0 5.8887 -47.0762 0 5.6907
4 16 -61.5735 0 5.7978 -61.6541 0 6.3568 -62.1702 0 5.3497 -61.9621 0 4.8648
4 16 -58.7777 0 5.6135 -58.8738 0 6.314 -58.9972 0 6.0176 -59.0473 0 5.8132
4 16 -44.0667 0 5.8521 -44.9778 0 6.281 -45.0346 0 6.1189 -45.0683 0 5.9295
4 16 -60.6534 0 6.2771 -60.9156 0 6.0331 -60.8276 0 5.8281 -60.5736 0 6.0501
4 16 -42.3693 0 6.0577 -42.5732 0 6.2682 -43.3465 0 6.158 -42.1256 0 5.7136
4 16 -47.209 0 6.0035 -47.1979 0 6.2599 -47.4412 0 6.2464 -47.4482 0 5.993
4 16 -46.1585 0 6.1221 -46.2241 0 6.2525 -47.0762 0 5.6907 -46.1029 0 5.9451
4 16 -43.7253 0 6.206 -43.9622 0 6.1887 -43.9578 0 6.0491 -43.7308 0 5.8436
4 16 -43.3465 0 6.158 -43.3958 0 6.1475 -43.2748 0 5.8781 -43.0408 0 5.6653
4 16 -43.3465 0 6.158 -43.0408 0 5.6653 -41.9144 0 5.2531 -42.1256 0 5.7136
4 16 -43.2748 0 5.8781 -43.3958 0 6.1475 -43.4209 0 6.1373 -43.4355 0 6.128
4 16 -43.2748 0 5.8781 -43.4355 0 6.128 -43.444 0 6.1201 -43.4502 0 6.1121
4 16 -45.7337 0 6.119 -45.9738 0 6.1115 -45.9729 0 6.0369 -45.7478 0 5.8006
4 16 -43.2748 0 5.8781 -43.4502 0 6.1121 -43.4546 0 6.1034 -43.4573 0 6.0944
4 16 -43.2748 0 5.8781 -43.4573 0 6.0944 -43.4584 0 6.0852 -43.4579 0 6.0732
4 16 -43.2748 0 5.8781 -43.4579 0 6.0732 -43.4544 0 6.0579 -43.446 0 6.037
4 16 -45.0965 0 5.9951 -45.1037 0 6.0687 -45.34 0 6.05 -45.2802 0 5.691
4 16 -60.6126 0 5.8621 -60.5087 0 5.9277 -60.5736 0 6.0501 -60.8276 0 5.8281
4 16 -43.7308 0 5.8436 -43.9578 0 6.0491 -43.9833 0 5.771 -43.7842 0 5.5587
4 16 -43.2748 0 5.8781 -43.446 0 6.037 -43.4284 0 6.0076 -43.3877 0 5.9577
4 16 -45.7478 0 5.8006 -45.9729 0 6.0369 -46.0004 0 5.7512 -45.8098 0 5.5039
4 16 -47.175 0 5.7374 -47.209 0 6.0035 -47.4482 0 5.993 -47.4026 0 5.6403
4 16 -45.0865 0 5.9225 -45.0965 0 5.9951 -45.2802 0 5.691 -45.1816 0 5.4165
4 16 -46.0728 0 5.7192 -46.1029 0 5.9451 -47.0762 0 5.6907 -46.0728 0 5.6065
4 16 -45.0683 0 5.9295 -45.07 0 5.92 -44.0754 0 5.6012 -44.065 0 5.8182
3 16 -44.065 0 5.8182 -44.0667 0 5.8521 -45.0683 0 5.9295
3 16 -45.0865 0 5.9225 -45.2802 0 5.691 -45.0844 0 5.9172
4 16 -45.07 0 5.92 -45.07 0 5.91 -44.1191 0 5.4028 -44.0754 0 5.6012
4 16 -45.0662 0 5.2141 -44.1191 0 5.4028 -45.07 0 5.92 -45.1816 0 5.4165
3 16 -45.0844 0 5.9172 -45.2802 0 5.691 -45.0823 0 5.9137
3 16 -45.0798 0 5.9108 -45.0823 0 5.9137 -45.2802 0 5.691
3 16 -45.07 0 5.91 -45.0798 0 5.9108 -45.1816 0 5.4165
4 16 -48.1587 0 5.907 -48.2609 0 5.901 -48.2699 0 5.6894 -48.0842 0 5.7192
4 16 -48.0939 0 5.9025 -48.1587 0 5.907 -48.0842 0 5.7192 -48.0606 0 5.724
4 16 -48.0247 0 5.7463 -48.0647 0 5.8962 -48.0939 0 5.9025 -48.0294 0 5.742
4 16 -48.0442 0 5.7314 -48.0294 0 5.742 -48.0939 0 5.9025 -48.0606 0 5.724
4 16 -48.2699 0 5.6894 -48.2609 0 5.901 -48.4132 0 5.8778 -48.4641 0 5.6219
4 16 -48.0442 0 5.8885 -48.0647 0 5.8962 -48.0247 0 5.7463 -48.0291 0 5.8794
4 16 -48.0175 0 5.8694 -48.0291 0 5.8794 -48.0247 0 5.7463 -48.0081 0 5.8575
4 16 -48.4641 0 5.6219 -48.4132 0 5.8778 -48.697 0 5.8182 -48.6459 0 5.5193
3 16 -60.8276 0 5.8281 -60.7742 0 5.7462 -60.6126 0 5.8621
4 16 -48.0045 0 5.8512 -48.0081 0 5.8575 -48.0247 0 5.7463 -47.9992 0 5.8383
4 16 -47.9963 0 5.8244 -47.9992 0 5.8383 -48.0247 0 5.7463 -47.9958 0 5.8096
4 16 -48.697 0 5.8182 -49.4935 0 5.7372 -49.7222 0 5.4421 -49.8965 0 5.1077
3 16 -48.6459 0 5.5193 -48.697 0 5.8182 -48.8174 0 5.3781
4 16 -48.9854 0 5.1806 -48.8174 0 5.3781 -48.697 0 5.8182 -50.082 0 4.2721
4 16 -48.697 0 5.8182 -49.8965 0 5.1077 -50.0205 0 4.7182 -50.082 0 4.2721
4 16 -58.7777 0 5.6135 -59.0473 0 5.8132 -59.0574 0 5.6162 -58.8472 0 5.5197
4 16 -47.9983 0 5.7929 -47.9958 0 5.8096 -48.0247 0 5.7463 -48.0038 0 5.7766
4 16 -61.4448 0 5.4105 -61.5735 0 5.7978 -61.9621 0 4.8648 -61.662 0 4.4159
3 16 -48.0247 0 5.7463 -48.0127 0 5.7607 -48.0038 0 5.7766
4 16 -43.7842 0 5.5587 -43.9833 0 5.771 -44.038 0 5.5601 -43.8622 0 5.3433
4 16 -45.8098 0 5.5039 -46.0004 0 5.7512 -46.0713 0 5.4979 -45.8987 0 5.2752
4 16 -47.1035 0 5.5101 -47.175 0 5.7374 -47.4026 0 5.6403 -47.3148 0 5.3649
4 16 -46.0728 0 5.6065 -47.0762 0 5.6907 -47.0669 0 5.5859 -46.0821 0 5.4959
4 16 -43.0408 0 5.6653 -42.8396 0 5.4072 -41.7915 0 4.7452 -41.9144 0 5.2531
3 16 -56.6231 0 5.1699 -56.6997 0 5.6207 -56.9492 0 4.1772
4 16 -58.8472 0 5.5197 -59.0574 0 5.6162 -59.0463 0 5.4973 -58.9187 0 5.4275
4 16 -46.0821 0 5.4959 -47.0669 0 5.5859 -47.0253 0 5.3892 -46.0795 0 5.4918
4 16 -43.8622 0 5.3433 -44.038 0 5.5601 -44.1131 0 5.3947 -43.9632 0 5.1655
4 16 -47.0462 0 5.3885 -47.1035 0 5.5101 -47.3148 0 5.3649 -47.2057 0 5.1567
4 16 -45.8987 0 5.2752 -46.0713 0 5.4979 -46.0733 0 5.4941 -46.0111 0 5.0879
4 16 -59.0463 0 5.4973 -59.0335 0 5.438 -59.0044 0 5.4247 -58.9187 0 5.4275
3 16 -46.0795 0 5.4918 -45.8987 0 5.2752 -46.0733 0 5.4941
4 16 -46.0795 0 5.4918 -47.0253 0 5.3892 -47.0258 0 5.3823 -46.2198 0 4.8802
4 16 -46.1157 0 4.9668 -46.0111 0 5.0879 -46.0795 0 5.4918 -46.2198 0 4.8802
4 16 -61.2301 0 5.0244 -61.4448 0 5.4105 -61.662 0 4.4159 -61.0122 0 3.7439
3 16 -42.8396 0 5.4072 -42.7738 0 5.2977 -41.7915 0 4.7452
4 16 -44.1191 0 5.4028 -45.0662 0 5.2141 -44.9501 0 5.0737 -44.118 0 5.3959
4 16 -44.118 0 5.3959 -44.9501 0 5.0737 -44.8952 0 5.0225 -44.7852 0 4.9434
4 16 -44.118 0 5.3959 -44.7852 0 4.9434 -44.6821 0 4.894 -44.5839 0 4.8667
4 16 -44.118 0 5.3959 -44.5839 0 4.8667 -44.4785 0 4.8578 -44.44 0 4.8597
4 16 -44.1131 0 5.3947 -44.118 0 5.3959 -44.44 0 4.8597 -44.3355 0 4.8793
4 16 -44.0556 0 5.0534 -43.9632 0 5.1655 -44.1131 0 5.3947 -44.1479 0 4.9728
4 16 -44.2406 0 4.9163 -44.1479 0 4.9728 -44.1131 0 5.3947 -44.3355 0 4.8793
4 16 -47.0406 0 5.382 -47.0462 0 5.3885 -47.2057 0 5.1567 -47.0923 0 5.009
4 16 -47.0258 0 5.3823 -47.0295 0 5.3784 -46.4289 0 4.7818 -46.3236 0 4.8202
3 16 -47.0258 0 5.3823 -46.3236 0 4.8202 -46.2198 0 4.8802
3 16 -47.0343 0 5.3776 -47.0406 0 5.382 -47.2057 0 5.1567
4 16 -47.0295 0 5.3784 -47.0343 0 5.3776 -47.0923 0 5.009 -47.0327 0 4.9497
4 16 -47.0295 0 5.3784 -47.0327 0 4.9497 -46.9336 0 4.87 -46.8265 0 4.8132
4 16 -47.0295 0 5.3784 -46.8265 0 4.8132 -46.7098 0 4.7767 -46.5873 0 4.7625
4 16 -46.5438 0 4.763 -46.4289 0 4.7818 -47.0295 0 5.3784 -46.5873 0 4.7625
3 16 -41.7915 0 4.7452 -42.7738 0 5.2977 -42.6367 0 4.9889
3 16 -56.9492 0 4.1772 -57.299 0 5.2379 -57.2807 0 5.0555
3 16 -49.1238 0 4.944 -48.9854 0 5.1806 -50.082 0 4.2721
4 16 -56.5646 0 4.8379 -56.6231 0 5.1699 -56.9492 0 4.1772 -56.8444 0 4.1285
4 16 -56.9492 0 4.1772 -57.2807 0 5.0555 -57.2875 0 4.9187 -56.9972 0 4.1223
4 16 -60.8249 0 4.5397 -61.2301 0 5.0244 -61.0122 0 3.7439 -60.6284 0 3.4154
3 16 -42.5502 0 4.623 -41.7915 0 4.7452 -42.6367 0 4.9889
3 16 -50.082 0 4.2721 -49.2306 0 4.6572 -49.1238 0 4.944
3 16 -57.3298 0 4.6957 -56.9972 0 4.1223 -57.2875 0 4.9187
4 16 -56.5646 0 4.8379 -56.8444 0 4.1285 -56.6412 0 3.9957 -56.216 0 4.6062
4 16 -41.7915 0 4.7452 -42.5502 0 4.623 -42.532 0 4.2013 -41.7651 0 4.2171
4 16 -56.9972 0 4.1223 -57.3298 0 4.6957 -57.6 0 4.0847 -57.0492 0 4.035
4 16 -49.2862 0 4.3632 -49.2306 0 4.6572 -50.082 0 4.2721 -50.061 0 3.7564
4 16 -56.216 0 4.6062 -56.6412 0 3.9957 -56.4765 0 3.8377 -55.9242 0 4.3332
4 16 -60.8249 0 4.5397 -60.6284 0 3.4154 -59.9365 0 3.0042 -59.848 0 3.6927
4 16 -49.29 0 4.0164 -49.2862 0 4.3632 -50.061 0 3.7564 -49.9441 0 3.2444
4 16 -55.9242 0 4.3332 -56.4765 0 3.8377 -56.3335 0 3.6413 -55.7112 0 4.0585
4 16 -41.7651 0 4.2171 -42.532 0 4.2013 -42.557 0 3.9366 -41.8323 0 3.7124
4 16 -46.8233 0 4.1659 -46.8452 0 4.1652 -46.7125 0 3.971 -46.7122 0 4.0275
4 16 -46.7701 0 4.1486 -46.8035 0 4.1632 -46.8233 0 4.1659 -46.7564 0 4.1372
4 16 -46.7435 0 4.1221 -46.7564 0 4.1372 -46.8233 0 4.1659 -46.7304 0 4.0993
4 16 -46.7195 0 4.0689 -46.7304 0 4.0993 -46.8233 0 4.1659 -46.7122 0 4.0275
4 16 -44.1789 0 4.1658 -44.1906 0 4.1649 -44.1234 0 3.7367 -44.1697 0 4.1647
4 16 -46.7125 0 3.971 -46.8452 0 4.1652 -46.8509 0 4.1641 -46.8585 0 4.161
4 16 -44.1234 0 3.7367 -44.1906 0 4.1649 -44.2607 0 4.1375 -44.3199 0 4.0997
4 16 -44.1597 0 4.1616 -44.1697 0 4.1647 -44.1234 0 3.7367 -44.1482 0 4.1556
3 16 -46.7701 0 4.1486 -46.7857 0 4.1573 -46.8035 0 4.1632
4 16 -46.7125 0 3.971 -46.8585 0 4.161 -46.8696 0 4.154 -46.8877 0 4.1374
4 16 -44.1337 0 4.1446 -44.1482 0 4.1556 -44.1234 0 3.7367 -44.1164 0 4.1265
4 16 -45.1071 0 4.1491 -45.7378 0 4.1034 -46.0432 0 3.3667 -45.7851 0 3.1622
4 16 -44.4216 0 3.6996 -44.3537 0 4.07 -45.1071 0 4.1491 -44.4748 0 3.6615
4 16 -44.9068 0 3.2258 -44.4748 0 3.6615 -45.1071 0 4.1491 -45.0628 0 3.0965
4 16 -45.1071 0 4.1491 -45.7851 0 3.1622 -45.6184 0 3.0678 -45.5004 0 3.025
4 16 -45.151 0 3.0455 -45.0628 0 3.0965 -45.1071 0 4.1491 -45.221 0 3.0213
4 16 -45.1071 0 4.1491 -45.5004 0 3.025 -45.3989 0 3.0066 -45.3077 0 3.0062
3 16 -45.3077 0 3.0062 -45.221 0 3.0213 -45.1071 0 4.1491
4 16 -44.0896 0 4.0872 -44.1164 0 4.1265 -44.1234 0 3.7367 -44.0766 0 3.7346
4 16 -45.7378 0 4.1034 -46.6955 0 3.9706 -46.5836 0 3.6892 -46.4219 0 3.6366
3 16 -46.4219 0 3.6366 -46.2588 0 3.548 -45.7378 0 4.1034
3 16 -46.2588 0 3.548 -46.0432 0 3.3667 -45.7378 0 4.1034
4 16 -44.3199 0 4.0997 -44.3537 0 4.07 -44.2953 0 3.7438 -44.1234 0 3.7367
4 16 -44.054 0 4.0116 -44.0896 0 4.0872 -44.0766 0 3.7346 -44.05 0 3.7345
4 16 -57.0492 0 4.035 -57.6 0 4.0847 -57.639 0 3.9566 -57.1031 0 3.8907
3 16 -44.2953 0 3.7438 -44.3537 0 4.07 -44.306 0 3.7433
3 16 -44.306 0 3.7433 -44.3537 0 4.07 -44.336 0 3.7384
3 16 -44.336 0 3.7384 -44.3537 0 4.07 -44.373 0 3.7256
3 16 -44.373 0 3.7256 -44.3537 0 4.07 -44.4216 0 3.6996
3 16 -56.2121 0 3.3884 -55.7112 0 4.0585 -56.3335 0 3.6413
3 16 -56.132 0 3.0831 -55.7112 0 4.0585 -56.2121 0 3.3884
4 16 -55.7112 0 4.0585 -56.132 0 3.0831 -56.1103 0 2.751 -55.5674 0 3.7955
4 16 -46.9585 0 4.0378 -47.1355 0 3.7364 -46.7125 0 3.971 -46.9296 0 4.0829
4 16 -49.2271 0 3.6722 -49.29 0 4.0164 -49.9441 0 3.2444 -49.7315 0 2.7595
4 16 -44.0348 0 3.7354 -44.0364 0 3.961 -44.054 0 4.0116 -44.05 0 3.7345
3 16 -46.8877 0 4.1374 -46.9296 0 4.0829 -46.7125 0 3.971
4 16 -46.7125 0 3.971 -47.1355 0 3.7364 -47.1539 0 3.6862 -47.1624 0 3.6481
4 16 -46.7512 0 3.7131 -46.6955 0 3.9706 -46.7125 0 3.971 -46.8782 0 3.71
4 16 -46.7125 0 3.971 -47.1624 0 3.6481 -47.1638 0 3.6194 -47.1613 0 3.6019
4 16 -46.7125 0 3.971 -47.1613 0 3.6019 -47.1568 0 3.5881 -47.1506 0 3.5764
4 16 -46.7125 0 3.971 -47.1506 0 3.5764 -47.1418 0 3.5655 -47.1377 0 3.5615
4 16 -46.8782 0 3.71 -46.7125 0 3.971 -47.1377 0 3.5615 -46.9916 0 3.5895
3 16 -46.7512 0 3.7131 -46.5836 0 3.6892 -46.6955 0 3.9706
4 16 -44.0261 0 3.7367 -44.0079 0 3.8338 -44.0364 0 3.961 -44.0348 0 3.7354
4 16 -57.1031 0 3.8907 -57.639 0 3.9566 -57.6499 0 3.8647 -57.6433 0 3.7651
4 16 -41.8323 0 3.7124 -42.557 0 3.9366 -42.6356 0 3.5926 -41.9841 0 3.2407
4 16 -57.1031 0 3.8907 -57.6433 0 3.7651 -57.6175 0 3.665 -57.5867 0 3.5511
4 16 -57.1506 0 3.6342 -57.1031 0 3.8907 -57.5867 0 3.5511 -57.575 0 3.4338
4 16 -44.0048 0 3.7807 -44.0079 0 3.8338 -44.0261 0 3.7367 -44.0065 0 3.7633
4 16 -55.4725 0 3.5172 -55.5674 0 3.7955 -56.1103 0 2.751 -55.531 0 2.6398
4 16 -44.0154 0 3.7417 -44.0094 0 3.752 -44.0065 0 3.7633 -44.0196 0 3.7387
3 16 -44.0065 0 3.7633 -44.0261 0 3.7367 -44.0196 0 3.7387
3 16 -44.0094 0 3.752 -44.0154 0 3.7417 -44.012 0 3.7461
4 16 -44.1234 0 3.7367 -44.2953 0 3.7438 -44.306 0 3.7433 -44.0766 0 3.7346
3 16 -44.0348 0 3.7354 -44.4748 0 3.6615 -44.0261 0 3.7367
4 16 -59.7472 0 3.5953 -59.848 0 3.6927 -59.9365 0 3.0042 -59.5159 0 3.2839
3 16 -49.2271 0 3.6722 -49.7315 0 2.7595 -49.1003 0 3.3514
4 16 -57.16 0 3.2195 -57.1506 0 3.6342 -57.575 0 3.4338 -57.5838 0 3.3214
4 16 -41.9841 0 3.2407 -42.6356 0 3.5926 -42.7462 0 3.3306 -42.2208 0 2.8002
4 16 -46.9916 0 3.5895 -47.1377 0 3.5615 -47.1248 0 3.5518 -47.0321 0 3.5593
4 16 -47.0321 0 3.5593 -47.1248 0 3.5518 -47.113 0 3.5459 -47.1002 0 3.5422
4 16 -47.0321 0 3.5593 -47.1002 0 3.5422 -47.0878 0 3.5411 -47.0561 0 3.5474
3 16 -47.0737 0 3.5424 -47.0561 0 3.5474 -47.0878 0 3.5411
4 16 -55.2614 0 3.3835 -55.4725 0 3.5172 -55.531 0 2.6398 -55.2835 0 2.388
4 16 -60.6284 0 3.4154 -60.8404 0 3.1495 -60.9903 0 2.8573 -61.1046 0 2.4856
3 16 -60.6284 0 3.4154 -60.1442 0 2.7389 -59.9365 0 3.0042
4 16 -60.2645 0 2.5079 -60.1442 0 2.7389 -60.6284 0 3.4154 -61.1046 0 2.4856
4 16 -54.8697 0 3.0515 -55.2614 0 3.3835 -55.2835 0 2.388 -54.547 0 2.654
4 16 -48.9969 0 3.1759 -49.1003 0 3.3514 -49.7315 0 2.7595 -49.5197 0 2.441
3 16 -42.883 0 3.1243 -42.2208 0 2.8002 -42.7462 0 3.3306
4 16 -57.5838 0 3.3214 -57.6118 0 3.2084 -57.1555 0 3.1565 -57.16 0 3.2195
3 16 -59.9365 0 3.0042 -59.4033 0 3.0822 -59.5159 0 3.2839
4 16 -57.1556 0 3.0969 -57.1555 0 3.1565 -57.6118 0 3.2084 -57.166 0 3.0438
4 16 -57.6118 0 3.2084 -57.6569 0 3.0908 -57.2151 0 2.9433 -57.1858 0 2.9928
3 16 -57.1858 0 2.9928 -57.166 0 3.0438 -57.6118 0 3.2084
3 16 -48.7807 0 2.9112 -48.9969 0 3.1759 -49.5197 0 2.441
4 16 -42.2208 0 2.8002 -42.883 0 3.1243 -43.0321 0 2.9724 -43.3384 0 2.2488
4 16 -57.2151 0 2.9433 -57.6569 0 3.0908 -57.6962 0 2.9968 -57.2586 0 2.8911
4 16 -59.2577 0 2.8401 -59.4033 0 3.0822 -59.9365 0 3.0042 -59.6916 0 2.6454
4 16 -57.6962 0 2.9968 -57.7212 0 2.9177 -57.3322 0 2.8286 -57.2586 0 2.8911
4 16 -43.0321 0 2.9724 -43.1816 0 2.8673 -43.3252 0 2.3316 -43.3384 0 2.2488
4 16 -57.3322 0 2.8286 -57.7212 0 2.9177 -57.7271 0 2.8718 -57.7255 0 2.8399
4 16 -48.502 0 2.6766 -48.7807 0 2.9112 -49.5197 0 2.441 -48.3115 0 2.192
4 16 -43.1816 0 2.8673 -43.3431 0 2.793 -43.3487 0 2.5267 -43.3276 0 2.4216
3 16 -43.3276 0 2.4216 -43.3252 0 2.3316 -43.1816 0 2.8673
4 16 -59.2577 0 2.8401 -59.6916 0 2.6454 -59.5335 0 2.4259 -59.1528 0 2.7224
4 16 -57.3322 0 2.8286 -57.7255 0 2.8399 -57.7184 0 2.8088 -57.7058 0 2.7798
4 16 -57.3322 0 2.8286 -57.7058 0 2.7798 -57.685 0 2.7485 -57.681 0 2.7442
4 16 -57.4644 0 2.7573 -57.4286 0 2.7727 -57.3322 0 2.8286 -57.5277 0 2.7367
4 16 -57.3322 0 2.8286 -57.681 0 2.7442 -57.6743 0 2.7388 -57.6648 0 2.7336
4 16 -57.3322 0 2.8286 -57.6648 0 2.7336 -57.651 0 2.7289 -57.6286 0 2.7253
4 16 -57.5919 0 2.7255 -57.5277 0 2.7367 -57.3322 0 2.8286 -57.6286 0 2.7253
4 16 -41.1349 0 2.6048 -42.2208 0 2.8002 -43.3384 0 2.2488 -40.2977 0 2.3048
3 16 -43.453 0 2.7643 -43.4117 0 2.6873 -43.3431 0 2.793
3 16 -43.4117 0 2.6873 -43.3487 0 2.5267 -43.3431 0 2.793
4 16 -56.1103 0 2.751 -56.1525 0 2.4076 -55.6317 0 2.2128 -55.531 0 2.6398
4 16 -59.1528 0 2.7224 -59.5335 0 2.4259 -59.4955 0 2.3881 -59.4279 0 2.34
4 16 -59.1528 0 2.7224 -59.4279 0 2.34 -59.3055 0 2.2805 -59.0431 0 2.6374
4 16 -48.1503 0 2.3367 -48.1263 0 2.4642 -48.502 0 2.6766 -48.244 0 2.265
3 16 -48.3115 0 2.192 -48.244 0 2.265 -48.502 0 2.6766
4 16 -54.1216 0 2.5031 -54.547 0 2.654 -55.2835 0 2.388 -54.307 0 1.7525
4 16 -59.0431 0 2.6374 -59.3055 0 2.2805 -59.1412 0 2.2327 -58.9476 0 2.5887
4 16 -58.9476 0 2.5887 -59.1412 0 2.2327 -58.9615 0 2.2131 -58.8477 0 2.5584
4 16 -58.817 0 2.2224 -58.7307 0 2.5453 -58.8477 0 2.5584 -58.9615 0 2.2131
4 16 -58.6247 0 2.5512 -58.7307 0 2.5453 -58.5705 0 2.3021 -58.4568 0 2.3772
4 16 -58.6877 0 2.2525 -58.5705 0 2.3021 -58.7307 0 2.5453 -58.817 0 2.2224
4 16 -60.339 0 2.2616 -60.2645 0 2.5079 -61.1046 0 2.4856 -61.1512 0 2.0909
4 16 -53.7175 0 2.3022 -54.1216 0 2.5031 -54.307 0 1.7525 -54.2137 0 1.7223
4 16 -48.0854 0 2.4059 -48.1075 0 2.4519 -48.1263 0 2.4642 -48.0879 0 2.3976
4 16 -48.0931 0 2.3874 -48.0854 0 2.4059 -48.1263 0 2.4642 -48.1037 0 2.3738
4 16 -48.1269 0 2.353 -48.1037 0 2.3738 -48.1263 0 2.4642 -48.1503 0 2.3367
4 16 -48.0872 0 2.4267 -48.0973 0 2.4425 -48.1075 0 2.4519 -48.0854 0 2.4203
4 16 -48.0847 0 2.4133 -48.0854 0 2.4203 -48.1075 0 2.4519 -48.0854 0 2.4059
3 16 -48.0906 0 2.4336 -48.0973 0 2.4425 -48.0872 0 2.4267
4 16 -48.3115 0 2.192 -49.5197 0 2.441 -50.4501 0 2.3702 -48.3531 0 2.1279
4 16 -55.6317 0 2.2128 -56.1525 0 2.4076 -56.2641 0 2.0582 -55.8101 0 1.8007
3 16 -55.2835 0 2.388 -55.0862 0 2.0952 -54.307 0 1.7525
3 16 -48.3531 0 2.1279 -50.4501 0 2.3702 -48.3767 0 2.0727
4 16 -50.4501 0 2.3702 -51.6615 0 2.072 -48.3885 0 2.0206 -48.3767 0 2.0727
4 16 -53.0411 0 2.3156 -53.6037 0 2.3146 -53.9693 0 1.5582 -52.9622 0 1.472
4 16 -52.4602 0 2.2103 -53.0411 0 2.3156 -52.9622 0 1.472 -52.5112 0 1.3244
4 16 -53.9693 0 1.5582 -53.6037 0 2.3146 -53.7175 0 2.3022 -54.1138 0 1.6683
4 16 -40.2977 0 2.3048 -43.3384 0 2.2488 -42.9107 0 2.093 -41.6906 0 1.9495
3 16 -40.2977 0 2.3048 -41.6906 0 1.9495 -40.6516 0 1.6709
3 16 -40.2977 0 2.3048 -40.6516 0 1.6709 -40.4363 0 1.5826
4 16 -40.2977 0 2.3048 -40.4363 0 1.5826 -40.0327 0 1.3621 -39.7773 0 2.0037
3 16 -53.7175 0 2.3022 -54.2137 0 1.7223 -54.1138 0 1.6683
3 16 -60.3621 0 2.0296 -60.339 0 2.2616 -61.1512 0 2.0909
4 16 -42.9107 0 2.093 -43.3384 0 2.2488 -43.3637 0 2.1781 -43.0723 0 1.9461
4 16 -51.9092 0 2 -52.4602 0 2.2103 -52.5112 0 1.3244 -51.9915 0 1.0674
4 16 -43.0723 0 1.9461 -43.3637 0 2.1781 -43.4025 0 2.11 -43.281 0 1.8166
3 16 -43.281 0 1.8166 -43.4025 0 2.11 -43.4609 0 2.0395
3 16 -54.9141 0 1.7172 -54.307 0 1.7525 -55.0862 0 2.0952
3 16 -43.0723 0 1.9461 -41.6906 0 1.9495 -42.9107 0 2.093
3 16 -60.3488 0 1.8451 -60.3621 0 2.0296 -61.1512 0 2.0909
4 16 -61.1512 0 2.0909 -61.1322 0 1.76 -60.0955 0 0.5435 -60.2007 0 1.4128
3 16 -61.1512 0 2.0909 -60.2957 0 1.6268 -60.3488 0 1.8451
3 16 -61.1512 0 2.0909 -60.2007 0 1.4128 -60.2957 0 1.6268
4 16 -51.6615 0 2.072 -51.9092 0 2 -49.844 0 1.7013 -48.3902 0 1.9777
3 16 -48.3902 0 1.9777 -48.3885 0 2.0206 -51.6615 0 2.072
4 16 -55.8101 0 1.8007 -56.2641 0 2.0582 -56.4528 0 1.7114 -56.0823 0 1.383
4 16 -43.281 0 1.8166 -43.4609 0 2.0395 -43.5443 0 1.967 -43.5116 0 1.7252
3 16 -40.0327 0 1.3621 -39.8126 0 1.1839 -39.7773 0 2.0037
4 16 -39.7773 0 2.0037 -39.8126 0 1.1839 -39.7417 0 1.1077 -39.5384 0 1.969
3 16 -49.844 0 1.7013 -51.9092 0 2 -50.6559 0 1.5741
3 16 -50.6559 0 1.5741 -51.9092 0 2 -51.2665 0 1.4
4 16 -51.2665 0 1.4 -51.9092 0 2 -51.9915 0 1.0674 -51.5577 0 0.7486
4 16 -48.3902 0 1.9777 -49.844 0 1.7013 -49.2657 0 1.6872 -48.3847 0 1.9374
3 16 -39.7417 0 1.1077 -39.654 0 0.9863 -39.5384 0 1.969
3 16 -39.654 0 0.9863 -39.5966 0 0.8703 -39.5384 0 1.969
4 16 -39.0325 0 0.9657 -38.9932 0 1.8132 -39.5384 0 1.969 -39.2358 0 -0.3348
3 16 -39.5384 0 1.969 -39.5966 0 0.8703 -39.5625 0 0.7534
4 16 -39.5384 0 1.969 -39.5625 0 0.7534 -39.5503 0 0.6282 -39.2358 0 -0.3348
3 16 -43.5443 0 1.967 -43.7035 0 1.8688 -43.5116 0 1.7252
4 16 -48.3707 0 1.8952 -48.3847 0 1.9374 -49.2657 0 1.6872 -48.8573 0 1.6048
3 16 -48.3707 0 1.8952 -48.8573 0 1.6048 -48.3475 0 1.8536
4 16 -43.5116 0 1.7252 -43.7035 0 1.8688 -43.7341 0 1.8501 -43.7563 0 1.8312
4 16 -48.3136 0 1.8122 -48.3475 0 1.8536 -48.8573 0 1.6048 -48.4697 0 1.4532
4 16 -43.5116 0 1.7252 -43.7563 0 1.8312 -43.7674 0 1.8179 -43.7745 0 1.8056
4 16 -38.9932 0 1.8132 -39.0325 0 0.9657 -38.7969 0 0.8723 -38.3721 0 1.5194
3 16 -48.4697 0 1.4532 -48.2636 0 1.7683 -48.3136 0 1.8122
4 16 -43.5116 0 1.7252 -43.7745 0 1.8056 -43.7785 0 1.7948 -43.7803 0 1.7845
4 16 -43.5116 0 1.7252 -43.7803 0 1.7845 -43.7802 0 1.7743 -43.7783 0 1.7649
4 16 -48.205 0 1.73 -48.2636 0 1.7683 -48.4697 0 1.4532 -48.4624 0 1.4496
4 16 -43.5116 0 1.7252 -43.7783 0 1.7649 -43.7742 0 1.7547 -43.768 0 1.7449
4 16 -60.0955 0 0.5435 -61.1322 0 1.76 -61.065 0 1.466 -60.9476 0 1.1891
4 16 -54.307 0 1.7525 -54.9141 0 1.7172 -54.8106 0 1.2955 -54.2372 0 1.1059
4 16 -43.5116 0 1.7252 -43.768 0 1.7449 -43.7586 0 1.7345 -43.749 0 1.7267
4 16 -48.1291 0 1.6801 -48.205 0 1.73 -48.4624 0 1.4496 -48.3419 0 1.4036
4 16 -43.5116 0 1.7252 -43.749 0 1.7267 -43.7307 0 1.716 -43.7053 0 1.7065
4 16 -43.5116 0 1.7252 -43.7053 0 1.7065 -43.6716 0 1.7003 -43.6308 0 1.7
3 16 -43.5116 0 1.7252 -43.6308 0 1.7 -43.6197 0 1.7011
4 16 -56.0823 0 1.383 -56.4528 0 1.7114 -56.69 0 1.4162 -56.4438 0 0.9896
4 16 -48.0859 0 1.6418 -48.1291 0 1.6801 -48.3419 0 1.4036 -48.0576 0 1.6061
4 16 -48.0441 0 1.5807 -48.0576 0 1.6061 -48.3419 0 1.4036 -48.0367 0 1.5578
3 16 -53.9693 0 1.5582 -53.7544 0 1.335 -52.9622 0 1.472
4 16 -48.0336 0 1.5344 -48.0367 0 1.5578 -48.3419 0 1.4036 -48.0351 0 1.5104
3 16 -38.7969 0 0.8723 -38.454 0 0.6687 -38.3721 0 1.5194
4 16 -38.3721 0 1.5194 -38.454 0 0.6687 -38.158 0 0.419 -37.8655 0 1.171
4 16 -48.0412 0 1.4862 -48.0351 0 1.5104 -48.3419 0 1.4036 -48.0498 0 1.466
3 16 -52.9622 0 1.472 -53.7544 0 1.335 -53.3959 0 0.803
4 16 -52.9622 0 1.472 -53.3959 0 0.803 -53.1127 0 0.1682 -52.4698 0 0.3256
4 16 -48.0774 0 1.4294 -48.0617 0 1.4467 -48.0498 0 1.466 -48.0964 0 1.4148
4 16 -48.0498 0 1.466 -48.3419 0 1.4036 -48.2501 0 1.3866 -48.2008 0 1.3854
4 16 -48.1222 0 1.4014 -48.0964 0 1.4148 -48.0498 0 1.466 -48.1524 0 1.3919
3 16 -48.0498 0 1.466 -48.2008 0 1.3854 -48.1524 0 1.3919
4 16 -56.4438 0 0.9896 -56.69 0 1.4162 -57.0668 0 1.0915 -56.9533 0 0.5983
3 16 -60.0955 0 0.5435 -60.0602 0 1.2047 -60.2007 0 1.4128
4 16 -50.8822 0 1.001 -51.2665 0 1.4 -51.5577 0 0.7486 -51.1865 0 0.3522
4 16 -54.2372 0 1.1059 -54.8106 0 1.2955 -54.7867 0 0.8484 -54.2865 0 0.4922
4 16 -59.8601 0 0.9999 -60.0602 0 1.2047 -60.0955 0 0.5435 -59.9038 0 0.4164
4 16 -60.0955 0 0.5435 -60.9476 0 1.1891 -60.9036 0 1.1126 -59.8862 0 -0.1139
4 16 -37.8655 0 1.171 -38.158 0 0.419 -37.9259 0 0.1484 -37.4331 0 0.752
4 16 -60.9036 0 1.1126 -60.9188 0 0.7497 -60.8618 0 0.2338 -60.7035 0 -0.3051
4 16 -60.9036 0 1.1126 -60.7035 0 -0.3051 -58.768 0 -1.966 -59.6377 0 -0.5777
3 16 -59.8862 0 -0.1139 -60.9036 0 1.1126 -59.6377 0 -0.5777
4 16 -56.9533 0 0.5983 -57.0668 0 1.0915 -57.5717 0 0.8037 -57.5344 0 0.3026
4 16 -50.4683 0 0.378 -50.8822 0 1.001 -51.1865 0 0.3522 -50.8868 0 -0.1221
4 16 -59.6141 0 0.8255 -59.8601 0 0.9999 -59.9038 0 0.4164 -59.4889 0 0.2216
4 16 -38.9456 0 0.671 -38.9854 0 0.8511 -39.0325 0 0.9657 -38.937 0 0.4793
4 16 -38.9466 0 0.3918 -38.937 0 0.4793 -39.0325 0 0.9657 -38.9603 0 0.3406
4 16 -38.9679 0 0.3237 -38.9603 0 0.3406 -39.0325 0 0.9657 -38.9748 0 0.3131
3 16 -39.0325 0 0.9657 -38.9785 0 0.3087 -38.9748 0 0.3131
3 16 -39.0325 0 0.9657 -39.2358 0 -0.3348 -38.9785 0 0.3087
4 16 -54.2865 0 0.4922 -54.7867 0 0.8484 -54.8484 0 0.3889 -54.4418 0 -0.0774
4 16 -59.3151 0 0.6856 -59.6141 0 0.8255 -59.4889 0 0.2216 -59.0788 0 0.1159
4 16 -57.5344 0 0.3026 -57.5717 0 0.8037 -58.0104 0 0.6464 -58.0786 0 0.1403
4 16 -37.4331 0 0.752 -37.9259 0 0.1484 -37.7419 0 -0.1601 -37.1549 0 0.3695
3 16 -59.0788 0 0.1159 -58.9679 0 0.5946 -59.3151 0 0.6856
4 16 -58.0786 0 0.1403 -58.0104 0 0.6464 -58.4435 0 0.5724 -58.5844 0 0.0821
3 16 -39.2358 0 -0.3348 -39.5503 0 0.6282 -39.5612 0 0.5052
3 16 -58.844 0 0.5776 -58.9679 0 0.5946 -59.0788 0 0.1159
4 16 -58.4435 0 0.5724 -58.844 0 0.5776 -59.0788 0 0.1159 -58.5844 0 0.0821
3 16 -39.2358 0 -0.3348 -39.5612 0 0.5052 -39.581 0 0.4207
3 16 -55.0089 0 -0.0911 -54.4418 0 -0.0774 -54.8484 0 0.3889
4 16 -50.146 0 -0.3463 -50.4683 0 0.378 -50.8868 0 -0.1221 -49.99 0 -0.865
4 16 -37.1549 0 0.3695 -37.7419 0 -0.1601 -37.6271 0 -0.4655 -36.9271 0 -0.1112
3 16 -38.9603 0 0.3406 -38.9679 0 0.3237 -38.6975 0 0.078
4 16 -52.4698 0 0.3256 -53.1127 0 0.1682 -52.9335 0 -0.5395 -52.2787 0 -0.5242
4 16 -38.6975 0 0.078 -38.9679 0 0.3237 -38.9748 0 0.3131 -39.2358 0 -0.3348
3 16 -38.9748 0 0.3131 -38.9785 0 0.3087 -38.6975 0 0.078
4 16 -38.6975 0 0.078 -39.2358 0 -0.3348 -38.895 0 -0.864 -38.4636 0 -0.1947
4 16 -54.4418 0 -0.0774 -55.0089 0 -0.0911 -55.4288 0 -0.7683 -54.7362 0 -0.6721
4 16 -36.9271 0 -0.1112 -37.6271 0 -0.4655 -37.5665 0 -0.8025 -36.8194 0 -0.5417
4 16 -50.8868 0 -0.1221 -50.6648 0 -0.6761 -49.852 0 -1.5618 -49.99 0 -0.865
4 16 -39.9317 0 -0.1235 -40.2754 0 -0.4049 -39.4747 0 -0.5767 -39.2358 0 -0.3348
4 16 -38.4636 0 -0.1947 -38.895 0 -0.864 -38.6425 0 -1.4139 -38.2202 0 -0.606
4 16 -58.768 0 -1.966 -60.7035 0 -0.3051 -60.5792 0 -0.5848 -60.2456 0 -1.122
3 16 -39.581 0 0.4207 -39.6406 0 0.2671 -39.2358 0 -0.3348
3 16 -39.6406 0 0.2671 -39.7481 0 0.0888 -39.2358 0 -0.3348
3 16 -39.7481 0 0.0888 -39.9317 0 -0.1235 -39.2358 0 -0.3348
4 16 -40.2754 0 -0.4049 -40.8991 0 -0.7578 -39.9672 0 -0.9238 -39.4747 0 -0.5767
4 16 -52.2787 0 -0.5242 -52.9335 0 -0.5395 -52.8919 0 -1.0799 -52.2488 0 -1.296
4 16 -36.7925 0 -1.0314 -36.8194 0 -0.5417 -37.5665 0 -0.8025 -36.7629 0 -1.6624
3 16 -58.768 0 -1.966 -59.3199 0 -0.9731 -59.6377 0 -0.5777
4 16 -38.2202 0 -0.606 -38.6425 0 -1.4139 -37.8602 0 -2.1093 -38.0096 0 -1.1771
4 16 -55.1676 0 -1.2208 -54.7362 0 -0.6721 -55.4288 0 -0.7683 -55.5656 0 -1.5712
4 16 -49.852 0 -1.5618 -50.6648 0 -0.6761 -50.5163 0 -1.3887 -49.8466 0 -2.2486
4 16 -40.8991 0 -0.7578 -41.6766 0 -1.0631 -41.0261 0 -1.4207 -39.9672 0 -0.9238
3 16 -55.4288 0 -0.7683 -55.7487 0 -1.108 -55.5656 0 -1.5712
3 16 -36.7629 0 -1.6624 -37.5665 0 -0.8025 -37.5698 0 -1.1723
4 16 -49.99 0 -0.865 -49.852 0 -1.5618 -48.9971 0 -1.8463 -48.5941 0 -1.3482
3 16 -58.9679 0 -1.2713 -59.3199 0 -0.9731 -58.768 0 -1.966
4 16 -41.6766 0 -1.0631 -43.5942 0 -1.4959 -43.0106 0 -1.9698 -41.0261 0 -1.4207
4 16 -52.2488 0 -1.296 -52.8919 0 -1.0799 -52.9416 0 -1.6127 -52.3402 0 -1.9216
4 16 -55.5656 0 -1.5712 -55.7487 0 -1.108 -56.0467 0 -1.332 -56.1002 0 -1.8991
4 16 -58.768 0 -1.966 -60.2456 0 -1.122 -59.833 0 -1.573 -59.6554 0 -1.7214
3 16 -37.5698 0 -1.1723 -37.6471 0 -1.5719 -36.7629 0 -1.6624
3 16 -38.0096 0 -1.1771 -37.8602 0 -2.1093 -37.8739 0 -1.9274
3 16 -58.9679 0 -1.2713 -58.768 0 -1.966 -58.5831 0 -1.491
3 16 -56.1002 0 -1.8991 -56.0467 0 -1.332 -56.4314 0 -1.5272
4 16 -48.5941 0 -1.3482 -48.9971 0 -1.8463 -47.2316 0 -2.1731 -46.7614 0 -1.6279
3 16 -49.8466 0 -2.2486 -50.5163 0 -1.3887 -50.4932 0 -2.4985
3 16 -37.8602 0 -2.1093 -38.6425 0 -1.4139 -38.5133 0 -1.8913
4 16 -58.1606 0 -1.6408 -58.5831 0 -1.491 -58.768 0 -1.966 -58.4526 0 -2.0847
4 16 -43.5942 0 -1.4959 -45.9805 0 -1.654 -45.2008 0 -2.2282 -43.0106 0 -1.9698
4 16 -56.1002 0 -1.8991 -56.4314 0 -1.5272 -56.9242 0 -1.6734 -56.6856 0 -2.1203
4 16 -52.3402 0 -1.9216 -52.9416 0 -1.6127 -53.0636 0 -2.0509 -52.544 0 -2.5189
4 16 -45.9805 0 -1.654 -46.7614 0 -1.6279 -47.2316 0 -2.1731 -45.2008 0 -2.2282
3 16 -57.9157 0 -1.6922 -58.1606 0 -1.6408 -58.4526 0 -2.0847
3 16 -37.2573 0 -2.2188 -37.2169 0 -2.2522 -36.7629 0 -1.6624
3 16 -37.2169 0 -2.2522 -37.1616 0 -2.3151 -36.7629 0 -1.6624
4 16 -36.7629 0 -1.6624 -37.1616 0 -2.3151 -37.0775 0 -2.4351 -36.4495 0 -2.0165
4 16 -56.6856 0 -2.1203 -56.9242 0 -1.6734 -57.4282 0 -1.727 -57.27 0 -2.2217
4 16 -57.4282 0 -1.727 -57.9157 0 -1.6922 -58.4526 0 -2.0847 -57.27 0 -2.2217
4 16 -58.768 0 -1.966 -59.6554 0 -1.7214 -59.5998 0 -2.0201 -59.5155 0 -2.303
3 16 -37.8602 0 -2.1093 -38.5133 0 -1.8913 -38.4743 0 -2.3297
4 16 -58.5997 0 -2.334 -58.768 0 -1.966 -59.5155 0 -2.303 -59.2908 0 -2.7874
4 16 -36.2085 0 -2.412 -36.4495 0 -2.0165 -37.0775 0 -2.4351 -36.8646 0 -2.8539
4 16 -52.544 0 -2.5189 -53.0636 0 -2.0509 -53.2634 0 -2.4647 -52.8401 0 -3.04
3 16 -58.4526 0 -2.0847 -57.8701 0 -2.2102 -57.27 0 -2.2217
4 16 -36.7629 0 -1.6624 -37.6471 0 -1.5719 -37.8602 0 -2.1093 -37.2573 0 -2.2188
4 16 -37.8602 0 -2.1093 -38.4743 0 -2.3297 -38.5158 0 -2.7541 -38.1812 0 -3.7487
4 16 -37.4897 0 -2.7516 -37.2573 0 -2.2188 -37.8602 0 -2.1093 -38.038 0 -3.5737
3 16 -37.8602 0 -2.1093 -38.1812 0 -3.7487 -38.038 0 -3.5737
4 16 -49.8466 0 -2.2486 -50.4932 0 -2.4985 -50.6044 0 -3.2218 -50.0007 0 -3.168
4 16 -58.5997 0 -2.334 -59.2908 0 -2.7874 -58.9845 0 -3.2272 -58.3528 0 -2.695
4 16 -36.0324 0 -2.8644 -36.2085 0 -2.412 -36.8646 0 -2.8539 -36.6955 0 -3.3997
4 16 -52.8401 0 -3.04 -53.2634 0 -2.4647 -53.551 0 -2.8548 -53.2217 0 -3.4932
4 16 -58.3528 0 -2.695 -58.9845 0 -3.2272 -58.5714 0 -3.6519 -57.9891 0 -3.0745
3 16 -38.6174 0 -3.1122 -38.1812 0 -3.7487 -38.5158 0 -2.7541
4 16 -53.2217 0 -3.4932 -53.551 0 -2.8548 -53.9845 0 -3.2699 -53.6486 0 -3.8518
4 16 -35.9275 0 -3.3891 -36.0324 0 -2.8644 -36.6955 0 -3.3997 -36.6385 0 -3.8643
4 16 -57.9891 0 -3.0745 -58.5714 0 -3.6519 -58.4426 0 -3.7603 -57.5004 0 -3.4353
3 16 -38.8025 0 -3.4973 -38.1812 0 -3.7487 -38.6174 0 -3.1122
3 16 -50.6044 0 -3.2218 -50.7919 0 -3.7701 -50.0007 0 -3.168
4 16 -50.0007 0 -3.168 -50.7919 0 -3.7701 -51.0462 0 -4.2252 -50.3618 0 -4.1824
4 16 -53.6486 0 -3.8518 -53.9845 0 -3.2699 -54.3575 0 -3.5295 -54.2605 0 -4.1999
4 16 -35.9166 0 -4.0618 -35.9275 0 -3.3891 -36.6385 0 -3.8643 -36.6545 0 -4.2084
4 16 -57.5004 0 -3.4353 -58.4426 0 -3.7603 -57.8473 0 -4.1609 -56.9096 0 -3.7236
4 16 -38.1812 0 -3.7487 -38.8025 0 -3.4973 -39.093 0 -3.9012 -38.5705 0 -4.3743
3 16 -54.8525 0 -3.7633 -54.2605 0 -4.1999 -54.3575 0 -3.5295
4 16 -56.9096 0 -3.7236 -57.8473 0 -4.1609 -57.1898 0 -4.4565 -56.3902 0 -3.8712
3 16 -38.1812 0 -3.7487 -38.5705 0 -4.3743 -38.4213 0 -4.7124
4 16 -37.7674 0 -4.4922 -37.9491 0 -4.0895 -38.1812 0 -3.7487 -37.5767 0 -5.566
4 16 -38.1812 0 -3.7487 -38.4213 0 -4.7124 -38.3159 0 -5.1464 -37.5767 0 -5.566
3 16 -54.2605 0 -4.1999 -54.8525 0 -3.7633 -55.3582 0 -3.8933
4 16 -56.3902 0 -3.8712 -57.1898 0 -4.4565 -56.8015 0 -4.5648 -55.7238 0 -4.5198
4 16 -55.8596 0 -3.9281 -56.3902 0 -3.8712 -55.7238 0 -4.5198 -55.5478 0 -4.5132
4 16 -54.2605 0 -4.1999 -55.3582 0 -3.8933 -55.8596 0 -3.9281 -54.8919 0 -4.4146
4 16 -39.093 0 -3.9012 -39.5384 0 -4.337 -39.0909 0 -4.8278 -38.5705 0 -4.3743
3 16 -55.8596 0 -3.9281 -55.5478 0 -4.5132 -54.8919 0 -4.4146
4 16 -35.9166 0 -4.0618 -36.6545 0 -4.2084 -36.7197 0 -4.5148 -36.0271 0 -4.7137
4 16 -50.3618 0 -4.1824 -51.0462 0 -4.2252 -51.2723 0 -4.51 -50.5645 0 -4.5708
4 16 -39.5384 0 -4.337 -40.2194 0 -4.8089 -40.0791 0 -5.4209 -39.0909 0 -4.8278
3 16 -37.6336 0 -4.9991 -37.7674 0 -4.4922 -37.5767 0 -5.566
4 16 -50.5645 0 -4.5708 -51.2723 0 -4.51 -51.6105 0 -4.8206 -50.9972 0 -5.0613
4 16 -36.0271 0 -4.7137 -36.7197 0 -4.5148 -36.8381 0 -4.8073 -36.1577 0 -5.0823
4 16 -55.7238 0 -4.5198 -56.8015 0 -4.5648 -56.3529 0 -5.1104 -55.822 0 -5.5578
4 16 -55.3905 0 -4.8104 -55.7238 0 -4.5198 -55.822 0 -5.5578 -55.2414 0 -5.8878
4 16 -49.748 0 -5.1202 -50.5645 0 -4.5708 -50.9972 0 -5.0613 -50.0615 0 -5.6642
4 16 -36.8381 0 -4.8073 -37.012 0 -5.078 -35.9321 0 -5.3091 -36.1577 0 -5.0823
4 16 -40.2194 0 -4.8089 -41.5467 0 -5.4069 -41.8297 0 -6.085 -40.0791 0 -5.4209
3 16 -55.2414 0 -5.8878 -54.988 0 -5.0542 -55.3905 0 -4.8104
4 16 -50.9972 0 -5.0613 -51.6105 0 -4.8206 -52.0085 0 -5.0734 -51.4397 0 -5.4421
3 16 -54.988 0 -5.0542 -55.2414 0 -5.8878 -54.4769 0 -5.2576
4 16 -51.4397 0 -5.4421 -52.0085 0 -5.0734 -52.4761 0 -5.2653 -51.916 0 -5.7214
4 16 -37.012 0 -5.078 -37.2367 0 -5.3172 -36.6677 0 -5.635 -35.9321 0 -5.3091
3 16 -50.0615 0 -5.6642 -48.7444 0 -5.5594 -49.748 0 -5.1202
3 16 -38.2837 0 -5.7165 -37.5767 0 -5.566 -38.3159 0 -5.1464
4 16 -53.9787 0 -5.3703 -54.4769 0 -5.2576 -55.2414 0 -5.8878 -54.6153 0 -6.1069
4 16 -52.4761 0 -5.2653 -52.7866 0 -5.3449 -53.2232 0 -6.0767 -52.4459 0 -5.9228
3 16 -52.4459 0 -5.9228 -51.916 0 -5.7214 -52.4761 0 -5.2653
4 16 -35.6423 0 -5.7026 -35.9321 0 -5.3091 -36.6677 0 -5.635 -35.4314 0 -6.1456
4 16 -36.6677 0 -5.635 -37.2367 0 -5.3172 -37.5767 0 -5.566 -36.8803 0 -5.8819
3 16 -53.319 0 -5.4078 -53.2232 0 -6.0767 -52.7866 0 -5.3449
4 16 -53.2232 0 -6.0767 -53.319 0 -5.4078 -53.9787 0 -5.3703 -54.6153 0 -6.1069
4 16 -41.8297 0 -6.085 -41.5467 0 -5.4069 -43.5509 0 -5.8873 -43.9222 0 -6.508
4 16 -47.2362 0 -5.9116 -48.7444 0 -5.5594 -50.0615 0 -5.6642 -48.9021 0 -6.1442
4 16 -37.5767 0 -5.566 -38.2837 0 -5.7165 -38.3642 0 -6.3296 -38.1049 0 -7.5476
4 16 -37.3485 0 -6.2702 -36.8803 0 -5.8819 -37.5767 0 -5.566 -37.6425 0 -6.4442
3 16 -37.5767 0 -5.566 -37.7253 0 -6.4802 -37.6425 0 -6.4442
4 16 -37.8453 0 -6.9676 -37.7253 0 -6.4802 -37.5767 0 -5.566 -38.1049 0 -7.5476
3 16 -36.5059 0 -5.8048 -35.4314 0 -6.1456 -36.6677 0 -5.635
3 16 -35.4314 0 -6.1456 -36.5059 0 -5.8048 -36.2804 0 -6.1119
4 16 -43.9222 0 -6.508 -43.5509 0 -5.8873 -45.7053 0 -6.028 -45.3691 0 -6.6123
4 16 -47.2362 0 -5.9116 -48.9021 0 -6.1442 -47.3016 0 -6.5029 -45.3691 0 -6.6123
3 16 -45.3691 0 -6.6123 -45.7053 0 -6.028 -47.2362 0 -5.9116
3 16 -53.2232 0 -6.0767 -54.6153 0 -6.1069 -54.0809 0 -6.2014
4 16 -53.2232 0 -6.0767 -54.0809 0 -6.2014 -53.9785 0 -6.6745 -53.1475 0 -6.4364
3 16 -36.1321 0 -6.4135 -35.4314 0 -6.1456 -36.2804 0 -6.1119
3 16 -36.1321 0 -6.4135 -36.0472 0 -6.7166 -35.4314 0 -6.1456
4 16 -35.4314 0 -6.1456 -36.0472 0 -6.7166 -36.0259 0 -6.881 -34.8044 0 -7.415
3 16 -38.1049 0 -7.5476 -38.3642 0 -6.3296 -38.5654 0 -6.9473
4 16 -53.1475 0 -6.4364 -53.9785 0 -6.6745 -53.7933 0 -7.1349 -53.0018 0 -6.7993
4 16 -53.0018 0 -6.7993 -53.7933 0 -7.1349 -53.6853 0 -7.3337 -52.7583 0 -7.2019
3 16 -36.0289 0 -7.1745 -34.8044 0 -7.415 -36.0259 0 -6.881
3 16 -38.8997 0 -7.5602 -38.1049 0 -7.5476 -38.5654 0 -6.9473
4 16 -34.8044 0 -7.415 -36.0289 0 -7.1745 -36.087 0 -7.4816 -34.708 0 -7.486
4 16 -52.2792 0 -7.7519 -52.7583 0 -7.2019 -53.6853 0 -7.3337 -53.5611 0 -7.5302
4 16 -36.087 0 -7.4816 -36.2108 0 -7.8076 -35.5893 0 -7.8377 -34.708 0 -7.486
3 16 -35.5893 0 -7.8377 -35.241 0 -8.0307 -34.708 0 -7.486
4 16 -34.708 0 -7.486 -35.241 0 -8.0307 -34.9745 0 -8.2481 -34.3652 0 -7.8019
4 16 -52.2792 0 -7.7519 -53.5611 0 -7.5302 -53.668 0 -8.0049 -52.8302 0 -8.092
4 16 -38.1049 0 -7.5476 -38.8997 0 -7.5602 -39.1076 0 -7.8424 -39.2102 0 -8.9192
4 16 -38.6357 0 -8.2922 -38.5262 0 -8.1649 -38.1049 0 -7.5476 -39.2102 0 -8.9192
4 16 -52.2792 0 -7.7519 -52.8302 0 -8.092 -52.1923 0 -8.6222 -51.4566 0 -8.406
4 16 -34.3652 0 -7.8019 -34.9745 0 -8.2481 -34.766 0 -8.4946 -34.096 0 -8.1566
4 16 -36.2108 0 -7.8076 -36.3586 0 -8.0679 -35.8006 0 -8.2725 -35.5893 0 -7.8377
4 16 -39.2102 0 -8.9192 -39.1076 0 -7.8424 -39.6434 0 -8.3966 -40.2106 0 -9.5576
4 16 -52.8302 0 -8.092 -53.668 0 -8.0049 -53.7376 0 -8.7589 -52.8837 0 -8.805
4 16 -36.3586 0 -8.0679 -36.6375 0 -8.4192 -36.0833 0 -8.6555 -35.8006 0 -8.2725
4 16 -34.096 0 -8.1566 -34.766 0 -8.4946 -34.609 0 -8.7753 -33.9911 0 -8.3419
4 16 -38.6357 0 -8.2922 -39.2102 0 -8.9192 -39.1861 0 -9.1389 -38.5548 0 -8.9005
4 16 -33.9911 0 -8.3419 -34.609 0 -8.7753 -34.5105 0 -9.0745 -33.8341 0 -8.7329
3 16 -39.6434 0 -8.3966 -40.3756 0 -8.9251 -40.2106 0 -9.5576
4 16 -51.4566 0 -8.406 -52.1923 0 -8.6222 -50.9531 0 -9.3822 -50.7915 0 -8.8004
4 16 -36.6375 0 -8.4192 -37.0603 0 -8.7872 -36.4426 0 -8.9959 -36.0833 0 -8.6555
4 16 -33.8341 0 -8.7329 -34.5105 0 -9.0745 -34.4679 0 -9.3857 -33.7492 0 -9.154
4 16 -52.8837 0 -8.805 -53.7376 0 -8.7589 -53.6791 0 -9.4535 -52.8212 0 -9.3895
4 16 -37.0603 0 -8.7872 -37.5383 0 -9.0678 -37.5338 0 -9.5832 -36.9451 0 -9.3264
3 16 -37.0603 0 -8.7872 -36.9451 0 -9.3264 -36.4426 0 -8.9959
4 16 -50.1452 0 -9.1102 -50.7915 0 -8.8004 -50.9531 0 -9.3822 -50.2752 0 -9.6946
4 16 -38.5548 0 -8.9005 -39.1861 0 -9.1389 -39.2015 0 -9.6104 -38.5217 0 -9.3377
4 16 -40.2106 0 -9.5576 -40.3756 0 -8.9251 -41.3898 0 -9.4137 -41.5466 0 -10.125
4 16 -37.5338 0 -9.5832 -37.5383 0 -9.0678 -38.0236 0 -9.2478 -38.2834 0 -9.7757
4 16 -50.1452 0 -9.1102 -50.2752 0 -9.6946 -49.1037 0 -10.125 -48.5026 0 -9.6665
4 16 -33.7492 0 -9.154 -34.4679 0 -9.3857 -34.4815 0 -9.7255 -33.7449 0 -9.6176
4 16 -38.2834 0 -9.7757 -38.0236 0 -9.2478 -38.5217 0 -9.3377 -38.5487 0 -9.8155
4 16 -38.5217 0 -9.3377 -39.2015 0 -9.6104 -39.3115 0 -10.125 -38.5487 0 -9.8155
4 16 -52.8212 0 -9.3895 -53.6791 0 -9.4535 -53.499 0 -10.125 -52.6525 0 -9.9541
3 16 -41.5466 0 -10.125 -41.3898 0 -9.4137 -43.0909 0 -9.8681
4 16 -33.7449 0 -9.6176 -34.4815 0 -9.7255 -34.5681 0 -10.125 -33.8352 0 -10.125
3 16 -46.4057 0 -10.0123 -48.5026 0 -9.6665 -49.1037 0 -10.125
3 16 -38.5693 0 -9.9993 -38.5487 0 -9.8155 -39.3115 0 -10.125
3 16 -41.5466 0 -10.125 -43.0909 0 -9.8681 -45.2702 0 -10.0518
3 16 -52.5846 0 -10.125 -52.6525 0 -9.9541 -53.499 0 -10.125
3 16 -38.5665 0 -10.125 -38.5693 0 -9.9993 -39.3115 0 -10.125
3 16 -45.2702 0 -10.0518 -46.4057 0 -10.0123 -49.1037 0 -10.125
3 16 -41.5466 0 -10.125 -45.2702 0 -10.0518 -49.1037 0 -10.125
