0 ~Logo Audi "quattro" Text Outer Box
0 Name: s\logoaudib05.dat
0 Author: Massimo Maso [Sirio]
0 !LDRAW_ORG Unofficial_Subpart 
0 !LICENSE Redistributable under CCAL version 2.0 : see CAreadme.txt

0 !HELP Exact dimensions X = 48.859; Z = 9.094
0 !HELP Produced by txt2dat, Copyright 2005-2007, 2009 R. Crawford
0 !HELP Using font: "Audi Type" style: "Extended Bold" size: 12pt

0 BFC CERTIFY CCW


0 // Faces
3 16 -24.9295 0 4.547 -24.9295 0 .444 -24.7135 0 1.655
3 16 -24.9295 0 .444 -24.9295 0 -4.547 -24.7175 0 -.773
3 16 -24.9295 0 4.547 -24.7135 0 1.655 -24.0815 0 2.568
3 16 -24.9295 0 4.547 -24.0815 0 2.568 -23.0625 0 3.143
3 16 -24.9295 0 4.547 -23.0625 0 3.143 -21.6795 0 3.344
3 16 -24.9295 0 4.547 -21.6795 0 3.344 -21.0145 0 3.296
3 16 -19.2575 0 3.172 -21.0145 0 3.296 -20.4025 0 3.164
3 16 -19.2575 0 3.172 -20.4025 0 3.164 -19.8695 0 2.958
3 16 -19.2575 0 3.172 -19.8695 0 2.958 -19.4455 0 2.687
4 16 -19.6015 0 1.625 -20.0175 0 1.818 -20.0175 0 -.918 -19.6015 0 -.734
4 16 -20.0175 0 -.918 -20.0175 0 1.818 -20.4515 0 1.954 -20.4515 0 -1.044
4 16 -20.4515 0 -1.044 -20.4515 0 1.954 -20.9295 0 2.036 -20.9295 0 -1.117
4 16 -20.9295 0 -1.117 -20.9295 0 2.036 -21.4765 0 2.062 -21.4765 0 -1.141
4 16 -21.4765 0 -1.141 -21.4765 0 2.062 -22.2245 0 1.954 -22.2245 0 -1.036
4 16 -22.2245 0 -1.036 -22.2245 0 1.954 -22.7675 0 1.641 -22.7675 0 -.726
4 16 -22.7675 0 -.726 -22.7675 0 1.641 -23.0995 0 1.138 -23.0995 0 -.225
3 16 -23.0995 0 1.138 -23.2105 0 .457 -23.0995 0 -.225
3 16 -24.7175 0 -.773 -24.9295 0 -4.547 -24.1035 0 -1.689
3 16 -24.1035 0 -1.689 -24.9295 0 -4.547 -23.1235 0 -2.267
3 16 -23.1235 0 -2.267 -24.9295 0 -4.547 -21.8125 0 -2.469
4 16 -24.9295 0 -4.547 -19.6015 0 -4.547 -21.1795 0 -2.418 -21.8125 0 -2.469
3 16 -19.6015 0 -4.547 -19.6015 0 -1.766 -20.0475 0 -2.057
3 16 -19.6015 0 -4.547 -20.0475 0 -2.057 -20.5835 0 -2.277
3 16 -19.6015 0 -4.547 -20.5835 0 -2.277 -21.1795 0 -2.418
4 16 -24.9295 0 4.547 -21.0145 0 3.296 -19.2575 0 3.172 -17.9295 0 3.172
4 16 -17.9295 0 3.172 -17.9295 0 -4.547 -15.9925 0 -.048 -15.9925 0 3.172
3 16 -15.9925 0 -.048 -17.9295 0 -4.547 -15.8905 0 -.904
3 16 -15.8905 0 -.904 -17.9295 0 -4.547 -15.6075 0 -1.542
3 16 -15.6075 0 -1.542 -17.9295 0 -4.547 -15.1735 0 -1.989
3 16 -15.1735 0 -1.989 -17.9295 0 -4.547 -14.6205 0 -2.274
3 16 -14.6205 0 -2.274 -17.9295 0 -4.547 -13.9835 0 -2.425
3 16 -13.9835 0 -2.425 -17.9295 0 -4.547 -13.2915 0 -2.469
3 16 -10.9605 0 -2.297 -11.0705 0 -1.703 -11.5005 0 -2.008
3 16 -10.9605 0 -2.297 -11.5005 0 -2.008 -12.0325 0 -2.245
3 16 -10.9605 0 -2.297 -12.0325 0 -2.245 -12.6395 0 -2.403
4 16 -9.4925 0 -2.297 -10.9605 0 -2.297 -12.6395 0 -2.403 -13.2915 0 -2.469
4 16 -14.3205 0 3.172 -14.3205 0 .165 -11.1645 0 -.719 -11.1645 0 3.172
4 16 -11.5535 0 -.921 -11.1645 0 -.719 -14.3205 0 .165 -14.2395 0 -.433
4 16 -11.5535 0 -.921 -14.2395 0 -.433 -13.9845 0 -.856 -11.9595 0 -1.068
4 16 -13.9845 0 -.856 -13.5395 0 -1.106 -12.3995 0 -1.157 -11.9595 0 -1.068
3 16 -13.5395 0 -1.106 -12.8855 0 -1.188 -12.3995 0 -1.157
3 16 -24.9295 0 4.547 -17.9295 0 3.172 -15.9925 0 3.172
3 16 -24.9295 0 4.547 -15.9925 0 3.172 -14.3205 0 3.172
3 16 -24.9295 0 4.547 -14.3205 0 3.172 -11.1645 0 3.172
3 16 1.0085 0 4.547 -.4455 0 3.172 .8355 0 3.172
3 16 2.4145 0 4.547 2.4145 0 3.172 4.8825 0 3.172
3 16 7.0865 0 4.547 5.6325 0 3.172 6.9145 0 3.172
3 16 8.4925 0 4.547 8.4925 0 3.172 10.9605 0 3.172
4 16 2.4145 0 4.547 4.8825 0 3.172 5.6325 0 3.172 7.0865 0 4.547
4 16 5.6325 0 3.172 4.8825 0 3.172 4.8825 0 1.969 5.6325 0 1.969
4 16 4.8825 0 1.969 2.4145 0 1.969 2.4145 0 -.175 2.4675 0 -.6
4 16 4.8825 0 1.969 2.4675 0 -.6 2.6445 0 -.884 2.9725 0 -1.044
4 16 4.8825 0 1.969 2.9725 0 -1.044 3.4745 0 -1.094 3.8995 0 -1.077
4 16 4.8825 0 1.969 3.8995 0 -1.077 4.3005 0 -1.035 4.6525 0 -.976
4 16 4.8825 0 1.969 4.6525 0 -.976 4.9295 0 -.906 5.6325 0 1.969
4 16 5.6325 0 1.969 4.9295 0 -.906 6.8515 0 -.381 6.8515 0 1.969
4 16 4.9295 0 -.906 4.9295 0 -2.125 6.9885 0 -1.267 6.8515 0 -.381
4 16 10.9605 0 1.969 8.4925 0 1.969 8.4925 0 -.175 8.5455 0 -.6
4 16 10.9605 0 1.969 8.5455 0 -.6 8.7225 0 -.884 9.0515 0 -1.044
4 16 10.9605 0 1.969 9.0515 0 -1.044 9.5525 0 -1.094 9.9785 0 -1.077
4 16 10.9605 0 1.969 9.9785 0 -1.077 10.3785 0 -1.035 10.7305 0 -.976
3 16 10.9605 0 1.969 10.7305 0 -.976 11.0075 0 -.906
4 16 -3.3045 0 .016 -4.1555 0 .016 -3.6645 0 -1.056 -3.3045 0 -.859
4 16 -3.6645 0 -1.056 -4.1555 0 .016 -5.0845 0 -.022 -4.0795 0 -1.208
4 16 -4.0795 0 -1.208 -5.0845 0 -.022 -5.7185 0 -.144 -4.5645 0 -1.308
4 16 -4.5645 0 -1.308 -5.7185 0 -.144 -6.0795 0 -.364 -5.1315 0 -1.344
4 16 -5.1315 0 -1.344 -6.0795 0 -.364 -6.1955 0 -.691 -5.6165 0 -1.291
4 16 -5.6165 0 -1.291 -6.1955 0 -.691 -6.1355 0 -.941 -5.9475 0 -1.149
4 16 -7.7955 0 -.156 -7.4565 0 .302 -7.3355 0 1.625 -7.3355 0 2.828
4 16 -7.3355 0 1.625 -7.4565 0 .302 -6.9245 0 .631 -6.8375 0 1.805
4 16 -6.8375 0 1.805 -6.9245 0 .631 -6.2235 0 .848 -6.2855 0 1.949
4 16 -6.2855 0 1.949 -6.2235 0 .848 -5.3785 0 .965 -5.6775 0 2.044
4 16 -5.6775 0 2.044 -5.3785 0 .965 -4.4145 0 1 -5.0105 0 2.078
4 16 -5.0105 0 2.078 -4.4145 0 1 -4.0075 0 .995 -4.2725 0 2.014
4 16 -4.2725 0 2.014 -4.0075 0 .995 -3.6385 0 .982 -3.7385 0 1.816
4 16 -3.7385 0 1.816 -3.6385 0 .982 -3.3045 0 .966 -3.3045 0 .976
3 16 -3.7385 0 1.816 -3.3045 0 .976 -3.4145 0 1.474
3 16 -3.1175 0 -2.297 -3.2105 0 -1.75 -3.6655 0 -2.054
3 16 -3.1175 0 -2.297 -3.6655 0 -2.054 -4.2065 0 -2.28
3 16 -3.1175 0 -2.297 -4.2065 0 -2.28 -4.8305 0 -2.42
3 16 -3.1175 0 -2.297 -4.8305 0 -2.42 -1.6645 0 -2.297
3 16 -5.5315 0 -2.469 -1.6645 0 -2.297 -4.8305 0 -2.42
3 16 -9.4925 0 3.172 -7.3355 0 2.828 -6.8245 0 3.038
3 16 -9.4925 0 3.172 -6.8245 0 3.038 -6.2275 0 3.201
3 16 -9.4925 0 3.172 -6.2275 0 3.201 -5.5605 0 3.306
4 16 -9.4925 0 3.172 -9.4925 0 -2.297 -7.7955 0 -.156 -7.3355 0 2.828
3 16 -9.4925 0 -2.297 -7.9145 0 -.761 -7.7955 0 -.156
3 16 -7.9145 0 -.761 -9.4925 0 -2.297 -7.7505 0 -1.491
3 16 -7.7505 0 -1.491 -9.4925 0 -2.297 -7.2805 0 -2.027
3 16 -7.2805 0 -2.027 -9.4925 0 -2.297 -6.5295 0 -2.357
3 16 -6.5295 0 -2.357 -9.4925 0 -2.297 -5.5315 0 -2.469
4 16 -17.9295 0 -4.547 -5.5315 0 -2.469 -9.4925 0 -2.297 -13.2915 0 -2.469
3 16 19.3205 0 .443 19.4595 0 -.261 19.4595 0 1.144
4 16 19.4595 0 1.144 19.4595 0 -.261 19.8555 0 -.795 19.8555 0 1.673
4 16 19.8555 0 1.673 19.8555 0 -.795 20.4695 0 -1.132 20.4695 0 2.008
4 16 20.4695 0 2.008 20.4695 0 -1.132 21.2645 0 -1.25 21.2645 0 2.125
4 16 21.2645 0 2.125 21.2645 0 -1.25 22.0615 0 -1.134 22.0615 0 2.006
4 16 22.0615 0 2.006 22.0615 0 -1.134 22.6755 0 -.8 22.6755 0 1.667
4 16 22.6755 0 1.667 22.6755 0 -.8 23.0715 0 -.27 23.0715 0 1.134
3 16 23.0715 0 1.134 23.0715 0 -.27 23.2105 0 .432
3 16 24.9295 0 4.547 24.8235 0 1.288 24.9295 0 .433
3 16 24.9295 0 -4.547 24.9295 0 .433 24.8225 0 -.393
3 16 24.9295 0 4.547 24.5095 0 2.007 24.8235 0 1.288
3 16 24.5095 0 2.007 24.9295 0 4.547 23.9925 0 2.58
3 16 23.9925 0 2.58 24.9295 0 4.547 23.2745 0 2.999
3 16 23.2745 0 2.999 24.9295 0 4.547 22.3635 0 3.256
3 16 22.3635 0 3.256 24.9295 0 4.547 21.2655 0 3.344
3 16 24.9295 0 -4.547 24.8225 0 -.393 24.5055 0 -1.101
3 16 24.9295 0 -4.547 24.5055 0 -1.101 23.9855 0 -1.678
3 16 24.9295 0 -4.547 23.9855 0 -1.678 23.2685 0 -2.109
3 16 24.9295 0 -4.547 23.2685 0 -2.109 22.3595 0 -2.376
3 16 24.9295 0 -4.547 22.3595 0 -2.376 21.2655 0 -2.469
4 16 14.2765 0 1.331 14.1175 0 1.141 14.1175 0 -2.297 14.4875 0 1.504
4 16 14.7495 0 1.653 14.4875 0 1.504 14.1175 0 -2.297 15.0635 0 1.77
4 16 15.4305 0 1.847 15.0635 0 1.77 14.1175 0 -2.297 15.8535 0 1.875
4 16 16.0915 0 1.87 15.8535 0 1.875 14.1175 0 -2.297 16.3385 0 1.853
4 16 16.5725 0 1.825 16.3385 0 1.853 14.1175 0 -2.297 16.7735 0 1.791
3 16 13.9765 0 3.172 14.0395 0 2.172 14.3525 0 2.636
3 16 13.9765 0 3.172 14.3525 0 2.636 14.7705 0 3.002
3 16 13.9765 0 3.172 14.7705 0 3.002 15.3095 0 3.242
3 16 12.4455 0 3.172 10.9605 0 3.172 10.9605 0 1.969
4 16 12.4455 0 3.172 10.9605 0 1.969 11.0075 0 -.906 12.4455 0 -2.297
3 16 12.4455 0 -2.297 11.0075 0 -.906 11.0075 0 -2.125
3 16 12.4455 0 -2.297 11.0075 0 -2.125 10.6385 0 -2.236
3 16 12.4455 0 -2.297 10.6385 0 -2.236 10.1845 0 -2.331
3 16 12.4455 0 -2.297 10.1845 0 -2.331 9.6905 0 -2.398
3 16 4.9295 0 -2.125 7.4125 0 -1.905 6.9885 0 -1.267
3 16 7.4125 0 -1.905 4.9295 0 -2.125 8.1455 0 -2.292
4 16 4.9295 0 -2.125 4.5605 0 -2.236 9.2065 0 -2.422 8.1455 0 -2.292
3 16 9.2065 0 -2.422 4.5605 0 -2.236 4.1055 0 -2.331
3 16 9.2065 0 -2.422 4.1055 0 -2.331 3.6125 0 -2.398
3 16 .7735 0 1.969 -.4455 0 1.969 .7735 0 -.381
4 16 -.4455 0 1.969 -1.6645 0 1.095 -1.6645 0 -2.297 .7735 0 -.381
3 16 .7735 0 -.381 -1.6645 0 -2.297 .9095 0 -1.267
3 16 .9095 0 -1.267 -1.6645 0 -2.297 1.3345 0 -1.905
3 16 1.3345 0 -1.905 -1.6645 0 -2.297 2.0665 0 -2.292
3 16 2.0665 0 -2.292 -1.6645 0 -2.297 3.1285 0 -2.422
4 16 -.4455 0 3.172 -1.8765 0 2.125 -1.6645 0 1.095 -.4455 0 1.969
3 16 -.4455 0 3.172 -2.4945 0 2.823 -1.8765 0 2.125
4 16 1.0085 0 4.547 -3.4905 0 3.219 -2.4945 0 2.823 -.4455 0 3.172
3 16 1.0085 0 4.547 -4.8375 0 3.344 -3.4905 0 3.219
4 16 -5.5605 0 3.306 -4.8375 0 3.344 1.0085 0 4.547 -9.4925 0 3.172
4 16 -11.1645 0 3.172 -9.4925 0 3.172 1.0085 0 4.547 -24.9295 0 4.547
3 16 8.4925 0 4.547 10.9605 0 3.172 12.4455 0 3.172
3 16 8.4925 0 4.547 12.4455 0 3.172 13.9765 0 3.172
4 16 15.3095 0 3.242 15.9825 0 3.328 8.4925 0 4.547 13.9765 0 3.172
4 16 15.9825 0 3.328 16.3985 0 3.303 20.1715 0 3.251 21.2655 0 3.344
4 16 20.1715 0 3.251 16.3985 0 3.303 16.7735 0 3.232 19.2625 0 2.983
3 16 16.7735 0 3.232 18.5455 0 2.554 19.2625 0 2.983
3 16 18.5455 0 2.554 16.7735 0 3.232 18.0255 0 1.977
4 16 16.7735 0 3.232 16.7735 0 1.791 17.7085 0 1.269 18.0255 0 1.977
4 16 14.1175 0 -2.297 17.6015 0 .444 17.7085 0 1.269 16.7735 0 1.791
3 16 14.1175 0 -2.297 17.7085 0 -.412 17.6015 0 .444
3 16 14.1175 0 -2.297 18.0255 0 -1.132 17.7085 0 -.412
3 16 18.0255 0 -1.132 14.1175 0 -2.297 18.5455 0 -1.705
3 16 18.5455 0 -1.705 14.1175 0 -2.297 19.2625 0 -2.124
3 16 19.2625 0 -2.124 14.1175 0 -2.297 20.1715 0 -2.382
4 16 24.9295 0 -4.547 21.2655 0 -2.469 20.1715 0 -2.382 14.1175 0 -2.297
4 16 24.9295 0 -4.547 14.1175 0 -2.297 12.4455 0 -2.297 9.6905 0 -2.398
4 16 24.9295 0 -4.547 9.6905 0 -2.398 9.2065 0 -2.422 -17.9295 0 -4.547
4 16 -17.9295 0 -4.547 3.1285 0 -2.422 -1.6645 0 -2.297 -5.5315 0 -2.469
4 16 -17.9295 0 -4.547 9.2065 0 -2.422 3.6125 0 -2.398 3.1285 0 -2.422
4 16 8.4925 0 4.547 15.9825 0 3.328 21.2655 0 3.344 24.9295 0 4.547
