0 ~| Fx Bricks Mini Speaker - Insert Corner
0 Name: s\t1085s01.dat
0 Author: Ulrich Röder [UR]
0 !LDRAW_ORG Unofficial_Subpart 
0 !LICENSE Redistributable under CCAL version 2.0 : see CAreadme.txt

0 BFC CERTIFY CCW


1 494 17.55 -31.675 11.3 .1175 0 0 0 1 0 0 0 .1175 48\1-4rin10.dat
1 16 17.55 -32 11.3 1.723333 0 0 0 1 0 0 0 1.723333 48\1-4ndis.dat
1 511 17.55 -31.825 11.3 1 0 0 0 -1 0 0 0 1 48\tm04o1750.dat
1 511 17.55 -31.825 11.3 1.175 0 0 0 .15 0 0 0 1.175 48\1-4cyli.dat
1 494 17.55 -31.675 11.3 1.2925 0 0 0 .175 0 0 0 1.2925 48\1-4cylo.dat
1 511 17.55 -32 11.3 1 0 0 0 1 0 0 0 1 48\1-4chrd.dat

1 15 19.2733 -31.5 11.05 -.43083 0 0 0 0 -.5 0 .25 0 48\1-4cyli.dat
1 32 19.2733 -31.5 10.8 -.43083 0 0 0 0 -.5 0 .25 0 48\1-4cyli.dat
1 15 19.2733 -31.5 10.55 -.43083 0 0 0 0 -.5 0 .25 0 48\1-4cyli.dat
1 32 19.2733 -31.5 10.3 -.43083 0 0 0 0 -.5 0 .25 0 48\1-4cyli.dat
1 15 19.2733 -31.5 10.05 -.43083 0 0 0 0 -.5 0 .25 0 48\1-4cyli.dat
1 32 19.2733 -31.5 9.8 -.43083 0 0 0 0 -.5 0 .25 0 48\1-4cyli.dat
1 15 19.2733 -31.5 9.55 -.43083 0 0 0 0 -.5 0 .25 0 48\1-4cyli.dat
1 15 15.8 -31.5 13.0233 0 -.25 0 0 0 -.5 -.43083 0 0 48\1-4cyli.dat
1 32 16.05 -31.5 13.0233 0 -.25 0 0 0 -.5 -.43083 0 0 48\1-4cyli.dat
1 15 16.3 -31.5 13.0233 0 -.25 0 0 0 -.5 -.43083 0 0 48\1-4cyli.dat
1 32 16.55 -31.5 13.0233 0 -.25 0 0 0 -.5 -.43083 0 0 48\1-4cyli.dat
1 15 16.8 -31.5 13.0233 0 -.25 0 0 0 -.5 -.43083 0 0 48\1-4cyli.dat
1 32 17.05 -31.5 13.0233 0 -.25 0 0 0 -.5 -.43083 0 0 48\1-4cyli.dat
1 15 17.3 -31.5 13.0233 0 -.25 0 0 0 -.5 -.43083 0 0 48\1-4cyli.dat
1 32 17.55 -31.5 13.0233 0 -.25 0 0 0 -.5 -.43083 0 0 48\1-4cyli.dat
1 16 17.55 -31.675 11.3 1.175 0 0 0 1 0 0 0 1.175 48\1-4edge.dat

3 16 19.2733 -32 13.0233 22.25 -32 16 17.55 -32 13.0233
3 16 22.25 -32 16 17.3 -32 13.0233 17.55 -32 13.0233
3 16 22.25 -32 16 17.05 -32 13.0233 17.3 -32 13.0233
3 16 22.25 -32 16 16.8 -32 13.0233 17.05 -32 13.0233
3 16 22.25 -32 16 16.55 -32 13.0233 16.8 -32 13.0233
3 16 22.25 -32 16 16.3 -32 13.0233 16.55 -32 13.0233
3 16 22.25 -32 16 16.05 -32 13.0233 16.3 -32 13.0233
3 16 22.25 -32 16 15.8 -32 13.0233 16.05 -32 13.0233
3 16 22.25 -32 16 15.55 -32 13.0233 15.8 -32 13.0233
3 16 19.2733 -32 9.8 19.2733 -32 9.55 22.25 -32 16
3 16 19.2733 -32 10.05 19.2733 -32 9.8 22.25 -32 16
3 16 19.2733 -32 10.3 19.2733 -32 10.05 22.25 -32 16
3 16 19.2733 -32 10.55 19.2733 -32 10.3 22.25 -32 16
3 16 19.2733 -32 10.8 19.2733 -32 10.55 22.25 -32 16
3 16 19.2733 -32 11.05 19.2733 -32 10.8 22.25 -32 16
3 16 19.2733 -32 11.3 19.2733 -32 11.05 22.25 -32 16
3 16 22.25 -32 16 19.2733 -32 13.0233 19.2733 -32 11.3
3 16 22.25 -32 16.5 22.25 -32 16 22.75 -32 16
3 16 22.25 -27 16.5 22.75 -27 16 22.25 -27 16
4 32 18.8425 -31.5 11.3 18.8462 -31.5653 11.3 18.8351 -31.5652 11.4692 18.8314 -31.5 11.4687
4 32 18.8462 -31.5653 11.3 18.8572 -31.6294 11.3 18.8459 -31.6294 11.4706 18.8351 -31.5652 11.4692
4 32 18.8572 -31.6294 11.3 18.8753 -31.6914 11.3 18.8639 -31.6914 11.473 18.8459 -31.6294 11.4706
4 32 18.8753 -31.6914 11.3 18.9002 -31.75 11.3 18.8887 -31.75 11.4761 18.8639 -31.6914 11.473
4 32 18.9002 -31.75 11.3 18.9315 -31.8044 11.3 18.9197 -31.8044 11.4803 18.8887 -31.75 11.4761
4 32 18.9315 -31.8044 11.3 18.9687 -31.8536 11.3 18.9564 -31.8536 11.4851 18.9197 -31.8044 11.4803
4 32 18.9687 -31.8536 11.3 19.011 -31.8967 11.3 18.9985 -31.8968 11.4906 18.9564 -31.8536 11.4851
3 32 19.0579 -31.933 11.3 19.045 -31.933 11.4968 18.9985 -31.8968 11.4906
3 32 18.9985 -31.8968 11.4906 19.011 -31.8967 11.3 19.0579 -31.933 11.3
4 32 19.0579 -31.933 11.3 19.1085 -31.962 11.3 19.095 -31.962 11.5034 19.045 -31.933 11.4968
4 32 19.1085 -31.962 11.3 19.1618 -31.983 11.3 19.148 -31.983 11.5104 19.095 -31.962 11.5034
4 32 19.1618 -31.983 11.3 19.2171 -31.9957 11.3 19.2028 -31.9958 11.5175 19.148 -31.983 11.5104
4 32 19.2171 -31.9957 11.3 19.2733 -32 11.3 19.2585 -32 11.5249 19.2028 -31.9958 11.5175
4 15 18.8314 -31.5 11.4687 18.8351 -31.5652 11.4692 18.802 -31.5652 11.6355 18.7984 -31.5 11.6345
4 15 18.8351 -31.5652 11.4692 18.8459 -31.6294 11.4706 18.8127 -31.6294 11.6383 18.802 -31.5652 11.6355
4 15 18.8459 -31.6294 11.4706 18.8639 -31.6914 11.473 18.8301 -31.6914 11.6429 18.8127 -31.6294 11.6383
4 15 18.8639 -31.6914 11.473 18.8887 -31.75 11.4761 18.8542 -31.75 11.6495 18.8301 -31.6914 11.6429
4 15 18.8887 -31.75 11.4761 18.9197 -31.8044 11.4803 18.8844 -31.8044 11.6576 18.8542 -31.75 11.6495
4 15 18.9197 -31.8044 11.4803 18.9564 -31.8536 11.4851 18.9204 -31.8536 11.6672 18.8844 -31.8044 11.6576
4 15 18.9564 -31.8536 11.4851 18.9985 -31.8968 11.4906 18.9612 -31.8968 11.6781 18.9204 -31.8536 11.6672
4 15 18.9985 -31.8968 11.4906 19.045 -31.933 11.4968 19.0066 -31.933 11.6903 18.9612 -31.8968 11.6781
4 15 19.045 -31.933 11.4968 19.095 -31.962 11.5034 19.0553 -31.962 11.7033 19.0066 -31.933 11.6903
4 15 19.095 -31.962 11.5034 19.148 -31.983 11.5104 19.1069 -31.983 11.7172 19.0553 -31.962 11.7033
4 15 19.148 -31.983 11.5104 19.2028 -31.9958 11.5175 19.1603 -31.9958 11.7315 19.1069 -31.983 11.7172
4 15 19.2028 -31.9958 11.5175 19.2585 -32 11.5249 19.2146 -32 11.746 19.1603 -31.9958 11.7315
4 32 18.7984 -31.5 11.6345 18.802 -31.5652 11.6355 18.7475 -31.5652 11.796 18.7441 -31.5 11.7946
4 32 18.802 -31.5652 11.6355 18.8127 -31.6294 11.6383 18.7577 -31.6294 11.8003 18.7475 -31.5652 11.796
4 32 18.8127 -31.6294 11.6383 18.8301 -31.6914 11.6429 18.7744 -31.6914 11.8072 18.7577 -31.6294 11.8003
4 32 18.8301 -31.6914 11.6429 18.8542 -31.75 11.6495 18.7975 -31.75 11.8167 18.7744 -31.6914 11.8072
4 32 18.8542 -31.75 11.6495 18.8844 -31.8044 11.6576 18.8263 -31.8044 11.8287 18.7975 -31.75 11.8167
4 32 18.8844 -31.8044 11.6576 18.9204 -31.8536 11.6672 18.8608 -31.8536 11.8428 18.8263 -31.8044 11.8287
4 32 18.9204 -31.8536 11.6672 18.9612 -31.8968 11.6781 18.8999 -31.8968 11.8592 18.8608 -31.8536 11.8428
4 32 18.9612 -31.8968 11.6781 19.0066 -31.933 11.6903 18.9431 -31.933 11.8771 18.8999 -31.8968 11.8592
4 32 19.0066 -31.933 11.6903 19.0553 -31.962 11.7033 18.9898 -31.962 11.8964 18.9431 -31.933 11.8771
4 32 19.0553 -31.962 11.7033 19.1069 -31.983 11.7172 19.0391 -31.983 11.9168 18.9898 -31.962 11.8964
4 32 19.1069 -31.983 11.7172 19.1603 -31.9958 11.7315 19.0903 -31.9958 11.938 19.0391 -31.983 11.9168
4 32 19.1603 -31.9958 11.7315 19.2146 -32 11.746 19.1422 -32 11.9595 19.0903 -31.9958 11.938
3 15 18.6693 -31.5 11.9463 18.7441 -31.5 11.7946 18.7475 -31.5652 11.796
3 15 18.7475 -31.5652 11.796 18.6726 -31.5652 11.9481 18.6693 -31.5 11.9463
4 15 18.7475 -31.5652 11.796 18.7577 -31.6294 11.8003 18.6821 -31.6294 11.9537 18.6726 -31.5652 11.9481
4 15 18.7577 -31.6294 11.8003 18.7744 -31.6914 11.8072 18.6977 -31.6914 11.9626 18.6821 -31.6294 11.9537
4 15 18.7744 -31.6914 11.8072 18.7975 -31.75 11.8167 18.7193 -31.75 11.9752 18.6977 -31.6914 11.9626
4 15 18.7975 -31.75 11.8167 18.8263 -31.8044 11.8287 18.7463 -31.8044 11.9907 18.7193 -31.75 11.9752
4 15 18.8263 -31.8044 11.8287 18.8608 -31.8536 11.8428 18.7786 -31.8536 12.0093 18.7463 -31.8044 11.9907
4 15 18.8608 -31.8536 11.8428 18.8999 -31.8968 11.8592 18.8153 -31.8968 12.0305 18.7786 -31.8536 12.0093
4 15 18.8999 -31.8968 11.8592 18.9431 -31.933 11.8771 18.8559 -31.933 12.054 18.8153 -31.8968 12.0305
4 15 18.9431 -31.933 11.8771 18.9898 -31.962 11.8964 18.8995 -31.962 12.0793 18.8559 -31.933 12.054
4 15 18.9898 -31.962 11.8964 19.0391 -31.983 11.9168 18.9459 -31.983 12.106 18.8995 -31.962 12.0793
4 15 19.0391 -31.983 11.9168 19.0903 -31.9958 11.938 18.9936 -31.9958 12.1336 18.9459 -31.983 12.106
4 15 19.0903 -31.9958 11.938 19.1422 -32 11.9595 19.0424 -32 12.1617 18.9936 -31.9958 12.1336
4 32 18.6693 -31.5 11.9463 18.6726 -31.5652 11.9481 18.5785 -31.5652 12.0891 18.5755 -31.5 12.0869
4 32 18.6726 -31.5652 11.9481 18.6821 -31.6294 11.9537 18.5871 -31.6294 12.0958 18.5785 -31.5652 12.0891
4 32 18.6821 -31.6294 11.9537 18.6977 -31.6914 11.9626 18.6014 -31.6914 12.1069 18.5871 -31.6294 12.0958
4 32 18.6977 -31.6914 11.9626 18.7193 -31.75 11.9752 18.6212 -31.75 12.122 18.6014 -31.6914 12.1069
4 32 18.7193 -31.75 11.9752 18.7463 -31.8044 11.9907 18.646 -31.8044 12.141 18.6212 -31.75 12.122
4 32 18.7463 -31.8044 11.9907 18.7786 -31.8536 12.0093 18.6755 -31.8536 12.1637 18.646 -31.8044 12.141
4 32 18.7786 -31.8536 12.0093 18.8153 -31.8968 12.0305 18.7091 -31.8968 12.1894 18.6755 -31.8536 12.1637
4 32 18.8153 -31.8968 12.0305 18.8559 -31.933 12.054 18.7463 -31.933 12.218 18.7091 -31.8968 12.1894
4 32 18.8559 -31.933 12.054 18.8995 -31.962 12.0793 18.7865 -31.962 12.2489 18.7463 -31.933 12.218
4 32 18.8995 -31.962 12.0793 18.9459 -31.983 12.106 18.8289 -31.983 12.2813 18.7865 -31.962 12.2489
4 32 18.9459 -31.983 12.106 18.9936 -31.9958 12.1336 18.8727 -31.9958 12.3149 18.8289 -31.983 12.2813
4 32 18.9936 -31.9958 12.1336 19.0424 -32 12.1617 18.9173 -32 12.3492 18.8727 -31.9958 12.3149
4 15 18.5755 -31.5 12.0869 18.5785 -31.5652 12.0891 18.4665 -31.5652 12.2165 18.4639 -31.5 12.2139
4 15 18.5785 -31.5652 12.0891 18.5871 -31.6294 12.0958 18.4744 -31.6294 12.2244 18.4665 -31.5652 12.2165
4 15 18.5871 -31.6294 12.0958 18.6014 -31.6914 12.1069 18.4871 -31.6914 12.2371 18.4744 -31.6294 12.2244
4 15 18.6014 -31.6914 12.1069 18.6212 -31.75 12.122 18.5047 -31.75 12.2547 18.4871 -31.6914 12.2371
4 15 18.6212 -31.75 12.122 18.646 -31.8044 12.141 18.5268 -31.8044 12.2768 18.5047 -31.75 12.2547
4 15 18.646 -31.8044 12.141 18.6755 -31.8536 12.1637 18.5532 -31.8536 12.3032 18.5268 -31.8044 12.2768
4 15 18.6755 -31.8536 12.1637 18.7091 -31.8968 12.1894 18.5831 -31.8968 12.3331 18.5532 -31.8536 12.3032
4 15 18.7091 -31.8968 12.1894 18.7463 -31.933 12.218 18.6162 -31.933 12.3662 18.5831 -31.8968 12.3331
4 15 18.7463 -31.933 12.218 18.7865 -31.962 12.2489 18.6519 -31.962 12.4019 18.6162 -31.933 12.3662
4 15 18.7865 -31.962 12.2489 18.8289 -31.983 12.2813 18.6898 -31.983 12.4398 18.6519 -31.962 12.4019
4 15 18.8289 -31.983 12.2813 18.8727 -31.9958 12.3149 18.7288 -31.9958 12.4788 18.6898 -31.983 12.4398
4 15 18.8727 -31.9958 12.3149 18.9173 -32 12.3492 18.7686 -32 12.5186 18.7288 -31.9958 12.4788
4 32 18.3369 -31.5 12.3255 18.4639 -31.5 12.2139 18.4665 -31.5652 12.2165 18.3391 -31.5652 12.3285
4 32 18.4665 -31.5652 12.2165 18.4744 -31.6294 12.2244 18.3458 -31.6294 12.3371 18.3391 -31.5652 12.3285
4 32 18.4744 -31.6294 12.2244 18.4871 -31.6914 12.2371 18.3569 -31.6914 12.3514 18.3458 -31.6294 12.3371
4 32 18.4871 -31.6914 12.2371 18.5047 -31.75 12.2547 18.372 -31.75 12.3712 18.3569 -31.6914 12.3514
4 32 18.5047 -31.75 12.2547 18.5268 -31.8044 12.2768 18.391 -31.8044 12.396 18.372 -31.75 12.3712
4 32 18.5268 -31.8044 12.2768 18.5532 -31.8536 12.3032 18.4137 -31.8536 12.4255 18.391 -31.8044 12.396
4 32 18.5532 -31.8536 12.3032 18.5831 -31.8968 12.3331 18.4394 -31.8968 12.4591 18.4137 -31.8536 12.4255
4 32 18.5831 -31.8968 12.3331 18.6162 -31.933 12.3662 18.468 -31.933 12.4963 18.4394 -31.8968 12.4591
4 32 18.6162 -31.933 12.3662 18.6519 -31.962 12.4019 18.4989 -31.962 12.5365 18.468 -31.933 12.4963
4 32 18.6519 -31.962 12.4019 18.6898 -31.983 12.4398 18.5313 -31.983 12.5789 18.4989 -31.962 12.5365
4 32 18.6898 -31.983 12.4398 18.7288 -31.9958 12.4788 18.5649 -31.9958 12.6227 18.5313 -31.983 12.5789
3 32 18.5992 -32 12.6673 18.5649 -31.9958 12.6227 18.7288 -31.9958 12.4788
3 32 18.7288 -31.9958 12.4788 18.7686 -32 12.5186 18.5992 -32 12.6673
3 15 18.3369 -31.5 12.3255 18.3391 -31.5652 12.3285 18.1981 -31.5652 12.4226
3 15 18.1981 -31.5652 12.4226 18.1963 -31.5 12.4193 18.3369 -31.5 12.3255
4 15 18.3391 -31.5652 12.3285 18.3458 -31.6294 12.3371 18.2037 -31.6294 12.4321 18.1981 -31.5652 12.4226
4 15 18.3458 -31.6294 12.3371 18.3569 -31.6914 12.3514 18.2126 -31.6914 12.4477 18.2037 -31.6294 12.4321
4 15 18.3569 -31.6914 12.3514 18.372 -31.75 12.3712 18.2252 -31.75 12.4693 18.2126 -31.6914 12.4477
4 15 18.372 -31.75 12.3712 18.391 -31.8044 12.396 18.2407 -31.8044 12.4963 18.2252 -31.75 12.4693
4 15 18.391 -31.8044 12.396 18.4137 -31.8536 12.4255 18.2593 -31.8536 12.5286 18.2407 -31.8044 12.4963
4 15 18.4137 -31.8536 12.4255 18.4394 -31.8968 12.4591 18.2805 -31.8968 12.5653 18.2593 -31.8536 12.5286
4 15 18.4394 -31.8968 12.4591 18.468 -31.933 12.4963 18.304 -31.933 12.6059 18.2805 -31.8968 12.5653
4 15 18.468 -31.933 12.4963 18.4989 -31.962 12.5365 18.3293 -31.962 12.6495 18.304 -31.933 12.6059
4 15 18.4989 -31.962 12.5365 18.5313 -31.983 12.5789 18.356 -31.983 12.6959 18.3293 -31.962 12.6495
4 15 18.5313 -31.983 12.5789 18.5649 -31.9958 12.6227 18.3836 -31.9958 12.7436 18.356 -31.983 12.6959
4 15 18.3836 -31.9958 12.7436 18.5649 -31.9958 12.6227 18.5992 -32 12.6673 18.4117 -32 12.7924
4 32 18.1963 -31.5 12.4193 18.1981 -31.5652 12.4226 18.046 -31.5652 12.4975 18.0446 -31.5 12.4941
4 32 18.1981 -31.5652 12.4226 18.2037 -31.6294 12.4321 18.0503 -31.6294 12.5077 18.046 -31.5652 12.4975
4 32 18.2037 -31.6294 12.4321 18.2126 -31.6914 12.4477 18.0572 -31.6914 12.5244 18.0503 -31.6294 12.5077
4 32 18.2126 -31.6914 12.4477 18.2252 -31.75 12.4693 18.0667 -31.75 12.5475 18.0572 -31.6914 12.5244
4 32 18.2252 -31.75 12.4693 18.2407 -31.8044 12.4963 18.0787 -31.8044 12.5763 18.0667 -31.75 12.5475
4 32 18.2407 -31.8044 12.4963 18.2593 -31.8536 12.5286 18.0928 -31.8536 12.6108 18.0787 -31.8044 12.5763
4 32 18.2593 -31.8536 12.5286 18.2805 -31.8968 12.5653 18.1092 -31.8968 12.6499 18.0928 -31.8536 12.6108
4 32 18.2805 -31.8968 12.5653 18.304 -31.933 12.6059 18.1271 -31.933 12.6931 18.1092 -31.8968 12.6499
4 32 18.304 -31.933 12.6059 18.3293 -31.962 12.6495 18.1464 -31.962 12.7398 18.1271 -31.933 12.6931
4 32 18.3293 -31.962 12.6495 18.356 -31.983 12.6959 18.1668 -31.983 12.7891 18.1464 -31.962 12.7398
4 32 18.356 -31.983 12.6959 18.3836 -31.9958 12.7436 18.188 -31.9958 12.8403 18.1668 -31.983 12.7891
4 32 18.3836 -31.9958 12.7436 18.4117 -32 12.7924 18.2095 -32 12.8922 18.188 -31.9958 12.8403
4 15 18.0446 -31.5 12.4941 18.046 -31.5652 12.4975 17.8855 -31.5652 12.552 17.8845 -31.5 12.5484
4 15 18.046 -31.5652 12.4975 18.0503 -31.6294 12.5077 17.8883 -31.6294 12.5627 17.8855 -31.5652 12.552
4 15 18.0503 -31.6294 12.5077 18.0572 -31.6914 12.5244 17.8929 -31.6914 12.5801 17.8883 -31.6294 12.5627
4 15 18.0572 -31.6914 12.5244 18.0667 -31.75 12.5475 17.8995 -31.75 12.6042 17.8929 -31.6914 12.5801
4 15 18.0667 -31.75 12.5475 18.0787 -31.8044 12.5763 17.9076 -31.8044 12.6344 17.8995 -31.75 12.6042
4 15 18.0787 -31.8044 12.5763 18.0928 -31.8536 12.6108 17.9172 -31.8536 12.6704 17.9076 -31.8044 12.6344
4 15 18.0928 -31.8536 12.6108 18.1092 -31.8968 12.6499 17.9281 -31.8968 12.7112 17.9172 -31.8536 12.6704
4 15 18.1092 -31.8968 12.6499 18.1271 -31.933 12.6931 17.9403 -31.933 12.7566 17.9281 -31.8968 12.7112
4 15 18.1271 -31.933 12.6931 18.1464 -31.962 12.7398 17.9533 -31.962 12.8053 17.9403 -31.933 12.7566
4 15 18.1464 -31.962 12.7398 18.1668 -31.983 12.7891 17.9672 -31.983 12.8569 17.9533 -31.962 12.8053
4 15 18.1668 -31.983 12.7891 18.188 -31.9958 12.8403 17.9815 -31.9958 12.9103 17.9672 -31.983 12.8569
4 15 18.188 -31.9958 12.8403 18.2095 -32 12.8922 17.996 -32 12.9646 17.9815 -31.9958 12.9103
4 32 17.8845 -31.5 12.5484 17.8855 -31.5652 12.552 17.7192 -31.5652 12.5851 17.7187 -31.5 12.5814
4 32 17.8855 -31.5652 12.552 17.8883 -31.6294 12.5627 17.7206 -31.6294 12.5959 17.7192 -31.5652 12.5851
4 32 17.8883 -31.6294 12.5627 17.8929 -31.6914 12.5801 17.723 -31.6914 12.6139 17.7206 -31.6294 12.5959
4 32 17.8929 -31.6914 12.5801 17.8995 -31.75 12.6042 17.7261 -31.75 12.6387 17.723 -31.6914 12.6139
4 32 17.8995 -31.75 12.6042 17.9076 -31.8044 12.6344 17.7303 -31.8044 12.6697 17.7261 -31.75 12.6387
4 32 17.9076 -31.8044 12.6344 17.9172 -31.8536 12.6704 17.7351 -31.8536 12.7064 17.7303 -31.8044 12.6697
4 32 17.9172 -31.8536 12.6704 17.9281 -31.8968 12.7112 17.7406 -31.8968 12.7485 17.7351 -31.8536 12.7064
4 32 17.9281 -31.8968 12.7112 17.9403 -31.933 12.7566 17.7468 -31.933 12.795 17.7406 -31.8968 12.7485
4 32 17.9403 -31.933 12.7566 17.9533 -31.962 12.8053 17.7534 -31.962 12.845 17.7468 -31.933 12.795
4 32 17.9533 -31.962 12.8053 17.9672 -31.983 12.8569 17.7604 -31.983 12.898 17.7534 -31.962 12.845
4 32 17.9672 -31.983 12.8569 17.9815 -31.9958 12.9103 17.7675 -31.9958 12.9528 17.7604 -31.983 12.898
4 32 17.9815 -31.9958 12.9103 17.996 -32 12.9646 17.7749 -32 13.0085 17.7675 -31.9958 12.9528
3 15 17.55 -31.5 12.5925 17.7187 -31.5 12.5814 17.7192 -31.5652 12.5851
3 15 17.7192 -31.5652 12.5851 17.55 -31.5653 12.5962 17.55 -31.5 12.5925
4 15 17.7192 -31.5652 12.5851 17.7206 -31.6294 12.5959 17.55 -31.6294 12.6072 17.55 -31.5653 12.5962
4 15 17.7206 -31.6294 12.5959 17.723 -31.6914 12.6139 17.55 -31.6914 12.6253 17.55 -31.6294 12.6072
4 15 17.723 -31.6914 12.6139 17.7261 -31.75 12.6387 17.55 -31.75 12.6502 17.55 -31.6914 12.6253
4 15 17.7261 -31.75 12.6387 17.7303 -31.8044 12.6697 17.55 -31.8044 12.6815 17.55 -31.75 12.6502
4 15 17.7303 -31.8044 12.6697 17.7351 -31.8536 12.7064 17.55 -31.8536 12.7187 17.55 -31.8044 12.6815
4 15 17.7351 -31.8536 12.7064 17.7406 -31.8968 12.7485 17.55 -31.8967 12.761 17.55 -31.8536 12.7187
4 15 17.7406 -31.8968 12.7485 17.7468 -31.933 12.795 17.55 -31.933 12.8079 17.55 -31.8967 12.761
4 15 17.7468 -31.933 12.795 17.7534 -31.962 12.845 17.55 -31.962 12.8584 17.55 -31.933 12.8079
4 15 17.7534 -31.962 12.845 17.7604 -31.983 12.898 17.55 -31.983 12.9118 17.55 -31.962 12.8584
4 15 17.7604 -31.983 12.898 17.7675 -31.9958 12.9528 17.55 -31.9957 12.9671 17.55 -31.983 12.9118
4 15 17.7675 -31.9958 12.9528 17.7749 -32 13.0085 17.55 -32 13.0233 17.55 -31.9957 12.9671

0 // conditional lines
5 24 18.8425 -31.5 11.3 18.8314 -31.5 11.4687 18.8462 -31.5653 11.3 18.8425 -31.4342 11.3
5 24 18.8425 -31.5 11.3 18.8462 -31.5653 11.3 18.8314 -31.5 11.4687 18.8425 -31.5 11.1297
5 24 18.8462 -31.5653 11.3 18.8351 -31.5652 11.4692 18.8572 -31.6294 11.3 18.8425 -31.5 11.3
5 24 18.8462 -31.5653 11.3 18.8572 -31.6294 11.3 18.8351 -31.5652 11.4692 18.8463 -31.5652 11.1292
5 24 18.8572 -31.6294 11.3 18.8459 -31.6294 11.4706 18.8753 -31.6914 11.3 18.8462 -31.5653 11.3
5 24 18.8572 -31.6294 11.3 18.8753 -31.6914 11.3 18.8459 -31.6294 11.4706 18.8571 -31.6294 11.1278
5 24 18.8753 -31.6914 11.3 18.8639 -31.6914 11.473 18.9002 -31.75 11.3 18.8572 -31.6294 11.3
5 24 18.8753 -31.6914 11.3 18.9002 -31.75 11.3 18.8639 -31.6914 11.473 18.8752 -31.6914 11.1254
5 24 18.9002 -31.75 11.3 18.8887 -31.75 11.4761 18.9315 -31.8044 11.3 18.8753 -31.6914 11.3
5 24 18.9002 -31.75 11.3 18.9315 -31.8044 11.3 18.8887 -31.75 11.4761 18.9002 -31.75 11.1222
5 24 18.9315 -31.8044 11.3 18.9197 -31.8044 11.4803 18.9687 -31.8536 11.3 18.9002 -31.75 11.3
5 24 18.9315 -31.8044 11.3 18.9687 -31.8536 11.3 18.9197 -31.8044 11.4803 18.9316 -31.8044 11.118
5 24 18.9687 -31.8536 11.3 18.9564 -31.8536 11.4851 19.011 -31.8967 11.3 18.9315 -31.8044 11.3
5 24 18.9687 -31.8536 11.3 19.011 -31.8967 11.3 18.9564 -31.8536 11.4851 18.9686 -31.8536 11.1132
5 24 19.011 -31.8967 11.3 18.9985 -31.8968 11.4906 19.0579 -31.933 11.3 18.9687 -31.8536 11.3
5 24 19.011 -31.8967 11.3 19.0579 -31.933 11.3 18.9985 -31.8968 11.4906 19.011 -31.8968 11.1075
5 24 19.0579 -31.933 11.3 19.045 -31.933 11.4968 19.1085 -31.962 11.3 19.011 -31.8967 11.3
5 24 19.0579 -31.933 11.3 19.1085 -31.962 11.3 19.045 -31.933 11.4968 19.0579 -31.933 11.1015
5 24 19.1085 -31.962 11.3 19.095 -31.962 11.5034 19.1618 -31.983 11.3 19.0579 -31.933 11.3
5 24 19.1085 -31.962 11.3 19.1618 -31.983 11.3 19.095 -31.962 11.5034 19.1084 -31.962 11.0948
5 24 19.1618 -31.983 11.3 19.148 -31.983 11.5104 19.2171 -31.9957 11.3 19.1085 -31.962 11.3
5 24 19.1618 -31.983 11.3 19.2171 -31.9957 11.3 19.148 -31.983 11.5104 19.1618 -31.983 11.0877
5 24 19.2171 -31.9957 11.3 19.2028 -31.9958 11.5175 19.2733 -32 11.3 19.1618 -31.983 11.3
5 24 19.2171 -31.9957 11.3 19.2733 -32 11.3 19.2028 -31.9958 11.5175 19.2172 -31.9958 11.0804
5 24 19.2733 -32 11.3 19.2585 -32 11.5249 19.33 -32 11.3 19.2171 -31.9957 11.3
5 24 18.8314 -31.5 11.4687 18.7984 -31.5 11.6345 18.8351 -31.5652 11.4692 18.8315 -31.4342 11.4687
5 24 18.8314 -31.5 11.4687 18.8351 -31.5652 11.4692 18.7984 -31.5 11.6345 18.8425 -31.5 11.3
5 24 18.8351 -31.5652 11.4692 18.802 -31.5652 11.6355 18.8459 -31.6294 11.4706 18.8314 -31.5 11.4687
5 24 18.8351 -31.5652 11.4692 18.8459 -31.6294 11.4706 18.802 -31.5652 11.6355 18.8462 -31.5653 11.3
5 24 18.8459 -31.6294 11.4706 18.8127 -31.6294 11.6383 18.8639 -31.6914 11.473 18.8351 -31.5652 11.4692
5 24 18.8459 -31.6294 11.4706 18.8639 -31.6914 11.473 18.8127 -31.6294 11.6383 18.8572 -31.6294 11.3
5 24 18.8639 -31.6914 11.473 18.8301 -31.6914 11.6429 18.8887 -31.75 11.4761 18.8459 -31.6294 11.4706
5 24 18.8639 -31.6914 11.473 18.8887 -31.75 11.4761 18.8301 -31.6914 11.6429 18.8753 -31.6914 11.3
5 24 18.8887 -31.75 11.4761 18.8542 -31.75 11.6495 18.9197 -31.8044 11.4803 18.8639 -31.6914 11.473
5 24 18.8887 -31.75 11.4761 18.9197 -31.8044 11.4803 18.8542 -31.75 11.6495 18.9002 -31.75 11.3
5 24 18.9197 -31.8044 11.4803 18.8844 -31.8044 11.6576 18.9564 -31.8536 11.4851 18.8887 -31.75 11.4761
5 24 18.9197 -31.8044 11.4803 18.9564 -31.8536 11.4851 18.8844 -31.8044 11.6576 18.9315 -31.8044 11.3
5 24 18.9564 -31.8536 11.4851 18.9204 -31.8536 11.6672 18.9985 -31.8968 11.4906 18.9197 -31.8044 11.4803
5 24 18.9564 -31.8536 11.4851 18.9985 -31.8968 11.4906 18.9204 -31.8536 11.6672 18.9687 -31.8536 11.3
5 24 18.9985 -31.8968 11.4906 18.9612 -31.8968 11.6781 19.045 -31.933 11.4968 18.9564 -31.8536 11.4851
5 24 18.9985 -31.8968 11.4906 19.045 -31.933 11.4968 18.9612 -31.8968 11.6781 19.011 -31.8967 11.3
5 24 19.045 -31.933 11.4968 19.0066 -31.933 11.6903 19.095 -31.962 11.5034 18.9985 -31.8968 11.4906
5 24 19.045 -31.933 11.4968 19.095 -31.962 11.5034 19.0066 -31.933 11.6903 19.0579 -31.933 11.3
5 24 19.095 -31.962 11.5034 19.0553 -31.962 11.7033 19.148 -31.983 11.5104 19.045 -31.933 11.4968
5 24 19.095 -31.962 11.5034 19.148 -31.983 11.5104 19.0553 -31.962 11.7033 19.1085 -31.962 11.3
5 24 19.148 -31.983 11.5104 19.1069 -31.983 11.7172 19.2028 -31.9958 11.5175 19.095 -31.962 11.5034
5 24 19.148 -31.983 11.5104 19.2028 -31.9958 11.5175 19.1069 -31.983 11.7172 19.1618 -31.983 11.3
5 24 19.2028 -31.9958 11.5175 19.1603 -31.9958 11.7315 19.2585 -32 11.5249 19.148 -31.983 11.5104
5 24 19.2028 -31.9958 11.5175 19.2585 -32 11.5249 19.1603 -31.9958 11.7315 19.2171 -31.9957 11.3
5 24 19.2585 -32 11.5249 19.2146 -32 11.746 19.3147 -32 11.5323 19.2028 -31.9958 11.5175
5 24 18.7984 -31.5 11.6345 18.7441 -31.5 11.7946 18.802 -31.5652 11.6355 18.7984 -31.4342 11.6345
5 24 18.7984 -31.5 11.6345 18.802 -31.5652 11.6355 18.7441 -31.5 11.7946 18.8314 -31.5 11.4687
5 24 18.802 -31.5652 11.6355 18.7475 -31.5652 11.796 18.8127 -31.6294 11.6383 18.7984 -31.5 11.6345
5 24 18.802 -31.5652 11.6355 18.8127 -31.6294 11.6383 18.7475 -31.5652 11.796 18.8351 -31.5652 11.4692
5 24 18.8127 -31.6294 11.6383 18.7577 -31.6294 11.8003 18.8301 -31.6914 11.6429 18.802 -31.5652 11.6355
5 24 18.8127 -31.6294 11.6383 18.8301 -31.6914 11.6429 18.7577 -31.6294 11.8003 18.8459 -31.6294 11.4706
5 24 18.8301 -31.6914 11.6429 18.7744 -31.6914 11.8072 18.8542 -31.75 11.6495 18.8127 -31.6294 11.6383
5 24 18.8301 -31.6914 11.6429 18.8542 -31.75 11.6495 18.7744 -31.6914 11.8072 18.8639 -31.6914 11.473
5 24 18.8542 -31.75 11.6495 18.7975 -31.75 11.8167 18.8844 -31.8044 11.6576 18.8301 -31.6914 11.6429
5 24 18.8542 -31.75 11.6495 18.8844 -31.8044 11.6576 18.7975 -31.75 11.8167 18.8887 -31.75 11.4761
5 24 18.8844 -31.8044 11.6576 18.8263 -31.8044 11.8287 18.9204 -31.8536 11.6672 18.8542 -31.75 11.6495
5 24 18.8844 -31.8044 11.6576 18.9204 -31.8536 11.6672 18.8263 -31.8044 11.8287 18.9197 -31.8044 11.4803
5 24 18.9204 -31.8536 11.6672 18.8608 -31.8536 11.8428 18.9612 -31.8968 11.6781 18.8844 -31.8044 11.6576
5 24 18.9204 -31.8536 11.6672 18.9612 -31.8968 11.6781 18.8608 -31.8536 11.8428 18.9564 -31.8536 11.4851
5 24 18.9612 -31.8968 11.6781 18.8999 -31.8968 11.8592 19.0066 -31.933 11.6903 18.9204 -31.8536 11.6672
5 24 18.9612 -31.8968 11.6781 19.0066 -31.933 11.6903 18.8999 -31.8968 11.8592 18.9985 -31.8968 11.4906
5 24 19.0066 -31.933 11.6903 18.9431 -31.933 11.8771 19.0553 -31.962 11.7033 18.9612 -31.8968 11.6781
5 24 19.0066 -31.933 11.6903 19.0553 -31.962 11.7033 18.9431 -31.933 11.8771 19.045 -31.933 11.4968
5 24 19.0553 -31.962 11.7033 18.9898 -31.962 11.8964 19.1069 -31.983 11.7172 19.0066 -31.933 11.6903
5 24 19.0553 -31.962 11.7033 19.1069 -31.983 11.7172 18.9898 -31.962 11.8964 19.095 -31.962 11.5034
5 24 19.1069 -31.983 11.7172 19.0391 -31.983 11.9168 19.1603 -31.9958 11.7315 19.0553 -31.962 11.7033
5 24 19.1069 -31.983 11.7172 19.1603 -31.9958 11.7315 19.0391 -31.983 11.9168 19.148 -31.983 11.5104
5 24 19.1603 -31.9958 11.7315 19.0903 -31.9958 11.938 19.2146 -32 11.746 19.1069 -31.983 11.7172
5 24 19.1603 -31.9958 11.7315 19.2146 -32 11.746 19.0903 -31.9958 11.938 19.2028 -31.9958 11.5175
5 24 19.2146 -32 11.746 19.1422 -32 11.9595 19.2694 -32 11.7606 19.1603 -31.9958 11.7315
5 24 18.7441 -31.5 11.7946 18.6693 -31.5 11.9463 18.7475 -31.5652 11.796 18.7441 -31.4342 11.7946
5 24 18.7441 -31.5 11.7946 18.7475 -31.5652 11.796 18.6693 -31.5 11.9463 18.7984 -31.5 11.6345
5 24 18.7475 -31.5652 11.796 18.6726 -31.5652 11.9481 18.7577 -31.6294 11.8003 18.7441 -31.5 11.7946
5 24 18.7475 -31.5652 11.796 18.7577 -31.6294 11.8003 18.6726 -31.5652 11.9481 18.802 -31.5652 11.6355
5 24 18.7577 -31.6294 11.8003 18.6821 -31.6294 11.9537 18.7744 -31.6914 11.8072 18.7475 -31.5652 11.796
5 24 18.7577 -31.6294 11.8003 18.7744 -31.6914 11.8072 18.6821 -31.6294 11.9537 18.8127 -31.6294 11.6383
5 24 18.7744 -31.6914 11.8072 18.6977 -31.6914 11.9626 18.7975 -31.75 11.8167 18.7577 -31.6294 11.8003
5 24 18.7744 -31.6914 11.8072 18.7975 -31.75 11.8167 18.6977 -31.6914 11.9626 18.8301 -31.6914 11.6429
5 24 18.7975 -31.75 11.8167 18.7193 -31.75 11.9752 18.8263 -31.8044 11.8287 18.7744 -31.6914 11.8072
5 24 18.7975 -31.75 11.8167 18.8263 -31.8044 11.8287 18.7193 -31.75 11.9752 18.8542 -31.75 11.6495
5 24 18.8263 -31.8044 11.8287 18.7463 -31.8044 11.9907 18.8608 -31.8536 11.8428 18.7975 -31.75 11.8167
5 24 18.8263 -31.8044 11.8287 18.8608 -31.8536 11.8428 18.7463 -31.8044 11.9907 18.8844 -31.8044 11.6576
5 24 18.8608 -31.8536 11.8428 18.7786 -31.8536 12.0093 18.8999 -31.8968 11.8592 18.8263 -31.8044 11.8287
5 24 18.8608 -31.8536 11.8428 18.8999 -31.8968 11.8592 18.7786 -31.8536 12.0093 18.9204 -31.8536 11.6672
5 24 18.8999 -31.8968 11.8592 18.8153 -31.8968 12.0305 18.9431 -31.933 11.8771 18.8608 -31.8536 11.8428
5 24 18.8999 -31.8968 11.8592 18.9431 -31.933 11.8771 18.8153 -31.8968 12.0305 18.9612 -31.8968 11.6781
5 24 18.9431 -31.933 11.8771 18.8559 -31.933 12.054 18.9898 -31.962 11.8964 18.8999 -31.8968 11.8592
5 24 18.9431 -31.933 11.8771 18.9898 -31.962 11.8964 18.8559 -31.933 12.054 19.0066 -31.933 11.6903
5 24 18.9898 -31.962 11.8964 18.8995 -31.962 12.0793 19.0391 -31.983 11.9168 18.9431 -31.933 11.8771
5 24 18.9898 -31.962 11.8964 19.0391 -31.983 11.9168 18.8995 -31.962 12.0793 19.0553 -31.962 11.7033
5 24 19.0391 -31.983 11.9168 18.9459 -31.983 12.106 19.0903 -31.9958 11.938 18.9898 -31.962 11.8964
5 24 19.0391 -31.983 11.9168 19.0903 -31.9958 11.938 18.9459 -31.983 12.106 19.1069 -31.983 11.7172
5 24 19.0903 -31.9958 11.938 18.9936 -31.9958 12.1336 19.1422 -32 11.9595 19.0391 -31.983 11.9168
5 24 19.0903 -31.9958 11.938 19.1422 -32 11.9595 18.9936 -31.9958 12.1336 19.1603 -31.9958 11.7315
5 24 19.1422 -32 11.9595 19.0424 -32 12.1617 19.1946 -32 11.9812 19.0903 -31.9958 11.938
5 24 18.6693 -31.5 11.9463 18.5755 -31.5 12.0869 18.6726 -31.5652 11.9481 18.6693 -31.4342 11.9462
5 24 18.6693 -31.5 11.9463 18.6726 -31.5652 11.9481 18.5755 -31.5 12.0869 18.7441 -31.5 11.7946
5 24 18.6726 -31.5652 11.9481 18.5785 -31.5652 12.0891 18.6821 -31.6294 11.9537 18.6693 -31.5 11.9463
5 24 18.6726 -31.5652 11.9481 18.6821 -31.6294 11.9537 18.5785 -31.5652 12.0891 18.7475 -31.5652 11.796
5 24 18.6821 -31.6294 11.9537 18.5871 -31.6294 12.0958 18.6977 -31.6914 11.9626 18.6726 -31.5652 11.9481
5 24 18.6821 -31.6294 11.9537 18.6977 -31.6914 11.9626 18.5871 -31.6294 12.0958 18.7577 -31.6294 11.8003
5 24 18.6977 -31.6914 11.9626 18.6014 -31.6914 12.1069 18.7193 -31.75 11.9752 18.6821 -31.6294 11.9537
5 24 18.6977 -31.6914 11.9626 18.7193 -31.75 11.9752 18.6014 -31.6914 12.1069 18.7744 -31.6914 11.8072
5 24 18.7193 -31.75 11.9752 18.6212 -31.75 12.122 18.7463 -31.8044 11.9907 18.6977 -31.6914 11.9626
5 24 18.7193 -31.75 11.9752 18.7463 -31.8044 11.9907 18.6212 -31.75 12.122 18.7975 -31.75 11.8167
5 24 18.7463 -31.8044 11.9907 18.646 -31.8044 12.141 18.7786 -31.8536 12.0093 18.7193 -31.75 11.9752
5 24 18.7463 -31.8044 11.9907 18.7786 -31.8536 12.0093 18.646 -31.8044 12.141 18.8263 -31.8044 11.8287
5 24 18.7786 -31.8536 12.0093 18.6755 -31.8536 12.1637 18.8153 -31.8968 12.0305 18.7463 -31.8044 11.9907
5 24 18.7786 -31.8536 12.0093 18.8153 -31.8968 12.0305 18.6755 -31.8536 12.1637 18.8608 -31.8536 11.8428
5 24 18.8153 -31.8968 12.0305 18.7091 -31.8968 12.1894 18.8559 -31.933 12.054 18.7786 -31.8536 12.0093
5 24 18.8153 -31.8968 12.0305 18.8559 -31.933 12.054 18.7091 -31.8968 12.1894 18.8999 -31.8968 11.8592
5 24 18.8559 -31.933 12.054 18.7463 -31.933 12.218 18.8995 -31.962 12.0793 18.8153 -31.8968 12.0305
5 24 18.8559 -31.933 12.054 18.8995 -31.962 12.0793 18.7463 -31.933 12.218 18.9431 -31.933 11.8771
5 24 18.8995 -31.962 12.0793 18.7865 -31.962 12.2489 18.9459 -31.983 12.106 18.8559 -31.933 12.054
5 24 18.8995 -31.962 12.0793 18.9459 -31.983 12.106 18.7865 -31.962 12.2489 18.9898 -31.962 11.8964
5 24 18.9459 -31.983 12.106 18.8289 -31.983 12.2813 18.9936 -31.9958 12.1336 18.8995 -31.962 12.0793
5 24 18.9459 -31.983 12.106 18.9936 -31.9958 12.1336 18.8289 -31.983 12.2813 19.0391 -31.983 11.9168
5 24 18.9936 -31.9958 12.1336 18.8727 -31.9958 12.3149 19.0424 -32 12.1617 18.9459 -31.983 12.106
5 24 18.9936 -31.9958 12.1336 19.0424 -32 12.1617 18.8727 -31.9958 12.3149 19.0903 -31.9958 11.938
5 24 19.0424 -32 12.1617 18.9173 -32 12.3492 19.0915 -32 12.1901 18.9936 -31.9958 12.1336
5 24 18.5755 -31.5 12.0869 18.4639 -31.5 12.2139 18.5785 -31.5652 12.0891 18.5756 -31.4342 12.0869
5 24 18.5755 -31.5 12.0869 18.5785 -31.5652 12.0891 18.4639 -31.5 12.2139 18.6693 -31.5 11.9463
5 24 18.5785 -31.5652 12.0891 18.4665 -31.5652 12.2165 18.5871 -31.6294 12.0958 18.5755 -31.5 12.0869
5 24 18.5785 -31.5652 12.0891 18.5871 -31.6294 12.0958 18.4665 -31.5652 12.2165 18.6726 -31.5652 11.9481
5 24 18.5871 -31.6294 12.0958 18.4744 -31.6294 12.2244 18.6014 -31.6914 12.1069 18.5785 -31.5652 12.0891
5 24 18.5871 -31.6294 12.0958 18.6014 -31.6914 12.1069 18.4744 -31.6294 12.2244 18.6821 -31.6294 11.9537
5 24 18.6014 -31.6914 12.1069 18.4871 -31.6914 12.2371 18.6212 -31.75 12.122 18.5871 -31.6294 12.0958
5 24 18.6014 -31.6914 12.1069 18.6212 -31.75 12.122 18.4871 -31.6914 12.2371 18.6977 -31.6914 11.9626
5 24 18.6212 -31.75 12.122 18.5047 -31.75 12.2547 18.646 -31.8044 12.141 18.6014 -31.6914 12.1069
5 24 18.6212 -31.75 12.122 18.646 -31.8044 12.141 18.5047 -31.75 12.2547 18.7193 -31.75 11.9752
5 24 18.646 -31.8044 12.141 18.5268 -31.8044 12.2768 18.6755 -31.8536 12.1637 18.6212 -31.75 12.122
5 24 18.646 -31.8044 12.141 18.6755 -31.8536 12.1637 18.5268 -31.8044 12.2768 18.7463 -31.8044 11.9907
5 24 18.6755 -31.8536 12.1637 18.5532 -31.8536 12.3032 18.7091 -31.8968 12.1894 18.646 -31.8044 12.141
5 24 18.6755 -31.8536 12.1637 18.7091 -31.8968 12.1894 18.5532 -31.8536 12.3032 18.7786 -31.8536 12.0093
5 24 18.7091 -31.8968 12.1894 18.5831 -31.8968 12.3331 18.7463 -31.933 12.218 18.6755 -31.8536 12.1637
5 24 18.7091 -31.8968 12.1894 18.7463 -31.933 12.218 18.5831 -31.8968 12.3331 18.8153 -31.8968 12.0305
5 24 18.7463 -31.933 12.218 18.6162 -31.933 12.3662 18.7865 -31.962 12.2489 18.7091 -31.8968 12.1894
5 24 18.7463 -31.933 12.218 18.7865 -31.962 12.2489 18.6162 -31.933 12.3662 18.8559 -31.933 12.054
5 24 18.7865 -31.962 12.2489 18.6519 -31.962 12.4019 18.8289 -31.983 12.2813 18.7463 -31.933 12.218
5 24 18.7865 -31.962 12.2489 18.8289 -31.983 12.2813 18.6519 -31.962 12.4019 18.8995 -31.962 12.0793
5 24 18.8289 -31.983 12.2813 18.6898 -31.983 12.4398 18.8727 -31.9958 12.3149 18.7865 -31.962 12.2489
5 24 18.8289 -31.983 12.2813 18.8727 -31.9958 12.3149 18.6898 -31.983 12.4398 18.9459 -31.983 12.106
5 24 18.8727 -31.9958 12.3149 18.7288 -31.9958 12.4788 18.9173 -32 12.3492 18.8289 -31.983 12.2813
5 24 18.8727 -31.9958 12.3149 18.9173 -32 12.3492 18.7288 -31.9958 12.4788 18.9936 -31.9958 12.1336
5 24 18.9173 -32 12.3492 18.7686 -32 12.5186 18.9623 -32 12.3836 18.8727 -31.9958 12.3149
5 24 18.3369 -31.5 12.3255 18.4639 -31.5 12.2139 18.4665 -31.5652 12.2165 18.4639 -31.4342 12.2139
5 24 18.4639 -31.5 12.2139 18.4665 -31.5652 12.2165 18.3369 -31.5 12.3255 18.5755 -31.5 12.0869
5 24 18.4665 -31.5652 12.2165 18.3391 -31.5652 12.3285 18.4744 -31.6294 12.2244 18.4639 -31.5 12.2139
5 24 18.4665 -31.5652 12.2165 18.4744 -31.6294 12.2244 18.3391 -31.5652 12.3285 18.5785 -31.5652 12.0891
5 24 18.4744 -31.6294 12.2244 18.3458 -31.6294 12.3371 18.4871 -31.6914 12.2371 18.4665 -31.5652 12.2165
5 24 18.4744 -31.6294 12.2244 18.4871 -31.6914 12.2371 18.3458 -31.6294 12.3371 18.5871 -31.6294 12.0958
5 24 18.4871 -31.6914 12.2371 18.3569 -31.6914 12.3514 18.5047 -31.75 12.2547 18.4744 -31.6294 12.2244
5 24 18.4871 -31.6914 12.2371 18.5047 -31.75 12.2547 18.3569 -31.6914 12.3514 18.6014 -31.6914 12.1069
5 24 18.5047 -31.75 12.2547 18.372 -31.75 12.3712 18.5268 -31.8044 12.2768 18.4871 -31.6914 12.2371
5 24 18.5047 -31.75 12.2547 18.5268 -31.8044 12.2768 18.372 -31.75 12.3712 18.6212 -31.75 12.122
5 24 18.5268 -31.8044 12.2768 18.391 -31.8044 12.396 18.5532 -31.8536 12.3032 18.5047 -31.75 12.2547
5 24 18.5268 -31.8044 12.2768 18.5532 -31.8536 12.3032 18.391 -31.8044 12.396 18.646 -31.8044 12.141
5 24 18.5532 -31.8536 12.3032 18.4137 -31.8536 12.4255 18.5831 -31.8968 12.3331 18.5268 -31.8044 12.2768
5 24 18.5532 -31.8536 12.3032 18.5831 -31.8968 12.3331 18.4137 -31.8536 12.4255 18.6755 -31.8536 12.1637
5 24 18.5831 -31.8968 12.3331 18.4394 -31.8968 12.4591 18.6162 -31.933 12.3662 18.5532 -31.8536 12.3032
5 24 18.5831 -31.8968 12.3331 18.6162 -31.933 12.3662 18.4394 -31.8968 12.4591 18.7091 -31.8968 12.1894
5 24 18.6162 -31.933 12.3662 18.468 -31.933 12.4963 18.6519 -31.962 12.4019 18.5831 -31.8968 12.3331
5 24 18.6162 -31.933 12.3662 18.6519 -31.962 12.4019 18.468 -31.933 12.4963 18.7463 -31.933 12.218
5 24 18.6519 -31.962 12.4019 18.4989 -31.962 12.5365 18.6898 -31.983 12.4398 18.6162 -31.933 12.3662
5 24 18.6519 -31.962 12.4019 18.6898 -31.983 12.4398 18.4989 -31.962 12.5365 18.7865 -31.962 12.2489
5 24 18.6898 -31.983 12.4398 18.5313 -31.983 12.5789 18.7288 -31.9958 12.4788 18.6519 -31.962 12.4019
5 24 18.6898 -31.983 12.4398 18.7288 -31.9958 12.4788 18.5313 -31.983 12.5789 18.8289 -31.983 12.2813
5 24 18.7288 -31.9958 12.4788 18.5649 -31.9958 12.6227 18.7686 -32 12.5186 18.6898 -31.983 12.4398
5 24 18.7288 -31.9958 12.4788 18.7686 -32 12.5186 18.5649 -31.9958 12.6227 18.8727 -31.9958 12.3149
5 24 18.7686 -32 12.5186 18.5992 -32 12.6673 18.8087 -32 12.5587 18.7288 -31.9958 12.4788
5 24 18.3369 -31.5 12.3255 18.1963 -31.5 12.4193 18.3391 -31.5652 12.3285 18.3369 -31.4342 12.3256
5 24 18.3369 -31.5 12.3255 18.3391 -31.5652 12.3285 18.1963 -31.5 12.4193 18.4639 -31.5 12.2139
5 24 18.3391 -31.5652 12.3285 18.1981 -31.5652 12.4226 18.3458 -31.6294 12.3371 18.3369 -31.5 12.3255
5 24 18.3391 -31.5652 12.3285 18.3458 -31.6294 12.3371 18.1981 -31.5652 12.4226 18.4665 -31.5652 12.2165
5 24 18.3458 -31.6294 12.3371 18.2037 -31.6294 12.4321 18.3569 -31.6914 12.3514 18.3391 -31.5652 12.3285
5 24 18.3458 -31.6294 12.3371 18.3569 -31.6914 12.3514 18.2037 -31.6294 12.4321 18.4744 -31.6294 12.2244
5 24 18.3569 -31.6914 12.3514 18.2126 -31.6914 12.4477 18.372 -31.75 12.3712 18.3458 -31.6294 12.3371
5 24 18.3569 -31.6914 12.3514 18.372 -31.75 12.3712 18.2126 -31.6914 12.4477 18.4871 -31.6914 12.2371
5 24 18.372 -31.75 12.3712 18.2252 -31.75 12.4693 18.391 -31.8044 12.396 18.3569 -31.6914 12.3514
5 24 18.372 -31.75 12.3712 18.391 -31.8044 12.396 18.2252 -31.75 12.4693 18.5047 -31.75 12.2547
5 24 18.391 -31.8044 12.396 18.2407 -31.8044 12.4963 18.4137 -31.8536 12.4255 18.372 -31.75 12.3712
5 24 18.391 -31.8044 12.396 18.4137 -31.8536 12.4255 18.2407 -31.8044 12.4963 18.5268 -31.8044 12.2768
5 24 18.4137 -31.8536 12.4255 18.2593 -31.8536 12.5286 18.4394 -31.8968 12.4591 18.391 -31.8044 12.396
5 24 18.4137 -31.8536 12.4255 18.4394 -31.8968 12.4591 18.2593 -31.8536 12.5286 18.5532 -31.8536 12.3032
5 24 18.4394 -31.8968 12.4591 18.2805 -31.8968 12.5653 18.468 -31.933 12.4963 18.4137 -31.8536 12.4255
5 24 18.4394 -31.8968 12.4591 18.468 -31.933 12.4963 18.2805 -31.8968 12.5653 18.5831 -31.8968 12.3331
5 24 18.468 -31.933 12.4963 18.304 -31.933 12.6059 18.4989 -31.962 12.5365 18.4394 -31.8968 12.4591
5 24 18.468 -31.933 12.4963 18.4989 -31.962 12.5365 18.304 -31.933 12.6059 18.6162 -31.933 12.3662
5 24 18.4989 -31.962 12.5365 18.3293 -31.962 12.6495 18.5313 -31.983 12.5789 18.468 -31.933 12.4963
5 24 18.4989 -31.962 12.5365 18.5313 -31.983 12.5789 18.3293 -31.962 12.6495 18.6519 -31.962 12.4019
5 24 18.5313 -31.983 12.5789 18.356 -31.983 12.6959 18.5649 -31.9958 12.6227 18.4989 -31.962 12.5365
5 24 18.5313 -31.983 12.5789 18.5649 -31.9958 12.6227 18.356 -31.983 12.6959 18.6898 -31.983 12.4398
5 24 18.5649 -31.9958 12.6227 18.3836 -31.9958 12.7436 18.5992 -32 12.6673 18.5313 -31.983 12.5789
5 24 18.5649 -31.9958 12.6227 18.5992 -32 12.6673 18.3836 -31.9958 12.7436 18.7288 -31.9958 12.4788
5 24 18.4117 -32 12.7924 18.5992 -32 12.6673 18.6336 -32 12.7123 18.5649 -31.9958 12.6227
5 24 18.1963 -31.5 12.4193 18.0446 -31.5 12.4941 18.1981 -31.5652 12.4226 18.1962 -31.4342 12.4193
5 24 18.1963 -31.5 12.4193 18.1981 -31.5652 12.4226 18.0446 -31.5 12.4941 18.3369 -31.5 12.3255
5 24 18.1981 -31.5652 12.4226 18.046 -31.5652 12.4975 18.2037 -31.6294 12.4321 18.1963 -31.5 12.4193
5 24 18.1981 -31.5652 12.4226 18.2037 -31.6294 12.4321 18.046 -31.5652 12.4975 18.3391 -31.5652 12.3285
5 24 18.2037 -31.6294 12.4321 18.0503 -31.6294 12.5077 18.2126 -31.6914 12.4477 18.1981 -31.5652 12.4226
5 24 18.2037 -31.6294 12.4321 18.2126 -31.6914 12.4477 18.0503 -31.6294 12.5077 18.3458 -31.6294 12.3371
5 24 18.2126 -31.6914 12.4477 18.0572 -31.6914 12.5244 18.2252 -31.75 12.4693 18.2037 -31.6294 12.4321
5 24 18.2126 -31.6914 12.4477 18.2252 -31.75 12.4693 18.0572 -31.6914 12.5244 18.3569 -31.6914 12.3514
5 24 18.2252 -31.75 12.4693 18.0667 -31.75 12.5475 18.2407 -31.8044 12.4963 18.2126 -31.6914 12.4477
5 24 18.2252 -31.75 12.4693 18.2407 -31.8044 12.4963 18.0667 -31.75 12.5475 18.372 -31.75 12.3712
5 24 18.2407 -31.8044 12.4963 18.0787 -31.8044 12.5763 18.2593 -31.8536 12.5286 18.2252 -31.75 12.4693
5 24 18.2407 -31.8044 12.4963 18.2593 -31.8536 12.5286 18.0787 -31.8044 12.5763 18.391 -31.8044 12.396
5 24 18.2593 -31.8536 12.5286 18.0928 -31.8536 12.6108 18.2805 -31.8968 12.5653 18.2407 -31.8044 12.4963
5 24 18.2593 -31.8536 12.5286 18.2805 -31.8968 12.5653 18.0928 -31.8536 12.6108 18.4137 -31.8536 12.4255
5 24 18.2805 -31.8968 12.5653 18.1092 -31.8968 12.6499 18.304 -31.933 12.6059 18.2593 -31.8536 12.5286
5 24 18.2805 -31.8968 12.5653 18.304 -31.933 12.6059 18.1092 -31.8968 12.6499 18.4394 -31.8968 12.4591
5 24 18.304 -31.933 12.6059 18.1271 -31.933 12.6931 18.3293 -31.962 12.6495 18.2805 -31.8968 12.5653
5 24 18.304 -31.933 12.6059 18.3293 -31.962 12.6495 18.1271 -31.933 12.6931 18.468 -31.933 12.4963
5 24 18.3293 -31.962 12.6495 18.1464 -31.962 12.7398 18.356 -31.983 12.6959 18.304 -31.933 12.6059
5 24 18.3293 -31.962 12.6495 18.356 -31.983 12.6959 18.1464 -31.962 12.7398 18.4989 -31.962 12.5365
5 24 18.356 -31.983 12.6959 18.1668 -31.983 12.7891 18.3836 -31.9958 12.7436 18.3293 -31.962 12.6495
5 24 18.356 -31.983 12.6959 18.3836 -31.9958 12.7436 18.1668 -31.983 12.7891 18.5313 -31.983 12.5789
5 24 18.3836 -31.9958 12.7436 18.188 -31.9958 12.8403 18.4117 -32 12.7924 18.356 -31.983 12.6959
5 24 18.3836 -31.9958 12.7436 18.4117 -32 12.7924 18.188 -31.9958 12.8403 18.5649 -31.9958 12.6227
5 24 18.4117 -32 12.7924 18.2095 -32 12.8922 18.4401 -32 12.8415 18.3836 -31.9958 12.7436
5 24 18.0446 -31.5 12.4941 17.8845 -31.5 12.5484 18.046 -31.5652 12.4975 18.0446 -31.4342 12.4941
5 24 18.0446 -31.5 12.4941 18.046 -31.5652 12.4975 17.8845 -31.5 12.5484 18.1963 -31.5 12.4193
5 24 18.046 -31.5652 12.4975 17.8855 -31.5652 12.552 18.0503 -31.6294 12.5077 18.0446 -31.5 12.4941
5 24 18.046 -31.5652 12.4975 18.0503 -31.6294 12.5077 17.8855 -31.5652 12.552 18.1981 -31.5652 12.4226
5 24 18.0503 -31.6294 12.5077 17.8883 -31.6294 12.5627 18.0572 -31.6914 12.5244 18.046 -31.5652 12.4975
5 24 18.0503 -31.6294 12.5077 18.0572 -31.6914 12.5244 17.8883 -31.6294 12.5627 18.2037 -31.6294 12.4321
5 24 18.0572 -31.6914 12.5244 17.8929 -31.6914 12.5801 18.0667 -31.75 12.5475 18.0503 -31.6294 12.5077
5 24 18.0572 -31.6914 12.5244 18.0667 -31.75 12.5475 17.8929 -31.6914 12.5801 18.2126 -31.6914 12.4477
5 24 18.0667 -31.75 12.5475 17.8995 -31.75 12.6042 18.0787 -31.8044 12.5763 18.0572 -31.6914 12.5244
5 24 18.0667 -31.75 12.5475 18.0787 -31.8044 12.5763 17.8995 -31.75 12.6042 18.2252 -31.75 12.4693
5 24 18.0787 -31.8044 12.5763 17.9076 -31.8044 12.6344 18.0928 -31.8536 12.6108 18.0667 -31.75 12.5475
5 24 18.0787 -31.8044 12.5763 18.0928 -31.8536 12.6108 17.9076 -31.8044 12.6344 18.2407 -31.8044 12.4963
5 24 18.0928 -31.8536 12.6108 17.9172 -31.8536 12.6704 18.1092 -31.8968 12.6499 18.0787 -31.8044 12.5763
5 24 18.0928 -31.8536 12.6108 18.1092 -31.8968 12.6499 17.9172 -31.8536 12.6704 18.2593 -31.8536 12.5286
5 24 18.1092 -31.8968 12.6499 17.9281 -31.8968 12.7112 18.1271 -31.933 12.6931 18.0928 -31.8536 12.6108
5 24 18.1092 -31.8968 12.6499 18.1271 -31.933 12.6931 17.9281 -31.8968 12.7112 18.2805 -31.8968 12.5653
5 24 18.1271 -31.933 12.6931 17.9403 -31.933 12.7566 18.1464 -31.962 12.7398 18.1092 -31.8968 12.6499
5 24 18.1271 -31.933 12.6931 18.1464 -31.962 12.7398 17.9403 -31.933 12.7566 18.304 -31.933 12.6059
5 24 18.1464 -31.962 12.7398 17.9533 -31.962 12.8053 18.1668 -31.983 12.7891 18.1271 -31.933 12.6931
5 24 18.1464 -31.962 12.7398 18.1668 -31.983 12.7891 17.9533 -31.962 12.8053 18.3293 -31.962 12.6495
5 24 18.1668 -31.983 12.7891 17.9672 -31.983 12.8569 18.188 -31.9958 12.8403 18.1464 -31.962 12.7398
5 24 18.1668 -31.983 12.7891 18.188 -31.9958 12.8403 17.9672 -31.983 12.8569 18.356 -31.983 12.6959
5 24 18.188 -31.9958 12.8403 17.9815 -31.9958 12.9103 18.2095 -32 12.8922 18.1668 -31.983 12.7891
5 24 18.188 -31.9958 12.8403 18.2095 -32 12.8922 17.9815 -31.9958 12.9103 18.3836 -31.9958 12.7436
5 24 18.2095 -32 12.8922 17.996 -32 12.9646 18.2312 -32 12.9446 18.188 -31.9958 12.8403
5 24 17.8845 -31.5 12.5484 17.7187 -31.5 12.5814 17.8855 -31.5652 12.552 17.8845 -31.4342 12.5484
5 24 17.8845 -31.5 12.5484 17.8855 -31.5652 12.552 17.7187 -31.5 12.5814 18.0446 -31.5 12.4941
5 24 17.8855 -31.5652 12.552 17.7192 -31.5652 12.5851 17.8883 -31.6294 12.5627 17.8845 -31.5 12.5484
5 24 17.8855 -31.5652 12.552 17.8883 -31.6294 12.5627 17.7192 -31.5652 12.5851 18.046 -31.5652 12.4975
5 24 17.8883 -31.6294 12.5627 17.7206 -31.6294 12.5959 17.8929 -31.6914 12.5801 17.8855 -31.5652 12.552
5 24 17.8883 -31.6294 12.5627 17.8929 -31.6914 12.5801 17.7206 -31.6294 12.5959 18.0503 -31.6294 12.5077
5 24 17.8929 -31.6914 12.5801 17.723 -31.6914 12.6139 17.8995 -31.75 12.6042 17.8883 -31.6294 12.5627
5 24 17.8929 -31.6914 12.5801 17.8995 -31.75 12.6042 17.723 -31.6914 12.6139 18.0572 -31.6914 12.5244
5 24 17.8995 -31.75 12.6042 17.7261 -31.75 12.6387 17.9076 -31.8044 12.6344 17.8929 -31.6914 12.5801
5 24 17.8995 -31.75 12.6042 17.9076 -31.8044 12.6344 17.7261 -31.75 12.6387 18.0667 -31.75 12.5475
5 24 17.9076 -31.8044 12.6344 17.7303 -31.8044 12.6697 17.9172 -31.8536 12.6704 17.8995 -31.75 12.6042
5 24 17.9076 -31.8044 12.6344 17.9172 -31.8536 12.6704 17.7303 -31.8044 12.6697 18.0787 -31.8044 12.5763
5 24 17.9172 -31.8536 12.6704 17.7351 -31.8536 12.7064 17.9281 -31.8968 12.7112 17.9076 -31.8044 12.6344
5 24 17.9172 -31.8536 12.6704 17.9281 -31.8968 12.7112 17.7351 -31.8536 12.7064 18.0928 -31.8536 12.6108
5 24 17.9281 -31.8968 12.7112 17.7406 -31.8968 12.7485 17.9403 -31.933 12.7566 17.9172 -31.8536 12.6704
5 24 17.9281 -31.8968 12.7112 17.9403 -31.933 12.7566 17.7406 -31.8968 12.7485 18.1092 -31.8968 12.6499
5 24 17.9403 -31.933 12.7566 17.7468 -31.933 12.795 17.9533 -31.962 12.8053 17.9281 -31.8968 12.7112
5 24 17.9403 -31.933 12.7566 17.9533 -31.962 12.8053 17.7468 -31.933 12.795 18.1271 -31.933 12.6931
5 24 17.9533 -31.962 12.8053 17.7534 -31.962 12.845 17.9672 -31.983 12.8569 17.9403 -31.933 12.7566
5 24 17.9533 -31.962 12.8053 17.9672 -31.983 12.8569 17.7534 -31.962 12.845 18.1464 -31.962 12.7398
5 24 17.9672 -31.983 12.8569 17.7604 -31.983 12.898 17.9815 -31.9958 12.9103 17.9533 -31.962 12.8053
5 24 17.9672 -31.983 12.8569 17.9815 -31.9958 12.9103 17.7604 -31.983 12.898 18.1668 -31.983 12.7891
5 24 17.9815 -31.9958 12.9103 17.7675 -31.9958 12.9528 17.996 -32 12.9646 17.9672 -31.983 12.8569
5 24 17.9815 -31.9958 12.9103 17.996 -32 12.9646 17.7675 -31.9958 12.9528 18.188 -31.9958 12.8403
5 24 17.996 -32 12.9646 17.7749 -32 13.0085 18.0106 -32 13.0194 17.9815 -31.9958 12.9103
5 24 17.7187 -31.5 12.5814 17.55 -31.5 12.5925 17.7192 -31.5652 12.5851 17.7187 -31.4342 12.5815
5 24 17.7187 -31.5 12.5814 17.7192 -31.5652 12.5851 17.55 -31.5 12.5925 17.8845 -31.5 12.5484
5 24 17.7192 -31.5652 12.5851 17.55 -31.5653 12.5962 17.7206 -31.6294 12.5959 17.7187 -31.5 12.5814
5 24 17.7192 -31.5652 12.5851 17.7206 -31.6294 12.5959 17.55 -31.5653 12.5962 17.8855 -31.5652 12.552
5 24 17.7206 -31.6294 12.5959 17.55 -31.6294 12.6072 17.723 -31.6914 12.6139 17.7192 -31.5652 12.5851
5 24 17.7206 -31.6294 12.5959 17.723 -31.6914 12.6139 17.55 -31.6294 12.6072 17.8883 -31.6294 12.5627
5 24 17.723 -31.6914 12.6139 17.55 -31.6914 12.6253 17.7261 -31.75 12.6387 17.7206 -31.6294 12.5959
5 24 17.723 -31.6914 12.6139 17.7261 -31.75 12.6387 17.55 -31.6914 12.6253 17.8929 -31.6914 12.5801
5 24 17.7261 -31.75 12.6387 17.55 -31.75 12.6502 17.7303 -31.8044 12.6697 17.723 -31.6914 12.6139
5 24 17.7261 -31.75 12.6387 17.7303 -31.8044 12.6697 17.55 -31.75 12.6502 17.8995 -31.75 12.6042
5 24 17.7303 -31.8044 12.6697 17.55 -31.8044 12.6815 17.7351 -31.8536 12.7064 17.7261 -31.75 12.6387
5 24 17.7303 -31.8044 12.6697 17.7351 -31.8536 12.7064 17.55 -31.8044 12.6815 17.9076 -31.8044 12.6344
5 24 17.7351 -31.8536 12.7064 17.55 -31.8536 12.7187 17.7406 -31.8968 12.7485 17.7303 -31.8044 12.6697
5 24 17.7351 -31.8536 12.7064 17.7406 -31.8968 12.7485 17.55 -31.8536 12.7187 17.9172 -31.8536 12.6704
5 24 17.7406 -31.8968 12.7485 17.55 -31.8967 12.761 17.7468 -31.933 12.795 17.7351 -31.8536 12.7064
5 24 17.7406 -31.8968 12.7485 17.7468 -31.933 12.795 17.55 -31.8967 12.761 17.9281 -31.8968 12.7112
5 24 17.7468 -31.933 12.795 17.55 -31.933 12.8079 17.7534 -31.962 12.845 17.7406 -31.8968 12.7485
5 24 17.7468 -31.933 12.795 17.7534 -31.962 12.845 17.55 -31.933 12.8079 17.9403 -31.933 12.7566
5 24 17.7534 -31.962 12.845 17.55 -31.962 12.8584 17.7604 -31.983 12.898 17.7468 -31.933 12.795
5 24 17.7534 -31.962 12.845 17.7604 -31.983 12.898 17.55 -31.962 12.8584 17.9533 -31.962 12.8053
5 24 17.7604 -31.983 12.898 17.55 -31.983 12.9118 17.7675 -31.9958 12.9528 17.7534 -31.962 12.845
5 24 17.7604 -31.983 12.898 17.7675 -31.9958 12.9528 17.55 -31.983 12.9118 17.9672 -31.983 12.8569
5 24 17.7675 -31.9958 12.9528 17.55 -31.9957 12.9671 17.7749 -32 13.0085 17.7604 -31.983 12.898
5 24 17.7675 -31.9958 12.9528 17.7749 -32 13.0085 17.55 -31.9957 12.9671 17.9815 -31.9958 12.9103
5 24 17.7749 -32 13.0085 17.55 -32 13.0233 17.7823 -32 13.0647 17.7675 -31.9958 12.9528
5 24 17.55 -31.5653 12.5962 17.55 -31.5 12.5925 17.3797 -31.5 12.5925 17.7187 -31.5 12.5814
5 24 17.55 -31.5653 12.5962 17.55 -31.6294 12.6072 17.3792 -31.5652 12.5963 17.7192 -31.5652 12.5851
5 24 17.55 -31.6294 12.6072 17.55 -31.6914 12.6253 17.3778 -31.6294 12.6071 17.7206 -31.6294 12.5959
5 24 17.55 -31.6914 12.6253 17.55 -31.75 12.6502 17.3754 -31.6914 12.6252 17.723 -31.6914 12.6139
5 24 17.55 -31.75 12.6502 17.55 -31.8044 12.6815 17.3722 -31.75 12.6502 17.7261 -31.75 12.6387
5 24 17.55 -31.8044 12.6815 17.55 -31.8536 12.7187 17.368 -31.8044 12.6816 17.7303 -31.8044 12.6697
5 24 17.55 -31.8536 12.7187 17.55 -31.8967 12.761 17.3632 -31.8536 12.7186 17.7351 -31.8536 12.7064
5 24 17.55 -31.8967 12.761 17.55 -31.933 12.8079 17.3575 -31.8968 12.761 17.7406 -31.8968 12.7485
5 24 17.55 -31.933 12.8079 17.55 -31.962 12.8584 17.3515 -31.933 12.8079 17.7468 -31.933 12.795
5 24 17.55 -31.962 12.8584 17.55 -31.983 12.9118 17.3448 -31.962 12.8584 17.7534 -31.962 12.845
5 24 17.55 -31.983 12.9118 17.55 -31.9957 12.9671 17.3377 -31.983 12.9118 17.7604 -31.983 12.898
5 24 17.55 -31.9957 12.9671 17.55 -32 13.0233 17.3304 -31.9958 12.9672 17.7675 -31.9958 12.9528
