0 ~| Fx Bricks V2 - Base Sidewall with Pin Holes
0 Name: s\t1080s01.dat
0 Author: Ulrich Röder [UR]
0 !LDRAW_ORG Unofficial_Subpart 
0 !LICENSE Redistributable under CCAL version 2.0 : see CAreadme.txt

0 BFC CERTIFY CCW


1 16 30 -14 -23 .25 0 0 0 0 -.25 0 -1 0 48\2-4ring32.dat
1 16 10 -14 -23 .25 0 0 0 0 -.25 0 -1 0 2-4ring32.dat
0 BFC INVERTNEXT
1 16 30 -14 -38 6 0 0 0 0 -6 0 15 0 48\4-4cylo.dat
1 16 30 -14 -23 2 0 0 0 0 -2 0 -1 0 48\2-4ring3.dat
1 16 30 -14 -36.5 -8.25 0 0 0 0 -8.25 0 13.5 0 48\1-4cylo.dat
1 16 30 -14 -36.5 0 0 8.25 -8.25 0 0 0 13.5 0 48\1-8cylo.dat
1 16 30 -14 -23 8.25 0 0 0 0 -8.25 0 1 0 48\1-8edge.dat
1 16 30 -14 -36.5 8.25 0 0 0 0 -8.25 0 -1 0 48\2-4ndis.dat
1 16 30 -14 -38 2 0 0 0 0 -2 0 1 0 48\4-4ring3.dat
0 BFC INVERTNEXT
1 16 30 -14 -38 8 0 0 0 0 -8 0 -2 0 48\4-4cylo.dat
1 16 30 -14 -40 8 0 0 0 0 -8 0 1 0 48\4-4ndis.dat
1 16 30 -14 -23 6 0 0 0 0 6 0 -1 0 48\2-4ndis.dat
1 16 10 -14 -38 2 0 0 0 0 -2 0 1 0 4-4ring3.dat
0 BFC INVERTNEXT
1 16 10 -14 -38 8 0 0 0 0 -8 0 -2 0 4-4cylo.dat
0 BFC INVERTNEXT
1 16 10 -14 -38 6 0 0 0 0 -6 0 15 0 4-4cylo.dat
1 16 10 -14 -23 6 0 0 0 0 6 0 -1 0 2-4ndis.dat
1 16 10 -14 -40 8 0 0 0 0 -8 0 1 0 4-4ndis.dat
1 16 10 -14 -36.5 8.25 0 0 0 0 -8.25 0 -1 0 2-4ndis.dat
1 16 10 -14 -23 2 0 0 0 0 -2 0 -1 0 2-4ring3.dat
1 16 10 -14 -36.5 8.25 0 0 0 0 -8.25 0 13.5 0 2-4cylo.dat

0 BFC INVERTNEXT
1 16 46.5 -34.175 -25.5 0 3.5 0 .375 0 0 0 0 -.375 1-4cylo.dat
1 16 46.5 -34.175 -25.5 0 1 0 .375 0 0 0 0 -.375 1-4ndis.dat
1 16 50 -34.175 -25.5 0 -1 0 .375 0 0 0 0 -.375 1-4ndis.dat
3 16 50 -33.8 -25.5 50 -33.8 -25.875 50 0 -40
4 16 50 0 -40 50 -33.8 -25.875 50 -34.175 -25.875 50 -36 -40
3 16 50 -36 -25.875 50 -36 -40 50 -34.175 -25.875
3 16 46.5 -36 -36.5 46.5 -36 -25.875 46.5 -34.175 -25.875
4 16 50 -36 -40 50 -36 -25.875 46.5 -36 -25.875 46.5 -36 -36.5
1 16 48.25 -35.0875 -25.875 -1.75 0 0 0 0 -.9125 0 -1 0 rect3.dat
0 BFC INVERTNEXT
1 16 -39.75 -5.75 -31 1 0 0 0 -.5 0 0 0 1 48\4-4con4.dat
0 BFC INVERTNEXT
1 16 39.75 -5.75 -31 5 0 0 0 .75 0 0 0 5 48\4-4cylo.dat
0 BFC INVERTNEXT
1 16 39.75 -6.25 -31 -1 0 0 0 -1.25 0 0 0 -1 48\4-4con3.dat
0 BFC INVERTNEXT
1 16 39.75 -5.75 -31 -1 0 0 0 -.5 0 0 0 -1 48\4-4con4.dat
1 16 -30 0 -30 3.8 0 0 0 -5 0 0 0 3.8 4-4cylo.dat
0 BFC INVERTNEXT
1 16 -30 0 -30 1.8 0 0 0 -5 0 0 0 1.8 4-4cylo.dat
1 16 -30 0 -30 1.8 0 0 0 -1 0 0 0 1.8 4-4ring1.dat
1 16 -30 0 -30 .2 0 0 0 -1 0 0 0 .2 4-4rin18.dat
1 16 -10 0 -30 3.8 0 0 0 -5 0 0 0 3.8 4-4cylo.dat
0 BFC INVERTNEXT
1 16 -10 0 -30 1.8 0 0 0 -5 0 0 0 1.8 4-4cylo.dat
1 16 -10 0 -30 1.8 0 0 0 -1 0 0 0 1.8 4-4ring1.dat
1 16 -10 0 -30 .2 0 0 0 -1 0 0 0 .2 4-4rin18.dat
1 16 39.75 -5 -31 5 0 0 0 -1 0 0 0 5 48\4-4ndis.dat

3 16 -5.94 -17.96 -20.33 -7.29 -20.3 -21.95 -6.35 -18.68 -23.58
3 16 21.7494 -8 -23.0014 46.5 -8 -11.7 18.2506 -8 -23.0014
3 16 21.7494 -8 -23.0014 24 -8 -23 46.5 -8 -11.7
3 16 -5.94 -17.96 -20.33 -.19 -8 -20.33 -5.93875 -8 -20.3275
3 16 46.5 -8 -11.7 30 -8 -23 36 -8 -23
3 16 30 -8 -23 46.5 -8 -11.7 24 -8 -23
4 16 -6.35 -18.68 -23.58 -14 -25 -17.25 -46.5 -25 -17.25 -46.5 -18.68 -23.58
4 16 -6.35 -18.68 -23.58 -.19 -8 -23.58 -.19 -8 -20.33 -5.94 -17.96 -20.33
4 16 -.19 -8 -20.33 -.19 -8 -23.58 1.7494 -8 -36.5 1.7494 -8 -23.0014
3 16 -.19 -8 -20.33 1.7494 -8 -23.0014 10 -8 -23
4 16 16 -8 -23 -5.9 -8 -11.7 -.19 -8 -20.33 10 -8 -23
4 16 16 -8 -23 18.2506 -8 -23.0014 46.5 -8 -11.7 -5.9 -8 -11.7
4 16 -.19 -8 -23.58 -6.35 -18.68 -23.58 -46.5 -18.68 -23.58 -46.5 -8 -23.58
4 16 -5.9 -8 -11.7 -5.9 -16.5 -11.2 -5.94 -17.96 -20.33 -5.93875 -8 -20.3275
1 16 20.3 -16.5 -10 -26.2 0 0 0 1 0 0 0 -1.2 rect3.dat
1 16 20.3 -12.25 -11.45 -26.2 0 0 0 1 4.25 0 0 -.25 rect3.dat
3 16 38.2506 -8 -23.0014 46.5 -8 -11.7 36 -8 -23
3 16 -5.93875 -8 -20.3275 -.19 -8 -20.33 -5.9 -8 -11.7
3 16 -7.29 -20.3 -21.95 -14 -25 -17.25 -6.35 -18.68 -23.58

2 24 -6.35 -18.68 -23.58 -.19 -8 -23.58
2 24 -5.93875 -8 -20.3275 -5.94 -17.96 -20.33
2 24 -46.5 -18.68 -23.58 -46.5 -25 -17.25
2 24 -.19 -8 -23.58 -46.5 -8 -23.58
2 24 -.19 -8 -20.33 -5.93875 -8 -20.3275
2 24 -5.94 -17.96 -20.33 -.19 -8 -20.33
2 24 -5.9 -8 -11.7 -5.93875 -8 -20.3275
2 24 -46.5 -8 -23.58 -46.5 -18.68 -23.58
2 24 -.19 -8 -23.58 -.19 -8 -20.33
2 24 -46.5 -25 -17.25 -14 -25 -17.25
2 24 -46.5 -18.68 -23.58 -6.35 -18.68 -23.58
2 24 -7.29 -20.3 -21.95 -14 -25 -17.25
2 24 -6.35 -18.68 -23.58 -7.29 -20.3 -21.95

4 16 -50 -16.5 -20.25 -50 -16.5 -10.125 -46.1 -16.5 -10.125 -46.1 -16.5 -16.1
3 16 38 -14 -40 38 -6 -40 50 0 -40
4 16 50 0 -40 50 -36 -40 38 -22 -40 38 -14 -40
4 16 21.75 -14 -36.5 21.7494 -8 -36.5 18.2506 -8 -36.5 18.25 -14 -36.5
4 16 18.25 -22.25 -36.5 21.75 -22.25 -36.5 21.75 -14 -36.5 18.25 -14 -36.5
1 16 20 -8 -29.7507 1.7494 0 0 0 1 0 0 0 6.7493 rect.dat
4 16 1.75 -14 -36.5 1.75 -14 -23 1.7494 -8 -23.0014 1.7494 -8 -36.5
4 16 21.75 -14 -36.5 21.75 -14 -23 21.7494 -8 -23.0014 21.7494 -8 -36.5
4 16 18.2506 -8 -23.0014 18.25 -14 -23 18.25 -14 -36.5 18.2506 -8 -36.5
4 16 2 -14 -23 4 -14 -23 4 -8 -23 1.7494 -8 -23.0014
3 16 1.75 -14 -23 2 -14 -23 1.7494 -8 -23.0014
4 16 18 -14 -23 18.2506 -8 -23.0014 16 -8 -23 16 -14 -23
3 16 18 -14 -23 18.25 -14 -23 18.2506 -8 -23.0014
4 16 22 -14 -23 24 -14 -23 24 -8 -23 21.7494 -8 -23.0014
3 16 21.75 -14 -23 22 -14 -23 21.7494 -8 -23.0014
4 16 38 -14 -23 38.2506 -8 -23.0014 36 -8 -23 36 -14 -23
3 16 38 -14 -23 38.25 -14 -23 38.2506 -8 -23.0014
4 16 22 -14 -40 22 -22 -40 18 -22 -40 18 -14 -40
4 16 22 -14 -40 18 -14 -40 18 -6 -40 22 -6 -40
3 16 2 -14 -40 -50 0 -40 2 -6 -40
4 16 2 -14 -40 2 -22 -40 -50 -36 -40 -50 0 -40
3 16 10 -22 -40 -50 -36 -40 2 -22 -40
3 16 50 0 -40 38 -6 -40 30 -6 -40
3 16 50 0 -40 30 -6 -40 22 -6 -40
3 16 50 0 -40 22 -6 -40 18 -6 -40
4 16 -50 0 -40 50 0 -40 10 -6 -40 2 -6 -40
3 16 50 0 -40 18 -6 -40 10 -6 -40
3 16 18 -22 -40 22 -22 -40 50 -36 -40
3 16 50 -36 -40 22 -22 -40 30 -22 -40
3 16 50 -36 -40 30 -22 -40 38 -22 -40
3 16 35.833575 -19.833575 -36.5 36.54555 -19.0226 -36.5 36.54555 -19.0226 -30.95
4 16 36.54555 -19.0226 -30.95 36.54555 -19.0226 -23 35.833574 -19.833574 -23 35.833575 -19.833575 -36.5

2 24 1.75 -14 -23 1.7494 -8 -23.0014
2 24 1.75 -14 -36.5 1.7494 -8 -36.5
2 24 1.7494 -8 -36.5 1.7494 -8 -23.0014
2 24 4 -8 -23 1.7494 -8 -23.0014
2 24 10 -8 -23 4 -8 -23
2 24 10 -8 -23 16 -8 -23
2 24 18.2506 -8 -23.0014 16 -8 -23
2 24 21.7494 -8 -23.0014 24 -8 -23
2 24 21.75 -14 -23 21.7494 -8 -23.0014
2 24 18.25 -14 -23 18.2506 -8 -23.0014
2 24 21.7494 -8 -36.5 21.75 -14 -36.5
2 24 18.25 -14 -36.5 18.2506 -8 -36.5
2 24 30 -8 -23 36 -8 -23
2 24 30 -8 -23 24 -8 -23
2 24 38.2506 -8 -23.0014 36 -8 -23
2 24 38.25 -14 -23 38.2506 -8 -23.0014

0 BFC INVERTNEXT
1 16 -39.75 -5.75 -31 -5 0 0 0 .75 0 0 0 -5 48\4-4cylo.dat
1 16 -39.75 -5 -31 -5 0 0 0 -1 0 0 0 -5 48\4-4ndis.dat
0 BFC INVERTNEXT
1 16 -39.75 -6.25 -31 1 0 0 0 -1.25 0 0 0 1 48\4-4con3.dat
1 16 -39.75 -7.5 -31 3 0 0 0 -1 0 0 0 3 48\4-4edge.dat
1 16 39.75 -7.5 -31 3 0 0 0 -1 0 0 0 3 48\4-4edge.dat
3 16 44.75 -5 -31 44.75 -5 -26 46 -5 -36
3 16 46 -5 -36 44.75 -5 -36 44.75 -5 -31
3 16 3 -5 -28.575 3 -5 -35.075 -6 -5 -24
4 16 -50 -36 -40 -50 -21.5 -10.125 -50 -16.5 -10.125 -50 -16.5 -20.25
4 16 -50 0 -20.25 -50 0 -40 -50 -36 -40 -50 -16.5 -20.25
4 16 -46 0 -24 -46 0 -36 -50 0 -40 -50 0 -20.25
4 16 -6 0 -24 -46 0 -24 -50 0 -20.25 -9.125 0 -20.25
4 16 46 0 -36 50 0 -40 -50 0 -40 -46 0 -36
4 16 46 0 -36 -46 0 -36 34.75 -5 -36 39.75 -5 -36
3 16 -46 0 -36 -34.75 -5 -36 34.75 -5 -36
1 16 -26 -2.5 -24 0 0 -20 -2.5 0 0 0 1 0 rect3.dat
1 16 10 -5 -31.825 0 0 3 0 -1 0 3.25 0 0 rect2p.dat
1 16 20 -5 -31.825 0 0 3 0 -1 0 3.25 0 0 rect2p.dat
4 16 27 -5 -35.075 27 -5 -28.575 34.75 -5 -31 34.75 -5 -36
3 16 27 -5 -28.575 34.75 -5 -26 34.75 -5 -31
4 16 -34.75 -5 -36 3 -5 -35.075 7 -5 -35.075 34.75 -5 -36
4 16 16.48 -6.5 -34.75 16.48 -6.5 -28.9 17 -5 -28.575 17 -5 -35.075
4 16 14.48 -6.5 -34.75 16.48 -6.5 -34.75 17 -5 -35.075 13 -5 -35.075
4 16 16.48 -6.5 -28.9 14.48 -6.5 -28.9 13 -5 -28.575 17 -5 -28.575
4 16 13 -5 -35.075 13 -5 -28.575 14.48 -6.5 -28.9 14.48 -6.5 -34.75
4 16 5.52 -6.5 -28.9 7 -5 -28.575 7 -5 -35.075 5.52 -6.5 -34.75
4 16 5.52 -6.5 -34.75 7 -5 -35.075 3 -5 -35.075 3.52 -6.5 -34.75
4 16 3.52 -6.5 -28.9 3 -5 -28.575 7 -5 -28.575 5.52 -6.5 -28.9
4 16 3.52 -6.5 -34.75 3 -5 -35.075 3 -5 -28.575 3.52 -6.5 -28.9
4 16 23 -5 -28.575 27 -5 -28.575 25.52 -6.5 -28.9 23.52 -6.5 -28.9
4 16 27 -5 -28.575 27 -5 -35.075 25.52 -6.5 -34.75 25.52 -6.5 -28.9
4 16 23.52 -6.5 -34.75 23 -5 -35.075 23 -5 -28.575 23.52 -6.5 -28.9
4 16 27 -5 -35.075 23 -5 -35.075 23.52 -6.5 -34.75 25.52 -6.5 -34.75
1 16 15.48 -6.5 -31.825 -1 0 0 0 -1 0 0 0 2.925 rect.dat
1 16 4.52 -6.5 -31.825 1 0 0 0 -1 0 0 0 -2.925 rect.dat
1 16 24.52 -6.5 -31.825 -1 0 0 0 -1 0 0 0 2.925 rect.dat
4 16 -6 -5 -24 3 -5 -35.075 -34.75 -5 -31 -34.75 -5 -26
3 16 3 -5 -35.075 -34.75 -5 -36 -34.75 -5 -31
3 16 23 -5 -35.075 27 -5 -35.075 34.75 -5 -36
3 16 34.75 -5 -36 7 -5 -35.075 13 -5 -35.075
3 16 34.75 -5 -36 13 -5 -35.075 17 -5 -35.075
3 16 34.75 -5 -36 17 -5 -35.075 23 -5 -35.075
3 16 44.75 -5 -36 46 -5 -36 46 0 -36
3 16 46 0 -36 39.75 -5 -36 44.75 -5 -36
3 16 -39.75 -5 -36 -34.75 -5 -36 -46 0 -36
3 16 -46 0 -36 -44.75 -5 -36 -39.75 -5 -36
3 16 -46 0 -36 -46 -5 -36 -44.75 -5 -36
3 16 -44.75 -5 -31 -44.75 -5 -36 -46 -5 -36
1 16 -46 -2.5 -30 0 -1 0 -2.5 0 0 0 0 -6 rect3.dat
4 16 -46 -5 -36 -46 -5 -24 -44.75 -5 -26 -44.75 -5 -31
3 16 -39.75 -5 -26 -44.75 -5 -26 -46 -5 -24
4 16 -46 -5 -24 -6 -5 -24 -34.75 -5 -26 -39.75 -5 -26
3 16 -9.125 -16.5 -20.25 -26 -16.5 -16.1 -14 -16.5 -16.1
3 16 -9.125 -16.5 -20.25 -30 -16.5 -16.1 -26 -16.5 -16.1
1 16 -48.05 -19 -10.125 0 0 1.95 -2.5 0 0 0 -1 0 rect.dat
1 16 -46.1 -19 -13.1125 0 -1 0 0 0 -2.5 2.9875 0 0 rect2p.dat
1 16 -38.05 -19 -16.1 -8.05 0 0 0 0 -2.5 0 -1 0 rect.dat
4 16 -46.1 -16.5 -16.1 -30 -16.5 -16.1 -9.125 -16.5 -20.25 -50 -16.5 -20.25
1 16 -29.5625 -8.25 -20.25 0 0 20.4375 -8.25 0 0 0 -1 0 rect.dat

2 24 27 -5 -35.075 25.52 -6.5 -34.75
2 24 16.48 -6.5 -34.75 17 -5 -35.075
2 24 13 -5 -35.075 14.48 -6.5 -34.75
2 24 46.5 -36 -36.5 46.5 -36 -25.875
2 24 17 -5 -28.575 16.48 -6.5 -28.9
2 24 7 -5 -28.575 5.52 -6.5 -28.9
2 24 3 -5 -35.075 7 -5 -35.075
2 24 -50 -36 -40 -50 0 -40
2 24 -50 0 -40 50 0 -40
2 24 3 -5 -35.075 3.52 -6.5 -34.75
2 24 50 -36 -25.875 50 -36 -40
2 24 50 -36 -40 50 0 -40
2 24 3 -5 -28.575 3 -5 -35.075
2 24 5.52 -6.5 -34.75 7 -5 -35.075
2 24 35.833575 -19.833575 -36.5 36.54555 -19.0226 -36.5
2 24 14.48 -6.5 -28.9 13 -5 -28.575
2 24 23 -5 -35.075 27 -5 -35.075
2 24 -46 0 -36 46 0 -36
2 24 -50 -16.5 -10.125 -50 -16.5 -20.25
2 24 25.52 -6.5 -28.9 27 -5 -28.575
2 24 23 -5 -28.575 23.52 -6.5 -28.9
2 24 -50 0 -20.25 -50 0 -40
2 24 3.52 -6.5 -28.9 3 -5 -28.575
2 24 13 -5 -35.075 17 -5 -35.075
2 24 23.52 -6.5 -34.75 23 -5 -35.075

2 24 27 -5 -35.075 27 -5 -28.575
2 24 -46 -5 -36 -44.75 -5 -36
2 24 -39.75 -5 -36 -44.75 -5 -36
2 24 -39.75 -5 -36 -34.75 -5 -36
2 24 -34.75 -5 -36 34.75 -5 -36
2 24 34.75 -5 -36 39.75 -5 -36
2 24 39.75 -5 -36 44.75 -5 -36
2 24 44.75 -5 -36 46 -5 -36
2 24 46 0 -36 46 -5 -36

5 24 -40.7852 -6.25 -27.1364 -40.272 -6.25 -27.0344 -40.1415 -7.5 -28.0258 -41.044 -5.75 -26.1705
5 24 35.75 -6.25 -31 35.7844 -6.25 -30.478 34.75 -5.75 -31 36.7758 -7.5 -30.6085
5 24 36.286 -6.25 -29 36.5764 -6.25 -28.5648 37.3698 -7.5 -29.1736 35.42 -5.75 -28.5
5 24 -43.4456 -6.25 -29.4692 -43.214 -6.25 -29 -42.348 -7.5 -29.5 -44.3695 -5.75 -29.0865
5 24 -43.75 -6.25 -31 -43.7156 -6.25 -30.478 -42.7242 -7.5 -30.6085 -44.75 -5.75 -31
5 24 -41.75 -6.25 -34.464 -42.1852 -6.25 -34.1736 -41.5764 -7.5 -33.3802 -42.25 -5.75 -35.33
5 24 -43.6136 -6.25 -29.9648 -43.4456 -6.25 -29.4692 -42.5217 -7.5 -29.8519 -44.5795 -5.75 -29.706
5 24 37.3148 -6.25 -27.8264 37.75 -6.25 -27.536 36.706 -5.75 -27.033 38.25 -7.5 -28.402
5 24 -40.272 -6.25 -34.9656 -40.7852 -6.25 -34.8636 -40.5264 -7.5 -33.8977 -40.4025 -5.75 -35.957
5 24 43.7156 -6.25 -31.522 43.6136 -6.25 -32.0352 44.707 -5.75 -31.6525 42.6477 -7.5 -31.7764
5 24 -37.75 -6.25 -34.464 -38.2192 -6.25 -34.6956 -38.6019 -7.5 -33.7717 -37.25 -5.75 -35.33
5 24 41.75 -6.25 -27.536 42.1852 -6.25 -27.8264 42.25 -5.75 -26.67 41.5764 -7.5 -28.6198
5 24 -39.228 -6.25 -27.0344 -38.7148 -6.25 -27.1364 -39.0975 -5.75 -26.043 -38.9736 -7.5 -28.1023
5 24 40.272 -6.25 -34.9656 39.75 -6.25 -35 39.75 -7.5 -34 40.4025 -5.75 -35.957
5 24 -42.9236 -6.25 -33.4352 -43.214 -6.25 -33 -43.717 -5.75 -34.044 -42.348 -7.5 -32.5
5 24 -42.1852 -6.25 -27.8264 -41.75 -6.25 -27.536 -41.25 -7.5 -28.402 -42.794 -5.75 -27.033
5 24 -43.6136 -6.25 -32.0352 -43.7156 -6.25 -31.522 -44.5795 -5.75 -32.294 -42.7242 -7.5 -31.3915
5 24 -39.75 -6.25 -27 -39.228 -6.25 -27.0344 -39.75 -5.75 -26 -39.3585 -7.5 -28.0258
5 24 -38.2192 -6.25 -34.6956 -38.7148 -6.25 -34.8636 -38.9736 -7.5 -33.8977 -37.8365 -5.75 -35.6195
5 24 -42.5784 -6.25 -28.1716 -42.1852 -6.25 -27.8264 -41.5764 -7.5 -28.6198 -43.2855 -5.75 -27.4645
5 24 36.286 -6.25 -33 36.0544 -6.25 -32.5308 35.42 -5.75 -33.5 36.9783 -7.5 -32.1481
5 24 39.75 -6.25 -27 40.272 -6.25 -27.0344 39.75 -5.75 -26 40.1415 -7.5 -28.0258
5 24 -36.0544 -6.25 -32.5308 -36.286 -6.25 -33 -35.1305 -5.75 -32.9135 -37.152 -7.5 -32.5
5 24 -40.272 -6.25 -27.0344 -39.75 -6.25 -27 -40.4025 -5.75 -26.043 -39.75 -7.5 -28
5 24 42.9236 -6.25 -28.5648 43.214 -6.25 -29 42.348 -7.5 -29.5 43.717 -5.75 -27.956
5 24 -36.5764 -6.25 -33.4352 -36.9216 -6.25 -33.8284 -35.783 -5.75 -34.044 -37.6287 -7.5 -33.1213
5 24 39.228 -6.25 -34.9656 38.7148 -6.25 -34.8636 39.0975 -5.75 -35.957 38.9736 -7.5 -33.8977
5 24 43.6136 -6.25 -29.9648 43.7156 -6.25 -30.478 44.5795 -5.75 -29.706 42.7242 -7.5 -30.6085
5 24 35.8864 -6.25 -32.0352 35.7844 -6.25 -31.522 34.9205 -5.75 -32.294 36.7758 -7.5 -31.3915
5 24 40.7852 -6.25 -27.1364 41.2808 -6.25 -27.3044 41.044 -5.75 -26.1705 40.8981 -7.5 -28.2283
5 24 43.214 -6.25 -33 42.9236 -6.25 -33.4352 44.08 -5.75 -33.5 42.1302 -7.5 -32.8264
5 24 43.214 -6.25 -29 43.4456 -6.25 -29.4692 42.5217 -7.5 -29.8519 44.08 -5.75 -28.5
5 24 42.5784 -6.25 -33.8284 42.1852 -6.25 -34.1736 43.2855 -5.75 -34.5355 41.5764 -7.5 -33.3802
5 24 43.7156 -6.25 -30.478 43.75 -6.25 -31 44.707 -5.75 -30.3475 42.75 -7.5 -31
5 24 42.9236 -6.25 -33.4352 42.5784 -6.25 -33.8284 43.717 -5.75 -34.044 41.8713 -7.5 -33.1213
5 24 38.7148 -6.25 -27.1364 39.228 -6.25 -27.0344 38.456 -5.75 -26.1705 39.3585 -7.5 -28.0258
5 24 -43.214 -6.25 -29 -42.9236 -6.25 -28.5648 -42.1302 -7.5 -29.1736 -44.08 -5.75 -28.5
5 24 -36.0544 -6.25 -29.4692 -35.8864 -6.25 -29.9648 -36.8523 -7.5 -30.2236 -35.1305 -5.75 -29.0865
5 24 -35.75 -6.25 -31 -35.7844 -6.25 -31.522 -36.7758 -7.5 -31.3915 -34.75 -5.75 -31
5 24 39.228 -6.25 -27.0344 39.75 -6.25 -27 39.0975 -5.75 -26.043 39.75 -7.5 -28
5 24 -38.2192 -6.25 -27.3044 -37.75 -6.25 -27.536 -37.8365 -5.75 -26.3805 -38.25 -7.5 -28.402
5 24 -36.286 -6.25 -29 -36.0544 -6.25 -29.4692 -36.9783 -7.5 -29.8519 -35.42 -5.75 -28.5
5 24 35.7844 -6.25 -31.522 35.75 -6.25 -31 34.793 -5.75 -31.6525 36.75 -7.5 -31
5 24 -35.8864 -6.25 -29.9648 -35.7844 -6.25 -30.478 -36.7758 -7.5 -30.6085 -34.9205 -5.75 -29.706
5 24 -38.7148 -6.25 -34.8636 -39.228 -6.25 -34.9656 -39.3585 -7.5 -33.9742 -38.456 -5.75 -35.8295
5 24 -36.5764 -6.25 -28.5648 -36.286 -6.25 -29 -37.152 -7.5 -29.5 -35.783 -5.75 -27.956
5 24 -43.4456 -6.25 -32.5308 -43.6136 -6.25 -32.0352 -44.3695 -5.75 -32.9135 -42.6477 -7.5 -31.7764
5 24 40.272 -6.25 -27.0344 40.7852 -6.25 -27.1364 40.4025 -5.75 -26.043 40.5264 -7.5 -28.1023
5 24 -42.5784 -6.25 -33.8284 -42.9236 -6.25 -33.4352 -42.1302 -7.5 -32.8264 -43.2855 -5.75 -34.5355
5 24 38.7148 -6.25 -34.8636 38.2192 -6.25 -34.6956 38.456 -5.75 -35.8295 38.6019 -7.5 -33.7717
5 24 -43.7156 -6.25 -31.522 -43.75 -6.25 -31 -44.707 -5.75 -31.6525 -42.75 -7.5 -31
5 24 42.5784 -6.25 -28.1716 42.9236 -6.25 -28.5648 42.1302 -7.5 -29.1736 43.2855 -5.75 -27.4645
5 24 -37.3148 -6.25 -34.1736 -37.75 -6.25 -34.464 -36.706 -5.75 -34.967 -38.25 -7.5 -33.598
5 24 43.75 -6.25 -31 43.7156 -6.25 -31.522 44.75 -5.75 -31 42.7242 -7.5 -31.3915
5 24 36.0544 -6.25 -32.5308 35.8864 -6.25 -32.0352 35.1305 -5.75 -32.9135 36.8523 -7.5 -31.7764
5 24 -37.75 -6.25 -27.536 -37.3148 -6.25 -27.8264 -37.9236 -7.5 -28.6198 -37.25 -5.75 -26.67
5 24 39.75 -6.25 -35 39.228 -6.25 -34.9656 39.3585 -7.5 -33.9742 39.75 -5.75 -36
5 24 -35.8864 -6.25 -32.0352 -36.0544 -6.25 -32.5308 -36.9783 -7.5 -32.1481 -34.9205 -5.75 -32.294
5 24 -42.9236 -6.25 -28.5648 -42.5784 -6.25 -28.1716 -41.8713 -7.5 -28.8787 -43.717 -5.75 -27.956
5 24 41.2808 -6.25 -34.6956 40.7852 -6.25 -34.8636 40.5264 -7.5 -33.8977 41.6635 -5.75 -35.6195
5 24 42.1852 -6.25 -34.1736 41.75 -6.25 -34.464 42.794 -5.75 -34.967 41.25 -7.5 -33.598
5 24 43.4456 -6.25 -32.5308 43.214 -6.25 -33 44.3695 -5.75 -32.9135 42.348 -7.5 -32.5
5 24 -36.9216 -6.25 -33.8284 -37.3148 -6.25 -34.1736 -36.2145 -5.75 -34.5355 -37.9236 -7.5 -33.3802
5 24 36.0544 -6.25 -29.4692 36.286 -6.25 -29 37.152 -7.5 -29.5 35.1305 -5.75 -29.0865
5 24 37.75 -6.25 -34.464 37.3148 -6.25 -34.1736 37.25 -5.75 -35.33 37.9236 -7.5 -33.3802
5 24 -39.228 -6.25 -34.9656 -39.75 -6.25 -35 -39.75 -7.5 -34 -39.0975 -5.75 -35.957
5 24 -41.2808 -6.25 -34.6956 -41.75 -6.25 -34.464 -41.25 -7.5 -33.598 -41.6635 -5.75 -35.6195
5 24 -36.286 -6.25 -33 -36.5764 -6.25 -33.4352 -35.42 -5.75 -33.5 -37.3698 -7.5 -32.8264
5 24 41.75 -6.25 -34.464 41.2808 -6.25 -34.6956 42.25 -5.75 -35.33 40.8981 -7.5 -33.7717
5 24 35.8864 -6.25 -29.9648 36.0544 -6.25 -29.4692 36.9783 -7.5 -29.8519 34.9205 -5.75 -29.706
5 24 -35.7844 -6.25 -30.478 -35.75 -6.25 -31 -36.75 -7.5 -31 -34.793 -5.75 -30.3475
5 24 36.9216 -6.25 -33.8284 36.5764 -6.25 -33.4352 36.2145 -5.75 -34.5355 37.3698 -7.5 -32.8264
5 24 -41.75 -6.25 -27.536 -41.2808 -6.25 -27.3044 -40.8981 -7.5 -28.2283 -42.25 -5.75 -26.67
5 24 38.2192 -6.25 -27.3044 38.7148 -6.25 -27.1364 37.8365 -5.75 -26.3805 38.9736 -7.5 -28.1023
5 24 -43.7156 -6.25 -30.478 -43.6136 -6.25 -29.9648 -42.6477 -7.5 -30.2236 -44.707 -5.75 -30.3475
5 24 -37.3148 -6.25 -27.8264 -36.9216 -6.25 -28.1716 -37.6287 -7.5 -28.8787 -36.706 -5.75 -27.033
5 24 -43.214 -6.25 -33 -43.4456 -6.25 -32.5308 -44.08 -5.75 -33.5 -42.5217 -7.5 -32.1481
5 24 -42.1852 -6.25 -34.1736 -42.5784 -6.25 -33.8284 -41.8713 -7.5 -33.1213 -42.794 -5.75 -34.967
5 24 38.2192 -6.25 -34.6956 37.75 -6.25 -34.464 37.8365 -5.75 -35.6195 38.25 -7.5 -33.598
5 24 43.4456 -6.25 -29.4692 43.6136 -6.25 -29.9648 44.3695 -5.75 -29.0865 42.6477 -7.5 -30.2236
5 24 37.3148 -6.25 -34.1736 36.9216 -6.25 -33.8284 36.706 -5.75 -34.967 37.6287 -7.5 -33.1213
5 24 36.5764 -6.25 -28.5648 36.9216 -6.25 -28.1716 35.783 -5.75 -27.956 37.6287 -7.5 -28.8787
5 24 -36.9216 -6.25 -28.1716 -36.5764 -6.25 -28.5648 -37.3698 -7.5 -29.1736 -36.2145 -5.75 -27.4645
5 24 -35.7844 -6.25 -31.522 -35.8864 -6.25 -32.0352 -36.8523 -7.5 -31.7764 -34.793 -5.75 -31.6525
5 24 43.6136 -6.25 -32.0352 43.4456 -6.25 -32.5308 44.5795 -5.75 -32.294 42.5217 -7.5 -32.1481
5 24 40.7852 -6.25 -34.8636 40.272 -6.25 -34.9656 40.1415 -7.5 -33.9742 41.044 -5.75 -35.8295
5 24 -38.7148 -6.25 -27.1364 -38.2192 -6.25 -27.3044 -38.456 -5.75 -26.1705 -38.6019 -7.5 -28.2283
5 24 -40.7852 -6.25 -34.8636 -41.2808 -6.25 -34.6956 -40.8981 -7.5 -33.7717 -41.044 -5.75 -35.8295
5 24 37.75 -6.25 -27.536 38.2192 -6.25 -27.3044 37.25 -5.75 -26.67 38.6019 -7.5 -28.2283
5 24 -39.75 -6.25 -35 -40.272 -6.25 -34.9656 -40.1415 -7.5 -33.9742 -39.75 -5.75 -36
5 24 42.1852 -6.25 -27.8264 42.5784 -6.25 -28.1716 41.8713 -7.5 -28.8787 42.794 -5.75 -27.033
5 24 41.2808 -6.25 -27.3044 41.75 -6.25 -27.536 41.6635 -5.75 -26.3805 41.25 -7.5 -28.402
5 24 36.5764 -6.25 -33.4352 36.286 -6.25 -33 35.783 -5.75 -34.044 37.152 -7.5 -32.5
5 24 -41.2808 -6.25 -27.3044 -40.7852 -6.25 -27.1364 -40.5264 -7.5 -28.1023 -41.6635 -5.75 -26.3805
5 24 35.7844 -6.25 -30.478 35.8864 -6.25 -29.9648 36.8523 -7.5 -30.2236 34.793 -5.75 -30.3475
5 24 36.9216 -6.25 -28.1716 37.3148 -6.25 -27.8264 36.2145 -5.75 -27.4645 37.9236 -7.5 -28.6198
