0 ~| Fx Bricks PFxBrick V2 - Screw
0 Name: s\t1080s02.dat
0 Author: Ulrich Röder [UR]
0 !LDRAW_ORG Unofficial_Subpart 
0 !LICENSE Redistributable under CCAL version 2.0 : see CAreadme.txt

0 BFC CERTIFY CCW


0 // Main
1 16 0 -1.75 0 5 0 0 0 1.75 0 0 0 5 4-4cylo.dat
1 16 0 -39.75 0 2.875 0 0 0 1 0 0 0 2.875 4-4disc.dat
1 16 0 -39.75 0 2.875 0 0 0 1 0 0 0 2.875 4-4edge.dat
1 16 0 0 0 5 0 0 0 -1 0 0 0 5 1-4chrd.dat
1 16 0 0 0 5 0 0 0 -1 0 0 0 -5 1-4chrd.dat
1 16 0 0 0 -5 0 0 0 -1 0 0 0 5 1-4chrd.dat
1 16 0 0 0 -5 0 0 0 -1 0 0 0 -5 1-4chrd.dat
0 BFC INVERTNEXT
1 16 0 0 -1.65 .8 0 0 0 -2 0 0 0 -.85 box4-1.dat
0 BFC INVERTNEXT
1 16 0 0 1.65 .8 0 0 0 -2 0 0 0 .85 box4-1.dat
0 BFC INVERTNEXT
1 16 1.65 0 0 0 0 .85 0 -2 0 .8 0 0 box4-1.dat
0 BFC INVERTNEXT
1 16 -1.65 0 0 0 0 -.85 0 -2 0 .8 0 0 box4-1.dat
3 16 .8 0 .8 .8 0 2.5 2.5 0 .8
4 16 2.5 0 .8 .8 0 2.5 0 0 5 5 0 0
4 16 0 0 -5 .8 0 -2.5 2.5 0 -.8 5 0 0
4 16 0 0 5 -.8 0 2.5 -2.5 0 .8 -5 0 0
3 16 0 0 5 .8 0 2.5 -.8 0 2.5
3 16 -.8 0 -2.5 .8 0 -2.5 0 0 -5
3 16 2.5 0 -.8 2.5 0 .8 5 0 0
4 16 -2.5 0 -.8 -.8 0 -2.5 0 0 -5 -5 0 0
3 16 -2.5 0 -.8 -.8 0 -.8 -.8 0 -2.5
3 16 .8 0 -.8 2.5 0 -.8 .8 0 -2.5
3 16 -2.5 0 .8 -.8 0 2.5 -.8 0 .8
4 16 .8 -2 -.8 -.8 -2 -.8 -.8 -2 .8 .8 -2 .8
3 16 -2.5 0 .8 -2.5 0 -.8 -5 0 0
1 16 0 -39.75 0 0 0 -2.875 0 35.45 0 2.875 0 0 4-4cyli.dat
1 16 0 -3.5 0 .125 0 0 0 -.8 0 0 0 .125 4-4con23.dat
1 16 0 -2.25 0 1 0 0 0 -1.25 0 0 0 1 4-4con3.dat
1 16 0 -3.5 0 3 0 0 0 -1 0 0 0 3 4-4edge.dat
1 16 0 -1.75 0 1 0 0 0 -.5 0 0 0 1 4-4con4.dat

0 // Condlines
5 24 -2.8284 -2.25 -2.8284 -3.6956 -2.25 -1.5308 -2.7717 -3.5 -1.1481 -3.5355 -1.75 -3.5355
5 24 1.5308 -2.25 3.6956 2.8284 -2.25 2.8284 1.9135 -1.75 4.6195 2.1213 -3.5 2.1213
5 24 -2.875 -4.3 0 -2.656213 -4.3 -1.100263 -2.7717 -3.5 -1.1481 -2.656213 -39.75 -1.100263
5 24 -2.8284 -2.25 2.8284 -1.5308 -2.25 3.6956 -3.5355 -1.75 3.5355 -1.1481 -3.5 2.7717
5 24 -4 -2.25 0 -3.6956 -2.25 1.5308 -5 -1.75 0 -2.7717 -3.5 1.1481
5 24 -1.5308 -2.25 3.6956 0 -2.25 4 -1.9135 -1.75 4.6195 0 -3.5 3
5 24 0 -4.3 2.875 -1.100263 -4.3 2.656213 -1.100263 -39.75 2.656213 -1.1481 -3.5 2.7717
5 24 -2.656213 -4.3 -1.100263 -2.032913 -4.3 -2.032913 -2.1213 -3.5 -2.1213 -2.032913 -39.75 -2.032913
5 24 -3.6956 -2.25 1.5308 -2.8284 -2.25 2.8284 -4.6195 -1.75 1.9135 -2.1213 -3.5 2.1213
5 24 -1.100263 -4.3 -2.656213 0 -4.3 -2.875 0 -3.5 -3 0 -39.75 -2.875
5 24 -2.032913 -4.3 -2.032913 -1.100263 -4.3 -2.656213 -1.1481 -3.5 -2.7717 -1.100263 -39.75 -2.656213
5 24 0 -2.25 -4 -1.5308 -2.25 -3.6956 -1.1481 -3.5 -2.7717 0 -1.75 -5
5 24 -2.656213 -4.3 1.100263 -2.875 -4.3 0 -2.875 -39.75 0 -3 -3.5 0
5 24 -1.5308 -2.25 -3.6956 -2.8284 -2.25 -2.8284 -2.1213 -3.5 -2.1213 -1.9135 -1.75 -4.6195
5 24 1.5308 -2.25 -3.6956 0 -2.25 -4 1.9135 -1.75 -4.6195 0 -3.5 -3
5 24 2.875 -4.3 0 2.656213 -4.3 1.100263 2.7717 -3.5 1.1481 2.656213 -39.75 1.100263
5 24 2.656213 -4.3 1.100263 2.032913 -4.3 2.032913 2.1213 -3.5 2.1213 2.032913 -39.75 2.032913
5 24 1.100263 -4.3 -2.656213 2.032913 -4.3 -2.032913 2.032913 -39.75 -2.032913 2.1213 -3.5 -2.1213
5 24 2.656213 -4.3 -1.100263 2.875 -4.3 0 2.875 -39.75 0 3 -3.5 0
5 24 -3.6956 -2.25 -1.5308 -4 -2.25 0 -3 -3.5 0 -4.6195 -1.75 -1.9135
5 24 2.8284 -2.25 2.8284 3.6956 -2.25 1.5308 3.5355 -1.75 3.5355 2.7717 -3.5 1.1481
5 24 -2.032913 -4.3 2.032913 -2.656213 -4.3 1.100263 -2.656213 -39.75 1.100263 -2.7717 -3.5 1.1481
5 24 1.100263 -4.3 2.656213 0 -4.3 2.875 0 -39.75 2.875 0 -3.5 3
5 24 0 -2.25 4 1.5308 -2.25 3.6956 0 -1.75 5 1.1481 -3.5 2.7717
5 24 3.6956 -2.25 1.5308 4 -2.25 0 4.6195 -1.75 1.9135 3 -3.5 0
5 24 0 -4.3 -2.875 1.100263 -4.3 -2.656213 1.100263 -39.75 -2.656213 1.1481 -3.5 -2.7717
5 24 3.6956 -2.25 -1.5308 2.8284 -2.25 -2.8284 4.6195 -1.75 -1.9135 2.1213 -3.5 -2.1213
5 24 2.8284 -2.25 -2.8284 1.5308 -2.25 -3.6956 3.5355 -1.75 -3.5355 1.1481 -3.5 -2.7717
5 24 2.032913 -4.3 2.032913 1.100263 -4.3 2.656213 1.1481 -3.5 2.7717 1.100263 -39.75 2.656213
5 24 4 -2.25 0 3.6956 -2.25 -1.5308 5 -1.75 0 2.7717 -3.5 -1.1481
5 24 -1.100263 -4.3 2.656213 -2.032913 -4.3 2.032913 -2.032913 -39.75 2.032913 -2.1213 -3.5 2.1213
5 24 2.032913 -4.3 -2.032913 2.656213 -4.3 -1.100263 2.656213 -39.75 -1.100263 2.7717 -3.5 -1.1481
