0 ~| Fx Bricks XL Speaker V2 - Pole Cable Connection
0 Name: s\t1121s02.dat
0 Author: Ulrich Röder [UR]
0 !LDRAW_ORG Unofficial_Subpart 
0 !LICENSE Redistributable under CCAL version 2.0 : see CAreadme.txt

0 BFC CERTIFY CCW


1 16 -24.8 -27.75 -16.9 -10 0 0 0 0 -10 0 -10 0 48\tm04q0500.dat
1 16 -24.8 -27.75 -16.9 0 0 10 -10 0 0 0 -10 0 48\tm12q0500.dat
1 16 -20.6602 -34.02 -16.9 2.5 0 0 0 0 -2.5 0 -2.5 0 48\tm06q2000.dat
1 16 -19.41027 -36.185051 -16.9 0.25 -0.389711 0 -0.433013 -0.225 0 0 0 0.5 4-4cyli.dat
1 16 -18.1602 -34 -16.9 0.5 0 0 0 -0.02 0 0 0 0.5 4-4cyli.dat
1 16 -34.8 -27.75 -16.9 0.5 0 0 0 -1 0 0 0 0.5 4-4edge.dat
1 16 -34.8 -27.75 -16.9 2 0 0 0 -1 0 0 0 2 4-4edge.dat
1 16 -34.8 -26.5 -16.9 3 0 0 0 -1 0 0 0 3 4-4edge.dat

1 80 -34.8 -26.5 -16.9 1 0 0 0 -1.25 0 0 0 1 4-4con2.dat
1 80 -34.8 -27.75 -16.9 1 0 0 0 1 0 0 0 1 4-4ring1.dat
1 80 -34.8 -27.75 -16.9 0.5 0 0 0 1 0 0 0 0.5 4-4ring1.dat
1 80 -34.8 -26.5 -16.9 2.771639 0 -1.14805 0 1 0 1.14805 0 2.771639 2-4ndis.dat
1 80 -34.8 -26.5 -16.9 1.847759 0 0.765367 0 1 0 0.765367 0 -1.847759 2-4ring2.dat
1 80 -34.8 -26.5 -16.9 0.92388 0 0.382683 0 1 0 0.382683 0 -0.92388 2-4ring3.dat
1 80 -34.8 -26.5 -16.9 5.543277 0 2.296101 0 2.187 0 2.296101 0 -5.543277 2-4cylo.dat
1 80 -34.8 -24.313 -16.9 5.543277 0 2.296101 0 -1 0 2.296101 0 -5.543277 2-4chrd.dat
4 80 -38.72 -26.5 -15.276 -41.983 -26.5 -15.418 -38.496 -26.5 -18.431 -37.572 -26.5 -18.048
4 80 -31.104 -26.5 -15.369 -30.256 -26.5 -12.532 -33.176 -26.5 -12.98 -32.028 -26.5 -15.752
3 80 -30.256 -26.5 -12.532 -31.279 -24.313 -9.707 -31.633 -26.5 -8.476
4 80 -30.256 -26.5 -12.532 -29.257 -26.5 -14.604 -29.257 -24.313 -14.604 -30.256 -24.313 -12.532
4 80 -41.983 -24.313 -15.418 -40.343 -24.313 -19.196 -40.343 -26.5 -19.196 -41.983 -26.5 -15.418
4 80 -43.419 -24.313 -11.04 -41.983 -24.313 -15.418 -41.983 -26.5 -15.418 -43.419 -26.5 -11.04
4 80 -41.983 -26.5 -15.418 -38.72 -26.5 -15.276 -35.948 -26.5 -14.128 -43.419 -26.5 -11.04
4 80 -33.176 -26.5 -12.98 -31.633 -26.5 -8.476 -32.219 -26.5 -5.875 -35.948 -26.5 -14.128
3 80 -41.983 -26.5 -15.418 -40.343 -26.5 -19.196 -38.496 -26.5 -18.431
3 80 -31.633 -26.5 -8.476 -33.176 -26.5 -12.98 -30.256 -26.5 -12.532
3 80 -29.257 -26.5 -14.604 -30.256 -26.5 -12.532 -31.104 -26.5 -15.369
3 80 -29.257 -24.313 -14.604 -40.343 -24.313 -19.196 -30.256 -24.313 -12.532
4 80 -30.256 -24.313 -12.532 -40.343 -24.313 -19.196 -41.983 -24.313 -15.418 -31.279 -24.313 -9.707
3 80 -32.219 -26.5 -5.875 -43.419 -26.5 -11.04 -35.948 -26.5 -14.128
3 80 -30.256 -26.5 -12.532 -30.256 -24.313 -12.532 -31.279 -24.313 -9.707

2 24 -41.983 -24.313 -15.418 -40.343 -24.313 -19.196
2 24 -41.983 -26.5 -15.418 -40.343 -26.5 -19.196
2 24 -30.256 -26.5 -12.532 -31.633 -26.5 -8.476
2 24 -30.256 -26.5 -12.532 -29.257 -26.5 -14.604
2 24 -41.983 -26.5 -15.418 -43.419 -26.5 -11.04
2 24 -41.983 -24.313 -15.418 -43.419 -24.313 -11.04
2 24 -31.633 -26.5 -8.476 -32.219 -26.5 -5.875
2 24 -29.257 -24.313 -14.604 -30.256 -24.313 -12.532
2 24 -30.256 -24.313 -12.532 -31.279 -24.313 -9.707

5 24 -31.279 -24.313 -9.707 -30.256 -26.5 -12.532 -29.257 -24.313 -14.604 -31.633 -26.5 -8.476
5 24 -41.983 -26.5 -15.418 -41.983 -24.313 -15.418 -43.419 -26.5 -11.04 -40.343 -24.313 -19.196
