0 ~| Fx Bricks FxTrack  9V - End Face - All Curved Metal Rail
0 Name: s\t1137s03.dat
0 Author: Ulrich Röder [UR]
0 !LDRAW_ORG Unofficial_Subpart 
0 !LICENSE Redistributable under CCAL version 2.0 : see CAreadme.txt

0 BFC CERTIFY CCW


1 16 2.6 -23.35 0 .4 0 0 0 0 -.4 0 1 0 1-4chrd.dat
1 16 2.6 -23.35 0 .4 0 0 0 0 -.4 0 1 0 1-4edge.dat
4 16 .2 -23.37 0 2.503 -23.37 0 2.6 -23.75 0 .2 -23.75 0
4 16 -.2 -23.37 0 .2 -23.37 0 .2 -23.75 0 -.2 -23.75 0
4 16 2.611 -23.266 0 2.625 -19.5 0 3 -19.5 0 3 -23.35 0
4 16 2.6 -23.75 0 2.503 -23.37 0 2.611 -23.266 0 3 -23.35 0
2 24 2.625 -19.5 0 3 -19.5 0
2 24 2.625 -19.5 0 2.611 -23.266 0
2 24 3 -23.35 0 3 -19.5 0
2 24 2.503 -23.37 0 2.611 -23.266 0
2 24 -.2 -23.37 0 -.2 -23.75 0
2 24 .2 -23.37 0 2.503 -23.37 0
2 24 -.2 -23.37 0 .2 -23.37 0
2 24 .2 -23.75 0 2.6 -23.75 0
2 24 -.2 -23.75 0 .2 -23.75 0
