0 ~| Fx Bricks FxTrack  9V - Rail Track Power Connection Hole
0 Name: s\t1130s01.dat
0 Author: Ulrich Röder [UR]
0 !LDRAW_ORG Unofficial_Subpart 
0 !LICENSE Redistributable under CCAL version 2.0 : see CAreadme.txt

0 BFC CERTIFY CCW

0 !CATEGORY Train


0 // Created with the express permission and behalf of Fx Bricks (Canada)
0 // Based on the original production files by Michael Gale.

1 16 -7.5 -9 0 0 1 0 1 0 0 0 0 -7.5 rect1.dat
1 16 -5.981 -10.5441 0 -1.519 0 0 .5441 1 0 0 0 -7.5 rect1.dat
1 16 7.5 -9 0 0 -1 0 0 0 -1 7.5 0 0 rect2p.dat
4 16 7.5 -10 7.5 4.462 -11.0882 7.5 4.462 -11.0882 -7.5 7.5 -10 -7.5
4 16 .1875 -11.75 7.5 3.306 -11.75 7.5 3.125 -18.75 7.5 2.625 -18.75 7.5
4 16 .1875 -11.75 7.5 2.625 -18.75 7.5 2 -23.25 7.5 .1875 -23.25 7.5
3 16 2.625 -18.75 7.5 2.5 -23.25 7.5 2 -23.25 7.5
1 16 .1875 -17.5 0 0 -1 0 0 0 5.75 -7.5 0 0 rect.dat
4 16 .1875 -11.75 -7.5 2.625 -18.75 -7.5 3.125 -18.75 -7.5 3.306 -11.75 -7.5
4 16 2 -23.25 -7.5 2.5 -23.25 -7.5 2.625 -18.75 -7.5 .1875 -11.75 -7.5
3 16 .1875 -11.75 -7.5 .1875 -23.25 -7.5 2 -23.25 -7.5
1 16 1.74675 -11.75 0 0 0 1.55925 0 1 0 -7.5 0 0 rect3.dat
4 16 3.306 -11.75 -7.5 3.3125 -11.5 -7.5 3.3125 -11.5 7.5 3.306 -11.75 7.5
1 16 3.88725 -11.2941 0 -.57475 0 0 -.2059 1 0 0 0 -7.5 rect1.dat
1 16 -2.25 -23.25 0 -.25 0 0 0 1 0 0 0 -7.5 rect1.dat
4 16 -2 -23.25 7.5 -2 -23.25 -7.5 .1875 -23.25 -7.5 .1875 -23.25 7.5
1 16 -2.875 -18.75 0 -.25 0 0 0 1 0 0 0 -7.5 rect1.dat
1 16 -2.5625 -21 0 -.0625 0 0 2.25 1 0 0 0 -7.5 rect1.dat
1 16 -3.88725 -11.2941 0 .57475 0 0 -.2059 1 0 0 0 7.5 rect1.dat
4 16 -3.125 -18.75 7.5 -3.3125 -11.5 7.5 -3.3125 -11.5 -7.5 -3.125 -18.75 -7.5

2 24 2.5 -23.25 -7.5 2.625 -18.75 -7.5
2 24 2.625 -18.75 -7.5 3.125 -18.75 -7.5
2 24 2.5 -23.25 7.5 2.625 -18.75 7.5
2 24 2.625 -18.75 7.5 3.125 -18.75 7.5
2 24 .1875 -23.25 7.5 2 -23.25 7.5
2 24 2 -23.25 7.5 2.5 -23.25 7.5
2 24 .1875 -23.25 -7.5 2 -23.25 -7.5
2 24 2 -23.25 -7.5 2.5 -23.25 -7.5
