0 ~| Fx Bricks FxTrack  9V - Straight Metal Rail Profile (Scalable)
0 Name: s\t1131s02.dat
0 Author: Ulrich Röder [UR]
0 !LDRAW_ORG Unofficial_Subpart 
0 !LICENSE Redistributable under CCAL version 2.0 : see CAreadme.txt

0 BFC CERTIFY CCW

0 !CATEGORY Train


0 // Created with the express permission and behalf of Fx Bricks (Canada)
0 // Based on the original production files by Michael Gale.

1 16 -2.6 -23.35 1 0 0 -.4 -.4 0 0 0 1 0 1-4edge.dat
1 16 -2.6 -23.35 1 0 0 -.4 -.4 0 0 0 -1 0 1-4chrd.dat
1 16 -2.6 -23.35 -1 0 0 -.4 -.4 0 0 0 2 0 1-4cyli.dat
1 16 2.6 -23.35 -1 0 0 .4 -.4 0 0 0 1 0 1-4edge.dat
1 16 2.6 -23.35 -1 0 0 .4 -.4 0 0 0 1 0 1-4chrd.dat
1 16 2.6 -23.35 -1 0 0 .4 -.4 0 0 0 2 0 1-4cyli.dat
1 16 -2.557 -23.318 0 -.054 0 0 .052 -1 0 0 0 1 rect3.dat
1 16 2.557 -23.318 0 0 0 -.054 0 -1 -.052 -1 0 0 rect2a.dat
1 16 -2.8125 -19.5 0 -.1875 0 0 0 -1 0 0 0 1 rect2a.dat
1 16 2.618 -21.383 0 .007 0 0 1.883 -1 0 0 0 -1 rect3.dat
1 16 3 -21.425 0 0 -1 0 0 0 1.925 -1 0 0 rect1.dat
1 16 -2.618 -21.383 0 -.007 0 0 1.883 -1 0 0 0 1 rect2a.dat
1 16 -3 -21.425 0 0 1 0 0 0 1.925 1 0 0 rect1.dat
1 16 2.8125 -19.5 0 .1875 0 0 0 -1 0 0 0 -1 rect2a.dat
1 16 0 -23.37 0 1.3515 0 1.1515 0 -1 0 0 0 -1 rect2p.dat

3 16 -2.503 -23.37 -1 -2.503 -23.37 1 -.2 -23.37 -1
3 16 2.503 -23.37 1 2.503 -23.37 -1 .2 -23.37 1
4 16 -2.6 -23.75 -1 -.2 -23.75 -1 .2 -23.75 1 -2.6 -23.75 1
4 16 -.2 -23.75 -1 2.6 -23.75 -1 2.6 -23.75 1 .2 -23.75 1
4 16 .2 -23.37 1 -2.503 -23.37 1 -2.6 -23.75 1 .2 -23.75 1
4 16 -2.625 -19.5 1 -3 -19.5 1 -3 -23.35 1 -2.611 -23.266 1
4 16 3 -23.35 -1 2.611 -23.266 -1 2.625 -19.5 -1 3 -19.5 -1
4 16 -2.503 -23.37 1 -2.611 -23.266 1 -3 -23.35 1 -2.6 -23.75 1
4 16 2.611 -23.266 -1 3 -23.35 -1 2.6 -23.75 -1 2.503 -23.37 -1
4 16 -.2 -23.37 -1 2.503 -23.37 -1 2.6 -23.75 -1 -.2 -23.75 -1

2 24 -.2 -23.75 -1 2.6 -23.75 -1
2 24 .2 -23.75 1 -2.6 -23.75 1
