0 ~| Fx Bricks FxTrack  9V - Sleeper Interlocking End Section with Rounded Corner
0 Name: s\t1148s02.dat
0 Author: Ulrich Röder [UR]
0 !LDRAW_ORG Unofficial_Subpart 
0 !LICENSE Redistributable under CCAL version 2.0 : see CAreadme.txt

0 BFC CERTIFY CCW

0 !CATEGORY Train


0 // Created with the express permission and behalf of Fx Bricks (Canada)
0 // Based on the original production files by Michael Gale.

1 16 0 0 0 1 0 0 0 1 0 0 0 1 s\t1128s03.dat
1 16 0 0 0 1 0 0 0 1 0 0 0 1 s\t1126s01.dat
0 BFC INVERTNEXT
1 16 65 -2 -3.75 0 -5 0 2 0 0 0 0 -2.25 box2-7.dat
0 BFC INVERTNEXT
1 16 65 -2 3.75 0 -5 0 2 0 0 0 0 2.25 box2-7.dat
1 16 70 0 0 0 0 10 0 -8 0 10 0 0 2-4cylo.dat
1 16 70 -8 0 0 0 10 0 1 0 10 0 0 2-4chrd.dat
0 BFC INVERTNEXT
1 16 70 0 0 0 0 6 0 -4 0 6 0 0 2-4cylo.dat
1 16 70 0 0 0 0 2 0 -1 0 2 0 0 2-4ring3.dat
1 16 70 0 0 0 0 2 0 -1 0 2 0 0 2-4ring4.dat
1 16 70 -4 0 0 0 6 0 -1 0 6 0 0 2-4chrd.dat
3 16 57 -5 -10 70 -8 -10 57 -8 -10
4 16 70 -8 -10 57 -5 -10 57 0 -10 70 0 -10
3 16 60 0 6 60 0 1.5 57 0 6
3 16 60 0 -6 57 0 -10 60 0 -1.5
4 16 60 0 1.5 60 0 -1.5 57 0 -10 57 0 6
1 16 57 -2.5 -2 0 1 0 0 0 2.5 8 0 0 rect3.dat
1 16 62 -4 0 0 0 2 0 4 0 -1.5 0 0 box4-4a.dat
1 16 -70 0 0 -1 0 0 0 1 0 0 0 1 s\t1132s01.dat

0 // Connect Section I
1 16 56.05 -5 4.375 -.95 0 0 0 -1 0 0 0 1.625 rect3.dat
1 16 -42.75 -6.5 0 -.25 0 0 0 0 1.5 0 1 0 rect3.dat
1 16 42.75 -2.5 -10 0 0 .25 2.5 0 0 0 1 0 rect1.dat
1 16 0 -4 10 -40 0 0 0 0 -4 0 -1 0 rect3.dat
1 16 0 0 8 0 0 40 0 -1 0 2 0 0 rect1.dat
1 16 43 -2.5 -2 0 -1 0 2.5 0 0 0 0 8 rect2a.dat
1 16 -50 -4 6 0 0 7 4 0 0 0 1 0 rect3.dat
1 16 0 -2 6 -40 0 0 0 0 2 0 1 0 rect.dat
1 16 55.05 -6 4.375 0 0 -.05 0 -1 -1 -1.625 0 0 rect3.dat
1 16 53.3335 -7.5 4.375 1.6665 0 0 .5 -1 0 0 0 -1.625 rect2p.dat
1 16 50 -8 4.375 1.667 0 0 0 -1 0 0 0 -1.625 rect.dat
1 16 46.6665 -7.5 4.375 0 0 -1.6665 0 -1 .5 -1.625 0 0 rect3.dat
1 16 -57 -6.5 -2 0 -1 0 1.5 0 0 0 0 8 rect2p.dat
1 16 44.95 -6 4.375 -.05 0 0 1 -1 0 0 0 1.625 rect2a.dat
1 16 43.95 -5 4.375 -.95 0 0 0 -1 0 0 0 1.625 rect2a.dat
4 16 57 0 -10 60 0 -6 70 0 -6 70 0 -10
1 16 65 0 8 0 0 5 0 -1 0 2 0 0 rect1.dat
1 16 65 -4 10 -5 0 0 0 0 -4 0 -1 0 rect2a.dat

4 16 -60 0 10 -57 0 10 -57 0 6 -60 0 6
4 16 57.5 -8 2.75 57.5 -8 0 70 -8 10 60 -8 10
4 16 70 -8 -10 70 -8 10 57.5 -8 0 57 -8 -10
4 16 70 -4 6 70 -4 -6 60 -4 -6 60 -4 6
3 16 44.9 -5 6 43 -5 6 43 0 6
3 16 57 -5 6 55.1 -5 6 57 0 6
3 16 -43 0 0 -43 -5 0 -43 0 6
3 16 43 0 -10 42.5 0 -10 40 0 -6
3 16 57.5 -8 2.75 60 -8 10 57.5 -8 10
3 16 42.5 -8 10 40 -8 10 42.5 -8 6
3 16 -57.5 -8 0 -57.5 -8 2.75 -60 -8 10
3 16 -57.5 -8 10 -60 -8 10 -57.5 -8 2.75
4 16 -43 0 6 -43 -5 0 -43 -8 0 -43 -8 6
4 16 57 0 10 60 0 10 60 0 6 57 0 6
4 16 57 0 6 43 0 6 43 0 10 57 0 10
4 16 40 0 6 40 0 10 43 0 10 43 0 6
4 16 -40 0 6 -43 0 6 -43 0 10 -40 0 10
4 16 -43 0 6 -57 0 6 -57 0 10 -43 0 10
4 16 55.1 -5 6 48.333 -8 6 45 -7 6 44.9 -5 6
4 16 44.9 -5 6 43 0 6 57 0 6 55.1 -5 6
4 16 48.333 -8 6 55.1 -5 6 55 -7 6 51.667 -8 6
4 16 42.5 -8 6 40 -8 10 -40 -8 10 -42.5 -8 6
4 16 -43 0 -10 -43 0 6 -40 0 6 -40 0 -6
4 16 40 0 6 43 0 6 43 0 -10 40 0 -6
3 16 47.5 -7 2.75 45 -7 2.75 48.333 -8 2.75
4 16 47.5 -7 2.75 48.333 -8 2.75 51.667 -8 2.75 47.6 -5 2.75
4 16 51.667 -8 2.75 55 -7 2.75 55.1 -5 2.75 47.6 -5 2.75
4 16 -43 -8 6 -43 -8 0 -50.125 -8 0 -57 -8 6
3 16 -57 -8 6 -50.125 -8 0 -57 -8 -10
3 16 -42.5 -8 6 -40 -8 10 -42.5 -8 10

2 24 76 -4 6 76 0 6
2 24 57 -8 -10 70 -8 -10
2 24 70 0 -10 57 0 -10
2 24 76 0 -6 76 -4 -6
2 24 60 0 1.5 60 -4 1.5
2 24 60 0 -1.5 60 -4 -1.5
2 24 52.5 -23.25 2.75 52.625 -18.75 2.75
2 24 52.625 -18.75 2.75 53.125 -18.75 2.75
2 24 -47.375 -18.75 2.75 -46.875 -18.75 2.75
2 24 -47.5 -23.25 2.75 -47.375 -18.75 2.75
2 24 -57.5 -8 0 -57.5 -8 2.75
2 24 -60 0 -6 -57 0 -10
2 24 43 0 6 57 0 6
2 24 57.5 -8 2.75 57.5 -8 0
2 24 -57 -5 6 -57 0 6
2 24 -57 -8 -10 -57 -8 6
2 24 -43 0 -10 -43 0 6
2 24 57 -5 -10 57 -5 2.75
2 24 43 -5 0 43 -5 2.75
2 24 -57.5 -8 0 -57.5 -8 -9.75
2 24 -53.313 -11.5 0 -54.462 -11.088 0
2 24 -54.462 -11.088 0 -57.5 -10 0
2 24 -42.5 -8 2.75 -42.5 -8 0
2 24 42.5 -8 2.75 42.5 -8 0
2 24 -43 -8 0 -43 -8 6
2 24 43 0 -10 43 -5 -10
