0 ~| Fx Bricks FxTrack  9V Cross Rail Straight 38.4 - Track Guard
0 Name: s\t1160s04.dat
0 Author: Ulrich Röder [UR]
0 !LDRAW_ORG Unofficial_Subpart 
0 !LICENSE Redistributable under CCAL version 2.0 : see CAreadme.txt

0 BFC CERTIFY CCW


1 16 -40 -23.75 12 0 0 -3 0 1 0 -3 0 0 48\5-48ring4.dat
1 16 -40 -8 12 0 0 -3 0 -1 0 -3 0 0 48\5-48ring4.dat
0 BFC INVERTNEXT
1 16 -40 -8 12 0 0 -12 0 -15.75 0 -12 0 0 48\5-48cylo.dat
1 16 -40 -8 12 0 0 -15 0 -15.75 0 -15 0 0 48\5-48cylo.dat
1 16 40 -23.75 12 0 0 3 0 1 0 -3 0 0 48\5-48ring4.dat
1 16 40 -8 12 0 0 3 0 -1 0 -3 0 0 48\5-48ring4.dat
0 BFC INVERTNEXT
1 16 40 -8 12 0 0 12 0 -15.75 0 -12 0 0 48\5-48cylo.dat
1 16 40 -8 12 0 0 15 0 -15.75 0 -15 0 0 48\5-48cylo.dat

1 16 48.2188 -15.875 1.2891 .9132 -1 0 0 0 7.875 -1.1901 0 0 rect1.dat
1 16 -48.2188 -15.875 1.2891 0 1 .9132 -7.875 0 0 0 0 1.1901 rect.dat
1 16 0 -23.75 -1.5 40 0 0 0 1 0 0 0 1.5 rect2p.dat
1 16 30 -8 -1.5 10 0 0 0 -1 0 0 0 -1.5 rect2p.dat
1 16 -30 -8 -1.5 10 0 0 0 -1 0 0 0 -1.5 rect2p.dat

3 16 20 -8 -3 40 -8 -3 40 -23.75 -3
3 16 -40 -23.75 -3 -40 -8 -3 -20 -8 -3
3 16 -20 -8 0 -40 -8 0 -40 -23.75 0
3 16 40 -23.75 0 40 -8 0 20 -8 0
4 16 40 -23.75 -3 -40 -23.75 -3 -20 -8 -3 20 -8 -3
4 16 20 -8 0 -20 -8 0 -40 -23.75 0 40 -23.75 0
2 24 20 -8 0 -20 -8 0
