0 ~| Fx Bricks FxTrack  9V Cross Rail Straight 38.4 - Crossing Section
0 Name: s\t1160s01.dat
0 Author: Ulrich Röder [UR]
0 !LDRAW_ORG Unofficial_Subpart 
0 !LICENSE Redistributable under CCAL version 2.0 : see CAreadme.txt

0 BFC CERTIFY CCW

0 !CATEGORY Train


1 16 -268.076 -23.75 84.617 -1.15385 0 -2.76923 0 1 0 -2.76923 0 1.15385 48\5-48ring4.dat
1 16 -268.076 -8 84.617 -1.15385 0 -2.76923 0 -1 0 -2.76923 0 1.15385 48\5-48ring4.dat
0 BFC INVERTNEXT
1 16 -268.076 -8 84.617 -4.61541 0 -11.07691 0 -15.75 0 -11.07691 0 4.61541 48\5-48cylo.dat
1 16 -268.076 -8 84.617 -5.76926 0 -13.84614 0 -15.75 0 -13.84614 0 5.76926 48\5-48cylo.dat
1 16 -280 -23.75 25 0 0 -3 0 1 0 3 0 0 48\5-48ring4.dat
1 16 -280 -8 25 0 0 -3 0 -1 0 3 0 0 48\5-48ring4.dat
0 BFC INVERTNEXT
1 16 -280 -8 25 0 0 -12 0 -15.75 0 12 0 0 48\5-48cylo.dat
1 16 -280 -8 25 0 0 -15 0 -15.75 0 15 0 0 48\5-48cylo.dat
1 16 -205.5 0 50 0 0 -2.5 0 1 0 1 0 0 s\t1128s06.dat
1 16 -198 0 50 0 0 -1 0 1 0 -1 0 0 s\t1148s06.dat
1 16 -190.5 0 50 0 0 -2.5 0 1 0 1 0 0 s\t1128s06.dat
1 16 -180.5 0 50 0 0 -1 0 1 0 1 0 0 s\t1128s05.dat
1 16 31.75 0 50 0 0 1 0 1 0 -1 0 0 s\t1148s06.dat
1 16 21.75 0 50 0 0 5 0 1 0 -1 0 0 s\t1128s06.dat
1 16 39.25 0 50 0 0 2.5 0 1 0 -1 0 0 s\t1128s06.dat
1 16 49.25 0 50 0 0 1 0 1 0 -1 0 0 s\t1128s05.dat
1 16 -17 0 61.252 -.385 0 2.308 0 1 0 -.923 0 -.962 s\t1128s06.dat
1 16 -26.23 0 65.098 -.385 0 .923 0 1 0 -.923 0 -.385 s\t1128s05.dat
1 16 53.058 0 32.051 -.385 0 2.308 0 1 0 -.923 0 -.962 s\t1128s06.dat
1 16 59.981 0 29.166 -.385 0 .923 0 1 0 -.923 0 -.3847 s\t1148s06.dat
1 16 66.903 0 26.28 -.385 0 2.308 0 1 0 -.923 0 -.962 s\t1128s06.dat
1 16 76.134 0 22.433 -.385 0 .923 0 1 0 -.923 0 -.3847 s\t1128s05.dat
1 16 -34.5 0 50 0 0 2.5 0 1 0 -1 0 0 s\t1128s06.dat
1 16 -42 0 50 0 0 1 0 1 0 -1 0 0 s\t1148s06.dat
1 16 -49.5 0 50 0 0 2.5 0 1 0 -1 0 0 s\t1128s06.dat
1 16 -59.5 0 50 0 0 1 0 1 0 -1 0 0 s\t1128s05.dat
1 16 -206.942 0 32.051 -.385 0 2.308 0 1 0 -.923 0 -.962 s\t1128s06.dat
1 16 -200.019 0 29.166 -.385 0 .923 0 1 0 -.923 0 -.3847 s\t1148s06.dat
1 16 -193.097 0 26.28 -.385 0 2.308 0 1 0 -.923 0 -.962 s\t1128s06.dat
1 16 -183.866 0 22.433 -.385 0 .923 0 1 0 -.923 0 -.3847 s\t1128s05.dat

1 16 -274.5 -9 42.5 2.5 0 0 0 0 -1 0 1 0 rect2p.dat
1 16 -274.5 -23.25 47.75 0 0 2.5 0 1 0 -.25 0 0 rect1.dat
1 16 -274.5 -21 47.438 0 0 2.5 2.25 1 0 -.0625 0 0 rect1.dat
1 16 -274.5 -21 52.563 2.5 0 0 0 1 2.25 0 0 .0625 rect2p.dat
1 16 -274.5 -15.125 46.781 2.5 0 0 0 1 -3.625 0 0 .0938 rect2p.dat
1 16 -282 -15.125 46.781 0 0 -5 -3.625 1 0 .0938 0 0 rect1.dat
1 16 -282 -19.125 47.385 0 0 5 .375 1 0 -.0104 0 0 rect1.dat
1 16 -282 -13.644 52.375 0 0 5 -5.8563 0 0 0 -1 0 rect.dat
1 16 -282 -21.188 48.698 0 0 -5 -1.6875 1 0 1.3021 0 0 rect.dat
1 16 -282 -22.875 51 5 0 0 0 1 0 0 0 1 rect3.dat
1 16 -282 -21.188 52.188 0 0 -5 1.6875 1 0 .1875 0 0 rect2p.dat
1 16 -289.5 -9 42.5 2.5 0 0 0 0 -1 0 1 0 rect2p.dat
1 16 -289.5 -23.25 47.75 0 0 2.5 0 1 0 -.25 0 0 rect1.dat
1 16 -289.5 -21 47.438 0 0 2.5 2.25 1 0 -.0625 0 0 rect1.dat
1 16 -289.5 -21 52.563 2.5 0 0 0 1 2.25 0 0 .0625 rect2p.dat
1 16 -289.5 -15.125 53.219 0 0 2.5 -3.625 1 0 -.0938 0 0 rect1.dat
1 16 -289.5 -15.125 46.781 2.5 0 0 0 1 -3.625 0 0 .0938 rect2p.dat
1 16 -273.481 -23.25 57.347 -.0962 0 2.3077 0 1 0 -.2308 0 -.9615 rect1.dat
1 16 -273.601 -21 57.058 -.024 0 2.3077 2.25 1 0 -.0577 0 -.9615 rect1.dat
1 16 -271.63 -21 61.789 2.3077 0 .024 0 1 2.25 -.9615 0 .0577 rect2p.dat
1 16 -271.377 -15.125 62.395 -.0361 0 2.3077 -3.625 1 0 -.0865 0 -.9615 rect1.dat
1 16 -280.544 -19.125 59.895 -.004 0 4.6154 .375 1 0 -.0096 0 -1.9231 rect1.dat
1 16 -277.183 -7.246 67.962 0 1 -4.6154 -3.2463 0 0 0 0 1.9231 rect.dat
1 16 -278.625 -13.644 64.501 0 -1 4.6154 -5.8563 0 0 0 0 -1.9231 rect.dat
1 16 -280.039 -21.188 61.106 .5008 0 -4.6154 -1.6875 1 0 1.2019 0 1.9231 rect.dat
1 16 -279.154 -22.875 63.231 4.6154 0 .3846 0 1 0 -1.9231 0 .9231 rect3.dat
1 16 -278.697 -21.188 64.328 .0721 0 -4.6154 1.6875 1 0 .1731 0 1.9231 rect2p.dat
1 16 -287.327 -23.25 63.116 -.0962 0 2.3077 0 1 0 -.2308 0 -.9615 rect1.dat
1 16 -287.447 -21 62.828 -.024 0 2.3077 2.25 1 0 -.0577 0 -.9615 rect1.dat
1 16 -285.476 -21 67.558 2.3077 0 .024 0 1 2.25 -.9615 0 .0577 rect2p.dat
1 16 -285.223 -15.125 68.164 -.0361 0 2.3077 -3.625 1 0 -.0865 0 -.9615 rect1.dat
1 16 -287.699 -15.125 62.222 2.3077 0 .0361 0 1 -3.625 -.9615 0 .0865 rect2p.dat
1 16 -282 -10.75 44.594 5 0 0 0 1 -.75 0 0 2.0936 rect2p.dat
1 16 -299.5 0 50 0 0 1 0 1 0 -1 0 0 s\t1128s05.dat
1 16 -120 0 50 0 0 1 0 1 0 -1 0 0 s\t1128s05.dat
1 16 -150.25 0 50 0 0 22.75 0 1 0 -1 0 0 s\t1128s06.dat
1 16 -89.75 0 50 0 0 22.75 0 1 0 -1 0 0 s\t1128s06.dat
1 16 -210.253 -9 42.5 0 0 -2.2525 -1 0 0 0 1 0 rect1.dat
1 16 -11.084 -19.125 55.954 -.004 0 4.615 .375 1 0 -.0096 0 -1.925 rect1.dat
1 16 -7.719 -7.246 64.02 0 1 -4.615 -3.2463 0 0 0 0 1.925 rect.dat
1 16 -9.163 -13.644 60.559 0 -1 4.615 -5.8563 0 0 0 0 -1.925 rect.dat
1 16 -10.578 -21.188 57.165 .5013 0 -4.615 -1.6875 1 0 1.2018 0 1.925 rect.dat
1 16 -9.692 -22.875 59.29 4.615 0 .385 0 1 0 -1.925 0 .923 rect3.dat
1 16 -9.235 -21.188 60.386 .0722 0 -4.615 1.6875 1 0 .1731 0 1.925 rect2p.dat
1 16 -7.19 -9 65.29 4.615 -1 0 0 0 1 -1.925 0 0 rect2p.dat
1 16 2.041 -9 61.444 4.615 -1 0 0 0 1 -1.923 0 0 rect2p.dat
1 16 -1.712 -23.25 52.444 -.0963 0 4.615 0 1 0 -.2308 0 -1.923 rect1.dat
1 16 -1.833 -21 52.156 -.0241 0 4.615 2.25 1 0 -.0577 0 -1.923 rect1.dat
1 16 .141 -21 56.886 4.615 0 .0241 0 1 2.25 -1.923 0 .0577 rect2p.dat
1 16 .393 -15.125 57.492 -.0361 0 4.615 -3.625 1 0 -.0865 0 -1.923 rect1.dat
1 16 -11.184 -18.75 55.714 -.096 0 4.615 0 1 0 -.2305 0 -1.925 rect1.dat
1 16 -1.953 -18.75 51.868 -.096 0 4.615 0 1 0 -.2305 0 -1.923 rect1.dat
1 16 9.079 -9 58.51 0 -1 2.422 -1 0 0 0 0 -1.01 rect2a.dat
1 16 14.126 -9 57.5 0 0 2.6245 -1 0 0 0 -1 0 rect1.dat
1 16 -29.748 -9 57.5 0 0 2.2525 -1 0 0 0 -1 0 rect1.dat
1 16 -11.749 -9 42.5 0 0 -20.251 -1 0 0 0 1 0 rect1.dat
1 16 28.18215 -9 34.2951 0 1 -19.68015 -1 0 0 0 0 8.2049 rect3.dat
1 16 .261 -18.75 57.175 4.615 0 .0959 0 1 0 -1.923 0 .2309 rect1.dat
1 16 -209.434 -9 41.218 0 -1 3.0713 -1 0 0 0 0 -1.2823 rect1.dat
1 16 -295.692 0 69.039 -.3846 0 .9231 0 1 0 -.9231 0 -.3846 s\t1128s05.dat

1 16 -274.5 -18.75 47.125 2.5 0 0 0 1 0 0 0 .25 rect1.dat
1 16 -274.5 -18.75 52.875 2.5 0 0 0 1 0 0 0 .25 rect3.dat
1 16 -282 -9 42.5 0 0 5 1 0 0 0 1 0 rect1.dat
1 16 -289.749 -9 57.5 2.251 0 0 0 0 1 0 -1 0 rect2p.dat
1 16 -289.576 -9 58.366 0 1 2.078 1 0 0 0 0 -.866 rect3.dat
1 16 -289.5 -18.75 52.875 2.5 0 0 0 1 0 0 0 .25 rect1.dat
1 16 -273.721 -18.75 56.77 -.096 0 2.308 0 1 0 -.2305 0 -.9615 rect1.dat
1 16 -271.51 -18.75 62.078 -2.3075 0 -.096 0 1 0 .9615 0 -.231 rect1.dat
1 16 -285.356 -18.75 67.847 2.3075 0 .096 0 1 0 -.9615 0 .2305 rect1.dat
1 16 50.565 -9 41.218 0 -1 -3.07275 1 0 0 0 0 1.28225 rect3.dat
1 16 -261.749 -9 42.5 10.251 0 0 0 0 -1 0 1 0 rect2a.dat
1 16 -120 0 50 0 0 1 0 1 0 -1 0 0 s\t1160s03.dat
1 16 57.875 -5.5 55 0 0 21.125 1.5 0 0 0 1 0 rect3.dat
1 16 -63 -5.5 55.05 0 0 -16 -1.5 -1 0 -.05 0 0 rect3.dat
1 16 -177 -5.5 55 0 0 16 1.5 0 0 0 1 0 rect3.dat
1 16 -303 -5.5 55 0 0 16 1.5 0 0 0 1 0 rect.dat
1 16 -280.016 -5.5 56.563 .0875 0 .13 0 -1 -1.5 .4375 0 0 rect.dat
1 16 10 -7 50 5 0 -1.2 0 -1 0 -1 0 -6 rect2p.dat
1 16 -160 0 50 -1 0 0 0 -1 0 0 0 7 rect1.dat
1 16 -80 0 50 1 0 0 0 -1 0 0 0 -7 rect1.dat
1 16 -288.219 -15.875 35.711 -.913 1 0 0 0 7.875 1.19 0 0 rect.dat
1 16 -221.097 -9 57.5 0 0 -13.097 1 0 0 0 -1 0 rect3.dat
1 16 -245.249 -9 57.5 3.2535 0 0 0 0 1 0 -1 0 rect.dat
1 16 -279.782 -15.875 77.891 -1.301 1 0 0 0 -7.875 -.747 0 0 rect.dat

4 16 -280 -23.75 40 -280 -23.75 37 -226.336 -23.75 37 -218.231 -23.75 40
4 16 -226.336 -23.75 37 -280 -23.75 37 -280 -8 37 -238.306 -10 37
4 16 52.46787 -11.0882 37.131426 53.6375 -10 39.9355 47.49225 -10 42.50025 46.322 -11.088 39.696
4 16 -273.6486 -11.5 63.443 -269.0332 -11.5 61.52 -267.423 -10 65.385 -272.5676 -10.4923 66.0389
4 16 -266.136 -11.5 53.255 -272 -18.75 53.125 -272 -23.75 53 -264.616 -23.75 52.893
4 16 -233.909 -11.5 46.769 -272 -11.5 46.6872 -272 -10 42.5 -251.498 -10 42.5
4 16 -271.463 -23.75 55.701 -264.616 -23.75 52.893 -249.348 -23.75 52.893 -269.152 -23.75 61.242
4 16 -266.136 -11.5 53.255 -277 -11.5 53.313 -277 -18.75 53.125 -272 -18.75 53.125
4 16 -272 -10 42.5 -272 -11.5 46.6872 -277 -11.5 46.6872 -277 -10 42.5
4 16 -272 -23.25 48 -272 -23.25 52 -277 -23.25 52 -277 -23.25 48
4 16 -272 -23.25 52.5005 -277 -23.25 52.5005 -277 -23.25 52 -272 -23.25 52
4 16 -277 -18.75 46.875 -277 -18.75 47.375 -287 -18.75 47.3746 -287 -18.75 46.8748
4 16 -277 -10.493 56.125 -277 -7.4 53.667 -277 -7.7877 52.375 -277 -11.5 53.313
4 16 -277 -18.75 52.625 -277 -18.75 53.125 -277 -11.5 53.313 -277 -7.7877 52.375
4 16 -277 -23.25 52.5005 -277 -22.875 52 -277 -22.875 50 -277 -23.25 47.5
4 16 -277 -19.5005 52.3755 -277 -22.875 52 -277 -23.25 52.5005 -277 -18.75 52.625
4 16 -287 -7 55 -287 -4 55 -287 -4 56.125 -287 -10.493 56.125
4 16 -287 -7.7877 52.375 -287 -7 55 -287 -10.493 56.125 -287 -11.5 53.3128
4 16 -287 -11.5 53.3128 -287 -18.75 53.125 -287 -18.75 52.625 -287 -7.7877 52.375
4 16 -287 -23.25 52.5005 -287 -22.875 52 -287 -19.5005 52.3755 -287 -18.75 52.625
4 16 -287 -22.875 50 -287 -22.875 52 -287 -23.25 52.5005 -287 -23.25 47.5
4 16 -292 -11.0882 54.462 -287 -11.5 53.3128 -287.498 -10 57.5 -292 -10 57.5
4 16 -287 -10 42.5 -287 -11.5 46.6872 -292 -11.0882 45.538 -292 -10 42.5
4 16 -287 -23.25 48 -287 -23.25 52 -292 -23.25 52 -292 -23.25 48
4 16 -287 -23.25 52.5005 -292 -23.25 52.5 -292 -23.25 52 -287 -23.25 52
4 16 -287 -18.75 47.3746 -292 -18.75 47.375 -292 -18.75 46.875 -287 -18.75 46.8748
4 16 -271.0771 -23.25 56.6163 -269.538 -23.25 60.308 -274.154 -23.25 62.231 -275.6925 -23.25 58.5393
4 16 -269.3463 -23.25 60.7698 -273.9617 -23.25 62.6928 -274.154 -23.25 62.231 -269.538 -23.25 60.308
4 16 -276.125 -18.75 57.501 -275.933 -18.75 57.962 -285.1634 -18.75 61.8085 -285.3552 -18.75 61.347
4 16 -272.5676 -3.9997 66.0389 -272.962 -4 65.093 -273 -7 65.001 -272.5676 -10.4923 66.0389
4 16 -272.5676 -10.4923 66.0389 -273 -7 65.001 -274.0096 -7.7877 62.5779 -273.6486 -11.5 63.443
4 16 -273.9137 -18.75 62.8082 -273.7215 -18.75 63.2705 -273.6486 -11.5 63.443 -274.0096 -7.7877 62.5779
4 16 -273.9617 -23.25 62.6928 -274.154 -22.875 62.231 -274.9232 -22.875 60.3848 -275.8849 -23.25 58.0777
4 16 -274.0096 -19.5003 62.5779 -274.154 -22.875 62.231 -273.9617 -23.25 62.6928 -273.9137 -18.75 62.8082
4 16 -282.231 -7 68.847 -282.231 -4 68.847 -281.7984 -3.9997 69.8851 -281.7984 -10.4923 69.8851
4 16 -283.2404 -7.7877 66.4241 -282.231 -7 68.847 -281.7984 -10.4923 69.8851 -282.8792 -11.5 67.289
4 16 -282.8792 -11.5 67.289 -282.9525 -18.75 67.116 -283.1445 -18.75 66.655 -283.2404 -7.7877 66.4241
4 16 -283.1923 -23.25 66.5388 -283.3848 -22.875 66.0772 -283.2404 -19.5003 66.4241 -283.1445 -18.75 66.655
4 16 -284.154 -22.875 64.231 -283.3848 -22.875 66.0772 -283.1923 -23.25 66.5388 -285.1155 -23.25 61.9237
4 16 -272.5676 -10.4923 66.0389 -267.423 -10 65.385 -285.88425 -10 73.07775 -281.7984 -10.4923 69.8851
4 16 -287.498 -10 57.5 -285.4274 -11.5 61.174 -290.484835 -11.0882 62.035628 -291.654 -10 59.232
4 16 -284.9231 -23.25 62.3853 -283.384 -23.25 66.078 -287.99955 -23.25 68.0007 -289.5385 -23.25 64.3083
4 16 -283.1923 -23.25 66.5388 -287.8077 -23.25 68.4618 -287.99955 -23.25 68.0007 -283.384 -23.25 66.078
4 16 -285.1634 -18.75 61.8085 -289.7787 -18.75 63.7318 -289.970625 -18.75 63.269813 -285.3552 -18.75 61.347
4 16 -216.793 -23.75 47 -208 -23.75 47 -208 -23.75 53 -231.194 -23.75 53
4 16 -216.043 -11.5 46.687 -216.793 -23.75 47 -231.194 -23.75 53 -231.943 -11.5 53.312
4 16 -208 -11.0882 45.538 -216.043 -11.5 46.687 -212.5055 -10 42.5 -208 -10 42.5
4 16 -271.463 -23.75 55.701 -271.266 -23.25 56.16 -271.314 -18.75 56.045 -271.507 -18.75 55.583
4 16 -269.152 -23.75 61.242 -269.341 -23.25 60.775 -271.266 -23.25 56.16 -271.463 -23.75 55.701
4 16 -269.341 -23.25 60.775 -269.152 -23.75 61.242 -269.101 -18.75 61.352 -269.293 -18.75 60.891
4 16 -208 -23.75 53 -208 -23.75 47 -208 -23.25 47.5 -208 -23.25 52.5
4 16 -208 -18.75 53.125 -208 -23.75 53 -208 -23.25 52.5 -208 -18.75 52.625
4 16 -208 -23.75 47 -208 -18.75 46.875 -208 -18.75 47.375 -208 -23.25 47.5
4 16 8.502 -10 42.5 47.8623 -10 26.0902 49.03213 -11.0882 28.894574 29.019 -11.5 38.635
4 16 -15.967313 -11.5 57.232563 -9.495 -11.5 54.565 -6.665 -18.75 53.5585 -15.895125 -18.75 57.405625
4 16 -3.104 -3.9997 62.095 -3.537 -4 61.057 -3.537 -7 61.057 -3.104 -10.4923 62.095
4 16 -3.104 -10.4923 62.095 -3.537 -7 61.057 -4.548 -7.7877 58.634 -4.1859 -11.5 59.5015
4 16 -4.4499 -18.75 58.8667 -4.2581 -18.75 59.3285 -4.1859 -11.5 59.5015 -4.548 -7.7877 58.634
4 16 -4.4981 -23.25 58.7513 -4.6922 -22.8755 58.2879 -5.462 -22.875 56.442 -6.4239 -23.25 54.1367
4 16 -4.548 -19.5003 58.634 -4.6922 -22.8755 58.2879 -4.4981 -23.25 58.7513 -4.4499 -18.75 58.8667
4 16 -12.767 -7 64.907 -12.767 -4 64.907 -12.334 -3.9997 65.945 -12.334 -10.4923 65.945
4 16 -13.778 -7.7877 62.484 -12.767 -7 64.907 -12.334 -10.4923 65.945 -13.416688 -11.5 63.347438
4 16 -13.416688 -11.5 63.347438 -13.488875 -18.75 63.174375 -13.681375 -18.75 62.712875 -13.778 -7.7877 62.484
4 16 -13.7295 -23.25 62.5975 -13.9222 -22.8755 62.1379 -13.778 -19.5003 62.484 -13.681375 -18.75 62.712875
4 16 -14.692 -22.875 60.292 -13.9222 -22.8755 62.1379 -13.7295 -23.25 62.5975 -15.6545 -23.25 57.9825
4 16 -3.104 -10.4923 62.095 -2.575 -10 63.365 -11.805 -10 67.215 -12.334 -10.4923 65.945
4 16 -11.108 -10 50.698 -9.495 -11.5 54.565 -16.40987 -11.0882 56.171574 -17.5795 -10 53.3675
4 16 -4.1859 -11.5 59.5015 5.487 -11.088 56.717 6.656 -10 59.521 -2.574 -10 63.367
4 16 2.9993 -23.25 50.7518 4.539 -23.25 54.444 -4.691 -23.25 58.29 -6.2307 -23.25 54.5978
4 16 4.7319 -23.25 54.9053 -4.4981 -23.25 58.7513 -4.691 -23.25 58.29 4.539 -23.25 54.444
4 16 -6.665 -18.75 53.5585 -9.495 -11.5 54.565 2.494 -11.5 49.541 2.566 -18.75 49.7145
4 16 2.7579 -18.75 50.1753 2.566 -18.75 49.7145 2.616 -23.75 49.828 2.8061 -23.25 50.2907
4 16 2.616 -23.75 49.828 4.923 -23.75 55.367 4.7319 -23.25 54.9053 2.8061 -23.25 50.2907
4 16 4.923 -23.75 55.367 4.9719 -18.75 55.4825 4.7801 -18.75 55.0207 4.7319 -23.25 54.9053
4 16 9.34 -11.5 46.688 16.75 -18.75 46.875 16.75 -23.75 47 9.401 -23.75 47
4 16 16.75 -23.75 47 16.75 -23.75 53 10.6 -23.75 53 9.401 -23.75 47
4 16 16.75 -23.75 47 16.75 -18.75 46.875 16.75 -18.75 47.375 16.75 -23.25 47.5
4 16 16.75 -23.25 52.5 16.75 -23.75 53 16.75 -23.75 47 16.75 -23.25 47.5
4 16 16.75 -18.75 52.625 16.75 -18.75 53.125 16.75 -23.75 53 16.75 -23.25 52.5
4 16 10.6 -23.75 53 16.75 -23.75 53 16.75 -18.75 53.125 10.663 -11.5 53.313
4 16 10.6 -23.75 53 4.923 -23.75 55.367 2.616 -23.75 49.828 9.401 -23.75 47
4 16 9.401 -23.75 47 2.616 -23.75 49.828 2.566 -18.75 49.7145 9.34 -11.5 46.688
4 16 10.663 -11.5 53.313 4.9719 -18.75 55.4825 4.923 -23.75 55.367 10.6 -23.75 53
4 16 5.487 -11.088 56.717 5.0441 -11.5 55.6555 10.663 -11.5 53.313 10.893 -11.088 54.462
4 16 11.501 -10 57.5 6.657 -10 59.52 5.487 -11.088 56.717 10.893 -11.088 54.462
4 16 16.75 -11.0882 45.538 16.75 -11.5 46.6875 9.34 -11.5 46.688 9.11 -11.088 45.538
4 16 16.75 -10 42.5 16.75 -11.0882 45.538 9.11 -11.088 45.538 8.502 -10 42.5
4 16 10.893 -11.088 54.462 10.663 -11.5 53.313 16.75 -11.5 53.3125 16.75 -11.0882 54.462
4 16 16.75 -10 57.5 11.501 -10 57.5 10.893 -11.088 54.462 16.75 -11.0882 54.462
4 16 -32 -23.75 47 -32 -18.75 46.875 -12.548 -11.5 46.688 -13.298 -23.75 47
4 16 -27.698 -23.75 53 -32 -23.75 53 -32 -23.75 47 -13.298 -23.75 47
4 16 -32 -18.75 53.125 -32 -23.75 53 -27.698 -23.75 53 -28.449 -11.5 53.313
4 16 -12.548 -11.5 46.688 -32 -11.5 46.6875 -32 -11.0882 45.538 9.11 -11.088 45.538
4 16 -28.449 -11.5 53.313 -27.698 -23.75 53 -13.298 -23.75 47 -12.548 -11.5 46.688
4 16 -32 -11.0882 54.462 -28.449 -11.5 53.313 -27.4955 -10 57.5 -32 -10 57.5
4 16 9.11 -11.088 45.538 -32 -11.0882 45.538 -32 -10 42.5 8.502 -10 42.5
4 16 46.322 -11.088 39.696 45.88 -11.5 38.635 52.025313 -11.5 36.070438 52.46787 -11.0882 37.131426
4 16 30.49 -23.75 38.347 45.758 -23.75 38.347 45.88 -11.5 38.635 29.019 -11.5 38.635
4 16 49.546875 -18.75 30.128625 49.598 -23.75 30.239 30.49 -23.75 38.347 29.019 -11.5 38.635
4 16 -22.1955 -10 55.2915 -27.4955 -10 57.5 -28.449 -11.5 53.313 -12.548 -11.5 46.688
4 16 36.75 -10 42.5 26.75 -10 42.5 29.019 -11.5 38.635 45.88 -11.5 38.635
4 16 46.322 -11.088 39.696 41.75 -10 42.5 36.75 -10 42.5 45.88 -11.5 38.635
4 16 51.909 -23.75 35.78 45.758 -23.75 38.347 30.49 -23.75 38.347 49.598 -23.75 30.239
4 16 51.909 -23.75 35.78 51.7125 -23.25 35.3205 51.760625 -18.75 35.435875 51.953125 -18.75 35.897375
4 16 51.909 -23.75 35.78 51.953125 -18.75 35.897375 45.88 -11.5 38.635 45.758 -23.75 38.347
4 16 49.598 -23.75 30.239 49.7875 -23.25 30.7055 51.7125 -23.25 35.3205 51.909 -23.75 35.78
4 16 49.7875 -23.25 30.7055 49.598 -23.75 30.239 49.546875 -18.75 30.128625 49.739375 -18.75 30.590125
4 16 -32 -23.75 47 -32 -23.75 53 -32 -23.25 52.5 -32 -23.25 47.5
4 16 -32 -18.75 46.875 -32 -23.75 47 -32 -23.25 47.5 -32 -18.75 47.375
4 16 -32 -23.75 53 -32 -18.75 53.125 -32 -18.75 52.625 -32 -23.25 52.5
4 16 -208.091 -23.75 35.78 -218.231 -23.75 40 -226.336 -23.75 37 -210.402 -23.75 30.239
4 16 -208.091 -23.75 35.78 -208.2875 -23.25 35.3205 -208.239375 -18.75 35.435875 -208.046875 -18.75 35.897375
4 16 -210.402 -23.75 30.239 -210.2125 -23.25 30.7055 -208.2875 -23.25 35.3205 -208.091 -23.75 35.78
4 16 -210.2125 -23.25 30.7055 -210.402 -23.75 30.239 -210.453125 -18.75 30.128625 -210.260625 -18.75 30.590125
4 16 -272 -23.75 47 -272 -23.75 53 -272 -23.25 52.5005 -272 -23.25 47.5
4 16 -272 -18.75 46.875 -272 -23.75 47 -272 -23.25 47.5 -272 -18.75 47.375
4 16 -272 -23.75 53 -272 -18.75 53.125 -272 -18.75 52.625 -272 -23.25 52.5005
4 16 -249.57 -11.5 53.312 -249.348 -23.75 52.893 -235.384 -23.75 47.107 -233.909 -11.5 46.769
4 16 -249.348 -23.75 52.893 -264.616 -23.75 52.893 -272 -23.75 47 -235.384 -23.75 47.107
4 16 -231.943 -11.5 53.312 -249.57 -11.5 53.312 -233.909 -11.5 46.769 -216.043 -11.5 46.687
4 16 -207.53213 -11.0882 37.131426 -206.3627 -10 39.9357 -212.5055 -10 42.5 -217.441 -11.5 40
4 16 -233.909 -11.5 46.769 -251.498 -10 42.5 -212.5055 -10 42.5 -216.043 -11.5 46.687
4 16 -249.57 -11.5 53.312 -269.0332 -11.5 61.52 -269.1065 -18.75 61.3475 -249.348 -23.75 52.893
4 16 -271.463 -23.75 55.701 -271.509 -18.75 55.578 -266.136 -11.5 53.255 -264.616 -23.75 52.893
4 16 -267.423 -10 65.385 -269.0332 -11.5 61.52 -249.57 -11.5 53.312 -248.5025 -10 57.5
4 16 -272 -18.75 46.875 -272 -11.5 46.6872 -233.909 -11.5 46.769 -235.384 -23.75 47.107
4 16 -266.136 -11.5 53.255 -276.125 -18.75 57.501 -285.3552 -18.75 61.347 -285.4274 -11.5 61.174
4 16 -287.052665 -11.0882 70.273372 -287.494763 -11.5 69.212269 -282.8792 -11.5 67.289 -281.7984 -10.4923 69.8851
4 16 -267.423 -10 65.385 -248.5025 -10 57.5 -248.5025 -8 57.5 -267.423 -8 65.386
4 16 -267.423 -8 65.386 -285.88425 -8 73.07775 -285.88425 -10 73.07775 -267.423 -10 65.385
4 16 94.117 -4.012 20.4 94.078 -7 20.384 66.521 -7 31.8575 66.521 -4 31.8575
4 16 57.291 -4 35.7045 57.291 -7 35.7045 39.8 -7 43 40.06 -4 42.9
4 16 6.46 -4 56.92 6.2 -7 57 -3.537 -7 61.057 -3.537 -4 61.057
4 16 -12.767 -4 64.907 -12.767 -7 64.907 -51.77 -7 81.154 -51.731 -4 81.147
4 16 83.061 -8.5 19.558 92.155 -8.5 15.769 90.232 -7 11.153 81.781188 -7.5062 16.490313
4 16 26.8 -8.5 43 69.2115 -8.5 25.31825 67.936188 -7.5062 22.260813 13.8 -7 43
4 16 13.8 -7 43 67.936188 -7.5062 22.260813 81.781188 -7.5062 16.490313 90.232 -7 11.153
4 16 -53.693 -8.5 76.539 -33.1525 -8.5 67.9855 -34.427813 -7.5062 64.928063 -55.616 -7 71.923
4 16 -19.8 -7 57 -20.582813 -7.5062 59.153063 -19.3075 -8.5 62.2105 -6.8 -8.5 57
4 16 -19.8 -7 57 -55.616 -7 71.923 -34.427813 -7.5062 64.928063 -20.582813 -7.5062 59.153063
4 16 -56.289 -4 70.308 -55.654 -4 71.831 -20.06 -4 57 -24.35 -4 57
4 16 90.193 -4 11.061 89.559 -4 9.538 9.25 -4 43 13.54 -4 43
4 16 -56.385 0 70.077 -56.289 -4 70.308 -24.35 -4 57 -25 0 57
4 16 89.559 -4 9.538 89.463 -.017 9.308 8.6 0 43 9.25 -4 43
4 16 13.54 -4 43 13.8 -7 43 90.232 -7 11.153 90.193 -4 11.061
4 16 -55.654 -4 71.831 -55.616 -7 71.923 -19.8 -7 57 -20.06 -4 57
4 16 44.35 -4 43 45 0 43 94.847 0 22.23 94.751 -4 22
4 16 -51.097 -4 82.77 -51.001 -.009 83 11.4 0 57 10.75 -4 57
4 16 -4.548 -7.7877 58.634 -6.8 -8.5 57 -19.3075 -8.5 62.2105 -13.778 -7.7877 62.484
4 16 -51.77 -7 81.154 -12.767 -7 64.907 -18.032188 -7.5062 65.267938 -31.877188 -7.5062 71.042938
4 16 -13.778 -7.7877 62.484 -19.3075 -8.5 62.2105 -18.032188 -7.5062 65.267938 -12.767 -7 64.907
4 16 92.155 -8.5 15.769 83.061 -8.5 19.558 84.331813 -7.5062 22.605188 94.078 -7 20.384
4 16 57.291 -7 35.7045 56.280375 -7.7875 33.281625 26.8 -8.5 43 39.8 -7 43
4 16 56.280375 -7.7875 33.281625 65.510375 -7.7875 29.434625 69.2115 -8.5 25.31825 26.8 -8.5 43
4 16 65.510375 -7.7875 29.434625 66.521 -7 31.8575 70.486813 -7.5062 28.375688 69.2115 -8.5 25.31825
4 16 94.078 -7 20.384 84.331813 -7.5062 22.605188 70.486813 -7.5062 28.375688 66.521 -7 31.8575
4 16 -51.731 -4 81.147 -51.097 -4 82.77 -12.334 -3.9997 65.945 -12.767 -4 64.907
4 16 6.46 -4 56.92 -3.537 -4 61.057 -3.104 -3.9997 62.095 10.75 -4 57
4 16 10.75 -4 57 -3.104 -3.9997 62.095 -12.334 -3.9997 65.945 -51.097 -4 82.77
4 16 57.291 -4 35.7045 40.06 -4 42.9 44.35 -4 43 57.724125 -4 36.742875
4 16 66.521 -4 31.8575 66.954125 -4 32.895875 94.751 -4 22 94.117 -4.012 20.4
4 16 66.954125 -4 32.895875 57.724125 -4 36.742875 44.35 -4 43 94.751 -4 22
4 16 -193.479 -7 31.8575 -193.479 -4 31.8575 -165.884 -4 20.4 -165.923 -7 20.385
4 16 -202.709 -4 35.7045 -202.709 -7 35.7045 -220.199 -7 43 -219.939 -4 42.9
4 16 -273 -7 65.001 -272.962 -4 65.093 -253.538 -4 57 -253.798 -7 57
4 16 -282.231 -4 68.847 -282.231 -7 68.847 -311.77 -7 81.155 -311.732 -3.985 81.183
4 16 -190.7885 -8.5 25.31825 -192.063813 -7.5062 22.260813 -246.199 -7 43 -233.199 -8.5 43
4 16 -246.199 -7 43 -192.063813 -7.5062 22.260813 -178.218813 -7.5062 16.490313 -169.768 -7 11.154
4 16 -288.76875 -8.5 66.1545 -266.798 -8.5 57 -279.7985 -7 57.0005 -290.042738 -7.5062 63.096731
4 16 -313.693 -8.5 76.539 -302.61525 -8.5 71.9235 -303.889238 -7.5062 68.865731 -315.616 -7 71.924
4 16 -290.042738 -7.5062 63.096731 -279.7985 -7 57.0005 -315.616 -7 71.924 -303.889238 -7.5062 68.865731
4 16 -316.289 -4 70.309 -315.654 -4 71.832 -280.0585 -4 57.0005 -284.348 -4 57
4 16 -250.749 -4 43 -246.459 -4 43 -169.807 -4 11.062 -170.441 -4 9.538
4 16 -316.385 0 70.078 -316.289 -4 70.309 -284.348 -4 57 -284.998 0 57
4 16 -170.441 -4 9.538 -170.537 -.022 9.309 -251.399 0 43 -250.749 -4 43
4 16 -169.768 -7 11.154 -169.807 -4 11.062 -246.459 -4 43 -246.199 -7 43
4 16 -315.654 -4 71.832 -315.616 -7 71.924 -279.7985 -7 57.0005 -280.0585 -4 57.0005
4 16 -215.649 -4 43 -214.999 0 43 -165.153 0 22.231 -165.25 -4 22
4 16 -311.097 -4 82.77 -311.001 -.018 83 -248.599 0 57 -249.249 -4 57
4 16 -273 -7 65.001 -253.798 -7 57 -266.798 -8.5 57 -274.0096 -7.7877 62.5779
4 16 -301.341263 -7.5062 74.981269 -302.61525 -8.5 71.9235 -313.693 -8.5 76.539 -311.77 -7 81.155
4 16 -266.798 -8.5 57 -288.76875 -8.5 66.1545 -283.2404 -7.7877 66.4241 -274.0096 -7.7877 62.5779
4 16 -301.341263 -7.5062 74.981269 -311.77 -7 81.155 -282.231 -7 68.847 -287.494763 -7.5062 69.212269
4 16 -283.2404 -7.7877 66.4241 -288.76875 -8.5 66.1545 -287.494763 -7.5062 69.212269 -282.231 -7 68.847
4 16 -167.846 -8.5 15.769 -176.9435 -8.5 19.54775 -175.668188 -7.5062 22.605188 -165.923 -7 20.385
4 16 -202.709 -7 35.7045 -203.719625 -7.7875 33.281625 -233.199 -8.5 43 -220.199 -7 43
4 16 -175.668188 -7.5062 22.605188 -189.513188 -7.5062 28.375688 -193.479 -7 31.8575 -165.923 -7 20.385
4 16 -203.719625 -7.7875 33.281625 -194.489625 -7.7875 29.434625 -190.785 -8.5 25.328 -233.199 -8.5 43
4 16 -193.479 -7 31.8575 -189.513188 -7.5062 28.375688 -190.785 -8.5 25.328 -194.489625 -7.7875 29.434625
4 16 -272.962 -4 65.093 -272.5676 -3.9997 66.0389 -249.249 -4 57 -253.538 -4 57
4 16 -282.231 -4 68.847 -311.732 -3.985 81.183 -311.097 -4 82.77 -281.7984 -3.9997 69.8851
4 16 -249.249 -4 57 -272.5676 -3.9997 66.0389 -281.7984 -3.9997 69.8851 -311.097 -4 82.77
4 16 -215.649 -4 43 -202.275875 -4 36.742875 -202.709 -4 35.7045 -219.939 -4 42.9
4 16 -193.479 -4 31.8575 -193.045875 -4 32.895875 -165.25 -4 22 -165.884 -4 20.4
4 16 -215.649 -4 43 -165.25 -4 22 -193.045875 -4 32.895875 -202.275875 -4 36.742875
4 16 16.2 -7 55 15.96 -4 55.05 26.75 -4 55 26.75 -7 55
4 16 -37 -7 55 -37 -4 55.1 -20.44 -4 55.1 -20.2 -7 55
4 16 -203 -4 55 -203 -7 55 -243.799 -7 55 -243.929 -4 55.04
4 16 -173 -8.5 50 -161 -8.5 50 -161 -7 45 -173 -7.5062 46.6875
4 16 -231.799 -8.5 50 -188 -8.5 50 -188 -7.5062 46.6875 -219.799 -7 45
4 16 -173 -7.5062 46.6875 -161 -7 45 -219.799 -7 45 -188 -7.5062 46.6875
4 16 -52 -8.5 50 -8.2 -8.5 50 3.8 -7 45 -52 -7.5062 46.6875
4 16 -67 -8.5 50 -67 -7.5062 46.6875 -79 -7 45 -79 -8.5 50
4 16 -52 -7.5062 46.6875 3.8 -7 45 -79 -7 45 -67 -7.5062 46.6875
4 16 -292 -8.5 50 -268.198 -8.5 50 -256.199 -7 45 -292 -7.5062 46.6875
4 16 -319 -8.5 50 -307 -8.5 50 -307 -7.5062 46.6875 -319 -7 45
4 16 -319 -7 45 -307 -7.5062 46.6875 -292 -7.5062 46.6875 -256.199 -7 45
4 16 56.75 -8.5 50 79 -8.5 50 79 -7 45 56.75 -7.5062 46.6875
4 16 41.75 -7.5062 46.6875 40.2 -7 45 28.2 -8.5 50 41.75 -8.5 50
4 16 56.75 -7.5062 46.6875 79 -7 45 40.2 -7 45 41.75 -7.5062 46.6875
4 16 -319 -4 43.25 -319 -4 44.9 -255.959 -4 44.9 -251.999 -4 43.25
4 16 -161 -4 44.9 -161 -4 43.25 -215.599 -4 43.25 -219.559 -4 44.9
4 16 -79 -4 43.25 -79 -4 44.9 4.04 -4 44.9 8 -4 43.25
4 16 44.4 -4 43.25 40.44 -4 44.9 79 -4 44.9 79 -4 43.25
4 16 -319 0 43 -319 -4 43.25 -251.999 -4 43.25 -251.399 0 43
4 16 -161 -4 43.25 -161 0 43 -214.999 0 43 -215.599 -4 43.25
4 16 -79 0 43 -79 -4 43.25 8 -4 43.25 8.6 0 43
4 16 79 -4 43.25 79 0 43 45 0 43 44.4 -4 43.25
4 16 -161 -7 45 -161 -4 44.9 -219.559 -4 44.9 -219.799 -7 45
4 16 -79 -4 44.9 -79 -7 45 3.8 -7 45 4.04 -4 44.9
4 16 -319 -4 44.9 -319 -7 45 -256.199 -7 45 -255.959 -4 44.9
4 16 79 -7 45 79 -4 44.9 40.44 -4 44.9 40.2 -7 45
4 16 79 0 57 79 -4 56.75 12 -4 56.75 11.4 0 57
4 16 -79 -4 56.75 -79 0 57 -25 0 57 -24.4 -4 56.75
4 16 -161 0 57 -161 -4 56.75 -247.999 -4 56.75 -248.599 0 57
4 16 -319 -4 56.75 -319 0 57 -284.998 0 57 -284.398 -4 56.75
4 16 -319 -8.5 50 -319 -7 55 -307 -7.5062 53.3125 -307 -8.5 50
4 16 -268.198 -8.5 50 -292 -8.5 50 -287 -7.7877 52.375 -277 -7.7877 52.375
4 16 -307 -7.5062 53.3125 -319 -7 55 -287 -7 55 -292 -7.5062 53.3125
4 16 -287 -7.7877 52.375 -292 -8.5 50 -292 -7.5062 53.3125 -287 -7 55
4 16 -161 -8.5 50 -173 -8.5 50 -173 -7.5062 53.3125 -161 -7 55
4 16 -203 -7 55 -203 -7.7875 52.375 -231.799 -8.5 50 -243.799 -7 55
4 16 -231.799 -8.5 50 -203 -7.7875 52.375 -193 -7.7875 52.375 -188 -8.5 50
4 16 -188 -8.5 50 -193 -7.7875 52.375 -193 -7 55 -188 -7.5062 53.3125
4 16 -173 -7.5062 53.3125 -188 -7.5062 53.3125 -193 -7 55 -161 -7 55
4 16 -37 -7 55 -20.2 -7 55 -8.2 -8.5 50 -37 -7.7875 52.375
4 16 -79 -7 55 -67 -7.5062 53.3125 -67 -8.5 50 -79 -8.5 50
4 16 -47 -7.7875 52.375 -37 -7.7875 52.375 -8.2 -8.5 50 -52 -8.5 50
4 16 -67 -7.5062 53.3125 -79 -7 55 -47 -7 55 -52 -7.5062 53.3125
4 16 -47 -7.7875 52.375 -52 -8.5 50 -52 -7.5062 53.3125 -47 -7 55
4 16 41.75 -8.5 50 36.75 -7.7875 52.375 36.75 -7 55 41.75 -7.5062 53.3125
4 16 56.75 -8.5 50 56.75 -7.5062 53.3125 79 -7 55 79 -8.5 50
4 16 79 -7 55 56.75 -7.5062 53.3125 41.75 -7.5062 53.3125 36.75 -7 55
4 16 36.75 -7.7875 52.375 41.75 -8.5 50 28.2 -8.5 50 26.75 -7.7875 52.375
4 16 -287 -4 56.125 -287 -4 55 -319 -4 55 -319 -4 56.75
4 16 -280.2335 -4 56.1255 -287 -4 56.125 -319 -4 56.75 -284.398 -4 56.75
4 16 -247.999 -4 56.75 -203 -4 56.125 -203 -4 55 -243.929 -4 55.04
4 16 -193 -4 56.125 -161 -4 56.75 -161 -4 55 -193 -4 55
4 16 -247.999 -4 56.75 -161 -4 56.75 -193 -4 56.125 -203 -4 56.125
4 16 -47 -4 56.125 -47 -4 55.1 -79 -4 55.1 -79 -4 56.75
4 16 -37 -4 56.125 -24.4 -4 56.75 -20.44 -4 55.1 -37 -4 55.1
4 16 -79 -4 56.75 -24.4 -4 56.75 -37 -4 56.125 -47 -4 56.125
4 16 79 -4 56.75 36.75 -4 56.125 26.75 -4 56.125 12 -4 56.75
4 16 12 -4 56.75 26.75 -4 56.125 26.75 -4 55 15.96 -4 55.05
4 16 36.75 -4 56.125 79 -4 56.75 79 -4 55 36.75 -4 55
4 16 -219.939 -4 42.9 -220.199 -7 43 -219.799 -7 45 -219.559 -4 44.9
4 16 -215.599 -4 43.25 -215.649 -4 43 -219.939 -4 42.9 -219.559 -4 44.9
4 16 -253.798 -7 57 -253.538 -4 57 -243.929 -4 55.04 -243.799 -7 55
4 16 -253.538 -4 57 -249.249 -4 57 -247.999 -4 56.75 -243.929 -4 55.04
4 16 -255.959 -4 44.9 -256.199 -7 45 -246.199 -7 43 -246.459 -4 43
4 16 -246.459 -4 43 -250.749 -4 43 -251.999 -4 43.25 -255.959 -4 44.9
4 16 -246.199 -7 43 -256.199 -7 45 -253.798 -7 57 -243.799 -7 55
4 16 -277 -7 53.667 -256.199 -7 45 -268.198 -8.5 50 -277 -7.4 53.667
4 16 -280.0585 -4 57.0005 -280.2335 -4 56.1255 -284.398 -4 56.75 -284.348 -4 57
4 16 -277 -7 56.125 -253.798 -7 57 -256.199 -7 45 -277 -7 53.667
4 16 -277 -7 56.125 -279.9735 -7 56.1255 -279.7985 -7 57.0005 -253.798 -7 57
4 16 -243.799 -7 55 -219.799 -7 45 -220.199 -7 43 -246.199 -7 43
4 16 -20.2 -7 55 -20.44 -4 55.1 -20.06 -4 57 -19.8 -7 57
4 16 16.2 -7 55 6.2 -7 57 6.46 -4 56.92 15.96 -4 55.05
4 16 40.2 -7 45 40.44 -4 44.9 40.06 -4 42.9 39.8 -7 43
4 16 40.06 -4 42.9 40.44 -4 44.9 44.4 -4 43.25 44.35 -4 43
4 16 12 -4 56.75 15.96 -4 55.05 6.46 -4 56.92 10.75 -4 57
4 16 4.04 -4 44.9 13.54 -4 43 9.25 -4 43 8 -4 43.25
4 16 13.54 -4 43 4.04 -4 44.9 3.8 -7 45 13.8 -7 43
4 16 -20.44 -4 55.1 -24.4 -4 56.75 -24.35 -4 57 -20.06 -4 57
4 16 3.8 -7 45 -20.2 -7 55 -19.8 -7 57 6.2 -7 57
4 16 16.2 -7 55 40.2 -7 45 39.8 -7 43 13.8 -7 43
4 16 -169.768 -7 11.154 -178.218813 -7.5062 16.490313 -176.9435 -8.5 19.54775 -167.846 -8.5 15.769
4 16 -33.1525 -8.5 67.9855 -53.693 -8.5 76.539 -51.77 -7 81.154 -31.877188 -7.5062 71.042938
4 16 -161 -4 44.9 -161 -4 55 -161 0 57 -161 0 43
4 16 -161 -4 55 -161 -4 44.9 -161 -7 45 -161 -8.5 50
4 16 -319 0 57 -319 -4 55 -319 -4 44.9 -319 0 43
4 16 -319 -7 45 -319 -4 44.9 -319 -4 55 -319 -8.5 50
4 16 -79 0 57 -79 -4 55.1 -79 -4 44.9 -79 0 43
4 16 -79 -7 45 -79 -4 44.9 -79 -4 55.1 -79 -8.5 50
4 16 79 -4 44.9 79 -4 55 79 0 57 79 0 43
4 16 79 -4 55 79 -4 44.9 79 -7 45 79 -8.5 50
4 16 -167.846 -8.5 15.769 -165.923 -7 20.385 -165.884 -4 20.4 -169.807 -4 11.062
4 16 -170.537 -.022 9.309 -169.807 -4 11.062 -165.884 -4 20.4 -165.153 0 22.231
4 16 -311.732 -3.985 81.183 -311.77 -7 81.155 -313.693 -8.5 76.539 -315.654 -4 71.832
4 16 -311.732 -3.985 81.183 -315.654 -4 71.832 -316.385 0 70.078 -311.001 -.018 83
4 16 -55.616 -7 71.923 -55.654 -4 71.831 -51.77 -7 81.154 -53.693 -8.5 76.539
4 16 -51.731 -4 81.147 -55.654 -4 71.831 -56.385 0 70.077 -51.001 -.009 83
4 16 94.078 -7 20.384 90.193 -4 11.061 90.232 -7 11.153 92.155 -8.5 15.769
4 16 89.463 -.017 9.308 90.193 -4 11.061 94.117 -4.012 20.4 94.847 0 22.23
4 16 -279.9735 -7 56.1255 -287 -10.493 56.125 -287 -4 56.125 -280.2335 -4 56.1255
4 16 -279.9735 -7 56.1255 -277 -7 56.125 -277 -10.493 56.125 -287 -10.493 56.125
4 16 -277 -10.493 56.125 -277 -7 56.125 -277 -7 53.667 -277 -7.4 53.667
4 16 -280 -8 40 -245.502 -8 40 -251.498 -8 42.5 -292 -8 42.5
1 16 -225.22175 -9 31.54525 0 1 -13.08425 -1 0 0 0 0 5.45475 rect2a.dat
4 16 -208.091 -23.75 35.78 -208.046875 -18.75 35.897375 -217.441 -11.5 40 -218.231 -23.75 40
4 16 -210.96787 -11.0882 28.894574 -227.128 -11.5 37 -238.306 -10 37 -212.1375 -10 26.0905
4 16 -245.502 -8 40 -280 -8 40 -280 -23.75 40 -245.502 -11.5 40
4 16 -218.231 -23.75 40 -217.441 -11.5 40 -245.502 -11.5 40 -280 -23.75 40
4 16 -251.498 -8 42.5 -245.502 -8 40 -245.502 -11.5 40 -251.498 -10 42.5
4 16 -251.498 -10 42.5 -245.502 -11.5 40 -217.441 -11.5 40 -223.523 -10 42.5
4 16 -226.336 -23.75 37 -227.128 -11.5 37 -210.525313 -11.5 29.955563 -210.453125 -18.75 30.128625
4 16 -231.194 -23.75 53 -273.84525 -23.75 70.77085 -273.84525 -8 70.77085 -241.9955 -10 57.5
4 16 -272.6914 -8 73.54008 -272.6914 -23.75 73.54008 -223.394 -23.75 53 -234.194 -10 57.5
4 16 -249.57 -11.5 53.312 -231.943 -11.5 53.312 -241.9955 -10 57.5 -248.5025 -10 57.5
4 16 -234.194 -10 57.5 -224.143 -11.5 53.312 -208 -11.0882 54.462 -208 -10 57.5
4 16 -216.793 -23.75 47 -216.043 -11.5 46.687 -208 -11.5 46.6875 -208 -23.75 47
4 16 -208 -18.75 53.125 -208 -11.5 53.3125 -224.143 -11.5 53.312 -223.394 -23.75 53
4 16 -273.84525 -23.75 70.77085 -231.194 -23.75 53 -223.394 -23.75 53 -272.6914 -23.75 73.54008
4 16 -248.5025 -8 57.5 -241.9955 -8 57.5 -273.84525 -8 70.77085 -299.73075 -8 78.84675
3 16 -277 -23.25 47.5 -277 -22.875 50 -277 -19.5005 47.3959
3 16 -277 -7.7877 52.375 -277 -19.5005 52.3755 -277 -18.75 52.625
3 16 -287 -22.875 50 -287 -23.25 47.5 -287 -19.5005 47.3959
3 16 -287 -19.5005 52.3755 -287 -7.7877 52.375 -287 -18.75 52.625
3 16 -275.8849 -23.25 58.0777 -274.9232 -22.875 60.3848 -275.9246 -19.5 57.9815
3 16 -274.0096 -7.7877 62.5779 -274.0096 -19.5003 62.5779 -273.9137 -18.75 62.8082
3 16 -284.154 -22.875 64.231 -285.1155 -23.25 61.9237 -285.1554 -19.5 61.8277
3 16 -283.2404 -19.5003 66.4241 -283.2404 -7.7877 66.4241 -283.1445 -18.75 66.655
3 16 -287.052665 -11.0882 70.273372 -281.7984 -10.4923 69.8851 -285.88425 -10 73.07775
3 16 -285.4274 -11.5 61.174 -290.0428 -11.5 63.097 -290.484835 -11.0882 62.035628
3 16 -6.4239 -23.25 54.1367 -5.462 -22.875 56.442 -6.465 -19.5 54.0386
3 16 -4.548 -7.7877 58.634 -4.548 -19.5003 58.634 -4.4499 -18.75 58.8667
3 16 -14.692 -22.875 60.292 -15.6545 -23.25 57.9825 -15.695 -19.5 57.8886
3 16 -13.778 -19.5003 62.484 -13.778 -7.7877 62.484 -13.681375 -18.75 62.712875
3 16 -9.495 -11.5 54.565 -15.967313 -11.5 57.232563 -16.40987 -11.0882 56.171574
3 16 2.494 -11.5 49.541 -9.495 -11.5 54.565 -12.548 -11.5 46.688
3 16 -12.548 -11.5 46.688 9.34 -11.5 46.688 2.494 -11.5 49.541
3 16 9.34 -11.5 46.688 16.75 -11.5 46.6875 16.75 -18.75 46.875
3 16 16.75 -11.5 53.3125 10.663 -11.5 53.313 16.75 -18.75 53.125
3 16 2.494 -11.5 49.541 9.34 -11.5 46.688 2.566 -18.75 49.7145
3 16 10.663 -11.5 53.313 5.0441 -11.5 55.6555 4.9719 -18.75 55.4825
3 16 -32 -11.5 46.6875 -12.548 -11.5 46.688 -32 -18.75 46.875
3 16 -28.449 -11.5 53.313 -32 -11.5 53.3125 -32 -18.75 53.125
3 16 -32 -11.5 53.3125 -28.449 -11.5 53.313 -32 -11.0882 54.462
3 16 52.025313 -11.5 36.070438 45.88 -11.5 38.635 51.953125 -18.75 35.897375
3 16 -12.548 -11.5 46.688 9.11 -11.088 45.538 9.34 -11.5 46.688
3 16 -17.5795 -10 53.3675 -22.1955 -10 55.2915 -12.548 -11.5 46.688
3 16 46.322 -11.088 39.696 47.49225 -10 42.50025 41.75 -10 42.5
3 16 26.75 -10 42.5 8.502 -10 42.5 29.019 -11.5 38.635
3 16 -11.108 -10 50.698 -12.548 -11.5 46.688 -9.495 -11.5 54.565
3 16 -12.548 -11.5 46.688 -11.108 -10 50.698 -17.5795 -10 53.3675
3 16 49.546875 -18.75 30.128625 29.019 -11.5 38.635 49.474688 -11.5 29.955563
3 16 49.03213 -11.0882 28.894574 49.474688 -11.5 29.955563 29.019 -11.5 38.635
3 16 -207.974688 -11.5 36.070438 -217.441 -11.5 40 -208.046875 -18.75 35.897375
3 16 -210.96787 -11.0882 28.894574 -210.525313 -11.5 29.955563 -227.128 -11.5 37
3 16 -217.441 -11.5 40 -207.974688 -11.5 36.070438 -207.53213 -11.0882 37.131426
3 16 -269.1065 -18.75 61.3475 -269.152 -23.75 61.242 -249.348 -23.75 52.893
3 16 -264.616 -23.75 52.893 -272 -23.75 53 -272 -23.75 47
3 16 -272 -23.75 47 -272 -18.75 46.875 -235.384 -23.75 47.107
3 16 -287 -10.493 56.125 -287.498 -10 57.5 -287 -11.5 53.3128
3 16 -292 -11.0882 54.462 -292 -11.5 53.3125 -287 -11.5 53.3128
3 16 -271.509 -18.75 55.578 -276.125 -18.75 57.501 -266.136 -11.5 53.255
3 16 -277 -10.493 56.125 -277 -11.5 53.313 -266.136 -11.5 53.255
3 16 -287.498 -10 57.5 -287 -10.493 56.125 -277 -10.493 56.125
3 16 -285.4274 -11.5 61.174 -287.498 -10 57.5 -277 -10.493 56.125
3 16 -277 -10.493 56.125 -266.136 -11.5 53.255 -285.4274 -11.5 61.174
3 16 -287 -11.5 46.6872 -292 -11.5 46.6872 -292 -11.0882 45.538
3 16 5.0441 -11.5 55.6555 5.487 -11.088 56.717 -4.1859 -11.5 59.5015
3 16 6.2 -7 57 -4.548 -7.7877 58.634 -3.537 -7 61.057
3 16 -6.8 -8.5 57 -4.548 -7.7877 58.634 6.2 -7 57
3 16 -268.198 -8.5 50 -277 -7.7877 52.375 -277 -7.4 53.667
3 16 26.75 -7.7875 52.375 16.2 -7 55 26.75 -7 55
3 16 26.75 -7.7875 52.375 28.2 -8.5 50 16.2 -7 55
3 16 -215.599 -4 43.25 -214.999 0 43 -215.649 -4 43
3 16 -248.599 0 57 -247.999 -4 56.75 -249.249 -4 57
3 16 -284.998 0 57 -284.348 -4 57 -284.398 -4 56.75
3 16 -250.749 -4 43 -251.399 0 43 -251.999 -4 43.25
3 16 -253.798 -7 57 -279.7985 -7 57.0005 -266.798 -8.5 57
3 16 -219.799 -7 45 -243.799 -7 55 -231.799 -8.5 50
3 16 -246.199 -7 43 -220.199 -7 43 -233.199 -8.5 43
3 16 10.75 -4 57 11.4 0 57 12 -4 56.75
3 16 8.6 0 43 8 -4 43.25 9.25 -4 43
3 16 45 0 43 44.35 -4 43 44.4 -4 43.25
3 16 -24.35 -4 57 -24.4 -4 56.75 -25 0 57
3 16 16.2 -7 55 28.2 -8.5 50 40.2 -7 45
3 16 6.2 -7 57 -19.8 -7 57 -6.8 -8.5 57
3 16 -8.2 -8.5 50 -20.2 -7 55 3.8 -7 45
3 16 26.8 -8.5 43 13.8 -7 43 39.8 -7 43
3 16 -161 -8.5 50 -161 -7 55 -161 -4 55
3 16 -161 -4 55 -161 -4 56.75 -161 0 57
3 16 -161 -4 43.25 -161 -4 44.9 -161 0 43
3 16 -319 -7 55 -319 -8.5 50 -319 -4 55
3 16 -319 -4 56.75 -319 -4 55 -319 0 57
3 16 -319 -4 44.9 -319 -4 43.25 -319 0 43
3 16 -79 -7 55 -79 -8.5 50 -79 -4 55.1
3 16 -79 -4 56.75 -79 -4 55.1 -79 0 57
3 16 -79 -4 44.9 -79 -4 43.25 -79 0 43
3 16 79 -8.5 50 79 -7 55 79 -4 55
3 16 79 -4 55 79 -4 56.75 79 0 57
3 16 79 -4 43.25 79 -4 44.9 79 0 43
3 16 -165.153 0 22.231 -165.884 -4 20.4 -165.25 -4 22
3 16 -170.441 -4 9.538 -169.807 -4 11.062 -170.537 -.022 9.309
3 16 -169.807 -4 11.062 -169.768 -7 11.154 -167.846 -8.5 15.769
3 16 -311.732 -3.985 81.183 -311.001 -.018 83 -311.097 -4 82.77
3 16 -315.654 -4 71.832 -316.289 -4 70.309 -316.385 0 70.078
3 16 -315.616 -7 71.924 -315.654 -4 71.832 -313.693 -8.5 76.539
3 16 -51.77 -7 81.154 -55.654 -4 71.831 -51.731 -4 81.147
3 16 -51.097 -4 82.77 -51.731 -4 81.147 -51.001 -.009 83
3 16 -55.654 -4 71.831 -56.289 -4 70.308 -56.385 0 70.077
3 16 90.193 -4 11.061 94.078 -7 20.384 94.117 -4.012 20.4
3 16 94.117 -4.012 20.4 94.751 -4 22 94.847 0 22.23
3 16 89.559 -4 9.538 90.193 -4 11.061 89.463 -.017 9.308
3 16 -217.441 -11.5 40 -212.5055 -10 42.5 -223.523 -10 42.5
3 16 -227.128 -11.5 37 -226.336 -23.75 37 -238.306 -10 37
3 16 -238.306 -8 37 -238.306 -10 37 -280 -8 37
3 16 -210.453125 -18.75 30.128625 -210.402 -23.75 30.239 -226.336 -23.75 37
3 16 -280 -8 40 -292 -8 42.5 -307 -8 42.5
3 16 -208 -11.5 53.3125 -208 -11.0882 54.462 -224.143 -11.5 53.312
3 16 -208 -11.5 46.6875 -216.043 -11.5 46.687 -208 -11.0882 45.538
3 16 -208 -18.75 46.875 -208 -23.75 47 -216.793 -23.75 47
3 16 -223.394 -23.75 53 -224.143 -11.5 53.312 -234.194 -10 57.5
3 16 -241.9955 -10 57.5 -231.943 -11.5 53.312 -231.194 -23.75 53
3 16 -208 -23.75 53 -208 -18.75 53.125 -223.394 -23.75 53
3 16 -241.9955 -8 57.5 -241.9955 -10 57.5 -273.84525 -8 70.77085
3 16 -234.194 -10 57.5 -234.194 -8 57.5 -272.6914 -8 73.54008

2 24 -280 -23.75 37 -226.336 -23.75 37
2 24 -218.231 -23.75 40 -280 -23.75 40
2 24 -277 -10.493 56.125 -277 -11.5 53.313
2 24 -277 -11.5 53.313 -277 -18.75 53.125
2 24 -287 -18.75 53.125 -287 -11.5 53.3128
2 24 -287 -11.5 53.3128 -287 -10.493 56.125
2 24 -287 -4 56.125 -287 -4 55
2 24 -287 -7 55 -287 -7.7877 52.375
2 24 -277 -7.4 53.667 -277 -7.7877 52.375
2 24 -277 -18.75 52.625 -277 -23.25 52.5005
2 24 -277 -23.25 52.5005 -277 -23.25 47.5
2 24 -277 -23.25 47.5 -277 -19.5005 47.3959
2 24 -287 -18.75 52.625 -287 -23.25 52.5005
2 24 -287 -23.25 52.5005 -287 -23.25 47.5
2 24 -287 -23.25 47.5 -287 -19.5005 47.3959
2 24 -272.5676 -10.4923 66.0389 -273.6486 -11.5 63.443
2 24 -273.6486 -11.5 63.443 -273.7215 -18.75 63.2705
2 24 -282.9525 -18.75 67.116 -282.8792 -11.5 67.289
2 24 -282.8792 -11.5 67.289 -281.7984 -10.4923 69.8851
2 24 -272.962 -4 65.093 -273 -7 65.001
2 24 -282.231 -4 68.847 -282.231 -7 68.847
2 24 -281.7984 -3.9997 69.8851 -282.231 -4 68.847
2 24 -282.231 -7 68.847 -283.2404 -7.7877 66.4241
2 24 -272.5676 -3.9997 66.0389 -272.962 -4 65.093
2 24 -273 -7 65.001 -274.0096 -7.7877 62.5779
2 24 -273.9137 -18.75 62.8082 -273.9617 -23.25 62.6928
2 24 -273.9617 -23.25 62.6928 -275.8849 -23.25 58.0777
2 24 -275.8849 -23.25 58.0777 -275.9246 -19.5 57.9815
2 24 -283.1445 -18.75 66.655 -283.1923 -23.25 66.5388
2 24 -283.1923 -23.25 66.5388 -285.1155 -23.25 61.9237
2 24 -285.1155 -23.25 61.9237 -285.1554 -19.5 61.8277
2 24 -285.4274 -11.5 61.174 -266.136 -11.5 53.255
2 24 -231.943 -11.5 53.312 -216.043 -11.5 46.687
2 24 -269.293 -18.75 60.891 -269.101 -18.75 61.352
2 24 -216.793 -23.75 47 -208 -23.75 47
2 24 -271.507 -18.75 55.583 -271.463 -23.75 55.701
2 24 -269.152 -23.75 61.242 -271.463 -23.75 55.701
2 24 -271.314 -18.75 56.045 -271.266 -23.25 56.16
2 24 -271.507 -18.75 55.583 -271.314 -18.75 56.045
2 24 -269.341 -23.25 60.775 -269.293 -18.75 60.891
2 24 -231.194 -23.75 53 -216.793 -23.75 47
2 24 -249.57 -11.5 53.312 -266.136 -11.5 53.255
2 24 -269.101 -18.75 61.352 -269.152 -23.75 61.242
2 24 -249.348 -23.75 52.893 -249.57 -11.5 53.312
2 24 -249.57 -11.5 53.312 -231.943 -11.5 53.312
2 24 -216.793 -23.75 47 -216.043 -11.5 46.687
2 24 -208 -18.75 46.875 -208 -23.75 47
2 24 -208 -18.75 47.375 -208 -23.25 47.5
2 24 -208 -23.25 47.5 -208 -23.25 52.5
2 24 -208 -23.25 52.5 -208 -18.75 52.625
2 24 -208 -18.75 52.625 -208 -18.75 53.125
2 24 -208 -23.75 47 -208 -23.75 53
2 24 -208 -23.75 53 -208 -18.75 53.125
2 24 49.598 -23.75 30.239 30.49 -23.75 38.347
2 24 4.7801 -18.75 55.0207 4.7319 -23.25 54.9053
2 24 -12.548 -11.5 46.688 -28.449 -11.5 53.313
2 24 -9.495 -11.5 54.565 -11.108 -10 50.698
2 24 49.739375 -18.75 30.590125 49.546875 -18.75 30.128625
2 24 16.75 -23.75 47 16.75 -18.75 46.875
2 24 16.75 -23.75 47 9.401 -23.75 47
2 24 16.75 -23.25 47.5 16.75 -18.75 47.375
2 24 51.909 -23.75 35.78 45.758 -23.75 38.347
2 24 52.025313 -11.5 36.070438 45.88 -11.5 38.635
2 24 16.75 -23.75 53 10.6 -23.75 53
2 24 4.923 -23.75 55.367 4.9719 -18.75 55.4825
2 24 30.49 -23.75 38.347 45.758 -23.75 38.347
2 24 -27.698 -23.75 53 -32 -23.75 53
2 24 -28.449 -11.5 53.313 -32 -11.5 53.3125
2 24 -9.495 -11.5 54.565 -15.967313 -11.5 57.232563
2 24 51.953125 -18.75 35.897375 51.909 -23.75 35.78
2 24 2.494 -11.5 49.541 -9.495 -11.5 54.565
2 24 -32 -11.5 46.6875 -12.548 -11.5 46.688
2 24 10.6 -23.75 53 4.923 -23.75 55.367
2 24 2.616 -23.75 49.828 9.401 -23.75 47
2 24 10.663 -11.5 53.313 5.0441 -11.5 55.6555
2 24 49.598 -23.75 30.239 51.909 -23.75 35.78
2 24 16.75 -23.75 53 16.75 -23.75 47
2 24 51.760625 -18.75 35.435875 51.7125 -23.25 35.3205
2 24 16.75 -23.75 53 16.75 -18.75 53.125
2 24 -32 -23.75 47 -13.298 -23.75 47
2 24 16.75 -18.75 47.375 16.75 -18.75 46.875
2 24 16.75 -18.75 52.625 16.75 -23.25 52.5
2 24 51.953125 -18.75 35.897375 51.760625 -18.75 35.435875
2 24 -11.108 -10 50.698 -12.548 -11.5 46.688
2 24 2.616 -23.75 49.828 2.566 -18.75 49.7145
2 24 4.923 -23.75 55.367 2.616 -23.75 49.828
2 24 49.7875 -23.25 30.7055 49.739375 -18.75 30.590125
2 24 2.494 -11.5 49.541 9.34 -11.5 46.688
2 24 -13.298 -23.75 47 -27.698 -23.75 53
2 24 45.88 -11.5 38.635 29.019 -11.5 38.635
2 24 9.34 -11.5 46.688 16.75 -11.5 46.6875
2 24 29.019 -11.5 38.635 49.474688 -11.5 29.955563
2 24 16.75 -11.5 53.3125 10.663 -11.5 53.313
2 24 -12.548 -11.5 46.688 -9.495 -11.5 54.565
2 24 16.75 -18.75 53.125 16.75 -18.75 52.625
2 24 49.546875 -18.75 30.128625 49.598 -23.75 30.239
2 24 -4.4499 -18.75 58.8667 -4.548 -7.7877 58.634
2 24 51.909 -23.75 35.78 51.7125 -23.25 35.3205
2 24 -32 -18.75 53.125 -28.449 -11.5 53.313
2 24 9.401 -23.75 47 9.34 -11.5 46.688
2 24 -13.778 -7.7877 62.484 -13.681375 -18.75 62.712875
2 24 4.7319 -23.25 54.9053 4.923 -23.75 55.367
2 24 9.34 -11.5 46.688 -12.548 -11.5 46.688
2 24 29.019 -11.5 38.635 30.49 -23.75 38.347
2 24 -12.548 -11.5 46.688 -13.298 -23.75 47
2 24 8.502 -10 42.5 29.019 -11.5 38.635
2 24 -27.698 -23.75 53 -28.449 -11.5 53.313
2 24 49.598 -23.75 30.239 49.7875 -23.25 30.7055
2 24 2.8061 -23.25 50.2907 2.616 -23.75 49.828
2 24 10.663 -11.5 53.313 10.6 -23.75 53
2 24 45.758 -23.75 38.347 45.88 -11.5 38.635
2 24 -32 -18.75 53.125 -32 -23.75 53
2 24 -32 -18.75 52.625 -32 -23.25 52.5
2 24 -32 -23.25 52.5 -32 -23.25 47.5
2 24 -32 -23.25 47.5 -32 -18.75 47.375
2 24 -32 -18.75 47.375 -32 -18.75 46.875
2 24 -32 -23.75 53 -32 -23.75 47
2 24 -32 -23.75 47 -32 -18.75 46.875
2 24 -4.4981 -23.25 58.7513 -6.4239 -23.25 54.1367
2 24 -6.4239 -23.25 54.1367 -6.465 -19.5 54.0386
2 24 -4.4499 -18.75 58.8667 -4.4981 -23.25 58.7513
2 24 -210.402 -23.75 30.239 -226.336 -23.75 37
2 24 -210.260625 -18.75 30.590125 -210.453125 -18.75 30.128625
2 24 -208.091 -23.75 35.78 -218.231 -23.75 40
2 24 -207.974688 -11.5 36.070438 -217.441 -11.5 40
2 24 -226.336 -23.75 37 -218.231 -23.75 40
2 24 -208.046875 -18.75 35.897375 -208.091 -23.75 35.78
2 24 -210.402 -23.75 30.239 -208.091 -23.75 35.78
2 24 -208.239375 -18.75 35.435875 -208.2875 -23.25 35.3205
2 24 -208.046875 -18.75 35.897375 -208.239375 -18.75 35.435875
2 24 -210.2125 -23.25 30.7055 -210.260625 -18.75 30.590125
2 24 -272 -11.5 46.6872 -233.909 -11.5 46.769
2 24 -227.128 -11.5 37 -210.525313 -11.5 29.955563
2 24 -210.453125 -18.75 30.128625 -210.402 -23.75 30.239
2 24 -208.091 -23.75 35.78 -208.2875 -23.25 35.3205
2 24 -227.128 -11.5 37 -226.336 -23.75 37
2 24 -210.402 -23.75 30.239 -210.2125 -23.25 30.7055
2 24 -218.231 -23.75 40 -217.441 -11.5 40
2 24 -272 -18.75 53.125 -272 -23.75 53
2 24 -272 -18.75 52.625 -272 -23.25 52.5005
2 24 -272 -23.25 52.5005 -272 -23.25 47.5
2 24 -272 -23.25 47.5 -272 -18.75 47.375
2 24 -272 -23.75 53 -272 -23.75 47
2 24 -272 -23.75 47 -272 -18.75 46.875
2 24 -271.266 -23.25 56.16 -269.341 -23.25 60.775
2 24 2.7579 -18.75 50.1753 2.8061 -23.25 50.2907
2 24 -249.57 -11.5 53.312 -233.909 -11.5 46.769
2 24 -208 -18.75 47.375 -208 -18.75 46.875
2 24 -272 -23.75 53 -264.616 -23.75 52.893
2 24 -248.5025 -10 57.5 -267.423 -10 65.385
2 24 -4.1859 -11.5 59.5015 -4.2581 -18.75 59.3285
2 24 -273.6486 -11.5 63.443 -269.0332 -11.5 61.52
2 24 2.566 -18.75 49.7145 2.7579 -18.75 50.1753
2 24 -249.348 -23.75 52.893 -235.384 -23.75 47.107
2 24 -4.4499 -18.75 58.8667 -4.2581 -18.75 59.3285
2 24 -267.423 -10 65.385 -285.88425 -10 73.07775
2 24 -271.463 -23.75 55.701 -264.616 -23.75 52.893
2 24 -292 -11.5 53.3125 -287 -11.5 53.3128
2 24 -269.152 -23.75 61.242 -249.348 -23.75 52.893
2 24 -13.416688 -11.5 63.347438 -13.488875 -18.75 63.174375
2 24 -235.384 -23.75 47.107 -272 -23.75 47
2 24 -13.488875 -18.75 63.174375 -13.681375 -18.75 62.712875
2 24 -249.57 -11.5 53.312 -269.0332 -11.5 61.52
2 24 -276.125 -18.75 57.501 -285.3552 -18.75 61.347
2 24 -277 -11.5 53.313 -266.136 -11.5 53.255
2 24 -32 -18.75 53.125 -32 -18.75 52.625
2 24 -13.681375 -18.75 62.712875 -13.7295 -23.25 62.5975
2 24 -287.494763 -11.5 69.212269 -282.8792 -11.5 67.289
2 24 -271.463 -23.75 55.701 -271.266 -23.25 56.16
2 24 -272 -11.5 46.6872 -272 -18.75 46.875
2 24 -4.6922 -22.8755 58.2879 -4.4981 -23.25 58.7513
2 24 -249.57 -11.5 53.312 -248.5025 -10 57.5
2 24 -287.498 -10 57.5 -277 -10.493 56.125
2 24 -212.5055 -10 42.5 -212.5055 -8 42.5
2 24 -4.548 -19.5003 58.634 -4.4499 -18.75 58.8667
2 24 49.474688 -11.5 29.955563 49.546875 -18.75 30.128625
2 24 -264.616 -23.75 52.893 -266.136 -11.5 53.255
2 24 -266.136 -11.5 53.255 -277 -10.493 56.125
2 24 -233.909 -11.5 46.769 -216.043 -11.5 46.687
2 24 -233.909 -11.5 46.769 -235.384 -23.75 47.107
2 24 -269.0332 -11.5 61.52 -269.1065 -18.75 61.3475
2 24 -217.441 -11.5 40 -212.5055 -10 42.5
2 24 -212.5055 -10 42.5 -251.498 -10 42.5
2 24 -269.341 -23.25 60.775 -269.152 -23.75 61.242
2 24 -27.4955 -8 57.5 -32.0005 -8 57.5
2 24 -272 -8 42.5 -251.498 -8 42.5
2 24 -206.3627 -8 39.9357 -212.5055 -8 42.5
2 24 -208.0005 -8 42.5 -212.5055 -8 42.5
2 24 -248.5025 -8 57.5 -267.423 -8 65.386
2 24 -267.423 -8 65.386 -285.88425 -8 73.07775
2 24 -32 -8 42.5 8.502 -8 42.5
2 24 11.501 -8 57.5 16.75 -8 57.5
2 24 11.501 -8 57.5 6.656 -8 59.521
2 24 -13.416688 -11.5 63.347438 -12.97413 -11.0882 64.408426
2 24 -12.97413 -11.0882 64.408426 -12.334 -10.4923 65.945
2 24 -4.1859 -11.5 59.5015 -3.104 -10.4923 62.095
2 24 -4.1859 -11.5 59.5015 5.0441 -11.5 55.6555
2 24 -15.6545 -23.25 57.9825 -13.7295 -23.25 62.5975
2 24 -15.6545 -23.25 57.9825 -15.695 -19.5 57.8886
2 24 -27.4955 -10 57.5 -28.449 -11.5 53.313
2 24 45.88 -11.5 38.635 47.49225 -10 42.50025
2 24 16.75 -10 42.5 8.502 -10 42.5
2 24 10.663 -11.5 53.313 11.501 -10 57.5
2 24 -25 0 57 -24.35 -4 57
2 24 15.96 -4 55.05 26.75 -4 55
2 24 -170.441 -4 9.538 -169.807 -4 11.062
2 24 89.463 -.017 9.308 89.559 -4 9.538
2 24 -247.999 -4 56.75 -249.249 -4 57
2 24 40.44 -4 44.9 40.06 -4 42.9
2 24 -169.807 -4 11.062 -169.768 -7 11.154
2 24 -313.693 -8.5 76.539 -315.616 -7 71.924
2 24 -233.199 -8.5 43 -246.199 -7 43
2 24 -170.537 -.022 9.309 -170.441 -4 9.538
2 24 -246.459 -4 43 -169.807 -4 11.062
2 24 4.04 -4 44.9 -79 -4 44.9
2 24 -203 -7 55 -243.799 -7 55
2 24 -19.8 -7 57 -20.06 -4 57
2 24 -219.559 -4 44.9 -219.799 -7 45
2 24 -55.654 -4 71.831 -20.06 -4 57
2 24 15.96 -4 55.05 6.46 -4 56.92
2 24 39.8 -7 43 40.06 -4 42.9
2 24 -51.097 -4 82.77 10.75 -4 57
2 24 -79 -7 55 -79 -8.5 50
2 24 -277 -7 56.125 -279.9735 -7 56.1255
2 24 -165.884 -4 20.4 -165.923 -7 20.385
2 24 -37 -4 55.1 -20.44 -4 55.1
2 24 -253.798 -7 57 -279.7985 -7 57.0005
2 24 -268.198 -8.5 50 -256.199 -7 45
2 24 -315.654 -4 71.832 -316.289 -4 70.309
2 24 -161 -7 45 -219.799 -7 45
2 24 -24.4 -4 56.75 -79 -4 56.75
2 24 -220.199 -7 43 -233.199 -8.5 43
2 24 79 -4 56.75 79 0 57
2 24 -51.77 -7 81.154 -53.693 -8.5 76.539
2 24 -246.199 -7 43 -220.199 -7 43
2 24 -284.998 0 57 -284.348 -4 57
2 24 -3.537 -7 61.057 6.2 -7 57
2 24 44.35 -4 43 44.4 -4 43.25
2 24 6.2 -7 57 -19.8 -7 57
2 24 40.2 -7 45 79 -7 45
2 24 79 0 43 79 -4 43.25
2 24 -161 -4 56.75 -247.999 -4 56.75
2 24 -319 -7 45 -256.199 -7 45
2 24 -20.2 -7 55 -19.8 -7 57
2 24 -319 0 57 -319 -4 56.75
2 24 94.751 -4 22 94.847 0 22.23
2 24 -161 -4 43.25 -161 -4 44.9
2 24 90.232 -7 11.153 13.8 -7 43
2 24 -280.2335 -4 56.1255 -287 -4 56.125
2 24 -20.44 -4 55.1 -20.2 -7 55
2 24 4.04 -4 44.9 13.54 -4 43
2 24 79 -4 56.75 12 -4 56.75
2 24 -55.616 -7 71.923 -53.693 -8.5 76.539
2 24 13.8 -7 43 39.8 -7 43
2 24 13.54 -4 43 90.193 -4 11.061
2 24 -20.2 -7 55 -37 -7 55
2 24 -79 -4 44.9 -79 -4 43.25
2 24 -287 -10.493 56.125 -277 -10.493 56.125
2 24 -319 -4 56.75 -319 -4 55
2 24 -319 -4 44.9 -319 -4 43.25
2 24 -20.06 -4 57 -20.44 -4 55.1
2 24 -313.693 -8.5 76.539 -311.77 -7 81.155
2 24 -55.654 -4 71.831 -56.289 -4 70.308
2 24 -24.4 -4 56.75 -25 0 57
2 24 92.155 -8.5 15.769 90.232 -7 11.153
2 24 6.2 -7 57 -6.8 -8.5 57
2 24 94.078 -7 20.384 66.521 -7 31.8575
2 24 57.291 -7 35.7045 39.8 -7 43
2 24 -284.348 -4 57 -284.398 -4 56.75
2 24 28.2 -8.5 50 16.2 -7 55
2 24 -220.199 -7 43 -219.799 -7 45
2 24 -277 -7 53.667 -256.199 -7 45
2 24 -219.799 -7 45 -243.799 -7 55
2 24 66.521 -4 31.8575 94.117 -4.012 20.4
2 24 44.35 -4 43 94.751 -4 22
2 24 -12.767 -4 64.907 -12.334 -3.9997 65.945
2 24 -243.929 -4 55.04 -203 -4 55
2 24 -79 0 57 -79 -4 56.75
2 24 -55.654 -4 71.831 -55.616 -7 71.923
2 24 -161 -4 55 -161 -4 56.75
2 24 -311.097 -4 82.77 -311.732 -3.985 81.183
2 24 3.8 -7 45 -8.2 -8.5 50
2 24 -161 -4 56.75 -161 0 57
2 24 -316.289 -4 70.309 -316.385 0 70.078
2 24 -19.8 -7 57 -55.616 -7 71.923
2 24 -3.104 -3.9997 62.095 -3.537 -4 61.057
2 24 94.117 -4.012 20.4 94.751 -4 22
2 24 -215.649 -4 43 -215.599 -4 43.25
2 24 -319 -7 45 -319 -8.5 50
2 24 -311.77 -7 81.155 -311.732 -3.985 81.183
2 24 8 -4 43.25 9.25 -4 43
2 24 -161 -4 43.25 -215.599 -4 43.25
2 24 -243.799 -7 55 -231.799 -8.5 50
2 24 -284.398 -4 56.75 -319 -4 56.75
2 24 94.078 -7 20.384 92.155 -8.5 15.769
2 24 -165.25 -4 22 -165.153 0 22.231
2 24 -165.923 -7 20.385 -193.479 -7 31.8575
2 24 -79 -4 43.25 -79 0 43
2 24 -219.559 -4 44.9 -219.939 -4 42.9
2 24 -161 -8.5 50 -161 -7 45
2 24 -215.649 -4 43 -165.25 -4 22
2 24 -193.479 -4 31.8575 -165.884 -4 20.4
2 24 -319 -7 55 -319 -8.5 50
2 24 -8.2 -8.5 50 -20.2 -7 55
2 24 -279.7985 -7 57.0005 -315.616 -7 71.924
2 24 40.44 -4 44.9 40.2 -7 45
2 24 -319 -4 43.25 -319 0 43
2 24 -284.398 -4 56.75 -284.998 0 57
2 24 79 -7 45 79 -4 44.9
2 24 -13.778 -7.7877 62.484 -12.767 -7 64.907
2 24 39.8 -7 43 26.8 -8.5 43
2 24 89.559 -4 9.538 9.25 -4 43
2 24 -272.962 -4 65.093 -253.538 -4 57
2 24 -282.231 -7 68.847 -311.77 -7 81.155
2 24 -202.709 -7 35.7045 -220.199 -7 43
2 24 -266.798 -8.5 57 -253.798 -7 57
2 24 -220.199 -7 43 -219.939 -4 42.9
2 24 -311.097 -4 82.77 -249.249 -4 57
2 24 -165.884 -4 20.4 -165.25 -4 22
2 24 -251.999 -4 43.25 -250.749 -4 43
2 24 79 -4 43.25 79 -4 44.9
2 24 -311.001 -.018 83 -311.097 -4 82.77
2 24 40.06 -4 42.9 57.291 -4 35.7045
2 24 -165.923 -7 20.385 -167.846 -8.5 15.769
2 24 -231.799 -8.5 50 -219.799 -7 45
2 24 -79 -7 45 -79 -8.5 50
2 24 -287 -4 56.125 -287 -10.493 56.125
2 24 39.8 -7 43 40.2 -7 45
2 24 -170.441 -4 9.538 -250.749 -4 43
2 24 12 -4 56.75 10.75 -4 57
2 24 -251.999 -4 43.25 -319 -4 43.25
2 24 -253.798 -7 57 -273 -7 65.001
2 24 -277 -7 53.667 -277 -7.4 53.667
2 24 -315.616 -7 71.924 -315.654 -4 71.832
2 24 -277 -7 56.125 -277 -7 53.667
2 24 -51.731 -4 81.147 -51.77 -7 81.154
2 24 -24.35 -4 57 -56.289 -4 70.308
2 24 -253.538 -4 57 -243.929 -4 55.04
2 24 -4.548 -7.7877 58.634 -3.537 -7 61.057
2 24 -79 -7 45 3.8 -7 45
2 24 89.559 -4 9.538 90.193 -4 11.061
2 24 -284.348 -4 57 -316.289 -4 70.309
2 24 79 -8.5 50 79 -7 55
2 24 -161 -8.5 50 -161 -7 55
2 24 -12.767 -7 64.907 -51.77 -7 81.154
2 24 79 -4 43.25 44.4 -4 43.25
2 24 79 -8.5 50 79 -7 45
2 24 -277 -7.4 53.667 -268.198 -8.5 50
2 24 -19.8 -7 57 -6.8 -8.5 57
2 24 90.232 -7 11.153 90.193 -4 11.061
2 24 -51.731 -4 81.147 -12.767 -4 64.907
2 24 -161 0 43 -161 -4 43.25
2 24 44.4 -4 43.25 45 0 43
2 24 8 -4 43.25 -79 -4 43.25
2 24 -51.097 -4 82.77 -51.731 -4 81.147
2 24 -169.768 -7 11.154 -246.199 -7 43
2 24 -256.199 -7 45 -246.199 -7 43
2 24 -319 -4 44.9 -319 -7 45
2 24 79 -4 55 79 -4 56.75
2 24 -214.999 0 43 -215.649 -4 43
2 24 -255.959 -4 44.9 -319 -4 44.9
2 24 -161 -7 45 -161 -4 44.9
2 24 28.2 -8.5 50 40.2 -7 45
2 24 -3.537 -4 61.057 -3.537 -7 61.057
2 24 94.078 -7 20.384 94.117 -4.012 20.4
2 24 -243.799 -7 55 -253.798 -7 57
2 24 -56.289 -4 70.308 -56.385 0 70.077
2 24 -3.537 -4 61.057 6.46 -4 56.92
2 24 40.2 -7 45 16.2 -7 55
2 24 -215.599 -4 43.25 -214.999 0 43
2 24 -315.654 -4 71.832 -280.0585 -4 57.0005
2 24 -279.7985 -7 57.0005 -266.798 -8.5 57
2 24 -161 -4 44.9 -219.559 -4 44.9
2 24 79 -4 44.9 40.44 -4 44.9
2 24 -20.2 -7 55 3.8 -7 45
2 24 -12.767 -7 64.907 -12.767 -4 64.907
2 24 -79 -4 44.9 -79 -7 45
2 24 -24.35 -4 57 -24.4 -4 56.75
2 24 -169.768 -7 11.154 -167.846 -8.5 15.769
2 24 45 0 43 44.35 -4 43
2 24 -311.732 -3.985 81.183 -282.231 -4 68.847
2 24 -79 -4 56.75 -79 -4 55.1
2 24 -219.939 -4 42.9 -202.709 -4 35.7045
2 24 -277 -10.493 56.125 -277 -7 56.125
2 24 -51.001 -.009 83 -51.097 -4 82.77
2 24 16.2 -7 55 26.75 -7 55
2 24 -246.459 -4 43 -255.959 -4 44.9
2 24 -307 -8.5 50 -319 -8.5 50
2 24 90.193 -4 11.061 94.078 -7 20.384
2 24 56.75 -8.5 50 79 -8.5 50
2 24 -165.153 0 22.231 -165.884 -4 20.4
2 24 28.2 -8.5 50 41.75 -8.5 50
2 24 -210.525313 -11.5 29.955563 -210.453125 -18.75 30.128625
2 24 -51.77 -7 81.154 -55.654 -4 71.831
2 24 8.6 0 43 8 -4 43.25
2 24 -169.807 -4 11.062 -170.537 -.022 9.309
2 24 -311.732 -3.985 81.183 -311.001 -.018 83
2 24 -288.76875 -8.5 66.1545 -266.798 -8.5 57
2 24 46.322 -11.088 39.696 47.49225 -10 42.50025
2 24 66.954125 -4 32.895875 94.751 -4 22
2 24 94.117 -4.012 20.4 90.193 -4 11.061
2 24 -231.799 -8.5 50 -188 -8.5 50
2 24 83.061 -8.5 19.558 92.155 -8.5 15.769
2 24 -315.654 -4 71.832 -313.693 -8.5 76.539
2 24 11.4 0 57 12 -4 56.75
2 24 -13.7295 -23.25 62.5975 -13.9222 -22.8755 62.1379
2 24 -19.3075 -8.5 62.2105 -6.8 -8.5 57
2 24 -52 -8.5 50 -8.2 -8.5 50
2 24 -277 -10.493 56.125 -285.4274 -11.5 61.174
2 24 -266.136 -11.5 53.255 -272 -18.75 53.125
2 24 90.232 -7 11.153 81.781188 -7.5062 16.490313
2 24 -256.199 -7 45 -255.959 -4 44.9
2 24 10.893 -11.088 54.462 11.501 -10 57.5
2 24 -53.693 -8.5 76.539 -33.1525 -8.5 67.9855
2 24 -55.654 -4 71.831 -51.731 -4 81.147
2 24 -79 -8.5 50 -67 -8.5 50
2 24 90.193 -4 11.061 89.463 -.017 9.308
2 24 -268.198 -8.5 50 -292 -8.5 50
2 24 -34.427813 -7.5062 64.928063 -55.616 -7 71.923
2 24 -243.799 -7 55 -243.929 -4 55.04
2 24 -178.218813 -7.5062 16.490313 -169.768 -7 11.154
2 24 -15.967313 -11.5 57.232563 -15.895125 -18.75 57.405625
2 24 -266.136 -11.5 53.255 -271.509 -18.75 55.578
2 24 3.8 -7 45 4.04 -4 44.9
2 24 -175.668188 -7.5062 22.605188 -165.923 -7 20.385
2 24 -167.846 -8.5 15.769 -176.9435 -8.5 19.54775
2 24 -165.884 -4 20.4 -169.807 -4 11.062
2 24 26.8 -8.5 43 69.2115 -8.5 25.31825
2 24 45.88 -11.5 38.635 46.322 -11.088 39.696
2 24 -315.654 -4 71.832 -311.732 -3.985 81.183
2 24 -250.749 -4 43 -251.399 0 43
2 24 10.75 -4 57 11.4 0 57
2 24 -313.693 -8.5 76.539 -302.61525 -8.5 71.9235
2 24 -249.249 -4 57 -248.599 0 57
2 24 -248.599 0 57 -247.999 -4 56.75
2 24 -285.3552 -18.75 61.347 -285.4274 -11.5 61.174
2 24 13.54 -4 43 13.8 -7 43
2 24 -6.665 -18.75 53.5585 -9.495 -11.5 54.565
2 24 94.847 0 22.23 94.117 -4.012 20.4
2 24 16.2 -7 55 15.96 -4 55.05
2 24 -173 -8.5 50 -161 -8.5 50
2 24 -253.538 -4 57 -253.798 -7 57
2 24 -285.4274 -11.5 61.174 -287.498 -10 57.5
2 24 10.663 -11.5 53.313 10.893 -11.088 54.462
2 24 6.46 -4 56.92 6.2 -7 57
2 24 -246.459 -4 43 -246.199 -7 43
2 24 -251.399 0 43 -251.999 -4 43.25
2 24 84.331813 -7.5062 22.605188 94.078 -7 20.384
2 24 9.25 -4 43 8.6 0 43
2 24 -51.731 -4 81.147 -51.001 -.009 83
2 24 -17.5795 -10 53.3675 -11.108 -10 50.698
2 24 -245.502 -8 40 -245.502 -11.5 40
2 24 -245.502 -11.5 40 -217.441 -11.5 40
2 24 -227.128 -11.5 37 -238.306 -10 37
2 24 -245.502 -8 40 -251.498 -8 42.5
2 24 -245.502 -11.5 40 -251.498 -10 42.5
2 24 -280 -8 37 -238.306 -8 37
2 24 -245.502 -8 40 -280 -8 40
2 24 -223.394 -23.75 53 -224.143 -11.5 53.312
2 24 -234.194 -8 57.5 -272.6914 -8 73.54008
2 24 -223.394 -23.75 53 -208 -23.75 53
2 24 -223.394 -23.75 53 -272.6914 -23.75 73.54008
2 24 -231.194 -23.75 53 -273.84525 -23.75 70.77085
2 24 -234.194 -10 57.5 -224.143 -11.5 53.312
2 24 -224.143 -11.5 53.312 -208 -11.5 53.3125
2 24 -241.9955 -10 57.5 -231.943 -11.5 53.312
2 24 -241.9955 -8 57.5 -273.84525 -8 70.77085
2 24 26.8 -8.5 43 13.8 -7 43
2 24 -208 -11.5 46.6875 -216.043 -11.5 46.687
