0 ~Sheet Plastic  6 x 12 Triangular with Blue "8", Horizontal Gray Stripes - Common Pattern
0 Name: s\u66p02s01.dat
0 Author: Takeshi Takahashi [RainbowDolphin]
0 !LDRAW_ORG Unofficial_Subpart 
0 !LICENSE Redistributable under CCAL version 2.0 : see CAreadme.txt

0 BFC CERTIFY CCW


0 BFC NOCLIP
1 7 88 -.125 32 0 0 4 0 1 0 -4 0 0 2-4ndis.dat
1 7 74 -.125 32 0 0 -4 0 1 0 -4 0 0 2-4ndis.dat
1 15 0 -.125 198 -4 0 0 0 1 0 0 0 -4 2-4ndis.dat
1 15 0 -.125 0 7 0 0 0 1 0 0 0 7 1-4ndis.dat
1 15 0 -.125 0 0 0 7 0 1 0 -7 0 0 1-4ndis.dat
1 15 0 -.125 0 0 0 -7 0 1 0 -7 0 0 1-16tang.dat
1 15 0 -.125 0 0 0 -7 0 1 0 7 0 0 3-16ndis.dat

4 15 22.5 -.125 176.8 20.5 -.125 176.8 20.5 -.125 174.8 22.5 -.125 174.8
4 15 22.9 -.125 169.8 20.1 -.125 169.8 20.1 -.125 166.8 22.9 -.125 166.8
4 1 23 -.125 178.3 20 -.125 178.3 20.5 -.125 176.8 22.5 -.125 176.8
4 1 24 -.125 177.3 23 -.125 178.3 22.5 -.125 176.8 22.5 -.125 174.8
4 1 24 -.125 174.3 24 -.125 177.3 22.5 -.125 174.8 23 -.125 173.3
4 1 23 -.125 173.3 22.5 -.125 174.8 20.5 -.125 174.8 20 -.125 173.3
4 1 19 -.125 174.3 20 -.125 173.3 20.5 -.125 174.8 20.5 -.125 176.8
4 1 19 -.125 177.3 19 -.125 174.3 20.5 -.125 176.8 20 -.125 178.3
4 1 23 -.125 171.3 20 -.125 171.3 20.1 -.125 169.8 22.9 -.125 169.8
4 1 24.4 -.125 170.3 23 -.125 171.3 22.9 -.125 169.8 22.9 -.125 166.8
4 1 24.4 -.125 166.3 24.4 -.125 170.3 22.9 -.125 166.8 23 -.125 165.3
4 1 23 -.125 165.3 22.9 -.125 166.8 20.1 -.125 166.8 20 -.125 165.3
4 1 18.6 -.125 166.3 20 -.125 165.3 20.1 -.125 166.8 20.1 -.125 169.8
4 1 18.6 -.125 170.3 18.6 -.125 166.3 20.1 -.125 169.8 20 -.125 171.3
4 15 24.5 -.125 180.8 18.5 -.125 180.8 20 -.125 178.3 23 -.125 178.3
4 15 24.5 -.125 180.8 23 -.125 178.3 24 -.125 177.3 26.9 -.125 178.8
4 15 26.9 -.125 174.8 26.9 -.125 178.8 24 -.125 177.3 24 -.125 174.3
4 15 24.5 -.125 172.3 26.9 -.125 174.8 24 -.125 174.3 23 -.125 173.3
4 15 24.5 -.125 172.3 23 -.125 173.3 23 -.125 171.3 24.4 -.125 170.3
4 15 27.5 -.125 169.8 24.5 -.125 172.3 24.4 -.125 170.3 24.4 -.125 166.3
3 15 27.5 -.125 169.8 24.4 -.125 166.3 27.5 -.125 164.8
4 15 27.5 -.125 164.8 24.4 -.125 166.3 23 -.125 165.3 24.5 -.125 162.8
4 15 24.5 -.125 162.8 23 -.125 165.3 20 -.125 165.3 18.5 -.125 162.8
4 15 15.5 -.125 164.8 18.5 -.125 162.8 20 -.125 165.3 18.6 -.125 166.3
4 15 15.5 -.125 169.8 15.5 -.125 164.8 18.6 -.125 166.3 18.6 -.125 170.3
4 15 18.5 -.125 172.3 15.5 -.125 169.8 18.6 -.125 170.3 20 -.125 171.3
4 15 20 -.125 173.3 18.5 -.125 172.3 20 -.125 171.3 23 -.125 173.3
3 15 23 -.125 173.3 20 -.125 171.3 23 -.125 171.3
4 15 18.5 -.125 172.3 20 -.125 173.3 19 -.125 174.3 16.1 -.125 174.8
4 15 16.1 -.125 174.8 19 -.125 174.3 19 -.125 177.3 16.1 -.125 178.8
4 15 16.1 -.125 178.8 19 -.125 177.3 20 -.125 178.3 18.5 -.125 180.8
4 1 25 -.125 182.3 18 -.125 182.3 18.5 -.125 180.8 24.5 -.125 180.8
4 1 25 -.125 182.3 24.5 -.125 180.8 26.9 -.125 178.8 28.4 -.125 179.3
4 1 28.4 -.125 179.3 26.9 -.125 178.8 26.9 -.125 174.8 28.4 -.125 174.3
4 1 26.4 -.125 172.3 28.4 -.125 174.3 26.9 -.125 174.8 24.5 -.125 172.3
4 1 26.4 -.125 172.3 24.5 -.125 172.3 27.5 -.125 169.8 29 -.125 170.3
4 1 29 -.125 170.3 27.5 -.125 169.8 27.5 -.125 164.8 29 -.125 164.3
4 1 29 -.125 164.3 27.5 -.125 164.8 24.5 -.125 162.8 25 -.125 161.3
4 1 25 -.125 161.3 24.5 -.125 162.8 18.5 -.125 162.8 18 -.125 161.3
4 1 18 -.125 161.3 18.5 -.125 162.8 15.5 -.125 164.8 14 -.125 164.3
4 1 14 -.125 164.3 15.5 -.125 164.8 15.5 -.125 169.8 14 -.125 170.3
4 1 16.6 -.125 172.3 14 -.125 170.3 15.5 -.125 169.8 18.5 -.125 172.3
4 1 16.6 -.125 172.3 18.5 -.125 172.3 16.1 -.125 174.8 14.6 -.125 174.3
4 1 14.6 -.125 174.3 16.1 -.125 174.8 16.1 -.125 178.8 14.6 -.125 179.3
4 1 14.6 -.125 179.3 16.1 -.125 178.8 18.5 -.125 180.8 18 -.125 182.3
4 7 26.0259 -.125 193.6859 23.7373 -.125 196.4115 12.8 -.125 191.1 1.7 -.125 179.8
3 7 12.8 -.125 191.1 1.6 -.125 184.3 1.7 -.125 179.8
4 7 16.3 -.125 146.7 34 -.125 153.8 32.1 -.125 158.2 13.7 -.125 150.7
4 7 16.3 -.125 146.7 13.7 -.125 150.7 1.6 -.125 145.1 1.6 -.125 139.9
4 7 77.5061 -.125 110.6249 75.0252 -.125 115.98 34.2 -.125 110.9 35.3 -.125 106
4 7 35.3 -.125 106 34.2 -.125 110.9 1.3 -.125 104.6 1.3 -.125 98.8
4 15 -.24 -.125 219.84 -3.31 -.125 219.91 -4 -.125 208 4 -.125 208
4 15 2.66 -.125 218.85 -.24 -.125 219.84 4 -.125 208 5.12 -.125 217.02
4 15 18.13 -.125 203.09 5.12 -.125 217.02 4 -.125 208 4 -.125 198
4 15 23.7373 -.125 196.4115 18.13 -.125 203.09 4 -.125 198 12.8 -.125 191.1
3 15 4 -.125 198 4 -.125 194 12.8 -.125 191.1
4 15 1.6 -.125 184.3 12.8 -.125 191.1 4 -.125 194 0 -.125 194
4 15 1.6 -.125 184.3 0 -.125 194 -4 -.125 194 -9.6 -.125 180.1
3 15 -4 -.125 198 -9.6 -.125 180.1 -4 -.125 194
3 15 -4 -.125 208 -9.6 -.125 180.1 -4 -.125 198
4 15 1.7 -.125 179.8 1.6 -.125 184.3 -9.6 -.125 180.1 -12.5 -.125 139.3
4 15 1.7 -.125 179.8 -12.5 -.125 139.3 14 -.125 164.3 14 -.125 170.3
4 15 14.6 -.125 174.3 1.7 -.125 179.8 14 -.125 170.3 16.6 -.125 172.3
3 15 1.7 -.125 179.8 14.6 -.125 174.3 14.6 -.125 179.3
4 15 1.7 -.125 179.8 14.6 -.125 179.3 18 -.125 182.3 26.0259 -.125 193.6859
4 15 26.0259 -.125 193.6859 18 -.125 182.3 25 -.125 182.3 30.38 -.125 188.5
4 15 41.84 -.125 173.28 30.38 -.125 188.5 25 -.125 182.3 28.4 -.125 179.3
4 15 41.84 -.125 173.28 28.4 -.125 179.3 28.4 -.125 174.3 48.5709 -.125 163.2785
4 15 32.1 -.125 158.2 48.5709 -.125 163.2785 28.4 -.125 174.3 29 -.125 170.3
3 15 28.4 -.125 174.3 26.4 -.125 172.3 29 -.125 170.3
3 15 29 -.125 170.3 29 -.125 164.3 32.1 -.125 158.2
4 15 32.1 -.125 158.2 29 -.125 164.3 25 -.125 161.3 13.7 -.125 150.7
4 15 13.7 -.125 150.7 25 -.125 161.3 18 -.125 161.3 1.6 -.125 145.1
4 15 1.6 -.125 145.1 18 -.125 161.3 14 -.125 164.3 -12.5 -.125 139.3
4 15 1.6 -.125 139.9 1.6 -.125 145.1 -12.5 -.125 139.3 -13.1 -.125 92.2
3 15 1.6 -.125 139.9 -13.1 -.125 92.2 1.3 -.125 104.6
4 15 1.6 -.125 139.9 1.3 -.125 104.6 34.2 -.125 110.9 16.3 -.125 146.7
4 15 34 -.125 153.8 16.3 -.125 146.7 34.2 -.125 110.9 62.27 -.125 141.12
3 15 52.48 -.125 157.47 34 -.125 153.8 62.27 -.125 141.12
3 15 62.27 -.125 141.12 34.2 -.125 110.9 71.18 -.125 124.28
3 15 71.18 -.125 124.28 34.2 -.125 110.9 75.0252 -.125 115.98
4 15 1.3 -.125 98.8 1.3 -.125 104.6 -13.1 -.125 92.2 -11.6 -.125 40.6
3 15 1.3 -.125 98.8 -11.6 -.125 40.6 1 -.125 83.8
4 15 35.3 -.125 106 1.3 -.125 98.8 1 -.125 83.8 61.1 -.125 93.2
4 15 35.3 -.125 106 61.1 -.125 93.2 79.19 -.125 106.99 77.5061 -.125 110.6249
4 15 79.19 -.125 106.99 61.1 -.125 93.2 66.8 -.125 73 86.27 -.125 89.3
4 15 92.41 -.125 71.26 86.27 -.125 89.3 66.8 -.125 73 71.3 -.125 52.1
4 15 97.58 -.125 52.92 92.41 -.125 71.26 71.3 -.125 52.1 88 -.125 36
3 15 97.58 -.125 52.92 88 -.125 36 92 -.125 36
4 15 71.3 -.125 52.1 1 -.125 51 70 -.125 36 74 -.125 36
3 15 71.3 -.125 52.1 74 -.125 36 88 -.125 36
4 15 1 -.125 51 -11.6 -.125 40.6 1 -.125 35 70 -.125 36
3 15 1 -.125 83.8 -11.6 -.125 40.6 1 -.125 51
4 15 1 -.125 28.6 1 -.125 35 -11.6 -.125 40.6 -7 -.125 7
3 15 1 -.125 28.6 -7 -.125 7 0 -.125 7
4 15 1 -.125 28.6 0 -.125 7 7 -.125 7 70 -.125 28
4 15 29.75 -.125 -16.13 42.43 -.125 -12.01 7 -.125 7 7 -.125 0
4 15 16.77 -.125 -19.18 29.75 -.125 -16.13 7 -.125 0 7 -.125 -7
4 15 3.58 -.125 -21.14 16.77 -.125 -19.18 7 -.125 -7 0 -.125 -7
3 15 -3.31 -.125 219.91 -9.6 -.125 180.1 -4 -.125 208
4 7 34 -.125 153.8 51.5905 -.125 158.7917 48.5709 -.125 163.2785 32.1 -.125 158.2
3 15 51.5905 -.125 158.7917 34 -.125 153.8 52.48 -.125 157.47
4 7 1 -.125 35 1 -.125 28.6 70 -.125 32 70 -.125 36
3 7 70 -.125 32 1 -.125 28.6 70 -.125 28
4 7 101.77 -.125 34.33 92 -.125 36 92 -.125 32 101.98 -.125 31.37
4 7 101.98 -.125 31.37 92 -.125 32 92 -.125 28 101.46 -.125 28.44
4 15 88.45 -.125 14.5 74 -.125 28 70 -.125 28 77.82 -.125 6.46
4 15 88 -.125 28 74 -.125 28 88.45 -.125 14.5 98.38 -.125 23.41
4 15 92 -.125 28 88 -.125 28 98.38 -.125 23.41 100.23 -.125 25.73
3 15 101.46 -.125 28.44 92 -.125 28 100.23 -.125 25.73
4 15 70 -.125 28 7 -.125 7 42.43 -.125 -12.01 54.73 -.125 -6.84
4 15 70 -.125 28 54.73 -.125 -6.84 66.55 -.125 -.67 77.82 -.125 6.46
3 7 92 -.125 36 101.77 -.125 34.33 101.4728 -.125 35.6488
3 15 97.58 -.125 52.92 92 -.125 36 101.4728 -.125 35.6488
3 15 -1.3923 -.125 -7 -2.6789 -.125 -6.4673 3.58 -.125 -21.14
3 15 0 -.125 -7 -1.3923 -.125 -7 3.58 -.125 -21.14
0 BFC CLIP
4 16 66.8 -.125 73 61.1 -.125 93.2 1 -.125 83.8 1 -.125 51
3 16 66.8 -.125 73 1 -.125 51 71.3 -.125 52.1
