0 ~Sail 12 x 10 Trapezoidal Edge and Top Half (Formed Shape 1)
0 Name: s\u767c01s02.dat
0 Author: Philippe Hurbain [Philo]
0 !LDRAW_ORG Unofficial_Subpart 
0 !LICENSE Redistributable under CCAL version 2.0 : see CAreadme.txt

0 BFC CERTIFY CCW


4 16 4.9497 -27.8275 2.7273 18.795 -26.0864 -1.476 17.1719 -28.0318 3.2205 13.1194 -29.8107 7.5153
4 16 4.9497 -27.8275 2.7273 13.1194 -29.8107 7.5153 7.0543 -30.9994 10.385 0 -31.4168 11.3927
2 24 6.4673 -24.9082 -4.3206 4.9497 -24.0392 -6.4185
4 16 6.4673 -24.9082 -4.3206 20.3993 -23.0128 -8.8965 19.427 -24.9384 -4.2477 7 -25.9334 -1.8456
4 16 7 -25.9334 -1.8456 19.427 -24.9384 -4.2477 18.795 -26.0864 -1.476 6.4673 -26.9585 0.6294
3 16 4.9497 -27.8275 2.7273 6.4673 -26.9585 0.6294 18.795 -26.0864 -1.476
3 16 0 -31.4168 11.3927 0 -28.6121 4.6216 2.6789 -28.4083 4.1294
3 16 0 -31.4168 11.3927 2.6789 -28.4083 4.1294 4.9497 -27.8275 2.7273
2 24 0 -28.6121 4.6216 2.6789 -28.4083 4.1294
2 24 4.9497 -24.0392 -6.4185 2.6789 -23.4584 -7.8206
2 24 19.427 -24.9384 -4.2477 18.795 -26.0864 -1.476
2 24 13.1194 -29.8107 7.5153 7.0543 -30.9994 10.385
2 24 2.6789 -28.4083 4.1294 4.9497 -27.8275 2.7273
2 24 2.6789 -23.4584 -7.8206 0 -23.2546 -8.3127
2 24 17.1719 -28.0318 3.2205 13.1194 -29.8107 7.5153
2 24 7 -25.9334 -1.8456 6.4673 -24.9082 -4.3206
2 24 6.4673 -26.9585 0.6294 7 -25.9334 -1.8456
2 24 18.795 -26.0864 -1.476 17.1719 -28.0318 3.2205
2 24 7.0543 -30.9994 10.385 0 -31.4168 11.3927
2 24 20.3993 -23.0128 -8.8965 19.427 -24.9384 -4.2477
2 24 4.9497 -27.8275 2.7273 6.4673 -26.9585 0.6294
3 16 6.4673 -24.9082 -4.3206 4.9497 -24.0392 -6.4185 20.3993 -23.0128 -8.8965
3 16 20.3993 -23.0128 -8.8965 4.9497 -24.0392 -6.4185 2.6789 -23.4584 -7.8206
4 16 20.3993 -23.0128 -8.8965 2.6789 -23.4584 -7.8206 0 -23.2546 -8.3127 0 -22.6301 -9.8204
4 16 17.1719 -27.7546 3.3353 18.795 -25.8093 -1.3612 4.9497 -27.5504 2.8421 13.1194 -29.5336 7.6301
4 16 7.0543 -30.7223 10.4998 13.1194 -29.5336 7.6301 4.9497 -27.5504 2.8421 0 -31.1397 11.5075
2 24 6.4673 -24.631 -4.2058 4.9497 -23.762 -6.3037
4 16 19.427 -24.6612 -4.1329 20.3993 -22.7356 -8.7817 6.4673 -24.631 -4.2058 7 -25.6562 -1.7308
4 16 18.795 -25.8093 -1.3612 19.427 -24.6612 -4.1329 7 -25.6562 -1.7308 6.4673 -26.6814 0.7442
3 16 6.4673 -26.6814 0.7442 4.9497 -27.5504 2.8421 18.795 -25.8093 -1.3612
3 16 0 -28.335 4.7364 0 -31.1397 11.5075 2.6789 -28.1311 4.2442
3 16 2.6789 -28.1311 4.2442 0 -31.1397 11.5075 4.9497 -27.5504 2.8421
2 24 0 -28.335 4.7364 2.6789 -28.1311 4.2442
2 24 4.9497 -23.762 -6.3037 2.6789 -23.1813 -7.7058
2 24 19.427 -24.6612 -4.1329 18.795 -25.8093 -1.3612
2 24 13.1194 -29.5336 7.6301 7.0543 -30.7223 10.4998
2 24 2.6789 -28.1311 4.2442 4.9497 -27.5504 2.8421
2 24 2.6789 -23.1813 -7.7058 0 -22.9774 -8.1979
2 24 17.1719 -27.7546 3.3353 13.1194 -29.5336 7.6301
2 24 7 -25.6562 -1.7308 6.4673 -24.631 -4.2058
2 24 6.4673 -26.6814 0.7442 7 -25.6562 -1.7308
2 24 18.795 -25.8093 -1.3612 17.1719 -27.7546 3.3353
2 24 7.0543 -30.7223 10.4998 0 -31.1397 11.5075
2 24 20.3993 -22.7356 -8.7817 19.427 -24.6612 -4.1329
2 24 4.9497 -27.5504 2.8421 6.4673 -26.6814 0.7442
3 16 4.9497 -23.762 -6.3037 6.4673 -24.631 -4.2058 20.3993 -22.7356 -8.7817
3 16 4.9497 -23.762 -6.3037 20.3993 -22.7356 -8.7817 2.6789 -23.1813 -7.7058
4 16 0 -22.9774 -8.1979 2.6789 -23.1813 -7.7058 20.3993 -22.7356 -8.7817 0 -22.3529 -9.7056
4 16 20.9308 -21.9294 -9.8302 21.5057 -21.2241 -10.3381 21.5057 -21.2241 -10.0381 20.9308 -21.9294 -9.5302
4 16 21.5057 -21.2241 -10.3381 22.2459 -20.3057 -10.123 22.2459 -20.3057 -9.823 21.5057 -21.2241 -10.0381
4 16 26.8 -16.7 -3.5 32.1943 -15.5 1.8943 32.1943 -15.5 2.1943 26.8 -16.7 -3.2
4 16 32.1943 -15.5 1.8943 34.8168 -15.2 3.8745 34.8168 -15.2 4.1745 32.1943 -15.5 2.1943
4 16 22.2459 -20.3057 -10.123 23.7981 -18.6528 -7.5364 23.7981 -18.6528 -7.2364 22.2459 -20.3057 -9.823
4 16 23.7981 -18.6528 -7.5364 26.8 -16.7 -3.5 26.8 -16.7 -3.2 23.7981 -18.6528 -7.2364
4 16 50.1517 -15 5.5804 58.8222 -15 5.2723 58.8222 -15 5.5723 50.1517 -15 5.8804
4 16 58.8222 -15 5.2723 65.4849 -15 3.8598 65.4849 -15 4.1598 58.8222 -15 5.5723
4 16 34.8168 -15.2 3.8745 41.4811 -15 5.2885 41.4811 -15 5.5885 34.8168 -15.2 4.1745
4 16 41.4811 -15 5.2885 50.1517 -15 5.5804 50.1517 -15 5.8804 41.4811 -15 5.5885
4 16 71.8943 -15 -1.8943 73.6348 -15 -3.3551 73.6348 -15 -3.0551 71.8943 -15 -1.5943
4 16 73.6348 -15 -3.3551 75.9095 -14.7685 -4.4943 75.9095 -14.7685 -4.1943 73.6348 -15 -3.0551
4 16 65.4849 -15 3.8598 68.1057 -15 1.8943 68.1057 -15 2.1943 65.4849 -15 4.1598
4 16 68.1057 -15 1.8943 71.8943 -15 -1.8943 71.8943 -15 -1.5943 68.1057 -15 2.1943
4 16 85.2652 -10.4842 -8.7324 87.9837 -5.9952 -10 87.9837 -5.9952 -9.7 85.2652 -10.4842 -8.4324
4 16 87.9837 -5.9952 -10 88.9383 -0.7 -10.4451 88.9383 -0.7 -10.1451 87.9837 -5.9952 -9.7
4 16 75.9095 -14.7685 -4.4943 81.1968 -13.4837 -6.8352 81.1968 -13.4837 -6.5352 75.9095 -14.7685 -4.1943
4 16 81.1968 -13.4837 -6.8352 85.2652 -10.4842 -8.7324 85.2652 -10.4842 -8.4324 81.1968 -13.4837 -6.5352
4 16 93.2416 37.4 -12.1656 101.7258 74.8674 -14.0982 101.7258 74.8674 -13.7982 93.2416 37.4 -11.8656
4 16 101.7258 74.8674 -14.0982 105.3384 88.1466 -15.8 105.3384 88.1466 -15.5 101.7258 74.8674 -13.7982
4 16 88.9383 -0.7 -10.4451 89.7761 9.4 -10.8358 89.7761 9.4 -10.5358 88.9383 -0.7 -10.1451
4 16 89.7761 9.4 -10.8358 93.2416 37.4 -12.1656 93.2416 37.4 -11.8656 89.7761 9.4 -10.5358
4 16 112.6116 113.1322 -21.7027 116.1955 124.81 -25.7174 116.1955 124.81 -25.4174 112.6116 113.1322 -21.4027
4 16 116.1955 124.81 -25.7174 120.4928 137.0972 -30.1584 120.4928 137.0972 -29.8584 116.1955 124.81 -25.4174
4 16 105.3384 88.1466 -15.8 108.7633 101.3126 -18.4134 108.7633 101.3126 -18.1134 105.3384 88.1466 -15.5
4 16 108.7633 101.3126 -18.4134 112.6116 113.1322 -21.7027 112.6116 113.1322 -21.4027 108.7633 101.3126 -18.1134
4 16 120.0892 147.765 -32.3115 117.0588 152.4109 -32.0738 117.0588 152.4109 -31.7738 120.0892 147.765 -32.0115
4 16 117.0588 152.4109 -32.0738 112.6654 155.6179 -30.9619 112.6654 155.6179 -30.6619 117.0588 152.4109 -31.7738
4 16 120.4928 137.0972 -30.1584 121.295 142.3876 -31.6389 121.295 142.3876 -31.3389 120.4928 137.0972 -29.8584
4 16 121.295 142.3876 -31.6389 120.0892 147.765 -32.3115 120.0892 147.765 -32.0115 121.295 142.3876 -31.3389
4 16 102.5703 156.0557 -26.9002 94.119 153.0523 -22.7672 94.119 153.0523 -22.4672 102.5703 156.0557 -26.6002
4 16 94.119 153.0523 -22.7672 83.4992 149.0044 -18.6737 83.4992 149.0044 -18.3737 94.119 153.0523 -22.4672
4 16 112.6654 155.6179 -30.9619 107.5777 156.8978 -29.1452 107.5777 156.8978 -28.8452 112.6654 155.6179 -30.6619
4 16 107.5777 156.8978 -29.1452 102.5703 156.0557 -26.9002 102.5703 156.0557 -26.6002 107.5777 156.8978 -28.8452
4 16 58.3508 141.8781 -13.2433 44 138.9 -12 44 138.9 -11.7 58.3508 141.8781 -12.9433
4 16 44 138.9 -12 19 135.9 -12 19 135.9 -11.7 44 138.9 -11.7
4 16 83.4992 149.0044 -18.6737 72.5642 144.7825 -15.6731 72.5642 144.7825 -15.3731 83.4992 149.0044 -18.3737
4 16 72.5642 144.7825 -15.6731 58.3508 141.8781 -13.2433 58.3508 141.8781 -12.9433 72.5642 144.7825 -15.3731
4 16 71.8943 -6.6673 -1.5943 71.8943 -6.6673 -1.8943 70 -7.2 0 70 -7.2 0.3
4 16 73.6348 -5.152 -3.0551 73.6348 -5.152 -3.3551 71.8943 -6.6673 -1.8943 71.8943 -6.6673 -1.5943
4 16 3.1883 135.5497 -11.7 3.1883 135.5497 -12 0 135.5 -12 0 135.5 -11.7
4 16 74.966 2.4719 -3.8309 74.966 2.4719 -4.1309 75.4214 -0.2086 -4.3913 75.4214 -0.2086 -4.0913
4 16 73.6567 4.7473 -3.0771 73.6567 4.7473 -3.3771 74.966 2.4719 -4.1309 74.966 2.4719 -3.8309
4 16 74.9541 -2.8858 -3.819 74.9541 -2.8858 -4.119 73.6348 -5.152 -3.3551 73.6348 -5.152 -3.0551
4 16 75.4214 -0.2086 -4.0913 75.4214 -0.2086 -4.3913 74.9541 -2.8858 -4.119 74.9541 -2.8858 -3.819
4 16 68.1144 6.2673 2.1839 68.1144 6.2673 1.8839 70 6.8 0 70 6.8 0.3
4 16 66.3891 4.752 3.6307 66.3891 4.752 3.3307 68.1144 6.2673 1.8839 68.1144 6.2673 2.1839
4 16 71.903 6.2673 -1.6047 71.903 6.2673 -1.9047 73.6567 4.7473 -3.3771 73.6567 4.7473 -3.0771
4 16 70 6.8 0.3 70 6.8 0 71.903 6.2673 -1.9047 71.903 6.2673 -1.6047
4 16 65.058 -2.872 4.4065 65.058 -2.872 4.1065 64.6026 -0.1915 4.3669 64.6026 -0.1915 4.6669
4 16 66.3672 -5.1474 3.6527 66.3672 -5.1474 3.3527 65.058 -2.872 4.1065 65.058 -2.872 4.4065
4 16 65.0699 2.4858 4.3946 65.0699 2.4858 4.0946 66.3891 4.752 3.3307 66.3891 4.752 3.6307
4 16 64.6026 -0.1915 4.6669 64.6026 -0.1915 4.3669 65.0699 2.4858 4.0946 65.0699 2.4858 4.3946
4 16 30.3 6.3 0.3 30.3 6.3 0 32.1865 5.7673 1.9054 32.1865 5.7673 2.2054
4 16 28.4057 5.7673 -1.5943 28.4057 5.7673 -1.8943 30.3 6.3 0 30.3 6.3 0.3
4 16 68.1057 -6.6673 2.1943 68.1057 -6.6673 1.8943 66.3672 -5.1474 3.3527 66.3672 -5.1474 3.6527
4 16 70 -7.2 0.3 70 -7.2 0 68.1057 -6.6673 1.8943 68.1057 -6.6673 2.1943
4 16 25.3503 -0.7 -4.6497 25.3503 -0.7 -4.9497 25.7269 1.9789 -4.5731 25.7269 1.9789 -4.2731
4 16 25.7269 -3.3789 -4.2731 25.7269 -3.3789 -4.5731 25.3503 -0.7 -4.9497 25.3503 -0.7 -4.6497
4 16 26.8 4.2497 -3.2 26.8 4.2497 -3.5 28.4057 5.7673 -1.8943 28.4057 5.7673 -1.5943
4 16 25.7269 1.9789 -4.2731 25.7269 1.9789 -4.5731 26.8 4.2497 -3.5 26.8 4.2497 -3.2
4 16 30.3 -7.7 0.3 30.3 -7.7 0 28.4057 -7.1673 -1.8943 28.4057 -7.1673 -1.5943
4 16 32.1943 -7.1673 2.1943 32.1943 -7.1673 1.8943 30.3 -7.7 0 30.3 -7.7 0.3
4 16 26.8 -5.6497 -3.2 26.8 -5.6497 -3.5 25.7269 -3.3789 -4.5731 25.7269 -3.3789 -4.2731
4 16 28.4057 -7.1673 -1.5943 28.4057 -7.1673 -1.8943 26.8 -5.6497 -3.5 26.8 -5.6497 -3.2
4 16 35.7007 -0.7002 4.6939 35.7007 -0.7002 4.3939 35.2436 -3.3791 4.1202 35.2436 -3.3791 4.4202
4 16 35.2352 1.9786 4.4348 35.2352 1.9786 4.1348 35.7007 -0.7002 4.3939 35.7007 -0.7002 4.6939
4 16 33.9329 -5.6499 3.6552 33.9329 -5.6499 3.3552 32.1943 -7.1673 1.8943 32.1943 -7.1673 2.1943
4 16 35.2436 -3.3791 4.4202 35.2436 -3.3791 4.1202 33.9329 -5.6499 3.3552 33.9329 -5.6499 3.6552
4 16 110.8281 136.5168 -25.7525 110.8281 136.5168 -26.0525 108.3645 136.1027 -24.948 108.3645 136.1027 -24.648
4 16 112.8768 137.9121 -26.8994 112.8768 137.9121 -27.1994 110.8281 136.5168 -26.0525 110.8281 136.5168 -25.7525
4 16 33.9174 4.2494 3.6821 33.9174 4.2494 3.3821 35.2352 1.9786 4.1348 35.2352 1.9786 4.4348
4 16 32.1865 5.7673 2.2054 32.1865 5.7673 1.9054 33.9174 4.2494 3.3821 33.9174 4.2494 3.6821
4 16 114.0008 145.3237 -28.9737 114.0008 145.3237 -29.2737 114.5939 142.6782 -28.9427 114.5939 142.6782 -28.6427
4 16 112.5099 147.6091 -28.8567 112.5099 147.6091 -29.1567 114.0008 145.3237 -29.2737 114.0008 145.3237 -28.9737
4 16 114.1994 140.0755 -27.9144 114.1994 140.0755 -28.2144 112.8768 137.9121 -27.1994 112.8768 137.9121 -26.8994
4 16 114.5939 142.6782 -28.6427 114.5939 142.6782 -28.9427 114.1994 140.0755 -28.2144 114.1994 140.0755 -27.9144
4 16 105.3821 149.4024 -26.3115 105.3821 149.4024 -26.6115 107.8456 149.8165 -27.716 107.8456 149.8165 -27.416
4 16 103.3334 148.0071 -25.1645 103.3334 148.0071 -25.4645 105.3821 149.4024 -26.6115 105.3821 149.4024 -26.3115
4 16 110.3486 149.187 -28.3098 110.3486 149.187 -28.6098 112.5099 147.6091 -29.1567 112.5099 147.6091 -28.8567
4 16 107.8456 149.8165 -27.416 107.8456 149.8165 -27.716 110.3486 149.187 -28.6098 110.3486 149.187 -28.3098
4 16 102.2094 140.5955 -23.0903 102.2094 140.5955 -23.3903 101.6163 143.241 -23.7212 101.6163 143.241 -23.4212
4 16 103.7003 138.3101 -23.2073 103.7003 138.3101 -23.5073 102.2094 140.5955 -23.3903 102.2094 140.5955 -23.0903
4 16 102.0108 145.8437 -24.1496 102.0108 145.8437 -24.4496 103.3334 148.0071 -25.4645 103.3334 148.0071 -25.1645
4 16 101.6163 143.241 -23.4212 101.6163 143.241 -23.7212 102.0108 145.8437 -24.4496 102.0108 145.8437 -24.1496
4 16 105.8615 136.7322 -23.7542 105.8615 136.7322 -24.0542 103.7003 138.3101 -23.5073 103.7003 138.3101 -23.2073
4 16 108.3645 136.1027 -24.648 108.3645 136.1027 -24.948 105.8615 136.7322 -24.0542 105.8615 136.7322 -23.7542
5 24 116.1955 124.81 -25.7174 116.1955 124.81 -25.4174 120.4928 137.0972 -30.1584 112.6116 113.1322 -21.7027
5 24 120.4928 137.0972 -30.1584 120.4928 137.0972 -29.8584 121.295 142.3876 -31.6389 116.1955 124.81 -25.7174
5 24 108.7633 101.3126 -18.4134 108.7633 101.3126 -18.1134 112.6116 113.1322 -21.7027 105.3384 88.1466 -15.8
5 24 112.6116 113.1322 -21.7027 112.6116 113.1322 -21.4027 116.1955 124.81 -25.7174 108.7633 101.3126 -18.4134
5 24 117.0588 152.4109 -32.0738 117.0588 152.4109 -31.7738 112.6654 155.6179 -30.9619 120.0892 147.765 -32.3115
5 24 112.6654 155.6179 -30.9619 112.6654 155.6179 -30.6619 107.5777 156.8978 -29.1452 117.0588 152.4109 -32.0738
5 24 121.295 142.3876 -31.6389 121.295 142.3876 -31.3389 120.0892 147.765 -32.3115 120.4928 137.0972 -30.1584
5 24 120.0892 147.765 -32.3115 120.0892 147.765 -32.0115 117.0588 152.4109 -32.0738 121.295 142.3876 -31.6389
5 24 94.119 153.0523 -22.7672 94.119 153.0523 -22.4672 83.4992 149.0044 -18.6737 102.5703 156.0557 -26.9002
5 24 83.4992 149.0044 -18.6737 83.4992 149.0044 -18.3737 72.5642 144.7825 -15.6731 94.119 153.0523 -22.7672
5 24 107.5777 156.8978 -29.1452 107.5777 156.8978 -28.8452 102.5703 156.0557 -26.9002 112.6654 155.6179 -30.9619
5 24 102.5703 156.0557 -26.9002 102.5703 156.0557 -26.6002 94.119 153.0523 -22.7672 107.5777 156.8978 -29.1452
5 24 44 138.9 -12 44 138.9 -11.7 19 135.9 -12 58.3508 141.8781 -13.2433
5 24 72.5642 144.7825 -15.6731 72.5642 144.7825 -15.3731 58.3508 141.8781 -13.2433 83.4992 149.0044 -18.6737
5 24 58.3508 141.8781 -13.2433 58.3508 141.8781 -12.9433 44 138.9 -12 72.5642 144.7825 -15.6731
5 24 71.8943 -6.6673 -1.8943 71.8943 -6.6673 -1.5943 73.6348 -5.152 -3.3551 70 -7.2 0
5 24 75.4214 -0.2086 -4.3913 75.4214 -0.2086 -4.0913 74.966 2.4719 -4.1309 74.9541 -2.8858 -4.119
5 24 74.966 2.4719 -4.1309 74.966 2.4719 -3.8309 73.6567 4.7473 -3.3771 75.4214 -0.2086 -4.3913
5 24 73.6348 -5.152 -3.3551 73.6348 -5.152 -3.0551 74.9541 -2.8858 -4.119 71.8943 -6.6673 -1.8943
5 24 74.9541 -2.8858 -4.119 74.9541 -2.8858 -3.819 75.4214 -0.2086 -4.3913 73.6348 -5.152 -3.3551
5 24 70 6.8 0 70 6.8 0.3 68.1144 6.2673 1.8839 71.903 6.2673 -1.9047
5 24 68.1144 6.2673 1.8839 68.1144 6.2673 2.1839 66.3891 4.752 3.3307 70 6.8 0
5 24 73.6567 4.7473 -3.3771 73.6567 4.7473 -3.0771 71.903 6.2673 -1.9047 74.966 2.4719 -4.1309
5 24 71.903 6.2673 -1.9047 71.903 6.2673 -1.6047 70 6.8 0 73.6567 4.7473 -3.3771
5 24 64.6026 -0.1915 4.3669 64.6026 -0.1915 4.6669 65.058 -2.872 4.1065 65.0699 2.4858 4.0946
5 24 65.058 -2.872 4.1065 65.058 -2.872 4.4065 66.3672 -5.1474 3.3527 64.6026 -0.1915 4.3669
5 24 66.3891 4.752 3.3307 66.3891 4.752 3.6307 65.0699 2.4858 4.0946 68.1144 6.2673 1.8839
5 24 65.0699 2.4858 4.0946 65.0699 2.4858 4.3946 64.6026 -0.1915 4.3669 66.3891 4.752 3.3307
5 24 70 -7.2 0 70 -7.2 0.3 68.1057 -6.6673 1.8943 71.8943 -6.6673 -1.8943
5 24 30.3 6.3 0 30.3 6.3 0.3 28.4057 5.7673 -1.8943 32.1865 5.7673 1.9054
5 24 66.3672 -5.1474 3.3527 66.3672 -5.1474 3.6527 68.1057 -6.6673 1.8943 65.058 -2.872 4.1065
5 24 68.1057 -6.6673 1.8943 68.1057 -6.6673 2.1943 70 -7.2 0 66.3672 -5.1474 3.3527
5 24 25.7269 1.9789 -4.5731 25.7269 1.9789 -4.2731 25.3503 -0.7 -4.9497 26.8 4.2497 -3.5
5 24 25.3503 -0.7 -4.9497 25.3503 -0.7 -4.6497 25.7269 -3.3789 -4.5731 25.7269 1.9789 -4.5731
5 24 28.4057 5.7673 -1.8943 28.4057 5.7673 -1.5943 26.8 4.2497 -3.5 30.3 6.3 0
5 24 26.8 4.2497 -3.5 26.8 4.2497 -3.2 25.7269 1.9789 -4.5731 28.4057 5.7673 -1.8943
5 24 28.4057 -7.1673 -1.8943 28.4057 -7.1673 -1.5943 30.3 -7.7 0 26.8 -5.6497 -3.5
5 24 30.3 -7.7 0 30.3 -7.7 0.3 32.1943 -7.1673 1.8943 28.4057 -7.1673 -1.8943
5 24 25.7269 -3.3789 -4.5731 25.7269 -3.3789 -4.2731 26.8 -5.6497 -3.5 25.3503 -0.7 -4.9497
5 24 26.8 -5.6497 -3.5 26.8 -5.6497 -3.2 28.4057 -7.1673 -1.8943 25.7269 -3.3789 -4.5731
5 24 35.2436 -3.3791 4.1202 35.2436 -3.3791 4.4202 35.7007 -0.7002 4.3939 33.9329 -5.6499 3.3552
5 24 35.7007 -0.7002 4.3939 35.7007 -0.7002 4.6939 35.2352 1.9786 4.1348 35.2436 -3.3791 4.1202
5 24 32.1943 -7.1673 1.8943 32.1943 -7.1673 2.1943 33.9329 -5.6499 3.3552 30.3 -7.7 0
5 24 33.9329 -5.6499 3.3552 33.9329 -5.6499 3.6552 35.2436 -3.3791 4.1202 32.1943 -7.1673 1.8943
5 24 32.1865 5.7673 1.9054 32.1865 5.7673 2.2054 33.9174 4.2494 3.3821 30.3 6.3 0
5 24 110.8281 136.5168 -26.0525 110.8281 136.5168 -25.7525 112.8768 137.9121 -27.1994 108.3645 136.1027 -24.948
5 24 35.2352 1.9786 4.1348 35.2352 1.9786 4.4348 33.9174 4.2494 3.3821 35.7007 -0.7002 4.3939
5 24 33.9174 4.2494 3.3821 33.9174 4.2494 3.6821 32.1865 5.7673 1.9054 35.2352 1.9786 4.1348
5 24 114.5939 142.6782 -28.9427 114.5939 142.6782 -28.6427 114.0008 145.3237 -29.2737 114.1994 140.0755 -28.2144
5 24 114.0008 145.3237 -29.2737 114.0008 145.3237 -28.9737 112.5099 147.6091 -29.1567 114.5939 142.6782 -28.9427
5 24 112.8768 137.9121 -27.1994 112.8768 137.9121 -26.8994 114.1994 140.0755 -28.2144 110.8281 136.5168 -26.0525
5 24 114.1994 140.0755 -28.2144 114.1994 140.0755 -27.9144 114.5939 142.6782 -28.9427 112.8768 137.9121 -27.1994
5 24 107.8456 149.8165 -27.716 107.8456 149.8165 -27.416 105.3821 149.4024 -26.6115 110.3486 149.187 -28.6098
5 24 105.3821 149.4024 -26.6115 105.3821 149.4024 -26.3115 103.3334 148.0071 -25.4645 107.8456 149.8165 -27.716
5 24 112.5099 147.6091 -29.1567 112.5099 147.6091 -28.8567 110.3486 149.187 -28.6098 114.0008 145.3237 -29.2737
5 24 110.3486 149.187 -28.6098 110.3486 149.187 -28.3098 107.8456 149.8165 -27.716 112.5099 147.6091 -29.1567
5 24 101.6163 143.241 -23.7212 101.6163 143.241 -23.4212 102.2094 140.5955 -23.3903 102.0108 145.8437 -24.4496
5 24 102.2094 140.5955 -23.3903 102.2094 140.5955 -23.0903 103.7003 138.3101 -23.5073 101.6163 143.241 -23.7212
5 24 103.3334 148.0071 -25.4645 103.3334 148.0071 -25.1645 102.0108 145.8437 -24.4496 105.3821 149.4024 -26.6115
5 24 102.0108 145.8437 -24.4496 102.0108 145.8437 -24.1496 101.6163 143.241 -23.7212 103.3334 148.0071 -25.4645
5 24 108.3645 136.1027 -24.948 108.3645 136.1027 -24.648 105.8615 136.7322 -24.0542 110.8281 136.5168 -26.0525
5 24 103.7003 138.3101 -23.5073 103.7003 138.3101 -23.2073 105.8615 136.7322 -24.0542 102.2094 140.5955 -23.3903
5 24 105.8615 136.7322 -24.0542 105.8615 136.7322 -23.7542 108.3645 136.1027 -24.948 103.7003 138.3101 -23.5073
5 24 21.5057 -21.2241 -10.3381 21.5057 -21.2241 -10.0381 22.2459 -20.3057 -10.123 20.9308 -21.9294 -9.8302
5 24 22.2459 -20.3057 -10.123 22.2459 -20.3057 -9.823 23.7981 -18.6528 -7.5364 21.5057 -21.2241 -10.3381
5 24 32.1943 -15.5 1.8943 32.1943 -15.5 2.1943 34.8168 -15.2 3.8745 26.8 -16.7 -3.5
5 24 34.8168 -15.2 3.8745 34.8168 -15.2 4.1745 41.4811 -15 5.2885 32.1943 -15.5 1.8943
5 24 23.7981 -18.6528 -7.5364 23.7981 -18.6528 -7.2364 26.8 -16.7 -3.5 22.2459 -20.3057 -10.123
5 24 26.8 -16.7 -3.5 26.8 -16.7 -3.2 32.1943 -15.5 1.8943 23.7981 -18.6528 -7.5364
5 24 41.4811 -15 5.2885 41.4811 -15 5.5885 50.1517 -15 5.5804 34.8168 -15.2 3.8745
5 24 73.6348 -15 -3.3551 73.6348 -15 -3.0551 75.9095 -14.7685 -4.4943 71.8943 -15 -1.8943
5 24 75.9095 -14.7685 -4.4943 75.9095 -14.7685 -4.1943 81.1968 -13.4837 -6.8352 73.6348 -15 -3.3551
5 24 87.9837 -5.9952 -10 87.9837 -5.9952 -9.7 88.9383 -0.7 -10.4451 85.2652 -10.4842 -8.7324
5 24 88.9383 -0.7 -10.4451 88.9383 -0.7 -10.1451 89.7761 9.4 -10.8358 87.9837 -5.9952 -10
5 24 81.1968 -13.4837 -6.8352 81.1968 -13.4837 -6.5352 85.2652 -10.4842 -8.7324 75.9095 -14.7685 -4.4943
5 24 85.2652 -10.4842 -8.7324 85.2652 -10.4842 -8.4324 87.9837 -5.9952 -10 81.1968 -13.4837 -6.8352
5 24 101.7258 74.8674 -14.0982 101.7258 74.8674 -13.7982 105.3384 88.1466 -15.8 93.2416 37.4 -12.1656
5 24 105.3384 88.1466 -15.8 105.3384 88.1466 -15.5 108.7633 101.3126 -18.4134 101.7258 74.8674 -14.0982
5 24 89.7761 9.4 -10.8358 89.7761 9.4 -10.5358 93.2416 37.4 -12.1656 88.9383 -0.7 -10.4451
5 24 93.2416 37.4 -12.1656 93.2416 37.4 -11.8656 101.7258 74.8674 -14.0982 89.7761 9.4 -10.8358
2 24 20.9308 -21.9294 -9.8302 20.3993 -23.0128 -8.8965
3 16 20.3993 -23.0128 -8.8965 0 -22.6301 -9.8204 0 -21.9211 -10.7268
3 16 0 -21.9211 -10.7268 20.9308 -21.9294 -9.8302 20.3993 -23.0128 -8.8965
2 24 20.3993 -22.7356 -8.7817 20.9308 -21.9294 -9.5302
3 16 0 -21.9211 -10.4268 0 -22.3529 -9.7056 20.3993 -22.7356 -8.7817
3 16 0 -21.9211 -10.4268 20.3993 -22.7356 -8.7817 20.9308 -21.9294 -9.5302
4 16 2.6789 -28.4083 4.1294 0 -28.6121 4.6216 0 -28.335 4.7364 2.6789 -28.1311 4.2442
4 16 4.9497 -27.8275 2.7273 2.6789 -28.4083 4.1294 2.6789 -28.1311 4.2442 4.9497 -27.5504 2.8421
4 16 6.4673 -26.9585 0.6294 4.9497 -27.8275 2.7273 4.9497 -27.5504 2.8421 6.4673 -26.6814 0.7442
4 16 7 -25.9334 -1.8456 6.4673 -26.9585 0.6294 6.4673 -26.6814 0.7442 7 -25.6562 -1.7308
4 16 6.4673 -24.9082 -4.3206 7 -25.9334 -1.8456 7 -25.6562 -1.7308 6.4673 -24.631 -4.2058
4 16 4.9497 -24.0392 -6.4185 6.4673 -24.9082 -4.3206 6.4673 -24.631 -4.2058 4.9497 -23.762 -6.3037
4 16 2.6789 -23.4584 -7.8206 4.9497 -24.0392 -6.4185 4.9497 -23.762 -6.3037 2.6789 -23.1813 -7.7058
4 16 0 -22.9774 -8.1979 0 -23.2546 -8.3127 2.6789 -23.4584 -7.8206 2.6789 -23.1813 -7.7058
3 16 20.3993 -22.7356 -8.7817 20.3993 -23.0128 -8.8965 20.9308 -21.9294 -9.8302
3 16 20.9308 -21.9294 -9.8302 20.9308 -21.9294 -9.5302 20.3993 -22.7356 -8.7817
5 24 20.9308 -21.9294 -9.8302 20.3993 -22.7356 -8.7817 20.3993 -23.0128 -8.8965 20.9308 -21.9294 -9.5302
4 16 19.427 -24.9384 -4.2477 20.3993 -23.0128 -8.8965 20.3993 -22.7356 -8.7817 19.427 -24.6612 -4.1329
4 16 18.795 -26.0864 -1.476 19.427 -24.9384 -4.2477 19.427 -24.6612 -4.1329 18.795 -25.8093 -1.3612
4 16 17.1719 -28.0318 3.2205 18.795 -26.0864 -1.476 18.795 -25.8093 -1.3612 17.1719 -27.7546 3.3353
4 16 13.1194 -29.8107 7.5153 17.1719 -28.0318 3.2205 17.1719 -27.7546 3.3353 13.1194 -29.5336 7.6301
4 16 7.0543 -30.9994 10.385 13.1194 -29.8107 7.5153 13.1194 -29.5336 7.6301 7.0543 -30.7223 10.4998
4 16 0 -31.4168 11.3927 7.0543 -30.9994 10.385 7.0543 -30.7223 10.4998 0 -31.1397 11.5075
5 24 6.4673 -26.9585 0.6294 6.4673 -26.6814 0.7442 4.9497 -27.8275 2.7273 7 -25.6562 -1.7308
5 24 17.1719 -27.7546 3.3353 17.1719 -28.0318 3.2205 18.795 -26.0864 -1.476 13.1194 -29.5336 7.6301
5 24 18.795 -26.0864 -1.476 18.795 -25.8093 -1.3612 19.427 -24.9384 -4.2477 17.1719 -27.7546 3.3353
5 24 20.3993 -22.7356 -8.7817 0 -22.3529 -9.7056 0 -21.9211 -10.4268 0 -22.9774 -8.1979
5 24 19.427 -24.9384 -4.2477 19.427 -24.6612 -4.1329 20.3993 -23.0128 -8.8965 18.795 -25.8093 -1.3612
5 24 20.3993 -23.0128 -8.8965 0 -21.9211 -10.7268 20.9308 -21.9294 -9.8302 0 -22.6301 -9.8204
5 24 7 -25.9334 -1.8456 7 -25.6562 -1.7308 6.4673 -26.9585 0.6294 6.4673 -24.631 -4.2058
5 24 20.3993 -22.7356 -8.7817 20.3993 -23.0128 -8.8965 20.9308 -21.9294 -9.8302 19.427 -24.6612 -4.1329
5 24 0 -21.9211 -10.4268 20.3993 -22.7356 -8.7817 0 -22.3529 -9.7056 20.9308 -21.9294 -9.5302
5 24 4.9497 -23.762 -6.3037 4.9497 -24.0392 -6.4185 6.4673 -24.9082 -4.3206 2.6789 -23.1813 -7.7058
5 24 2.6789 -28.4083 4.1294 2.6789 -28.1311 4.2442 0 -28.6121 4.6216 4.9497 -27.5504 2.8421
5 24 20.9308 -21.9294 -9.8302 20.9308 -21.9294 -9.5302 21.5057 -21.2241 -10.3381 20.3993 -22.7356 -8.7817
5 24 6.4673 -24.9082 -4.3206 6.4673 -24.631 -4.2058 7 -25.9334 -1.8456 4.9497 -23.762 -6.3037
5 24 2.6789 -23.4584 -7.8206 2.6789 -23.1813 -7.7058 4.9497 -24.0392 -6.4185 0 -22.9774 -8.1979
5 24 13.1194 -29.8107 7.5153 13.1194 -29.5336 7.6301 17.1719 -28.0318 3.2205 7.0543 -30.7223 10.4998
5 24 0 -22.6301 -9.8204 20.3993 -23.0128 -8.8965 0 -23.2546 -8.3127 0 -21.9211 -10.7268
5 24 4.9497 -27.5504 2.8421 4.9497 -27.8275 2.7273 6.4673 -26.6814 0.7442 2.6789 -28.4083 4.1294
5 24 7.0543 -30.9994 10.385 7.0543 -30.7223 10.4998 13.1194 -29.8107 7.5153 0 -31.1397 11.5075
5 24 0 -21.9211 -10.4268 0 -22.3529 -9.7056 20.3993 -22.7356 -8.7817 -20.3993 -22.7356 -8.7817
5 24 0 -28.6121 4.6216 0 -28.335 4.7364 2.6789 -28.1311 4.2442 -2.6789 -28.1311 4.2442
5 24 0 -22.9774 -8.1979 0 -23.2546 -8.3127 -2.6789 -23.4584 -7.8206 2.6789 -23.4584 -7.8206
5 24 0 -31.1397 11.5075 0 -31.4168 11.3927 7.0543 -30.9994 10.385 -7.0543 -30.9994 10.385
4 16 19 135.9 -12 3.1883 135.5497 -12 3.1883 135.5497 -11.7 19 135.9 -11.7
5 24 3.1883 135.5497 -12 3.1883 135.5497 -11.7 0 135.5 -12 19 135.9 -11.7
5 24 19 135.9 -11.7 19 135.9 -12 3.1883 135.5497 -12 44 138.9 -11.7
5 24 0 135.5 -11.7 0 135.5 -12 3.1883 135.5497 -11.7 -3.1883 135.5497 -12
