0 ~Minifig Leg Medium Left without Front and Side Surfaces
0 Name: s\u9441s02.dat
0 Author: Magnus Forsberg [MagFors]
0 !LDRAW_ORG Unofficial_Subpart 
0 !LICENSE Redistributable under CCAL version 2.0 : see CAreadme.txt

0 BFC CERTIFY CCW


1 16 2 0 0 0 1 0 3 0 0 0 0 3 4-4ndis.dat
0 BFC INVERTNEXT
1 16 2 0 0 0 5.25 0 3 0 0 0 0 3 4-4cyli.dat
1 16 10 10 6 0 0 6 6 0 0 0 1 0 4-4ndis.dat
1 16 2 0 0 0 1 0 3 0 0 0 0 3 4-4edge.dat
1 16 7.25 0 0 0 1 0 3 0 0 0 0 3 4-4edge.dat
1 16 10 10 6 0 0 6 6 0 0 0 1 0 4-4edge.dat

1 16 10.5 20 0 9 0 0 0 1 0 0 0 10 recte4.dat
1 16 10 20 0 6 0 0 0 1 0 0 0 6 recte4.dat
2 24 4 14.5 -3 4 14.5 -6
2 24 4 14.5 -6 16 14.5 -6
2 24 16 14.5 -6 16 14.5 -3
2 24 11.75 14.5 -3.5 7.25 14.5 -3.5
1 16 10.3261 12 -7 0 0 8.82608 0 1 0 -3 0 0 recte4.dat

1 16 5.625 8.75 -3 1.625 0 0 0 0 5.75 0 -1 0 rect3.dat
2 24 1.5 3.3453 8.9591 1.5 3.349 8.084
2 24 1.5 3.349 8.084 2 3.349 8.084
2 24 2 3.349 8.084 2 3.3453 8.9591
2 24 2 3.3453 8.9591 1.5 3.3453 8.9591
4 16 1.5 3.349 8.084 2 3.349 8.084 2 3.3453 8.9591 1.5 3.3453 8.9591

1 16 10 17.25 -6 0 0 6 -2.75 0 0 0 -1 0 rect2p.dat
4 16 18.6304 0 8.75 2 0 8.75 2 -3.349 8.084 18.4848 -3.3486 8.0841
4 16 4 10 9.375 1.5 20 10 1.5 3.3453 8.9591 2 3.3453 8.9591
4 16 4 3 -3 4 14.5 -3 4 10 6 4 5 1
3 16 4 0 6 4 5 1 4 10 6
3 16 4 14.5 -3 4 16 6 4 10 6
4 16 16 14.5 -3 16 14.5 -6 11.75 14.5 -3.5 11.75 14.5 -3
4 16 4 14.5 -6 7.25 14.5 -3.5 11.75 14.5 -3.5 16 14.5 -6
4 16 4 14.5 -3 7.25 14.5 -3 7.25 14.5 -3.5 4 14.5 -6
4 16 16 -2.413 -3 16 4 6 16 10 6 16 14.5 -3
4 16 4 20 -6 4 20 6 4 14.5 -3 4 14.5 -6
3 16 4 14.5 -3 4 20 6 4 16 6
3 16 16 16 6 16 20 6 16 20 -6
3 16 16 10 6 16 16 6 16 14.5 -3
4 16 16 16 6 16 20 -6 16 14.5 -6 16 14.5 -3
4 16 10 16 6 4 16 6 4 20 6 16 20 6
3 16 1.5 12 -4 1.5 8.084 -3.349 1.5 8.75 0
3 16 1.5 8.084 -3.349 1.5 12 -4 1.5 7.657 -4
4 16 2 8.084 -3.349 2 8.75 0 1.5 8.75 0 1.5 8.084 -3.349
1 16 1.75 7.8705 -3.6745 -.25 0 0 0 1 -.2135 0 0 -.3255 rect3.dat
4 16 2 8.75 0 2 8.084 3.349 1.5 8.084 3.349 1.5 8.75 0
4 16 2 8.084 3.349 2 6.187 6.187 1.5 6.187 6.187 1.5 8.084 3.349
4 16 2 6.187 6.187 2 3.349 8.084 1.5 3.349 8.084 1.5 6.187 6.187
4 16 7.25 -3.25 5.125 7.25 -1.5 6 16 -1.5 6 16 -3.25 5.125
4 16 16 -5 3.25 7.25 -5 3.25 7.25 -3.25 5.125 16 -3.25 5.125
4 16 16 -5.5 1 7.25 -5.5 1 7.25 -5 3.25 16 -5 3.25
4 16 16 -5.5 1 16 -5 3.25 16 -4.036 -2.536 16 -5.119 -.913
3 16 16 -4.036 -2.536 16 -5 3.25 16 -3.25 5.125
4 16 16 -2.413 -3 16 -4.036 -2.536 16 -3.25 5.125 16 -1.5 6
3 16 16 -2.413 -3 16 -1.5 6 16 4 6
1 16 13.875 6.0435 -3 2.125 0 0 0 0 8.4565 0 -1 0 rect3.dat
4 16 7.25 -4.036 -2.536 11.75 -4.036 -2.536 11.75 -2.413 -3.5 7.25 -2.413 -3.5
3 16 11.75 -2.413 -3 11.75 -2.413 -3.5 11.75 -4.036 -2.536
4 16 16 -2.413 -3 11.75 -2.413 -3 11.75 -4.036 -2.536 16 -4.036 -2.536
4 16 16 -4.036 -2.536 11.75 -4.036 -2.536 7.25 -5.119 -.913 16 -5.119 -.913
3 16 11.75 -4.036 -2.536 7.25 -4.036 -2.536 7.25 -5.119 -.913
4 16 7.25 -5.5 1 16 -5.5 1 16 -5.119 -.913 7.25 -5.119 -.913
4 16 19.5 20 -10 1.5 20 -10 4 20 -6 16 20 -6
4 16 2 -8.75 0 2 -8.084 -3.349 18.279 -8.0841 -3.3486 18.25 -8.75 0
4 16 18.3614 -6.1871 -6.1871 18.279 -8.0841 -3.3486 2 -8.084 -3.349 2 -6.187 -6.187
4 16 18.25 -8.75 0 18.2789 -8.0843 3.349 2 -8.084 3.349 2 -8.75 0
4 16 1.5 20 10 1.5 12 -4 1.5 8.75 0 1.5 8.084 3.349
4 16 1.5 20 10 1.5 20 -10 1.5 12 -10 1.5 12 -4
4 16 1.5 20 10 1.5 6.187 6.187 1.5 3.349 8.084 1.5 3.3453 8.9591
3 16 1.5 20 10 1.5 8.084 3.349 1.5 6.187 6.187
4 16 4.4566 7.7038 6 4 10 6 4 10 9.375 4.4566 7.7038 9.2315
4 16 16 20 -6 16 20 6 19.5 20 10 19.5 20 -10
4 16 1.5 20 -10 1.5 20 10 4 20 6 4 20 -6
4 16 1.5 20 10 19.5 20 10 16 20 6 4 20 6
4 16 10 4 6 7.7038 4.4566 6 7.7038 4.4566 9.0285 10 4 9
4 16 10 4 9 12.2962 4.4566 9.0285 12.2962 4.4566 6 10 4 6
4 16 5.7574 5.7574 6 4.4566 7.7038 6 4.4566 7.7038 9.2315 5.7574 5.7574 9.1098
4 16 7.7038 4.4566 6 5.7574 5.7574 6 5.7574 5.7574 9.1098 7.7038 4.4566 9.0285
4 16 15.5434 12.2962 9.5185 14.2426 14.2426 9.6402 14.2426 14.2426 6 15.5434 12.2962 6
4 16 16 10 6 15.5434 7.7038 6 15.5434 7.7038 9.2315 16 10 9.375
4 16 16 10 9.375 15.5434 12.2962 9.5185 15.5434 12.2962 6 16 10 6
4 16 15.5434 7.7038 6 14.2426 5.7574 6 14.2426 5.7574 9.1098 15.5434 7.7038 9.2315
4 16 14.2426 5.7574 6 12.2962 4.4566 6 12.2962 4.4566 9.0285 14.2426 5.7574 9.1098
4 16 10 16 9.75 7.7038 15.5434 9.7215 7.7038 15.5434 6 10 16 6
4 16 12.2962 15.5434 9.7215 10 16 9.75 10 16 6 12.2962 15.5434 6
4 16 14.2426 14.2426 9.6402 12.2962 15.5434 9.7215 12.2962 15.5434 6 14.2426 14.2426 6
3 16 5.7574 14.2426 9.6402 1.5 20 10 4.4566 12.2962 9.5185
4 16 4 10 6 4.4566 12.2962 6 4.4566 12.2962 9.5185 4 10 9.375
3 16 4 10 9.375 4.4566 12.2962 9.5185 1.5 20 10
4 16 7.7038 15.5434 9.7215 5.7574 14.2426 9.6402 5.7574 14.2426 6 7.7038 15.5434 6
4 16 5.7574 14.2426 9.6402 4.4566 12.2962 9.5185 4.4566 12.2962 6 5.7574 14.2426 6
3 16 19.5 20 10 14.2426 14.2426 9.6402 15.5434 12.2962 9.5185
3 16 19.5 20 10 15.5434 12.2962 9.5185 16 10 9.375
4 16 2 0 3 2 -3 3 2 -3.349 8.084 2 0 8.75
3 16 2 0 8.75 2 3.3453 8.9591 2 3.349 8.084
4 16 2 0 3 2 0 8.75 2 3.349 8.084 2 3 3
4 16 2 3 3 2 3.349 8.084 2 6.187 6.187 2 8.084 3.349
4 16 2 3 3 2 8.084 3.349 2 8.75 0 2 3 0
4 16 2 -6.187 6.187 2 -3.349 8.084 2 -3 3 2 -8.084 3.349
4 16 2 -8.084 3.349 2 -3 3 2 -3 0 2 -8.75 0
4 16 2 -8.084 -3.349 2 -8.75 0 2 -3 0 2 -3 -3
4 16 2 -6.187 -6.187 2 -8.084 -3.349 2 -3 -3 2 -3.349 -8.084
4 16 2 0 -8.75 2 -3.349 -8.084 2 -3 -3 2 0 -3
4 16 2 3.349 -8.084 2 0 -8.75 2 0 -3 2 3 -3
4 16 2 3 -3 2 3 0 2 8.75 0 2 8.084 -3.349
4 16 2 6.187 -6.187 2 3.349 -8.084 2 3 -3 2 7.399 -4
4 16 2 7.399 -4 2 3 -3 2 8.084 -3.349 2 7.657 -4
3 16 16 16 6 10 16 6 16 20 6
4 16 7.25 -4.036 -2.536 7.25 -2.7717 -1.1481 7.25 -3 0 7.25 -5.119 -.913
4 16 7.25 -2.1213 -2.1213 7.25 -2.7717 -1.1481 7.25 -4.036 -2.536 7.25 -2.413 -3.5
4 16 7.25 -2.7717 1.1481 7.25 -5.5 1 7.25 -5.119 -.913 7.25 -3 0
4 16 7.25 -5.5 1 7.25 -2.7717 1.1481 7.25 -2.1213 2.1213 7.25 -5 3.25
3 16 7.25 -3.25 5.125 7.25 -5 3.25 7.25 -2.1213 2.1213
4 16 7.25 -1.1481 2.7717 7.25 -1.5 6 7.25 -3.25 5.125 7.25 -2.1213 2.1213
4 16 7.25 0 3 7.25 0 6 7.25 -1.5 6 7.25 -1.1481 2.7717
3 16 10 4 9 7.7038 4.4566 9.0285 2 0 8.75
3 16 18.6304 0 8.75 14.2426 5.7574 9.1098 12.2962 4.4566 9.0285
4 16 12.2962 4.4566 9.0285 10 4 9 2 0 8.75 18.6304 0 8.75
3 16 7.7038 4.4566 9.0285 5.7574 5.7574 9.1098 2 0 8.75
3 16 2 0 8.75 5.7574 5.7574 9.1098 4.4566 7.7038 9.2315
3 16 14.2426 5.7574 9.1098 18.6304 0 8.75 15.5434 7.7038 9.2315
4 16 12.2962 15.5434 9.7215 19.5 20 10 1.5 20 10 10 16 9.75
3 16 7.7038 15.5434 9.7215 10 16 9.75 1.5 20 10
3 16 1.5 20 10 5.7574 14.2426 9.6402 7.7038 15.5434 9.7215
3 16 14.2426 14.2426 9.6402 19.5 20 10 12.2962 15.5434 9.7215
4 16 19.5 20 10 16 10 9.375 15.5434 7.7038 9.2315 18.6304 0 8.75
4 16 2 3.3453 8.9591 2 0 8.75 4.4566 7.7038 9.2315 4 10 9.375
4 16 2 -6.187 6.187 2 -8.084 3.349 5.3879 -6.3102 6 5.4703 -6.187 6.187
4 16 14.6132 -6.312 6 18.2789 -8.0843 3.349 18.3614 -6.1881 6.187 14.5297 -6.187 6.187
4 16 18.2789 -8.0843 3.349 14.6132 -6.312 6 5.3879 -6.3102 6 2 -8.084 3.349

5 24 10 16 9.75 10 16 6 7.7038 15.5434 6 12.2962 15.5434 9.7215
2 24 14.2426 14.2426 9.6402 15.5434 12.2962 9.5185
5 24 12.2962 4.4566 9.0285 12.2962 4.4566 6 10 4 9 14.2426 5.7574 6
2 24 18.776 3.3486 -8.0841 18.8994 6.1871 -6.1871
2 24 12.2962 15.5434 9.7215 14.2426 14.2426 9.6402
2 24 19.1522 12 -4 18.9521 7.399 -4
2 24 16 -5 3.25 16 -5.5 1
2 24 16 -3.25 5.125 16 -5 3.25
2 24 16 -1.5 6 16 -3.25 5.125
2 24 2 -6.187 -6.187 2 -3.349 -8.084
2 24 1.5 3.349 8.084 1.5 6.187 6.187
2 24 10 4 9 12.2962 4.4566 9.0285
5 24 15.5434 12.2962 9.5185 15.5434 12.2962 6 14.2426 14.2426 6 16 10 9.375
5 24 15.5434 7.7038 9.2315 15.5434 7.7038 6 14.2426 5.7574 9.1098 16 10 6
2 24 16 16 6 16 10 6
5 24 14.2426 5.7574 9.1098 14.2426 5.7574 6 15.5434 7.7038 6 12.2962 4.4566 9.0285
5 24 16 10 6 16 10 9.375 15.5434 7.7038 9.2315 15.5434 12.2962 6
2 24 12.2962 15.5434 9.7215 10 16 9.75
5 24 5.7574 14.2426 6 5.7574 14.2426 9.6402 7.7038 15.5434 9.7215 4.4566 12.2962 6
2 24 18.6304 0 8.75 18.4848 -3.3486 8.0841
2 24 7.7038 15.5434 9.7215 10 16 9.75
2 24 12.2962 4.4566 9.0285 14.2426 5.7574 9.1098
2 24 18.3614 -6.1881 6.187 18.2789 -8.0843 3.349
5 24 4.4566 12.2962 9.5185 4.4566 12.2962 6 5.7574 14.2426 9.6402 4 10 6
2 24 18.9521 7.399 -4 18.8994 6.1871 -6.1871
5 24 4 10 6 4 10 9.375 4.4566 12.2962 9.5185 4.4566 7.7038 6
2 24 2 -3.349 -8.084 2 0 -8.75
2 24 2 0 -8.75 2 3.349 -8.084
2 24 2 8.084 3.349 2 6.187 6.187
5 24 12.2962 15.5434 9.7215 12.2962 15.5434 6 10 16 6 14.2426 14.2426 9.6402
2 24 2 6.187 6.187 2 3.349 8.084
5 24 18.279 -8.0841 -3.3486 2 -8.084 -3.349 18.3614 -6.1871 -6.1871 2 -8.75 0
2 24 5.7574 14.2426 9.6402 7.7038 15.5434 9.7215
2 24 4 0 6 4 10 6
5 24 1.5 8.75 0 2 8.75 0 1.5 8.084 3.349 2 8.084 -3.349
2 24 2 0 8.75 2 3.3453 8.9591
5 24 16 -4.036 -2.536 11.75 -4.036 -2.536 16 -5.119 -.913 11.75 -2.413 -3
2 24 16 -5.119 -.913 16 -4.036 -2.536
5 24 7.25 -4.036 -2.536 11.75 -4.036 -2.536 7.25 -5.119 -.913 7.25 -2.413 -3.5
5 24 10 4 6 10 4 9 7.7038 4.4566 9.0285 12.2962 4.4566 6
5 24 7.7038 4.4566 9.0285 7.7038 4.4566 6 5.7574 5.7574 9.1098 10 4 6
5 24 2 8.084 -3.349 1.5 8.084 -3.349 1.5 8.75 0 1.5 7.657 -4
2 24 1.5 8.084 3.349 1.5 8.75 0
2 24 2 -8.084 -3.349 2 -6.187 -6.187
5 24 7.7038 15.5434 9.7215 7.7038 15.5434 6 5.7574 14.2426 6 10 16 9.75
2 24 4 10 6 4 16 6
2 24 7.25 -5.5 1 7.25 -5.119 -.913
2 24 2 7.399 -4 2 7.657 -4
2 24 2 -8.084 3.349 2 -8.75 0
2 24 4.4566 7.7038 9.2315 5.7574 5.7574 9.1098
2 24 14.2426 5.7574 9.1098 15.5434 7.7038 9.2315
5 24 2 -3.349 8.084 18.4848 -3.3486 8.0841 2 0 8.75 2 -6.187 6.187
2 24 1.5 8.084 -3.349 1.5 8.75 0
5 24 2 -8.75 0 18.25 -8.75 0 2 -8.084 3.349 18.279 -8.0841 -3.3486
2 24 16 16 6 16 20 6
2 24 2 0 8.75 2 -3.349 8.084
2 24 5.7574 5.7574 9.1098 7.7038 4.4566 9.0285
2 24 1.5 20 10 1.5 3.3453 8.9591
2 24 2 3.349 -8.084 2 6.187 -6.187
2 24 1.5 8.084 3.349 1.5 6.187 6.187
2 24 18.6304 0 -8.75 18.776 3.3486 -8.0841
5 24 1.5 8.084 3.349 2 8.084 3.349 2 8.75 0 1.5 6.187 6.187
2 24 2 8.084 -3.349 2 8.75 0
2 24 16 10 6 16 4 6
5 24 18.3614 -6.1871 -6.1871 2 -6.187 -6.187 18.4848 -3.3486 -8.0841 2 -8.084 -3.349
2 24 2 6.187 -6.187 2 7.399 -4
2 24 4 20 6 4 16 6
2 24 18.3614 -6.1871 -6.1871 18.4848 -3.3486 -8.0841
5 24 7.25 -5.119 -.913 16 -5.119 -.913 7.25 -5.5 1 11.75 -4.036 -2.536
2 24 4.4566 12.2962 9.5185 5.7574 14.2426 9.6402
2 24 7.25 -4.036 -2.536 7.25 -2.413 -3.5
2 24 16 -4.036 -2.536 16 -2.413 -3
5 24 14.2426 14.2426 6 14.2426 14.2426 9.6402 15.5434 12.2962 9.5185 12.2962 15.5434 6
2 24 7.25 -4.036 -2.536 7.25 -5.119 -.913
2 24 1.5 7.657 -4 1.5 12 -4
2 24 18.25 -8.75 0 18.279 -8.0841 -3.3486
2 24 7.7038 4.4566 9.0285 10 4 9
2 24 16 -1.5 6 16 4 6
2 24 18.4848 -3.3486 8.0841 18.3614 -6.1881 6.187
2 24 18.2789 -8.0843 3.349 18.25 -8.75 0
2 24 18.279 -8.0841 -3.3486 18.3614 -6.1871 -6.1871
2 24 2 8.75 0 2 8.084 3.349
2 24 2 -3.349 8.084 2 -6.187 6.187
2 24 2 -6.187 6.187 2 -8.084 3.349
2 24 15.5434 7.7038 9.2315 16 10 9.375
2 24 4 10 9.375 4.4566 7.7038 9.2315
5 24 2 -8.084 3.349 18.2789 -8.0843 3.349 18.25 -8.75 0 5.3879 -6.3102 6
5 24 5.7574 5.7574 6 5.7574 5.7574 9.1098 4.4566 7.7038 9.2315 7.7038 4.4566 6
5 24 4.4566 7.7038 6 4.4566 7.7038 9.2315 5.7574 5.7574 6 4 10 9.375
2 24 18.6304 0 8.75 19.5 20 10
2 24 16 -5.5 1 16 -5.119 -.913
2 24 1.5 12 -10 1.5 20 -10
2 24 4 10 9.375 4.4566 12.2962 9.5185
2 24 18.9521 7.399 -4 2 7.399 -4
2 24 15.5434 12.2962 9.5185 16 10 9.375
2 24 18.4848 -3.3486 -8.0841 18.6304 0 -8.75
2 24 2 -8.75 0 2 -8.084 -3.349
5 24 1.5 6.187 6.187 2 6.187 6.187 2 8.084 3.349 1.5 3.349 8.084
2 24 5.3879 -6.3102 6 14.6132 -6.312 6
5 24 2 0 8.75 18.6304 0 8.75 2 -3.349 8.084 2 3.3453 8.9591
5 24 18.3614 -6.1881 6.187 14.5297 -6.187 6.187 18.2789 -8.0843 3.349 18.4848 -3.3486 8.0841
5 24 2 -6.187 6.187 5.4703 -6.187 6.187 2 -8.084 3.349 2 -3.349 8.084
2 24 10 -4 7.6489 12.2962 -4.4566 7.3436
2 24 7.7038 -4.4566 7.3436 10 -4 7.6489
2 24 7.7038 -4.4566 7.3436 5.7574 -5.7574 6.4742
2 24 5.7574 -5.7574 6.4742 5.4703 -6.187 6.187
2 24 14.5297 -6.187 6.187 14.2426 -5.7574 6.4742
2 24 12.2962 -4.4566 7.3436 14.2426 -5.7574 6.4742
2 24 5.4703 -6.187 6.187 5.3879 -6.3102 6
2 24 14.5297 -6.187 6.187 14.6132 -6.312 6
2 24 10 -4 6 12.2962 -4.4566 6
2 24 12.2962 -4.4566 6 14.2426 -5.7574 6
2 24 5.7574 -5.7574 6 7.7038 -4.4566 6
2 24 7.7038 -4.4566 6 10 -4 6

3 16 10 -4 6 7.7038 -4.4566 6 12.2962 -4.4566 6
4 16 14.2426 -5.7574 6 12.2962 -4.4566 6 7.7038 -4.4566 6 5.7574 -5.7574 6
4 16 14.6132 -6.312 6 14.2426 -5.7574 6 5.7574 -5.7574 6 5.3879 -6.3102 6
4 16 14.2426 -5.7574 6.4742 14.2426 -5.7574 6 14.6132 -6.312 6 14.5297 -6.187 6.187
4 16 14.2426 -5.7574 6 14.2426 -5.7574 6.4742 12.2962 -4.4566 7.3436 12.2962 -4.4566 6
4 16 10 -4 6 12.2962 -4.4566 6 12.2962 -4.4566 7.3436 10 -4 7.6489
4 16 10 -4 6 10 -4 7.6489 7.7038 -4.4566 7.3436 7.7038 -4.4566 6
4 16 7.7038 -4.4566 6 7.7038 -4.4566 7.3436 5.7574 -5.7574 6.4742 5.7574 -5.7574 6
4 16 5.7574 -5.7574 6 5.7574 -5.7574 6.4742 5.4703 -6.187 6.187 5.3879 -6.3102 6
2 24 5.3879 -6.3102 6 5.7574 -5.7574 6
2 24 14.2426 -5.7574 6 14.6132 -6.312 6
5 24 14.2426 -5.7574 6.4742 14.2426 -5.7574 6 14.5297 -6.187 6.187 12.2962 -4.4566 7.3436
5 24 12.2962 -4.4566 7.3436 12.2962 -4.4566 6 14.2426 -5.7574 6.4742 10 -4 7.6489
5 24 10 -4 7.6489 10 -4 6 12.2962 -4.4566 7.3436 7.7038 -4.4566 7.3436
5 24 7.7038 -4.4566 7.3436 7.7038 -4.4566 6 10 -4 7.6489 5.7574 -5.7574 6.4742
5 24 5.7574 -5.7574 6.4742 5.7574 -5.7574 6 5.4703 -6.187 6.187 7.7038 -4.4566 7.3436

4 16 5.7574 -5.7574 6.4742 2 -3.349 8.084 2 -6.187 6.187 5.4703 -6.187 6.187
3 16 2 -3.349 8.084 5.7574 -5.7574 6.4742 7.7038 -4.4566 7.3436
3 16 2 -3.349 8.084 7.7038 -4.4566 7.3436 10 -4 7.6489
3 16 2 -3.349 8.084 10 -4 7.6489 18.4848 -3.3486 8.0841
3 16 18.4848 -3.3486 8.0841 10 -4 7.6489 12.2962 -4.4566 7.3436
3 16 18.4848 -3.3486 8.0841 12.2962 -4.4566 7.3436 14.2426 -5.7574 6.4742
4 16 18.3614 -6.1881 6.187 18.4848 -3.3486 8.0841 14.2426 -5.7574 6.4742 14.5297 -6.187 6.187

1 16 7.25 0 1 0 -3.25 0 0 0 5 5 0 0 3-8cylo.dat
4 16 7.25 1.9135 5.6195 7.25 0 6 7.25 0 3 7.25 3.5355 4.5355
4 16 16 4 6 7.25 0 6 4 0 6 4 4 6
3 16 7.25 0 3 7.25 1.1481 2.7717 7.25 3.5355 4.5355
4 16 7.25 1.1481 2.7717 7.25 2.1213 2.1213 7.25 4.6195 2.9135 7.25 3.5355 4.5355
4 16 7.25 2.7717 1.1481 7.25 5 1 7.25 4.6195 2.9135 7.25 2.1213 2.1213
4 16 7.25 2.7717 1.1481 7.25 3 0 7.25 4.6195 -.9135 7.25 5 1
4 16 7.25 4.6195 -.9135 7.25 3 0 7.25 2.7717 -1.1481 7.25 3.5355 -2.5355
2 24 7.25 0 6 7.25 -1.5 6
2 24 7.25 -3.25 5.125 7.25 -5 3.25
2 24 7.25 -1.5 6 7.25 -3.25 5.125
2 24 7.25 -5 3.25 7.25 -5.5 1
2 24 7.25 14.5 -3 7.25 14.5 -3.5
4 16 7.25 -1.5 6 7.25 0 6 16 4 6 16 -1.5 6
5 24 7.25 -2.413 -3.5 11.75 -2.413 -3.5 7.25 14.5 -3.5 7.25 -4.036 -2.536
5 24 4 3.5356 -2.5356 7.25 3.5356 -2.5356 4 3.0001 -3.0001 7.25 4.6195 -.9135

2 24 7.25 -2.413 -3.5 7.25 14.5 -3.5
1 16 5.625 3.2678 -2.7678 1.625 0 0 0 -1 -.26775 0 0 -.23225 rect3.dat
4 16 7.25 14.5 -3.5 7.25 14.5 -3 7.25 3 -3 7.25 -2.413 -3.5
3 16 7.25 -2.1213 -2.1213 7.25 -2.413 -3.5 7.25 -1.1481 -2.7717
3 16 7.25 -1.1481 -2.7717 7.25 -2.413 -3.5 7.25 0 -3
4 16 7.25 1.1481 -2.7717 7.25 0 -3 7.25 -2.413 -3.5 7.25 3 -3
3 16 7.25 1.1481 -2.7717 7.25 3 -3 7.25 2.1213 -2.1213
4 16 7.25 2.1213 -2.1213 7.25 3 -3 7.25 3.5355 -2.5355 7.25 2.7717 -1.1481
2 24 11.75 -2.413 -3 11.75 -4.036 -2.536
2 24 11.75 -2.413 -3.5 11.75 -4.036 -2.536
4 16 11.75 14.5 -3.5 7.25 14.5 -3.5 7.25 -2.413 -3.5 11.75 -2.413 -3.5
1 16 11.75 6.0435 -3.25 0 1 0 8.4565 0 0 0 0 -.25 rect2a.dat
5 24 16 -2.413 -3 11.75 -2.413 -3 16 -4.036 -2.536 16 14.5 -3
5 24 16 -5 3.25 7.25 -5 3.25 16 -5.5 1 16 -3.25 5.125
5 24 16 -3.25 5.125 7.25 -3.25 5.125 16 -5 3.25 16 -1.5 6
5 24 16 -1.5 6 7.25 -1.5 6 16 -3.25 5.125 7.25 0 6
2 24 19.1522 12 -10 19.5 20 -10
5 24 16 -5.5 1 7.25 -5.5 1 16 -5 3.25 16 -5.119 -.913

5 24 2 -3.349 -8.084 18.4848 -3.3486 -8.0841 2 0 -8.75 2 -6.187 -6.187
5 24 2 0 -8.75 18.6304 0 -8.75 2 3.3486 -8.0841 2 -3.349 -8.084
5 24 2 3.349 -8.084 18.776 3.3486 -8.0841 2 0 -8.75 2 6.1871 -6.1871
5 24 2 6.187 -6.187 18.8994 6.1871 -6.1871 2 7.399 -4 2 3.349 -8.084
