0 ~Sail 15 x 22 Triangular Thin Stripe  1 Edge (Formed Shape 1)
0 Name: s\u9496p02c01s03.dat
0 Author: Philippe Hurbain [Philo]
0 !LDRAW_ORG Unofficial_Subpart 
0 !LICENSE Redistributable under CCAL version 2.0 : see CAreadme.txt

0 BFC CERTIFY CCW


4 16 21.2466 3.8357 -0.3989 22.3607 13.1159 5.8868 22.1607 13.1159 6.0868 21.0466 3.8357 -0.1989
4 16 22.1607 13.1159 6.0868 22.3607 13.1159 5.8868 25.4562 22.4291 12.1078 25.2562 22.4291 12.3078
4 16 25.4562 22.4291 12.1078 34.489 41.2146 22.3682 34.289 41.2146 22.5682 25.2562 22.4291 12.3078
4 16 29.1197 66.13 18.6397 31.4914 65.0355 20.9379 31.2914 65.0355 21.1379 28.9197 66.13 18.8397
4 16 26.7314 65.4403 16.2078 29.1197 66.13 18.6397 28.9197 66.13 18.8397 26.5314 65.4403 16.4078
4 16 24.9665 63.1514 14.2938 26.7314 65.4403 16.2078 26.5314 65.4403 16.4078 24.7665 63.1514 14.4938
4 16 31.4914 65.0355 20.9379 33.2111 62.4504 22.4866 33.0111 62.4504 22.6866 31.2914 65.0355 21.1379
4 16 33.2111 62.4504 22.4866 33.818 59.0671 22.8708 33.618 59.0671 23.0708 33.0111 62.4504 22.6866
4 16 33.618 59.0671 23.0708 33.818 59.0671 22.8708 33.1494 55.7922 21.9875 32.9494 55.7922 22.1875
4 16 32.9494 55.7922 22.1875 33.1494 55.7922 21.9875 31.3845 53.5033 20.0735 31.1845 53.5033 20.2735
4 16 31.1845 53.5033 20.2735 31.3845 53.5033 20.0735 28.9962 52.8136 17.6416 28.7962 52.8136 17.8416
4 16 28.7962 52.8136 17.8416 28.9962 52.8136 17.6416 26.6245 53.908 15.3434 26.4245 53.908 15.5434
4 16 26.4245 53.908 15.5434 26.6245 53.908 15.3434 24.9048 56.4932 13.7948 24.7048 56.4932 13.9948
4 16 24.7048 56.4932 13.9948 24.9048 56.4932 13.7948 24.2979 59.8765 13.4106 24.0979 59.8765 13.6106
4 16 24.2979 59.8765 13.4106 24.9665 63.1514 14.2938 24.7665 63.1514 14.4938 24.0979 59.8765 13.6106
4 16 56.5213 79.119 37.7162 78.3646 114.8686 51.3643 78.1646 114.8686 51.5643 56.3213 79.119 37.9162
4 16 59.6714 123.8652 42.4647 61.8102 126.1977 43.7191 61.6102 126.1977 43.9191 59.4714 123.8652 42.6647
4 16 61.8102 126.1977 43.7191 64.7092 126.9471 45.2498 64.5092 126.9471 45.4498 61.6102 126.1977 43.9191
4 16 64.7092 126.9471 45.2498 67.5916 125.9123 46.6469 67.3916 125.9123 46.8469 64.5092 126.9471 45.4498
4 16 67.3916 125.9123 46.8469 67.5916 125.9123 46.6469 69.6852 123.3709 47.5359 69.4852 123.3709 47.7359
4 16 69.6852 123.3709 47.5359 70.4289 120.0036 47.6786 70.2289 120.0036 47.8786 69.4852 123.3709 47.7359
4 16 70.2289 120.0036 47.8786 70.4289 120.0036 47.6786 69.6235 116.7127 47.0368 69.4235 116.7127 47.2368
4 16 69.4235 116.7127 47.2368 69.6235 116.7127 47.0368 67.4847 114.3802 45.7825 67.2847 114.3802 45.9825
4 16 67.2847 114.3802 45.9825 67.4847 114.3802 45.7825 64.5857 113.6308 44.2517 64.3857 113.6308 44.4517
4 16 64.3857 113.6308 44.4517 64.5857 113.6308 44.2517 61.7032 114.6656 42.8547 61.5032 114.6656 43.0547
4 16 61.5032 114.6656 43.0547 61.7032 114.6656 42.8547 59.6097 117.207 41.9657 59.4097 117.207 42.1657
4 16 59.4097 117.207 42.1657 59.6097 117.207 41.9657 58.8659 120.5743 41.8229 58.6659 120.5743 42.0229
4 16 58.8659 120.5743 41.8229 59.6714 123.8652 42.4647 59.4714 123.8652 42.6647 58.6659 120.5743 42.0229
4 16 102.6791 155.6596 66.9284 102.8791 155.6596 66.7284 124.2855 190.74 80.1068 124.0855 190.74 80.3068
4 16 105.4185 181.0147 70.1058 105.6185 181.0147 69.9058 102.8152 180.2233 68.4209 102.6152 180.2233 68.6209
4 16 107.7301 183.3765 71.1484 105.6185 181.0147 69.9058 105.4185 181.0147 70.1058 107.5301 183.3765 71.3484
4 16 108.4984 186.679 71.772 107.7301 183.3765 71.1484 107.5301 183.3765 71.3484 108.2984 186.679 71.972
4 16 107.7173 190.0375 71.6096 108.4984 186.679 71.772 108.2984 186.679 71.972 107.5173 190.0375 71.8096
4 16 105.5962 192.5518 70.7047 107.7173 190.0375 71.6096 107.5173 190.0375 71.8096 105.3962 192.5518 70.9047
4 16 102.7895 193.5453 69.3433 105.5962 192.5518 70.7047 105.3962 192.5518 70.9047 102.5895 193.5453 69.5433
4 16 148.1389 230.6719 95.0735 170.6996 270.1662 109.3504 170.4996 270.1662 109.5504 147.9389 230.6719 95.2735
4 16 190.6288 310.4321 122.6417 190.8288 310.4321 122.4417 211.2984 352.622 133.5266 211.0984 352.622 133.7266
4 16 207.4484 387.0061 134.262 210.159 386.2327 135.3061 209.959 386.2327 135.5061 207.2484 387.0061 134.462
4 16 204.472 386.0906 132.9981 207.4484 387.0061 134.262 207.2484 387.0061 134.462 204.272 386.0906 133.1981
4 16 202.3537 383.635 131.9782 204.472 386.0906 132.9981 204.272 386.0906 133.1981 202.1537 383.635 132.1782
4 16 201.661 380.297 131.4758 202.3537 383.635 131.9782 202.1537 383.635 132.1782 201.461 380.297 131.6758
4 16 202.3796 376.9713 131.8254 202.5796 376.9713 131.6254 201.661 380.297 131.4758 201.461 380.297 131.6758
4 16 204.6632 374.5488 132.587 204.8632 374.5488 132.387 202.5796 376.9713 131.6254 202.3796 376.9713 131.8254
4 16 207.7002 373.6787 133.7565 207.9002 373.6787 133.5565 204.8632 374.5488 132.387 204.6632 374.5488 132.587
4 16 210.3603 374.3935 134.8793 210.5603 374.3935 134.6793 207.9002 373.6787 133.5565 207.7002 373.6787 133.7565
4 16 -9.7098 -15.6876 -10.6342 -2.0608 -18.7341 -10.953 -2.2608 -18.7341 -10.753 -9.9098 -15.6876 -10.4342
4 16 -14.5386 -10.5181 -10.747 -9.7098 -15.6876 -10.6342 -9.9098 -15.6876 -10.4342 -14.7386 -10.5181 -10.547
4 16 -17.4689 -2.5986 -10.9062 -14.5386 -10.5181 -10.747 -14.7386 -10.5181 -10.547 -17.6689 -2.5986 -10.7062
4 16 -17.6277 4.9166 -10.8486 -17.4277 4.9166 -11.0486 -17.4689 -2.5986 -10.9062 -17.6689 -2.5986 -10.7062
4 16 -9.6551 42.2631 -14.5787 -17.4277 4.9166 -11.0486 -17.6277 4.9166 -10.8486 -9.8551 42.2631 -14.3787
4 16 1.1988 105.1248 -21.3912 -9.6551 42.2631 -14.5787 -9.8551 42.2631 -14.3787 0.9988 105.1248 -21.1912
4 16 5.6655 136.5789 -22.812 1.1988 105.1248 -21.3912 0.9988 105.1248 -21.1912 5.4655 136.5789 -22.612
4 16 9.4616 168.1452 -22.6258 5.6655 136.5789 -22.812 5.4655 136.5789 -22.612 9.2616 168.1452 -22.4258
4 16 12.2985 199.7761 -21.1945 9.4616 168.1452 -22.6258 9.2616 168.1452 -22.4258 12.0985 199.7761 -20.9945
4 16 13.7273 239.9572 -19.4977 12.2985 199.7761 -21.1945 12.0985 199.7761 -20.9945 13.5273 239.9572 -19.2977
4 16 13.9115 280.1382 -17.2859 13.7273 239.9572 -19.4977 13.5273 239.9572 -19.2977 13.7115 280.1382 -17.0859
4 16 11.9305 354.8536 -17.0187 13.9115 280.1382 -17.2859 13.7115 280.1382 -17.0859 11.7305 354.8536 -16.8187
4 16 10.8194 396.7476 -17.5069 11.9305 354.8536 -17.0187 11.7305 354.8536 -16.8187 10.6194 396.7476 -17.3069
4 16 10.5326 407.5907 -16.0925 10.8194 396.7476 -17.5069 10.6194 396.7476 -17.3069 10.3326 407.5907 -15.8925
4 16 10.3339 415.173 -11.44 10.5326 407.5907 -16.0925 10.3326 407.5907 -15.8925 10.1339 415.173 -11.24
4 16 10.2455 418.6301 -5.1277 10.3339 415.173 -11.44 10.1339 415.173 -11.24 10.0455 418.6301 -4.9277
4 16 10.0528 418.4988 2.5879 10.2528 418.4988 2.3879 10.2455 418.6301 -5.1277 10.0455 418.6301 -4.9277
4 16 10.1342 415.5601 9.3655 10.3342 415.5601 9.1655 10.2528 418.4988 2.3879 10.0528 418.4988 2.5879
4 16 10.8517 395.9695 5.3303 10.9094 393.7403 2.6735 10.7094 393.7403 2.8735 10.6517 395.9695 5.5303
4 16 10.9094 393.7403 2.6735 10.9239 393.1297 -0.7508 10.7239 393.1297 -0.5508 10.7094 393.7403 2.8735
4 16 10.7239 393.1297 -0.5508 10.9239 393.1297 -0.7508 10.8911 394.3014 -4.0252 10.6911 394.3014 -3.8252
4 16 10.6911 394.3014 -3.8252 10.8911 394.3014 -4.0252 10.82 396.9415 -6.2721 10.62 396.9415 -6.0721
4 16 10.62 396.9415 -6.0721 10.82 396.9415 -6.2721 10.7295 400.3424 -6.8897 10.5295 400.3424 -6.6897
4 16 10.5295 400.3424 -6.6897 10.7295 400.3424 -6.8897 10.6439 403.5931 -5.7123 10.4439 403.5931 -5.5123
4 16 10.4439 403.5931 -5.5123 10.6439 403.5931 -5.7123 10.5861 405.8223 -3.0555 10.3861 405.8223 -2.8555
4 16 10.3861 405.8223 -2.8555 10.5861 405.8223 -3.0555 10.5717 406.4329 0.3688 10.3717 406.4329 0.5688
4 16 10.5717 406.4329 0.3688 10.6044 405.2612 3.6432 10.4044 405.2612 3.8432 10.3717 406.4329 0.5688
4 16 10.6044 405.2612 3.6432 10.6756 402.6212 5.8901 10.4756 402.6212 6.0901 10.4044 405.2612 3.8432
4 16 10.6756 402.6212 5.8901 10.7661 399.2202 6.5077 10.5661 399.2202 6.7077 10.4756 402.6212 6.0901
4 16 10.7661 399.2202 6.5077 10.8517 395.9695 5.3303 10.6517 395.9695 5.5303 10.5661 399.2202 6.7077
4 16 37.5829 396.4089 49.1918 37.7829 396.4089 48.9918 20.1407 404.5009 31.8937 19.9407 404.5009 32.0937
4 16 80.916 385.8436 71.6949 59.4051 390.0866 61.0248 59.2051 390.0866 61.2248 80.716 385.8436 71.8949
4 16 123.9461 381.235 93.3116 102.4249 382.6906 82.4405 102.2249 382.6906 82.6405 123.7461 381.235 93.5116
4 16 166.7937 385.3883 115.4505 145.4186 381.8742 104.305 145.2186 381.8742 104.505 166.5937 385.3883 115.6505
4 16 202.6469 396.6655 132.9652 188.1284 390.092 126.659 187.9284 390.092 126.859 202.4469 396.6655 133.1652
4 16 209.78 397.4134 135.898 202.6469 396.6655 132.9652 202.4469 396.6655 133.1652 209.58 397.4134 136.098
4 16 -1.9754 6.1398 -11.1367 1.4776 6.5726 -11.5577 1.2776 6.5726 -11.3577 -2.1754 6.1398 -10.9367
4 16 -4.7509 4.0548 -10.9935 -1.9754 6.1398 -11.1367 -2.1754 6.1398 -10.9367 -4.9509 4.0548 -10.7935
4 16 -6.1053 0.8688 -10.9372 -4.7509 4.0548 -10.9935 -4.9509 4.0548 -10.7935 -6.3053 0.8688 -10.7372
4 16 -5.8756 -2.56 -10.6708 -5.6756 -2.56 -10.8708 -6.1053 0.8688 -10.9372 -6.3053 0.8688 -10.7372
4 16 -3.777 -5.3127 -10.6122 -3.577 -5.3127 -10.8122 -5.6756 -2.56 -10.8708 -5.8756 -2.56 -10.6708
4 16 -0.5718 -6.6519 -10.977 -0.3718 -6.6519 -11.177 -3.577 -5.3127 -10.8122 -3.777 -5.3127 -10.6122
5 24 202.3537 383.635 131.9782 202.1537 383.635 132.1782 204.472 386.0906 132.9981 201.461 380.297 131.6758
5 24 25.2562 22.4291 12.3078 25.4562 22.4291 12.1078 22.1607 13.1159 6.0868 34.489 41.2146 22.3682
5 24 107.7173 190.0375 71.6096 107.5173 190.0375 71.8096 108.4984 186.679 71.772 105.3962 192.5518 70.9047
5 24 -9.7098 -15.6876 -10.6342 -9.9098 -15.6876 -10.4342 -2.0608 -18.7341 -10.953 -14.7386 -10.5181 -10.547
5 24 -17.4689 -2.5986 -10.9062 -17.6689 -2.5986 -10.7062 -17.6277 4.9166 -10.8486 -14.5386 -10.5181 -10.747
5 24 33.1494 55.7922 21.9875 32.9494 55.7922 22.1875 33.618 59.0671 23.0708 31.3845 53.5033 20.0735
5 24 10.4044 405.2612 3.8432 10.6044 405.2612 3.6432 10.3717 406.4329 0.5688 10.6756 402.6212 5.8901
5 24 33.618 59.0671 23.0708 33.818 59.0671 22.8708 33.0111 62.4504 22.6866 33.1494 55.7922 21.9875
5 24 11.7305 354.8536 -16.8187 11.9305 354.8536 -17.0187 13.9115 280.1382 -17.2859 10.6194 396.7476 -17.3069
5 24 61.6102 126.1977 43.9191 61.8102 126.1977 43.7191 59.4714 123.8652 42.6647 64.7092 126.9471 45.2498
5 24 69.4235 116.7127 47.2368 69.6235 116.7127 47.0368 70.2289 120.0036 47.8786 67.4847 114.3802 45.7825
5 24 10.62 396.9415 -6.0721 10.82 396.9415 -6.2721 10.6911 394.3014 -3.8252 10.7295 400.3424 -6.8897
5 24 -17.6277 4.9166 -10.8486 -17.4277 4.9166 -11.0486 -9.8551 42.2631 -14.3787 -17.4689 -2.5986 -10.9062
5 24 10.6756 402.6212 5.8901 10.4756 402.6212 6.0901 10.7661 399.2202 6.5077 10.4044 405.2612 3.8432
5 24 10.5295 400.3424 -6.6897 10.7295 400.3424 -6.8897 10.62 396.9415 -6.0721 10.6439 403.5931 -5.7123
5 24 12.2985 199.7761 -21.1945 12.0985 199.7761 -20.9945 9.4616 168.1452 -22.6258 13.5273 239.9572 -19.2977
5 24 105.5962 192.5518 70.7047 105.3962 192.5518 70.9047 107.7173 190.0375 71.6096 102.5895 193.5453 69.5433
5 24 9.4616 168.1452 -22.6258 9.2616 168.1452 -22.4258 5.6655 136.5789 -22.812 12.0985 199.7761 -20.9945
5 24 -9.6551 42.2631 -14.5787 -9.8551 42.2631 -14.3787 -17.4277 4.9166 -11.0486 0.9988 105.1248 -21.1912
5 24 10.3861 405.8223 -2.8555 10.5861 405.8223 -3.0555 10.4439 403.5931 -5.5123 10.5717 406.4329 0.3688
5 24 10.7094 393.7403 2.8735 10.9094 393.7403 2.6735 10.6517 395.9695 5.5303 10.9239 393.1297 -0.7508
5 24 10.4439 403.5931 -5.5123 10.6439 403.5931 -5.7123 10.5295 400.3424 -6.6897 10.5861 405.8223 -3.0555
5 24 26.7314 65.4403 16.2078 26.5314 65.4403 16.4078 29.1197 66.13 18.6397 24.7665 63.1514 14.4938
5 24 10.6911 394.3014 -3.8252 10.8911 394.3014 -4.0252 10.7239 393.1297 -0.5508 10.82 396.9415 -6.2721
5 24 24.7665 63.1514 14.4938 24.9665 63.1514 14.2938 24.0979 59.8765 13.6106 26.7314 65.4403 16.2078
5 24 107.7301 183.3765 71.1484 107.5301 183.3765 71.3484 105.6185 181.0147 69.9058 108.2984 186.679 71.972
5 24 13.9115 280.1382 -17.2859 13.7115 280.1382 -17.0859 13.7273 239.9572 -19.4977 11.7305 354.8536 -16.8187
5 24 204.8632 374.5488 132.387 204.6632 374.5488 132.587 202.5796 376.9713 131.6254 207.7002 373.6787 133.7565
5 24 201.461 380.297 131.6758 201.661 380.297 131.4758 202.3537 383.635 131.9782 202.3796 376.9713 131.8254
5 24 -4.7509 4.0548 -10.9935 -4.9509 4.0548 -10.7935 -1.9754 6.1398 -11.1367 -6.3053 0.8688 -10.7372
5 24 59.4097 117.207 42.1657 59.6097 117.207 41.9657 61.5032 114.6656 43.0547 58.8659 120.5743 41.8229
5 24 33.0111 62.4504 22.6866 33.2111 62.4504 22.4866 31.2914 65.0355 21.1379 33.818 59.0671 22.8708
5 24 10.8194 396.7476 -17.5069 10.6194 396.7476 -17.3069 11.9305 354.8536 -17.0187 10.3326 407.5907 -15.8925
5 24 1.1988 105.1248 -21.3912 0.9988 105.1248 -21.1912 -9.6551 42.2631 -14.5787 5.4655 136.5789 -22.612
5 24 13.7273 239.9572 -19.4977 13.5273 239.9572 -19.2977 12.2985 199.7761 -21.1945 13.7115 280.1382 -17.0859
5 24 31.2914 65.0355 21.1379 31.4914 65.0355 20.9379 28.9197 66.13 18.8397 33.2111 62.4504 22.4866
5 24 105.6185 181.0147 69.9058 105.4185 181.0147 70.1058 107.5301 183.3765 71.3484 102.8152 180.2233 68.4209
5 24 -6.1053 0.8688 -10.9372 -6.3053 0.8688 -10.7372 -5.8756 -2.56 -10.6708 -4.7509 4.0548 -10.9935
5 24 108.4984 186.679 71.772 108.2984 186.679 71.972 107.7301 183.3765 71.1484 107.5173 190.0375 71.8096
5 24 64.5092 126.9471 45.4498 64.7092 126.9471 45.2498 61.6102 126.1977 43.9191 67.5916 125.9123 46.6469
5 24 24.7048 56.4932 13.9948 24.9048 56.4932 13.7948 24.2979 59.8765 13.4106 26.4245 53.908 15.5434
5 24 -5.6756 -2.56 -10.8708 -5.8756 -2.56 -10.6708 -6.1053 0.8688 -10.9372 -3.777 -5.3127 -10.6122
5 24 204.472 386.0906 132.9981 204.272 386.0906 133.1981 207.4484 387.0061 134.262 202.1537 383.635 132.1782
5 24 10.5326 407.5907 -16.0925 10.3326 407.5907 -15.8925 10.8194 396.7476 -17.5069 10.1339 415.173 -11.24
5 24 10.5661 399.2202 6.7077 10.7661 399.2202 6.5077 10.4756 402.6212 6.0901 10.8517 395.9695 5.3303
5 24 5.6655 136.5789 -22.812 5.4655 136.5789 -22.612 1.1988 105.1248 -21.3912 9.2616 168.1452 -22.4258
5 24 67.2847 114.3802 45.9825 67.4847 114.3802 45.7825 69.4235 116.7127 47.2368 64.5857 113.6308 44.2517
5 24 10.7239 393.1297 -0.5508 10.9239 393.1297 -0.7508 10.7094 393.7403 2.8735 10.8911 394.3014 -4.0252
5 24 10.2455 418.6301 -5.1277 10.0455 418.6301 -4.9277 10.0528 418.4988 2.5879 10.3339 415.173 -11.44
5 24 202.5796 376.9713 131.6254 202.3796 376.9713 131.8254 201.661 380.297 131.4758 204.6632 374.5488 132.587
5 24 31.1845 53.5033 20.2735 31.3845 53.5033 20.0735 32.9494 55.7922 22.1875 28.9962 52.8136 17.6416
5 24 67.3916 125.9123 46.8469 67.5916 125.9123 46.6469 64.5092 126.9471 45.4498 69.6852 123.3709 47.5359
5 24 59.6714 123.8652 42.4647 59.4714 123.8652 42.6647 61.8102 126.1977 43.7191 58.6659 120.5743 42.0229
5 24 28.7962 52.8136 17.8416 28.9962 52.8136 17.6416 26.6245 53.908 15.3434 31.1845 53.5033 20.2735
5 24 22.1607 13.1159 6.0868 22.3607 13.1159 5.8868 21.0466 3.8357 -0.1989 25.4562 22.4291 12.1078
5 24 10.2528 418.4988 2.3879 10.0528 418.4988 2.5879 10.2455 418.6301 -5.1277 10.1342 415.5601 9.3655
5 24 202.6469 396.6655 132.9652 202.4469 396.6655 133.1652 188.1284 390.092 126.659 209.58 397.4134 136.098
5 24 70.2289 120.0036 47.8786 70.4289 120.0036 47.6786 69.4852 123.3709 47.7359 69.6235 116.7127 47.0368
5 24 207.4484 387.0061 134.262 207.2484 387.0061 134.462 210.159 386.2327 135.3061 204.272 386.0906 133.1981
5 24 24.0979 59.8765 13.6106 24.2979 59.8765 13.4106 24.9665 63.1514 14.2938 24.7048 56.4932 13.9948
5 24 69.4852 123.3709 47.7359 69.6852 123.3709 47.5359 70.4289 120.0036 47.6786 67.3916 125.9123 46.8469
5 24 -3.577 -5.3127 -10.8122 -3.777 -5.3127 -10.6122 -5.6756 -2.56 -10.8708 -0.5718 -6.6519 -10.977
5 24 61.7032 114.6656 42.8547 61.5032 114.6656 43.0547 64.3857 113.6308 44.4517 59.6097 117.207 41.9657
5 24 26.4245 53.908 15.5434 26.6245 53.908 15.3434 24.9048 56.4932 13.7948 28.7962 52.8136 17.8416
5 24 29.1197 66.13 18.6397 28.9197 66.13 18.8397 31.4914 65.0355 20.9379 26.5314 65.4403 16.4078
5 24 -14.5386 -10.5181 -10.747 -14.7386 -10.5181 -10.547 -9.7098 -15.6876 -10.6342 -17.6689 -2.5986 -10.7062
5 24 64.3857 113.6308 44.4517 64.5857 113.6308 44.2517 67.2847 114.3802 45.9825 61.7032 114.6656 42.8547
5 24 -1.9754 6.1398 -11.1367 -2.1754 6.1398 -10.9367 1.4776 6.5726 -11.5577 -4.9509 4.0548 -10.7935
5 24 207.9002 373.6787 133.5565 207.7002 373.6787 133.7565 204.8632 374.5488 132.387 210.3603 374.3935 134.8793
5 24 58.6659 120.5743 42.0229 58.8659 120.5743 41.8229 59.4097 117.207 42.1657 59.6714 123.8652 42.4647
5 24 10.3339 415.173 -11.44 10.1339 415.173 -11.24 10.5326 407.5907 -16.0925 10.0455 418.6301 -4.9277
5 24 10.8517 395.9695 5.3303 10.6517 395.9695 5.5303 10.9094 393.7403 2.6735 10.5661 399.2202 6.7077
5 24 10.3717 406.4329 0.5688 10.5717 406.4329 0.3688 10.3861 405.8223 -2.8555 10.6044 405.2612 3.6432
5 24 80.916 385.8436 71.6949 80.716 385.8436 71.8949 102.2249 382.6906 82.6405 59.4051 390.0866 61.0248
5 24 170.4996 270.1662 109.5504 170.6996 270.1662 109.3504 190.8288 310.4321 122.4417 147.9389 230.6719 95.2735
5 24 210.5603 374.3935 134.6793 210.3603 374.3935 134.8793 212.7949 377.0498 136.0403 207.9002 373.6787 133.5565
5 24 -0.3718 -6.6519 -11.177 -0.5718 -6.6519 -10.977 -3.577 -5.3127 -10.8122 2.8812 -6.2188 -10.9746
5 24 102.8791 155.6596 66.7284 102.6791 155.6596 66.9284 78.1646 114.8686 51.5643 124.2855 190.74 80.1068
5 24 56.5213 79.119 37.7162 56.3213 79.119 37.9162 78.3646 114.8686 51.3643 34.289 41.2146 22.5682
5 24 166.7937 385.3883 115.4505 166.5937 385.3883 115.6505 145.4186 381.8742 104.305 187.9284 390.092 126.859
5 24 19.9407 404.5009 32.0937 20.1407 404.5009 31.8937 13.6215 410.0112 20.8221 37.5829 396.4089 49.1918
5 24 34.289 41.2146 22.5682 34.489 41.2146 22.3682 56.5213 79.119 37.7162 25.2562 22.4291 12.3078
5 24 209.959 386.2327 135.5061 210.159 386.2327 135.3061 207.2484 387.0061 134.462 212.769 383.7135 136.1931
5 24 78.1646 114.8686 51.5643 78.3646 114.8686 51.3643 102.8791 155.6596 66.7284 56.3213 79.119 37.9162
5 24 102.6152 180.2233 68.6209 102.8152 180.2233 68.4209 99.8364 181.2229 66.9723 105.4185 181.0147 70.1058
5 24 187.9284 390.092 126.859 188.1284 390.092 126.659 166.7937 385.3883 115.4505 202.4469 396.6655 133.1652
5 24 211.0984 352.622 133.7266 211.2984 352.622 133.5266 190.6288 310.4321 122.6417 222.0242 372.7659 139.2042
5 24 10.3342 415.5601 9.1655 10.1342 415.5601 9.3655 13.4215 410.0112 21.0221 10.2528 418.4988 2.3879
5 24 145.2186 381.8742 104.505 145.4186 381.8742 104.305 123.9461 381.235 93.3116 166.5937 385.3883 115.6505
5 24 148.1389 230.6719 95.0735 147.9389 230.6719 95.2735 124.0855 190.74 80.3068 170.6996 270.1662 109.3504
5 24 37.7829 396.4089 48.9918 37.5829 396.4089 49.1918 20.1407 404.5009 31.8937 59.2051 390.0866 61.2248
5 24 102.2249 382.6906 82.6405 102.4249 382.6906 82.4405 80.916 385.8436 71.6949 123.7461 381.235 93.5116
5 24 190.8288 310.4321 122.4417 190.6288 310.4321 122.6417 170.4996 270.1662 109.5504 211.2984 352.622 133.5266
5 24 209.78 397.4134 135.898 209.58 397.4134 136.098 202.6469 396.6655 132.9652 213.3809 396.153 137.5502
5 24 124.0855 190.74 80.3068 124.2855 190.74 80.1068 102.6791 155.6596 66.9284 148.1389 230.6719 95.0735
5 24 123.9461 381.235 93.3116 123.7461 381.235 93.5116 102.4249 382.6906 82.4405 145.2186 381.8742 104.505
5 24 1.2776 6.5726 -11.3577 1.4776 6.5726 -11.5577 -2.1754 6.1398 -10.9367 4.6829 5.237 -11.5506
5 24 -2.2608 -18.7341 -10.753 -2.0608 -18.7341 -10.953 2.9605 -18.916 -10.9341 -9.9098 -15.6876 -10.4342
5 24 102.7895 193.5453 69.3433 102.5895 193.5453 69.5433 105.5962 192.5518 70.7047 99.6142 192.7601 67.9711
5 24 21.2466 3.8357 -0.3989 21.0466 3.8357 -0.1989 22.3607 13.1159 5.8868 20.4116 0.4236 -3.2977
5 24 59.2051 390.0866 61.2248 59.4051 390.0866 61.0248 37.7829 396.4089 48.9918 80.716 385.8436 71.8949
