0 ~Sail 15 x 22 Triangular Thin Stripe 2 Edge (Formed Shape 1)
0 Name: s\u9496p02c01s04.dat
0 Author: Philippe Hurbain [Philo]
0 !LDRAW_ORG Unofficial_Subpart 
0 !LICENSE Redistributable under CCAL version 2.0 : see CAreadme.txt

0 BFC CERTIFY CCW


4 16 -2.0608 -18.7341 -10.953 2.9605 -18.916 -10.9341 2.7605 -18.916 -10.7341 -2.2608 -18.7341 -10.753
4 16 2.7605 -18.916 -10.7341 2.9605 -18.916 -10.9341 8.3258 -16.6378 -10.9609 8.1258 -16.6378 -10.7609
4 16 8.3258 -16.6378 -10.9609 12.3429 -13.1735 -10.7143 12.1429 -13.1735 -10.5143 8.1258 -16.6378 -10.7609
4 16 12.3429 -13.1735 -10.7143 15.0137 -9.8314 -9.2251 14.8137 -9.8314 -9.0251 12.1429 -13.1735 -10.5143
4 16 15.0137 -9.8314 -9.2251 17.3861 -6.5067 -7.9437 17.1861 -6.5067 -7.7437 14.8137 -9.8314 -9.0251
4 16 17.3861 -6.5067 -7.9437 19.2953 -3.1712 -6.0602 19.0953 -3.1712 -5.8602 17.1861 -6.5067 -7.7437
4 16 19.2953 -3.1712 -6.0602 20.6116 0.4236 -3.4977 20.4116 0.4236 -3.2977 19.0953 -3.1712 -5.8602
4 16 20.6116 0.4236 -3.4977 21.2466 3.8357 -0.3989 21.0466 3.8357 -0.1989 20.4116 0.4236 -3.2977
4 16 1.4776 6.5726 -11.5577 4.6829 5.237 -11.5506 4.4829 5.237 -11.3506 1.2776 6.5726 -11.3577
4 16 4.4829 5.237 -11.3506 4.6829 5.237 -11.5506 6.9815 2.4909 -11.5442 6.7815 2.4909 -11.3442
4 16 6.7815 2.4909 -11.3442 6.9815 2.4909 -11.5442 7.2112 -0.9298 -11.2938 7.0112 -0.9298 -11.0938
4 16 7.0112 -0.9298 -11.0938 7.2112 -0.9298 -11.2938 5.9568 -4.1085 -11.1666 5.7568 -4.1085 -10.9666
4 16 5.7568 -4.1085 -10.9666 5.9568 -4.1085 -11.1666 3.0812 -6.2188 -11.1746 2.8812 -6.2188 -10.9746
4 16 2.8812 -6.2188 -10.9746 3.0812 -6.2188 -11.1746 -0.3718 -6.6519 -11.177 -0.5718 -6.6519 -10.977
4 16 34.289 41.2146 22.5682 34.489 41.2146 22.3682 56.5213 79.119 37.7162 56.3213 79.119 37.9162
4 16 78.1646 114.8686 51.5643 78.3646 114.8686 51.3643 102.8791 155.6596 66.7284 102.6791 155.6596 66.9284
4 16 99.8142 192.7601 67.7711 102.7895 193.5453 69.3433 102.5895 193.5453 69.5433 99.6142 192.7601 67.9711
4 16 97.7025 190.3983 66.5286 99.8142 192.7601 67.7711 99.6142 192.7601 67.9711 97.5025 190.3983 66.7286
4 16 96.9343 187.0957 65.9049 97.7025 190.3983 66.5286 97.5025 190.3983 66.7286 96.7343 187.0957 66.1049
4 16 97.7153 183.7373 66.0673 96.9343 187.0957 65.9049 96.7343 187.0957 66.1049 97.5153 183.7373 66.2673
4 16 99.8364 181.2229 66.9723 97.7153 183.7373 66.0673 97.5153 183.7373 66.2673 99.6364 181.2229 67.1723
4 16 102.8152 180.2233 68.4209 99.8364 181.2229 66.9723 99.6364 181.2229 67.1723 102.6152 180.2233 68.6209
4 16 124.0855 190.74 80.3068 124.2855 190.74 80.1068 148.1389 230.6719 95.0735 147.9389 230.6719 95.2735
4 16 135.7646 246.8921 90.2051 135.9646 246.8921 90.0051 135.1303 250.237 89.8146 134.9303 250.237 90.0146
4 16 134.9303 250.237 90.0146 135.1303 250.237 89.8146 135.8452 253.5554 90.4122 135.6452 253.5554 90.6122
4 16 135.6452 253.5554 90.6122 135.8452 253.5554 90.4122 137.9176 255.9585 91.6376 137.7176 255.9585 91.8376
4 16 137.9176 255.9585 91.6376 140.7923 256.8021 93.1626 140.5923 256.8021 93.3626 137.7176 255.9585 91.8376
4 16 140.5923 256.8021 93.3626 140.7923 256.8021 93.1626 143.699 255.8602 94.5786 143.499 255.8602 94.7786
4 16 143.499 255.8602 94.7786 143.699 255.8602 94.5786 145.8588 253.3854 95.506 145.6588 253.3854 95.706
4 16 145.8588 253.3854 95.506 146.693 250.0406 95.6965 146.493 250.0406 95.8965 145.6588 253.3854 95.706
4 16 146.493 250.0406 95.8965 146.693 250.0406 95.6965 145.9782 246.722 95.099 145.7782 246.722 95.299
4 16 145.7782 246.722 95.299 145.9782 246.722 95.099 143.9057 244.3191 93.8735 143.7057 244.3191 94.0735
4 16 143.7057 244.3191 94.0735 143.9057 244.3191 93.8735 141.031 243.4754 92.3485 140.831 243.4754 92.5485
4 16 140.831 243.4754 92.5485 141.031 243.4754 92.3485 138.1244 244.4172 90.9326 137.9244 244.4172 91.1326
4 16 137.9244 244.4172 91.1326 138.1244 244.4172 90.9326 135.9646 246.8921 90.0051 135.7646 246.8921 90.2051
4 16 170.6996 270.1662 109.3504 190.8288 310.4321 122.4417 190.6288 310.4321 122.6417 170.4996 270.1662 109.5504
4 16 170.5558 311.081 112.4524 170.7558 311.081 112.2524 169.8686 314.4112 112.0339 169.6686 314.4112 112.2339
4 16 169.8686 314.4112 112.0339 170.5299 317.7446 112.6052 170.3299 317.7446 112.8052 169.6686 314.4112 112.2339
4 16 170.3299 317.7446 112.8052 170.5299 317.7446 112.6052 172.5625 320.1881 113.8131 172.3625 320.1881 114.0131
4 16 172.3625 320.1881 114.0131 172.5625 320.1881 113.8131 175.4217 321.0868 115.3341 175.2217 321.0868 115.5341
4 16 175.2217 321.0868 115.5341 175.4217 321.0868 115.3341 178.3414 320.2 116.7606 178.1414 320.2 116.9606
4 16 178.1414 320.2 116.9606 178.3414 320.2 116.7606 180.5393 317.7654 117.7102 180.3393 317.7654 117.9102
4 16 180.3393 317.7654 117.9102 180.5393 317.7654 117.7102 181.4265 314.4351 117.9287 181.2265 314.4351 118.1287
4 16 181.2265 314.4351 118.1287 181.4265 314.4351 117.9287 180.7652 311.1017 117.3575 180.5652 311.1017 117.5575
4 16 180.5652 311.1017 117.5575 180.7652 311.1017 117.3575 178.7327 308.6582 116.1495 178.5327 308.6582 116.3495
4 16 178.5327 308.6582 116.3495 178.7327 308.6582 116.1495 175.8734 307.7595 114.6285 175.6734 307.7595 114.8285
4 16 175.6734 307.7595 114.8285 175.8734 307.7595 114.6285 172.9537 308.6464 113.2021 172.7537 308.6464 113.4021
4 16 172.7537 308.6464 113.4021 172.9537 308.6464 113.2021 170.7558 311.081 112.2524 170.5558 311.081 112.4524
4 16 221.8242 372.7659 139.4042 211.0984 352.622 133.7266 211.2984 352.622 133.5266 222.0242 372.7659 139.2042
4 16 221.8242 372.7659 139.4042 222.0242 372.7659 139.2042 222.9828 377.4832 139.906 222.7828 377.4832 140.106
4 16 222.7828 377.4832 140.106 222.9828 377.4832 139.906 222.798 382.9354 140.1947 222.598 382.9354 140.3947
4 16 222.598 382.9354 140.3947 222.798 382.9354 140.1947 220.8072 388.8698 139.7855 220.6072 388.8698 139.9855
4 16 220.6072 388.8698 139.9855 220.8072 388.8698 139.7855 217.4456 393.0091 138.7027 217.2456 393.0091 138.9027
4 16 217.2456 393.0091 138.9027 217.4456 393.0091 138.7027 213.5809 396.153 137.3502 213.3809 396.153 137.5502
4 16 213.3809 396.153 137.5502 213.5809 396.153 137.3502 209.78 397.4134 135.898 209.58 397.4134 136.098
4 16 212.7949 377.0498 136.0403 212.9949 377.0498 135.8403 210.5603 374.3935 134.6793 210.3603 374.3935 134.8793
4 16 213.4876 380.3878 136.5427 213.6876 380.3878 136.3427 212.9949 377.0498 135.8403 212.7949 377.0498 136.0403
4 16 212.769 383.7135 136.1931 213.6876 380.3878 136.3427 213.4876 380.3878 136.5427 212.569 383.7135 136.3931
4 16 210.159 386.2327 135.3061 212.769 383.7135 136.1931 212.569 383.7135 136.3931 209.959 386.2327 135.5061
4 16 188.1284 390.092 126.659 166.7937 385.3883 115.4505 166.5937 385.3883 115.6505 187.9284 390.092 126.859
4 16 145.2186 381.8742 104.505 145.4186 381.8742 104.305 123.9461 381.235 93.3116 123.7461 381.235 93.5116
4 16 102.2249 382.6906 82.6405 102.4249 382.6906 82.4405 80.916 385.8436 71.6949 80.716 385.8436 71.8949
4 16 59.2051 390.0866 61.2248 59.4051 390.0866 61.0248 37.7829 396.4089 48.9918 37.5829 396.4089 49.1918
4 16 19.9407 404.5009 32.0937 20.1407 404.5009 31.8937 13.6215 410.0112 20.8221 13.4215 410.0112 21.0221
4 16 13.4215 410.0112 21.0221 13.6215 410.0112 20.8221 10.3342 415.5601 9.1655 10.1342 415.5601 9.3655
5 24 212.769 383.7135 136.1931 212.569 383.7135 136.3931 213.6876 380.3878 136.3427 209.959 386.2327 135.5061
5 24 180.3393 317.7654 117.9102 180.5393 317.7654 117.7102 178.1414 320.2 116.9606 181.4265 314.4351 117.9287
5 24 19.0953 -3.1712 -5.8602 19.2953 -3.1712 -6.0602 17.1861 -6.5067 -7.7437 20.6116 0.4236 -3.4977
5 24 140.7923 256.8021 93.1626 140.5923 256.8021 93.3626 137.7176 255.9585 91.8376 143.699 255.8602 94.5786
5 24 143.499 255.8602 94.7786 143.699 255.8602 94.5786 140.5923 256.8021 93.3626 145.8588 253.3854 95.506
5 24 135.6452 253.5554 90.6122 135.8452 253.5554 90.4122 134.9303 250.237 90.0146 137.9176 255.9585 91.6376
5 24 220.6072 388.8698 139.9855 220.8072 388.8698 139.7855 222.598 382.9354 140.3947 217.4456 393.0091 138.7027
5 24 172.7537 308.6464 113.4021 172.9537 308.6464 113.2021 170.7558 311.081 112.2524 175.6734 307.7595 114.8285
5 24 172.3625 320.1881 114.0131 172.5625 320.1881 113.8131 170.3299 317.7446 112.8052 175.4217 321.0868 115.3341
5 24 213.6876 380.3878 136.3427 213.4876 380.3878 136.5427 212.9949 377.0498 135.8403 212.569 383.7135 136.3931
5 24 170.5558 311.081 112.4524 170.7558 311.081 112.2524 169.8686 314.4112 112.0339 172.7537 308.6464 113.4021
5 24 12.1429 -13.1735 -10.5143 12.3429 -13.1735 -10.7143 8.1258 -16.6378 -10.7609 15.0137 -9.8314 -9.2251
5 24 97.7153 183.7373 66.0673 97.5153 183.7373 66.2673 96.9343 187.0957 65.9049 99.6364 181.2229 67.1723
5 24 7.2112 -0.9298 -11.2938 7.0112 -0.9298 -11.0938 6.7815 2.4909 -11.3442 5.9568 -4.1085 -11.1666
5 24 137.7176 255.9585 91.8376 137.9176 255.9585 91.6376 140.7923 256.8021 93.1626 135.6452 253.5554 90.6122
5 24 8.1258 -16.6378 -10.7609 8.3258 -16.6378 -10.9609 12.3429 -13.1735 -10.7143 2.7605 -18.916 -10.7341
5 24 20.4116 0.4236 -3.2977 20.6116 0.4236 -3.4977 19.0953 -3.1712 -5.8602 21.2466 3.8357 -0.3989
5 24 217.2456 393.0091 138.9027 217.4456 393.0091 138.7027 220.6072 388.8698 139.9855 213.5809 396.153 137.3502
5 24 222.598 382.9354 140.3947 222.798 382.9354 140.1947 222.7828 377.4832 140.106 220.8072 388.8698 139.7855
5 24 170.3299 317.7446 112.8052 170.5299 317.7446 112.6052 169.6686 314.4112 112.2339 172.5625 320.1881 113.8131
5 24 5.7568 -4.1085 -10.9666 5.9568 -4.1085 -11.1666 7.0112 -0.9298 -11.0938 3.0812 -6.2188 -11.1746
5 24 181.4265 314.4351 117.9287 181.2265 314.4351 118.1287 180.3393 317.7654 117.9102 180.7652 311.1017 117.3575
5 24 175.6734 307.7595 114.8285 175.8734 307.7595 114.6285 172.9537 308.6464 113.2021 178.5327 308.6582 116.3495
5 24 212.9949 377.0498 135.8403 212.7949 377.0498 136.0403 210.5603 374.3935 134.6793 213.4876 380.3878 136.5427
5 24 222.7828 377.4832 140.106 222.9828 377.4832 139.906 221.8242 372.7659 139.4042 222.798 382.9354 140.1947
5 24 146.493 250.0406 95.8965 146.693 250.0406 95.6965 145.9782 246.722 95.099 145.6588 253.3854 95.706
5 24 14.8137 -9.8314 -9.0251 15.0137 -9.8314 -9.2251 12.1429 -13.1735 -10.5143 17.3861 -6.5067 -7.9437
5 24 4.4829 5.237 -11.3506 4.6829 5.237 -11.5506 1.2776 6.5726 -11.3577 6.9815 2.4909 -11.5442
5 24 178.1414 320.2 116.9606 178.3414 320.2 116.7606 175.2217 321.0868 115.5341 180.5393 317.7654 117.7102
5 24 6.7815 2.4909 -11.3442 6.9815 2.4909 -11.5442 4.4829 5.237 -11.3506 7.2112 -0.9298 -11.2938
5 24 213.3809 396.153 137.5502 213.5809 396.153 137.3502 217.2456 393.0091 138.9027 209.78 397.4134 135.898
5 24 145.6588 253.3854 95.706 145.8588 253.3854 95.506 143.499 255.8602 94.7786 146.693 250.0406 95.6965
5 24 2.7605 -18.916 -10.7341 2.9605 -18.916 -10.9341 -2.2608 -18.7341 -10.753 8.3258 -16.6378 -10.9609
5 24 180.5652 311.1017 117.5575 180.7652 311.1017 117.3575 181.2265 314.4351 118.1287 178.7327 308.6582 116.1495
5 24 169.6686 314.4112 112.2339 169.8686 314.4112 112.0339 170.5558 311.081 112.4524 170.5299 317.7446 112.6052
5 24 221.8242 372.7659 139.4042 222.0242 372.7659 139.2042 211.0984 352.622 133.7266 222.9828 377.4832 139.906
5 24 99.8142 192.7601 67.7711 99.6142 192.7601 67.9711 102.7895 193.5453 69.3433 97.5025 190.3983 66.7286
5 24 135.7646 246.8921 90.2051 135.9646 246.8921 90.0051 137.9244 244.4172 91.1326 135.1303 250.237 89.8146
5 24 2.8812 -6.2188 -10.9746 3.0812 -6.2188 -11.1746 -0.3718 -6.6519 -11.177 5.7568 -4.1085 -10.9666
5 24 97.7025 190.3983 66.5286 97.5025 190.3983 66.7286 99.8142 192.7601 67.7711 96.7343 187.0957 66.1049
5 24 140.831 243.4754 92.5485 141.031 243.4754 92.3485 143.7057 244.3191 94.0735 138.1244 244.4172 90.9326
5 24 17.1861 -6.5067 -7.7437 17.3861 -6.5067 -7.9437 14.8137 -9.8314 -9.0251 19.2953 -3.1712 -6.0602
5 24 175.2217 321.0868 115.5341 175.4217 321.0868 115.3341 172.3625 320.1881 114.0131 178.3414 320.2 116.7606
5 24 96.7343 187.0957 66.1049 96.9343 187.0957 65.9049 97.7025 190.3983 66.5286 97.5153 183.7373 66.2673
5 24 134.9303 250.237 90.0146 135.1303 250.237 89.8146 135.7646 246.8921 90.2051 135.8452 253.5554 90.4122
5 24 145.7782 246.722 95.299 145.9782 246.722 95.099 143.9057 244.3191 93.8735 146.493 250.0406 95.8965
5 24 13.4215 410.0112 21.0221 13.6215 410.0112 20.8221 10.3342 415.5601 9.1655 19.9407 404.5009 32.0937
5 24 137.9244 244.4172 91.1326 138.1244 244.4172 90.9326 140.831 243.4754 92.5485 135.9646 246.8921 90.0051
5 24 99.8364 181.2229 66.9723 99.6364 181.2229 67.1723 97.7153 183.7373 66.0673 102.6152 180.2233 68.6209
5 24 143.7057 244.3191 94.0735 143.9057 244.3191 93.8735 141.031 243.4754 92.3485 145.7782 246.722 95.299
5 24 178.5327 308.6582 116.3495 178.7327 308.6582 116.1495 175.8734 307.7595 114.6285 180.5652 311.1017 117.5575
