0 Ring 55 x 0.5
0 Name: 2-4ring55.dat
0 Author: Ulrich Röder [UR]
0 !LDRAW_ORG Unofficial_Primitive 
0 !LICENSE Redistributable under CCAL version 2.0 : see CAreadme.txt

0 BFC CERTIFY CCW


4 16 56 0 0 51.7384 0 21.4312 50.8145 0 21.0485 55 0 0
4 16 51.7384 0 21.4312 39.5976 0 39.5976 38.8905 0 38.8905 50.8145 0 21.0485
4 16 39.5976 0 39.5976 21.4312 0 51.7384 21.0485 0 50.8145 38.8905 0 38.8905
4 16 21.4312 0 51.7384 0 0 56 0 0 55 21.0485 0 50.8145
4 16 0 0 56 -21.4312 0 51.7384 -21.0485 0 50.8145 0 0 55
4 16 -21.4312 0 51.7384 -39.5976 0 39.5976 -38.8905 0 38.8905 -21.0485 0 50.8145
4 16 -39.5976 0 39.5976 -51.7384 0 21.4312 -50.8145 0 21.0485 -38.8905 0 38.8905
4 16 -51.7384 0 21.4312 -56 0 0 -55 0 0 -50.8145 0 21.0485
0 // Build by Primitive Generator 2
