0 Handle Side Support
0 Name: handleside.dat
0 Author: Philippe Hurbain [Philo]
0 !LDRAW_ORG Unofficial_Primitive 
0 !LICENSE Redistributable under CCAL version 2.0 : see CAreadme.txt

0 BFC CERTIFY CCW


1 16 -6 2 -10 0 1 0 4 0 0 0 0 4 1-4ndis.dat
1 16 -6 2 -10 0 1 0 2 0 0 0 0 -2 2-4ring2.dat
1 16 -6 2 -10 0 1 0 -2 0 0 0 0 2 3-16rin2.dat
4 16 -6 0 -4.3974 -6 2 -6 -6 0.4692 -6.3044 -6 -0.2962 -4.4566
3 16 -6 2 -6 -6 0 -4.3974 -6 0 0
4 16 -6 2 -6 -6 0 0 -6 8 0 -6 6 -6
4 16 -6 6 -10 -6 6 -6 -6 8 0 -6 8 -10
1 16 0 2 -10 0 -1 0 6 0 0 0 0 -6 2-4chrd.dat
1 16 0 2 -10 0 -1 0 -6 0 0 0 0 6 3-16chrd.dat
1 16 0 2 -10 0 -6 0 6 0 0 0 0 -6 2-4cylo.dat
1 16 0 2 -10 0 -6 0 -6 0 0 0 0 6 3-16cylo.dat
2 24 -6 -0.2962 -4.4566 -6 0 -4.3974
2 24 0 -0.2962 -4.4566 0 0 -4.3974
4 16 0 8 0 0 0 0 0 0 -4.3974 0 8 -10
4 16 0 -4 -10 0 8 -10 0 0 -4.3974 0 -0.2962 -4.4566
4 16 -6 -0.2962 -4.4566 0 -0.2962 -4.4566 0 0 -4.3974 -6 0 -4.3974
1 16 -3 0 -2.1987 -3 0 0 0 1 0 0 0 -2.1987 rect3.dat
1 16 -3 8 -5 0 0 -3 0 -1 0 -5 0 0 rect2p.dat
5 24 0 -0.2962 -4.4566 -6 -0.2962 -4.4566 0 0 -4.3974 0 -2.2426 -5.7574
