0 Logo Mobil1 White with White  1 and Frame with Background
0 Name: logomobil04.dat
0 Author: Massimo Maso [Sirio]
0 !LDRAW_ORG Unofficial_Primitive 
0 !LICENSE Redistributable under CCAL version 2.0 : see CAreadme.txt

0 !HELP Exact dimensions X = 3.8; Z = 0.83

0 BFC CERTIFY CCW


0 // Text "Mobil1"
0 // Letter "M"
4 15 -1.73 0 .175 -1.9 0 .415 -1.9 0 -.395 -1.73 0 -.395
4 15 -1.26 0 .175 -1.26 0 -.395 -1.09 0 -.395 -1.09 0 .415
4 15 -1.73 0 .175 -1.495 0 -.09 -1.64 0 .415 -1.9 0 .415
4 15 -1.26 0 .175 -1.09 0 .415 -1.35 0 .415 -1.495 0 -.09
4 15 -1.415 0 -.395 -1.26 0 .175 -1.495 0 -.09 -1.575 0 -.395
3 15 -1.73 0 .175 -1.575 0 -.395 -1.495 0 -.09
0 // Letter "o"
4 15 -.69 0 .0325 -.69 0 .205 -.8086 0 .1814 -.7426 0 .022
4 15 -.7426 0 .022 -.8086 0 .1814 -.9092 0 .1142 -.7872 0 -.0078
4 15 -.7872 0 -.0078 -.9092 0 .1142 -.9764 0 .0136 -.817 0 -.0524
4 15 -.817 0 -.0524 -.9764 0 .0136 -1 0 -.105 -.8275 0 -.105
4 15 -.8275 0 -.105 -1 0 -.105 -.9764 0 -.2236 -.817 0 -.1576
4 15 -.817 0 -.1576 -.9764 0 -.2236 -.9092 0 -.3242 -.7872 0 -.2022
4 15 -.7872 0 -.2022 -.9092 0 -.3242 -.8086 0 -.3914 -.7426 0 -.232
4 15 -.7426 0 -.232 -.8086 0 -.3914 -.69 0 -.415 -.69 0 -.2425
4 15 -.69 0 -.2425 -.69 0 -.415 -.5714 0 -.3914 -.6374 0 -.232
4 15 -.6374 0 -.232 -.5714 0 -.3914 -.4708 0 -.3242 -.5928 0 -.2022
4 15 -.5928 0 -.2022 -.4708 0 -.3242 -.4036 0 -.2236 -.563 0 -.1576
4 15 -.563 0 -.1576 -.4036 0 -.2236 -.38 0 -.105 -.5525 0 -.105
4 15 -.5525 0 -.105 -.38 0 -.105 -.4036 0 .0136 -.563 0 -.0524
4 15 -.563 0 -.0524 -.4036 0 .0136 -.4708 0 .1142 -.5928 0 -.0078
4 15 -.5928 0 -.0078 -.4708 0 .1142 -.5714 0 .1814 -.6374 0 .022
4 15 -.6374 0 .022 -.5714 0 .1814 -.69 0 .205 -.69 0 .0325
0 // Letter "b"
3 15 -.15 0 .415 -.32 0 .415 -.15 0 .1388
4 15 -.32 0 .415 -.32 0 -.395 -.15 0 -.3488 -.15 0 .1388
3 15 -.15 0 -.3488 -.32 0 -.395 -.15 0 -.395
3 15 -.1375 0 -.105 -.15 0 -.3488 -.127 0 -.1576
3 15 -.15 0 .1388 -.15 0 -.3488 -.1375 0 -.105
3 15 -.15 0 .1388 -.1375 0 -.105 -.127 0 -.0524
3 15 -.15 0 .1388 -.127 0 -.0524 -.0972 0 -.0078
4 15 -.15 0 .1388 -.0972 0 -.0078 -.0526 0 .022 -.0944 0 .1799
4 15 -.0944 0 .1799 -.0526 0 .022 0 0 .0325 .02 0 .205
4 15 .02 0 .205 0 0 .0325 .0526 0 .022 .1344 0 .1799
4 15 .1344 0 .1799 .0526 0 .022 .0972 0 -.0078 .2286 0 .1104
4 15 .2286 0 .1104 .0972 0 -.0078 .127 0 -.0524 .2892 0 .0102
4 15 .2892 0 .0102 .127 0 -.0524 .1375 0 -.105 .31 0 -.105
4 15 .31 0 -.105 .1375 0 -.105 .127 0 -.1576 .2892 0 -.2202
4 15 .2892 0 -.2202 .127 0 -.1576 .0972 0 -.2022 .2286 0 -.3204
4 15 .2286 0 -.3204 .0972 0 -.2022 .0526 0 -.232 .1344 0 -.3899
4 15 .1344 0 -.3899 .0526 0 -.232 0 0 -.2425 .02 0 -.415
4 15 .02 0 -.415 0 0 -.2425 -.0526 0 -.232 -.0944 0 -.3899
4 15 -.0944 0 -.3899 -.0526 0 -.232 -.0972 0 -.2022 -.15 0 -.3488
3 15 -.127 0 -.1576 -.15 0 -.3488 -.0972 0 -.2022
0 // Letter "i"
4 15 .37 0 .415 .37 0 .25 .54 0 .25 .54 0 .415
4 15 .37 0 .21 .37 0 -.395 .54 0 -.395 .54 0 .21
0 // Letter "l"
4 15 .625 0 .415 .625 0 -.395 .795 0 -.395 .795 0 .415
0 // Number "1"
4 15 1.44 0 .205 1.44 0 -.32 1.59 0 -.32 1.59 0 .355
4 15 1.44 0 .205 1.59 0 .355 1.455 0 .355 1.4319 0 .3325
4 15 1.3721 0 .3088 1.34 0 .305 1.34 0 .205 1.44 0 .205
3 15 1.4032 0 .3176 1.3721 0 .3088 1.44 0 .205
3 15 1.4319 0 .3325 1.4032 0 .3176 1.44 0 .205
0 // Black rectangle
4 16 1.87 0 .385 1.115 0 .385 1.455 0 .355 1.59 0 .355
4 16 1.44 0 -.32 1.115 0 -.365 1.87 0 -.365 1.59 0 -.32
4 16 1.44 0 -.32 1.44 0 .205 1.34 0 .205 1.115 0 -.365
4 16 1.115 0 .385 1.34 0 .305 1.3721 0 .3088 1.4032 0 .3176
4 16 1.87 0 .385 1.59 0 .355 1.59 0 -.32 1.87 0 -.365
4 16 1.115 0 .385 1.4032 0 .3176 1.4319 0 .3325 1.455 0 .355
4 16 1.34 0 .205 1.34 0 .305 1.115 0 .385 1.115 0 -.365
0 // White frame
4 15 1.085 0 .415 1.115 0 .385 1.87 0 .385 1.9 0 .415
4 15 1.085 0 .415 1.085 0 -.395 1.115 0 -.365 1.115 0 .385
4 15 1.9 0 -.395 1.9 0 .415 1.87 0 .385 1.87 0 -.365
4 15 1.9 0 -.395 1.87 0 -.365 1.115 0 -.365 1.085 0 -.395
0 // Background
3 16 -1.35 0 0.415 -1.64 0 0.415 -1.495 0 -0.09
4 16 -1.09 0 0.415 -1.09 0 -0.395 -1.045 0 -0.415 -1 0 -0.105
3 16 -1.73 0 0.175 -1.73 0 -0.395 -1.575 0 -0.395
3 16 -1.26 0 0.175 -1.415 0 -0.395 -1.26 0 -0.395
4 16 -1.045 0 -0.415 -1.09 0 -0.395 -1.26 0 -0.395 -1.9 0 -0.415
3 16 -1.26 0 -0.395 -1.415 0 -0.395 -1.9 0 -0.415
3 16 -1.415 0 -0.395 -1.575 0 -0.395 -1.9 0 -0.415
3 16 -1.575 0 -0.395 -1.73 0 -0.395 -1.9 0 -0.415
3 16 -1.73 0 -0.395 -1.9 0 -0.395 -1.9 0 -0.415
3 16 -0.15 0 -0.3488 -0.15 0 -0.395 -0.0944 0 -0.3899
3 16 -0.15 0 0.415 -0.15 0 0.1388 -0.0944 0 0.1799
3 16 -0.15 0 0.415 -0.0944 0 0.1799 0.02 0 0.205
4 16 -0.15 0 0.415 0.02 0 0.205 0.1344 0 0.1799 0.37 0 0.25
3 16 0.37 0 0.25 0.1344 0 0.1799 0.2286 0 0.1104
3 16 0.2286 0 -0.3204 0.1344 0 -0.3899 0.34 0 -0.415
3 16 0.1344 0 -0.3899 0.02 0 -0.415 0.34 0 -0.415
4 16 -0.35 0 -0.415 -0.32 0 -0.395 -0.32 0 0.415 -0.38 0 -0.105
4 16 -0.15 0 -0.395 -0.32 0 -0.395 -0.35 0 -0.415 0.02 0 -0.415
3 16 -0.0944 0 -0.3899 -0.15 0 -0.395 0.02 0 -0.415
3 16 0.37 0 0.25 0.2286 0 0.1104 0.2892 0 0.0102
3 16 0.37 0 0.25 0.2892 0 0.0102 0.31 0 -0.105
4 16 0.37 0 0.25 0.31 0 -0.105 0.34 0 -0.415 0.37 0 0.21
3 16 0.31 0 -0.105 0.2892 0 -0.2202 0.34 0 -0.415
3 16 0.2892 0 -0.2202 0.2286 0 -0.3204 0.34 0 -0.415
4 16 0.625 0 -0.395 0.625 0 0.415 0.54 0 0.21 0.5825 0 -0.415
4 16 0.625 0 -0.395 0.5825 0 -0.415 0.94 0 -0.415 0.795 0 -0.395
4 16 0.795 0 0.415 0.795 0 -0.395 0.94 0 -0.415 1.085 0 -0.395
3 16 1.085 0 .415 .795 0 .415 1.085 0 -.395
4 16 1.9 0 -0.415 1.9 0 -0.395 1.085 0 -0.395 0.94 0 -0.415
3 16 -0.32 0 0.415 -0.4708 0 0.1142 -0.4036 0 0.0136
3 16 -0.32 0 0.415 -0.4036 0 0.0136 -0.38 0 -0.105
3 16 -0.38 0 -0.105 -0.4036 0 -0.2236 -0.35 0 -0.415
3 16 -0.4036 0 -0.2236 -0.4708 0 -0.3242 -0.35 0 -0.415
3 16 -1.09 0 0.415 -0.9092 0 0.1142 -0.8086 0 0.1814
4 16 -1.09 0 0.415 -0.8086 0 0.1814 -0.69 0 0.205 -0.32 0 0.415
3 16 -0.32 0 0.415 -0.69 0 0.205 -0.5714 0 0.1814
3 16 -0.32 0 0.415 -0.5714 0 0.1814 -0.4708 0 0.1142
3 16 -0.4708 0 -0.3242 -0.5714 0 -0.3914 -0.35 0 -0.415
3 16 -0.5714 0 -0.3914 -0.69 0 -0.415 -0.35 0 -0.415
3 16 -0.8086 0 -0.3914 -1.045 0 -0.415 -0.69 0 -0.415
3 16 -0.9092 0 -0.3242 -1.045 0 -0.415 -0.8086 0 -0.3914
3 16 -0.9764 0 -0.2236 -1.045 0 -0.415 -0.9092 0 -0.3242
3 16 -1 0 -0.105 -1.045 0 -0.415 -0.9764 0 -0.2236
3 16 -1.09 0 0.415 -1 0 -0.105 -0.9764 0 0.0136
3 16 -1.09 0 0.415 -0.9764 0 0.0136 -0.9092 0 0.1142
3 16 0.37 0 0.21 0.34 0 -0.415 0.37 0 -0.395
4 16 0.37 0 -0.395 0.34 0 -0.415 0.5825 0 -0.415 0.54 0 -0.395
3 16 0.54 0 0.21 0.54 0 -0.395 0.5825 0 -0.415
4 16 0.37 0 0.25 0.37 0 0.21 0.54 0 0.21 0.54 0 0.25
3 16 0.37 0 0.415 -0.15 0 0.415 0.37 0 0.25
3 16 0.625 0 0.415 0.54 0 0.415 0.54 0 0.25
3 16 0.625 0 0.415 0.54 0 0.25 0.54 0 0.21
4 16 -0.7426 0 -0.232 -0.69 0 -0.2425 -0.6374 0 -0.232 -0.7872 0 -0.2022
4 16 -0.7872 0 -0.2022 -0.6374 0 -0.232 -0.5928 0 -0.2022 -0.817 0 -0.1576
4 16 -0.817 0 -0.1576 -0.5928 0 -0.2022 -0.563 0 -0.1576 -0.8275 0 -0.105
4 16 -0.8275 0 -0.105 -0.563 0 -0.1576 -0.5525 0 -0.105 -0.817 0 -0.0524
4 16 -0.817 0 -0.0524 -0.5525 0 -0.105 -0.563 0 -0.0524 -0.7872 0 -0.0078
4 16 -0.7872 0 -0.0078 -0.563 0 -0.0524 -0.5928 0 -0.0078 -0.7426 0 0.022
4 16 -0.7426 0 0.022 -0.5928 0 -0.0078 -0.6374 0 0.022 -0.69 0 0.0325
4 16 -0.0526 0 -0.232 0 0 -0.2425 0.0526 0 -0.232 -0.0972 0 -0.2022
4 16 -0.0972 0 -0.2022 0.0526 0 -0.232 0.0972 0 -0.2022 -0.127 0 -0.1576
4 16 -0.127 0 -0.1576 0.0972 0 -0.2022 0.127 0 -0.1576 -0.1375 0 -0.105
4 16 -0.1375 0 -0.105 0.127 0 -0.1576 0.1375 0 -0.105 -0.127 0 -0.0524
4 16 -0.127 0 -0.0524 0.1375 0 -0.105 0.127 0 -0.0524 -0.0972 0 -0.0078
4 16 -0.0972 0 -0.0078 0.127 0 -0.0524 0.0972 0 -0.0078 -0.0526 0 0.022
4 16 -0.0526 0 0.022 0.0972 0 -0.0078 0.0526 0 0.022 0 0 0.0325
