0 Logo WEC Text "Fia World Edurance Championship"
0 Name: logowect02.dat
0 Author: Massimo Maso [Sirio]
0 !LDRAW_ORG Unofficial_Primitive 
0 !LICENSE Redistributable under CCAL version 2.0 : see CAreadme.txt

0 !HELP Exact dimensions X = 39.2 Z = 4.6

0 BFC CERTIFY CCW


0 // Text "FIA"
0 // Letter "F"
3 16 -18.9948 0 1.0705 -19.6 0 .45 -19.243 0 .45
4 16 -18.9948 0 1.0705 -18.903 0 1.3 -18.92 0 2.15 -19.6 0 .45
4 16 -18.9948 0 1.0705 -17.9918 0 1.0705 -17.9 0 1.3 -18.903 0 1.3
3 16 -18.6548 0 1.9205 -18.92 0 2.15 -18.903 0 1.3
4 16 -18.6548 0 1.9205 -17.4818 0 1.9205 -17.39 0 2.15 -18.92 0 2.15
0 // Letter "I"
4 16 -17.662 0 .45 -17.305 0 .45 -16.625 0 2.15 -16.982 0 2.15
0 // Letter "A"
3 16 -16.1745 0 .841 -16.948 0 .45 -16.5108 0 .45
4 16 -16.1745 0 .841 -15.9771 0 1.0705 -15.6182 0 1.9962 -16.948 0 .45
4 16 -16.1745 0 .841 -15.0298 0 .841 -15.0642 0 1.0705 -15.9771 0 1.0705
3 16 -15.2461 0 1.9205 -15.6182 0 1.9962 -15.9771 0 1.0705
4 16 -15.2461 0 1.9205 -15.4675 0 2.1097 -15.549 0 2.0611 -15.6182 0 1.9962
4 16 -15.2461 0 1.9205 -15.2831 0 2.15 -15.3775 0 2.1398 -15.4675 0 2.1097
4 16 -15.2461 0 1.9205 -15.1917 0 1.9205 -14.891 0 2.15 -15.2831 0 2.15
3 16 -15.1917 0 1.9205 -15.0642 0 1.0705 -14.891 0 2.15
4 16 -15.0298 0 .841 -14.636 0 .45 -14.891 0 2.15 -15.0642 0 1.0705
3 16 -15.0298 0 .841 -14.9711 0 .45 -14.636 0 .45
0 // Text "WORLD"
0 // Letter "W"
4 16 -12.793 0 .96 -12.7573 0 2.15 -13.089 0 2.15 -13.14 0 .45
4 16 -12.793 0 .96 -13.14 0 .45 -12.8833 0 .45 -12.7854 0 .96
4 16 -12.7854 0 .96 -12.8833 0 .45 -12.8304 0 .4559 -12.7802 0 .4735
4 16 -12.7854 0 .96 -12.7802 0 .4735 -12.7351 0 .5017 -12.6975 0 .5393
4 16 -12.7854 0 .96 -12.6975 0 .5393 -11.8169 0 1.64 -11.8334 0 2.15
4 16 -11.8093 0 1.64 -11.4624 0 2.15 -11.8334 0 2.15 -11.8169 0 1.64
4 16 -11.8093 0 1.64 -11.8376 0 .6951 -11.4981 0 .96 -11.4624 0 2.15
4 16 -11.4904 0 .96 -11.4981 0 .96 -11.8376 0 .6951 -11.8216 0 .6019
4 16 -11.4904 0 .96 -11.8216 0 .6019 -11.7705 0 .5222 -11.6925 0 .4688
4 16 -11.4904 0 .96 -11.6925 0 .4688 -11.5997 0 .45 -11.474 0 .45
4 16 -11.4904 0 .96 -11.474 0 .45 -10.114 0 2.15 -10.5384 0 2.15
0 // Letter "O"
4 16 -8.686 0 1.3 -8.329 0 1.3 -8.2853 0 1.5084 -8.6321 0 1.443
4 16 -8.6206 0 1.5954 -8.6321 0 1.443 -8.2853 0 1.5084 -8.3101 0 1.7199
4 16 -8.6206 0 1.5954 -8.3101 0 1.7199 -8.4007 0 1.9126 -8.6643 0 1.7419
4 16 -8.7576 0 1.863 -8.6643 0 1.7419 -8.4007 0 1.9126 -8.5479 0 2.0665
4 16 -8.7576 0 1.863 -8.5479 0 2.0665 -8.7363 0 2.1657 -8.888 0 1.9427
4 16 -9.0383 0 1.9705 -8.888 0 1.9427 -8.7363 0 2.1657 -8.9465 0 2.2
4 16 -9.0383 0 1.9705 -8.9465 0 2.2 -9.2297 0 2.1719 -9.2355 0 1.949
4 16 -9.4235 0 1.8856 -9.2355 0 1.949 -9.2297 0 2.1719 -9.5019 0 2.0889
4 16 -9.4235 0 1.8856 -9.5019 0 2.0889 -9.7525 0 1.954 -9.5935 0 1.7832
4 16 -9.7374 0 1.6466 -9.5935 0 1.7832 -9.7525 0 1.954 -9.9718 0 1.7727
4 16 -9.7374 0 1.6466 -9.9718 0 1.7727 -10.1513 0 1.5518 -9.8485 0 1.4823
4 16 -9.927 0 1.3 -9.8485 0 1.4823 -10.1513 0 1.5518 -10.284 0 1.3
4 16 -9.927 0 1.3 -10.284 0 1.3 -10.3276 0 1.0916 -9.9808 0 1.157
4 16 -9.9923 0 1.0046 -9.9808 0 1.157 -10.3276 0 1.0916 -10.3028 0 .8801
4 16 -9.9923 0 1.0046 -10.3028 0 .8801 -10.2122 0 .6874 -9.9486 0 .8581
4 16 -9.8553 0 .737 -9.9486 0 .8581 -10.2122 0 .6874 -10.065 0 .5335
4 16 -9.8553 0 .737 -10.065 0 .5335 -9.8766 0 .4342 -9.7249 0 .6573
4 16 -9.5747 0 .6295 -9.7249 0 .6573 -9.8766 0 .4342 -9.6665 0 .4
4 16 -9.5747 0 .6295 -9.6665 0 .4 -9.3832 0 .428 -9.3774 0 .651
4 16 -9.1894 0 .7144 -9.3774 0 .651 -9.3832 0 .428 -9.111 0 .5111
4 16 -9.1894 0 .7144 -9.111 0 .5111 -8.8604 0 .6459 -9.0195 0 .8168
4 16 -8.8755 0 .9534 -9.0195 0 .8168 -8.8604 0 .6459 -8.6411 0 .8273
4 16 -8.8755 0 .9534 -8.6411 0 .8273 -8.4616 0 1.0482 -8.7644 0 1.1177
4 16 -8.686 0 1.3 -8.7644 0 1.1177 -8.4616 0 1.0482 -8.329 0 1.3
0 // Letter "R"
3 16 -7.7068 0 1.0705 -8.312 0 .45 -7.955 0 .45
4 16 -7.7068 0 1.0705 -7.615 0 1.3 -7.632 0 2.15 -8.312 0 .45
4 16 -7.7068 0 1.0705 -7.2674 0 1.0705 -6.8781 0 1.3 -7.615 0 1.3
3 16 -7.3668 0 1.9205 -7.632 0 2.15 -7.615 0 1.3
4 16 -7.3668 0 1.9205 -6.6299 0 1.9205 -6.4283 0 2.15 -7.632 0 2.15
4 16 -6.5576 0 1.9086 -6.3025 0 2.1294 -6.4283 0 2.15 -6.6299 0 1.9205
4 16 -6.3025 0 2.1294 -6.5576 0 1.9086 -6.4929 0 1.8743 -6.19 0 2.0696
4 16 -6.4426 0 1.8211 -6.1024 0 1.9771 -6.19 0 2.0696 -6.4929 0 1.8743
4 16 -6.4426 0 1.8211 -6.4119 0 1.7546 -6.049 0 1.8614 -6.1024 0 1.9771
4 16 -6.404 0 1.6818 -6.0353 0 1.7347 -6.049 0 1.8614 -6.4119 0 1.7546
4 16 -6.0353 0 1.7347 -6.404 0 1.6818 -6.4199 0 1.6102 -6.0629 0 1.6102
4 16 -6.465 0 1.5235 -6.1255 0 1.4898 -6.0629 0 1.6102 -6.4199 0 1.6102
4 16 -6.1255 0 1.4898 -6.465 0 1.5235 -6.5263 0 1.4474 -6.2107 0 1.3841
4 16 -6.6014 0 1.3848 -6.315 0 1.2972 -6.2107 0 1.3841 -6.5263 0 1.4474
4 16 -6.6014 0 1.3848 -6.6874 0 1.3383 -6.4344 0 1.2326 -6.315 0 1.2972
4 16 -6.7808 0 1.3097 -6.5641 0 1.1928 -6.4344 0 1.2326 -6.6874 0 1.3383
4 16 -6.7808 0 1.3097 -6.8781 0 1.3 -6.6992 0 1.1794 -6.5641 0 1.1928
3 16 -6.7885 0 1.1852 -6.6992 0 1.1794 -6.8781 0 1.3
4 16 -6.7885 0 1.1852 -6.8781 0 1.3 -7.2674 0 1.0705 -7.1685 0 1.0541
3 16 -6.7885 0 1.1852 -7.1685 0 1.0541 -6.7428 0 1.1267
4 16 -7.0802 0 1.0066 -6.7042 0 1.0632 -6.7428 0 1.1267 -7.1685 0 1.0541
4 16 -7.0802 0 1.0066 -7.012 0 .9331 -6.6733 0 .9956 -6.7042 0 1.0632
4 16 -6.9712 0 .8415 -6.6504 0 .9249 -6.6733 0 .9956 -7.012 0 .9331
4 16 -6.9712 0 .8415 -6.8694 0 .45 -6.527 0 .45 -6.6504 0 .9249
0 // Letter "L"
4 16 -5.7212 0 .6795 -5.133 0 2.15 -5.49 0 2.15 -6.17 0 .45
4 16 -5.7212 0 .6795 -6.17 0 .45 -4.64 0 .45 -4.5482 0 .6795
0 // Letter "D"
4 16 -4.385 0 .45 -3.5154 0 .45 -3.4236 0 .6795 -3.9362 0 .6795
4 16 -4.385 0 .45 -3.9362 0 .6795 -3.4398 0 1.9205 -3.705 0 2.15
4 16 -2.8354 0 2.15 -3.705 0 2.15 -3.4398 0 1.9205 -2.9272 0 1.9205
4 16 -2.8354 0 2.15 -2.9272 0 1.9205 -2.8064 0 1.9007 -2.6374 0 2.1175
4 16 -2.4601 0 2.0234 -2.6374 0 2.1175 -2.8064 0 1.9007 -2.6983 0 1.8433
4 16 -2.4601 0 2.0234 -2.6983 0 1.8433 -2.6141 0 1.7544 -2.3222 0 1.8777
4 16 -2.2381 0 1.6955 -2.3222 0 1.8777 -2.6141 0 1.7544 -2.5628 0 1.6432
4 16 -2.2381 0 1.6955 -2.5628 0 1.6432 -2.5497 0 1.5215 -2.2166 0 1.4959
4 16 -2.26 0 1.3 -2.2166 0 1.4959 -2.5497 0 1.5215 -2.5762 0 1.402
3 16 -2.26 0 1.3 -2.5762 0 1.402 -2.6577 0 1.198
4 16 -2.26 0 1.3 -2.6577 0 1.198 -2.7331 0 1.0531 -2.3836 0 1.0624
4 16 -2.5516 0 .8538 -2.3836 0 1.0624 -2.7331 0 1.0531 -2.8356 0 .9259
4 16 -2.5516 0 .8538 -2.8356 0 .9259 -2.9612 0 .8213 -2.7574 0 .6825
4 16 -2.9929 0 .555 -2.7574 0 .6825 -2.9612 0 .8213 -3.1049 0 .7436
4 16 -2.9929 0 .555 -3.1049 0 .7436 -3.2611 0 .6957 -3.2489 0 .4765
4 16 -3.5154 0 .45 -3.2489 0 .4765 -3.2611 0 .6957 -3.4236 0 .6795
0 // Text "ENDURANCE"
0 // Letter "Endurance"
4 16 -.992 0 .78 -1.6 0 .4 .053 0 .4 .205 0 .78
4 16 -.992 0 .78 -.8172 0 1.217 -1.0549 0 1.7625 -1.6 0 .4
4 16 -.6804 0 1.559 -.8172 0 1.217 .2202 0 1.217 .357 0 1.559
4 16 -.6804 0 1.559 -.927 0 1.9813 -1.0549 0 1.7625 -.8172 0 1.217
4 16 -.536 0 1.92 -.7404 0 2.153 -.927 0 1.9813 -.6804 0 1.559
4 16 -.536 0 1.92 -.2611 0 2.3 -.5118 0 2.2624 -.7404 0 2.153
4 16 -.536 0 1.92 .661 0 1.92 .813 0 2.3 -.2611 0 2.3
0 // Letter "eNdurance"
4 16 1.4628 0 1.692 1.25 0 2.3 .49 0 .4 .946 0 .4
4 16 1.4628 0 1.692 1.6023 0 1.692 1.523 0 2.3 1.25 0 2.3
4 16 1.6023 0 1.692 1.8242 0 2.1923 1.6829 0 2.2723 1.523 0 2.3
4 16 1.6023 0 1.692 1.9888 0 1.9181 1.9302 0 2.0695 1.8242 0 2.1923
4 16 1.6023 0 1.692 1.7843 0 .7818 2.1708 0 1.008 1.9888 0 1.9181
4 16 2.1708 0 1.008 1.7843 0 .7818 1.8428 0 .6305 1.9489 0 .5077
4 16 2.1708 0 1.008 1.9489 0 .5077 2.0902 0 .4277 2.2501 0 .4
4 16 2.3102 0 1.008 2.1708 0 1.008 2.2501 0 .4 2.523 0 .4
4 16 2.3102 0 1.008 2.523 0 .4 3.283 0 2.3 2.827 0 2.3
0 // Letter "enDurance"
4 16 3.568 0 .78 2.96 0 .4 4.062 0 .4 4.0854 0 .78
4 16 3.568 0 .78 4.024 0 1.92 3.72 0 2.3 2.96 0 .4
4 16 4.5414 0 1.92 4.822 0 2.3 3.72 0 2.3 4.024 0 1.92
4 16 4.5414 0 1.92 4.6432 0 1.9033 4.9946 0 2.2717 4.822 0 2.3
4 16 4.7343 0 1.8549 5.1491 0 2.1897 4.9946 0 2.2717 4.6432 0 1.9033
4 16 4.7343 0 1.8549 4.8052 0 1.78 5.2694 0 2.0626 5.1491 0 2.1897
4 16 4.8485 0 1.6863 5.3427 0 1.9037 5.2694 0 2.0626 4.8052 0 1.78
4 16 4.8485 0 1.6863 4.8595 0 1.5837 5.3615 0 1.7298 5.3427 0 1.9037
4 16 4.8372 0 1.483 5.3236 0 1.559 5.3615 0 1.7298 4.8595 0 1.5837
4 16 4.8372 0 1.483 4.7308 0 1.217 5.1564 0 1.141 5.3236 0 1.559
4 16 4.6673 0 1.0948 5.0487 0 .9339 5.1564 0 1.141 4.7308 0 1.217
4 16 4.6673 0 1.0948 4.5809 0 .9876 4.9022 0 .7521 5.0487 0 .9339
4 16 4.4751 0 .8995 4.7228 0 .6027 4.9022 0 .7521 4.5809 0 .9876
4 16 4.4751 0 .8995 4.354 0 .834 4.5175 0 .4916 4.7228 0 .6027
4 16 4.2224 0 .7936 4.2943 0 .4231 4.5175 0 .4916 4.354 0 .834
4 16 4.2224 0 .7936 4.0854 0 .78 4.062 0 .4 4.2943 0 .4231
0 // Letter "endUrance"
4 16 5.9371 0 1.0976 6.418 0 2.3 5.962 0 2.3 5.4984 0 1.141
4 16 5.9371 0 1.0976 5.4984 0 1.141 5.4606 0 .9702 5.9209 0 1.0244
4 16 5.9289 0 .9498 5.9209 0 1.0244 5.4606 0 .9702 5.4794 0 .7962
4 16 5.9289 0 .9498 5.4794 0 .7962 5.5527 0 .6374 5.9603 0 .8817
4 16 6.0119 0 .8273 5.9603 0 .8817 5.5527 0 .6374 5.6729 0 .5103
4 16 6.0119 0 .8273 5.6729 0 .5103 5.8275 0 .4283 6.0781 0 .7921
4 16 6.1521 0 .78 6.0781 0 .7921 5.8275 0 .4283 6.0001 0 .4
4 16 6.1521 0 .78 6.0001 0 .4 6.228 0 .4 6.38 0 .78
4 16 6.38 0 .78 6.228 0 .4 6.4603 0 .4231 6.4795 0 .7899
4 16 6.5752 0 .8192 6.4795 0 .7899 6.4603 0 .4231 6.6835 0 .4916
4 16 6.5752 0 .8192 6.6835 0 .4916 6.8888 0 .6027 6.6632 0 .8669
4 16 6.7401 0 .9309 6.6632 0 .8669 6.8888 0 .6027 7.0682 0 .7521
4 16 6.7401 0 .9309 7.0682 0 .7521 7.2147 0 .9339 6.8029 0 1.0088
4 16 6.8491 0 1.0976 6.8029 0 1.0088 7.2147 0 .9339 7.3224 0 1.141
4 16 6.8491 0 1.0976 7.3224 0 1.141 7.786 0 2.3 7.33 0 2.3
0 // Letter "enduRance"
3 16 8.2458 0 1.217 7.463 0 .4 7.919 0 .4
4 16 8.2458 0 1.217 8.3826 0 1.559 8.223 0 2.3 7.463 0 .4
4 16 8.2458 0 1.217 8.3886 0 1.217 9.1762 0 1.559 8.3826 0 1.559
3 16 8.527 0 1.92 8.223 0 2.3 8.3826 0 1.559
4 16 8.527 0 1.92 9.3206 0 1.92 9.5398 0 2.3 8.223 0 2.3
4 16 9.3627 0 1.9131 9.666 0 2.2793 9.5398 0 2.3 9.3206 0 1.92
4 16 9.3627 0 1.9131 9.4003 0 1.8931 9.7789 0 2.2194 9.666 0 2.2793
4 16 9.4296 0 1.8622 9.8668 0 2.1265 9.7789 0 2.2194 9.4003 0 1.8931
4 16 9.4296 0 1.8622 9.4475 0 1.8235 9.9204 0 2.0104 9.8668 0 2.1265
4 16 9.4521 0 1.7811 9.9341 0 1.8833 9.9204 0 2.0104 9.4475 0 1.8235
4 16 9.4521 0 1.7811 9.4428 0 1.7395 9.9064 0 1.7585 9.9341 0 1.8833
4 16 9.4166 0 1.689 9.8277 0 1.6071 9.9064 0 1.7585 9.4428 0 1.7395
4 16 9.4166 0 1.689 9.3809 0 1.6447 9.7207 0 1.4743 9.8277 0 1.6071
4 16 9.3372 0 1.6084 9.5896 0 1.3651 9.7207 0 1.4743 9.3809 0 1.6447
4 16 9.3372 0 1.6084 9.2872 0 1.5813 9.4395 0 1.2839 9.5896 0 1.3651
4 16 9.2764 0 1.2339 9.4395 0 1.2839 9.2872 0 1.5813 9.2328 0 1.5646
4 16 9.2055 0 1.2268 9.2764 0 1.2339 9.2328 0 1.5646 9.1762 0 1.559
4 16 9.2055 0 1.2268 9.1762 0 1.559 8.3886 0 1.217 8.4962 0 1.2051
3 16 9.2055 0 1.2268 8.4962 0 1.2051 8.5985 0 1.1702
3 16 9.2055 0 1.2268 8.5985 0 1.1702 8.6908 0 1.1138
3 16 9.2055 0 1.2268 8.6908 0 1.1138 8.7686 0 1.0386
3 16 8.8282 0 .9484 9.2055 0 1.2268 8.7686 0 1.0386
3 16 8.8667 0 .8473 9.2055 0 1.2268 8.8282 0 .9484
4 16 9.2055 0 1.2268 8.8667 0 .8473 8.983 0 .4 9.4205 0 .4
0 // Letter "endurAnce"
4 16 11.2935 0 2.2129 11.2091 0 2.1482 10.2444 0 1.255 10.4343 0 1.3339
4 16 11.2935 0 2.2129 10.4343 0 1.3339 10.6328 0 1.3876 11.3884 0 2.2607
4 16 11.4906 0 2.2901 11.3884 0 2.2607 10.6328 0 1.3876 10.8365 0 1.4154
4 16 11.4906 0 2.2901 10.8365 0 1.4154 11.0422 0 1.4166 11.5964 0 2.3
3 16 11.5964 0 2.3 11.0422 0 1.4166 11.5242 0 1.863
4 16 11.5964 0 2.3 11.5242 0 1.863 11.6222 0 1.863 11.981 0 2.3
4 16 11.981 0 2.3 11.6222 0 1.863 11.7256 0 1.217 11.8668 0 1.128
3 16 11.981 0 2.3 11.8668 0 1.128 11.9979 0 1.0247
3 16 11.981 0 2.3 11.9979 0 1.0247 12.1175 0 .9083
3 16 11.981 0 2.3 12.1175 0 .9083 12.2242 0 .78
4 16 11.8764 0 .5161 12.0133 0 .4 12.285 0 .4 12.2242 0 .78
4 16 11.8764 0 .5161 12.2242 0 .78 12.1539 0 .837 11.7258 0 .6138
4 16 11.564 0 .6915 11.7258 0 .6138 12.1539 0 .837 11.9024 0 .9998
4 16 11.564 0 .6915 11.9024 0 .9998 11.6276 0 1.1194 11.3936 0 .7479
4 16 11.2174 0 .7821 11.3936 0 .7479 11.6276 0 1.1194 11.337 0 1.1924
4 16 11.2174 0 .7821 11.337 0 1.1924 11.0383 0 1.217 11.0383 0 .7936
4 16 10.8592 0 .7821 11.0383 0 .7936 11.0383 0 1.217 10.7397 0 1.1924
4 16 10.8592 0 .7821 10.7397 0 1.1924 10.449 0 1.1194 10.683 0 .7479
4 16 10.5126 0 .6915 10.683 0 .7479 10.449 0 1.1194 10.1742 0 .9998
4 16 10.5126 0 .6915 10.1742 0 .9998 9.9227 0 .837 10.3508 0 .6138
4 16 10.2002 0 .5161 10.3508 0 .6138 9.9227 0 .837 9.7011 0 .6352
4 16 10.2002 0 .5161 9.7011 0 .6352 9.5155 0 .4 10.0633 0 .4
0 // Letter "enduraNce"
4 16 13.3528 0 1.692 13.14 0 2.3 12.38 0 .4 12.836 0 .4
4 16 13.3528 0 1.692 13.4923 0 1.692 13.413 0 2.3 13.14 0 2.3
4 16 13.4923 0 1.692 13.7142 0 2.1923 13.5729 0 2.2723 13.413 0 2.3
4 16 13.4923 0 1.692 13.8788 0 1.9181 13.8202 0 2.0695 13.7142 0 2.1923
4 16 13.4923 0 1.692 13.6743 0 .7818 14.0608 0 1.008 13.8788 0 1.9181
4 16 14.0608 0 1.008 13.6743 0 .7818 13.7328 0 .6305 13.8389 0 .5077
4 16 14.0608 0 1.008 13.8389 0 .5077 13.9802 0 .4277 14.1401 0 .4
4 16 14.2002 0 1.008 14.0608 0 1.008 14.1401 0 .4 14.413 0 .4
4 16 14.2002 0 1.008 14.413 0 .4 15.173 0 2.3 14.717 0 2.3
0 // Letter "enduranCe"
4 16 16.5837 0 1.0518 16.8901 0 .8507 17.0907 0 1.1 16.6209 0 1.1
4 16 16.5837 0 1.0518 16.45 0 .9366 16.6563 0 .6593 16.8901 0 .8507
4 16 16.2959 0 .8508 16.3898 0 .5171 16.6563 0 .6593 16.45 0 .9366
4 16 16.2959 0 .8508 16.1276 0 .7979 16.1007 0 .4295 16.3898 0 .5171
4 16 15.952 0 .78 15.8 0 .4 16.1007 0 .4295 16.1276 0 .7979
4 16 15.952 0 .78 15.8207 0 .8022 15.5774 0 .4359 15.8 0 .4
4 16 15.704 0 .8665 15.3774 0 .5401 15.5774 0 .4359 15.8207 0 .8022
4 16 15.704 0 .8665 15.615 0 .9657 15.2203 0 .7019 15.3774 0 .5401
4 16 15.5636 0 1.0886 15.1222 0 .9049 15.2203 0 .7019 15.615 0 .9657
4 16 15.5636 0 1.0886 15.5556 0 1.2216 15.0928 0 1.1285 15.1222 0 .9049
4 16 15.591 0 1.35 15.135 0 1.35 15.0928 0 1.1285 15.5556 0 1.2216
4 16 15.591 0 1.35 15.6687 0 1.5084 15.2781 0 1.6161 15.135 0 1.35
4 16 15.7763 0 1.6482 15.47 0 1.8493 15.2781 0 1.6161 15.6687 0 1.5084
4 16 15.7763 0 1.6482 15.91 0 1.7633 15.7038 0 2.0407 15.47 0 1.8493
4 16 16.0642 0 1.8492 15.9703 0 2.1829 15.7038 0 2.0407 15.91 0 1.7633
4 16 16.0642 0 1.8492 16.2325 0 1.9021 16.2594 0 2.2704 15.9703 0 2.1829
4 16 16.408 0 1.92 16.56 0 2.3 16.2594 0 2.2704 16.2325 0 1.9021
4 16 16.408 0 1.92 16.5394 0 1.8977 16.7827 0 2.2641 16.56 0 2.3
4 16 16.6561 0 1.8335 16.9827 0 2.1599 16.7827 0 2.2641 16.5394 0 1.8977
4 16 16.6561 0 1.8335 16.7451 0 1.7343 17.1397 0 1.9981 16.9827 0 2.1599
4 16 16.7965 0 1.6114 17.2379 0 1.7951 17.1397 0 1.9981 16.7451 0 1.7343
4 16 16.7965 0 1.6114 16.7972 0 1.6 17.2635 0 1.6 17.2379 0 1.7951
0 // Letter "endurancE"
4 16 17.795 0 .78 17.187 0 .4 18.84 0 .4 18.992 0 .78
4 16 17.795 0 .78 17.9698 0 1.217 17.7321 0 1.7625 17.187 0 .4
4 16 18.1066 0 1.559 17.9698 0 1.217 19.0072 0 1.217 19.144 0 1.559
4 16 18.1066 0 1.559 17.86 0 1.9813 17.7321 0 1.7625 17.9698 0 1.217
4 16 18.251 0 1.92 18.0466 0 2.153 17.86 0 1.9813 18.1066 0 1.559
4 16 18.251 0 1.92 18.5259 0 2.3 18.2752 0 2.2624 18.0466 0 2.153
4 16 18.251 0 1.92 19.448 0 1.92 19.6 0 2.3 18.5259 0 2.3
0 // Text "CHAMPIONSHIP"
0 // Letter "Championship"
4 16 -4.7834 0 -1.7693 -4.5291 0 -1.8727 -4.3888 0 -1.7 -4.7304 0 -1.7
4 16 -4.7834 0 -1.7693 -4.8951 0 -1.8736 -4.7484 0 -2.0541 -4.5291 0 -1.8727
4 16 -5.0226 0 -1.9579 -4.999 0 -2.1889 -4.7484 0 -2.0541 -4.8951 0 -1.8736
4 16 -5.0226 0 -1.9579 -5.1623 0 -2.0199 -5.2712 0 -2.272 -4.999 0 -2.1889
4 16 -5.3104 0 -2.0578 -5.5545 0 -2.3 -5.2712 0 -2.272 -5.1623 0 -2.0199
4 16 -5.3104 0 -2.0578 -5.4627 0 -2.0705 -5.7646 0 -2.2658 -5.5545 0 -2.3
4 16 -5.6129 0 -2.0427 -5.953 0 -2.1665 -5.7646 0 -2.2658 -5.4627 0 -2.0705
4 16 -5.6129 0 -2.0427 -5.7433 0 -1.963 -6.1002 0 -2.0126 -5.953 0 -2.1665
4 16 -5.8366 0 -1.8419 -6.1908 0 -1.8199 -6.1002 0 -2.0126 -5.7433 0 -1.963
4 16 -5.8366 0 -1.8419 -5.8803 0 -1.6954 -6.2156 0 -1.6084 -6.1908 0 -1.8199
4 16 -5.8688 0 -1.543 -6.172 0 -1.4 -6.2156 0 -1.6084 -5.8803 0 -1.6954
4 16 -5.8688 0 -1.543 -5.815 0 -1.4 -6.0393 0 -1.1482 -6.172 0 -1.4
4 16 -5.7365 0 -1.2177 -5.8598 0 -.9273 -6.0393 0 -1.1482 -5.815 0 -1.4
4 16 -5.7365 0 -1.2177 -5.6254 0 -1.0534 -5.6405 0 -.746 -5.8598 0 -.9273
4 16 -5.4815 0 -.9168 -5.3899 0 -.6111 -5.6405 0 -.746 -5.6254 0 -1.0534
4 16 -5.4815 0 -.9168 -5.3115 0 -.8144 -5.1177 0 -.5281 -5.3899 0 -.6111
4 16 -5.1235 0 -.751 -4.8345 0 -.5 -5.1177 0 -.5281 -5.3115 0 -.8144
4 16 -5.1235 0 -.751 -4.9263 0 -.7295 -4.6243 0 -.5343 -4.8345 0 -.5
4 16 -4.776 0 -.7573 -4.4359 0 -.6335 -4.6243 0 -.5343 -4.9263 0 -.7295
4 16 -4.776 0 -.7573 -4.6456 0 -.837 -4.2887 0 -.7874 -4.4359 0 -.6335
4 16 -4.5523 0 -.9581 -4.1981 0 -.9801 -4.2887 0 -.7874 -4.6456 0 -.837
4 16 -4.5523 0 -.9581 -4.5099 0 -1.1 -4.1841 0 -1.1 -4.1981 0 -.9801
0 // Letter "cHampionship"
3 16 -3.503 0 -1.4 -4.2 0 -2.25 -3.843 0 -2.25
4 16 -3.503 0 -1.4 -3.4112 0 -1.1705 -3.52 0 -.55 -4.2 0 -2.25
4 16 -3.503 0 -1.4 -2.5 0 -1.4 -2.4082 0 -1.1705 -3.4112 0 -1.1705
3 16 -3.4112 0 -1.1705 -3.163 0 -.55 -3.52 0 -.55
3 16 -2.4082 0 -1.1705 -1.803 0 -.55 -2.16 0 -.55
4 16 -2.5 0 -1.4 -2.483 0 -2.25 -1.803 0 -.55 -2.4082 0 -1.1705
3 16 -2.5 0 -1.4 -2.84 0 -2.25 -2.483 0 -2.25
0 // Letter "chAmpionship"
3 16 -1.3525 0 -1.859 -2.126 0 -2.25 -1.6888 0 -2.25
4 16 -1.3525 0 -1.859 -1.1551 0 -1.6295 -.7962 0 -.7038 -2.126 0 -2.25
4 16 -1.3525 0 -1.859 -.2078 0 -1.859 -.2422 0 -1.6295 -1.1551 0 -1.6295
3 16 -.4241 0 -.7795 -.7962 0 -.7038 -1.1551 0 -1.6295
4 16 -.4241 0 -.7795 -.6455 0 -.5903 -.727 0 -.6389 -.7962 0 -.7038
4 16 -.4241 0 -.7795 -.4611 0 -.55 -.5555 0 -.5602 -.6455 0 -.5903
4 16 -.4241 0 -.7795 -.3697 0 -.7795 -.069 0 -.55 -.4611 0 -.55
3 16 -.3697 0 -.7795 -.2422 0 -1.6295 -.069 0 -.55
4 16 -.2078 0 -1.859 .186 0 -2.25 -.069 0 -.55 -.2422 0 -1.6295
3 16 -.2078 0 -1.859 -.1491 0 -2.25 .186 0 -2.25
0 // Letter "chaMpionship"
4 16 1.257 0 -1.06 1.104 0 -.55 .424 0 -2.25 .781 0 -2.25
4 16 1.257 0 -1.06 1.3291 0 -1.06 1.4308 0 -.55 1.104 0 -.55
4 16 1.3291 0 -1.06 1.6016 0 -.6223 1.5235 0 -.5688 1.4308 0 -.55
4 16 1.3291 0 -1.06 1.6687 0 -.7951 1.6527 0 -.7019 1.6016 0 -.6223
4 16 1.3291 0 -1.06 1.2934 0 -2.25 1.6404 0 -1.74 1.6687 0 -.7951
4 16 1.7125 0 -1.74 1.6404 0 -1.74 1.2934 0 -2.25 1.7289 0 -2.25
4 16 1.7125 0 -1.74 1.7289 0 -2.25 2.6809 0 -1.06 2.593 0 -.6393
4 16 2.753 0 -1.06 2.6307 0 -.6018 2.593 0 -.6393 2.6809 0 -1.06
4 16 2.753 0 -1.06 2.726 0 -.556 2.6757 0 -.5735 2.6307 0 -.6018
4 16 2.753 0 -1.06 3.314 0 -.55 2.7788 0 -.55 2.726 0 -.556
4 16 2.753 0 -1.06 2.277 0 -2.25 2.634 0 -2.25 3.314 0 -.55
0 // Letter "chamPionship"
3 16 3.7492 0 -1.6295 3.144 0 -2.25 3.501 0 -2.25
4 16 3.7492 0 -1.6295 3.841 0 -1.4 3.824 0 -.55 3.144 0 -2.25
4 16 3.7492 0 -1.6295 4.5959 0 -1.6295 4.5779 0 -1.4 3.841 0 -1.4
3 16 4.0892 0 -.7795 3.824 0 -.55 3.841 0 -1.4
4 16 4.0892 0 -.7795 4.8261 0 -.7795 5.0277 0 -.55 3.824 0 -.55
4 16 4.8984 0 -.7914 5.1535 0 -.5706 5.0277 0 -.55 4.8261 0 -.7795
4 16 4.8984 0 -.7914 4.9631 0 -.8257 5.266 0 -.6304 5.1535 0 -.5706
4 16 5.0134 0 -.8789 5.3536 0 -.7229 5.266 0 -.6304 4.9631 0 -.8257
4 16 5.0134 0 -.8789 5.0441 0 -.9454 5.407 0 -.8386 5.3536 0 -.7229
4 16 5.052 0 -1.0182 5.4207 0 -.9653 5.407 0 -.8386 5.0441 0 -.9454
4 16 5.052 0 -1.0182 5.0361 0 -1.0898 5.3931 0 -1.0898 5.4207 0 -.9653
4 16 4.991 0 -1.1765 5.3147 0 -1.2406 5.3931 0 -1.0898 5.0361 0 -1.0898
4 16 4.991 0 -1.1765 4.9297 0 -1.2526 5.208 0 -1.3731 5.3147 0 -1.2406
4 16 4.8546 0 -1.3152 5.0773 0 -1.4819 5.208 0 -1.3731 4.9297 0 -1.2526
4 16 4.8546 0 -1.3152 4.7686 0 -1.3617 4.9277 0 -1.5628 5.0773 0 -1.4819
4 16 4.6752 0 -1.3903 4.7651 0 -1.6127 4.9277 0 -1.5628 4.7686 0 -1.3617
4 16 4.6752 0 -1.3903 4.5779 0 -1.4 4.5959 0 -1.6295 4.7651 0 -1.6127
0 // Letter "champIonship"
4 16 5.286 0 -2.25 5.643 0 -2.25 6.323 0 -.55 5.966 0 -.55
0 // Letter "champiOnship"
4 16 7.972 0 -1.4 8.329 0 -1.4 8.3727 0 -1.1916 8.0259 0 -1.257
4 16 8.0374 0 -1.1046 8.0259 0 -1.257 8.3727 0 -1.1916 8.3479 0 -.9801
4 16 8.0374 0 -1.1046 8.3479 0 -.9801 8.2573 0 -.7874 7.9937 0 -.9581
4 16 7.9004 0 -.837 7.9937 0 -.9581 8.2573 0 -.7874 8.1101 0 -.6335
4 16 7.9004 0 -.837 8.1101 0 -.6335 7.9217 0 -.5343 7.77 0 -.7573
4 16 7.6197 0 -.7295 7.77 0 -.7573 7.9217 0 -.5343 7.7115 0 -.5
4 16 7.6197 0 -.7295 7.7115 0 -.5 7.4283 0 -.5281 7.4225 0 -.751
4 16 7.2345 0 -.8144 7.4225 0 -.751 7.4283 0 -.5281 7.1561 0 -.6111
4 16 7.2345 0 -.8144 7.1561 0 -.6111 6.9055 0 -.746 7.0645 0 -.9168
4 16 6.9206 0 -1.0534 7.0645 0 -.9168 6.9055 0 -.746 6.6862 0 -.9273
4 16 6.9206 0 -1.0534 6.6862 0 -.9273 6.5067 0 -1.1482 6.8095 0 -1.2177
4 16 6.731 0 -1.4 6.8095 0 -1.2177 6.5067 0 -1.1482 6.374 0 -1.4
4 16 6.731 0 -1.4 6.374 0 -1.4 6.3304 0 -1.6084 6.6772 0 -1.543
4 16 6.6657 0 -1.6954 6.6772 0 -1.543 6.3304 0 -1.6084 6.3552 0 -1.8199
4 16 6.6657 0 -1.6954 6.3552 0 -1.8199 6.4458 0 -2.0126 6.7094 0 -1.8419
4 16 6.8027 0 -1.963 6.7094 0 -1.8419 6.4458 0 -2.0126 6.593 0 -2.1665
4 16 6.8027 0 -1.963 6.593 0 -2.1665 6.7814 0 -2.2658 6.9331 0 -2.0427
4 16 7.0833 0 -2.0705 6.9331 0 -2.0427 6.7814 0 -2.2658 6.9915 0 -2.3
4 16 7.0833 0 -2.0705 6.9915 0 -2.3 7.2748 0 -2.272 7.2806 0 -2.049
4 16 7.4686 0 -1.9856 7.2806 0 -2.049 7.2748 0 -2.272 7.547 0 -2.1889
4 16 7.4686 0 -1.9856 7.547 0 -2.1889 7.7976 0 -2.0541 7.6385 0 -1.8832
4 16 7.7825 0 -1.7466 7.6385 0 -1.8832 7.7976 0 -2.0541 8.0169 0 -1.8727
4 16 7.7825 0 -1.7466 8.0169 0 -1.8727 8.1964 0 -1.6518 7.8936 0 -1.5823
4 16 7.972 0 -1.4 7.8936 0 -1.5823 8.1964 0 -1.6518 8.329 0 -1.4
0 // Letter "champioNship"
4 16 9.2818 0 -.888 9.06 0 -.55 8.38 0 -2.25 8.737 0 -2.25
4 16 9.2818 0 -.888 9.3417 0 -.888 9.417 0 -.55 9.06 0 -.55
4 16 9.3417 0 -.888 9.5679 0 -.604 9.4972 0 -.5639 9.417 0 -.55
4 16 9.3417 0 -.888 9.6504 0 -.7413 9.6211 0 -.6655 9.5679 0 -.604
4 16 9.3417 0 -.888 9.5759 0 -2.0587 9.8842 0 -1.91 9.6504 0 -.7413
4 16 9.8842 0 -1.91 9.5759 0 -2.0587 9.6052 0 -2.1345 9.6583 0 -2.1961
4 16 9.8842 0 -1.91 9.6583 0 -2.1961 9.7291 0 -2.2361 9.8092 0 -2.25
4 16 9.944 0 -1.91 9.8842 0 -1.91 9.8092 0 -2.25 10.165 0 -2.25
4 16 9.944 0 -1.91 10.165 0 -2.25 10.845 0 -.55 10.488 0 -.55
0 // Letter "championShip"
4 16 11.0909 0 -1.8308 11.1034 0 -1.774 10.7464 0 -1.774 10.7221 0 -1.8837
4 16 11.0909 0 -1.8308 10.7221 0 -1.8837 10.7342 0 -1.9955 11.0971 0 -1.8887
4 16 11.1215 0 -1.9415 11.0971 0 -1.8887 10.7342 0 -1.9955 10.7813 0 -2.0975
4 16 11.1215 0 -1.9415 10.7813 0 -2.0975 10.8585 0 -2.1791 11.1615 0 -1.9838
4 16 11.2129 0 -2.0111 11.1615 0 -1.9838 10.8585 0 -2.1791 10.9578 0 -2.2318
4 16 11.2129 0 -2.0111 10.9578 0 -2.2318 11.0687 0 -2.25 11.2703 0 -2.0205
4 16 12.0937 0 -2.0205 11.2703 0 -2.0205 11.0687 0 -2.25 12.154 0 -2.25
4 16 12.0937 0 -2.0205 12.154 0 -2.25 12.258 0 -2.2397 12.138 0 -2.0161
4 16 12.1805 0 -2.003 12.138 0 -2.0161 12.258 0 -2.2397 12.3578 0 -2.209
4 16 12.1805 0 -2.003 12.3578 0 -2.209 12.4497 0 -2.1594 12.2197 0 -1.9819
4 16 12.2539 0 -1.9534 12.2197 0 -1.9819 12.4497 0 -2.1594 12.5299 0 -2.0925
4 16 12.2539 0 -1.9534 12.5299 0 -2.0925 12.5954 0 -2.0112 12.2818 0 -1.9187
4 16 12.3024 0 -1.8792 12.2818 0 -1.9187 12.5954 0 -2.0112 12.6436 0 -1.9185
4 16 12.3024 0 -1.8792 12.6436 0 -1.9185 12.6916 0 -1.7987 12.3132 0 -1.8349
4 16 12.3114 0 -1.7892 12.3132 0 -1.8349 12.6916 0 -1.7987 12.7114 0 -1.7177
4 16 12.3114 0 -1.7892 12.7114 0 -1.7177 12.7081 0 -1.6344 12.2971 0 -1.7459
4 16 12.2713 0 -1.7082 12.2971 0 -1.7459 12.7081 0 -1.6344 12.6819 0 -1.5552
4 16 12.2713 0 -1.7082 12.6819 0 -1.5552 12.6348 0 -1.4864 12.2361 0 -1.6791
4 16 12.1942 0 -1.6609 12.2361 0 -1.6791 12.6348 0 -1.4864 12.5705 0 -1.4333
4 16 12.1942 0 -1.6609 12.5705 0 -1.4333 12.494 0 -1.4 11.253 0 -1.4
4 16 11.5529 0 -1.1392 11.1766 0 -1.3667 11.253 0 -1.4 12.494 0 -1.4
4 16 11.5529 0 -1.1392 11.511 0 -1.1209 11.1123 0 -1.3136 11.1766 0 -1.3667
4 16 11.4758 0 -1.0918 11.0652 0 -1.2448 11.1123 0 -1.3136 11.511 0 -1.1209
4 16 11.4758 0 -1.0918 11.45 0 -1.0542 11.039 0 -1.1656 11.0652 0 -1.2448
4 16 11.4357 0 -1.0108 11.0357 0 -1.0823 11.039 0 -1.1656 11.45 0 -1.0542
4 16 11.4357 0 -1.0108 11.4338 0 -.9652 11.0555 0 -1.0013 11.0357 0 -1.0823
4 16 11.4447 0 -.9208 11.1035 0 -.8815 11.0555 0 -1.0013 11.4338 0 -.9652
4 16 11.4447 0 -.9208 11.4653 0 -.8813 11.1517 0 -.7888 11.1035 0 -.8815
4 16 11.4932 0 -.8466 11.2172 0 -.7075 11.1517 0 -.7888 11.4653 0 -.8813
4 16 11.4932 0 -.8466 11.5274 0 -.8182 11.2974 0 -.6407 11.2172 0 -.7075
4 16 11.5666 0 -.797 11.3893 0 -.591 11.2974 0 -.6407 11.5274 0 -.8182
4 16 11.5666 0 -.797 11.6091 0 -.7839 11.4891 0 -.5604 11.3893 0 -.591
4 16 11.6534 0 -.7795 11.593 0 -.55 11.4891 0 -.5604 11.6091 0 -.7839
4 16 11.6534 0 -.7795 12.4768 0 -.7795 12.6784 0 -.55 11.593 0 -.55
4 16 12.5342 0 -.7889 12.7893 0 -.5682 12.6784 0 -.55 12.4768 0 -.7795
4 16 12.5342 0 -.7889 12.5856 0 -.8162 12.8885 0 -.6209 12.7893 0 -.5682
4 16 12.6256 0 -.8585 12.9658 0 -.7025 12.8885 0 -.6209 12.5856 0 -.8162
4 16 12.6256 0 -.8585 12.65 0 -.9113 13.0129 0 -.8045 12.9658 0 -.7025
4 16 12.6562 0 -.9692 13.0249 0 -.9163 13.0129 0 -.8045 12.65 0 -.9113
4 16 12.6562 0 -.9692 12.6436 0 -1.026 13.0006 0 -1.026 13.0249 0 -.9163
0 // Letter "championsHip"
3 16 13.599 0 -1.4 12.902 0 -2.25 13.259 0 -2.25
4 16 13.599 0 -1.4 13.6908 0 -1.1705 13.582 0 -.55 12.902 0 -2.25
4 16 13.599 0 -1.4 14.602 0 -1.4 14.6938 0 -1.1705 13.6908 0 -1.1705
3 16 13.6908 0 -1.1705 13.939 0 -.55 13.582 0 -.55
3 16 14.6938 0 -1.1705 15.299 0 -.55 14.942 0 -.55
4 16 14.602 0 -1.4 14.619 0 -2.25 15.299 0 -.55 14.6938 0 -1.1705
3 16 14.602 0 -1.4 14.262 0 -2.25 14.619 0 -2.25
0 // Letter "championshIp"
4 16 15.112 0 -2.25 15.469 0 -2.25 16.149 0 -.55 15.792 0 -.55
0 // Letter "championshiP"
3 16 16.5672 0 -1.6295 15.962 0 -2.25 16.319 0 -2.25
4 16 16.5672 0 -1.6295 16.659 0 -1.4 16.642 0 -.55 15.962 0 -2.25
4 16 16.5672 0 -1.6295 17.4139 0 -1.6295 17.3959 0 -1.4 16.659 0 -1.4
3 16 16.9072 0 -.7795 16.642 0 -.55 16.659 0 -1.4
4 16 16.9072 0 -.7795 17.6441 0 -.7795 17.8457 0 -.55 16.642 0 -.55
4 16 17.7164 0 -.7914 17.9715 0 -.5706 17.8457 0 -.55 17.6441 0 -.7795
4 16 17.7164 0 -.7914 17.7811 0 -.8257 18.084 0 -.6304 17.9715 0 -.5706
4 16 17.8314 0 -.8789 18.1716 0 -.7229 18.084 0 -.6304 17.7811 0 -.8257
4 16 17.8314 0 -.8789 17.8621 0 -.9454 18.225 0 -.8386 18.1716 0 -.7229
4 16 17.87 0 -1.0182 18.2387 0 -.9653 18.225 0 -.8386 17.8621 0 -.9454
4 16 17.87 0 -1.0182 17.8541 0 -1.0898 18.2111 0 -1.0898 18.2387 0 -.9653
4 16 17.809 0 -1.1765 18.1327 0 -1.2406 18.2111 0 -1.0898 17.8541 0 -1.0898
4 16 17.809 0 -1.1765 17.7477 0 -1.2526 18.026 0 -1.3731 18.1327 0 -1.2406
4 16 17.6726 0 -1.3152 17.8953 0 -1.4819 18.026 0 -1.3731 17.7477 0 -1.2526
4 16 17.6726 0 -1.3152 17.5866 0 -1.3617 17.7457 0 -1.5628 17.8953 0 -1.4819
4 16 17.4932 0 -1.3903 17.5831 0 -1.6127 17.7457 0 -1.5628 17.5866 0 -1.3617
4 16 17.4932 0 -1.3903 17.3959 0 -1.4 17.4139 0 -1.6295 17.5831 0 -1.6127
