0 Hi-Res Ring 53 x 0.125
0 Name: 48\1-8ring53.dat
0 Author: Ulrich Röder [UR]
0 !LDRAW_ORG Unofficial_48_Primitive 
0 !LICENSE Redistributable under CCAL version 2.0 : see CAreadme.txt

0 BFC CERTIFY CCW


4 16 54 0 0 53.5356 0 7.047 52.5442 0 6.9165 53 0 0
4 16 53.5356 0 7.047 52.1586 0 13.9752 51.1927 0 13.7164 52.5442 0 6.9165
4 16 52.1586 0 13.9752 49.8906 0 20.6658 48.9667 0 20.2831 51.1927 0 13.7164
4 16 49.8906 0 20.6658 46.764 0 27 45.898 0 26.5 48.9667 0 20.2831
4 16 46.764 0 27 42.8436 0 32.8752 42.0502 0 32.2664 45.898 0 26.5
4 16 42.8436 0 32.8752 38.1834 0 38.1834 37.4763 0 37.4763 42.0502 0 32.2664
0 // Build by Primitive Generator 2
