0 Hi-Res Ring 36 x 0.125
0 Name: 48\1-8ring36.dat
0 Author: Gerald Lasser [GeraldLasser]
0 !LDRAW_ORG Unofficial_48_Primitive 
0 !LICENSE Redistributable under CCAL version 2.0 : see CAreadme.txt

0 BFC CERTIFY CCW


4 16 37 0 0 36.6818 0 4.8285 35.6904 0 4.698 36 0 0
4 16 36.6818 0 4.8285 35.7383 0 9.5756 34.7724 0 9.3168 35.6904 0 4.698
4 16 35.7383 0 9.5756 34.1843 0 14.1599 33.2604 0 13.7772 34.7724 0 9.3168
4 16 34.1843 0 14.1599 32.042 0 18.5 31.176 0 18 33.2604 0 13.7772
4 16 32.042 0 18.5 29.3558 0 22.5256 28.5624 0 21.9168 31.176 0 18
4 16 29.3558 0 22.5256 26.1627 0 26.1627 25.4556 0 25.4556 28.5624 0 21.9168
0 // Build by LDPartEditor (PrimGen 2.X)
