0 Hi-Res Ring 130 x 1.0
0 Name: 48\4-4ring130.dat
0 Author: Ulrich Röder [UR]
0 !LDRAW_ORG Unofficial_48_Primitive 
0 !LICENSE Redistributable under CCAL version 2.0 : see CAreadme.txt

0 BFC CERTIFY CCW


4 16 131 0 0 129.8734 0 17.0955 128.882 0 16.965 130 0 0
4 16 129.8734 0 17.0955 126.5329 0 33.9028 125.567 0 33.644 128.882 0 16.965
4 16 126.5329 0 33.9028 121.0309 0 50.1337 120.107 0 49.751 125.567 0 33.644
4 16 121.0309 0 50.1337 113.446 0 65.5 112.58 0 65 120.107 0 49.751
4 16 113.446 0 65.5 103.9354 0 79.7528 103.142 0 79.144 112.58 0 65
4 16 103.9354 0 79.7528 92.6301 0 92.6301 91.923 0 91.923 103.142 0 79.144
4 16 92.6301 0 92.6301 79.7528 0 103.9354 79.144 0 103.142 91.923 0 91.923
4 16 79.7528 0 103.9354 65.5 0 113.446 65 0 112.58 79.144 0 103.142
4 16 65.5 0 113.446 50.1337 0 121.0309 49.751 0 120.107 65 0 112.58
4 16 50.1337 0 121.0309 33.9028 0 126.5329 33.644 0 125.567 49.751 0 120.107
4 16 33.9028 0 126.5329 17.0955 0 129.8734 16.965 0 128.882 33.644 0 125.567
4 16 17.0955 0 129.8734 0 0 131 0 0 130 16.965 0 128.882
4 16 0 0 131 -17.0955 0 129.8734 -16.965 0 128.882 0 0 130
4 16 -17.0955 0 129.8734 -33.9028 0 126.5329 -33.644 0 125.567 -16.965 0 128.882
4 16 -33.9028 0 126.5329 -50.1337 0 121.0309 -49.751 0 120.107 -33.644 0 125.567
4 16 -50.1337 0 121.0309 -65.5 0 113.446 -65 0 112.58 -49.751 0 120.107
4 16 -65.5 0 113.446 -79.7528 0 103.9354 -79.144 0 103.142 -65 0 112.58
4 16 -79.7528 0 103.9354 -92.6301 0 92.6301 -91.923 0 91.923 -79.144 0 103.142
4 16 -92.6301 0 92.6301 -103.9354 0 79.7528 -103.142 0 79.144 -91.923 0 91.923
4 16 -103.9354 0 79.7528 -113.446 0 65.5 -112.58 0 65 -103.142 0 79.144
4 16 -113.446 0 65.5 -121.0309 0 50.1337 -120.107 0 49.751 -112.58 0 65
4 16 -121.0309 0 50.1337 -126.5329 0 33.9028 -125.567 0 33.644 -120.107 0 49.751
4 16 -126.5329 0 33.9028 -129.8734 0 17.0955 -128.882 0 16.965 -125.567 0 33.644
4 16 -129.8734 0 17.0955 -131 0 0 -130 0 0 -128.882 0 16.965
4 16 -131 0 0 -129.8734 0 -17.0955 -128.882 0 -16.965 -130 0 0
4 16 -129.8734 0 -17.0955 -126.5329 0 -33.9028 -125.567 0 -33.644 -128.882 0 -16.965
4 16 -126.5329 0 -33.9028 -121.0309 0 -50.1337 -120.107 0 -49.751 -125.567 0 -33.644
4 16 -121.0309 0 -50.1337 -113.446 0 -65.5 -112.58 0 -65 -120.107 0 -49.751
4 16 -113.446 0 -65.5 -103.9354 0 -79.7528 -103.142 0 -79.144 -112.58 0 -65
4 16 -103.9354 0 -79.7528 -92.6301 0 -92.6301 -91.923 0 -91.923 -103.142 0 -79.144
4 16 -92.6301 0 -92.6301 -79.7528 0 -103.9354 -79.144 0 -103.142 -91.923 0 -91.923
4 16 -79.7528 0 -103.9354 -65.5 0 -113.446 -65 0 -112.58 -79.144 0 -103.142
4 16 -65.5 0 -113.446 -50.1337 0 -121.0309 -49.751 0 -120.107 -65 0 -112.58
4 16 -50.1337 0 -121.0309 -33.9028 0 -126.5329 -33.644 0 -125.567 -49.751 0 -120.107
4 16 -33.9028 0 -126.5329 -17.0955 0 -129.8734 -16.965 0 -128.882 -33.644 0 -125.567
4 16 -17.0955 0 -129.8734 0 0 -131 0 0 -130 -16.965 0 -128.882
4 16 0 0 -131 17.0955 0 -129.8734 16.965 0 -128.882 0 0 -130
4 16 17.0955 0 -129.8734 33.9028 0 -126.5329 33.644 0 -125.567 16.965 0 -128.882
4 16 33.9028 0 -126.5329 50.1337 0 -121.0309 49.751 0 -120.107 33.644 0 -125.567
4 16 50.1337 0 -121.0309 65.5 0 -113.446 65 0 -112.58 49.751 0 -120.107
4 16 65.5 0 -113.446 79.7528 0 -103.9354 79.144 0 -103.142 65 0 -112.58
4 16 79.7528 0 -103.9354 92.6301 0 -92.6301 91.923 0 -91.923 79.144 0 -103.142
4 16 92.6301 0 -92.6301 103.9354 0 -79.7528 103.142 0 -79.144 91.923 0 -91.923
4 16 103.9354 0 -79.7528 113.446 0 -65.5 112.58 0 -65 103.142 0 -79.144
4 16 113.446 0 -65.5 121.0309 0 -50.1337 120.107 0 -49.751 112.58 0 -65
4 16 121.0309 0 -50.1337 126.5329 0 -33.9028 125.567 0 -33.644 120.107 0 -49.751
4 16 126.5329 0 -33.9028 129.8734 0 -17.0955 128.882 0 -16.965 125.567 0 -33.644
4 16 129.8734 0 -17.0955 131 0 0 130 0 0 128.882 0 -16.965
0 // Build by Primitive Generator 2
