0 Hi-Res Torus Outside  1 x 0.5000 x 0.25
0 Name: 48\t04o5000.dat
0 Author: Gerald Lasser [GeraldLasser]
0 !LDRAW_ORG Unofficial_48_Primitive 
0 !LICENSE Redistributable under CCAL version 2.0 : see CAreadme.txt

0 BFC CERTIFY CCW


0 // Major Radius: 2
0 // Tube(Minor) Radius: 1
0 // Segments(Sweep): 12/48 = 0.25
0 // 1 9 0 0 0 1 0 0 0 1 0 0 0 1 4-4edge.dat
0 // 1 12 1 0 0 0.5000 0 0 0 0 0.5000 0 1 0 4-4edge.dat

4 16 1 0.5 0 0.9914 0.5 0.1305 1.0561 0.4957 0.139 1.0653 0.4957 0
4 16 1.0653 0.4957 0 1.0561 0.4957 0.139 1.1197 0.483 0.1474 1.1294 0.483 0
4 16 1.1294 0.483 0 1.1197 0.483 0.1474 1.1811 0.462 0.1555 1.1914 0.462 0
4 16 1.1914 0.462 0 1.1811 0.462 0.1555 1.2393 0.433 0.1631 1.25 0.433 0
4 16 1.25 0.433 0 1.2393 0.433 0.1631 1.2932 0.3967 0.1702 1.3044 0.3967 0
4 16 1.3044 0.3967 0 1.2932 0.3967 0.1702 1.3419 0.3536 0.1766 1.3536 0.3536 0
4 16 1.3536 0.3536 0 1.3419 0.3536 0.1766 1.3847 0.3044 0.1823 1.3967 0.3044 0
4 16 1.3967 0.3044 0 1.3847 0.3044 0.1823 1.4207 0.25 0.187 1.433 0.25 0
4 16 1.433 0.25 0 1.4207 0.25 0.187 1.4494 0.1914 0.1908 1.462 0.1914 0
4 16 1.462 0.1914 0 1.4494 0.1914 0.1908 1.4702 0.1294 0.1935 1.483 0.1294 0
4 16 1.483 0.1294 0 1.4702 0.1294 0.1935 1.4828 0.0653 0.1952 1.4957 0.0653 0
4 16 1.4957 0.0653 0 1.4828 0.0653 0.1952 1.4871 0 0.1958 1.5 0 0
4 16 0.9914 0.5 0.1305 0.9659 0.5 0.2588 1.0289 0.4957 0.2757 1.0561 0.4957 0.139
4 16 1.0561 0.4957 0.139 1.0289 0.4957 0.2757 1.0909 0.483 0.2923 1.1197 0.483 0.1474
4 16 1.1197 0.483 0.1474 1.0909 0.483 0.2923 1.1507 0.462 0.3083 1.1811 0.462 0.1555
4 16 1.1811 0.462 0.1555 1.1507 0.462 0.3083 1.2074 0.433 0.3235 1.2393 0.433 0.1631
4 16 1.2393 0.433 0.1631 1.2074 0.433 0.3235 1.2599 0.3967 0.3376 1.2932 0.3967 0.1702
4 16 1.2932 0.3967 0.1702 1.2599 0.3967 0.3376 1.3074 0.3536 0.3503 1.3419 0.3536 0.1766
4 16 1.3419 0.3536 0.1766 1.3074 0.3536 0.3503 1.3491 0.3044 0.3615 1.3847 0.3044 0.1823
4 16 1.3847 0.3044 0.1823 1.3491 0.3044 0.3615 1.3841 0.25 0.3709 1.4207 0.25 0.187
4 16 1.4207 0.25 0.187 1.3841 0.25 0.3709 1.4121 0.1914 0.3784 1.4494 0.1914 0.1908
4 16 1.4494 0.1914 0.1908 1.4121 0.1914 0.3784 1.4324 0.1294 0.3838 1.4702 0.1294 0.1935
4 16 1.4702 0.1294 0.1935 1.4324 0.1294 0.3838 1.4447 0.0653 0.3871 1.4828 0.0653 0.1952
4 16 1.4828 0.0653 0.1952 1.4447 0.0653 0.3871 1.4489 0 0.3882 1.4871 0 0.1958
4 16 0.9659 0.5 0.2588 0.9239 0.5 0.3827 0.9842 0.4957 0.4077 1.0289 0.4957 0.2757
4 16 1.0289 0.4957 0.2757 0.9842 0.4957 0.4077 1.0435 0.483 0.4322 1.0909 0.483 0.2923
4 16 1.0909 0.483 0.2923 1.0435 0.483 0.4322 1.1007 0.462 0.4559 1.1507 0.462 0.3083
4 16 1.1507 0.462 0.3083 1.1007 0.462 0.4559 1.1549 0.433 0.4784 1.2074 0.433 0.3235
4 16 1.2074 0.433 0.3235 1.1549 0.433 0.4784 1.2051 0.3967 0.4992 1.2599 0.3967 0.3376
4 16 1.2599 0.3967 0.3376 1.2051 0.3967 0.4992 1.2505 0.3536 0.518 1.3074 0.3536 0.3503
4 16 1.3074 0.3536 0.3503 1.2505 0.3536 0.518 1.2904 0.3044 0.5345 1.3491 0.3044 0.3615
4 16 1.3491 0.3044 0.3615 1.2904 0.3044 0.5345 1.3239 0.25 0.5484 1.3841 0.25 0.3709
4 16 1.3841 0.25 0.3709 1.3239 0.25 0.5484 1.3507 0.1914 0.5595 1.4121 0.1914 0.3784
4 16 1.4121 0.1914 0.3784 1.3507 0.1914 0.5595 1.3701 0.1294 0.5675 1.4324 0.1294 0.3838
4 16 1.4324 0.1294 0.3838 1.3701 0.1294 0.5675 1.3819 0.0653 0.5724 1.4447 0.0653 0.3871
4 16 1.4447 0.0653 0.3871 1.3819 0.0653 0.5724 1.3859 0 0.5741 1.4489 0 0.3882
4 16 0.9239 0.5 0.3827 0.866 0.5 0.5 0.9225 0.4957 0.5326 0.9842 0.4957 0.4077
4 16 0.9842 0.4957 0.4077 0.9225 0.4957 0.5326 0.9781 0.483 0.5647 1.0435 0.483 0.4322
4 16 1.0435 0.483 0.4322 0.9781 0.483 0.5647 1.0317 0.462 0.5957 1.1007 0.462 0.4559
4 16 1.1007 0.462 0.4559 1.0317 0.462 0.5957 1.0825 0.433 0.625 1.1549 0.433 0.4784
4 16 1.1549 0.433 0.4784 1.0825 0.433 0.625 1.1296 0.3967 0.6522 1.2051 0.3967 0.4992
4 16 1.2051 0.3967 0.4992 1.1296 0.3967 0.6522 1.1722 0.3536 0.6768 1.2505 0.3536 0.518
4 16 1.2505 0.3536 0.518 1.1722 0.3536 0.6768 1.2095 0.3044 0.6984 1.2904 0.3044 0.5345
4 16 1.2904 0.3044 0.5345 1.2095 0.3044 0.6984 1.241 0.25 0.7165 1.3239 0.25 0.5484
4 16 1.3239 0.25 0.5484 1.241 0.25 0.7165 1.266 0.1914 0.731 1.3507 0.1914 0.5595
4 16 1.3507 0.1914 0.5595 1.266 0.1914 0.731 1.2842 0.1294 0.7415 1.3701 0.1294 0.5675
4 16 1.3701 0.1294 0.5675 1.2842 0.1294 0.7415 1.2953 0.0653 0.7479 1.3819 0.0653 0.5724
4 16 1.3819 0.0653 0.5724 1.2953 0.0653 0.7479 1.299 0 0.75 1.3859 0 0.5741
4 16 0.866 0.5 0.5 0.7934 0.5 0.6088 0.8452 0.4957 0.6485 0.9225 0.4957 0.5326
4 16 0.9225 0.4957 0.5326 0.8452 0.4957 0.6485 0.8961 0.483 0.6876 0.9781 0.483 0.5647
4 16 0.9781 0.483 0.5647 0.8961 0.483 0.6876 0.9452 0.462 0.7253 1.0317 0.462 0.5957
4 16 1.0317 0.462 0.5957 0.9452 0.462 0.7253 0.9918 0.433 0.761 1.0825 0.433 0.625
4 16 1.0825 0.433 0.625 0.9918 0.433 0.761 1.0349 0.3967 0.7941 1.1296 0.3967 0.6522
4 16 1.1296 0.3967 0.6522 1.0349 0.3967 0.7941 1.0739 0.3536 0.824 1.1722 0.3536 0.6768
4 16 1.1722 0.3536 0.6768 1.0739 0.3536 0.824 1.1081 0.3044 0.8503 1.2095 0.3044 0.6984
4 16 1.2095 0.3044 0.6984 1.1081 0.3044 0.8503 1.1369 0.25 0.8724 1.241 0.25 0.7165
4 16 1.241 0.25 0.7165 1.1369 0.25 0.8724 1.1599 0.1914 0.89 1.266 0.1914 0.731
4 16 1.266 0.1914 0.731 1.1599 0.1914 0.89 1.1766 0.1294 0.9028 1.2842 0.1294 0.7415
4 16 1.2842 0.1294 0.7415 1.1766 0.1294 0.9028 1.1867 0.0653 0.9106 1.2953 0.0653 0.7479
4 16 1.2953 0.0653 0.7479 1.1867 0.0653 0.9106 1.1901 0 0.9132 1.299 0 0.75
4 16 0.7934 0.5 0.6088 0.7071 0.5 0.7071 0.7532 0.4957 0.7532 0.8452 0.4957 0.6485
4 16 0.8452 0.4957 0.6485 0.7532 0.4957 0.7532 0.7986 0.483 0.7986 0.8961 0.483 0.6876
4 16 0.8961 0.483 0.6876 0.7986 0.483 0.7986 0.8424 0.462 0.8424 0.9452 0.462 0.7253
4 16 0.9452 0.462 0.7253 0.8424 0.462 0.8424 0.8839 0.433 0.8839 0.9918 0.433 0.761
4 16 0.9918 0.433 0.761 0.8839 0.433 0.8839 0.9223 0.3967 0.9223 1.0349 0.3967 0.7941
4 16 1.0349 0.3967 0.7941 0.9223 0.3967 0.9223 0.9571 0.3536 0.9571 1.0739 0.3536 0.824
4 16 1.0739 0.3536 0.824 0.9571 0.3536 0.9571 0.9876 0.3044 0.9876 1.1081 0.3044 0.8503
4 16 1.1081 0.3044 0.8503 0.9876 0.3044 0.9876 1.0133 0.25 1.0133 1.1369 0.25 0.8724
4 16 1.1369 0.25 0.8724 1.0133 0.25 1.0133 1.0337 0.1914 1.0337 1.1599 0.1914 0.89
4 16 1.1599 0.1914 0.89 1.0337 0.1914 1.0337 1.0486 0.1294 1.0486 1.1766 0.1294 0.9028
4 16 1.1766 0.1294 0.9028 1.0486 0.1294 1.0486 1.0576 0.0653 1.0576 1.1867 0.0653 0.9106
4 16 1.1867 0.0653 0.9106 1.0576 0.0653 1.0576 1.0607 0 1.0607 1.1901 0 0.9132
4 16 0.7071 0.5 0.7071 0.6088 0.5 0.7934 0.6485 0.4957 0.8452 0.7532 0.4957 0.7532
4 16 0.7532 0.4957 0.7532 0.6485 0.4957 0.8452 0.6876 0.483 0.8961 0.7986 0.483 0.7986
4 16 0.7986 0.483 0.7986 0.6876 0.483 0.8961 0.7253 0.462 0.9452 0.8424 0.462 0.8424
4 16 0.8424 0.462 0.8424 0.7253 0.462 0.9452 0.761 0.433 0.9918 0.8839 0.433 0.8839
4 16 0.8839 0.433 0.8839 0.761 0.433 0.9918 0.7941 0.3967 1.0349 0.9223 0.3967 0.9223
4 16 0.9223 0.3967 0.9223 0.7941 0.3967 1.0349 0.824 0.3536 1.0739 0.9571 0.3536 0.9571
4 16 0.9571 0.3536 0.9571 0.824 0.3536 1.0739 0.8503 0.3044 1.1081 0.9876 0.3044 0.9876
4 16 0.9876 0.3044 0.9876 0.8503 0.3044 1.1081 0.8724 0.25 1.1369 1.0133 0.25 1.0133
4 16 1.0133 0.25 1.0133 0.8724 0.25 1.1369 0.89 0.1914 1.1599 1.0337 0.1914 1.0337
4 16 1.0337 0.1914 1.0337 0.89 0.1914 1.1599 0.9028 0.1294 1.1766 1.0486 0.1294 1.0486
4 16 1.0486 0.1294 1.0486 0.9028 0.1294 1.1766 0.9106 0.0653 1.1867 1.0576 0.0653 1.0576
4 16 1.0576 0.0653 1.0576 0.9106 0.0653 1.1867 0.9132 0 1.1901 1.0607 0 1.0607
4 16 0.6088 0.5 0.7934 0.5 0.5 0.866 0.5326 0.4957 0.9225 0.6485 0.4957 0.8452
4 16 0.6485 0.4957 0.8452 0.5326 0.4957 0.9225 0.5647 0.483 0.9781 0.6876 0.483 0.8961
4 16 0.6876 0.483 0.8961 0.5647 0.483 0.9781 0.5957 0.462 1.0317 0.7253 0.462 0.9452
4 16 0.7253 0.462 0.9452 0.5957 0.462 1.0317 0.625 0.433 1.0825 0.761 0.433 0.9918
4 16 0.761 0.433 0.9918 0.625 0.433 1.0825 0.6522 0.3967 1.1296 0.7941 0.3967 1.0349
4 16 0.7941 0.3967 1.0349 0.6522 0.3967 1.1296 0.6768 0.3536 1.1722 0.824 0.3536 1.0739
4 16 0.824 0.3536 1.0739 0.6768 0.3536 1.1722 0.6984 0.3044 1.2095 0.8503 0.3044 1.1081
4 16 0.8503 0.3044 1.1081 0.6984 0.3044 1.2095 0.7165 0.25 1.241 0.8724 0.25 1.1369
4 16 0.8724 0.25 1.1369 0.7165 0.25 1.241 0.731 0.1914 1.266 0.89 0.1914 1.1599
4 16 0.89 0.1914 1.1599 0.731 0.1914 1.266 0.7415 0.1294 1.2842 0.9028 0.1294 1.1766
4 16 0.9028 0.1294 1.1766 0.7415 0.1294 1.2842 0.7479 0.0653 1.2953 0.9106 0.0653 1.1867
4 16 0.9106 0.0653 1.1867 0.7479 0.0653 1.2953 0.75 0 1.299 0.9132 0 1.1901
4 16 0.5 0.5 0.866 0.3827 0.5 0.9239 0.4077 0.4957 0.9842 0.5326 0.4957 0.9225
4 16 0.5326 0.4957 0.9225 0.4077 0.4957 0.9842 0.4322 0.483 1.0435 0.5647 0.483 0.9781
4 16 0.5647 0.483 0.9781 0.4322 0.483 1.0435 0.4559 0.462 1.1007 0.5957 0.462 1.0317
4 16 0.5957 0.462 1.0317 0.4559 0.462 1.1007 0.4784 0.433 1.1549 0.625 0.433 1.0825
4 16 0.625 0.433 1.0825 0.4784 0.433 1.1549 0.4992 0.3967 1.2051 0.6522 0.3967 1.1296
4 16 0.6522 0.3967 1.1296 0.4992 0.3967 1.2051 0.518 0.3536 1.2505 0.6768 0.3536 1.1722
4 16 0.6768 0.3536 1.1722 0.518 0.3536 1.2505 0.5345 0.3044 1.2904 0.6984 0.3044 1.2095
4 16 0.6984 0.3044 1.2095 0.5345 0.3044 1.2904 0.5484 0.25 1.3239 0.7165 0.25 1.241
4 16 0.7165 0.25 1.241 0.5484 0.25 1.3239 0.5595 0.1914 1.3507 0.731 0.1914 1.266
4 16 0.731 0.1914 1.266 0.5595 0.1914 1.3507 0.5675 0.1294 1.3701 0.7415 0.1294 1.2842
4 16 0.7415 0.1294 1.2842 0.5675 0.1294 1.3701 0.5724 0.0653 1.3819 0.7479 0.0653 1.2953
4 16 0.7479 0.0653 1.2953 0.5724 0.0653 1.3819 0.5741 0 1.3859 0.75 0 1.299
4 16 0.3827 0.5 0.9239 0.2588 0.5 0.9659 0.2757 0.4957 1.0289 0.4077 0.4957 0.9842
4 16 0.4077 0.4957 0.9842 0.2757 0.4957 1.0289 0.2923 0.483 1.0909 0.4322 0.483 1.0435
4 16 0.4322 0.483 1.0435 0.2923 0.483 1.0909 0.3083 0.462 1.1507 0.4559 0.462 1.1007
4 16 0.4559 0.462 1.1007 0.3083 0.462 1.1507 0.3235 0.433 1.2074 0.4784 0.433 1.1549
4 16 0.4784 0.433 1.1549 0.3235 0.433 1.2074 0.3376 0.3967 1.2599 0.4992 0.3967 1.2051
4 16 0.4992 0.3967 1.2051 0.3376 0.3967 1.2599 0.3503 0.3536 1.3074 0.518 0.3536 1.2505
4 16 0.518 0.3536 1.2505 0.3503 0.3536 1.3074 0.3615 0.3044 1.3491 0.5345 0.3044 1.2904
4 16 0.5345 0.3044 1.2904 0.3615 0.3044 1.3491 0.3709 0.25 1.3841 0.5484 0.25 1.3239
4 16 0.5484 0.25 1.3239 0.3709 0.25 1.3841 0.3784 0.1914 1.4121 0.5595 0.1914 1.3507
4 16 0.5595 0.1914 1.3507 0.3784 0.1914 1.4121 0.3838 0.1294 1.4324 0.5675 0.1294 1.3701
4 16 0.5675 0.1294 1.3701 0.3838 0.1294 1.4324 0.3871 0.0653 1.4447 0.5724 0.0653 1.3819
4 16 0.5724 0.0653 1.3819 0.3871 0.0653 1.4447 0.3882 0 1.4489 0.5741 0 1.3859
4 16 0.2588 0.5 0.9659 0.1305 0.5 0.9914 0.139 0.4957 1.0561 0.2757 0.4957 1.0289
4 16 0.2757 0.4957 1.0289 0.139 0.4957 1.0561 0.1474 0.483 1.1197 0.2923 0.483 1.0909
4 16 0.2923 0.483 1.0909 0.1474 0.483 1.1197 0.1555 0.462 1.1811 0.3083 0.462 1.1507
4 16 0.3083 0.462 1.1507 0.1555 0.462 1.1811 0.1631 0.433 1.2393 0.3235 0.433 1.2074
4 16 0.3235 0.433 1.2074 0.1631 0.433 1.2393 0.1702 0.3967 1.2932 0.3376 0.3967 1.2599
4 16 0.3376 0.3967 1.2599 0.1702 0.3967 1.2932 0.1766 0.3536 1.3419 0.3503 0.3536 1.3074
4 16 0.3503 0.3536 1.3074 0.1766 0.3536 1.3419 0.1823 0.3044 1.3847 0.3615 0.3044 1.3491
4 16 0.3615 0.3044 1.3491 0.1823 0.3044 1.3847 0.187 0.25 1.4207 0.3709 0.25 1.3841
4 16 0.3709 0.25 1.3841 0.187 0.25 1.4207 0.1908 0.1914 1.4494 0.3784 0.1914 1.4121
4 16 0.3784 0.1914 1.4121 0.1908 0.1914 1.4494 0.1935 0.1294 1.4702 0.3838 0.1294 1.4324
4 16 0.3838 0.1294 1.4324 0.1935 0.1294 1.4702 0.1952 0.0653 1.4828 0.3871 0.0653 1.4447
4 16 0.3871 0.0653 1.4447 0.1952 0.0653 1.4828 0.1958 0 1.4871 0.3882 0 1.4489
4 16 0.1305 0.5 0.9914 0 0.5 1 0 0.4957 1.0653 0.139 0.4957 1.0561
4 16 0.139 0.4957 1.0561 0 0.4957 1.0653 0 0.483 1.1294 0.1474 0.483 1.1197
4 16 0.1474 0.483 1.1197 0 0.483 1.1294 0 0.462 1.1914 0.1555 0.462 1.1811
4 16 0.1555 0.462 1.1811 0 0.462 1.1914 0 0.433 1.25 0.1631 0.433 1.2393
4 16 0.1631 0.433 1.2393 0 0.433 1.25 0 0.3967 1.3044 0.1702 0.3967 1.2932
4 16 0.1702 0.3967 1.2932 0 0.3967 1.3044 0 0.3536 1.3536 0.1766 0.3536 1.3419
4 16 0.1766 0.3536 1.3419 0 0.3536 1.3536 0 0.3044 1.3967 0.1823 0.3044 1.3847
4 16 0.1823 0.3044 1.3847 0 0.3044 1.3967 0 0.25 1.433 0.187 0.25 1.4207
4 16 0.187 0.25 1.4207 0 0.25 1.433 0 0.1914 1.462 0.1908 0.1914 1.4494
4 16 0.1908 0.1914 1.4494 0 0.1914 1.462 0 0.1294 1.483 0.1935 0.1294 1.4702
4 16 0.1935 0.1294 1.4702 0 0.1294 1.483 0 0.0653 1.4957 0.1952 0.0653 1.4828
4 16 0.1952 0.0653 1.4828 0 0.0653 1.4957 0 0 1.5 0.1958 0 1.4871
0 // conditional lines
5 24 1 0.5 0 0.9914 0.5 0.1305 1.0653 0.4957 0 0.9342 0.5 0
5 24 1 0.5 0 1.0653 0.4957 0 0.9914 0.5 0.1305 1 0.5 -0.1317
5 24 1.0653 0.4957 0 1.0561 0.4957 0.139 1.1294 0.483 0 1 0.5 0
5 24 1.0653 0.4957 0 1.1294 0.483 0 1.0561 0.4957 0.139 1.0653 0.4957 -0.1403
5 24 1.1294 0.483 0 1.1197 0.483 0.1474 1.1914 0.462 0 1.0653 0.4957 0
5 24 1.1294 0.483 0 1.1914 0.462 0 1.1197 0.483 0.1474 1.1294 0.483 -0.1487
5 24 1.1914 0.462 0 1.1811 0.462 0.1555 1.25 0.433 0 1.1294 0.483 0
5 24 1.1914 0.462 0 1.25 0.433 0 1.1811 0.462 0.1555 1.1914 0.462 -0.1569
5 24 1.25 0.433 0 1.2393 0.433 0.1631 1.3044 0.3967 0 1.1914 0.462 0
5 24 1.25 0.433 0 1.3044 0.3967 0 1.2393 0.433 0.1631 1.25 0.433 -0.1646
5 24 1.3044 0.3967 0 1.2932 0.3967 0.1702 1.3536 0.3536 0 1.25 0.433 0
5 24 1.3044 0.3967 0 1.3536 0.3536 0 1.2932 0.3967 0.1702 1.3044 0.3967 -0.1718
5 24 1.3536 0.3536 0 1.3419 0.3536 0.1766 1.3967 0.3044 0 1.3044 0.3967 0
5 24 1.3536 0.3536 0 1.3967 0.3044 0 1.3419 0.3536 0.1766 1.3536 0.3536 -0.1783
5 24 1.3967 0.3044 0 1.3847 0.3044 0.1823 1.433 0.25 0 1.3536 0.3536 0
5 24 1.3967 0.3044 0 1.433 0.25 0 1.3847 0.3044 0.1823 1.3967 0.3044 -0.1839
5 24 1.433 0.25 0 1.4207 0.25 0.187 1.462 0.1914 0 1.3967 0.3044 0
5 24 1.433 0.25 0 1.462 0.1914 0 1.4207 0.25 0.187 1.433 0.25 -0.1887
5 24 1.462 0.1914 0 1.4494 0.1914 0.1908 1.483 0.1294 0 1.433 0.25 0
5 24 1.462 0.1914 0 1.483 0.1294 0 1.4494 0.1914 0.1908 1.462 0.1914 -0.1925
5 24 1.483 0.1294 0 1.4702 0.1294 0.1935 1.4957 0.0653 0 1.462 0.1914 0
5 24 1.483 0.1294 0 1.4957 0.0653 0 1.4702 0.1294 0.1935 1.483 0.1294 -0.1953
5 24 1.4957 0.0653 0 1.4828 0.0653 0.1952 1.5 0 0 1.483 0.1294 0
5 24 1.4957 0.0653 0 1.5 0 0 1.4828 0.0653 0.1952 1.4957 0.0653 -0.197
5 24 1.5 0 0 1.4871 0 0.1958 1.5 -0.0659 0 1.4957 0.0653 0
5 24 0.9914 0.5 0.1305 0.9659 0.5 0.2588 1.0561 0.4957 0.139 0.9261 0.5 0.1219
5 24 0.9914 0.5 0.1305 1.0561 0.4957 0.139 0.9659 0.5 0.2588 1 0.5 0
5 24 1.0561 0.4957 0.139 1.0289 0.4957 0.2757 1.1197 0.483 0.1474 0.9914 0.5 0.1305
5 24 1.0561 0.4957 0.139 1.1197 0.483 0.1474 1.0289 0.4957 0.2757 1.0653 0.4957 0
5 24 1.1197 0.483 0.1474 1.0909 0.483 0.2923 1.1811 0.462 0.1555 1.0561 0.4957 0.139
5 24 1.1197 0.483 0.1474 1.1811 0.462 0.1555 1.0909 0.483 0.2923 1.1294 0.483 0
5 24 1.1811 0.462 0.1555 1.1507 0.462 0.3083 1.2393 0.433 0.1631 1.1197 0.483 0.1474
5 24 1.1811 0.462 0.1555 1.2393 0.433 0.1631 1.1507 0.462 0.3083 1.1914 0.462 0
5 24 1.2393 0.433 0.1631 1.2074 0.433 0.3235 1.2932 0.3967 0.1702 1.1811 0.462 0.1555
5 24 1.2393 0.433 0.1631 1.2932 0.3967 0.1702 1.2074 0.433 0.3235 1.25 0.433 0
5 24 1.2932 0.3967 0.1702 1.2599 0.3967 0.3376 1.3419 0.3536 0.1766 1.2393 0.433 0.1631
5 24 1.2932 0.3967 0.1702 1.3419 0.3536 0.1766 1.2599 0.3967 0.3376 1.3044 0.3967 0
5 24 1.3419 0.3536 0.1766 1.3074 0.3536 0.3503 1.3847 0.3044 0.1823 1.2932 0.3967 0.1702
5 24 1.3419 0.3536 0.1766 1.3847 0.3044 0.1823 1.3074 0.3536 0.3503 1.3536 0.3536 0
5 24 1.3847 0.3044 0.1823 1.3491 0.3044 0.3615 1.4207 0.25 0.187 1.3419 0.3536 0.1766
5 24 1.3847 0.3044 0.1823 1.4207 0.25 0.187 1.3491 0.3044 0.3615 1.3967 0.3044 0
5 24 1.4207 0.25 0.187 1.3841 0.25 0.3709 1.4494 0.1914 0.1908 1.3847 0.3044 0.1823
5 24 1.4207 0.25 0.187 1.4494 0.1914 0.1908 1.3841 0.25 0.3709 1.433 0.25 0
5 24 1.4494 0.1914 0.1908 1.4121 0.1914 0.3784 1.4702 0.1294 0.1935 1.4207 0.25 0.187
5 24 1.4494 0.1914 0.1908 1.4702 0.1294 0.1935 1.4121 0.1914 0.3784 1.462 0.1914 0
5 24 1.4702 0.1294 0.1935 1.4324 0.1294 0.3838 1.4828 0.0653 0.1952 1.4494 0.1914 0.1908
5 24 1.4702 0.1294 0.1935 1.4828 0.0653 0.1952 1.4324 0.1294 0.3838 1.483 0.1294 0
5 24 1.4828 0.0653 0.1952 1.4447 0.0653 0.3871 1.4871 0 0.1958 1.4702 0.1294 0.1935
5 24 1.4828 0.0653 0.1952 1.4871 0 0.1958 1.4447 0.0653 0.3871 1.4957 0.0653 0
5 24 1.4871 0 0.1958 1.4489 0 0.3882 1.4871 -0.0659 0.1958 1.4828 0.0653 0.1952
5 24 0.9659 0.5 0.2588 0.9239 0.5 0.3827 1.0289 0.4957 0.2757 0.9023 0.5 0.2418
5 24 0.9659 0.5 0.2588 1.0289 0.4957 0.2757 0.9239 0.5 0.3827 0.9914 0.5 0.1305
5 24 1.0289 0.4957 0.2757 0.9842 0.4957 0.4077 1.0909 0.483 0.2923 0.9659 0.5 0.2588
5 24 1.0289 0.4957 0.2757 1.0909 0.483 0.2923 0.9842 0.4957 0.4077 1.0561 0.4957 0.139
5 24 1.0909 0.483 0.2923 1.0435 0.483 0.4322 1.1507 0.462 0.3083 1.0289 0.4957 0.2757
5 24 1.0909 0.483 0.2923 1.1507 0.462 0.3083 1.0435 0.483 0.4322 1.1197 0.483 0.1474
5 24 1.1507 0.462 0.3083 1.1007 0.462 0.4559 1.2074 0.433 0.3235 1.0909 0.483 0.2923
5 24 1.1507 0.462 0.3083 1.2074 0.433 0.3235 1.1007 0.462 0.4559 1.1811 0.462 0.1555
5 24 1.2074 0.433 0.3235 1.1549 0.433 0.4784 1.2599 0.3967 0.3376 1.1507 0.462 0.3083
5 24 1.2074 0.433 0.3235 1.2599 0.3967 0.3376 1.1549 0.433 0.4784 1.2393 0.433 0.1631
5 24 1.2599 0.3967 0.3376 1.2051 0.3967 0.4992 1.3074 0.3536 0.3503 1.2074 0.433 0.3235
5 24 1.2599 0.3967 0.3376 1.3074 0.3536 0.3503 1.2051 0.3967 0.4992 1.2932 0.3967 0.1702
5 24 1.3074 0.3536 0.3503 1.2505 0.3536 0.518 1.3491 0.3044 0.3615 1.2599 0.3967 0.3376
5 24 1.3074 0.3536 0.3503 1.3491 0.3044 0.3615 1.2505 0.3536 0.518 1.3419 0.3536 0.1766
5 24 1.3491 0.3044 0.3615 1.2904 0.3044 0.5345 1.3841 0.25 0.3709 1.3074 0.3536 0.3503
5 24 1.3491 0.3044 0.3615 1.3841 0.25 0.3709 1.2904 0.3044 0.5345 1.3847 0.3044 0.1823
5 24 1.3841 0.25 0.3709 1.3239 0.25 0.5484 1.4121 0.1914 0.3784 1.3491 0.3044 0.3615
5 24 1.3841 0.25 0.3709 1.4121 0.1914 0.3784 1.3239 0.25 0.5484 1.4207 0.25 0.187
5 24 1.4121 0.1914 0.3784 1.3507 0.1914 0.5595 1.4324 0.1294 0.3838 1.3841 0.25 0.3709
5 24 1.4121 0.1914 0.3784 1.4324 0.1294 0.3838 1.3507 0.1914 0.5595 1.4494 0.1914 0.1908
5 24 1.4324 0.1294 0.3838 1.3701 0.1294 0.5675 1.4447 0.0653 0.3871 1.4121 0.1914 0.3784
5 24 1.4324 0.1294 0.3838 1.4447 0.0653 0.3871 1.3701 0.1294 0.5675 1.4702 0.1294 0.1935
5 24 1.4447 0.0653 0.3871 1.3819 0.0653 0.5724 1.4489 0 0.3882 1.4324 0.1294 0.3838
5 24 1.4447 0.0653 0.3871 1.4489 0 0.3882 1.3819 0.0653 0.5724 1.4828 0.0653 0.1952
5 24 1.4489 0 0.3882 1.3859 0 0.5741 1.4489 -0.0659 0.3882 1.4447 0.0653 0.3871
5 24 0.9239 0.5 0.3827 0.866 0.5 0.5 0.9842 0.4957 0.4077 0.8631 0.5 0.3575
5 24 0.9239 0.5 0.3827 0.9842 0.4957 0.4077 0.866 0.5 0.5 0.9659 0.5 0.2588
5 24 0.9842 0.4957 0.4077 0.9225 0.4957 0.5326 1.0435 0.483 0.4322 0.9239 0.5 0.3827
5 24 0.9842 0.4957 0.4077 1.0435 0.483 0.4322 0.9225 0.4957 0.5326 1.0289 0.4957 0.2757
5 24 1.0435 0.483 0.4322 0.9781 0.483 0.5647 1.1007 0.462 0.4559 0.9842 0.4957 0.4077
5 24 1.0435 0.483 0.4322 1.1007 0.462 0.4559 0.9781 0.483 0.5647 1.0909 0.483 0.2923
5 24 1.1007 0.462 0.4559 1.0317 0.462 0.5957 1.1549 0.433 0.4784 1.0435 0.483 0.4322
5 24 1.1007 0.462 0.4559 1.1549 0.433 0.4784 1.0317 0.462 0.5957 1.1507 0.462 0.3083
5 24 1.1549 0.433 0.4784 1.0825 0.433 0.625 1.2051 0.3967 0.4992 1.1007 0.462 0.4559
5 24 1.1549 0.433 0.4784 1.2051 0.3967 0.4992 1.0825 0.433 0.625 1.2074 0.433 0.3235
5 24 1.2051 0.3967 0.4992 1.1296 0.3967 0.6522 1.2505 0.3536 0.518 1.1549 0.433 0.4784
5 24 1.2051 0.3967 0.4992 1.2505 0.3536 0.518 1.1296 0.3967 0.6522 1.2599 0.3967 0.3376
5 24 1.2505 0.3536 0.518 1.1722 0.3536 0.6768 1.2904 0.3044 0.5345 1.2051 0.3967 0.4992
5 24 1.2505 0.3536 0.518 1.2904 0.3044 0.5345 1.1722 0.3536 0.6768 1.3074 0.3536 0.3503
5 24 1.2904 0.3044 0.5345 1.2095 0.3044 0.6984 1.3239 0.25 0.5484 1.2505 0.3536 0.518
5 24 1.2904 0.3044 0.5345 1.3239 0.25 0.5484 1.2095 0.3044 0.6984 1.3491 0.3044 0.3615
5 24 1.3239 0.25 0.5484 1.241 0.25 0.7165 1.3507 0.1914 0.5595 1.2904 0.3044 0.5345
5 24 1.3239 0.25 0.5484 1.3507 0.1914 0.5595 1.241 0.25 0.7165 1.3841 0.25 0.3709
5 24 1.3507 0.1914 0.5595 1.266 0.1914 0.731 1.3701 0.1294 0.5675 1.3239 0.25 0.5484
5 24 1.3507 0.1914 0.5595 1.3701 0.1294 0.5675 1.266 0.1914 0.731 1.4121 0.1914 0.3784
5 24 1.3701 0.1294 0.5675 1.2842 0.1294 0.7415 1.3819 0.0653 0.5724 1.3507 0.1914 0.5595
5 24 1.3701 0.1294 0.5675 1.3819 0.0653 0.5724 1.2842 0.1294 0.7415 1.4324 0.1294 0.3838
5 24 1.3819 0.0653 0.5724 1.2953 0.0653 0.7479 1.3859 0 0.5741 1.3701 0.1294 0.5675
5 24 1.3819 0.0653 0.5724 1.3859 0 0.5741 1.2953 0.0653 0.7479 1.4447 0.0653 0.3871
5 24 1.3859 0 0.5741 1.299 0 0.75 1.3859 -0.0659 0.5741 1.3819 0.0653 0.5724
5 24 0.866 0.5 0.5 0.7934 0.5 0.6088 0.9225 0.4957 0.5326 0.809 0.5 0.4671
5 24 0.866 0.5 0.5 0.9225 0.4957 0.5326 0.7934 0.5 0.6088 0.9239 0.5 0.3827
5 24 0.9225 0.4957 0.5326 0.8452 0.4957 0.6485 0.9781 0.483 0.5647 0.866 0.5 0.5
5 24 0.9225 0.4957 0.5326 0.9781 0.483 0.5647 0.8452 0.4957 0.6485 0.9842 0.4957 0.4077
5 24 0.9781 0.483 0.5647 0.8961 0.483 0.6876 1.0317 0.462 0.5957 0.9225 0.4957 0.5326
5 24 0.9781 0.483 0.5647 1.0317 0.462 0.5957 0.8961 0.483 0.6876 1.0435 0.483 0.4322
5 24 1.0317 0.462 0.5957 0.9452 0.462 0.7253 1.0825 0.433 0.625 0.9781 0.483 0.5647
5 24 1.0317 0.462 0.5957 1.0825 0.433 0.625 0.9452 0.462 0.7253 1.1007 0.462 0.4559
5 24 1.0825 0.433 0.625 0.9918 0.433 0.761 1.1296 0.3967 0.6522 1.0317 0.462 0.5957
5 24 1.0825 0.433 0.625 1.1296 0.3967 0.6522 0.9918 0.433 0.761 1.1549 0.433 0.4784
5 24 1.1296 0.3967 0.6522 1.0349 0.3967 0.7941 1.1722 0.3536 0.6768 1.0825 0.433 0.625
5 24 1.1296 0.3967 0.6522 1.1722 0.3536 0.6768 1.0349 0.3967 0.7941 1.2051 0.3967 0.4992
5 24 1.1722 0.3536 0.6768 1.0739 0.3536 0.824 1.2095 0.3044 0.6984 1.1296 0.3967 0.6522
5 24 1.1722 0.3536 0.6768 1.2095 0.3044 0.6984 1.0739 0.3536 0.824 1.2505 0.3536 0.518
5 24 1.2095 0.3044 0.6984 1.1081 0.3044 0.8503 1.241 0.25 0.7165 1.1722 0.3536 0.6768
5 24 1.2095 0.3044 0.6984 1.241 0.25 0.7165 1.1081 0.3044 0.8503 1.2904 0.3044 0.5345
5 24 1.241 0.25 0.7165 1.1369 0.25 0.8724 1.266 0.1914 0.731 1.2095 0.3044 0.6984
5 24 1.241 0.25 0.7165 1.266 0.1914 0.731 1.1369 0.25 0.8724 1.3239 0.25 0.5484
5 24 1.266 0.1914 0.731 1.1599 0.1914 0.89 1.2842 0.1294 0.7415 1.241 0.25 0.7165
5 24 1.266 0.1914 0.731 1.2842 0.1294 0.7415 1.1599 0.1914 0.89 1.3507 0.1914 0.5595
5 24 1.2842 0.1294 0.7415 1.1766 0.1294 0.9028 1.2953 0.0653 0.7479 1.266 0.1914 0.731
5 24 1.2842 0.1294 0.7415 1.2953 0.0653 0.7479 1.1766 0.1294 0.9028 1.3701 0.1294 0.5675
5 24 1.2953 0.0653 0.7479 1.1867 0.0653 0.9106 1.299 0 0.75 1.2842 0.1294 0.7415
5 24 1.2953 0.0653 0.7479 1.299 0 0.75 1.1867 0.0653 0.9106 1.3819 0.0653 0.5724
5 24 1.299 0 0.75 1.1901 0 0.9132 1.299 -0.0659 0.75 1.2953 0.0653 0.7479
5 24 0.7934 0.5 0.6088 0.7071 0.5 0.7071 0.8452 0.4957 0.6485 0.7412 0.5 0.5687
5 24 0.7934 0.5 0.6088 0.8452 0.4957 0.6485 0.7071 0.5 0.7071 0.866 0.5 0.5
5 24 0.8452 0.4957 0.6485 0.7532 0.4957 0.7532 0.8961 0.483 0.6876 0.7934 0.5 0.6088
5 24 0.8452 0.4957 0.6485 0.8961 0.483 0.6876 0.7532 0.4957 0.7532 0.9225 0.4957 0.5326
5 24 0.8961 0.483 0.6876 0.7986 0.483 0.7986 0.9452 0.462 0.7253 0.8452 0.4957 0.6485
5 24 0.8961 0.483 0.6876 0.9452 0.462 0.7253 0.7986 0.483 0.7986 0.9781 0.483 0.5647
5 24 0.9452 0.462 0.7253 0.8424 0.462 0.8424 0.9918 0.433 0.761 0.8961 0.483 0.6876
5 24 0.9452 0.462 0.7253 0.9918 0.433 0.761 0.8424 0.462 0.8424 1.0317 0.462 0.5957
5 24 0.9918 0.433 0.761 0.8839 0.433 0.8839 1.0349 0.3967 0.7941 0.9452 0.462 0.7253
5 24 0.9918 0.433 0.761 1.0349 0.3967 0.7941 0.8839 0.433 0.8839 1.0825 0.433 0.625
5 24 1.0349 0.3967 0.7941 0.9223 0.3967 0.9223 1.0739 0.3536 0.824 0.9918 0.433 0.761
5 24 1.0349 0.3967 0.7941 1.0739 0.3536 0.824 0.9223 0.3967 0.9223 1.1296 0.3967 0.6522
5 24 1.0739 0.3536 0.824 0.9571 0.3536 0.9571 1.1081 0.3044 0.8503 1.0349 0.3967 0.7941
5 24 1.0739 0.3536 0.824 1.1081 0.3044 0.8503 0.9571 0.3536 0.9571 1.1722 0.3536 0.6768
5 24 1.1081 0.3044 0.8503 0.9876 0.3044 0.9876 1.1369 0.25 0.8724 1.0739 0.3536 0.824
5 24 1.1081 0.3044 0.8503 1.1369 0.25 0.8724 0.9876 0.3044 0.9876 1.2095 0.3044 0.6984
5 24 1.1369 0.25 0.8724 1.0133 0.25 1.0133 1.1599 0.1914 0.89 1.1081 0.3044 0.8503
5 24 1.1369 0.25 0.8724 1.1599 0.1914 0.89 1.0133 0.25 1.0133 1.241 0.25 0.7165
5 24 1.1599 0.1914 0.89 1.0337 0.1914 1.0337 1.1766 0.1294 0.9028 1.1369 0.25 0.8724
5 24 1.1599 0.1914 0.89 1.1766 0.1294 0.9028 1.0337 0.1914 1.0337 1.266 0.1914 0.731
5 24 1.1766 0.1294 0.9028 1.0486 0.1294 1.0486 1.1867 0.0653 0.9106 1.1599 0.1914 0.89
5 24 1.1766 0.1294 0.9028 1.1867 0.0653 0.9106 1.0486 0.1294 1.0486 1.2842 0.1294 0.7415
5 24 1.1867 0.0653 0.9106 1.0576 0.0653 1.0576 1.1901 0 0.9132 1.1766 0.1294 0.9028
5 24 1.1867 0.0653 0.9106 1.1901 0 0.9132 1.0576 0.0653 1.0576 1.2953 0.0653 0.7479
5 24 1.1901 0 0.9132 1.0607 0 1.0607 1.1901 -0.0659 0.9132 1.1867 0.0653 0.9106
5 24 0.7071 0.5 0.7071 0.6088 0.5 0.7934 0.7532 0.4957 0.7532 0.6605 0.5 0.6605
5 24 0.7071 0.5 0.7071 0.7532 0.4957 0.7532 0.6088 0.5 0.7934 0.7934 0.5 0.6088
5 24 0.7532 0.4957 0.7532 0.6485 0.4957 0.8452 0.7986 0.483 0.7986 0.7071 0.5 0.7071
5 24 0.7532 0.4957 0.7532 0.7986 0.483 0.7986 0.6485 0.4957 0.8452 0.8452 0.4957 0.6485
5 24 0.7986 0.483 0.7986 0.6876 0.483 0.8961 0.8424 0.462 0.8424 0.7532 0.4957 0.7532
5 24 0.7986 0.483 0.7986 0.8424 0.462 0.8424 0.6876 0.483 0.8961 0.8961 0.483 0.6876
5 24 0.8424 0.462 0.8424 0.7253 0.462 0.9452 0.8839 0.433 0.8839 0.7986 0.483 0.7986
5 24 0.8424 0.462 0.8424 0.8839 0.433 0.8839 0.7253 0.462 0.9452 0.9452 0.462 0.7253
5 24 0.8839 0.433 0.8839 0.761 0.433 0.9918 0.9223 0.3967 0.9223 0.8424 0.462 0.8424
5 24 0.8839 0.433 0.8839 0.9223 0.3967 0.9223 0.761 0.433 0.9918 0.9918 0.433 0.761
5 24 0.9223 0.3967 0.9223 0.7941 0.3967 1.0349 0.9571 0.3536 0.9571 0.8839 0.433 0.8839
5 24 0.9223 0.3967 0.9223 0.9571 0.3536 0.9571 0.7941 0.3967 1.0349 1.0349 0.3967 0.7941
5 24 0.9571 0.3536 0.9571 0.824 0.3536 1.0739 0.9876 0.3044 0.9876 0.9223 0.3967 0.9223
5 24 0.9571 0.3536 0.9571 0.9876 0.3044 0.9876 0.824 0.3536 1.0739 1.0739 0.3536 0.824
5 24 0.9876 0.3044 0.9876 0.8503 0.3044 1.1081 1.0133 0.25 1.0133 0.9571 0.3536 0.9571
5 24 0.9876 0.3044 0.9876 1.0133 0.25 1.0133 0.8503 0.3044 1.1081 1.1081 0.3044 0.8503
5 24 1.0133 0.25 1.0133 0.8724 0.25 1.1369 1.0337 0.1914 1.0337 0.9876 0.3044 0.9876
5 24 1.0133 0.25 1.0133 1.0337 0.1914 1.0337 0.8724 0.25 1.1369 1.1369 0.25 0.8724
5 24 1.0337 0.1914 1.0337 0.89 0.1914 1.1599 1.0486 0.1294 1.0486 1.0133 0.25 1.0133
5 24 1.0337 0.1914 1.0337 1.0486 0.1294 1.0486 0.89 0.1914 1.1599 1.1599 0.1914 0.89
5 24 1.0486 0.1294 1.0486 0.9028 0.1294 1.1766 1.0576 0.0653 1.0576 1.0337 0.1914 1.0337
5 24 1.0486 0.1294 1.0486 1.0576 0.0653 1.0576 0.9028 0.1294 1.1766 1.1766 0.1294 0.9028
5 24 1.0576 0.0653 1.0576 0.9106 0.0653 1.1867 1.0607 0 1.0607 1.0486 0.1294 1.0486
5 24 1.0576 0.0653 1.0576 1.0607 0 1.0607 0.9106 0.0653 1.1867 1.1867 0.0653 0.9106
5 24 1.0607 0 1.0607 0.9132 0 1.1901 1.0607 -0.0659 1.0607 1.0576 0.0653 1.0576
5 24 0.6088 0.5 0.7934 0.5 0.5 0.866 0.6485 0.4957 0.8452 0.5687 0.5 0.7412
5 24 0.6088 0.5 0.7934 0.6485 0.4957 0.8452 0.5 0.5 0.866 0.7071 0.5 0.7071
5 24 0.6485 0.4957 0.8452 0.5326 0.4957 0.9225 0.6876 0.483 0.8961 0.6088 0.5 0.7934
5 24 0.6485 0.4957 0.8452 0.6876 0.483 0.8961 0.5326 0.4957 0.9225 0.7532 0.4957 0.7532
5 24 0.6876 0.483 0.8961 0.5647 0.483 0.9781 0.7253 0.462 0.9452 0.6485 0.4957 0.8452
5 24 0.6876 0.483 0.8961 0.7253 0.462 0.9452 0.5647 0.483 0.9781 0.7986 0.483 0.7986
5 24 0.7253 0.462 0.9452 0.5957 0.462 1.0317 0.761 0.433 0.9918 0.6876 0.483 0.8961
5 24 0.7253 0.462 0.9452 0.761 0.433 0.9918 0.5957 0.462 1.0317 0.8424 0.462 0.8424
5 24 0.761 0.433 0.9918 0.625 0.433 1.0825 0.7941 0.3967 1.0349 0.7253 0.462 0.9452
5 24 0.761 0.433 0.9918 0.7941 0.3967 1.0349 0.625 0.433 1.0825 0.8839 0.433 0.8839
5 24 0.7941 0.3967 1.0349 0.6522 0.3967 1.1296 0.824 0.3536 1.0739 0.761 0.433 0.9918
5 24 0.7941 0.3967 1.0349 0.824 0.3536 1.0739 0.6522 0.3967 1.1296 0.9223 0.3967 0.9223
5 24 0.824 0.3536 1.0739 0.6768 0.3536 1.1722 0.8503 0.3044 1.1081 0.7941 0.3967 1.0349
5 24 0.824 0.3536 1.0739 0.8503 0.3044 1.1081 0.6768 0.3536 1.1722 0.9571 0.3536 0.9571
5 24 0.8503 0.3044 1.1081 0.6984 0.3044 1.2095 0.8724 0.25 1.1369 0.824 0.3536 1.0739
5 24 0.8503 0.3044 1.1081 0.8724 0.25 1.1369 0.6984 0.3044 1.2095 0.9876 0.3044 0.9876
5 24 0.8724 0.25 1.1369 0.7165 0.25 1.241 0.89 0.1914 1.1599 0.8503 0.3044 1.1081
5 24 0.8724 0.25 1.1369 0.89 0.1914 1.1599 0.7165 0.25 1.241 1.0133 0.25 1.0133
5 24 0.89 0.1914 1.1599 0.731 0.1914 1.266 0.9028 0.1294 1.1766 0.8724 0.25 1.1369
5 24 0.89 0.1914 1.1599 0.9028 0.1294 1.1766 0.731 0.1914 1.266 1.0337 0.1914 1.0337
5 24 0.9028 0.1294 1.1766 0.7415 0.1294 1.2842 0.9106 0.0653 1.1867 0.89 0.1914 1.1599
5 24 0.9028 0.1294 1.1766 0.9106 0.0653 1.1867 0.7415 0.1294 1.2842 1.0486 0.1294 1.0486
5 24 0.9106 0.0653 1.1867 0.7479 0.0653 1.2953 0.9132 0 1.1901 0.9028 0.1294 1.1766
5 24 0.9106 0.0653 1.1867 0.9132 0 1.1901 0.7479 0.0653 1.2953 1.0576 0.0653 1.0576
5 24 0.9132 0 1.1901 0.75 0 1.299 0.9132 -0.0659 1.1901 0.9106 0.0653 1.1867
5 24 0.5 0.5 0.866 0.3827 0.5 0.9239 0.5326 0.4957 0.9225 0.4671 0.5 0.809
5 24 0.5 0.5 0.866 0.5326 0.4957 0.9225 0.3827 0.5 0.9239 0.6088 0.5 0.7934
5 24 0.5326 0.4957 0.9225 0.4077 0.4957 0.9842 0.5647 0.483 0.9781 0.5 0.5 0.866
5 24 0.5326 0.4957 0.9225 0.5647 0.483 0.9781 0.4077 0.4957 0.9842 0.6485 0.4957 0.8452
5 24 0.5647 0.483 0.9781 0.4322 0.483 1.0435 0.5957 0.462 1.0317 0.5326 0.4957 0.9225
5 24 0.5647 0.483 0.9781 0.5957 0.462 1.0317 0.4322 0.483 1.0435 0.6876 0.483 0.8961
5 24 0.5957 0.462 1.0317 0.4559 0.462 1.1007 0.625 0.433 1.0825 0.5647 0.483 0.9781
5 24 0.5957 0.462 1.0317 0.625 0.433 1.0825 0.4559 0.462 1.1007 0.7253 0.462 0.9452
5 24 0.625 0.433 1.0825 0.4784 0.433 1.1549 0.6522 0.3967 1.1296 0.5957 0.462 1.0317
5 24 0.625 0.433 1.0825 0.6522 0.3967 1.1296 0.4784 0.433 1.1549 0.761 0.433 0.9918
5 24 0.6522 0.3967 1.1296 0.4992 0.3967 1.2051 0.6768 0.3536 1.1722 0.625 0.433 1.0825
5 24 0.6522 0.3967 1.1296 0.6768 0.3536 1.1722 0.4992 0.3967 1.2051 0.7941 0.3967 1.0349
5 24 0.6768 0.3536 1.1722 0.518 0.3536 1.2505 0.6984 0.3044 1.2095 0.6522 0.3967 1.1296
5 24 0.6768 0.3536 1.1722 0.6984 0.3044 1.2095 0.518 0.3536 1.2505 0.824 0.3536 1.0739
5 24 0.6984 0.3044 1.2095 0.5345 0.3044 1.2904 0.7165 0.25 1.241 0.6768 0.3536 1.1722
5 24 0.6984 0.3044 1.2095 0.7165 0.25 1.241 0.5345 0.3044 1.2904 0.8503 0.3044 1.1081
5 24 0.7165 0.25 1.241 0.5484 0.25 1.3239 0.731 0.1914 1.266 0.6984 0.3044 1.2095
5 24 0.7165 0.25 1.241 0.731 0.1914 1.266 0.5484 0.25 1.3239 0.8724 0.25 1.1369
5 24 0.731 0.1914 1.266 0.5595 0.1914 1.3507 0.7415 0.1294 1.2842 0.7165 0.25 1.241
5 24 0.731 0.1914 1.266 0.7415 0.1294 1.2842 0.5595 0.1914 1.3507 0.89 0.1914 1.1599
5 24 0.7415 0.1294 1.2842 0.5675 0.1294 1.3701 0.7479 0.0653 1.2953 0.731 0.1914 1.266
5 24 0.7415 0.1294 1.2842 0.7479 0.0653 1.2953 0.5675 0.1294 1.3701 0.9028 0.1294 1.1766
5 24 0.7479 0.0653 1.2953 0.5724 0.0653 1.3819 0.75 0 1.299 0.7415 0.1294 1.2842
5 24 0.7479 0.0653 1.2953 0.75 0 1.299 0.5724 0.0653 1.3819 0.9106 0.0653 1.1867
5 24 0.75 0 1.299 0.5741 0 1.3859 0.75 -0.0659 1.299 0.7479 0.0653 1.2953
5 24 0.3827 0.5 0.9239 0.2588 0.5 0.9659 0.4077 0.4957 0.9842 0.3575 0.5 0.8631
5 24 0.3827 0.5 0.9239 0.4077 0.4957 0.9842 0.2588 0.5 0.9659 0.5 0.5 0.866
5 24 0.4077 0.4957 0.9842 0.2757 0.4957 1.0289 0.4322 0.483 1.0435 0.3827 0.5 0.9239
5 24 0.4077 0.4957 0.9842 0.4322 0.483 1.0435 0.2757 0.4957 1.0289 0.5326 0.4957 0.9225
5 24 0.4322 0.483 1.0435 0.2923 0.483 1.0909 0.4559 0.462 1.1007 0.4077 0.4957 0.9842
5 24 0.4322 0.483 1.0435 0.4559 0.462 1.1007 0.2923 0.483 1.0909 0.5647 0.483 0.9781
5 24 0.4559 0.462 1.1007 0.3083 0.462 1.1507 0.4784 0.433 1.1549 0.4322 0.483 1.0435
5 24 0.4559 0.462 1.1007 0.4784 0.433 1.1549 0.3083 0.462 1.1507 0.5957 0.462 1.0317
5 24 0.4784 0.433 1.1549 0.3235 0.433 1.2074 0.4992 0.3967 1.2051 0.4559 0.462 1.1007
5 24 0.4784 0.433 1.1549 0.4992 0.3967 1.2051 0.3235 0.433 1.2074 0.625 0.433 1.0825
5 24 0.4992 0.3967 1.2051 0.3376 0.3967 1.2599 0.518 0.3536 1.2505 0.4784 0.433 1.1549
5 24 0.4992 0.3967 1.2051 0.518 0.3536 1.2505 0.3376 0.3967 1.2599 0.6522 0.3967 1.1296
5 24 0.518 0.3536 1.2505 0.3503 0.3536 1.3074 0.5345 0.3044 1.2904 0.4992 0.3967 1.2051
5 24 0.518 0.3536 1.2505 0.5345 0.3044 1.2904 0.3503 0.3536 1.3074 0.6768 0.3536 1.1722
5 24 0.5345 0.3044 1.2904 0.3615 0.3044 1.3491 0.5484 0.25 1.3239 0.518 0.3536 1.2505
5 24 0.5345 0.3044 1.2904 0.5484 0.25 1.3239 0.3615 0.3044 1.3491 0.6984 0.3044 1.2095
5 24 0.5484 0.25 1.3239 0.3709 0.25 1.3841 0.5595 0.1914 1.3507 0.5345 0.3044 1.2904
5 24 0.5484 0.25 1.3239 0.5595 0.1914 1.3507 0.3709 0.25 1.3841 0.7165 0.25 1.241
5 24 0.5595 0.1914 1.3507 0.3784 0.1914 1.4121 0.5675 0.1294 1.3701 0.5484 0.25 1.3239
5 24 0.5595 0.1914 1.3507 0.5675 0.1294 1.3701 0.3784 0.1914 1.4121 0.731 0.1914 1.266
5 24 0.5675 0.1294 1.3701 0.3838 0.1294 1.4324 0.5724 0.0653 1.3819 0.5595 0.1914 1.3507
5 24 0.5675 0.1294 1.3701 0.5724 0.0653 1.3819 0.3838 0.1294 1.4324 0.7415 0.1294 1.2842
5 24 0.5724 0.0653 1.3819 0.3871 0.0653 1.4447 0.5741 0 1.3859 0.5675 0.1294 1.3701
5 24 0.5724 0.0653 1.3819 0.5741 0 1.3859 0.3871 0.0653 1.4447 0.7479 0.0653 1.2953
5 24 0.5741 0 1.3859 0.3882 0 1.4489 0.5741 -0.0659 1.3859 0.5724 0.0653 1.3819
5 24 0.2588 0.5 0.9659 0.1305 0.5 0.9914 0.2757 0.4957 1.0289 0.2418 0.5 0.9023
5 24 0.2588 0.5 0.9659 0.2757 0.4957 1.0289 0.1305 0.5 0.9914 0.3827 0.5 0.9239
5 24 0.2757 0.4957 1.0289 0.139 0.4957 1.0561 0.2923 0.483 1.0909 0.2588 0.5 0.9659
5 24 0.2757 0.4957 1.0289 0.2923 0.483 1.0909 0.139 0.4957 1.0561 0.4077 0.4957 0.9842
5 24 0.2923 0.483 1.0909 0.1474 0.483 1.1197 0.3083 0.462 1.1507 0.2757 0.4957 1.0289
5 24 0.2923 0.483 1.0909 0.3083 0.462 1.1507 0.1474 0.483 1.1197 0.4322 0.483 1.0435
5 24 0.3083 0.462 1.1507 0.1555 0.462 1.1811 0.3235 0.433 1.2074 0.2923 0.483 1.0909
5 24 0.3083 0.462 1.1507 0.3235 0.433 1.2074 0.1555 0.462 1.1811 0.4559 0.462 1.1007
5 24 0.3235 0.433 1.2074 0.1631 0.433 1.2393 0.3376 0.3967 1.2599 0.3083 0.462 1.1507
5 24 0.3235 0.433 1.2074 0.3376 0.3967 1.2599 0.1631 0.433 1.2393 0.4784 0.433 1.1549
5 24 0.3376 0.3967 1.2599 0.1702 0.3967 1.2932 0.3503 0.3536 1.3074 0.3235 0.433 1.2074
5 24 0.3376 0.3967 1.2599 0.3503 0.3536 1.3074 0.1702 0.3967 1.2932 0.4992 0.3967 1.2051
5 24 0.3503 0.3536 1.3074 0.1766 0.3536 1.3419 0.3615 0.3044 1.3491 0.3376 0.3967 1.2599
5 24 0.3503 0.3536 1.3074 0.3615 0.3044 1.3491 0.1766 0.3536 1.3419 0.518 0.3536 1.2505
5 24 0.3615 0.3044 1.3491 0.1823 0.3044 1.3847 0.3709 0.25 1.3841 0.3503 0.3536 1.3074
5 24 0.3615 0.3044 1.3491 0.3709 0.25 1.3841 0.1823 0.3044 1.3847 0.5345 0.3044 1.2904
5 24 0.3709 0.25 1.3841 0.187 0.25 1.4207 0.3784 0.1914 1.4121 0.3615 0.3044 1.3491
5 24 0.3709 0.25 1.3841 0.3784 0.1914 1.4121 0.187 0.25 1.4207 0.5484 0.25 1.3239
5 24 0.3784 0.1914 1.4121 0.1908 0.1914 1.4494 0.3838 0.1294 1.4324 0.3709 0.25 1.3841
5 24 0.3784 0.1914 1.4121 0.3838 0.1294 1.4324 0.1908 0.1914 1.4494 0.5595 0.1914 1.3507
5 24 0.3838 0.1294 1.4324 0.1935 0.1294 1.4702 0.3871 0.0653 1.4447 0.3784 0.1914 1.4121
5 24 0.3838 0.1294 1.4324 0.3871 0.0653 1.4447 0.1935 0.1294 1.4702 0.5675 0.1294 1.3701
5 24 0.3871 0.0653 1.4447 0.1952 0.0653 1.4828 0.3882 0 1.4489 0.3838 0.1294 1.4324
5 24 0.3871 0.0653 1.4447 0.3882 0 1.4489 0.1952 0.0653 1.4828 0.5724 0.0653 1.3819
5 24 0.3882 0 1.4489 0.1958 0 1.4871 0.3882 -0.0659 1.4489 0.3871 0.0653 1.4447
5 24 0.1305 0.5 0.9914 0 0.5 1 0.139 0.4957 1.0561 0.1219 0.5 0.9261
5 24 0.1305 0.5 0.9914 0.139 0.4957 1.0561 0 0.5 1 0.2588 0.5 0.9659
5 24 0.139 0.4957 1.0561 0 0.4957 1.0653 0.1474 0.483 1.1197 0.1305 0.5 0.9914
5 24 0.139 0.4957 1.0561 0.1474 0.483 1.1197 0 0.4957 1.0653 0.2757 0.4957 1.0289
5 24 0.1474 0.483 1.1197 0 0.483 1.1294 0.1555 0.462 1.1811 0.139 0.4957 1.0561
5 24 0.1474 0.483 1.1197 0.1555 0.462 1.1811 0 0.483 1.1294 0.2923 0.483 1.0909
5 24 0.1555 0.462 1.1811 0 0.462 1.1914 0.1631 0.433 1.2393 0.1474 0.483 1.1197
5 24 0.1555 0.462 1.1811 0.1631 0.433 1.2393 0 0.462 1.1914 0.3083 0.462 1.1507
5 24 0.1631 0.433 1.2393 0 0.433 1.25 0.1702 0.3967 1.2932 0.1555 0.462 1.1811
5 24 0.1631 0.433 1.2393 0.1702 0.3967 1.2932 0 0.433 1.25 0.3235 0.433 1.2074
5 24 0.1702 0.3967 1.2932 0 0.3967 1.3044 0.1766 0.3536 1.3419 0.1631 0.433 1.2393
5 24 0.1702 0.3967 1.2932 0.1766 0.3536 1.3419 0 0.3967 1.3044 0.3376 0.3967 1.2599
5 24 0.1766 0.3536 1.3419 0 0.3536 1.3536 0.1823 0.3044 1.3847 0.1702 0.3967 1.2932
5 24 0.1766 0.3536 1.3419 0.1823 0.3044 1.3847 0 0.3536 1.3536 0.3503 0.3536 1.3074
5 24 0.1823 0.3044 1.3847 0 0.3044 1.3967 0.187 0.25 1.4207 0.1766 0.3536 1.3419
5 24 0.1823 0.3044 1.3847 0.187 0.25 1.4207 0 0.3044 1.3967 0.3615 0.3044 1.3491
5 24 0.187 0.25 1.4207 0 0.25 1.433 0.1908 0.1914 1.4494 0.1823 0.3044 1.3847
5 24 0.187 0.25 1.4207 0.1908 0.1914 1.4494 0 0.25 1.433 0.3709 0.25 1.3841
5 24 0.1908 0.1914 1.4494 0 0.1914 1.462 0.1935 0.1294 1.4702 0.187 0.25 1.4207
5 24 0.1908 0.1914 1.4494 0.1935 0.1294 1.4702 0 0.1914 1.462 0.3784 0.1914 1.4121
5 24 0.1935 0.1294 1.4702 0 0.1294 1.483 0.1952 0.0653 1.4828 0.1908 0.1914 1.4494
5 24 0.1935 0.1294 1.4702 0.1952 0.0653 1.4828 0 0.1294 1.483 0.3838 0.1294 1.4324
5 24 0.1952 0.0653 1.4828 0 0.0653 1.4957 0.1958 0 1.4871 0.1935 0.1294 1.4702
5 24 0.1952 0.0653 1.4828 0.1958 0 1.4871 0 0.0653 1.4957 0.3871 0.0653 1.4447
5 24 0.1958 0 1.4871 0 0 1.5 0.1958 -0.0659 1.4871 0.1952 0.0653 1.4828
5 24 0 0.5 1 0 0.4957 1.0653 -0.1317 0.5 1 0.1305 0.5 0.9914
5 24 0 0.4957 1.0653 0 0.483 1.1294 -0.1403 0.4957 1.0653 0.139 0.4957 1.0561
5 24 0 0.483 1.1294 0 0.462 1.1914 -0.1487 0.483 1.1294 0.1474 0.483 1.1197
5 24 0 0.462 1.1914 0 0.433 1.25 -0.1569 0.462 1.1914 0.1555 0.462 1.1811
5 24 0 0.433 1.25 0 0.3967 1.3044 -0.1646 0.433 1.25 0.1631 0.433 1.2393
5 24 0 0.3967 1.3044 0 0.3536 1.3536 -0.1718 0.3967 1.3044 0.1702 0.3967 1.2932
5 24 0 0.3536 1.3536 0 0.3044 1.3967 -0.1783 0.3536 1.3536 0.1766 0.3536 1.3419
5 24 0 0.3044 1.3967 0 0.25 1.433 -0.1839 0.3044 1.3967 0.1823 0.3044 1.3847
5 24 0 0.25 1.433 0 0.1914 1.462 -0.1887 0.25 1.433 0.187 0.25 1.4207
5 24 0 0.1914 1.462 0 0.1294 1.483 -0.1925 0.1914 1.462 0.1908 0.1914 1.4494
5 24 0 0.1294 1.483 0 0.0653 1.4957 -0.1953 0.1294 1.483 0.1935 0.1294 1.4702
5 24 0 0.0653 1.4957 0 0 1.5 -0.197 0.0653 1.4957 0.1952 0.0653 1.4828
0 // Build by LDPartEditor (PrimGen 2.X)
