0 Hi-Res Torus Outside  1 x 0.4167 x 0.25
0 Name: 48\t04o4167.dat
0 Author: Ulrich Röder [UR]
0 !LDRAW_ORG Unofficial_48_Primitive 
0 !LICENSE Redistributable under CCAL version 2.0 : see CAreadme.txt

0 BFC CERTIFY CCW


0 // Major Radius: 36
0 // Tube(Minor) Radius: 15
0 // Segments(Sweep): 12/48 = 0.25
0 // 1 9 0 0 0 1 0 0 0 1 0 0 0 1 4-4edge.dat
0 // 1 12 1 0 0 0.4167 0 0 0 0 0.4167 0 1 0 4-4edge.dat

4 16 1 0.4167 0 0.9914 0.4167 0.1305 1.0453 0.4131 0.1376 1.0544 0.4131 0
4 16 1.0544 0.4131 0 1.0453 0.4131 0.1376 1.0983 0.4025 0.1446 1.1078 0.4025 0
4 16 1.1078 0.4025 0 1.0983 0.4025 0.1446 1.1495 0.385 0.1513 1.1595 0.385 0
4 16 1.1595 0.385 0 1.1495 0.385 0.1513 1.1979 0.3608 0.1577 1.2083 0.3608 0
4 16 1.2083 0.3608 0 1.1979 0.3608 0.1577 1.2429 0.3306 0.1636 1.2537 0.3306 0
4 16 1.2537 0.3306 0 1.2429 0.3306 0.1636 1.2835 0.2946 0.1689 1.2946 0.2946 0
4 16 1.2946 0.2946 0 1.2835 0.2946 0.1689 1.3191 0.2537 0.1736 1.3306 0.2537 0
4 16 1.3306 0.2537 0 1.3191 0.2537 0.1736 1.3491 0.2083 0.1776 1.3608 0.2083 0
4 16 1.3608 0.2083 0 1.3491 0.2083 0.1776 1.373 0.1595 0.1807 1.385 0.1595 0
4 16 1.385 0.1595 0 1.373 0.1595 0.1807 1.3904 0.1078 0.183 1.4025 0.1078 0
4 16 1.4025 0.1078 0 1.3904 0.1078 0.183 1.4009 0.0544 0.1844 1.4131 0.0544 0
4 16 1.4131 0.0544 0 1.4009 0.0544 0.1844 1.4045 0 0.1849 1.4167 0 0
4 16 0.9914 0.4167 0.1305 0.9659 0.4167 0.2588 1.0184 0.4131 0.2729 1.0453 0.4131 0.1376
4 16 1.0453 0.4131 0.1376 1.0184 0.4131 0.2729 1.0701 0.4025 0.2867 1.0983 0.4025 0.1446
4 16 1.0983 0.4025 0.1446 1.0701 0.4025 0.2867 1.1199 0.385 0.3001 1.1495 0.385 0.1513
4 16 1.1495 0.385 0.1513 1.1199 0.385 0.3001 1.1671 0.3608 0.3127 1.1979 0.3608 0.1577
4 16 1.1979 0.3608 0.1577 1.1671 0.3608 0.3127 1.2109 0.3306 0.3244 1.2429 0.3306 0.1636
4 16 1.2429 0.3306 0.1636 1.2109 0.3306 0.3244 1.2505 0.2946 0.335 1.2835 0.2946 0.1689
4 16 1.2835 0.2946 0.1689 1.2505 0.2946 0.335 1.2852 0.2537 0.3444 1.3191 0.2537 0.1736
4 16 1.3191 0.2537 0.1736 1.2852 0.2537 0.3444 1.3144 0.2083 0.3522 1.3491 0.2083 0.1776
4 16 1.3491 0.2083 0.1776 1.3144 0.2083 0.3522 1.3377 0.1595 0.3584 1.373 0.1595 0.1807
4 16 1.373 0.1595 0.1807 1.3377 0.1595 0.3584 1.3546 0.1078 0.363 1.3904 0.1078 0.183
4 16 1.3904 0.1078 0.183 1.3546 0.1078 0.363 1.3649 0.0544 0.3657 1.4009 0.0544 0.1844
4 16 1.4009 0.0544 0.1844 1.3649 0.0544 0.3657 1.3684 0 0.3666 1.4045 0 0.1849
4 16 0.9659 0.4167 0.2588 0.9239 0.4167 0.3827 0.9741 0.4131 0.4035 1.0184 0.4131 0.2729
4 16 1.0184 0.4131 0.2729 0.9741 0.4131 0.4035 1.0235 0.4025 0.424 1.0701 0.4025 0.2867
4 16 1.0701 0.4025 0.2867 1.0235 0.4025 0.424 1.0712 0.385 0.4437 1.1199 0.385 0.3001
4 16 1.1199 0.385 0.3001 1.0712 0.385 0.4437 1.1164 0.3608 0.4624 1.1671 0.3608 0.3127
4 16 1.1671 0.3608 0.3127 1.1164 0.3608 0.4624 1.1583 0.3306 0.4798 1.2109 0.3306 0.3244
4 16 1.2109 0.3306 0.3244 1.1583 0.3306 0.4798 1.1961 0.2946 0.4955 1.2505 0.2946 0.335
4 16 1.2505 0.2946 0.335 1.1961 0.2946 0.4955 1.2293 0.2537 0.5092 1.2852 0.2537 0.3444
4 16 1.2852 0.2537 0.3444 1.2293 0.2537 0.5092 1.2573 0.2083 0.5208 1.3144 0.2083 0.3522
4 16 1.3144 0.2083 0.3522 1.2573 0.2083 0.5208 1.2796 0.1595 0.53 1.3377 0.1595 0.3584
4 16 1.3377 0.1595 0.3584 1.2796 0.1595 0.53 1.2957 0.1078 0.5367 1.3546 0.1078 0.363
4 16 1.3546 0.1078 0.363 1.2957 0.1078 0.5367 1.3055 0.0544 0.5408 1.3649 0.0544 0.3657
4 16 1.3649 0.0544 0.3657 1.3055 0.0544 0.5408 1.3089 0 0.5422 1.3684 0 0.3666
4 16 0.9239 0.4167 0.3827 0.866 0.4167 0.5 0.9131 0.4131 0.5272 0.9741 0.4131 0.4035
4 16 0.9741 0.4131 0.4035 0.9131 0.4131 0.5272 0.9594 0.4025 0.5539 1.0235 0.4025 0.424
4 16 1.0235 0.4025 0.424 0.9594 0.4025 0.5539 1.0041 0.385 0.5797 1.0712 0.385 0.4437
4 16 1.0712 0.385 0.4437 1.0041 0.385 0.5797 1.0464 0.3608 0.6042 1.1164 0.3608 0.4624
4 16 1.1164 0.3608 0.4624 1.0464 0.3608 0.6042 1.0857 0.3306 0.6268 1.1583 0.3306 0.4798
4 16 1.1583 0.3306 0.4798 1.0857 0.3306 0.6268 1.1211 0.2946 0.6473 1.1961 0.2946 0.4955
4 16 1.1961 0.2946 0.4955 1.1211 0.2946 0.6473 1.1523 0.2537 0.6653 1.2293 0.2537 0.5092
4 16 1.2293 0.2537 0.5092 1.1523 0.2537 0.6653 1.1785 0.2083 0.6804 1.2573 0.2083 0.5208
4 16 1.2573 0.2083 0.5208 1.1785 0.2083 0.6804 1.1994 0.1595 0.6925 1.2796 0.1595 0.53
4 16 1.2796 0.1595 0.53 1.1994 0.1595 0.6925 1.2145 0.1078 0.7012 1.2957 0.1078 0.5367
4 16 1.2957 0.1078 0.5367 1.2145 0.1078 0.7012 1.2237 0.0544 0.7065 1.3055 0.0544 0.5408
4 16 1.3055 0.0544 0.5408 1.2237 0.0544 0.7065 1.2268 0 0.7083 1.3089 0 0.5422
4 16 0.866 0.4167 0.5 0.7934 0.4167 0.6088 0.8365 0.4131 0.6419 0.9131 0.4131 0.5272
4 16 0.9131 0.4131 0.5272 0.8365 0.4131 0.6419 0.879 0.4025 0.6744 0.9594 0.4025 0.5539
4 16 0.9594 0.4025 0.5539 0.879 0.4025 0.6744 0.9199 0.385 0.7059 1.0041 0.385 0.5797
4 16 1.0041 0.385 0.5797 0.9199 0.385 0.7059 0.9587 0.3608 0.7356 1.0464 0.3608 0.6042
4 16 1.0464 0.3608 0.6042 0.9587 0.3608 0.7356 0.9947 0.3306 0.7632 1.0857 0.3306 0.6268
4 16 1.0857 0.3306 0.6268 0.9947 0.3306 0.7632 1.0272 0.2946 0.7882 1.1211 0.2946 0.6473
4 16 1.1211 0.2946 0.6473 1.0272 0.2946 0.7882 1.0557 0.2537 0.8101 1.1523 0.2537 0.6653
4 16 1.1523 0.2537 0.6653 1.0557 0.2537 0.8101 1.0797 0.2083 0.8285 1.1785 0.2083 0.6804
4 16 1.1785 0.2083 0.6804 1.0797 0.2083 0.8285 1.0988 0.1595 0.8432 1.1994 0.1595 0.6925
4 16 1.1994 0.1595 0.6925 1.0988 0.1595 0.8432 1.1127 0.1078 0.8538 1.2145 0.1078 0.7012
4 16 1.2145 0.1078 0.7012 1.1127 0.1078 0.8538 1.1211 0.0544 0.8603 1.2237 0.0544 0.7065
4 16 1.2237 0.0544 0.7065 1.1211 0.0544 0.8603 1.124 0 0.8625 1.2268 0 0.7083
4 16 0.7934 0.4167 0.6088 0.7071 0.4167 0.7071 0.7455 0.4131 0.7455 0.8365 0.4131 0.6419
4 16 0.8365 0.4131 0.6419 0.7455 0.4131 0.7455 0.7833 0.4025 0.7833 0.879 0.4025 0.6744
4 16 0.879 0.4025 0.6744 0.7833 0.4025 0.7833 0.8199 0.385 0.8199 0.9199 0.385 0.7059
4 16 0.9199 0.385 0.7059 0.8199 0.385 0.8199 0.8544 0.3608 0.8544 0.9587 0.3608 0.7356
4 16 0.9587 0.3608 0.7356 0.8544 0.3608 0.8544 0.8865 0.3306 0.8865 0.9947 0.3306 0.7632
4 16 0.9947 0.3306 0.7632 0.8865 0.3306 0.8865 0.9154 0.2946 0.9154 1.0272 0.2946 0.7882
4 16 1.0272 0.2946 0.7882 0.9154 0.2946 0.9154 0.9409 0.2537 0.9409 1.0557 0.2537 0.8101
4 16 1.0557 0.2537 0.8101 0.9409 0.2537 0.9409 0.9622 0.2083 0.9622 1.0797 0.2083 0.8285
4 16 1.0797 0.2083 0.8285 0.9622 0.2083 0.9622 0.9793 0.1595 0.9793 1.0988 0.1595 0.8432
4 16 1.0988 0.1595 0.8432 0.9793 0.1595 0.9793 0.9917 0.1078 0.9917 1.1127 0.1078 0.8538
4 16 1.1127 0.1078 0.8538 0.9917 0.1078 0.9917 0.9992 0.0544 0.9992 1.1211 0.0544 0.8603
4 16 1.1211 0.0544 0.8603 0.9992 0.0544 0.9992 1.0017 0 1.0017 1.124 0 0.8625
4 16 0.7071 0.4167 0.7071 0.6088 0.4167 0.7934 0.6419 0.4131 0.8365 0.7455 0.4131 0.7455
4 16 0.7455 0.4131 0.7455 0.6419 0.4131 0.8365 0.6744 0.4025 0.879 0.7833 0.4025 0.7833
4 16 0.7833 0.4025 0.7833 0.6744 0.4025 0.879 0.7059 0.385 0.9199 0.8199 0.385 0.8199
4 16 0.8199 0.385 0.8199 0.7059 0.385 0.9199 0.7356 0.3608 0.9587 0.8544 0.3608 0.8544
4 16 0.8544 0.3608 0.8544 0.7356 0.3608 0.9587 0.7632 0.3306 0.9947 0.8865 0.3306 0.8865
4 16 0.8865 0.3306 0.8865 0.7632 0.3306 0.9947 0.7882 0.2946 1.0272 0.9154 0.2946 0.9154
4 16 0.9154 0.2946 0.9154 0.7882 0.2946 1.0272 0.8101 0.2537 1.0557 0.9409 0.2537 0.9409
4 16 0.9409 0.2537 0.9409 0.8101 0.2537 1.0557 0.8285 0.2083 1.0797 0.9622 0.2083 0.9622
4 16 0.9622 0.2083 0.9622 0.8285 0.2083 1.0797 0.8432 0.1595 1.0988 0.9793 0.1595 0.9793
4 16 0.9793 0.1595 0.9793 0.8432 0.1595 1.0988 0.8538 0.1078 1.1127 0.9917 0.1078 0.9917
4 16 0.9917 0.1078 0.9917 0.8538 0.1078 1.1127 0.8603 0.0544 1.1211 0.9992 0.0544 0.9992
4 16 0.9992 0.0544 0.9992 0.8603 0.0544 1.1211 0.8625 0 1.124 1.0017 0 1.0017
4 16 0.6088 0.4167 0.7934 0.5 0.4167 0.866 0.5272 0.4131 0.9131 0.6419 0.4131 0.8365
4 16 0.6419 0.4131 0.8365 0.5272 0.4131 0.9131 0.5539 0.4025 0.9594 0.6744 0.4025 0.879
4 16 0.6744 0.4025 0.879 0.5539 0.4025 0.9594 0.5797 0.385 1.0041 0.7059 0.385 0.9199
4 16 0.7059 0.385 0.9199 0.5797 0.385 1.0041 0.6042 0.3608 1.0464 0.7356 0.3608 0.9587
4 16 0.7356 0.3608 0.9587 0.6042 0.3608 1.0464 0.6268 0.3306 1.0857 0.7632 0.3306 0.9947
4 16 0.7632 0.3306 0.9947 0.6268 0.3306 1.0857 0.6473 0.2946 1.1211 0.7882 0.2946 1.0272
4 16 0.7882 0.2946 1.0272 0.6473 0.2946 1.1211 0.6653 0.2537 1.1523 0.8101 0.2537 1.0557
4 16 0.8101 0.2537 1.0557 0.6653 0.2537 1.1523 0.6804 0.2083 1.1785 0.8285 0.2083 1.0797
4 16 0.8285 0.2083 1.0797 0.6804 0.2083 1.1785 0.6925 0.1595 1.1994 0.8432 0.1595 1.0988
4 16 0.8432 0.1595 1.0988 0.6925 0.1595 1.1994 0.7012 0.1078 1.2145 0.8538 0.1078 1.1127
4 16 0.8538 0.1078 1.1127 0.7012 0.1078 1.2145 0.7065 0.0544 1.2237 0.8603 0.0544 1.1211
4 16 0.8603 0.0544 1.1211 0.7065 0.0544 1.2237 0.7083 0 1.2268 0.8625 0 1.124
4 16 0.5 0.4167 0.866 0.3827 0.4167 0.9239 0.4035 0.4131 0.9741 0.5272 0.4131 0.9131
4 16 0.5272 0.4131 0.9131 0.4035 0.4131 0.9741 0.424 0.4025 1.0235 0.5539 0.4025 0.9594
4 16 0.5539 0.4025 0.9594 0.424 0.4025 1.0235 0.4437 0.385 1.0712 0.5797 0.385 1.0041
4 16 0.5797 0.385 1.0041 0.4437 0.385 1.0712 0.4624 0.3608 1.1164 0.6042 0.3608 1.0464
4 16 0.6042 0.3608 1.0464 0.4624 0.3608 1.1164 0.4798 0.3306 1.1583 0.6268 0.3306 1.0857
4 16 0.6268 0.3306 1.0857 0.4798 0.3306 1.1583 0.4955 0.2946 1.1961 0.6473 0.2946 1.1211
4 16 0.6473 0.2946 1.1211 0.4955 0.2946 1.1961 0.5092 0.2537 1.2293 0.6653 0.2537 1.1523
4 16 0.6653 0.2537 1.1523 0.5092 0.2537 1.2293 0.5208 0.2083 1.2573 0.6804 0.2083 1.1785
4 16 0.6804 0.2083 1.1785 0.5208 0.2083 1.2573 0.53 0.1595 1.2796 0.6925 0.1595 1.1994
4 16 0.6925 0.1595 1.1994 0.53 0.1595 1.2796 0.5367 0.1078 1.2957 0.7012 0.1078 1.2145
4 16 0.7012 0.1078 1.2145 0.5367 0.1078 1.2957 0.5408 0.0544 1.3055 0.7065 0.0544 1.2237
4 16 0.7065 0.0544 1.2237 0.5408 0.0544 1.3055 0.5422 0 1.3089 0.7083 0 1.2268
4 16 0.3827 0.4167 0.9239 0.2588 0.4167 0.9659 0.2729 0.4131 1.0184 0.4035 0.4131 0.9741
4 16 0.4035 0.4131 0.9741 0.2729 0.4131 1.0184 0.2867 0.4025 1.0701 0.424 0.4025 1.0235
4 16 0.424 0.4025 1.0235 0.2867 0.4025 1.0701 0.3001 0.385 1.1199 0.4437 0.385 1.0712
4 16 0.4437 0.385 1.0712 0.3001 0.385 1.1199 0.3127 0.3608 1.1671 0.4624 0.3608 1.1164
4 16 0.4624 0.3608 1.1164 0.3127 0.3608 1.1671 0.3244 0.3306 1.2109 0.4798 0.3306 1.1583
4 16 0.4798 0.3306 1.1583 0.3244 0.3306 1.2109 0.335 0.2946 1.2505 0.4955 0.2946 1.1961
4 16 0.4955 0.2946 1.1961 0.335 0.2946 1.2505 0.3444 0.2537 1.2852 0.5092 0.2537 1.2293
4 16 0.5092 0.2537 1.2293 0.3444 0.2537 1.2852 0.3522 0.2083 1.3144 0.5208 0.2083 1.2573
4 16 0.5208 0.2083 1.2573 0.3522 0.2083 1.3144 0.3584 0.1595 1.3377 0.53 0.1595 1.2796
4 16 0.53 0.1595 1.2796 0.3584 0.1595 1.3377 0.363 0.1078 1.3546 0.5367 0.1078 1.2957
4 16 0.5367 0.1078 1.2957 0.363 0.1078 1.3546 0.3657 0.0544 1.3649 0.5408 0.0544 1.3055
4 16 0.5408 0.0544 1.3055 0.3657 0.0544 1.3649 0.3666 0 1.3684 0.5422 0 1.3089
4 16 0.2588 0.4167 0.9659 0.1305 0.4167 0.9914 0.1376 0.4131 1.0453 0.2729 0.4131 1.0184
4 16 0.2729 0.4131 1.0184 0.1376 0.4131 1.0453 0.1446 0.4025 1.0983 0.2867 0.4025 1.0701
4 16 0.2867 0.4025 1.0701 0.1446 0.4025 1.0983 0.1513 0.385 1.1495 0.3001 0.385 1.1199
4 16 0.3001 0.385 1.1199 0.1513 0.385 1.1495 0.1577 0.3608 1.1979 0.3127 0.3608 1.1671
4 16 0.3127 0.3608 1.1671 0.1577 0.3608 1.1979 0.1636 0.3306 1.2429 0.3244 0.3306 1.2109
4 16 0.3244 0.3306 1.2109 0.1636 0.3306 1.2429 0.1689 0.2946 1.2835 0.335 0.2946 1.2505
4 16 0.335 0.2946 1.2505 0.1689 0.2946 1.2835 0.1736 0.2537 1.3191 0.3444 0.2537 1.2852
4 16 0.3444 0.2537 1.2852 0.1736 0.2537 1.3191 0.1776 0.2083 1.3491 0.3522 0.2083 1.3144
4 16 0.3522 0.2083 1.3144 0.1776 0.2083 1.3491 0.1807 0.1595 1.373 0.3584 0.1595 1.3377
4 16 0.3584 0.1595 1.3377 0.1807 0.1595 1.373 0.183 0.1078 1.3904 0.363 0.1078 1.3546
4 16 0.363 0.1078 1.3546 0.183 0.1078 1.3904 0.1844 0.0544 1.4009 0.3657 0.0544 1.3649
4 16 0.3657 0.0544 1.3649 0.1844 0.0544 1.4009 0.1849 0 1.4045 0.3666 0 1.3684
4 16 0.1305 0.4167 0.9914 0 0.4167 1 0 0.4131 1.0544 0.1376 0.4131 1.0453
4 16 0.1376 0.4131 1.0453 0 0.4131 1.0544 0 0.4025 1.1078 0.1446 0.4025 1.0983
4 16 0.1446 0.4025 1.0983 0 0.4025 1.1078 0 0.385 1.1595 0.1513 0.385 1.1495
4 16 0.1513 0.385 1.1495 0 0.385 1.1595 0 0.3608 1.2083 0.1577 0.3608 1.1979
4 16 0.1577 0.3608 1.1979 0 0.3608 1.2083 0 0.3306 1.2537 0.1636 0.3306 1.2429
4 16 0.1636 0.3306 1.2429 0 0.3306 1.2537 0 0.2946 1.2946 0.1689 0.2946 1.2835
4 16 0.1689 0.2946 1.2835 0 0.2946 1.2946 0 0.2537 1.3306 0.1736 0.2537 1.3191
4 16 0.1736 0.2537 1.3191 0 0.2537 1.3306 0 0.2083 1.3608 0.1776 0.2083 1.3491
4 16 0.1776 0.2083 1.3491 0 0.2083 1.3608 0 0.1595 1.385 0.1807 0.1595 1.373
4 16 0.1807 0.1595 1.373 0 0.1595 1.385 0 0.1078 1.4025 0.183 0.1078 1.3904
4 16 0.183 0.1078 1.3904 0 0.1078 1.4025 0 0.0544 1.4131 0.1844 0.0544 1.4009
4 16 0.1844 0.0544 1.4009 0 0.0544 1.4131 0 0 1.4167 0.1849 0 1.4045

0 // conditional lines
5 24 1 0.4167 0 0.9914 0.4167 0.1305 1.0544 0.4131 0 0.9451 0.4167 0
5 24 1 0.4167 0 1.0544 0.4131 0 0.9914 0.4167 0.1305 1 0.4167 -0.1317
5 24 1.0544 0.4131 0 1.0453 0.4131 0.1376 1.1078 0.4025 0 1 0.4167 0
5 24 1.0544 0.4131 0 1.1078 0.4025 0 1.0453 0.4131 0.1376 1.0544 0.4131 -0.1389
5 24 1.1078 0.4025 0 1.0983 0.4025 0.1446 1.1595 0.385 0 1.0544 0.4131 0
5 24 1.1078 0.4025 0 1.1595 0.385 0 1.0983 0.4025 0.1446 1.1078 0.4025 -0.1459
5 24 1.1595 0.385 0 1.1495 0.385 0.1513 1.2083 0.3608 0 1.1078 0.4025 0
5 24 1.1595 0.385 0 1.2083 0.3608 0 1.1495 0.385 0.1513 1.1595 0.385 -0.1527
5 24 1.2083 0.3608 0 1.1979 0.3608 0.1577 1.2537 0.3306 0 1.1595 0.385 0
5 24 1.2083 0.3608 0 1.2537 0.3306 0 1.1979 0.3608 0.1577 1.2083 0.3608 -0.1591
5 24 1.2537 0.3306 0 1.2429 0.3306 0.1636 1.2946 0.2946 0 1.2083 0.3608 0
5 24 1.2537 0.3306 0 1.2946 0.2946 0 1.2429 0.3306 0.1636 1.2537 0.3306 -0.1651
5 24 1.2946 0.2946 0 1.2835 0.2946 0.1689 1.3306 0.2537 0 1.2537 0.3306 0
5 24 1.2946 0.2946 0 1.3306 0.2537 0 1.2835 0.2946 0.1689 1.2946 0.2946 -0.1705
5 24 1.3306 0.2537 0 1.3191 0.2537 0.1736 1.3608 0.2083 0 1.2946 0.2946 0
5 24 1.3306 0.2537 0 1.3608 0.2083 0 1.3191 0.2537 0.1736 1.3306 0.2537 -0.1752
5 24 1.3608 0.2083 0 1.3491 0.2083 0.1776 1.385 0.1595 0 1.3306 0.2537 0
5 24 1.3608 0.2083 0 1.385 0.1595 0 1.3491 0.2083 0.1776 1.3608 0.2083 -0.1792
5 24 1.385 0.1595 0 1.373 0.1595 0.1807 1.4025 0.1078 0 1.3608 0.2083 0
5 24 1.385 0.1595 0 1.4025 0.1078 0 1.373 0.1595 0.1807 1.385 0.1595 -0.1824
5 24 1.4025 0.1078 0 1.3904 0.1078 0.183 1.4131 0.0544 0 1.385 0.1595 0
5 24 1.4025 0.1078 0 1.4131 0.0544 0 1.3904 0.1078 0.183 1.4025 0.1078 -0.1847
5 24 1.4131 0.0544 0 1.4009 0.0544 0.1844 1.4167 0 0 1.4025 0.1078 0
5 24 1.4131 0.0544 0 1.4167 0 0 1.4009 0.0544 0.1844 1.4131 0.0544 -0.1861
5 24 1.4167 0 0 1.4045 0 0.1849 1.4167 -0.0549 0 1.4131 0.0544 0
5 24 0.9914 0.4167 0.1305 0.9659 0.4167 0.2588 1.0453 0.4131 0.1376 0.937 0.4167 0.1233
5 24 0.9914 0.4167 0.1305 1.0453 0.4131 0.1376 0.9659 0.4167 0.2588 1 0.4167 0
5 24 1.0453 0.4131 0.1376 1.0184 0.4131 0.2729 1.0983 0.4025 0.1446 0.9914 0.4167 0.1305
5 24 1.0453 0.4131 0.1376 1.0983 0.4025 0.1446 1.0184 0.4131 0.2729 1.0544 0.4131 0
5 24 1.0983 0.4025 0.1446 1.0701 0.4025 0.2867 1.1495 0.385 0.1513 1.0453 0.4131 0.1376
5 24 1.0983 0.4025 0.1446 1.1495 0.385 0.1513 1.0701 0.4025 0.2867 1.1078 0.4025 0
5 24 1.1495 0.385 0.1513 1.1199 0.385 0.3001 1.1979 0.3608 0.1577 1.0983 0.4025 0.1446
5 24 1.1495 0.385 0.1513 1.1979 0.3608 0.1577 1.1199 0.385 0.3001 1.1595 0.385 0
5 24 1.1979 0.3608 0.1577 1.1671 0.3608 0.3127 1.2429 0.3306 0.1636 1.1495 0.385 0.1513
5 24 1.1979 0.3608 0.1577 1.2429 0.3306 0.1636 1.1671 0.3608 0.3127 1.2083 0.3608 0
5 24 1.2429 0.3306 0.1636 1.2109 0.3306 0.3244 1.2835 0.2946 0.1689 1.1979 0.3608 0.1577
5 24 1.2429 0.3306 0.1636 1.2835 0.2946 0.1689 1.2109 0.3306 0.3244 1.2537 0.3306 0
5 24 1.2835 0.2946 0.1689 1.2505 0.2946 0.335 1.3191 0.2537 0.1736 1.2429 0.3306 0.1636
5 24 1.2835 0.2946 0.1689 1.3191 0.2537 0.1736 1.2505 0.2946 0.335 1.2946 0.2946 0
5 24 1.3191 0.2537 0.1736 1.2852 0.2537 0.3444 1.3491 0.2083 0.1776 1.2835 0.2946 0.1689
5 24 1.3191 0.2537 0.1736 1.3491 0.2083 0.1776 1.2852 0.2537 0.3444 1.3306 0.2537 0
5 24 1.3491 0.2083 0.1776 1.3144 0.2083 0.3522 1.373 0.1595 0.1807 1.3191 0.2537 0.1736
5 24 1.3491 0.2083 0.1776 1.373 0.1595 0.1807 1.3144 0.2083 0.3522 1.3608 0.2083 0
5 24 1.373 0.1595 0.1807 1.3377 0.1595 0.3584 1.3904 0.1078 0.183 1.3491 0.2083 0.1776
5 24 1.373 0.1595 0.1807 1.3904 0.1078 0.183 1.3377 0.1595 0.3584 1.385 0.1595 0
5 24 1.3904 0.1078 0.183 1.3546 0.1078 0.363 1.4009 0.0544 0.1844 1.373 0.1595 0.1807
5 24 1.3904 0.1078 0.183 1.4009 0.0544 0.1844 1.3546 0.1078 0.363 1.4025 0.1078 0
5 24 1.4009 0.0544 0.1844 1.3649 0.0544 0.3657 1.4045 0 0.1849 1.3904 0.1078 0.183
5 24 1.4009 0.0544 0.1844 1.4045 0 0.1849 1.3649 0.0544 0.3657 1.4131 0.0544 0
5 24 1.4045 0 0.1849 1.3684 0 0.3666 1.4045 -0.0549 0.1849 1.4009 0.0544 0.1844
5 24 0.9659 0.4167 0.2588 0.9239 0.4167 0.3827 1.0184 0.4131 0.2729 0.9129 0.4167 0.2446
5 24 0.9659 0.4167 0.2588 1.0184 0.4131 0.2729 0.9239 0.4167 0.3827 0.9914 0.4167 0.1305
5 24 1.0184 0.4131 0.2729 0.9741 0.4131 0.4035 1.0701 0.4025 0.2867 0.9659 0.4167 0.2588
5 24 1.0184 0.4131 0.2729 1.0701 0.4025 0.2867 0.9741 0.4131 0.4035 1.0453 0.4131 0.1376
5 24 1.0701 0.4025 0.2867 1.0235 0.4025 0.424 1.1199 0.385 0.3001 1.0184 0.4131 0.2729
5 24 1.0701 0.4025 0.2867 1.1199 0.385 0.3001 1.0235 0.4025 0.424 1.0983 0.4025 0.1446
5 24 1.1199 0.385 0.3001 1.0712 0.385 0.4437 1.1671 0.3608 0.3127 1.0701 0.4025 0.2867
5 24 1.1199 0.385 0.3001 1.1671 0.3608 0.3127 1.0712 0.385 0.4437 1.1495 0.385 0.1513
5 24 1.1671 0.3608 0.3127 1.1164 0.3608 0.4624 1.2109 0.3306 0.3244 1.1199 0.385 0.3001
5 24 1.1671 0.3608 0.3127 1.2109 0.3306 0.3244 1.1164 0.3608 0.4624 1.1979 0.3608 0.1577
5 24 1.2109 0.3306 0.3244 1.1583 0.3306 0.4798 1.2505 0.2946 0.335 1.1671 0.3608 0.3127
5 24 1.2109 0.3306 0.3244 1.2505 0.2946 0.335 1.1583 0.3306 0.4798 1.2429 0.3306 0.1636
5 24 1.2505 0.2946 0.335 1.1961 0.2946 0.4955 1.2852 0.2537 0.3444 1.2109 0.3306 0.3244
5 24 1.2505 0.2946 0.335 1.2852 0.2537 0.3444 1.1961 0.2946 0.4955 1.2835 0.2946 0.1689
5 24 1.2852 0.2537 0.3444 1.2293 0.2537 0.5092 1.3144 0.2083 0.3522 1.2505 0.2946 0.335
5 24 1.2852 0.2537 0.3444 1.3144 0.2083 0.3522 1.2293 0.2537 0.5092 1.3191 0.2537 0.1736
5 24 1.3144 0.2083 0.3522 1.2573 0.2083 0.5208 1.3377 0.1595 0.3584 1.2852 0.2537 0.3444
5 24 1.3144 0.2083 0.3522 1.3377 0.1595 0.3584 1.2573 0.2083 0.5208 1.3491 0.2083 0.1776
5 24 1.3377 0.1595 0.3584 1.2796 0.1595 0.53 1.3546 0.1078 0.363 1.3144 0.2083 0.3522
5 24 1.3377 0.1595 0.3584 1.3546 0.1078 0.363 1.2796 0.1595 0.53 1.373 0.1595 0.1807
5 24 1.3546 0.1078 0.363 1.2957 0.1078 0.5367 1.3649 0.0544 0.3657 1.3377 0.1595 0.3584
5 24 1.3546 0.1078 0.363 1.3649 0.0544 0.3657 1.2957 0.1078 0.5367 1.3904 0.1078 0.183
5 24 1.3649 0.0544 0.3657 1.3055 0.0544 0.5408 1.3684 0 0.3666 1.3546 0.1078 0.363
5 24 1.3649 0.0544 0.3657 1.3684 0 0.3666 1.3055 0.0544 0.5408 1.4009 0.0544 0.1844
5 24 1.3684 0 0.3666 1.3089 0 0.5422 1.3684 -0.0549 0.3666 1.3649 0.0544 0.3657
5 24 0.9239 0.4167 0.3827 0.866 0.4167 0.5 0.9741 0.4131 0.4035 0.8732 0.4167 0.3617
5 24 0.9239 0.4167 0.3827 0.9741 0.4131 0.4035 0.866 0.4167 0.5 0.9659 0.4167 0.2588
5 24 0.9741 0.4131 0.4035 0.9131 0.4131 0.5272 1.0235 0.4025 0.424 0.9239 0.4167 0.3827
5 24 0.9741 0.4131 0.4035 1.0235 0.4025 0.424 0.9131 0.4131 0.5272 1.0184 0.4131 0.2729
5 24 1.0235 0.4025 0.424 0.9594 0.4025 0.5539 1.0712 0.385 0.4437 0.9741 0.4131 0.4035
5 24 1.0235 0.4025 0.424 1.0712 0.385 0.4437 0.9594 0.4025 0.5539 1.0701 0.4025 0.2867
5 24 1.0712 0.385 0.4437 1.0041 0.385 0.5797 1.1164 0.3608 0.4624 1.0235 0.4025 0.424
5 24 1.0712 0.385 0.4437 1.1164 0.3608 0.4624 1.0041 0.385 0.5797 1.1199 0.385 0.3001
5 24 1.1164 0.3608 0.4624 1.0464 0.3608 0.6042 1.1583 0.3306 0.4798 1.0712 0.385 0.4437
5 24 1.1164 0.3608 0.4624 1.1583 0.3306 0.4798 1.0464 0.3608 0.6042 1.1671 0.3608 0.3127
5 24 1.1583 0.3306 0.4798 1.0857 0.3306 0.6268 1.1961 0.2946 0.4955 1.1164 0.3608 0.4624
5 24 1.1583 0.3306 0.4798 1.1961 0.2946 0.4955 1.0857 0.3306 0.6268 1.2109 0.3306 0.3244
5 24 1.1961 0.2946 0.4955 1.1211 0.2946 0.6473 1.2293 0.2537 0.5092 1.1583 0.3306 0.4798
5 24 1.1961 0.2946 0.4955 1.2293 0.2537 0.5092 1.1211 0.2946 0.6473 1.2505 0.2946 0.335
5 24 1.2293 0.2537 0.5092 1.1523 0.2537 0.6653 1.2573 0.2083 0.5208 1.1961 0.2946 0.4955
5 24 1.2293 0.2537 0.5092 1.2573 0.2083 0.5208 1.1523 0.2537 0.6653 1.2852 0.2537 0.3444
5 24 1.2573 0.2083 0.5208 1.1785 0.2083 0.6804 1.2796 0.1595 0.53 1.2293 0.2537 0.5092
5 24 1.2573 0.2083 0.5208 1.2796 0.1595 0.53 1.1785 0.2083 0.6804 1.3144 0.2083 0.3522
5 24 1.2796 0.1595 0.53 1.1994 0.1595 0.6925 1.2957 0.1078 0.5367 1.2573 0.2083 0.5208
5 24 1.2796 0.1595 0.53 1.2957 0.1078 0.5367 1.1994 0.1595 0.6925 1.3377 0.1595 0.3584
5 24 1.2957 0.1078 0.5367 1.2145 0.1078 0.7012 1.3055 0.0544 0.5408 1.2796 0.1595 0.53
5 24 1.2957 0.1078 0.5367 1.3055 0.0544 0.5408 1.2145 0.1078 0.7012 1.3546 0.1078 0.363
5 24 1.3055 0.0544 0.5408 1.2237 0.0544 0.7065 1.3089 0 0.5422 1.2957 0.1078 0.5367
5 24 1.3055 0.0544 0.5408 1.3089 0 0.5422 1.2237 0.0544 0.7065 1.3649 0.0544 0.3657
5 24 1.3089 0 0.5422 1.2268 0 0.7083 1.3089 -0.0549 0.5422 1.3055 0.0544 0.5408
5 24 0.866 0.4167 0.5 0.7934 0.4167 0.6088 0.9131 0.4131 0.5272 0.8185 0.4167 0.4726
5 24 0.866 0.4167 0.5 0.9131 0.4131 0.5272 0.7934 0.4167 0.6088 0.9239 0.4167 0.3827
5 24 0.9131 0.4131 0.5272 0.8365 0.4131 0.6419 0.9594 0.4025 0.5539 0.866 0.4167 0.5
5 24 0.9131 0.4131 0.5272 0.9594 0.4025 0.5539 0.8365 0.4131 0.6419 0.9741 0.4131 0.4035
5 24 0.9594 0.4025 0.5539 0.879 0.4025 0.6744 1.0041 0.385 0.5797 0.9131 0.4131 0.5272
5 24 0.9594 0.4025 0.5539 1.0041 0.385 0.5797 0.879 0.4025 0.6744 1.0235 0.4025 0.424
5 24 1.0041 0.385 0.5797 0.9199 0.385 0.7059 1.0464 0.3608 0.6042 0.9594 0.4025 0.5539
5 24 1.0041 0.385 0.5797 1.0464 0.3608 0.6042 0.9199 0.385 0.7059 1.0712 0.385 0.4437
5 24 1.0464 0.3608 0.6042 0.9587 0.3608 0.7356 1.0857 0.3306 0.6268 1.0041 0.385 0.5797
5 24 1.0464 0.3608 0.6042 1.0857 0.3306 0.6268 0.9587 0.3608 0.7356 1.1164 0.3608 0.4624
5 24 1.0857 0.3306 0.6268 0.9947 0.3306 0.7632 1.1211 0.2946 0.6473 1.0464 0.3608 0.6042
5 24 1.0857 0.3306 0.6268 1.1211 0.2946 0.6473 0.9947 0.3306 0.7632 1.1583 0.3306 0.4798
5 24 1.1211 0.2946 0.6473 1.0272 0.2946 0.7882 1.1523 0.2537 0.6653 1.0857 0.3306 0.6268
5 24 1.1211 0.2946 0.6473 1.1523 0.2537 0.6653 1.0272 0.2946 0.7882 1.1961 0.2946 0.4955
5 24 1.1523 0.2537 0.6653 1.0557 0.2537 0.8101 1.1785 0.2083 0.6804 1.1211 0.2946 0.6473
5 24 1.1523 0.2537 0.6653 1.1785 0.2083 0.6804 1.0557 0.2537 0.8101 1.2293 0.2537 0.5092
5 24 1.1785 0.2083 0.6804 1.0797 0.2083 0.8285 1.1994 0.1595 0.6925 1.1523 0.2537 0.6653
5 24 1.1785 0.2083 0.6804 1.1994 0.1595 0.6925 1.0797 0.2083 0.8285 1.2573 0.2083 0.5208
5 24 1.1994 0.1595 0.6925 1.0988 0.1595 0.8432 1.2145 0.1078 0.7012 1.1785 0.2083 0.6804
5 24 1.1994 0.1595 0.6925 1.2145 0.1078 0.7012 1.0988 0.1595 0.8432 1.2796 0.1595 0.53
5 24 1.2145 0.1078 0.7012 1.1127 0.1078 0.8538 1.2237 0.0544 0.7065 1.1994 0.1595 0.6925
5 24 1.2145 0.1078 0.7012 1.2237 0.0544 0.7065 1.1127 0.1078 0.8538 1.2957 0.1078 0.5367
5 24 1.2237 0.0544 0.7065 1.1211 0.0544 0.8603 1.2268 0 0.7083 1.2145 0.1078 0.7012
5 24 1.2237 0.0544 0.7065 1.2268 0 0.7083 1.1211 0.0544 0.8603 1.3055 0.0544 0.5408
5 24 1.2268 0 0.7083 1.124 0 0.8625 1.2268 -0.0549 0.7083 1.2237 0.0544 0.7065
5 24 0.7934 0.4167 0.6088 0.7071 0.4167 0.7071 0.8365 0.4131 0.6419 0.7499 0.4167 0.5754
5 24 0.7934 0.4167 0.6088 0.8365 0.4131 0.6419 0.7071 0.4167 0.7071 0.866 0.4167 0.5
5 24 0.8365 0.4131 0.6419 0.7455 0.4131 0.7455 0.879 0.4025 0.6744 0.7934 0.4167 0.6088
5 24 0.8365 0.4131 0.6419 0.879 0.4025 0.6744 0.7455 0.4131 0.7455 0.9131 0.4131 0.5272
5 24 0.879 0.4025 0.6744 0.7833 0.4025 0.7833 0.9199 0.385 0.7059 0.8365 0.4131 0.6419
5 24 0.879 0.4025 0.6744 0.9199 0.385 0.7059 0.7833 0.4025 0.7833 0.9594 0.4025 0.5539
5 24 0.9199 0.385 0.7059 0.8199 0.385 0.8199 0.9587 0.3608 0.7356 0.879 0.4025 0.6744
5 24 0.9199 0.385 0.7059 0.9587 0.3608 0.7356 0.8199 0.385 0.8199 1.0041 0.385 0.5797
5 24 0.9587 0.3608 0.7356 0.8544 0.3608 0.8544 0.9947 0.3306 0.7632 0.9199 0.385 0.7059
5 24 0.9587 0.3608 0.7356 0.9947 0.3306 0.7632 0.8544 0.3608 0.8544 1.0464 0.3608 0.6042
5 24 0.9947 0.3306 0.7632 0.8865 0.3306 0.8865 1.0272 0.2946 0.7882 0.9587 0.3608 0.7356
5 24 0.9947 0.3306 0.7632 1.0272 0.2946 0.7882 0.8865 0.3306 0.8865 1.0857 0.3306 0.6268
5 24 1.0272 0.2946 0.7882 0.9154 0.2946 0.9154 1.0557 0.2537 0.8101 0.9947 0.3306 0.7632
5 24 1.0272 0.2946 0.7882 1.0557 0.2537 0.8101 0.9154 0.2946 0.9154 1.1211 0.2946 0.6473
5 24 1.0557 0.2537 0.8101 0.9409 0.2537 0.9409 1.0797 0.2083 0.8285 1.0272 0.2946 0.7882
5 24 1.0557 0.2537 0.8101 1.0797 0.2083 0.8285 0.9409 0.2537 0.9409 1.1523 0.2537 0.6653
5 24 1.0797 0.2083 0.8285 0.9622 0.2083 0.9622 1.0988 0.1595 0.8432 1.0557 0.2537 0.8101
5 24 1.0797 0.2083 0.8285 1.0988 0.1595 0.8432 0.9622 0.2083 0.9622 1.1785 0.2083 0.6804
5 24 1.0988 0.1595 0.8432 0.9793 0.1595 0.9793 1.1127 0.1078 0.8538 1.0797 0.2083 0.8285
5 24 1.0988 0.1595 0.8432 1.1127 0.1078 0.8538 0.9793 0.1595 0.9793 1.1994 0.1595 0.6925
5 24 1.1127 0.1078 0.8538 0.9917 0.1078 0.9917 1.1211 0.0544 0.8603 1.0988 0.1595 0.8432
5 24 1.1127 0.1078 0.8538 1.1211 0.0544 0.8603 0.9917 0.1078 0.9917 1.2145 0.1078 0.7012
5 24 1.1211 0.0544 0.8603 0.9992 0.0544 0.9992 1.124 0 0.8625 1.1127 0.1078 0.8538
5 24 1.1211 0.0544 0.8603 1.124 0 0.8625 0.9992 0.0544 0.9992 1.2237 0.0544 0.7065
5 24 1.124 0 0.8625 1.0017 0 1.0017 1.124 -0.0549 0.8625 1.1211 0.0544 0.8603
5 24 0.7071 0.4167 0.7071 0.6088 0.4167 0.7934 0.7455 0.4131 0.7455 0.6683 0.4167 0.6683
5 24 0.7071 0.4167 0.7071 0.7455 0.4131 0.7455 0.6088 0.4167 0.7934 0.7934 0.4167 0.6088
5 24 0.7455 0.4131 0.7455 0.6419 0.4131 0.8365 0.7833 0.4025 0.7833 0.7071 0.4167 0.7071
5 24 0.7455 0.4131 0.7455 0.7833 0.4025 0.7833 0.6419 0.4131 0.8365 0.8365 0.4131 0.6419
5 24 0.7833 0.4025 0.7833 0.6744 0.4025 0.879 0.8199 0.385 0.8199 0.7455 0.4131 0.7455
5 24 0.7833 0.4025 0.7833 0.8199 0.385 0.8199 0.6744 0.4025 0.879 0.879 0.4025 0.6744
5 24 0.8199 0.385 0.8199 0.7059 0.385 0.9199 0.8544 0.3608 0.8544 0.7833 0.4025 0.7833
5 24 0.8199 0.385 0.8199 0.8544 0.3608 0.8544 0.7059 0.385 0.9199 0.9199 0.385 0.7059
5 24 0.8544 0.3608 0.8544 0.7356 0.3608 0.9587 0.8865 0.3306 0.8865 0.8199 0.385 0.8199
5 24 0.8544 0.3608 0.8544 0.8865 0.3306 0.8865 0.7356 0.3608 0.9587 0.9587 0.3608 0.7356
5 24 0.8865 0.3306 0.8865 0.7632 0.3306 0.9947 0.9154 0.2946 0.9154 0.8544 0.3608 0.8544
5 24 0.8865 0.3306 0.8865 0.9154 0.2946 0.9154 0.7632 0.3306 0.9947 0.9947 0.3306 0.7632
5 24 0.9154 0.2946 0.9154 0.7882 0.2946 1.0272 0.9409 0.2537 0.9409 0.8865 0.3306 0.8865
5 24 0.9154 0.2946 0.9154 0.9409 0.2537 0.9409 0.7882 0.2946 1.0272 1.0272 0.2946 0.7882
5 24 0.9409 0.2537 0.9409 0.8101 0.2537 1.0557 0.9622 0.2083 0.9622 0.9154 0.2946 0.9154
5 24 0.9409 0.2537 0.9409 0.9622 0.2083 0.9622 0.8101 0.2537 1.0557 1.0557 0.2537 0.8101
5 24 0.9622 0.2083 0.9622 0.8285 0.2083 1.0797 0.9793 0.1595 0.9793 0.9409 0.2537 0.9409
5 24 0.9622 0.2083 0.9622 0.9793 0.1595 0.9793 0.8285 0.2083 1.0797 1.0797 0.2083 0.8285
5 24 0.9793 0.1595 0.9793 0.8432 0.1595 1.0988 0.9917 0.1078 0.9917 0.9622 0.2083 0.9622
5 24 0.9793 0.1595 0.9793 0.9917 0.1078 0.9917 0.8432 0.1595 1.0988 1.0988 0.1595 0.8432
5 24 0.9917 0.1078 0.9917 0.8538 0.1078 1.1127 0.9992 0.0544 0.9992 0.9793 0.1595 0.9793
5 24 0.9917 0.1078 0.9917 0.9992 0.0544 0.9992 0.8538 0.1078 1.1127 1.1127 0.1078 0.8538
5 24 0.9992 0.0544 0.9992 0.8603 0.0544 1.1211 1.0017 0 1.0017 0.9917 0.1078 0.9917
5 24 0.9992 0.0544 0.9992 1.0017 0 1.0017 0.8603 0.0544 1.1211 1.1211 0.0544 0.8603
5 24 1.0017 0 1.0017 0.8625 0 1.124 1.0017 -0.0549 1.0017 0.9992 0.0544 0.9992
5 24 0.6088 0.4167 0.7934 0.5 0.4167 0.866 0.6419 0.4131 0.8365 0.5754 0.4167 0.7499
5 24 0.6088 0.4167 0.7934 0.6419 0.4131 0.8365 0.5 0.4167 0.866 0.7071 0.4167 0.7071
5 24 0.6419 0.4131 0.8365 0.5272 0.4131 0.9131 0.6744 0.4025 0.879 0.6088 0.4167 0.7934
5 24 0.6419 0.4131 0.8365 0.6744 0.4025 0.879 0.5272 0.4131 0.9131 0.7455 0.4131 0.7455
5 24 0.6744 0.4025 0.879 0.5539 0.4025 0.9594 0.7059 0.385 0.9199 0.6419 0.4131 0.8365
5 24 0.6744 0.4025 0.879 0.7059 0.385 0.9199 0.5539 0.4025 0.9594 0.7833 0.4025 0.7833
5 24 0.7059 0.385 0.9199 0.5797 0.385 1.0041 0.7356 0.3608 0.9587 0.6744 0.4025 0.879
5 24 0.7059 0.385 0.9199 0.7356 0.3608 0.9587 0.5797 0.385 1.0041 0.8199 0.385 0.8199
5 24 0.7356 0.3608 0.9587 0.6042 0.3608 1.0464 0.7632 0.3306 0.9947 0.7059 0.385 0.9199
5 24 0.7356 0.3608 0.9587 0.7632 0.3306 0.9947 0.6042 0.3608 1.0464 0.8544 0.3608 0.8544
5 24 0.7632 0.3306 0.9947 0.6268 0.3306 1.0857 0.7882 0.2946 1.0272 0.7356 0.3608 0.9587
5 24 0.7632 0.3306 0.9947 0.7882 0.2946 1.0272 0.6268 0.3306 1.0857 0.8865 0.3306 0.8865
5 24 0.7882 0.2946 1.0272 0.6473 0.2946 1.1211 0.8101 0.2537 1.0557 0.7632 0.3306 0.9947
5 24 0.7882 0.2946 1.0272 0.8101 0.2537 1.0557 0.6473 0.2946 1.1211 0.9154 0.2946 0.9154
5 24 0.8101 0.2537 1.0557 0.6653 0.2537 1.1523 0.8285 0.2083 1.0797 0.7882 0.2946 1.0272
5 24 0.8101 0.2537 1.0557 0.8285 0.2083 1.0797 0.6653 0.2537 1.1523 0.9409 0.2537 0.9409
5 24 0.8285 0.2083 1.0797 0.6804 0.2083 1.1785 0.8432 0.1595 1.0988 0.8101 0.2537 1.0557
5 24 0.8285 0.2083 1.0797 0.8432 0.1595 1.0988 0.6804 0.2083 1.1785 0.9622 0.2083 0.9622
5 24 0.8432 0.1595 1.0988 0.6925 0.1595 1.1994 0.8538 0.1078 1.1127 0.8285 0.2083 1.0797
5 24 0.8432 0.1595 1.0988 0.8538 0.1078 1.1127 0.6925 0.1595 1.1994 0.9793 0.1595 0.9793
5 24 0.8538 0.1078 1.1127 0.7012 0.1078 1.2145 0.8603 0.0544 1.1211 0.8432 0.1595 1.0988
5 24 0.8538 0.1078 1.1127 0.8603 0.0544 1.1211 0.7012 0.1078 1.2145 0.9917 0.1078 0.9917
5 24 0.8603 0.0544 1.1211 0.7065 0.0544 1.2237 0.8625 0 1.124 0.8538 0.1078 1.1127
5 24 0.8603 0.0544 1.1211 0.8625 0 1.124 0.7065 0.0544 1.2237 0.9992 0.0544 0.9992
5 24 0.8625 0 1.124 0.7083 0 1.2268 0.8625 -0.0549 1.124 0.8603 0.0544 1.1211
5 24 0.5 0.4167 0.866 0.3827 0.4167 0.9239 0.5272 0.4131 0.9131 0.4726 0.4167 0.8185
5 24 0.5 0.4167 0.866 0.5272 0.4131 0.9131 0.3827 0.4167 0.9239 0.6088 0.4167 0.7934
5 24 0.5272 0.4131 0.9131 0.4035 0.4131 0.9741 0.5539 0.4025 0.9594 0.5 0.4167 0.866
5 24 0.5272 0.4131 0.9131 0.5539 0.4025 0.9594 0.4035 0.4131 0.9741 0.6419 0.4131 0.8365
5 24 0.5539 0.4025 0.9594 0.424 0.4025 1.0235 0.5797 0.385 1.0041 0.5272 0.4131 0.9131
5 24 0.5539 0.4025 0.9594 0.5797 0.385 1.0041 0.424 0.4025 1.0235 0.6744 0.4025 0.879
5 24 0.5797 0.385 1.0041 0.4437 0.385 1.0712 0.6042 0.3608 1.0464 0.5539 0.4025 0.9594
5 24 0.5797 0.385 1.0041 0.6042 0.3608 1.0464 0.4437 0.385 1.0712 0.7059 0.385 0.9199
5 24 0.6042 0.3608 1.0464 0.4624 0.3608 1.1164 0.6268 0.3306 1.0857 0.5797 0.385 1.0041
5 24 0.6042 0.3608 1.0464 0.6268 0.3306 1.0857 0.4624 0.3608 1.1164 0.7356 0.3608 0.9587
5 24 0.6268 0.3306 1.0857 0.4798 0.3306 1.1583 0.6473 0.2946 1.1211 0.6042 0.3608 1.0464
5 24 0.6268 0.3306 1.0857 0.6473 0.2946 1.1211 0.4798 0.3306 1.1583 0.7632 0.3306 0.9947
5 24 0.6473 0.2946 1.1211 0.4955 0.2946 1.1961 0.6653 0.2537 1.1523 0.6268 0.3306 1.0857
5 24 0.6473 0.2946 1.1211 0.6653 0.2537 1.1523 0.4955 0.2946 1.1961 0.7882 0.2946 1.0272
5 24 0.6653 0.2537 1.1523 0.5092 0.2537 1.2293 0.6804 0.2083 1.1785 0.6473 0.2946 1.1211
5 24 0.6653 0.2537 1.1523 0.6804 0.2083 1.1785 0.5092 0.2537 1.2293 0.8101 0.2537 1.0557
5 24 0.6804 0.2083 1.1785 0.5208 0.2083 1.2573 0.6925 0.1595 1.1994 0.6653 0.2537 1.1523
5 24 0.6804 0.2083 1.1785 0.6925 0.1595 1.1994 0.5208 0.2083 1.2573 0.8285 0.2083 1.0797
5 24 0.6925 0.1595 1.1994 0.53 0.1595 1.2796 0.7012 0.1078 1.2145 0.6804 0.2083 1.1785
5 24 0.6925 0.1595 1.1994 0.7012 0.1078 1.2145 0.53 0.1595 1.2796 0.8432 0.1595 1.0988
5 24 0.7012 0.1078 1.2145 0.5367 0.1078 1.2957 0.7065 0.0544 1.2237 0.6925 0.1595 1.1994
5 24 0.7012 0.1078 1.2145 0.7065 0.0544 1.2237 0.5367 0.1078 1.2957 0.8538 0.1078 1.1127
5 24 0.7065 0.0544 1.2237 0.5408 0.0544 1.3055 0.7083 0 1.2268 0.7012 0.1078 1.2145
5 24 0.7065 0.0544 1.2237 0.7083 0 1.2268 0.5408 0.0544 1.3055 0.8603 0.0544 1.1211
5 24 0.7083 0 1.2268 0.5422 0 1.3089 0.7083 -0.0549 1.2268 0.7065 0.0544 1.2237
5 24 0.3827 0.4167 0.9239 0.2588 0.4167 0.9659 0.4035 0.4131 0.9741 0.3617 0.4167 0.8732
5 24 0.3827 0.4167 0.9239 0.4035 0.4131 0.9741 0.2588 0.4167 0.9659 0.5 0.4167 0.866
5 24 0.4035 0.4131 0.9741 0.2729 0.4131 1.0184 0.424 0.4025 1.0235 0.3827 0.4167 0.9239
5 24 0.4035 0.4131 0.9741 0.424 0.4025 1.0235 0.2729 0.4131 1.0184 0.5272 0.4131 0.9131
5 24 0.424 0.4025 1.0235 0.2867 0.4025 1.0701 0.4437 0.385 1.0712 0.4035 0.4131 0.9741
5 24 0.424 0.4025 1.0235 0.4437 0.385 1.0712 0.2867 0.4025 1.0701 0.5539 0.4025 0.9594
5 24 0.4437 0.385 1.0712 0.3001 0.385 1.1199 0.4624 0.3608 1.1164 0.424 0.4025 1.0235
5 24 0.4437 0.385 1.0712 0.4624 0.3608 1.1164 0.3001 0.385 1.1199 0.5797 0.385 1.0041
5 24 0.4624 0.3608 1.1164 0.3127 0.3608 1.1671 0.4798 0.3306 1.1583 0.4437 0.385 1.0712
5 24 0.4624 0.3608 1.1164 0.4798 0.3306 1.1583 0.3127 0.3608 1.1671 0.6042 0.3608 1.0464
5 24 0.4798 0.3306 1.1583 0.3244 0.3306 1.2109 0.4955 0.2946 1.1961 0.4624 0.3608 1.1164
5 24 0.4798 0.3306 1.1583 0.4955 0.2946 1.1961 0.3244 0.3306 1.2109 0.6268 0.3306 1.0857
5 24 0.4955 0.2946 1.1961 0.335 0.2946 1.2505 0.5092 0.2537 1.2293 0.4798 0.3306 1.1583
5 24 0.4955 0.2946 1.1961 0.5092 0.2537 1.2293 0.335 0.2946 1.2505 0.6473 0.2946 1.1211
5 24 0.5092 0.2537 1.2293 0.3444 0.2537 1.2852 0.5208 0.2083 1.2573 0.4955 0.2946 1.1961
5 24 0.5092 0.2537 1.2293 0.5208 0.2083 1.2573 0.3444 0.2537 1.2852 0.6653 0.2537 1.1523
5 24 0.5208 0.2083 1.2573 0.3522 0.2083 1.3144 0.53 0.1595 1.2796 0.5092 0.2537 1.2293
5 24 0.5208 0.2083 1.2573 0.53 0.1595 1.2796 0.3522 0.2083 1.3144 0.6804 0.2083 1.1785
5 24 0.53 0.1595 1.2796 0.3584 0.1595 1.3377 0.5367 0.1078 1.2957 0.5208 0.2083 1.2573
5 24 0.53 0.1595 1.2796 0.5367 0.1078 1.2957 0.3584 0.1595 1.3377 0.6925 0.1595 1.1994
5 24 0.5367 0.1078 1.2957 0.363 0.1078 1.3546 0.5408 0.0544 1.3055 0.53 0.1595 1.2796
5 24 0.5367 0.1078 1.2957 0.5408 0.0544 1.3055 0.363 0.1078 1.3546 0.7012 0.1078 1.2145
5 24 0.5408 0.0544 1.3055 0.3657 0.0544 1.3649 0.5422 0 1.3089 0.5367 0.1078 1.2957
5 24 0.5408 0.0544 1.3055 0.5422 0 1.3089 0.3657 0.0544 1.3649 0.7065 0.0544 1.2237
5 24 0.5422 0 1.3089 0.3666 0 1.3684 0.5422 -0.0549 1.3089 0.5408 0.0544 1.3055
5 24 0.2588 0.4167 0.9659 0.1305 0.4167 0.9914 0.2729 0.4131 1.0184 0.2446 0.4167 0.9129
5 24 0.2588 0.4167 0.9659 0.2729 0.4131 1.0184 0.1305 0.4167 0.9914 0.3827 0.4167 0.9239
5 24 0.2729 0.4131 1.0184 0.1376 0.4131 1.0453 0.2867 0.4025 1.0701 0.2588 0.4167 0.9659
5 24 0.2729 0.4131 1.0184 0.2867 0.4025 1.0701 0.1376 0.4131 1.0453 0.4035 0.4131 0.9741
5 24 0.2867 0.4025 1.0701 0.1446 0.4025 1.0983 0.3001 0.385 1.1199 0.2729 0.4131 1.0184
5 24 0.2867 0.4025 1.0701 0.3001 0.385 1.1199 0.1446 0.4025 1.0983 0.424 0.4025 1.0235
5 24 0.3001 0.385 1.1199 0.1513 0.385 1.1495 0.3127 0.3608 1.1671 0.2867 0.4025 1.0701
5 24 0.3001 0.385 1.1199 0.3127 0.3608 1.1671 0.1513 0.385 1.1495 0.4437 0.385 1.0712
5 24 0.3127 0.3608 1.1671 0.1577 0.3608 1.1979 0.3244 0.3306 1.2109 0.3001 0.385 1.1199
5 24 0.3127 0.3608 1.1671 0.3244 0.3306 1.2109 0.1577 0.3608 1.1979 0.4624 0.3608 1.1164
5 24 0.3244 0.3306 1.2109 0.1636 0.3306 1.2429 0.335 0.2946 1.2505 0.3127 0.3608 1.1671
5 24 0.3244 0.3306 1.2109 0.335 0.2946 1.2505 0.1636 0.3306 1.2429 0.4798 0.3306 1.1583
5 24 0.335 0.2946 1.2505 0.1689 0.2946 1.2835 0.3444 0.2537 1.2852 0.3244 0.3306 1.2109
5 24 0.335 0.2946 1.2505 0.3444 0.2537 1.2852 0.1689 0.2946 1.2835 0.4955 0.2946 1.1961
5 24 0.3444 0.2537 1.2852 0.1736 0.2537 1.3191 0.3522 0.2083 1.3144 0.335 0.2946 1.2505
5 24 0.3444 0.2537 1.2852 0.3522 0.2083 1.3144 0.1736 0.2537 1.3191 0.5092 0.2537 1.2293
5 24 0.3522 0.2083 1.3144 0.1776 0.2083 1.3491 0.3584 0.1595 1.3377 0.3444 0.2537 1.2852
5 24 0.3522 0.2083 1.3144 0.3584 0.1595 1.3377 0.1776 0.2083 1.3491 0.5208 0.2083 1.2573
5 24 0.3584 0.1595 1.3377 0.1807 0.1595 1.373 0.363 0.1078 1.3546 0.3522 0.2083 1.3144
5 24 0.3584 0.1595 1.3377 0.363 0.1078 1.3546 0.1807 0.1595 1.373 0.53 0.1595 1.2796
5 24 0.363 0.1078 1.3546 0.183 0.1078 1.3904 0.3657 0.0544 1.3649 0.3584 0.1595 1.3377
5 24 0.363 0.1078 1.3546 0.3657 0.0544 1.3649 0.183 0.1078 1.3904 0.5367 0.1078 1.2957
5 24 0.3657 0.0544 1.3649 0.1844 0.0544 1.4009 0.3666 0 1.3684 0.363 0.1078 1.3546
5 24 0.3657 0.0544 1.3649 0.3666 0 1.3684 0.1844 0.0544 1.4009 0.5408 0.0544 1.3055
5 24 0.3666 0 1.3684 0.1849 0 1.4045 0.3666 -0.0549 1.3684 0.3657 0.0544 1.3649
5 24 0.1305 0.4167 0.9914 0 0.4167 1 0.1376 0.4131 1.0453 0.1233 0.4167 0.937
5 24 0.1305 0.4167 0.9914 0.1376 0.4131 1.0453 0 0.4167 1 0.2588 0.4167 0.9659
5 24 0.1376 0.4131 1.0453 0 0.4131 1.0544 0.1446 0.4025 1.0983 0.1305 0.4167 0.9914
5 24 0.1376 0.4131 1.0453 0.1446 0.4025 1.0983 0 0.4131 1.0544 0.2729 0.4131 1.0184
5 24 0.1446 0.4025 1.0983 0 0.4025 1.1078 0.1513 0.385 1.1495 0.1376 0.4131 1.0453
5 24 0.1446 0.4025 1.0983 0.1513 0.385 1.1495 0 0.4025 1.1078 0.2867 0.4025 1.0701
5 24 0.1513 0.385 1.1495 0 0.385 1.1595 0.1577 0.3608 1.1979 0.1446 0.4025 1.0983
5 24 0.1513 0.385 1.1495 0.1577 0.3608 1.1979 0 0.385 1.1595 0.3001 0.385 1.1199
5 24 0.1577 0.3608 1.1979 0 0.3608 1.2083 0.1636 0.3306 1.2429 0.1513 0.385 1.1495
5 24 0.1577 0.3608 1.1979 0.1636 0.3306 1.2429 0 0.3608 1.2083 0.3127 0.3608 1.1671
5 24 0.1636 0.3306 1.2429 0 0.3306 1.2537 0.1689 0.2946 1.2835 0.1577 0.3608 1.1979
5 24 0.1636 0.3306 1.2429 0.1689 0.2946 1.2835 0 0.3306 1.2537 0.3244 0.3306 1.2109
5 24 0.1689 0.2946 1.2835 0 0.2946 1.2946 0.1736 0.2537 1.3191 0.1636 0.3306 1.2429
5 24 0.1689 0.2946 1.2835 0.1736 0.2537 1.3191 0 0.2946 1.2946 0.335 0.2946 1.2505
5 24 0.1736 0.2537 1.3191 0 0.2537 1.3306 0.1776 0.2083 1.3491 0.1689 0.2946 1.2835
5 24 0.1736 0.2537 1.3191 0.1776 0.2083 1.3491 0 0.2537 1.3306 0.3444 0.2537 1.2852
5 24 0.1776 0.2083 1.3491 0 0.2083 1.3608 0.1807 0.1595 1.373 0.1736 0.2537 1.3191
5 24 0.1776 0.2083 1.3491 0.1807 0.1595 1.373 0 0.2083 1.3608 0.3522 0.2083 1.3144
5 24 0.1807 0.1595 1.373 0 0.1595 1.385 0.183 0.1078 1.3904 0.1776 0.2083 1.3491
5 24 0.1807 0.1595 1.373 0.183 0.1078 1.3904 0 0.1595 1.385 0.3584 0.1595 1.3377
5 24 0.183 0.1078 1.3904 0 0.1078 1.4025 0.1844 0.0544 1.4009 0.1807 0.1595 1.373
5 24 0.183 0.1078 1.3904 0.1844 0.0544 1.4009 0 0.1078 1.4025 0.363 0.1078 1.3546
5 24 0.1844 0.0544 1.4009 0 0.0544 1.4131 0.1849 0 1.4045 0.183 0.1078 1.3904
5 24 0.1844 0.0544 1.4009 0.1849 0 1.4045 0 0.0544 1.4131 0.3657 0.0544 1.3649
5 24 0.1849 0 1.4045 0 0 1.4167 0.1849 -0.0549 1.4045 0.1844 0.0544 1.4009
5 24 0 0.4167 1 0 0.4131 1.0544 -0.1317 0.4167 1 0.1305 0.4167 0.9914
5 24 0 0.4131 1.0544 0 0.4025 1.1078 -0.1389 0.4131 1.0544 0.1376 0.4131 1.0453
5 24 0 0.4025 1.1078 0 0.385 1.1595 -0.1459 0.4025 1.1078 0.1446 0.4025 1.0983
5 24 0 0.385 1.1595 0 0.3608 1.2083 -0.1527 0.385 1.1595 0.1513 0.385 1.1495
5 24 0 0.3608 1.2083 0 0.3306 1.2537 -0.1591 0.3608 1.2083 0.1577 0.3608 1.1979
5 24 0 0.3306 1.2537 0 0.2946 1.2946 -0.1651 0.3306 1.2537 0.1636 0.3306 1.2429
5 24 0 0.2946 1.2946 0 0.2537 1.3306 -0.1705 0.2946 1.2946 0.1689 0.2946 1.2835
5 24 0 0.2537 1.3306 0 0.2083 1.3608 -0.1752 0.2537 1.3306 0.1736 0.2537 1.3191
5 24 0 0.2083 1.3608 0 0.1595 1.385 -0.1792 0.2083 1.3608 0.1776 0.2083 1.3491
5 24 0 0.1595 1.385 0 0.1078 1.4025 -0.1824 0.1595 1.385 0.1807 0.1595 1.373
5 24 0 0.1078 1.4025 0 0.0544 1.4131 -0.1847 0.1078 1.4025 0.183 0.1078 1.3904
5 24 0 0.0544 1.4131 0 0 1.4167 -0.1861 0.0544 1.4131 0.1844 0.0544 1.4009
0 // Build by Primitive Generator 2
