0 Hi-Res Torus Outside  1 x 0.6250 x 0.125
0 Name: 48\t08o6250.dat
0 Author: Ulrich Röder [UR]
0 !LDRAW_ORG Unofficial_48_Primitive 
0 !LICENSE Redistributable under CCAL version 2.0 : see CAreadme.txt

0 BFC CERTIFY CCW


0 // Major Radius: 8
0 // Tube(Minor) Radius: 5
0 // Segments(Sweep): 6/48 = 0.125
0 // 1 9 0 0 0 1 0 0 0 1 0 0 0 1 4-4edge.dat
0 // 1 12 1 0 0 0.6250 0 0 0 0 0.6250 0 1 0 4-4edge.dat

4 16 1 0.625 0 0.9914 0.625 0.1305 1.0723 0.6196 0.1411 1.0816 0.6196 0
4 16 1.0816 0.6196 0 1.0723 0.6196 0.1411 1.1518 0.6037 0.1516 1.1618 0.6037 0
4 16 1.1618 0.6037 0 1.1518 0.6037 0.1516 1.2285 0.5774 0.1617 1.2392 0.5774 0
4 16 1.2392 0.5774 0 1.2285 0.5774 0.1617 1.3012 0.5413 0.1713 1.3125 0.5413 0
4 16 1.3125 0.5413 0 1.3012 0.5413 0.1713 1.3686 0.4959 0.1802 1.3805 0.4959 0
4 16 1.3805 0.4959 0 1.3686 0.4959 0.1802 1.4295 0.4419 0.1882 1.4419 0.4419 0
4 16 1.4419 0.4419 0 1.4295 0.4419 0.1882 1.483 0.3805 0.1952 1.4959 0.3805 0
4 16 1.4959 0.3805 0 1.483 0.3805 0.1952 1.528 0.3125 0.2011 1.5413 0.3125 0
4 16 1.5413 0.3125 0 1.528 0.3125 0.2011 1.5639 0.2392 0.2059 1.5774 0.2392 0
4 16 1.5774 0.2392 0 1.5639 0.2392 0.2059 1.5899 0.1618 0.2093 1.6037 0.1618 0
4 16 1.6037 0.1618 0 1.5899 0.1618 0.2093 1.6057 0.0816 0.2114 1.6196 0.0816 0
4 16 1.6196 0.0816 0 1.6057 0.0816 0.2114 1.611 0 0.2121 1.625 0 0
4 16 0.9914 0.625 0.1305 0.9659 0.625 0.2588 1.0447 0.6196 0.2799 1.0723 0.6196 0.1411
4 16 1.0723 0.6196 0.1411 1.0447 0.6196 0.2799 1.1221 0.6037 0.3007 1.1518 0.6037 0.1516
4 16 1.1518 0.6037 0.1516 1.1221 0.6037 0.3007 1.1969 0.5774 0.3207 1.2285 0.5774 0.1617
4 16 1.2285 0.5774 0.1617 1.1969 0.5774 0.3207 1.2677 0.5413 0.3397 1.3012 0.5413 0.1713
4 16 1.3012 0.5413 0.1713 1.2677 0.5413 0.3397 1.3334 0.4959 0.3573 1.3686 0.4959 0.1802
4 16 1.3686 0.4959 0.1802 1.3334 0.4959 0.3573 1.3928 0.4419 0.3732 1.4295 0.4419 0.1882
4 16 1.4295 0.4419 0.1882 1.3928 0.4419 0.3732 1.4449 0.3805 0.3871 1.483 0.3805 0.1952
4 16 1.483 0.3805 0.1952 1.4449 0.3805 0.3871 1.4887 0.3125 0.3989 1.528 0.3125 0.2011
4 16 1.528 0.3125 0.2011 1.4887 0.3125 0.3989 1.5236 0.2392 0.4082 1.5639 0.2392 0.2059
4 16 1.5639 0.2392 0.2059 1.5236 0.2392 0.4082 1.549 0.1618 0.415 1.5899 0.1618 0.2093
4 16 1.5899 0.1618 0.2093 1.549 0.1618 0.415 1.5644 0.0816 0.4192 1.6057 0.0816 0.2114
4 16 1.6057 0.0816 0.2114 1.5644 0.0816 0.4192 1.5696 0 0.4206 1.611 0 0.2121
4 16 0.9659 0.625 0.2588 0.9239 0.625 0.3827 0.9993 0.6196 0.4139 1.0447 0.6196 0.2799
4 16 1.0447 0.6196 0.2799 0.9993 0.6196 0.4139 1.0733 0.6037 0.4446 1.1221 0.6037 0.3007
4 16 1.1221 0.6037 0.3007 1.0733 0.6037 0.4446 1.1449 0.5774 0.4742 1.1969 0.5774 0.3207
4 16 1.1969 0.5774 0.3207 1.1449 0.5774 0.4742 1.2126 0.5413 0.5023 1.2677 0.5413 0.3397
4 16 1.2677 0.5413 0.3397 1.2126 0.5413 0.5023 1.2754 0.4959 0.5283 1.3334 0.4959 0.3573
4 16 1.3334 0.4959 0.3573 1.2754 0.4959 0.5283 1.3322 0.4419 0.5518 1.3928 0.4419 0.3732
4 16 1.3928 0.4419 0.3732 1.3322 0.4419 0.5518 1.382 0.3805 0.5725 1.4449 0.3805 0.3871
4 16 1.4449 0.3805 0.3871 1.382 0.3805 0.5725 1.424 0.3125 0.5898 1.4887 0.3125 0.3989
4 16 1.4887 0.3125 0.3989 1.424 0.3125 0.5898 1.4574 0.2392 0.6037 1.5236 0.2392 0.4082
4 16 1.5236 0.2392 0.4082 1.4574 0.2392 0.6037 1.4816 0.1618 0.6137 1.549 0.1618 0.415
4 16 1.549 0.1618 0.415 1.4816 0.1618 0.6137 1.4964 0.0816 0.6198 1.5644 0.0816 0.4192
4 16 1.5644 0.0816 0.4192 1.4964 0.0816 0.6198 1.5013 0 0.6219 1.5696 0 0.4206
4 16 0.9239 0.625 0.3827 0.866 0.625 0.5 0.9366 0.6196 0.5408 0.9993 0.6196 0.4139
4 16 0.9993 0.6196 0.4139 0.9366 0.6196 0.5408 1.0061 0.6037 0.5809 1.0733 0.6037 0.4446
4 16 1.0733 0.6037 0.4446 1.0061 0.6037 0.5809 1.0731 0.5774 0.6196 1.1449 0.5774 0.4742
4 16 1.1449 0.5774 0.4742 1.0731 0.5774 0.6196 1.1366 0.5413 0.6563 1.2126 0.5413 0.5023
4 16 1.2126 0.5413 0.5023 1.1366 0.5413 0.6563 1.1955 0.4959 0.6903 1.2754 0.4959 0.5283
4 16 1.2754 0.4959 0.5283 1.1955 0.4959 0.6903 1.2487 0.4419 0.721 1.3322 0.4419 0.5518
4 16 1.3322 0.4419 0.5518 1.2487 0.4419 0.721 1.2954 0.3805 0.7479 1.382 0.3805 0.5725
4 16 1.382 0.3805 0.5725 1.2954 0.3805 0.7479 1.3347 0.3125 0.7706 1.424 0.3125 0.5898
4 16 1.424 0.3125 0.5898 1.3347 0.3125 0.7706 1.3661 0.2392 0.7887 1.4574 0.2392 0.6037
4 16 1.4574 0.2392 0.6037 1.3661 0.2392 0.7887 1.3888 0.1618 0.8018 1.4816 0.1618 0.6137
4 16 1.4816 0.1618 0.6137 1.3888 0.1618 0.8018 1.4026 0.0816 0.8098 1.4964 0.0816 0.6198
4 16 1.4964 0.0816 0.6198 1.4026 0.0816 0.8098 1.4073 0 0.8125 1.5013 0 0.6219
4 16 0.866 0.625 0.5 0.7934 0.625 0.6088 0.8581 0.6196 0.6585 0.9366 0.6196 0.5408
4 16 0.9366 0.6196 0.5408 0.8581 0.6196 0.6585 0.9217 0.6037 0.7073 1.0061 0.6037 0.5809
4 16 1.0061 0.6037 0.5809 0.9217 0.6037 0.7073 0.9832 0.5774 0.7544 1.0731 0.5774 0.6196
4 16 1.0731 0.5774 0.6196 0.9832 0.5774 0.7544 1.0413 0.5413 0.7991 1.1366 0.5413 0.6563
4 16 1.1366 0.5413 0.6563 1.0413 0.5413 0.7991 1.0953 0.4959 0.8404 1.1955 0.4959 0.6903
4 16 1.1955 0.4959 0.6903 1.0953 0.4959 0.8404 1.144 0.4419 0.8779 1.2487 0.4419 0.721
4 16 1.2487 0.4419 0.721 1.144 0.4419 0.8779 1.1868 0.3805 0.9107 1.2954 0.3805 0.7479
4 16 1.2954 0.3805 0.7479 1.1868 0.3805 0.9107 1.2228 0.3125 0.9383 1.3347 0.3125 0.7706
4 16 1.3347 0.3125 0.7706 1.2228 0.3125 0.9383 1.2515 0.2392 0.9603 1.3661 0.2392 0.7887
4 16 1.3661 0.2392 0.7887 1.2515 0.2392 0.9603 1.2724 0.1618 0.9763 1.3888 0.1618 0.8018
4 16 1.3888 0.1618 0.8018 1.2724 0.1618 0.9763 1.285 0.0816 0.986 1.4026 0.0816 0.8098
4 16 1.4026 0.0816 0.8098 1.285 0.0816 0.986 1.2893 0 0.9893 1.4073 0 0.8125
4 16 0.7934 0.625 0.6088 0.7071 0.625 0.7071 0.7648 0.6196 0.7648 0.8581 0.6196 0.6585
4 16 0.8581 0.6196 0.6585 0.7648 0.6196 0.7648 0.8215 0.6037 0.8215 0.9217 0.6037 0.7073
4 16 0.9217 0.6037 0.7073 0.8215 0.6037 0.8215 0.8762 0.5774 0.8762 0.9832 0.5774 0.7544
4 16 0.9832 0.5774 0.7544 0.8762 0.5774 0.8762 0.9281 0.5413 0.9281 1.0413 0.5413 0.7991
4 16 1.0413 0.5413 0.7991 0.9281 0.5413 0.9281 0.9762 0.4959 0.9762 1.0953 0.4959 0.8404
4 16 1.0953 0.4959 0.8404 0.9762 0.4959 0.9762 1.0196 0.4419 1.0196 1.144 0.4419 0.8779
4 16 1.144 0.4419 0.8779 1.0196 0.4419 1.0196 1.0577 0.3805 1.0577 1.1868 0.3805 0.9107
4 16 1.1868 0.3805 0.9107 1.0577 0.3805 1.0577 1.0898 0.3125 1.0898 1.2228 0.3125 0.9383
4 16 1.2228 0.3125 0.9383 1.0898 0.3125 1.0898 1.1154 0.2392 1.1154 1.2515 0.2392 0.9603
4 16 1.2515 0.2392 0.9603 1.1154 0.2392 1.1154 1.134 0.1618 1.134 1.2724 0.1618 0.9763
4 16 1.2724 0.1618 0.9763 1.134 0.1618 1.134 1.1452 0.0816 1.1452 1.285 0.0816 0.986
4 16 1.285 0.0816 0.986 1.1452 0.0816 1.1452 1.149 0 1.149 1.2893 0 0.9893

0 // conditional lines
5 24 1 0.625 0 0.9914 0.625 0.1305 1.0816 0.6196 0 0.9177 0.625 0
5 24 1 0.625 0 1.0816 0.6196 0 0.9914 0.625 0.1305 1 0.625 -0.1317
5 24 1.0816 0.6196 0 1.0723 0.6196 0.1411 1.1618 0.6037 0 1 0.625 0
5 24 1.0816 0.6196 0 1.1618 0.6037 0 1.0723 0.6196 0.1411 1.0816 0.6196 -0.1424
5 24 1.1618 0.6037 0 1.1518 0.6037 0.1516 1.2392 0.5774 0 1.0816 0.6196 0
5 24 1.1618 0.6037 0 1.2392 0.5774 0 1.1518 0.6037 0.1516 1.1618 0.6037 -0.153
5 24 1.2392 0.5774 0 1.2285 0.5774 0.1617 1.3125 0.5413 0 1.1618 0.6037 0
5 24 1.2392 0.5774 0 1.3125 0.5413 0 1.2285 0.5774 0.1617 1.2392 0.5774 -0.1632
5 24 1.3125 0.5413 0 1.3012 0.5413 0.1713 1.3805 0.4959 0 1.2392 0.5774 0
5 24 1.3125 0.5413 0 1.3805 0.4959 0 1.3012 0.5413 0.1713 1.3125 0.5413 -0.1729
5 24 1.3805 0.4959 0 1.3686 0.4959 0.1802 1.4419 0.4419 0 1.3125 0.5413 0
5 24 1.3805 0.4959 0 1.4419 0.4419 0 1.3686 0.4959 0.1802 1.3805 0.4959 -0.1818
5 24 1.4419 0.4419 0 1.4295 0.4419 0.1882 1.4959 0.3805 0 1.3805 0.4959 0
5 24 1.4419 0.4419 0 1.4959 0.3805 0 1.4295 0.4419 0.1882 1.4419 0.4419 -0.1899
5 24 1.4959 0.3805 0 1.483 0.3805 0.1952 1.5413 0.3125 0 1.4419 0.4419 0
5 24 1.4959 0.3805 0 1.5413 0.3125 0 1.483 0.3805 0.1952 1.4959 0.3805 -0.197
5 24 1.5413 0.3125 0 1.528 0.3125 0.2011 1.5774 0.2392 0 1.4959 0.3805 0
5 24 1.5413 0.3125 0 1.5774 0.2392 0 1.528 0.3125 0.2011 1.5413 0.3125 -0.203
5 24 1.5774 0.2392 0 1.5639 0.2392 0.2059 1.6037 0.1618 0 1.5413 0.3125 0
5 24 1.5774 0.2392 0 1.6037 0.1618 0 1.5639 0.2392 0.2059 1.5774 0.2392 -0.2077
5 24 1.6037 0.1618 0 1.5899 0.1618 0.2093 1.6196 0.0816 0 1.5774 0.2392 0
5 24 1.6037 0.1618 0 1.6196 0.0816 0 1.5899 0.1618 0.2093 1.6037 0.1618 -0.2112
5 24 1.6196 0.0816 0 1.6057 0.0816 0.2114 1.625 0 0 1.6037 0.1618 0
5 24 1.6196 0.0816 0 1.625 0 0 1.6057 0.0816 0.2114 1.6196 0.0816 -0.2133
5 24 1.625 0 0 1.611 0 0.2121 1.625 -0.0823 0 1.6196 0.0816 0
5 24 0.9914 0.625 0.1305 0.9659 0.625 0.2588 1.0723 0.6196 0.1411 0.9098 0.625 0.1198
5 24 0.9914 0.625 0.1305 1.0723 0.6196 0.1411 0.9659 0.625 0.2588 1 0.625 0
5 24 1.0723 0.6196 0.1411 1.0447 0.6196 0.2799 1.1518 0.6037 0.1516 0.9914 0.625 0.1305
5 24 1.0723 0.6196 0.1411 1.1518 0.6037 0.1516 1.0447 0.6196 0.2799 1.0816 0.6196 0
5 24 1.1518 0.6037 0.1516 1.1221 0.6037 0.3007 1.2285 0.5774 0.1617 1.0723 0.6196 0.1411
5 24 1.1518 0.6037 0.1516 1.2285 0.5774 0.1617 1.1221 0.6037 0.3007 1.1618 0.6037 0
5 24 1.2285 0.5774 0.1617 1.1969 0.5774 0.3207 1.3012 0.5413 0.1713 1.1518 0.6037 0.1516
5 24 1.2285 0.5774 0.1617 1.3012 0.5413 0.1713 1.1969 0.5774 0.3207 1.2392 0.5774 0
5 24 1.3012 0.5413 0.1713 1.2677 0.5413 0.3397 1.3686 0.4959 0.1802 1.2285 0.5774 0.1617
5 24 1.3012 0.5413 0.1713 1.3686 0.4959 0.1802 1.2677 0.5413 0.3397 1.3125 0.5413 0
5 24 1.3686 0.4959 0.1802 1.3334 0.4959 0.3573 1.4295 0.4419 0.1882 1.3012 0.5413 0.1713
5 24 1.3686 0.4959 0.1802 1.4295 0.4419 0.1882 1.3334 0.4959 0.3573 1.3805 0.4959 0
5 24 1.4295 0.4419 0.1882 1.3928 0.4419 0.3732 1.483 0.3805 0.1952 1.3686 0.4959 0.1802
5 24 1.4295 0.4419 0.1882 1.483 0.3805 0.1952 1.3928 0.4419 0.3732 1.4419 0.4419 0
5 24 1.483 0.3805 0.1952 1.4449 0.3805 0.3871 1.528 0.3125 0.2011 1.4295 0.4419 0.1882
5 24 1.483 0.3805 0.1952 1.528 0.3125 0.2011 1.4449 0.3805 0.3871 1.4959 0.3805 0
5 24 1.528 0.3125 0.2011 1.4887 0.3125 0.3989 1.5639 0.2392 0.2059 1.483 0.3805 0.1952
5 24 1.528 0.3125 0.2011 1.5639 0.2392 0.2059 1.4887 0.3125 0.3989 1.5413 0.3125 0
5 24 1.5639 0.2392 0.2059 1.5236 0.2392 0.4082 1.5899 0.1618 0.2093 1.528 0.3125 0.2011
5 24 1.5639 0.2392 0.2059 1.5899 0.1618 0.2093 1.5236 0.2392 0.4082 1.5774 0.2392 0
5 24 1.5899 0.1618 0.2093 1.549 0.1618 0.415 1.6057 0.0816 0.2114 1.5639 0.2392 0.2059
5 24 1.5899 0.1618 0.2093 1.6057 0.0816 0.2114 1.549 0.1618 0.415 1.6037 0.1618 0
5 24 1.6057 0.0816 0.2114 1.5644 0.0816 0.4192 1.611 0 0.2121 1.5899 0.1618 0.2093
5 24 1.6057 0.0816 0.2114 1.611 0 0.2121 1.5644 0.0816 0.4192 1.6196 0.0816 0
5 24 1.611 0 0.2121 1.5696 0 0.4206 1.611 -0.0823 0.2121 1.6057 0.0816 0.2114
5 24 0.9659 0.625 0.2588 0.9239 0.625 0.3827 1.0447 0.6196 0.2799 0.8864 0.625 0.2375
5 24 0.9659 0.625 0.2588 1.0447 0.6196 0.2799 0.9239 0.625 0.3827 0.9914 0.625 0.1305
5 24 1.0447 0.6196 0.2799 0.9993 0.6196 0.4139 1.1221 0.6037 0.3007 0.9659 0.625 0.2588
5 24 1.0447 0.6196 0.2799 1.1221 0.6037 0.3007 0.9993 0.6196 0.4139 1.0723 0.6196 0.1411
5 24 1.1221 0.6037 0.3007 1.0733 0.6037 0.4446 1.1969 0.5774 0.3207 1.0447 0.6196 0.2799
5 24 1.1221 0.6037 0.3007 1.1969 0.5774 0.3207 1.0733 0.6037 0.4446 1.1518 0.6037 0.1516
5 24 1.1969 0.5774 0.3207 1.1449 0.5774 0.4742 1.2677 0.5413 0.3397 1.1221 0.6037 0.3007
5 24 1.1969 0.5774 0.3207 1.2677 0.5413 0.3397 1.1449 0.5774 0.4742 1.2285 0.5774 0.1617
5 24 1.2677 0.5413 0.3397 1.2126 0.5413 0.5023 1.3334 0.4959 0.3573 1.1969 0.5774 0.3207
5 24 1.2677 0.5413 0.3397 1.3334 0.4959 0.3573 1.2126 0.5413 0.5023 1.3012 0.5413 0.1713
5 24 1.3334 0.4959 0.3573 1.2754 0.4959 0.5283 1.3928 0.4419 0.3732 1.2677 0.5413 0.3397
5 24 1.3334 0.4959 0.3573 1.3928 0.4419 0.3732 1.2754 0.4959 0.5283 1.3686 0.4959 0.1802
5 24 1.3928 0.4419 0.3732 1.3322 0.4419 0.5518 1.4449 0.3805 0.3871 1.3334 0.4959 0.3573
5 24 1.3928 0.4419 0.3732 1.4449 0.3805 0.3871 1.3322 0.4419 0.5518 1.4295 0.4419 0.1882
5 24 1.4449 0.3805 0.3871 1.382 0.3805 0.5725 1.4887 0.3125 0.3989 1.3928 0.4419 0.3732
5 24 1.4449 0.3805 0.3871 1.4887 0.3125 0.3989 1.382 0.3805 0.5725 1.483 0.3805 0.1952
5 24 1.4887 0.3125 0.3989 1.424 0.3125 0.5898 1.5236 0.2392 0.4082 1.4449 0.3805 0.3871
5 24 1.4887 0.3125 0.3989 1.5236 0.2392 0.4082 1.424 0.3125 0.5898 1.528 0.3125 0.2011
5 24 1.5236 0.2392 0.4082 1.4574 0.2392 0.6037 1.549 0.1618 0.415 1.4887 0.3125 0.3989
5 24 1.5236 0.2392 0.4082 1.549 0.1618 0.415 1.4574 0.2392 0.6037 1.5639 0.2392 0.2059
5 24 1.549 0.1618 0.415 1.4816 0.1618 0.6137 1.5644 0.0816 0.4192 1.5236 0.2392 0.4082
5 24 1.549 0.1618 0.415 1.5644 0.0816 0.4192 1.4816 0.1618 0.6137 1.5899 0.1618 0.2093
5 24 1.5644 0.0816 0.4192 1.4964 0.0816 0.6198 1.5696 0 0.4206 1.549 0.1618 0.415
5 24 1.5644 0.0816 0.4192 1.5696 0 0.4206 1.4964 0.0816 0.6198 1.6057 0.0816 0.2114
5 24 1.5696 0 0.4206 1.5013 0 0.6219 1.5696 -0.0823 0.4206 1.5644 0.0816 0.4192
5 24 0.9239 0.625 0.3827 0.866 0.625 0.5 0.9993 0.6196 0.4139 0.8479 0.625 0.3512
5 24 0.9239 0.625 0.3827 0.9993 0.6196 0.4139 0.866 0.625 0.5 0.9659 0.625 0.2588
5 24 0.9993 0.6196 0.4139 0.9366 0.6196 0.5408 1.0733 0.6037 0.4446 0.9239 0.625 0.3827
5 24 0.9993 0.6196 0.4139 1.0733 0.6037 0.4446 0.9366 0.6196 0.5408 1.0447 0.6196 0.2799
5 24 1.0733 0.6037 0.4446 1.0061 0.6037 0.5809 1.1449 0.5774 0.4742 0.9993 0.6196 0.4139
5 24 1.0733 0.6037 0.4446 1.1449 0.5774 0.4742 1.0061 0.6037 0.5809 1.1221 0.6037 0.3007
5 24 1.1449 0.5774 0.4742 1.0731 0.5774 0.6196 1.2126 0.5413 0.5023 1.0733 0.6037 0.4446
5 24 1.1449 0.5774 0.4742 1.2126 0.5413 0.5023 1.0731 0.5774 0.6196 1.1969 0.5774 0.3207
5 24 1.2126 0.5413 0.5023 1.1366 0.5413 0.6563 1.2754 0.4959 0.5283 1.1449 0.5774 0.4742
5 24 1.2126 0.5413 0.5023 1.2754 0.4959 0.5283 1.1366 0.5413 0.6563 1.2677 0.5413 0.3397
5 24 1.2754 0.4959 0.5283 1.1955 0.4959 0.6903 1.3322 0.4419 0.5518 1.2126 0.5413 0.5023
5 24 1.2754 0.4959 0.5283 1.3322 0.4419 0.5518 1.1955 0.4959 0.6903 1.3334 0.4959 0.3573
5 24 1.3322 0.4419 0.5518 1.2487 0.4419 0.721 1.382 0.3805 0.5725 1.2754 0.4959 0.5283
5 24 1.3322 0.4419 0.5518 1.382 0.3805 0.5725 1.2487 0.4419 0.721 1.3928 0.4419 0.3732
5 24 1.382 0.3805 0.5725 1.2954 0.3805 0.7479 1.424 0.3125 0.5898 1.3322 0.4419 0.5518
5 24 1.382 0.3805 0.5725 1.424 0.3125 0.5898 1.2954 0.3805 0.7479 1.4449 0.3805 0.3871
5 24 1.424 0.3125 0.5898 1.3347 0.3125 0.7706 1.4574 0.2392 0.6037 1.382 0.3805 0.5725
5 24 1.424 0.3125 0.5898 1.4574 0.2392 0.6037 1.3347 0.3125 0.7706 1.4887 0.3125 0.3989
5 24 1.4574 0.2392 0.6037 1.3661 0.2392 0.7887 1.4816 0.1618 0.6137 1.424 0.3125 0.5898
5 24 1.4574 0.2392 0.6037 1.4816 0.1618 0.6137 1.3661 0.2392 0.7887 1.5236 0.2392 0.4082
5 24 1.4816 0.1618 0.6137 1.3888 0.1618 0.8018 1.4964 0.0816 0.6198 1.4574 0.2392 0.6037
5 24 1.4816 0.1618 0.6137 1.4964 0.0816 0.6198 1.3888 0.1618 0.8018 1.549 0.1618 0.415
5 24 1.4964 0.0816 0.6198 1.4026 0.0816 0.8098 1.5013 0 0.6219 1.4816 0.1618 0.6137
5 24 1.4964 0.0816 0.6198 1.5013 0 0.6219 1.4026 0.0816 0.8098 1.5644 0.0816 0.4192
5 24 1.5013 0 0.6219 1.4073 0 0.8125 1.5013 -0.0823 0.6219 1.4964 0.0816 0.6198
5 24 0.866 0.625 0.5 0.7934 0.625 0.6088 0.9366 0.6196 0.5408 0.7947 0.625 0.4588
5 24 0.866 0.625 0.5 0.9366 0.6196 0.5408 0.7934 0.625 0.6088 0.9239 0.625 0.3827
5 24 0.9366 0.6196 0.5408 0.8581 0.6196 0.6585 1.0061 0.6037 0.5809 0.866 0.625 0.5
5 24 0.9366 0.6196 0.5408 1.0061 0.6037 0.5809 0.8581 0.6196 0.6585 0.9993 0.6196 0.4139
5 24 1.0061 0.6037 0.5809 0.9217 0.6037 0.7073 1.0731 0.5774 0.6196 0.9366 0.6196 0.5408
5 24 1.0061 0.6037 0.5809 1.0731 0.5774 0.6196 0.9217 0.6037 0.7073 1.0733 0.6037 0.4446
5 24 1.0731 0.5774 0.6196 0.9832 0.5774 0.7544 1.1366 0.5413 0.6563 1.0061 0.6037 0.5809
5 24 1.0731 0.5774 0.6196 1.1366 0.5413 0.6563 0.9832 0.5774 0.7544 1.1449 0.5774 0.4742
5 24 1.1366 0.5413 0.6563 1.0413 0.5413 0.7991 1.1955 0.4959 0.6903 1.0731 0.5774 0.6196
5 24 1.1366 0.5413 0.6563 1.1955 0.4959 0.6903 1.0413 0.5413 0.7991 1.2126 0.5413 0.5023
5 24 1.1955 0.4959 0.6903 1.0953 0.4959 0.8404 1.2487 0.4419 0.721 1.1366 0.5413 0.6563
5 24 1.1955 0.4959 0.6903 1.2487 0.4419 0.721 1.0953 0.4959 0.8404 1.2754 0.4959 0.5283
5 24 1.2487 0.4419 0.721 1.144 0.4419 0.8779 1.2954 0.3805 0.7479 1.1955 0.4959 0.6903
5 24 1.2487 0.4419 0.721 1.2954 0.3805 0.7479 1.144 0.4419 0.8779 1.3322 0.4419 0.5518
5 24 1.2954 0.3805 0.7479 1.1868 0.3805 0.9107 1.3347 0.3125 0.7706 1.2487 0.4419 0.721
5 24 1.2954 0.3805 0.7479 1.3347 0.3125 0.7706 1.1868 0.3805 0.9107 1.382 0.3805 0.5725
5 24 1.3347 0.3125 0.7706 1.2228 0.3125 0.9383 1.3661 0.2392 0.7887 1.2954 0.3805 0.7479
5 24 1.3347 0.3125 0.7706 1.3661 0.2392 0.7887 1.2228 0.3125 0.9383 1.424 0.3125 0.5898
5 24 1.3661 0.2392 0.7887 1.2515 0.2392 0.9603 1.3888 0.1618 0.8018 1.3347 0.3125 0.7706
5 24 1.3661 0.2392 0.7887 1.3888 0.1618 0.8018 1.2515 0.2392 0.9603 1.4574 0.2392 0.6037
5 24 1.3888 0.1618 0.8018 1.2724 0.1618 0.9763 1.4026 0.0816 0.8098 1.3661 0.2392 0.7887
5 24 1.3888 0.1618 0.8018 1.4026 0.0816 0.8098 1.2724 0.1618 0.9763 1.4816 0.1618 0.6137
5 24 1.4026 0.0816 0.8098 1.285 0.0816 0.986 1.4073 0 0.8125 1.3888 0.1618 0.8018
5 24 1.4026 0.0816 0.8098 1.4073 0 0.8125 1.285 0.0816 0.986 1.4964 0.0816 0.6198
5 24 1.4073 0 0.8125 1.2893 0 0.9893 1.4073 -0.0823 0.8125 1.4026 0.0816 0.8098
5 24 0.7934 0.625 0.6088 0.7071 0.625 0.7071 0.8581 0.6196 0.6585 0.7281 0.625 0.5587
5 24 0.7934 0.625 0.6088 0.8581 0.6196 0.6585 0.7071 0.625 0.7071 0.866 0.625 0.5
5 24 0.8581 0.6196 0.6585 0.7648 0.6196 0.7648 0.9217 0.6037 0.7073 0.7934 0.625 0.6088
5 24 0.8581 0.6196 0.6585 0.9217 0.6037 0.7073 0.7648 0.6196 0.7648 0.9366 0.6196 0.5408
5 24 0.9217 0.6037 0.7073 0.8215 0.6037 0.8215 0.9832 0.5774 0.7544 0.8581 0.6196 0.6585
5 24 0.9217 0.6037 0.7073 0.9832 0.5774 0.7544 0.8215 0.6037 0.8215 1.0061 0.6037 0.5809
5 24 0.9832 0.5774 0.7544 0.8762 0.5774 0.8762 1.0413 0.5413 0.7991 0.9217 0.6037 0.7073
5 24 0.9832 0.5774 0.7544 1.0413 0.5413 0.7991 0.8762 0.5774 0.8762 1.0731 0.5774 0.6196
5 24 1.0413 0.5413 0.7991 0.9281 0.5413 0.9281 1.0953 0.4959 0.8404 0.9832 0.5774 0.7544
5 24 1.0413 0.5413 0.7991 1.0953 0.4959 0.8404 0.9281 0.5413 0.9281 1.1366 0.5413 0.6563
5 24 1.0953 0.4959 0.8404 0.9762 0.4959 0.9762 1.144 0.4419 0.8779 1.0413 0.5413 0.7991
5 24 1.0953 0.4959 0.8404 1.144 0.4419 0.8779 0.9762 0.4959 0.9762 1.1955 0.4959 0.6903
5 24 1.144 0.4419 0.8779 1.0196 0.4419 1.0196 1.1868 0.3805 0.9107 1.0953 0.4959 0.8404
5 24 1.144 0.4419 0.8779 1.1868 0.3805 0.9107 1.0196 0.4419 1.0196 1.2487 0.4419 0.721
5 24 1.1868 0.3805 0.9107 1.0577 0.3805 1.0577 1.2228 0.3125 0.9383 1.144 0.4419 0.8779
5 24 1.1868 0.3805 0.9107 1.2228 0.3125 0.9383 1.0577 0.3805 1.0577 1.2954 0.3805 0.7479
5 24 1.2228 0.3125 0.9383 1.0898 0.3125 1.0898 1.2515 0.2392 0.9603 1.1868 0.3805 0.9107
5 24 1.2228 0.3125 0.9383 1.2515 0.2392 0.9603 1.0898 0.3125 1.0898 1.3347 0.3125 0.7706
5 24 1.2515 0.2392 0.9603 1.1154 0.2392 1.1154 1.2724 0.1618 0.9763 1.2228 0.3125 0.9383
5 24 1.2515 0.2392 0.9603 1.2724 0.1618 0.9763 1.1154 0.2392 1.1154 1.3661 0.2392 0.7887
5 24 1.2724 0.1618 0.9763 1.134 0.1618 1.134 1.285 0.0816 0.986 1.2515 0.2392 0.9603
5 24 1.2724 0.1618 0.9763 1.285 0.0816 0.986 1.134 0.1618 1.134 1.3888 0.1618 0.8018
5 24 1.285 0.0816 0.986 1.1452 0.0816 1.1452 1.2893 0 0.9893 1.2724 0.1618 0.9763
5 24 1.285 0.0816 0.986 1.2893 0 0.9893 1.1452 0.0816 1.1452 1.4026 0.0816 0.8098
5 24 1.2893 0 0.9893 1.149 0 1.149 1.2893 -0.0823 0.9893 1.285 0.0816 0.986
5 24 0.7071 0.625 0.7071 0.7648 0.6196 0.7648 0.614 0.625 0.8002 0.7934 0.625 0.6088
5 24 0.7648 0.6196 0.7648 0.8215 0.6037 0.8215 0.6641 0.6196 0.8655 0.8581 0.6196 0.6585
5 24 0.8215 0.6037 0.8215 0.8762 0.5774 0.8762 0.7133 0.6037 0.9296 0.9217 0.6037 0.7073
5 24 0.8762 0.5774 0.8762 0.9281 0.5413 0.9281 0.7609 0.5774 0.9916 0.9832 0.5774 0.7544
5 24 0.9281 0.5413 0.9281 0.9762 0.4959 0.9762 0.8059 0.5413 1.0503 1.0413 0.5413 0.7991
5 24 0.9762 0.4959 0.9762 1.0196 0.4419 1.0196 0.8476 0.4959 1.1047 1.0953 0.4959 0.8404
5 24 1.0196 0.4419 1.0196 1.0577 0.3805 1.0577 0.8853 0.4419 1.1538 1.144 0.4419 0.8779
5 24 1.0577 0.3805 1.0577 1.0898 0.3125 1.0898 0.9185 0.3805 1.197 1.1868 0.3805 0.9107
5 24 1.0898 0.3125 1.0898 1.1154 0.2392 1.1154 0.9463 0.3125 1.2333 1.2228 0.3125 0.9383
5 24 1.1154 0.2392 1.1154 1.134 0.1618 1.134 0.9685 0.2392 1.2623 1.2515 0.2392 0.9603
5 24 1.134 0.1618 1.134 1.1452 0.0816 1.1452 0.9847 0.1618 1.2833 1.2724 0.1618 0.9763
5 24 1.1452 0.0816 1.1452 1.149 0 1.149 0.9944 0.0816 1.296 1.285 0.0816 0.986
0 // Build by Primitive Generator 2
