0 Mixed-Mode Torus Outside  1 x 0.3043 x 0.25
0 Name: 48\tm04o3043.dat
0 Author: Philippe Hurbain [Philo]
0 !LDRAW_ORG Unofficial_48_Primitive 
0 !LICENSE Redistributable under CCAL version 2.0 : see CAreadme.txt

0 BFC CERTIFY CCW


0 // Major Radius: 23
0 // Tube(Minor) Radius: 7
0 // Segments(Sweep): 12/48 = 0.25
0 // 1 9 0 0 0 1 0 0 0 1 0 0 0 1 4-4edge.dat
0 // 1 12 1 0 0 0.3043 0 0 0 0 0.3043 0 1 0 4-4edge.dat

4 16 1 0.3043 0 0.9914 0.3043 0.1305 1.1069 0.2812 0.1457 1.1165 0.2812 0
4 16 1.1165 0.2812 0 1.1069 0.2812 0.1457 1.2048 0.2152 0.1586 1.2152 0.2152 0
4 16 1.2152 0.2152 0 1.2048 0.2152 0.1586 1.2702 0.1165 0.1672 1.2812 0.1165 0
4 16 1.2812 0.1165 0 1.2702 0.1165 0.1672 1.2931 0 0.1702 1.3043 0 0
4 16 0.9914 0.3043 0.1305 0.9659 0.3043 0.2588 1.0784 0.2812 0.2889 1.1069 0.2812 0.1457
4 16 1.1069 0.2812 0.1457 1.0784 0.2812 0.2889 1.1738 0.2152 0.3145 1.2048 0.2152 0.1586
4 16 1.2048 0.2152 0.1586 1.1738 0.2152 0.3145 1.2375 0.1165 0.3316 1.2702 0.1165 0.1672
4 16 1.2702 0.1165 0.1672 1.2375 0.1165 0.3316 1.2599 0 0.3376 1.2931 0 0.1702
4 16 0.9659 0.3043 0.2588 0.9239 0.3043 0.3827 1.0315 0.2812 0.4273 1.0784 0.2812 0.2889
4 16 1.0784 0.2812 0.2889 1.0315 0.2812 0.4273 1.1227 0.2152 0.4651 1.1738 0.2152 0.3145
4 16 1.1738 0.2152 0.3145 1.1227 0.2152 0.4651 1.1837 0.1165 0.4903 1.2375 0.1165 0.3316
4 16 1.2375 0.1165 0.3316 1.1837 0.1165 0.4903 1.2051 0 0.4992 1.2599 0 0.3376
4 16 0.9239 0.3043 0.3827 0.866 0.3043 0.5 0.9669 0.2812 0.5582 1.0315 0.2812 0.4273
4 16 1.0315 0.2812 0.4273 0.9669 0.2812 0.5582 1.0524 0.2152 0.6076 1.1227 0.2152 0.4651
4 16 1.1227 0.2152 0.4651 1.0524 0.2152 0.6076 1.1095 0.1165 0.6406 1.1837 0.1165 0.4903
4 16 1.1837 0.1165 0.4903 1.1095 0.1165 0.6406 1.1296 0 0.6522 1.2051 0 0.4992
4 16 0.866 0.3043 0.5 0.7934 0.3043 0.6088 0.8858 0.2812 0.6797 0.9669 0.2812 0.5582
4 16 0.9669 0.2812 0.5582 0.8858 0.2812 0.6797 0.9641 0.2152 0.7398 1.0524 0.2152 0.6076
4 16 1.0524 0.2152 0.6076 0.9641 0.2152 0.7398 1.0165 0.1165 0.78 1.1095 0.1165 0.6406
4 16 1.1095 0.1165 0.6406 1.0165 0.1165 0.78 1.0349 0 0.7941 1.1296 0 0.6522
4 16 0.7934 0.3043 0.6088 0.7071 0.3043 0.7071 0.7895 0.2812 0.7895 0.8858 0.2812 0.6797
4 16 0.8858 0.2812 0.6797 0.7895 0.2812 0.7895 0.8593 0.2152 0.8593 0.9641 0.2152 0.7398
4 16 0.9641 0.2152 0.7398 0.8593 0.2152 0.8593 0.9059 0.1165 0.9059 1.0165 0.1165 0.78
4 16 1.0165 0.1165 0.78 0.9059 0.1165 0.9059 0.9223 0 0.9223 1.0349 0 0.7941
4 16 0.7071 0.3043 0.7071 0.6088 0.3043 0.7934 0.6797 0.2812 0.8858 0.7895 0.2812 0.7895
4 16 0.7895 0.2812 0.7895 0.6797 0.2812 0.8858 0.7398 0.2152 0.9641 0.8593 0.2152 0.8593
4 16 0.8593 0.2152 0.8593 0.7398 0.2152 0.9641 0.78 0.1165 1.0165 0.9059 0.1165 0.9059
4 16 0.9059 0.1165 0.9059 0.78 0.1165 1.0165 0.7941 0 1.0349 0.9223 0 0.9223
4 16 0.6088 0.3043 0.7934 0.5 0.3043 0.866 0.5582 0.2812 0.9669 0.6797 0.2812 0.8858
4 16 0.6797 0.2812 0.8858 0.5582 0.2812 0.9669 0.6076 0.2152 1.0524 0.7398 0.2152 0.9641
4 16 0.7398 0.2152 0.9641 0.6076 0.2152 1.0524 0.6406 0.1165 1.1095 0.78 0.1165 1.0165
4 16 0.78 0.1165 1.0165 0.6406 0.1165 1.1095 0.6522 0 1.1296 0.7941 0 1.0349
4 16 0.5 0.3043 0.866 0.3827 0.3043 0.9239 0.4273 0.2812 1.0315 0.5582 0.2812 0.9669
4 16 0.5582 0.2812 0.9669 0.4273 0.2812 1.0315 0.4651 0.2152 1.1227 0.6076 0.2152 1.0524
4 16 0.6076 0.2152 1.0524 0.4651 0.2152 1.1227 0.4903 0.1165 1.1837 0.6406 0.1165 1.1095
4 16 0.6406 0.1165 1.1095 0.4903 0.1165 1.1837 0.4992 0 1.2051 0.6522 0 1.1296
4 16 0.3827 0.3043 0.9239 0.2588 0.3043 0.9659 0.2889 0.2812 1.0784 0.4273 0.2812 1.0315
4 16 0.4273 0.2812 1.0315 0.2889 0.2812 1.0784 0.3145 0.2152 1.1738 0.4651 0.2152 1.1227
4 16 0.4651 0.2152 1.1227 0.3145 0.2152 1.1738 0.3316 0.1165 1.2375 0.4903 0.1165 1.1837
4 16 0.4903 0.1165 1.1837 0.3316 0.1165 1.2375 0.3376 0 1.2599 0.4992 0 1.2051
4 16 0.2588 0.3043 0.9659 0.1305 0.3043 0.9914 0.1457 0.2812 1.1069 0.2889 0.2812 1.0784
4 16 0.2889 0.2812 1.0784 0.1457 0.2812 1.1069 0.1586 0.2152 1.2048 0.3145 0.2152 1.1738
4 16 0.3145 0.2152 1.1738 0.1586 0.2152 1.2048 0.1672 0.1165 1.2702 0.3316 0.1165 1.2375
4 16 0.3316 0.1165 1.2375 0.1672 0.1165 1.2702 0.1702 0 1.2931 0.3376 0 1.2599
4 16 0.1305 0.3043 0.9914 0 0.3043 1 0 0.2812 1.1165 0.1457 0.2812 1.1069
4 16 0.1457 0.2812 1.1069 0 0.2812 1.1165 0 0.2152 1.2152 0.1586 0.2152 1.2048
4 16 0.1586 0.2152 1.2048 0 0.2152 1.2152 0 0.1165 1.2812 0.1672 0.1165 1.2702
4 16 0.1672 0.1165 1.2702 0 0.1165 1.2812 0 0 1.3043 0.1702 0 1.2931
0 // conditional lines
5 24 0.9914 0.3043 0.1305 1 0.3043 0 1.1069 0.2812 0.1457 0.8759 0.3043 0.1153
5 24 1.1069 0.2812 0.1457 1.1165 0.2812 0 0.9914 0.3043 0.1305 1.2048 0.2152 0.1586
5 24 1 0.3043 0 1.1165 0.2812 0 1 0.3043 -0.1305 0.9914 0.3043 0.1305
5 24 0.9914 0.3043 0.1305 1.1069 0.2812 0.1457 1 0.3043 0 0.9659 0.3043 0.2588
5 24 1.2048 0.2152 0.1586 1.2152 0.2152 0 1.1069 0.2812 0.1457 1.2702 0.1165 0.1672
5 24 1.1165 0.2812 0 1.2152 0.2152 0 1.1165 0.2812 -0.1457 1.1069 0.2812 0.1457
5 24 1.1069 0.2812 0.1457 1.2048 0.2152 0.1586 1.1165 0.2812 0 1.0784 0.2812 0.2889
5 24 1.2702 0.1165 0.1672 1.2812 0.1165 0 1.2048 0.2152 0.1586 1.2931 0 0.1702
5 24 1.2152 0.2152 0 1.2812 0.1165 0 1.2152 0.2152 -0.1586 1.2048 0.2152 0.1586
5 24 1.2048 0.2152 0.1586 1.2702 0.1165 0.1672 1.2152 0.2152 0 1.1738 0.2152 0.3145
5 24 1.2812 0.1165 0 1.3043 0 0 1.2812 0.1165 -0.1672 1.2702 0.1165 0.1672
5 24 1.2702 0.1165 0.1672 1.2931 0 0.1702 1.2812 0.1165 0 1.2375 0.1165 0.3316
5 24 1.2931 0 0.1702 1.3043 0 0 1.2702 0.1165 0.1672 1.2931 -0.1165 0.1702
5 24 0.9659 0.3043 0.2588 0.9914 0.3043 0.1305 1.0784 0.2812 0.2889 0.8534 0.3043 0.2287
5 24 1.0784 0.2812 0.2889 1.1069 0.2812 0.1457 0.9659 0.3043 0.2588 1.1738 0.2152 0.3145
5 24 0.9659 0.3043 0.2588 1.0784 0.2812 0.2889 0.9914 0.3043 0.1305 0.9239 0.3043 0.3827
5 24 1.1738 0.2152 0.3145 1.2048 0.2152 0.1586 1.0784 0.2812 0.2889 1.2375 0.1165 0.3316
5 24 1.0784 0.2812 0.2889 1.1738 0.2152 0.3145 1.1069 0.2812 0.1457 1.0315 0.2812 0.4273
5 24 1.2375 0.1165 0.3316 1.2702 0.1165 0.1672 1.1738 0.2152 0.3145 1.2599 0 0.3376
5 24 1.1738 0.2152 0.3145 1.2375 0.1165 0.3316 1.2048 0.2152 0.1586 1.1227 0.2152 0.4651
5 24 1.2375 0.1165 0.3316 1.2599 0 0.3376 1.2702 0.1165 0.1672 1.1837 0.1165 0.4903
5 24 1.2599 0 0.3376 1.2931 0 0.1702 1.2375 0.1165 0.3316 1.2599 -0.1165 0.3376
5 24 0.9239 0.3043 0.3827 0.9659 0.3043 0.2588 1.0315 0.2812 0.4273 0.8163 0.3043 0.3381
5 24 1.0315 0.2812 0.4273 1.0784 0.2812 0.2889 0.9239 0.3043 0.3827 1.1227 0.2152 0.4651
5 24 0.9239 0.3043 0.3827 1.0315 0.2812 0.4273 0.9659 0.3043 0.2588 0.866 0.3043 0.5
5 24 1.1227 0.2152 0.4651 1.1738 0.2152 0.3145 1.0315 0.2812 0.4273 1.1837 0.1165 0.4903
5 24 1.0315 0.2812 0.4273 1.1227 0.2152 0.4651 1.0784 0.2812 0.2889 0.9669 0.2812 0.5582
5 24 1.1837 0.1165 0.4903 1.2375 0.1165 0.3316 1.1227 0.2152 0.4651 1.2051 0 0.4992
5 24 1.1227 0.2152 0.4651 1.1837 0.1165 0.4903 1.1738 0.2152 0.3145 1.0524 0.2152 0.6076
5 24 1.1837 0.1165 0.4903 1.2051 0 0.4992 1.2375 0.1165 0.3316 1.1095 0.1165 0.6406
5 24 1.2051 0 0.4992 1.2599 0 0.3376 1.1837 0.1165 0.4903 1.2051 -0.1165 0.4992
5 24 0.866 0.3043 0.5 0.9239 0.3043 0.3827 0.9669 0.2812 0.5582 0.7651 0.3043 0.4418
5 24 0.9669 0.2812 0.5582 1.0315 0.2812 0.4273 0.866 0.3043 0.5 1.0524 0.2152 0.6076
5 24 0.866 0.3043 0.5 0.9669 0.2812 0.5582 0.9239 0.3043 0.3827 0.7934 0.3043 0.6088
5 24 1.0524 0.2152 0.6076 1.1227 0.2152 0.4651 0.9669 0.2812 0.5582 1.1095 0.1165 0.6406
5 24 0.9669 0.2812 0.5582 1.0524 0.2152 0.6076 1.0315 0.2812 0.4273 0.8858 0.2812 0.6797
5 24 1.1095 0.1165 0.6406 1.1837 0.1165 0.4903 1.0524 0.2152 0.6076 1.1296 0 0.6522
5 24 1.0524 0.2152 0.6076 1.1095 0.1165 0.6406 1.1227 0.2152 0.4651 0.9641 0.2152 0.7398
5 24 1.1095 0.1165 0.6406 1.1296 0 0.6522 1.1837 0.1165 0.4903 1.0165 0.1165 0.78
5 24 1.1296 0 0.6522 1.2051 0 0.4992 1.1095 0.1165 0.6406 1.1296 -0.1165 0.6522
5 24 0.7934 0.3043 0.6088 0.866 0.3043 0.5 0.8858 0.2812 0.6797 0.701 0.3043 0.5379
5 24 0.8858 0.2812 0.6797 0.9669 0.2812 0.5582 0.7934 0.3043 0.6088 0.9641 0.2152 0.7398
5 24 0.7934 0.3043 0.6088 0.8858 0.2812 0.6797 0.866 0.3043 0.5 0.7071 0.3043 0.7071
5 24 0.9641 0.2152 0.7398 1.0524 0.2152 0.6076 0.8858 0.2812 0.6797 1.0165 0.1165 0.78
5 24 0.8858 0.2812 0.6797 0.9641 0.2152 0.7398 0.9669 0.2812 0.5582 0.7895 0.2812 0.7895
5 24 1.0165 0.1165 0.78 1.1095 0.1165 0.6406 0.9641 0.2152 0.7398 1.0349 0 0.7941
5 24 0.9641 0.2152 0.7398 1.0165 0.1165 0.78 1.0524 0.2152 0.6076 0.8593 0.2152 0.8593
5 24 1.0165 0.1165 0.78 1.0349 0 0.7941 1.1095 0.1165 0.6406 0.9059 0.1165 0.9059
5 24 1.0349 0 0.7941 1.1296 0 0.6522 1.0165 0.1165 0.78 1.0349 -0.1165 0.7941
5 24 0.7071 0.3043 0.7071 0.7934 0.3043 0.6088 0.7895 0.2812 0.7895 0.6247 0.3043 0.6247
5 24 0.7895 0.2812 0.7895 0.8858 0.2812 0.6797 0.7071 0.3043 0.7071 0.8593 0.2152 0.8593
5 24 0.7071 0.3043 0.7071 0.7895 0.2812 0.7895 0.7934 0.3043 0.6088 0.6088 0.3043 0.7934
5 24 0.8593 0.2152 0.8593 0.9641 0.2152 0.7398 0.7895 0.2812 0.7895 0.9059 0.1165 0.9059
5 24 0.7895 0.2812 0.7895 0.8593 0.2152 0.8593 0.8858 0.2812 0.6797 0.6797 0.2812 0.8858
5 24 0.9059 0.1165 0.9059 1.0165 0.1165 0.78 0.8593 0.2152 0.8593 0.9223 0 0.9223
5 24 0.8593 0.2152 0.8593 0.9059 0.1165 0.9059 0.9641 0.2152 0.7398 0.7398 0.2152 0.9641
5 24 0.9059 0.1165 0.9059 0.9223 0 0.9223 1.0165 0.1165 0.78 0.78 0.1165 1.0165
5 24 0.9223 0 0.9223 1.0349 0 0.7941 0.9059 0.1165 0.9059 0.9223 -0.1165 0.9223
5 24 0.6088 0.3043 0.7934 0.7071 0.3043 0.7071 0.6797 0.2812 0.8858 0.5379 0.3043 0.701
5 24 0.6797 0.2812 0.8858 0.7895 0.2812 0.7895 0.6088 0.3043 0.7934 0.7398 0.2152 0.9641
5 24 0.6088 0.3043 0.7934 0.6797 0.2812 0.8858 0.7071 0.3043 0.7071 0.5 0.3043 0.866
5 24 0.7398 0.2152 0.9641 0.8593 0.2152 0.8593 0.6797 0.2812 0.8858 0.78 0.1165 1.0165
5 24 0.6797 0.2812 0.8858 0.7398 0.2152 0.9641 0.7895 0.2812 0.7895 0.5582 0.2812 0.9669
5 24 0.78 0.1165 1.0165 0.9059 0.1165 0.9059 0.7398 0.2152 0.9641 0.7941 0 1.0349
5 24 0.7398 0.2152 0.9641 0.78 0.1165 1.0165 0.8593 0.2152 0.8593 0.6076 0.2152 1.0524
5 24 0.78 0.1165 1.0165 0.7941 0 1.0349 0.9059 0.1165 0.9059 0.6406 0.1165 1.1095
5 24 0.7941 0 1.0349 0.9223 0 0.9223 0.78 0.1165 1.0165 0.7941 -0.1165 1.0349
5 24 0.5 0.3043 0.866 0.6088 0.3043 0.7934 0.5582 0.2812 0.9669 0.4418 0.3043 0.7651
5 24 0.5582 0.2812 0.9669 0.6797 0.2812 0.8858 0.5 0.3043 0.866 0.6076 0.2152 1.0524
5 24 0.5 0.3043 0.866 0.5582 0.2812 0.9669 0.6088 0.3043 0.7934 0.3827 0.3043 0.9239
5 24 0.6076 0.2152 1.0524 0.7398 0.2152 0.9641 0.5582 0.2812 0.9669 0.6406 0.1165 1.1095
5 24 0.5582 0.2812 0.9669 0.6076 0.2152 1.0524 0.6797 0.2812 0.8858 0.4273 0.2812 1.0315
5 24 0.6406 0.1165 1.1095 0.78 0.1165 1.0165 0.6076 0.2152 1.0524 0.6522 0 1.1296
5 24 0.6076 0.2152 1.0524 0.6406 0.1165 1.1095 0.7398 0.2152 0.9641 0.4651 0.2152 1.1227
5 24 0.6406 0.1165 1.1095 0.6522 0 1.1296 0.78 0.1165 1.0165 0.4903 0.1165 1.1837
5 24 0.6522 0 1.1296 0.7941 0 1.0349 0.6406 0.1165 1.1095 0.6522 -0.1165 1.1296
5 24 0.3827 0.3043 0.9239 0.5 0.3043 0.866 0.4273 0.2812 1.0315 0.3381 0.3043 0.8163
5 24 0.4273 0.2812 1.0315 0.5582 0.2812 0.9669 0.3827 0.3043 0.9239 0.4651 0.2152 1.1227
5 24 0.3827 0.3043 0.9239 0.4273 0.2812 1.0315 0.5 0.3043 0.866 0.2588 0.3043 0.9659
5 24 0.4651 0.2152 1.1227 0.6076 0.2152 1.0524 0.4273 0.2812 1.0315 0.4903 0.1165 1.1837
5 24 0.4273 0.2812 1.0315 0.4651 0.2152 1.1227 0.5582 0.2812 0.9669 0.2889 0.2812 1.0784
5 24 0.4903 0.1165 1.1837 0.6406 0.1165 1.1095 0.4651 0.2152 1.1227 0.4992 0 1.2051
5 24 0.4651 0.2152 1.1227 0.4903 0.1165 1.1837 0.6076 0.2152 1.0524 0.3145 0.2152 1.1738
5 24 0.4903 0.1165 1.1837 0.4992 0 1.2051 0.6406 0.1165 1.1095 0.3316 0.1165 1.2375
5 24 0.4992 0 1.2051 0.6522 0 1.1296 0.4903 0.1165 1.1837 0.4992 -0.1165 1.2051
5 24 0.2588 0.3043 0.9659 0.3827 0.3043 0.9239 0.2889 0.2812 1.0784 0.2287 0.3043 0.8534
5 24 0.2889 0.2812 1.0784 0.4273 0.2812 1.0315 0.2588 0.3043 0.9659 0.3145 0.2152 1.1738
5 24 0.2588 0.3043 0.9659 0.2889 0.2812 1.0784 0.3827 0.3043 0.9239 0.1305 0.3043 0.9914
5 24 0.3145 0.2152 1.1738 0.4651 0.2152 1.1227 0.2889 0.2812 1.0784 0.3316 0.1165 1.2375
5 24 0.2889 0.2812 1.0784 0.3145 0.2152 1.1738 0.4273 0.2812 1.0315 0.1457 0.2812 1.1069
5 24 0.3316 0.1165 1.2375 0.4903 0.1165 1.1837 0.3145 0.2152 1.1738 0.3376 0 1.2599
5 24 0.3145 0.2152 1.1738 0.3316 0.1165 1.2375 0.4651 0.2152 1.1227 0.1586 0.2152 1.2048
5 24 0.3316 0.1165 1.2375 0.3376 0 1.2599 0.4903 0.1165 1.1837 0.1672 0.1165 1.2702
5 24 0.3376 0 1.2599 0.4992 0 1.2051 0.3316 0.1165 1.2375 0.3376 -0.1165 1.2599
5 24 0.1305 0.3043 0.9914 0.2588 0.3043 0.9659 0.1457 0.2812 1.1069 0.1153 0.3043 0.8759
5 24 0.1457 0.2812 1.1069 0.2889 0.2812 1.0784 0.1305 0.3043 0.9914 0.1586 0.2152 1.2048
5 24 0.1305 0.3043 0.9914 0.1457 0.2812 1.1069 0.2588 0.3043 0.9659 0 0.3043 1
5 24 0.1586 0.2152 1.2048 0.3145 0.2152 1.1738 0.1457 0.2812 1.1069 0.1672 0.1165 1.2702
5 24 0.1457 0.2812 1.1069 0.1586 0.2152 1.2048 0.2889 0.2812 1.0784 0 0.2812 1.1165
5 24 0.1672 0.1165 1.2702 0.3316 0.1165 1.2375 0.1586 0.2152 1.2048 0.1702 0 1.2931
5 24 0.1586 0.2152 1.2048 0.1672 0.1165 1.2702 0.3145 0.2152 1.1738 0 0.2152 1.2152
5 24 0.1672 0.1165 1.2702 0.1702 0 1.2931 0.3316 0.1165 1.2375 0 0.1165 1.2812
5 24 0.1702 0 1.2931 0.3376 0 1.2599 0.1672 0.1165 1.2702 0.1702 -0.1165 1.2931
5 24 0 0.3043 1 0.1305 0.3043 0.9914 0 0.2812 1.1165 0 0.3043 0.8835
5 24 0 0.2812 1.1165 0.1457 0.2812 1.1069 0 0.3043 1 0 0.2152 1.2152
5 24 0 0.3043 1 0 0.2812 1.1165 0.1305 0.3043 0.9914 -1 0.3043 1
5 24 0 0.2152 1.2152 0.1586 0.2152 1.2048 0 0.2812 1.1165 0 0.1165 1.2812
5 24 0 0.2812 1.1165 0 0.2152 1.2152 0.1457 0.2812 1.1069 -1.1165 0.2812 1.1165
5 24 0 0.1165 1.2812 0.1672 0.1165 1.2702 0 0.2152 1.2152 0 0 1.3043
5 24 0 0.2152 1.2152 0 0.1165 1.2812 0.1586 0.2152 1.2048 -1.2152 0.2152 1.2152
5 24 0 0.1165 1.2812 0 0 1.3043 0.1672 0.1165 1.2702 -1.2812 0.1165 1.2812
5 24 0 0 1.3043 0.1702 0 1.2931 0 0.1165 1.2812 0 -0.1165 1.3043
0 // Build by LDPartEditor (PrimGen 2.X)
