0 Duplo Brick  2 x  2 x  2 with Inside Curve
0 Name: 11169.dat
0 Author: Philippe Hurbain [Philo]
0 !LDRAW_ORG Unofficial_Part 
0 !LICENSE Redistributable under CCAL version 2.0 : see CAreadme.txt

0 BFC CERTIFY CCW

0 !CATEGORY Arch

0 !HISTORY 2020-12-12 {LEGO/Unity Microgame} Original part shape
0 !HISTORY 2021-01-14 [Philo] File preparation for LDraw Parts Tracker

0 BFC INVERTNEXT
1 16 40 0 -47 0 -80 0 0 0 48.3 47 0 0 48\5-24cylo.dat
1 16 0 0 20 1 0 0 0 2.75 0 0 0 1 stug7-1x2.dat
1 16 0 36 20 40 0 0 0 -36 0 0 0 20 box2-5.dat
4 16 -40 72 -40 -36 72 -36 36 72 -36 40 72 -40
4 16 -40 72 40 -36 72 36 -36 72 -36 -40 72 -40
4 16 40 72 40 36 72 36 -36 72 36 -40 72 40
4 16 40 72 -40 36 72 -36 36 72 36 40 72 40
1 16 0 40 0 1 0 0 0 -7 0 0 0 1 stud8a.dat
1 16 20 37.5 36 1.5 0 0 0 0 33.5 0 -4 0 box4-1.dat
1 16 -20 37.5 36 1.5 0 0 0 0 33.5 0 -4 0 box4-1.dat
1 16 36 37.5 20 0 -4 0 0 0 33.5 -1.5 0 0 box4-1.dat
1 16 -36 37.5 20 0 4 0 0 0 33.5 -1.5 0 0 box4-1.dat
1 16 0 4 25.8 0 0 1.5 0 40 0 -10.2 0 0 box3u5p.dat
1 16 0 4 20 0 0 36 0 -1 0 16 0 0 rect.dat
1 16 0 38 36 -36 0 0 0 0 34 0 1 0 rect3.dat
1 16 36 4 -43 0 -72 0 0 0 48 47 0 0 3-16cylo.dat
1 16 0 40 0 16 0 0 0 -36 0 0 0 16 2-4cyli.dat
1 16 0 4 0 14.782072520180588191781339136875 0 -6.1229349178414361213701372869462 0 -1 0 6.1229349178414361213701372869462 0 14.782072520180588191781339136875 3-8edge.dat
0 BFC INVERTNEXT
1 16 0 40 0 14 0 0 0 -36 0 0 0 14 2-4cyli.dat
1 16 0 40 0 6.12293 0 14.78207 0 -30 0 -14.78207 0 6.12293 3-16cyls.dat
0 BFC INVERTNEXT
1 16 0 40 0 5.35757 0 12.93431 0 -31 0 -12.93431 0 5.35757 3-16cyls.dat
2 24 9.8998 38.0318 -9.8997 5.5836 40 -12.7833
2 24 12.9342 31.2035 -5.3575 9.9889 37.9408 -9.7663
2 24 9.8998 38.0318 -9.8997 9.9889 37.9408 -9.7663
2 24 14.0004 23.0166 -0.0001 12.9342 31.2035 -5.3575
2 24 5.3578 40.1033 -12.9346 0 40.8304 -14
2 24 5.5842 40 -12.7833 5.3578 40.1033 -12.9346
2 24 13.9158 22.3696 0.4233 13.2046 4 4
2 24 13.9158 22.3696 0.4233 14 23.0165 0
2 24 0 42.1955 -16 6.1232 41.3644 -14.7824
2 24 6.1232 41.3644 -14.7824 11.3141 38.9971 -11.3139
2 24 16.0004 23.0166 -0.0001 14.7819 32.3731 -6.1229
2 24 12.348 37.9408 -9.7663 14.7819 32.3731 -6.1229
2 24 11.3141 38.9971 -11.3139 12.348 37.9408 -9.7663
2 24 15.9158 22.3696 0.4233 15.2046 4 4
2 24 15.9158 22.3696 0.4233 16 23.0165 0
1 16 0 40 0 -6.12293 0 -14.78207 0 -30 0 -14.78207 0 6.12293 3-16cyls.dat
0 BFC INVERTNEXT
1 16 0 40 0 -5.35757 0 -12.93431 0 -31 0 -12.93431 0 5.35757 3-16cyls.dat
2 24 -9.8998 38.0318 -9.8997 -5.5836 40 -12.7833
2 24 -12.9342 31.2035 -5.3575 -9.9889 37.9408 -9.7663
2 24 -9.8998 38.0318 -9.8997 -9.9889 37.9408 -9.7663
2 24 -14.0004 23.0166 -0.0001 -12.9342 31.2035 -5.3575
2 24 -5.3578 40.1033 -12.9346 0 40.8304 -14
2 24 -5.5842 40 -12.7833 -5.3578 40.1033 -12.9346
2 24 -13.9158 22.3696 0.4233 -13.2046 4 4
2 24 -13.9158 22.3696 0.4233 -14 23.0165 0
2 24 0 42.1955 -16 -6.1232 41.3644 -14.7824
2 24 -6.1232 41.3644 -14.7824 -11.3141 38.9971 -11.3139
2 24 -16.0004 23.0166 -0.0001 -14.7819 32.3731 -6.1229
2 24 -12.348 37.9408 -9.7663 -14.7819 32.3731 -6.1229
2 24 -11.3141 38.9971 -11.3139 -12.348 37.9408 -9.7663
2 24 -15.9158 22.3696 0.4233 -15.2046 4 4
2 24 -15.9158 22.3696 0.4233 -16 23.0165 0
1 16 0 60 -40 40 0 0 0 0 12 0 1 0 rect.dat
1 16 0 47.3265 -37.4182 0 0 40 0.6735 1 0 -2.5818 0 0 rect2p.dat
1 16 0 62 -36 36 0 0 0 0 10 0 -1 0 rect.dat
1 16 0 50.1736 -30.50655 0 0 -36 1.8264 -1 0 -5.49345 0 0 rect2p.dat
2 24 36 72 -36 36 72 36
2 24 -36 72 -36 -36 72 36
1 16 0 4 0 12.93431 0 -5.35757 0 1 0 5.35757 0 12.93431 3-8edge.dat
2 24 14.7821 4 6.1229 15.2046 4 4
2 24 -15.2046 4 4 -14.7824 4 6.1232
2 24 12.9343 4 5.3576 13.2046 4 4
2 24 -13.2046 4 4 -12.9346 4 5.3578
1 16 36 57 -20 0 -4 0 0 0 14 -1.5 0 0 box4-4a.dat
2 24 32 43.9018 -18.5 32 45.9494 -21.5
2 24 32 43.9018 -18.5 36 43.9018 -18.5
2 24 32 45.9494 -21.5 36 45.9494 -21.5
1 16 20 60.5 -36 1.5 0 0 0 0 10.5 0 4 0 box4-4a.dat
2 24 21.5 50.6701 -32 18.5 50.6701 -32
2 24 21.5 50.6701 -32 21.5 52 -36
2 24 18.5 52 -36 18.5 50.6701 -32
4 16 36 37.9408 -9.7663 36 4 4 36 4 36 36 72 36
4 16 36 37.9408 -9.7663 36 72 36 36 72 -36 36 52 -36
1 16 40 0 -47 0 -1 0 0 0 48.3 47 0 0 48\5-24ndis.dat
4 16 40 46.653 -34.8364 40 48 -40 40 72 -40 40 48.3 0
4 16 40 0 40 40 0 0 40 48.3 0 40 72 40
3 16 40 48.3 0 40 72 -40 40 72 40
1 16 -36 57 -20 0 4 0 0 0 14 -1.5 0 0 box4-4a.dat
2 24 -32 43.9018 -18.5 -32 45.9494 -21.5
2 24 -32 43.9018 -18.5 -36 43.9018 -18.5
2 24 -32 45.9494 -21.5 -36 45.9494 -21.5
1 16 -20 60.5 -36 -1.5 0 0 0 0 10.5 0 4 0 box4-4a.dat
2 24 -21.5 50.6701 -32 -18.5 50.6701 -32
2 24 -21.5 50.6701 -32 -21.5 52 -36
2 24 -18.5 52 -36 -18.5 50.6701 -32
4 16 -36 4 36 -36 4 4 -36 37.9408 -9.7663 -36 72 36
4 16 -36 72 -36 -36 72 36 -36 37.9408 -9.7663 -36 52 -36
1 16 -40 0 -47 0 1 0 0 0 48.3 47 0 0 48\5-24ndis.dat
4 16 -40 72 -40 -40 48 -40 -40 46.653 -34.8364 -40 48.3 0
4 16 -40 48.3 0 -40 0 0 -40 0 40 -40 72 40
3 16 -40 72 -40 -40 48.3 0 -40 72 40
2 24 40 72 -40 40 72 40
2 24 -40 72 -40 -40 72 40
2 24 1.5 44 15.701725 0 44 16
2 24 1.5 4 15.701725 1.5 44 15.701725
2 24 0 44 16 -1.5 44 15.701725
2 24 -1.5 44 15.701725 -1.5 4 15.701725
