0 Duplo Brick  2 x  2 x  1.5 with Curved Front with Boy with Cap, Girl with Bow, and White Vehicle Windows Pattern
0 Name: 11170p01.dat
0 Author: Philippe Hurbain [Philo]
0 !LDRAW_ORG Unofficial_Part 
0 !LICENSE Redistributable under CCAL version 2.0 : see CAreadme.txt

0 BFC CERTIFY CCW

0 !CATEGORY Brick
0 !KEYWORDS Set 10918, Bricklink 11170pb09


1 16 0 0 0 1 0 0 0 1 0 0 0 1 s\11170s01.dat

0 // Front
1 16 40 69.28 40 0 -80 0 0 0 -80 -80 0 0 48\1-6cyli.dat
4 16 40 69.28 -40 -40 69.28 -40 -40 72 -40 40 72 -40

0 // Girl
4 16 40 31.3 -2.4065 40 30.6852 -2.2843 40 30.3751 -3.033 40 31.3 -3.217
4 16 40 31.9148 -2.2843 40 31.3 -2.4065 40 31.3 -3.217 40 32.225 -3.033
4 16 40 32.436 -1.936 40 31.9148 -2.2843 40 32.225 -3.033 40 33.0091 -2.5091
4 16 40 32.7843 -1.4148 40 32.436 -1.936 40 33.0091 -2.5091 40 33.533 -1.7249
4 16 40 32.9066 -0.8 40 32.7843 -1.4148 40 33.533 -1.7249 40 33.717 -0.8
4 16 40 32.7843 -0.1852 40 32.9066 -0.8 40 33.717 -0.8 40 33.533 0.1249
4 16 40 32.436 0.336 40 32.7843 -0.1852 40 33.533 0.1249 40 33.0091 0.9091
4 16 40 31.9148 0.6843 40 32.436 0.336 40 33.0091 0.9091 40 32.525 1.183
4 16 40 31.3 0.8065 40 31.9148 0.6843 40 32.525 1.183 40 31.95 1.25
4 16 40 29.7157 -1.4148 40 29.5935 -0.8 40 28.983 -1 40 29.067 -1.7249
4 16 40 30.164 -1.936 40 29.7157 -1.4148 40 29.067 -1.7249 40 29.5909 -2.5091
4 16 40 30.6852 -2.2843 40 30.164 -1.936 40 29.5909 -2.5091 40 30.3751 -3.033
4 15 40 29.824 -0.2 40 30.303 -0.9169 40 30.6 -0.976 40 30.897 -0.9169
4 15 40 29.824 -0.2 40 30.897 -0.9169 40 31.1487 -0.7487 40 31.3169 -0.497
4 15 40 29.824 -0.2 40 31.3169 -0.497 40 31.376 -0.2 40 31.3169 0.097
4 15 40 29.824 -0.2 40 31.3169 0.097 40 31.1487 0.3487 40 30.897 0.5169
4 15 40 29.824 -0.2 40 30.897 0.5169 40 30.6 0.576 40 30.303 0.5169
4 15 40 29.824 -0.2 40 30.303 0.5169 40 30.0513 0.3487 40 29.8831 0.097
4 15 40 29.824 -0.2 40 29.8831 -0.497 40 30.0513 -0.7487 40 30.303 -0.9169
4 16 40 29.1 -0.5 40 28.983 -1 40 29.5935 -0.8 40 29.55 -0.35
3 16 40 29.1 -0.5 40 29.55 -0.35 40 29.35 -0.3
4 16 40 31.4 1.15 40 31.2 0.95 40 31.3 0.8065 40 31.95 1.25
4 15 40 29.5909 -2.5091 40 29.067 -1.7249 40 29.4 -2.65 40 30 -3.25
4 15 40 30.3751 -3.033 40 29.5909 -2.5091 40 30 -3.25 40 30.85 -3.7
4 15 40 31.3 -3.217 40 30.3751 -3.033 40 30.85 -3.7 40 31.8 -4
4 15 40 32.225 -3.033 40 31.3 -3.217 40 31.8 -4 40 33 -4
4 15 40 32.225 -3.033 40 33 -4 40 33.65 -3.55 40 33.0091 -2.5091
4 15 40 33.0091 -2.5091 40 33.65 -3.55 40 34.25 -2.8 40 33.533 -1.7249
4 15 40 33.533 -1.7249 40 34.25 -2.8 40 34.6 -1.75 40 33.717 -0.8
4 15 40 33.717 -0.8 40 34.6 -1.75 40 34.55 -0.55 40 33.533 0.1249
4 15 40 33.533 0.1249 40 34.55 -0.55 40 34.15 0.45 40 33.0091 0.9091
4 15 40 33.0091 0.9091 40 34.15 0.45 40 33.35 1.35 40 32.525 1.183
4 15 40 32.525 1.183 40 33.35 1.35 40 32.4 1.4 40 31.95 1.25
4 0 40 31.6 2 40 31.95 1.25 40 32.4 1.4 40 32.7 2
4 0 40 33.3 1.8 40 32.7 2 40 32.4 1.4 40 33.5 1.6
3 0 40 32.4 1.4 40 33.35 1.35 40 33.5 1.6
4 0 40 31.4 1.15 40 31.95 1.25 40 31.6 2 40 30.35 1.75
4 0 40 31.2 0.95 40 31.4 1.15 40 30.35 1.75 40 29.6 1.3
4 0 40 30.6 0.576 40 31.2 0.95 40 29.6 1.3 40 30.303 0.5169
4 0 40 30.303 0.5169 40 29.6 1.3 40 28.9 0.55 40 30.0513 0.3487
4 0 40 29.8831 0.097 40 30.0513 0.3487 40 28.9 0.55 40 29.35 -0.3
4 0 40 29.824 -0.2 40 29.8831 0.097 40 29.35 -0.3 40 29.55 -0.35
4 0 40 29.8831 -0.497 40 29.824 -0.2 40 29.55 -0.35 40 29.5935 -0.8
4 0 40 30.0513 -0.7487 40 29.8831 -0.497 40 29.5935 -0.8 40 29.7157 -1.4148
4 0 40 30.303 -0.9169 40 30.0513 -0.7487 40 29.7157 -1.4148 40 30.164 -1.936
4 0 40 30.6 -0.976 40 30.303 -0.9169 40 30.164 -1.936 40 30.6852 -2.2843
4 0 40 30.897 -0.9169 40 30.6 -0.976 40 30.6852 -2.2843 40 31.3 -2.4065
4 0 40 31.1487 -0.7487 40 30.897 -0.9169 40 31.3 -2.4065 40 31.9148 -2.2843
4 0 40 31.3169 -0.497 40 31.1487 -0.7487 40 31.9148 -2.2843 40 32.436 -1.936
4 0 40 31.376 -0.2 40 31.3169 -0.497 40 32.436 -1.936 40 32.7843 -1.4148
4 0 40 31.376 -0.2 40 32.7843 -1.4148 40 32.9066 -0.8 40 32.7843 -0.1852
4 0 40 31.3169 0.097 40 31.376 -0.2 40 32.7843 -0.1852 40 32.436 0.336
4 0 40 31.3169 0.097 40 32.436 0.336 40 31.9148 0.6843 40 31.1487 0.3487
4 0 40 31.1487 0.3487 40 31.9148 0.6843 40 31.3 0.8065 40 30.897 0.5169
4 0 40 30.897 0.5169 40 31.3 0.8065 40 31.2 0.95 40 30.6 0.576
4 0 40 29.1 -0.5 40 29.35 -0.3 40 28.9 0.55 40 28.3 -0.35
4 0 40 28.983 -1 40 29.1 -0.5 40 28.3 -0.35 40 28.2 -1.55
4 0 40 29.067 -1.7249 40 28.983 -1 40 28.2 -1.55 40 28.35 -2.45
4 0 40 29.4 -2.65 40 29.067 -1.7249 40 28.35 -2.45 40 28.85 -3.3
4 0 40 30 -3.25 40 29.4 -2.65 40 28.85 -3.3 40 29.4 -4.05
4 0 40 30.85 -3.7 40 30 -3.25 40 29.4 -4.05 40 31.4 -7.15
3 0 40 30.85 -3.7 40 31.4 -7.15 40 31.8 -4
4 0 40 33 -4 40 31.8 -4 40 31.4 -7.15 40 34.7 -7.5
4 0 40 35.85 -3.9 40 33 -4 40 34.7 -7.5 40 37.35 -7.4
4 0 40 37.45 -3.25 40 35.85 -3.9 40 37.35 -7.4 40 38.45 -7.1
4 0 40 39.8 -4.95 40 37.45 -3.25 40 38.45 -7.1 40 39.9 -5.8
3 0 40 38.45 -7.1 40 39.55 -6.5 40 39.9 -5.8
4 0 40 39.15 -2.3 40 37.45 -3.25 40 39.8 -4.95 40 40.75 -4.6
4 0 40 39.15 -2.3 40 40.75 -4.6 40 41.5 -3.7 40 41.8 -2.75
4 0 40 40.45 -0.9 40 39.15 -2.3 40 41.8 -2.75 40 41.55 -1.75
4 0 40 41.1 0.15 40 40.45 -0.9 40 41.55 -1.75 40 42.15 -0.85
4 0 40 41.1 0.15 40 42.15 -0.85 40 42.7 0.4 40 41.65 1.15
4 0 40 41.65 1.15 40 42.7 0.4 40 43.05 2.05 40 41.8 2.3
4 0 40 41.8 2.3 40 43.05 2.05 40 43.05 4.4 40 43 6.35
4 0 40 41.8 2.3 40 43 6.35 40 43.05 8.05 40 41.8 19.75
4 0 40 41.8 19.75 40 43.05 8.05 40 43.05 17.05 40 42.95 20.15
4 78 40 35.05 6.8522 40 34.5722 6.734 40 33.9015 5.15 40 35.4778 6.734
4 78 40 35.8328 6.3976 40 35.4778 6.734 40 33.9015 5.15 40 36.1035 5.894
4 78 40 36.1985 5.15 40 36.1035 5.894 40 33.9015 5.15 40 36.1035 4.456
4 78 40 35.8328 3.9524 40 36.1035 4.456 40 33.9015 5.15 40 35.4778 3.616
4 78 40 35.05 3.4978 40 35.4778 3.616 40 33.9015 5.15 40 34.5722 3.616
4 78 40 34.2172 3.9524 40 34.5722 3.616 40 33.9015 5.15 40 33.9965 4.456
3 78 40 33.9015 5.15 40 33.9965 4.456 40 33.9965 5.894
4 78 40 34.2172 6.3976 40 33.9965 5.894 40 33.9015 5.15 40 34.5722 6.734
4 0 40 34.3183 7.4961 40 34.5722 6.734 40 35.05 6.8522 40 35.05 7.677
4 0 40 35.05 7.677 40 35.05 6.8522 40 35.4778 6.734 40 35.7817 7.4961
4 0 40 35.7817 7.4961 40 35.4778 6.734 40 35.8328 6.3976 40 36.402 6.9808
4 0 40 36.402 6.9808 40 35.8328 6.3976 40 36.1035 5.894 40 36.8165 6.2096
4 0 40 36.8165 6.2096 40 36.1035 5.894 40 36.1985 5.15 40 36.962 5.15
4 0 40 36.962 5.15 40 36.1985 5.15 40 36.1035 4.456 40 36.8165 4.1404
4 0 40 36.8165 4.1404 40 36.1035 4.456 40 35.8328 3.9524 40 36.402 3.3692
4 0 40 36.402 3.3692 40 35.8328 3.9524 40 35.4778 3.616 40 35.7817 2.8539
4 0 40 35.7817 2.8539 40 35.4778 3.616 40 35.05 3.4978 40 35.05 2.673
4 0 40 35.05 2.673 40 35.05 3.4978 40 34.5722 3.616 40 34.3183 2.8539
4 0 40 34.3183 2.8539 40 34.5722 3.616 40 34.2172 3.9524 40 33.698 3.3692
4 0 40 33.698 3.3692 40 34.2172 3.9524 40 33.9965 4.456 40 33.2835 4.1404
4 0 40 33.2835 4.1404 40 33.9965 4.456 40 33.9015 5.15 40 33.138 5.15
4 0 40 33.138 5.15 40 33.9015 5.15 40 33.9965 5.894 40 33.2835 6.2096
4 0 40 33.2835 6.2096 40 33.9965 5.894 40 34.2172 6.3976 40 33.698 6.9808
4 0 40 33.698 6.9808 40 34.2172 6.3976 40 34.5722 6.734 40 34.3183 7.4961
4 0 40 26.7 -3.75 40 28.05 -4 40 27.65 -2.85 40 26.45 -2.75
4 0 40 26.45 -2.75 40 27.65 -2.85 40 27.5 -1.8 40 26.35 -1.8
4 0 40 26.4 -0.7 40 26.35 -1.8 40 27.5 -1.8 40 27.5 -0.75
4 0 40 26.8 0.1 40 26.4 -0.7 40 27.5 -0.75 40 27.65 0.05
4 0 40 26.8 0.1 40 27.65 0.05 40 27.65 0.35 40 27.4 0.45
3 0 40 26.8 0.1 40 27.4 0.45 40 27.1 0.35
4 0 40 26.2 -3.2 40 25.9 -2.15 40 25.45 -1.6 40 25.65 -6.2
3 0 40 25.65 -6.2 40 26.4 -3.8 40 26.2 -3.2
4 0 40 26.7 -3.75 40 26.4 -3.8 40 25.65 -6.2 40 28.35 -6.75
4 0 40 28.05 -4 40 26.7 -3.75 40 28.35 -6.75 40 31.4 -7.15
3 0 40 28.05 -4 40 31.4 -7.15 40 29.4 -4.05
4 16 40 10.45 5.15 40 11.05 6.25 40 10.3 6.6 40 8.85 6.25
3 16 40 8.85 6.25 40 10.3 6.6 40 9.55 7.3
4 16 40 10.45 5.15 40 8.85 6.25 40 8.45 4.6 40 10.1 4.35
4 16 40 10.1 4.35 40 8.45 4.6 40 8.6 2.7 40 9.95 2.95
4 16 40 9.95 2.95 40 8.6 2.7 40 9.05 0.85 40 10.2 2.75
4 16 40 10.2 2.75 40 9.05 0.85 40 9.55 -0.2 40 12.2 2.1
4 16 40 10.45 3 40 10.2 2.75 40 12.2 2.1 40 13.4 3.8
4 16 40 10.45 3 40 13.4 3.8 40 13.8 5.1 40 10.65 4.1
4 16 40 11.15 5.1 40 10.65 4.1 40 13.8 5.1 40 11.75 6.2
4 16 40 11.75 6.2 40 13.8 5.1 40 13.75 5.95 40 12.9 6.25
3 16 40 12.9 6.25 40 13.75 5.95 40 13.65 6.55
4 16 40 11.4 9.05 40 10.1 9.7 40 10.1 8.8 40 10.75 7.75
4 16 40 11.4 9.05 40 10.75 7.75 40 11.95 7.3 40 13.15 7.55
4 16 40 11.4 9.05 40 13.15 7.55 40 14 8.25 40 12.7 8.9
3 16 40 12.7 8.9 40 14 8.25 40 14.05 9
4 16 40 12.65 10.1 40 13.35 9.95 40 14.1 10.2 40 15 11.2
4 16 40 12.65 10.1 40 15 11.2 40 15.55 12.7 40 12.35 11.7
4 16 40 12.35 11.7 40 15.55 12.7 40 15.5 14.35 40 12.05 13.85
4 16 40 12.15 15.4 40 12.05 13.85 40 15.5 14.35 40 14.95 15.9
4 16 40 12.15 15.4 40 14.95 15.9 40 13.75 17.55 40 11.85 15.6
4 16 40 11.85 15.6 40 13.75 17.55 40 12.2 19.15 40 9.75 16.5
4 16 40 10.15 18.85 40 9.75 16.5 40 12.2 19.15 40 10.7 20.35
4 16 40 11.85 15.6 40 9.75 16.5 40 9.5 14.1 40 11.55 15
4 16 40 11.55 15 40 9.5 14.1 40 9.8 12.3 40 11.4 12.95
4 16 40 11.4 12.95 40 9.8 12.3 40 10.45 11.15 40 11.65 10.9
4 16 40 11.65 10.9 40 10.45 11.15 40 11.1 10.45 40 11.7 10.2
4 16 40 15.1 21.3 40 13.6 19.65 40 15.05 18.1 40 17.3 23.1
4 16 40 17.3 23.1 40 15.05 18.1 40 16 16.7 40 18.1 16.3
3 16 40 16 16.7 40 16.7 14.65 40 18.1 16.3
4 16 40 17.3 23.1 40 18.1 16.3 40 20.75 18.85 40 20.5 24.75
4 16 40 20.5 24.75 40 20.75 18.85 40 23.9 20.85 40 24.65 25.95
4 16 40 24.65 25.95 40 23.9 20.85 40 27.3 22.35 40 28.55 26.6
4 16 40 28.55 26.6 40 27.3 22.35 40 31.35 23.75 40 31.95 26.65
4 16 40 31.95 26.65 40 31.35 23.75 40 34.5 24.45 40 34.8 26.2
3 16 40 34.5 24.45 40 37.75 24.95 40 34.8 26.2
4 0 40 34.8 26.2 40 37.75 24.95 40 39.85 32.55 40 37.6 33.25
4 0 40 34.8 26.2 40 37.6 33.25 40 32.55 33.8 40 31.95 26.65
4 0 40 31.95 26.65 40 32.55 33.8 40 27.75 33.95 40 28.55 26.6
4 0 40 28.55 26.6 40 27.75 33.95 40 23.4 33.55 40 24.65 25.95
4 0 40 24.65 25.95 40 23.4 33.55 40 19.6 32.15 40 20.5 24.75
4 0 40 20.5 24.75 40 19.6 32.15 40 16.55 30.25 40 17.3 23.1
4 0 40 17.3 23.1 40 16.55 30.25 40 14.55 28.05 40 12.95 24.75
4 0 40 15.1 21.3 40 17.3 23.1 40 12.95 24.75 40 11.75 21
4 0 40 13.6 19.65 40 15.1 21.3 40 11.75 21 40 12.2 19.15
4 0 40 15.05 18.1 40 13.6 19.65 40 12.2 19.15 40 13.75 17.55
4 0 40 16 16.7 40 15.05 18.1 40 13.75 17.55 40 14.95 15.9
4 0 40 16.7 14.65 40 16 16.7 40 14.95 15.9 40 15.5 14.35
4 0 40 16.7 14.65 40 15.5 14.35 40 15.55 12.7 40 25.25 12.4
4 0 40 18.1 16.3 40 16.7 14.65 40 25.25 12.4 40 25.5 18.45
4 0 40 26.2 17 40 25.5 18.45 40 25.25 12.4 40 26 13.45
3 0 40 26 13.45 40 26.45 15.25 40 26.2 17
4 0 40 20.75 18.85 40 18.1 16.3 40 25.5 18.45 40 23.9 20.85
4 0 40 27.3 22.35 40 23.9 20.85 40 25.5 18.45 40 29.45 18.35
4 0 40 31.35 23.75 40 27.3 22.35 40 29.45 18.35 40 33.45 18.5
4 0 40 34.5 24.45 40 31.35 23.75 40 33.45 18.5 40 37 18.95
4 0 40 37.75 24.95 40 34.5 24.45 40 37 18.95 40 39.4 23.95
4 0 40 39.75 22.65 40 39.4 23.95 40 37 18.95 40 38.65 19.7
4 0 40 39.75 22.65 40 38.65 19.7 40 39.35 20.25 40 39.9 21.45
4 0 40 41.8 19.75 40 42.95 20.15 40 42.5 21.8 40 41.05 21.55
4 0 40 37.75 24.95 40 39.4 23.95 40 41.15 28.1 40 39.85 32.55
4 0 40 41.15 31.65 40 39.85 32.55 40 41.15 28.1 40 41.85 30.55
4 0 40 41.85 30.55 40 41.15 28.1 40 41.75 28.55 40 42.05 29.65
4 0 40 41.85 27.55 40 41.15 28.1 40 39.4 23.95 40 41.15 23.85
4 0 40 41.85 27.55 40 41.15 23.85 40 42 24.9 40 42.3 25.9
3 0 40 41.85 27.55 40 42.3 25.9 40 42.2 26.9
4 0 40 41.15 23.85 40 39.4 23.95 40 41.05 21.55 40 42.5 21.8
4 0 40 44.1 19.35 40 42.95 20.15 40 43.05 17.05 40 44.3 17.95
4 0 40 45.2 19.7 40 44.1 19.35 40 44.3 17.95 40 45.6 18.5
4 0 40 46.5 20 40 45.2 19.7 40 45.6 18.5 40 47 18.65
4 0 40 47.55 20.15 40 46.5 20 40 47 18.65 40 48.15 18.95
4 0 40 47.55 20.15 40 48.15 18.95 40 49.15 20.1 40 48.15 20.95
4 0 40 48.15 20.95 40 49.15 20.1 40 49.65 21.25 40 48.15 21.85
4 0 40 48.15 21.85 40 49.65 21.25 40 49.75 22.15 40 49.3 23.55
4 0 40 48.15 21.85 40 49.3 23.55 40 46 22.65 40 45.85 21.2
4 0 40 45.85 21.2 40 46 22.65 40 44.35 22.1 40 43.4 21.05
4 0 40 44.55 20.45 40 45.85 21.2 40 43.4 21.05 40 42.95 20.15
3 0 40 42.95 20.15 40 44.1 19.35 40 44.55 20.45
4 16 40 64.0656 33.1 40 60.35 34.1656 40 59.9422 34.0845 40 59.5965 33.8535
4 16 40 64.0656 33.1 40 59.5965 33.8535 40 59.3655 33.5078 40 59.2844 33.1
4 0 40 59.9422 34.0845 40 60.35 34.1656 40 60.35 35.566 40 59.4063 35.3783
4 0 40 59.5965 33.8535 40 59.9422 34.0845 40 59.4063 35.3783 40 58.6063 34.8437
4 0 40 59.3655 33.5078 40 59.5965 33.8535 40 58.6063 34.8437 40 58.0717 34.0437
4 0 40 59.2844 33.1 40 59.3655 33.5078 40 58.0717 34.0437 40 57.884 33.1
4 16 40 63.4078 34.0845 40 63 34.1656 40 64.0656 33.1 40 63.7535 33.8535
3 16 40 63.7535 33.8535 40 64.0656 33.1 40 63.9845 33.5078
4 0 40 63 35.566 40 63 34.1656 40 63.4078 34.0845 40 63.9437 35.3783
4 0 40 63.9437 35.3783 40 63.4078 34.0845 40 63.7535 33.8535 40 64.7437 34.8437
4 0 40 64.7437 34.8437 40 63.7535 33.8535 40 63.9845 33.5078 40 65.2783 34.0437
4 0 40 65.2783 34.0437 40 63.9845 33.5078 40 64.0656 33.1 40 65.466 33.1
4 0 40 63 35.566 40 60.35 35.566 40 60.35 34.1656 40 63 34.1656
3 16 40 60.35 34.1656 40 64.0656 33.1 40 63 34.1656
4 16 40 59.9422 18.1655 40 60.35 18.0844 40 64.0656 19.15 40 59.5965 18.3965
4 16 40 59.3655 18.7422 40 59.5965 18.3965 40 64.0656 19.15 40 59.2844 19.15
4 0 40 60.35 16.684 40 60.35 18.0844 40 59.9422 18.1655 40 59.4063 16.8717
4 0 40 59.4063 16.8717 40 59.9422 18.1655 40 59.5965 18.3965 40 58.6063 17.4063
4 0 40 58.6063 17.4063 40 59.5965 18.3965 40 59.3655 18.7422 40 58.0717 18.2063
4 0 40 58.0717 18.2063 40 59.3655 18.7422 40 59.2844 19.15 40 57.884 19.15
4 16 40 64.0656 19.15 40 63 18.0844 40 63.4078 18.1655 40 63.7535 18.3965
3 16 40 63.7535 18.3965 40 63.9845 18.7422 40 64.0656 19.15
4 0 40 63.4078 18.1655 40 63 18.0844 40 63 16.684 40 63.9437 16.8717
4 0 40 63.7535 18.3965 40 63.4078 18.1655 40 63.9437 16.8717 40 64.7437 17.4063
4 0 40 63.9845 18.7422 40 63.7535 18.3965 40 64.7437 17.4063 40 65.2783 18.2063
4 0 40 64.0656 19.15 40 63.9845 18.7422 40 65.2783 18.2063 40 65.466 19.15
4 0 40 60.35 18.0844 40 60.35 16.684 40 63 16.684 40 63 18.0844
3 16 40 60.35 18.0844 40 63 18.0844 40 64.0656 19.15
4 0 40 59.2844 33.1 40 57.884 33.1 40 57.884 19.15 40 59.2844 19.15
4 0 40 65.466 33.1 40 64.0656 33.1 40 64.0656 19.15 40 65.466 19.15
4 16 40 64.0656 19.15 40 64.0656 33.1 40 59.2844 33.1 40 59.2844 19.15
3 16 40 63 35.566 40 63.9437 35.3783 40 72 40
3 16 40 63.9437 35.3783 40 64.7437 34.8437 40 72 40
3 16 40 64.7437 34.8437 40 65.2783 34.0437 40 72 40
3 16 40 65.2783 34.0437 40 65.466 33.1 40 72 40
4 16 40 72 40 40 65.466 33.1 40 65.466 19.15 40 72 -40
3 16 40 65.2783 18.2063 40 72 -40 40 65.466 19.15
3 16 40 64.7437 17.4063 40 72 -40 40 65.2783 18.2063
3 16 40 63.9437 16.8717 40 72 -40 40 64.7437 17.4063
3 16 40 63 16.684 40 72 -40 40 63.9437 16.8717
4 16 40 72 -40 40 63 16.684 40 60.35 16.684 40 69.28 -40
4 15 40 38.45 -7.1 40 47.563 -26.2279 40 48.9 -26.4938 40 50.237 -26.2279
4 15 40 38.45 -7.1 40 50.237 -26.2279 40 51.3705 -25.4705 40 52.1279 -24.337
4 15 40 38.45 -7.1 40 52.1279 -24.337 40 52.3938 -23 40 39.55 -6.5
4 0 40 48.9 -26.4938 40 47.563 -26.2279 40 47.0658 -27.4282 40 48.9 -27.793
4 0 40 50.237 -26.2279 40 48.9 -26.4938 40 48.9 -27.793 40 50.7342 -27.4282
4 0 40 51.3705 -25.4705 40 50.237 -26.2279 40 50.7342 -27.4282 40 52.2892 -26.3892
4 0 40 52.1279 -24.337 40 51.3705 -25.4705 40 52.2892 -26.3892 40 53.3282 -24.8342
4 0 40 52.3938 -23 40 52.1279 -24.337 40 53.3282 -24.8342 40 53.693 -23
4 15 40 42.05 29.65 40 52.3938 31 40 52.1279 32.337 40 51.3705 33.4705
4 15 40 42.05 29.65 40 51.3705 33.4705 40 50.237 34.2279 40 48.9 34.4938
4 0 40 52.1279 32.337 40 52.3938 31 40 53.693 31 40 53.3282 32.8342
4 0 40 51.3705 33.4705 40 52.1279 32.337 40 53.3282 32.8342 40 52.2892 34.3892
4 0 40 50.237 34.2279 40 51.3705 33.4705 40 52.2892 34.3892 40 50.7342 35.4282
4 0 40 48.9 34.4938 40 50.237 34.2279 40 50.7342 35.4282 40 48.9 35.793
4 15 40 14.55 28.05 40 7.4 34.4938 40 6.063 34.2279 40 4.9295 33.4705
4 15 40 14.55 28.05 40 4.9295 33.4705 40 4.1721 32.337 40 3.9062 31
4 0 40 6.063 34.2279 40 7.4 34.4938 40 7.4 35.793 40 5.5658 35.4282
4 0 40 4.9295 33.4705 40 6.063 34.2279 40 5.5658 35.4282 40 4.0108 34.3892
4 0 40 4.1721 32.337 40 4.9295 33.4705 40 4.0108 34.3892 40 2.9718 32.8342
4 0 40 3.9062 31 40 4.1721 32.337 40 2.9718 32.8342 40 2.607 31
4 0 40 48.9 35.793 40 7.4 35.793 40 7.4 34.4938 40 48.9 34.4938
4 16 40 0 40 40 7.4 35.793 40 48.9 35.793 40 72 40
4 16 40 72 40 40 48.9 35.793 40 60.35 35.566 40 63 35.566
4 16 40 52.2892 34.3892 40 58.0717 34.0437 40 58.6063 34.8437 40 50.7342 35.4282
4 16 40 50.7342 35.4282 40 58.6063 34.8437 40 59.4063 35.3783 40 48.9 35.793
3 16 40 48.9 35.793 40 59.4063 35.3783 40 60.35 35.566
4 16 40 57.884 33.1 40 58.0717 34.0437 40 52.2892 34.3892 40 53.3282 32.8342
4 16 40 57.884 33.1 40 53.3282 32.8342 40 53.693 31 40 57.884 19.15
4 16 40 57.884 19.15 40 53.693 31 40 53.693 -23 40 58.0717 18.2063
3 16 40 53.693 -23 40 58.6063 17.4063 40 58.0717 18.2063
3 16 40 53.693 -23 40 59.4063 16.8717 40 58.6063 17.4063
4 16 40 60.35 16.684 40 59.4063 16.8717 40 53.693 -23 40 69.28 -40
3 16 40 53.3282 -24.8342 40 69.28 -40 40 53.693 -23
3 16 40 52.2892 -26.3892 40 69.28 -40 40 53.3282 -24.8342
4 16 40 69.28 -40 40 52.2892 -26.3892 40 50.7342 -27.4282 40 48.5745 -37.2741
3 16 40 48.5745 -37.2741 40 50.7342 -27.4282 40 48.9 -27.793
3 16 40 47.0658 -27.4282 40 48.5745 -37.2741 40 48.9 -27.793
4 0 40 4.0108 2.6108 40 4.9295 3.5295 40 4.1721 4.663 40 2.9718 4.1658
4 0 40 2.9718 4.1658 40 4.1721 4.663 40 3.9062 6 40 2.607 6
4 0 40 3.9062 31 40 2.607 31 40 2.607 6 40 3.9062 6
3 16 40 0 40 40 5.5658 35.4282 40 7.4 35.793
3 16 40 0 40 40 4.0108 34.3892 40 5.5658 35.4282
3 16 40 0 40 40 2.9718 32.8342 40 4.0108 34.3892
3 16 40 0 40 40 2.607 31 40 2.9718 32.8342
4 16 40 2.607 31 40 0 40 40 0 0 40 2.607 6
3 16 40 0 0 40 2.9718 4.1658 40 2.607 6
3 16 40 0 0 40 4.0108 2.6108 40 2.9718 4.1658
4 0 40 47.563 -26.2279 40 41.2334 -24.0512 40 40.8474 -25.3669 40 47.0658 -27.4282
4 0 40 34.7029 -22.683 40 40.8474 -25.3669 40 41.2334 -24.0512 40 35.1176 -21.4913
4 0 40 28.8118 -19.5238 40 34.7029 -22.683 40 35.1176 -21.4913 40 29.3462 -18.4196
4 0 40 23.1752 -15.8874 40 28.8118 -19.5238 40 29.3462 -18.4196 40 23.788 -14.7928
4 0 40 17.8521 -11.8145 40 23.1752 -15.8874 40 23.788 -14.7928 40 18.5811 -10.7282
4 0 40 12.8936 -7.3639 40 17.8521 -11.8145 40 18.5811 -10.7282 40 13.7315 -6.2868
4 0 40 8.2796 -2.5504 40 12.8936 -7.3639 40 13.7315 -6.2868 40 9.5 -2
4 0 40 8.2796 -2.5504 40 9.5 -2 40 8.15 -0.45 40 4.0108 2.6108
3 0 40 4.0108 2.6108 40 8.15 -0.45 40 4.9295 3.5295
3 16 40 0 0 40 8.2796 -2.5504 40 4.0108 2.6108
4 16 40 12.8936 -7.3639 40 8.2796 -2.5504 40 0 0 40 12.7115 -16.5685
3 16 40 12.7115 -16.5685 40 17.8521 -11.8145 40 12.8936 -7.3639
4 16 40 23.1752 -15.8874 40 17.8521 -11.8145 40 12.7115 -16.5685 40 29.28 -29.282
3 16 40 23.1752 -15.8874 40 29.28 -29.282 40 28.8118 -19.5238
3 16 40 28.8118 -19.5238 40 29.28 -29.282 40 34.7029 -22.683
4 16 40 40.8474 -25.3669 40 34.7029 -22.683 40 29.28 -29.282 40 48.5745 -37.2741
3 16 40 40.8474 -25.3669 40 48.5745 -37.2741 40 47.0658 -27.4282
4 0 40 9.55 -0.2 40 8.15 -0.45 40 9.5 -2 40 11 -0.8
4 0 40 12.2 2.1 40 9.55 -0.2 40 11 -0.8 40 12.5 0.8
4 0 40 13.4 3.8 40 12.2 2.1 40 12.5 0.8 40 25.45 -1.6
4 0 40 25.45 -1.6 40 12.5 0.8 40 13.8 -2.2 40 16.3 -5
4 0 40 25.45 -1.6 40 16.3 -5 40 18.85 -6.55 40 21.2 -7.3
4 0 40 25.65 -6.2 40 25.45 -1.6 40 21.2 -7.3 40 25 -6.8
3 0 40 21.2 -7.3 40 23.4 -7.4 40 25 -6.8
4 15 40 23.788 -14.7928 40 23.4 -7.4 40 21.2 -7.3 40 18.5811 -10.7282
4 15 40 18.5811 -10.7282 40 21.2 -7.3 40 18.85 -6.55 40 13.7315 -6.2868
3 15 40 13.7315 -6.2868 40 18.85 -6.55 40 16.3 -5
4 15 40 13.7315 -6.2868 40 16.3 -5 40 13.8 -2.2 40 9.5 -2
3 15 40 9.5 -2 40 13.8 -2.2 40 11 -0.8
3 15 40 11 -0.8 40 13.8 -2.2 40 12.5 0.8
4 15 40 29.3462 -18.4196 40 28.35 -6.75 40 25.65 -6.2 40 23.788 -14.7928
3 15 40 23.788 -14.7928 40 25.65 -6.2 40 25 -6.8
3 15 40 23.4 -7.4 40 23.788 -14.7928 40 25 -6.8
4 15 40 31.4 -7.15 40 28.35 -6.75 40 29.3462 -18.4196 40 35.1176 -21.4913
3 15 40 31.4 -7.15 40 35.1176 -21.4913 40 34.7 -7.5
4 15 40 37.35 -7.4 40 34.7 -7.5 40 35.1176 -21.4913 40 41.2334 -24.0512
4 15 40 38.45 -7.1 40 37.35 -7.4 40 41.2334 -24.0512 40 47.563 -26.2279
4 0 40 43.7 4.15 40 43.05 4.4 40 43.05 2.05 40 44.2 2.5
4 0 40 44.2 2.5 40 43.05 2.05 40 43.45 1.2 40 44.95 1.7
4 0 40 44.95 1.7 40 43.45 1.2 40 44.55 0.4 40 47.15 1.05
4 0 40 47.15 1.05 40 44.55 0.4 40 47.35 -0.35 40 48.45 0.85
4 0 40 48.45 0.85 40 47.35 -0.35 40 52.3938 -1.35 40 52.3938 0.1
4 0 40 52.3938 -23 40 53.693 -23 40 53.693 31 40 52.3938 -1.35
3 0 40 52.3938 0.1 40 52.3938 -1.35 40 53.693 31
4 0 40 43.05 8.05 40 43 6.35 40 44.85 5.35 40 44.4 7
4 0 40 44.4 7 40 44.85 5.35 40 46.2 4.8 40 46.65 5.95
4 0 40 46.65 5.95 40 46.2 4.8 40 47.15 4.55 40 48.1 5.7
4 0 40 48.45 5.2 40 48.1 5.7 40 47.15 4.55 40 48.45 0.85
3 0 40 47.15 4.55 40 47.15 1.05 40 48.45 0.85
4 15 40 50.1 8.6 40 52.3938 8.45 40 52.3938 15.9 40 49.6 15.95
4 15 40 47.85 8.95 40 50.1 8.6 40 49.6 15.95 40 46.3 9.65
4 15 40 45.45 10.5 40 46.3 9.65 40 49.6 15.95 40 47.65 15.7
4 15 40 45.45 10.5 40 47.65 15.7 40 46.4 15.05 40 45.55 14.2
4 15 40 45.45 10.5 40 45.55 14.2 40 45.05 13.4 40 44.95 12.25
3 15 40 44.95 12.25 40 45.05 11.25 40 45.45 10.5
4 0 40 52.3938 7.25 40 52.3938 8.45 40 50.1 8.6 40 49.55 7.4
4 0 40 49.55 7.4 40 50.1 8.6 40 47.85 8.95 40 46.9 8
4 0 40 46.9 8 40 47.85 8.95 40 46.3 9.65 40 45.1 9
4 0 40 45.1 9 40 46.3 9.65 40 45.45 10.5 40 44 10.55
4 0 40 44 10.55 40 45.45 10.5 40 45.05 11.25 40 43.65 11.8
4 0 40 43.65 11.8 40 45.05 11.25 40 44.95 12.25 40 43.65 13.15
4 0 40 43.65 13.15 40 44.95 12.25 40 45.05 13.4 40 44.1 14.55
4 0 40 44.1 14.55 40 45.05 13.4 40 45.55 14.2 40 45.15 15.75
4 0 40 45.15 15.75 40 45.55 14.2 40 46.4 15.05 40 46.75 16.6
4 0 40 46.75 16.6 40 46.4 15.05 40 47.65 15.7 40 48.65 17.1
4 0 40 48.65 17.1 40 47.65 15.7 40 49.6 15.95 40 52.3938 17.1
3 0 40 49.6 15.95 40 52.3938 15.9 40 52.3938 17.1
4 0 40 49.3 23.55 40 49.75 22.15 40 50.85 22.35 40 50.9 23.7
4 0 40 50.9 23.7 40 50.85 22.35 40 52.3938 22.4 40 52.3938 23.7
3 0 40 52.3938 7.25 40 52.3938 0.1 40 53.693 31
3 0 40 52.3938 17.1 40 52.3938 15.9 40 53.693 31
3 0 40 52.3938 22.4 40 52.3938 17.1 40 53.693 31
3 0 40 52.3938 31 40 52.3938 23.7 40 53.693 31
3 0 40 52.3938 23.7 40 52.3938 22.4 40 53.693 31
3 0 40 52.3938 15.9 40 52.3938 8.45 40 53.693 31
3 0 40 52.3938 8.45 40 52.3938 7.25 40 53.693 31
3 15 40 42.5 21.8 40 42.95 20.15 40 43.4 21.05
4 15 40 42.5 21.8 40 43.4 21.05 40 44.35 22.1 40 41.15 23.85
4 15 40 42 24.9 40 41.15 23.85 40 44.35 22.1 40 46 22.65
4 15 40 42.3 25.9 40 42 24.9 40 46 22.65 40 49.3 23.55
4 15 40 52.3938 31 40 42.3 25.9 40 49.3 23.55 40 50.9 23.7
3 15 40 50.9 23.7 40 52.3938 23.7 40 52.3938 31
4 15 40 42.2 26.9 40 42.3 25.9 40 52.3938 31 40 42.05 29.65
4 15 40 41.85 27.55 40 42.2 26.9 40 42.05 29.65 40 41.75 28.55
3 15 40 41.15 28.1 40 41.85 27.55 40 41.75 28.55
3 15 40 41.85 30.55 40 42.05 29.65 40 48.9 34.4938
3 15 40 41.15 31.65 40 41.85 30.55 40 48.9 34.4938
3 15 40 39.85 32.55 40 41.15 31.65 40 48.9 34.4938
3 15 40 37.6 33.25 40 39.85 32.55 40 48.9 34.4938
3 15 40 32.55 33.8 40 37.6 33.25 40 48.9 34.4938
3 15 40 27.75 33.95 40 32.55 33.8 40 48.9 34.4938
3 15 40 7.4 34.4938 40 27.75 33.95 40 48.9 34.4938
3 15 40 7.4 34.4938 40 23.4 33.55 40 27.75 33.95
3 15 40 7.4 34.4938 40 19.6 32.15 40 23.4 33.55
3 15 40 7.4 34.4938 40 16.55 30.25 40 19.6 32.15
3 15 40 7.4 34.4938 40 14.55 28.05 40 16.55 30.25
4 15 40 12.95 24.75 40 14.55 28.05 40 3.9062 31 40 10.5 22
4 0 40 8.15 -0.45 40 9.55 -0.2 40 9.05 0.85 40 7.5 1.5
4 0 40 7.5 1.5 40 9.05 0.85 40 8.6 2.7 40 7.15 3.2
4 0 40 7.15 3.2 40 8.6 2.7 40 8.45 4.6 40 7.1 4.65
4 0 40 7.1 4.65 40 8.45 4.6 40 8.85 6.25 40 7.4 6.25
4 0 40 8.15 7.6 40 7.4 6.25 40 8.85 6.25 40 8.95 8.35
4 0 40 8.95 8.35 40 8.85 6.25 40 9.55 7.3 40 10.1 8.8
4 0 40 10.75 7.75 40 10.1 8.8 40 9.55 7.3 40 10.3 6.6
4 0 40 11.95 7.3 40 10.75 7.75 40 10.3 6.6 40 11.05 6.25
4 0 40 11.75 6.2 40 11.95 7.3 40 11.05 6.25 40 10.45 5.15
4 0 40 11.15 5.1 40 11.75 6.2 40 10.45 5.15 40 10.1 4.35
4 0 40 10.65 4.1 40 11.15 5.1 40 10.1 4.35 40 9.95 2.95
4 0 40 10.45 3 40 10.65 4.1 40 9.95 2.95 40 10.2 2.75
4 0 40 13.15 7.55 40 12.9 6.25 40 13.65 6.55 40 14 8.25
4 0 40 12.9 6.25 40 13.15 7.55 40 11.95 7.3 40 11.75 6.2
4 0 40 13.35 9.95 40 12.7 8.9 40 14.05 9 40 14.1 10.2
4 0 40 15 11.2 40 14.1 10.2 40 14.05 9 40 26.55 7.2
4 0 40 12.7 8.9 40 13.35 9.95 40 12.65 10.1 40 11.7 10.2
4 0 40 11.4 9.05 40 12.7 8.9 40 11.7 10.2 40 11.1 10.45
4 0 40 10.1 9.7 40 11.4 9.05 40 11.1 10.45 40 10.45 11.15
4 0 40 10.1 9.7 40 10.45 11.15 40 9.35 10.5 40 8.95 10.15
4 0 40 10.1 9.7 40 8.95 10.15 40 8.75 9.4 40 8.95 8.35
3 0 40 8.95 8.35 40 10.1 8.8 40 10.1 9.7
4 0 40 9.35 10.5 40 10.45 11.15 40 9.8 12.3 40 8.6 11.85
4 0 40 8.25 13.35 40 8.6 11.85 40 9.8 12.3 40 9.5 14.1
4 0 40 8.2 15.15 40 8.25 13.35 40 9.5 14.1 40 9.75 16.5
4 0 40 8.5 17.65 40 8.2 15.15 40 9.75 16.5 40 10.15 18.85
4 0 40 9.25 20.4 40 8.5 17.65 40 10.15 18.85 40 10.7 20.35
4 0 40 9.8 21.85 40 9.25 20.4 40 10.7 20.35 40 10.1 22.05
4 0 40 10.5 22 40 10.1 22.05 40 10.7 20.35 40 11.75 21
3 0 40 10.7 20.35 40 12.2 19.15 40 11.75 21
4 0 40 11.55 15 40 12.05 13.85 40 12.15 15.4 40 11.85 15.6
4 0 40 12.05 13.85 40 11.55 15 40 11.4 12.95 40 12.35 11.7
4 0 40 11.65 10.9 40 11.7 10.2 40 12.65 10.1 40 12.35 11.7
3 0 40 11.4 12.95 40 11.65 10.9 40 12.35 11.7
4 0 40 25.25 12.4 40 15.55 12.7 40 15 11.2 40 26.15 10.95
4 0 40 26.5 9.1 40 26.15 10.95 40 15 11.2 40 26.55 7.2
4 0 40 26.1 5.95 40 26.55 7.2 40 14.05 9 40 25.45 5.25
3 0 40 14 8.25 40 25.45 5.25 40 14.05 9
4 0 40 25.45 5.25 40 14 8.25 40 13.65 6.55 40 13.75 5.95
3 0 40 13.75 5.95 40 13.8 5.1 40 25.45 5.25
4 0 40 25.45 5.25 40 13.8 5.1 40 13.4 3.8 40 26 4.2
4 0 40 26 4.2 40 13.4 3.8 40 25.45 -1.6 40 26.2 -0.25
4 0 40 26 4.2 40 26.2 -0.25 40 26.5 1.2 40 26.5 2.7
3 15 40 10.5 22 40 11.75 21 40 12.95 24.75
3 15 40 3.9062 31 40 10.1 22.05 40 10.5 22
3 15 40 3.9062 31 40 9.8 21.85 40 10.1 22.05
3 15 40 3.9062 31 40 9.25 20.4 40 9.8 21.85
3 15 40 3.9062 31 40 8.5 17.65 40 9.25 20.4
3 15 40 3.9062 31 40 8.2 15.15 40 8.5 17.65
4 15 40 8.25 13.35 40 8.2 15.15 40 3.9062 31 40 3.9062 6
4 15 40 8.25 13.35 40 3.9062 6 40 7.4 6.25 40 8.6 11.85
4 15 40 8.6 11.85 40 7.4 6.25 40 8.75 9.4 40 8.95 10.15
3 15 40 8.6 11.85 40 8.95 10.15 40 9.35 10.5
3 15 40 8.15 7.6 40 8.95 8.35 40 8.75 9.4
3 15 40 7.4 6.25 40 8.15 7.6 40 8.75 9.4
4 15 40 7.1 4.65 40 7.4 6.25 40 3.9062 6 40 4.1721 4.663
4 15 40 7.1 4.65 40 4.1721 4.663 40 4.9295 3.5295 40 7.15 3.2
3 15 40 4.9295 3.5295 40 7.5 1.5 40 7.15 3.2
3 15 40 4.9295 3.5295 40 8.15 -0.45 40 7.5 1.5
3 15 40 44.1 19.35 40 45.2 19.7 40 44.55 20.45
4 15 40 44.55 20.45 40 45.2 19.7 40 46.5 20 40 45.85 21.2
4 15 40 45.85 21.2 40 46.5 20 40 47.55 20.15 40 48.15 21.85
3 15 40 47.55 20.15 40 48.15 20.95 40 48.15 21.85
4 15 40 52.3938 -23 40 52.3938 -1.35 40 41.5 -3.7 40 40.75 -4.6
4 15 40 52.3938 -23 40 40.75 -4.6 40 39.9 -5.8 40 39.55 -6.5
3 15 40 39.8 -4.95 40 39.9 -5.8 40 40.75 -4.6
4 15 40 41.8 -2.75 40 41.5 -3.7 40 52.3938 -1.35 40 47.35 -0.35
4 15 40 41.55 -1.75 40 41.8 -2.75 40 47.35 -0.35 40 42.15 -0.85
4 15 40 42.15 -0.85 40 47.35 -0.35 40 44.55 0.4 40 42.7 0.4
3 15 40 42.7 0.4 40 44.55 0.4 40 43.45 1.2
3 15 40 42.7 0.4 40 43.45 1.2 40 43.05 2.05
4 16 40 52.3938 17.1 40 52.3938 22.4 40 50.85 22.35 40 49.75 22.15
3 16 40 49.65 21.25 40 52.3938 17.1 40 49.75 22.15
4 16 40 48.15 18.95 40 48.65 17.1 40 52.3938 17.1 40 49.15 20.1
3 16 40 49.15 20.1 40 52.3938 17.1 40 49.65 21.25
4 16 40 46.75 16.6 40 48.65 17.1 40 48.15 18.95 40 47 18.65
4 16 40 46.75 16.6 40 47 18.65 40 45.6 18.5 40 44.3 17.95
4 16 40 45.15 15.75 40 46.75 16.6 40 44.3 17.95 40 43.05 17.05
3 16 40 43.05 17.05 40 44.1 14.55 40 45.15 15.75
3 16 40 43.05 17.05 40 43.65 13.15 40 44.1 14.55
4 16 40 43.65 13.15 40 43.05 17.05 40 43.05 8.05 40 43.65 11.8
3 16 40 43.05 8.05 40 44 10.55 40 43.65 11.8
4 16 40 45.1 9 40 44 10.55 40 43.05 8.05 40 44.4 7
4 16 40 46.9 8 40 45.1 9 40 44.4 7 40 46.65 5.95
4 16 40 46.9 8 40 46.65 5.95 40 48.1 5.7 40 49.55 7.4
4 16 40 49.55 7.4 40 48.1 5.7 40 48.45 5.2 40 52.3938 7.25
4 16 40 52.3938 7.25 40 48.45 5.2 40 48.45 0.85 40 52.3938 0.1
4 16 40 44.95 1.7 40 47.15 1.05 40 47.15 4.55 40 46.2 4.8
4 16 40 44.2 2.5 40 44.95 1.7 40 46.2 4.8 40 44.85 5.35
3 16 40 43.7 4.15 40 44.2 2.5 40 44.85 5.35
4 16 40 43.05 4.4 40 43.7 4.15 40 44.85 5.35 40 43 6.35
4 16 40 31.1 11.4935 40 30.4852 11.6157 40 30.1751 10.867 40 31.1 10.683
4 16 40 31.7148 11.6157 40 31.1 11.4935 40 31.1 10.683 40 32.025 10.867
4 16 40 32.236 11.964 40 31.7148 11.6157 40 32.025 10.867 40 32.8091 11.3909
4 16 40 32.5843 12.4852 40 32.236 11.964 40 32.8091 11.3909 40 33.333 12.1751
4 16 40 32.7066 13.1 40 32.5843 12.4852 40 33.333 12.1751 40 33.517 13.1
4 16 40 32.5843 13.7148 40 32.7066 13.1 40 33.517 13.1 40 33.333 14.025
4 16 40 32.236 14.236 40 32.5843 13.7148 40 33.333 14.025 40 32.8091 14.8091
4 16 40 31.7148 14.5843 40 32.236 14.236 40 32.8091 14.8091 40 32.175 15.333
4 16 40 29.5157 12.4852 40 29.3935 13.1 40 28.783 12.9 40 28.867 12.1751
4 16 40 29.964 11.964 40 29.5157 12.4852 40 28.867 12.1751 40 29.3909 11.3909
4 16 40 30.4852 11.6157 40 29.964 11.964 40 29.3909 11.3909 40 30.1751 10.867
4 15 40 29.624 13.7 40 30.103 12.9831 40 30.4 12.924 40 30.697 12.9831
4 15 40 29.624 13.7 40 30.697 12.9831 40 30.9487 13.1513 40 31.1169 13.403
4 15 40 29.624 13.7 40 31.1169 13.403 40 31.176 13.7 40 31.1169 13.997
4 15 40 29.624 13.7 40 31.1169 13.997 40 30.9487 14.2487 40 30.697 14.4169
4 15 40 29.624 13.7 40 30.697 14.4169 40 30.4 14.476 40 30.103 14.4169
4 15 40 29.624 13.7 40 30.103 14.4169 40 29.8513 14.2487 40 29.6831 13.997
4 15 40 29.624 13.7 40 29.6831 13.403 40 29.8513 13.1513 40 30.103 12.9831
4 16 40 28.9 13.4 40 28.783 12.9 40 29.3935 13.1 40 29.35 13.55
3 16 40 28.9 13.4 40 29.35 13.55 40 29.15 13.6
4 15 40 29.3909 11.3909 40 28.867 12.1751 40 29.15 11.25 40 29.55 10.65
4 15 40 30.1751 10.867 40 29.3909 11.3909 40 29.55 10.65 40 30.35 9.95
4 0 40 30.103 14.4169 40 30.4 14.476 40 29.45 15.2 40 28.8 14.4
3 0 40 28.8 14.4 40 29.8513 14.2487 40 30.103 14.4169
4 0 40 29.6831 13.997 40 29.8513 14.2487 40 28.8 14.4 40 29.15 13.6
4 0 40 29.624 13.7 40 29.6831 13.997 40 29.15 13.6 40 29.35 13.55
4 0 40 29.6831 13.403 40 29.624 13.7 40 29.35 13.55 40 29.3935 13.1
4 0 40 29.8513 13.1513 40 29.6831 13.403 40 29.3935 13.1 40 29.5157 12.4852
4 0 40 30.103 12.9831 40 29.8513 13.1513 40 29.5157 12.4852 40 29.964 11.964
4 0 40 30.4 12.924 40 30.103 12.9831 40 29.964 11.964 40 30.4852 11.6157
4 0 40 30.697 12.9831 40 30.4 12.924 40 30.4852 11.6157 40 31.1 11.4935
4 0 40 30.9487 13.1513 40 30.697 12.9831 40 31.1 11.4935 40 31.7148 11.6157
4 0 40 31.1169 13.403 40 30.9487 13.1513 40 31.7148 11.6157 40 32.236 11.964
4 0 40 31.176 13.7 40 31.1169 13.403 40 32.236 11.964 40 32.5843 12.4852
4 0 40 31.176 13.7 40 32.5843 12.4852 40 32.7066 13.1 40 32.5843 13.7148
4 0 40 31.1169 13.997 40 31.176 13.7 40 32.5843 13.7148 40 32.236 14.236
4 0 40 31.1169 13.997 40 32.236 14.236 40 31.7148 14.5843 40 30.9487 14.2487
4 0 40 28.9 13.4 40 29.15 13.6 40 28.8 14.4 40 28.4 13.75
4 16 40 31.3 14.65 40 31.7148 14.5843 40 32.175 15.333 40 31.8 15.5
4 16 40 31.3 14.65 40 31.8 15.5 40 31.15 15.3 40 30.7 14.6
4 16 40 30.45 14.65 40 30.7 14.6 40 31.15 15.3 40 30.5 14.95
4 0 40 31.8 15.5 40 32.1 15.6 40 32.3 15.85 40 32.25 16.1
4 0 40 31.8 15.5 40 32.25 16.1 40 31.75 16.75 40 30.8 16.2
4 0 40 30.85 16.75 40 30.8 16.2 40 31.75 16.75 40 31.05 17.25
4 0 40 30.85 16.75 40 31.05 17.25 40 30.75 17.3 40 30.7 17.1
3 0 40 30.8 16.2 40 31.15 15.3 40 31.8 15.5
4 0 40 30.5 14.95 40 31.15 15.3 40 30.8 16.2 40 30.55 16.1
4 0 40 30.5 14.95 40 30.55 16.1 40 29.45 15.2 40 30.45 14.65
3 0 40 29.45 15.2 40 30.4 14.476 40 30.45 14.65
4 0 40 30.7 14.6 40 30.45 14.65 40 30.4 14.476 40 30.697 14.4169
4 0 40 31.3 14.65 40 30.7 14.6 40 30.697 14.4169 40 30.9487 14.2487
3 0 40 30.9487 14.2487 40 31.7148 14.5843 40 31.3 14.65
4 0 40 29.65 15.75 40 29.45 15.2 40 30.55 16.1 40 30.4 16.45
4 0 40 29.65 15.75 40 30.4 16.45 40 30.15 16.75 40 29.65 16.3
4 0 40 29.65 16.3 40 30.15 16.75 40 29.8 16.95 40 29.55 16.85
3 0 40 29.5 16.65 40 29.65 16.3 40 29.55 16.85
4 0 40 28.9 13.4 40 28.4 13.75 40 28.15 12.9 40 28.783 12.9
4 0 40 28.783 12.9 40 28.15 12.9 40 28.1 12.05 40 28.867 12.1751
4 0 40 28.867 12.1751 40 28.1 12.05 40 28.3 11.05 40 29.15 11.25
4 0 40 29.15 11.25 40 28.3 11.05 40 28.85 10.1 40 29.55 10.65
4 0 40 29.55 10.65 40 28.85 10.1 40 29.65 9.35 40 30.35 9.95
4 0 40 30.35 9.95 40 29.65 9.35 40 30.4 8.9 40 31.05 9.6
4 0 40 31.05 9.6 40 30.4 8.9 40 31.4 8.7 40 31.85 9.45
4 0 40 31.85 9.45 40 31.4 8.7 40 32.3 8.75 40 32.75 9.5
4 0 40 32.75 9.5 40 32.3 8.75 40 33 8.9 40 33.15 9.15
3 0 40 32.75 9.5 40 33.15 9.15 40 33.05 9.45
4 0 40 27.5 9.7 40 27.8 9.75 40 27.95 10.05 40 27.05 9.95
4 0 40 27.05 9.95 40 27.95 10.05 40 27.8 10.4 40 26.7 10.55
4 0 40 26.7 10.55 40 27.8 10.4 40 27.6 11.15 40 26.4 11.65
4 0 40 26.4 11.65 40 27.6 11.15 40 27.5 12.2 40 26.4 12.95
4 0 40 26.4 12.95 40 27.5 12.2 40 27.6 13.65 40 26.6 14.2
4 0 40 26.6 14.2 40 27.6 13.65 40 28.05 14.7 40 27.1 15.3
4 0 40 27.1 15.3 40 28.05 14.7 40 28.45 15.5 40 27.9 16.15
4 0 40 28.2 16.15 40 27.9 16.15 40 28.45 15.5 40 28.5 15.95
4 15 40 31.1 10.683 40 30.1751 10.867 40 30.35 9.95 40 31.05 9.6
4 15 40 32.025 10.867 40 31.1 10.683 40 31.05 9.6 40 31.85 9.45
4 15 40 32.025 10.867 40 31.85 9.45 40 32.75 9.5 40 32.8091 11.3909
4 15 40 32.8091 11.3909 40 32.75 9.5 40 33.05 9.45 40 33.75 10.2
4 15 40 32.8091 11.3909 40 33.75 10.2 40 34.25 11 40 34.6 11.9
4 15 40 33.333 12.1751 40 32.8091 11.3909 40 34.6 11.9 40 34.7 12.9
4 15 40 33.517 13.1 40 33.333 12.1751 40 34.7 12.9 40 34.45 13.75
4 15 40 33.333 14.025 40 33.517 13.1 40 34.45 13.75 40 33.9 14.65
4 15 40 32.8091 14.8091 40 33.333 14.025 40 33.9 14.65 40 33.2 15.35
4 15 40 32.175 15.333 40 32.8091 14.8091 40 33.2 15.35 40 32.3 15.85
3 15 40 32.1 15.6 40 32.175 15.333 40 32.3 15.85
3 15 40 31.8 15.5 40 32.175 15.333 40 32.1 15.6
4 15 40 38.6 3.75 40 38.35 2.55 40 39.4 3.5 40 39.95 4.45
4 15 40 38.65 4.75 40 38.6 3.75 40 39.95 4.45 40 40.05 5.3
4 15 40 38.65 6.05 40 38.65 4.75 40 40.05 5.3 40 39.9 6.25
4 15 40 38.65 6.05 40 39.9 6.25 40 39.6 7.1 40 38.5 6.95
4 15 40 38.5 6.95 40 39.6 7.1 40 39 7.85 40 38.15 8.15
4 15 40 38.15 8.15 40 39 7.85 40 38.25 8.45 40 38.1 8.4
4 0 40 37.2 1.6 40 36.95 1.8 40 36.7 1.7 40 36.55 1.55
4 0 40 37.2 1.6 40 36.55 1.55 40 36.65 1.25 40 37.4 0.5
4 0 40 37.2 1.6 40 37.4 0.5 40 37.7 0.4 40 37.9 1.2
4 0 40 38 0.9 40 37.9 1.2 40 37.7 0.4 40 37.95 0.5
4 0 40 37.2 1.6 40 37.9 1.2 40 38.35 2.55 40 37.5 2.2
4 0 40 37.7 3.4 40 37.5 2.2 40 38.35 2.55 40 38.6 3.75
4 0 40 37.8 4.85 40 37.7 3.4 40 38.6 3.75 40 38.65 4.75
4 0 40 37.75 6.25 40 37.8 4.85 40 38.65 4.75 40 38.65 6.05
4 0 40 37.5 7.35 40 37.75 6.25 40 38.65 6.05 40 38.5 6.95
4 0 40 37.5 7.35 40 38.5 6.95 40 38.15 8.15 40 37.35 8.5
4 0 40 37.35 8.5 40 38.15 8.15 40 38.1 8.4 40 37.1 9.25
4 0 40 37.75 9.6 40 37.1 9.25 40 38.1 8.4 40 38.25 8.45
4 0 40 38.8 9.2 40 37.75 9.6 40 38.25 8.45 40 39 7.85
4 0 40 39.85 8.3 40 38.8 9.2 40 39 7.85 40 40.55 7.25
4 0 40 40.55 7.25 40 39 7.85 40 39.6 7.1 40 40.9 6.15
4 0 40 40.9 6.15 40 39.6 7.1 40 39.9 6.25 40 40.9 5.1
4 0 40 40.9 5.1 40 39.9 6.25 40 40.05 5.3 40 40.75 4.05
4 0 40 40.75 4.05 40 40.05 5.3 40 39.95 4.45 40 40.05 2.85
4 0 40 40.05 2.85 40 39.95 4.45 40 39.4 3.5 40 39.1 1.95
4 0 40 39.1 1.95 40 39.4 3.5 40 38.35 2.55 40 37.9 1.2
4 0 40 37.1 9.25 40 36.7 9.95 40 36.4 9.7 40 36.4 9.45
3 0 40 36.4 9.45 40 36.55 9.2 40 37.1 9.25
4 0 40 36.7 9.95 40 37.1 9.25 40 37.75 9.6 40 38 9.9
4 0 40 36.7 9.95 40 38 9.9 40 38 10.15 40 37.85 10.35
3 0 40 36.7 9.95 40 37.85 10.35 40 37.4 10.35
4 78 40 26.2 -3.2 40 26.4 -3.8 40 26.7 -3.75 40 26.45 -2.75
4 78 40 25.9 -2.15 40 26.2 -3.2 40 26.45 -2.75 40 26.35 -1.8
4 78 40 25.45 -1.6 40 25.9 -2.15 40 26.35 -1.8 40 26.4 -0.7
4 78 40 26.2 -0.25 40 25.45 -1.6 40 26.4 -0.7 40 26.8 0.1
4 78 40 26.5 1.2 40 26.2 -0.25 40 26.8 0.1 40 27.1 0.35
4 78 40 26.5 2.7 40 26.5 1.2 40 27.1 0.35 40 27.4 0.45
4 78 40 29.6 1.3 40 26.5 2.7 40 27.4 0.45 40 27.65 0.35
4 78 40 28.9 0.55 40 29.6 1.3 40 27.65 0.35 40 27.65 0.05
4 78 40 28.3 -0.35 40 28.9 0.55 40 27.65 0.05 40 27.5 -0.75
4 78 40 28.2 -1.55 40 28.3 -0.35 40 27.5 -0.75 40 27.5 -1.8
4 78 40 28.35 -2.45 40 28.2 -1.55 40 27.5 -1.8 40 27.65 -2.85
4 78 40 28.85 -3.3 40 28.35 -2.45 40 27.65 -2.85 40 28.05 -4
3 78 40 28.05 -4 40 29.4 -4.05 40 28.85 -3.3
4 78 40 26.5 2.7 40 29.6 1.3 40 30.35 1.75 40 26 4.2
4 78 40 26 4.2 40 30.35 1.75 40 26.1 5.95 40 25.45 5.25
4 78 40 26.1 5.95 40 30.35 1.75 40 31.4 8.7 40 30.4 8.9
4 78 40 26.55 7.2 40 26.1 5.95 40 30.4 8.9 40 29.65 9.35
4 78 40 26.55 7.2 40 29.65 9.35 40 27.8 9.75 40 27.5 9.7
4 78 40 26.5 9.1 40 26.55 7.2 40 27.5 9.7 40 27.05 9.95
4 78 40 26.5 9.1 40 27.05 9.95 40 26.7 10.55 40 26.15 10.95
4 78 40 26.15 10.95 40 26.7 10.55 40 26.4 11.65 40 25.25 12.4
4 78 40 25.25 12.4 40 26.4 11.65 40 26.4 12.95 40 26 13.45
4 78 40 26 13.45 40 26.4 12.95 40 26.6 14.2 40 26.45 15.25
3 78 40 26.45 15.25 40 26.6 14.2 40 27.1 15.3
4 78 40 26.2 17 40 26.45 15.25 40 27.1 15.3 40 27.9 16.15
4 78 40 26.2 17 40 27.9 16.15 40 29.45 18.35 40 25.5 18.45
4 78 40 29.45 18.35 40 27.9 16.15 40 28.2 16.15 40 29.55 16.85
3 78 40 29.45 18.35 40 29.55 16.85 40 29.8 16.95
4 78 40 30.75 17.3 40 29.45 18.35 40 29.8 16.95 40 30.7 17.1
4 78 40 30.7 17.1 40 29.8 16.95 40 30.15 16.75 40 30.85 16.75
4 78 40 30.85 16.75 40 30.15 16.75 40 30.4 16.45 40 30.8 16.2
3 78 40 30.4 16.45 40 30.55 16.1 40 30.8 16.2
4 78 40 28.5 15.95 40 29.65 16.3 40 29.5 16.65 40 28.2 16.15
3 78 40 28.2 16.15 40 29.5 16.65 40 29.55 16.85
4 78 40 29.65 15.75 40 29.65 16.3 40 28.5 15.95 40 28.45 15.5
4 78 40 29.45 15.2 40 29.65 15.75 40 28.45 15.5 40 28.05 14.7
3 78 40 28.05 14.7 40 28.8 14.4 40 29.45 15.2
4 78 40 28.4 13.75 40 28.8 14.4 40 28.05 14.7 40 27.6 13.65
4 78 40 28.15 12.9 40 28.4 13.75 40 27.6 13.65 40 27.5 12.2
4 78 40 28.1 12.05 40 28.15 12.9 40 27.5 12.2 40 27.6 11.15
4 78 40 28.3 11.05 40 28.1 12.05 40 27.6 11.15 40 27.8 10.4
4 78 40 28.85 10.1 40 28.3 11.05 40 27.8 10.4 40 27.95 10.05
4 78 40 29.65 9.35 40 28.85 10.1 40 27.95 10.05 40 27.8 9.75
4 78 40 33.45 18.5 40 29.45 18.35 40 30.75 17.3 40 31.05 17.25
3 78 40 31.05 17.25 40 31.75 16.75 40 33.45 18.5
4 78 40 33.45 18.5 40 31.75 16.75 40 32.25 16.1 40 33.2 15.35
3 78 40 32.25 16.1 40 32.3 15.85 40 33.2 15.35
4 78 40 37 18.95 40 33.45 18.5 40 33.2 15.35 40 33.9 14.65
4 78 40 37 18.95 40 33.9 14.65 40 34.45 13.75 40 37.4 10.35
4 78 40 37.4 10.35 40 34.45 13.75 40 34.7 12.9 40 36.7 9.95
4 78 40 36.7 9.95 40 34.7 12.9 40 34.6 11.9 40 36.4 9.7
4 78 40 36.4 9.7 40 34.6 11.9 40 34.25 11 40 36.4 9.45
3 78 40 33.75 10.2 40 36.4 9.45 40 34.25 11
4 78 40 36.4 9.45 40 33.75 10.2 40 33.05 9.45 40 33.15 9.15
4 78 40 36.55 9.2 40 36.4 9.45 40 33.15 9.15 40 35.05 7.677
4 78 40 34.3183 7.4961 40 35.05 7.677 40 33.15 9.15 40 33 8.9
4 78 40 33.698 6.9808 40 34.3183 7.4961 40 33 8.9 40 32.3 8.75
4 78 40 33.2835 6.2096 40 33.698 6.9808 40 32.3 8.75 40 31.4 8.7
4 78 40 33.138 5.15 40 33.2835 6.2096 40 31.4 8.7 40 30.35 1.75
4 78 40 33.138 5.15 40 30.35 1.75 40 31.6 2 40 33.2835 4.1404
4 78 40 33.2835 4.1404 40 31.6 2 40 32.7 2 40 33.698 3.3692
4 78 40 33.698 3.3692 40 32.7 2 40 33.3 1.8 40 34.3183 2.8539
4 78 40 34.3183 2.8539 40 33.3 1.8 40 33.5 1.6 40 35.05 2.673
4 78 40 34.15 0.45 40 35.05 2.673 40 33.5 1.6 40 33.35 1.35
4 78 40 35.7817 2.8539 40 35.05 2.673 40 34.15 0.45 40 36.55 1.55
4 78 40 35.7817 2.8539 40 36.55 1.55 40 36.7 1.7 40 36.402 3.3692
4 78 40 36.402 3.3692 40 36.7 1.7 40 36.95 1.8 40 37.5 2.2
4 78 40 36.8165 4.1404 40 36.402 3.3692 40 37.5 2.2 40 37.7 3.4
4 78 40 36.8165 4.1404 40 37.7 3.4 40 37.8 4.85 40 36.962 5.15
4 78 40 36.962 5.15 40 37.8 4.85 40 37.75 6.25 40 36.8165 6.2096
4 78 40 36.8165 6.2096 40 37.75 6.25 40 37.5 7.35 40 36.402 6.9808
4 78 40 36.402 6.9808 40 37.5 7.35 40 37.35 8.5 40 35.7817 7.4961
4 78 40 37.35 8.5 40 37.1 9.25 40 36.55 9.2 40 35.7817 7.4961
3 78 40 35.05 7.677 40 35.7817 7.4961 40 36.55 9.2
3 78 40 37.75 9.6 40 38.8 9.2 40 38 9.9
4 78 40 38 10.15 40 38 9.9 40 38.8 9.2 40 41.8 19.75
4 78 40 37 18.95 40 37.4 10.35 40 37.85 10.35 40 38.65 19.7
4 78 40 41.8 19.75 40 38.65 19.7 40 37.85 10.35 40 38 10.15
4 78 40 39.9 21.45 40 39.35 20.25 40 41.8 19.75 40 41.05 21.55
3 78 40 38.65 19.7 40 41.8 19.75 40 39.35 20.25
3 78 40 39.75 22.65 40 39.9 21.45 40 41.05 21.55
3 78 40 39.4 23.95 40 39.75 22.65 40 41.05 21.55
3 78 40 38.8 9.2 40 39.85 8.3 40 41.8 19.75
3 78 40 39.85 8.3 40 40.55 7.25 40 41.8 19.75
3 78 40 40.55 7.25 40 40.9 6.15 40 41.8 19.75
4 78 40 41.8 2.3 40 41.8 19.75 40 40.9 6.15 40 40.9 5.1
4 78 40 41.8 2.3 40 40.9 5.1 40 40.75 4.05 40 41.65 1.15
4 78 40 41.65 1.15 40 40.75 4.05 40 40.05 2.85 40 41.1 0.15
4 78 40 41.1 0.15 40 40.05 2.85 40 39.1 1.95 40 40.45 -0.9
4 78 40 38 0.9 40 40.45 -0.9 40 39.1 1.95 40 37.9 1.2
4 78 40 40.45 -0.9 40 38 0.9 40 37.95 0.5 40 39.15 -2.3
4 78 40 39.15 -2.3 40 37.95 0.5 40 37.7 0.4 40 37.45 -3.25
4 78 40 37.45 -3.25 40 37.7 0.4 40 37.4 0.5 40 35.85 -3.9
4 78 40 34.6 -1.75 40 35.85 -3.9 40 37.4 0.5 40 36.65 1.25
3 78 40 34.55 -0.55 40 34.6 -1.75 40 36.65 1.25
4 78 40 34.15 0.45 40 34.55 -0.55 40 36.65 1.25 40 36.55 1.55
3 78 40 36.95 1.8 40 37.2 1.6 40 37.5 2.2
3 78 40 34.25 -2.8 40 35.85 -3.9 40 34.6 -1.75
3 78 40 33.65 -3.55 40 35.85 -3.9 40 34.25 -2.8
3 78 40 33 -4 40 35.85 -3.9 40 33.65 -3.55
0 // Boy
4 16 -40 59.9422 34.0845 -40 60.35 34.1656 -40 64.0656 33.1 -40 59.5965 33.8535
4 16 -40 59.3655 33.5078 -40 59.5965 33.8535 -40 64.0656 33.1 -40 59.2844 33.1
4 0 -40 60.35 35.566 -40 60.35 34.1656 -40 59.9422 34.0845 -40 59.4063 35.3783
4 0 -40 59.4063 35.3783 -40 59.9422 34.0845 -40 59.5965 33.8535 -40 58.6063 34.8437
4 0 -40 58.6063 34.8437 -40 59.5965 33.8535 -40 59.3655 33.5078 -40 58.0717 34.0437
4 0 -40 58.0717 34.0437 -40 59.3655 33.5078 -40 59.2844 33.1 -40 57.884 33.1
4 16 -40 64.0656 33.1 -40 63 34.1656 -40 63.4078 34.0845 -40 63.7535 33.8535
3 16 -40 63.7535 33.8535 -40 63.9845 33.5078 -40 64.0656 33.1
4 0 -40 63.4078 34.0845 -40 63 34.1656 -40 63 35.566 -40 63.9437 35.3783
4 0 -40 63.7535 33.8535 -40 63.4078 34.0845 -40 63.9437 35.3783 -40 64.7437 34.8437
4 0 -40 63.9845 33.5078 -40 63.7535 33.8535 -40 64.7437 34.8437 -40 65.2783 34.0437
4 0 -40 64.0656 33.1 -40 63.9845 33.5078 -40 65.2783 34.0437 -40 65.466 33.1
4 0 -40 60.35 34.1656 -40 60.35 35.566 -40 63 35.566 -40 63 34.1656
3 16 -40 60.35 34.1656 -40 63 34.1656 -40 64.0656 33.1
4 16 -40 64.0656 19.15 -40 60.35 18.0844 -40 59.9422 18.1655 -40 59.5965 18.3965
4 16 -40 64.0656 19.15 -40 59.5965 18.3965 -40 59.3655 18.7422 -40 59.2844 19.15
4 0 -40 59.9422 18.1655 -40 60.35 18.0844 -40 60.35 16.684 -40 59.4063 16.8717
4 0 -40 59.5965 18.3965 -40 59.9422 18.1655 -40 59.4063 16.8717 -40 58.6063 17.4063
4 0 -40 59.3655 18.7422 -40 59.5965 18.3965 -40 58.6063 17.4063 -40 58.0717 18.2063
4 0 -40 59.2844 19.15 -40 59.3655 18.7422 -40 58.0717 18.2063 -40 57.884 19.15
4 16 -40 63.4078 18.1655 -40 63 18.0844 -40 64.0656 19.15 -40 63.7535 18.3965
3 16 -40 63.7535 18.3965 -40 64.0656 19.15 -40 63.9845 18.7422
4 0 -40 63 16.684 -40 63 18.0844 -40 63.4078 18.1655 -40 63.9437 16.8717
4 0 -40 63.9437 16.8717 -40 63.4078 18.1655 -40 63.7535 18.3965 -40 64.7437 17.4063
4 0 -40 64.7437 17.4063 -40 63.7535 18.3965 -40 63.9845 18.7422 -40 65.2783 18.2063
4 0 -40 65.2783 18.2063 -40 63.9845 18.7422 -40 64.0656 19.15 -40 65.466 19.15
4 0 -40 63 16.684 -40 60.35 16.684 -40 60.35 18.0844 -40 63 18.0844
3 16 -40 60.35 18.0844 -40 64.0656 19.15 -40 63 18.0844
4 0 -40 57.884 19.15 -40 57.884 33.1 -40 59.2844 33.1 -40 59.2844 19.15
4 0 -40 64.0656 19.15 -40 64.0656 33.1 -40 65.466 33.1 -40 65.466 19.15
4 16 -40 59.2844 33.1 -40 64.0656 33.1 -40 64.0656 19.15 -40 59.2844 19.15
3 16 -40 63 35.566 -40 72 40 -40 63.9437 35.3783
3 16 -40 63.9437 35.3783 -40 72 40 -40 64.7437 34.8437
3 16 -40 64.7437 34.8437 -40 72 40 -40 65.2783 34.0437
3 16 -40 65.2783 34.0437 -40 72 40 -40 65.466 33.1
4 16 -40 65.466 19.15 -40 65.466 33.1 -40 72 40 -40 72 -40
3 16 -40 65.2783 18.2063 -40 65.466 19.15 -40 72 -40
3 16 -40 64.7437 17.4063 -40 65.2783 18.2063 -40 72 -40
3 16 -40 63.9437 16.8717 -40 64.7437 17.4063 -40 72 -40
3 16 -40 63 16.684 -40 63.9437 16.8717 -40 72 -40
4 16 -40 60.35 16.684 -40 63 16.684 -40 72 -40 -40 69.28 -40
4 0 -40 47.0658 -27.4282 -40 47.563 -26.2279 -40 48.9 -26.4938 -40 48.9 -27.793
4 0 -40 48.9 -27.793 -40 48.9 -26.4938 -40 50.237 -26.2279 -40 50.7342 -27.4282
4 0 -40 50.7342 -27.4282 -40 50.237 -26.2279 -40 51.3705 -25.4705 -40 52.2892 -26.3892
4 0 -40 52.2892 -26.3892 -40 51.3705 -25.4705 -40 52.1279 -24.337 -40 53.3282 -24.8342
4 0 -40 53.3282 -24.8342 -40 52.1279 -24.337 -40 52.3938 -23 -40 53.693 -23
4 0 -40 53.693 31 -40 52.3938 31 -40 52.1279 32.337 -40 53.3282 32.8342
4 0 -40 53.3282 32.8342 -40 52.1279 32.337 -40 51.3705 33.4705 -40 52.2892 34.3892
4 0 -40 52.2892 34.3892 -40 51.3705 33.4705 -40 50.237 34.2279 -40 50.7342 35.4282
4 0 -40 50.7342 35.4282 -40 50.237 34.2279 -40 48.9 34.4938 -40 48.9 35.793
4 0 -40 7.4 35.793 -40 7.4 34.4938 -40 6.063 34.2279 -40 5.5658 35.4282
4 0 -40 5.5658 35.4282 -40 6.063 34.2279 -40 4.9295 33.4705 -40 4.0108 34.3892
4 0 -40 4.0108 34.3892 -40 4.9295 33.4705 -40 4.1721 32.337 -40 2.9718 32.8342
4 0 -40 2.9718 32.8342 -40 4.1721 32.337 -40 3.9062 31 -40 2.607 31
4 16 -40 48.9 35.793 -40 7.4 35.793 -40 0 40 -40 72 40
4 16 -40 60.35 35.566 -40 48.9 35.793 -40 72 40 -40 63 35.566
4 16 -40 58.6063 34.8437 -40 58.0717 34.0437 -40 52.2892 34.3892 -40 50.7342 35.4282
4 16 -40 59.4063 35.3783 -40 58.6063 34.8437 -40 50.7342 35.4282 -40 48.9 35.793
3 16 -40 48.9 35.793 -40 60.35 35.566 -40 59.4063 35.3783
4 16 -40 52.2892 34.3892 -40 58.0717 34.0437 -40 57.884 33.1 -40 53.3282 32.8342
4 16 -40 53.693 31 -40 53.3282 32.8342 -40 57.884 33.1 -40 57.884 19.15
4 16 -40 53.693 -23 -40 53.693 31 -40 57.884 19.15 -40 58.0717 18.2063
3 16 -40 53.693 -23 -40 58.0717 18.2063 -40 58.6063 17.4063
3 16 -40 53.693 -23 -40 58.6063 17.4063 -40 59.4063 16.8717
4 16 -40 53.693 -23 -40 59.4063 16.8717 -40 60.35 16.684 -40 69.28 -40
3 16 -40 53.3282 -24.8342 -40 53.693 -23 -40 69.28 -40
3 16 -40 52.2892 -26.3892 -40 53.3282 -24.8342 -40 69.28 -40
4 16 -40 50.7342 -27.4282 -40 52.2892 -26.3892 -40 69.28 -40 -40 48.5745 -37.2741
3 16 -40 48.5745 -37.2741 -40 48.9 -27.793 -40 50.7342 -27.4282
3 16 -40 47.0658 -27.4282 -40 48.9 -27.793 -40 48.5745 -37.2741
4 0 -40 4.1721 4.663 -40 4.9295 3.5295 -40 4.0108 2.6108 -40 2.9718 4.1658
4 0 -40 3.9062 6 -40 4.1721 4.663 -40 2.9718 4.1658 -40 2.607 6
4 0 -40 2.607 6 -40 2.607 31 -40 3.9062 31 -40 3.9062 6
3 16 -40 0 40 -40 7.4 35.793 -40 5.5658 35.4282
3 16 -40 0 40 -40 5.5658 35.4282 -40 4.0108 34.3892
3 16 -40 0 40 -40 4.0108 34.3892 -40 2.9718 32.8342
3 16 -40 0 40 -40 2.9718 32.8342 -40 2.607 31
4 16 -40 0 0 -40 0 40 -40 2.607 31 -40 2.607 6
3 16 -40 0 0 -40 2.607 6 -40 2.9718 4.1658
3 16 -40 0 0 -40 2.9718 4.1658 -40 4.0108 2.6108
4 0 -40 40.8474 -25.3669 -40 41.2334 -24.0512 -40 47.563 -26.2279 -40 47.0658 -27.4282
4 0 -40 41.2334 -24.0512 -40 40.8474 -25.3669 -40 34.7029 -22.683 -40 35.1176 -21.4913
4 0 -40 35.1176 -21.4913 -40 34.7029 -22.683 -40 28.8118 -19.5238 -40 29.3462 -18.4196
4 0 -40 29.3462 -18.4196 -40 28.8118 -19.5238 -40 23.1752 -15.8874 -40 23.788 -14.7928
4 0 -40 23.788 -14.7928 -40 23.1752 -15.8874 -40 17.8521 -11.8145 -40 18.5811 -10.7282
4 0 -40 18.5811 -10.7282 -40 17.8521 -11.8145 -40 12.8936 -7.3639 -40 13.7315 -6.2868
4 0 -40 13.7315 -6.2868 -40 12.8936 -7.3639 -40 8.2796 -2.5504 -40 12.7871 -5.3125
4 0 -40 8.825 -1.225 -40 8.2796 -2.5504 -40 4.0108 2.6108 -40 4.9295 3.5295
3 16 -40 0 0 -40 4.0108 2.6108 -40 8.2796 -2.5504
4 16 -40 0 0 -40 8.2796 -2.5504 -40 12.8936 -7.3639 -40 12.7115 -16.5685
3 16 -40 12.7115 -16.5685 -40 12.8936 -7.3639 -40 17.8521 -11.8145
4 16 -40 12.7115 -16.5685 -40 17.8521 -11.8145 -40 23.1752 -15.8874 -40 29.28 -29.282
3 16 -40 23.1752 -15.8874 -40 28.8118 -19.5238 -40 29.28 -29.282
3 16 -40 28.8118 -19.5238 -40 34.7029 -22.683 -40 29.28 -29.282
4 16 -40 29.28 -29.282 -40 34.7029 -22.683 -40 40.8474 -25.3669 -40 48.5745 -37.2741
3 16 -40 40.8474 -25.3669 -40 47.0658 -27.4282 -40 48.5745 -37.2741
4 0 -40 53.693 31 -40 53.693 -23 -40 52.3938 -23 -40 52.3938 0.9
4 15 -40 50.3 22.3 -40 52.3938 22.1 -40 52.3938 14.5 -40 48.7 14.9
4 15 -40 50.3 22.3 -40 48.7 14.9 -40 47 15.5 -40 45.8 16.4
4 15 -40 50.3 22.3 -40 45.8 16.4 -40 45.1 17.7 -40 45 18.9
4 15 -40 48.7 22.1 -40 50.3 22.3 -40 45 18.9 -40 47.1 21.6
4 15 -40 46 20.9 -40 47.1 21.6 -40 45 18.9 -40 45.3 20
4 0 -40 52.3938 23.3 -40 52.3938 22.1 -40 50.3 22.3 -40 49.7 23.4
4 0 -40 49.7 23.4 -40 50.3 22.3 -40 48.7 22.1 -40 47.8 23.2
4 0 -40 47.8 23.2 -40 48.7 22.1 -40 47.1 21.6 -40 45.9 22.4
4 0 -40 45.9 22.4 -40 47.1 21.6 -40 46 20.9 -40 44.6 21.2
4 0 -40 44.6 21.2 -40 46 20.9 -40 45.3 20 -40 43.9 20
4 0 -40 43.9 20 -40 45.3 20 -40 45 18.9 -40 43.6 18.4
4 0 -40 43.6 18.4 -40 45 18.9 -40 45.1 17.7 -40 44 16.8
4 0 -40 44 16.8 -40 45.1 17.7 -40 45.8 16.4 -40 44.8 15.6
4 0 -40 44.8 15.6 -40 45.8 16.4 -40 47 15.5 -40 46.4 14.3
4 0 -40 46.4 14.3 -40 47 15.5 -40 48.7 14.9 -40 48.8 13.7
4 0 -40 48.8 13.7 -40 48.7 14.9 -40 52.3938 14.5 -40 52.3938 13.3
4 15 -40 44.7 25.7 -40 44.1 25.3 -40 44.4 26.4 -40 45.3 27.3
4 15 -40 45.6 26 -40 44.7 25.7 -40 45.3 27.3 -40 47.5 27.8
4 15 -40 47.1 26.1 -40 45.6 26 -40 47.5 27.8 -40 47.7 26.4
4 15 -40 48.3 27.2 -40 47.7 26.4 -40 47.5 27.8 -40 48.5 28.2
4 15 -40 43.4 10.6 -40 42.8 10.8 -40 42.8 12.8 -40 44 11.9
4 15 -40 43.8 10.1 -40 43.4 10.6 -40 44 11.9 -40 45.6 11.2
4 15 -40 44.2 8.9 -40 43.8 10.1 -40 45.6 11.2 -40 46.6 10.9
4 15 -40 44.8 8 -40 44.2 8.9 -40 46.6 10.9 -40 45.8 7.5
4 15 -40 47.2 7.3 -40 45.8 7.5 -40 46.6 10.9 -40 47.2 10.8
4 16 -40 50 28.4 -40 52.3938 28.6 -40 52.3938 23.3 -40 49.4 26.6
4 16 -40 49.4 26.6 -40 52.3938 23.3 -40 49.7 23.4 -40 48.4 25.4
4 16 -40 48.4 25.4 -40 49.7 23.4 -40 47.8 23.2 -40 46.9 24.8
4 16 -40 46.9 24.8 -40 47.8 23.2 -40 45.9 22.4 -40 45.2 24.7
4 16 -40 44 24.1 -40 45.2 24.7 -40 45.9 22.4 -40 44.6 21.2
4 16 -40 42.9 23.1 -40 44 24.1 -40 44.6 21.2 -40 43.9 20
3 16 -40 42.9 23.1 -40 43.9 20 -40 43.6 18.4
3 16 -40 42.9 14.4 -40 42.9 23.1 -40 43.6 18.4
4 16 -40 42.9 14.4 -40 43.6 18.4 -40 44 16.8 -40 44.1 13.4
4 16 -40 44.1 13.4 -40 44 16.8 -40 44.8 15.6 -40 45.9 12.4
4 16 -40 45.9 12.4 -40 44.8 15.6 -40 46.4 14.3 -40 48.4 11.8
3 16 -40 46.4 14.3 -40 48.8 13.7 -40 48.4 11.8
4 16 -40 48.4 11.8 -40 48.8 13.7 -40 52.3938 13.3 -40 52.3938 6.2
3 16 -40 48.4 7 -40 48.4 11.8 -40 52.3938 6.2
4 0 -40 52.3938 29.8 -40 52.3938 28.6 -40 50 28.4 -40 49.6 29.7
4 0 -40 49.6 29.7 -40 50 28.4 -40 48.5 28.2 -40 47 29.2
4 0 -40 47 29.2 -40 48.5 28.2 -40 47.5 27.8 -40 44.8 28.4
4 0 -40 44.8 28.4 -40 47.5 27.8 -40 45.3 27.3 -40 43.7 27.7
4 0 -40 43.7 27.7 -40 45.3 27.3 -40 44.4 26.4 -40 43.2 26.8
4 0 -40 43.2 26.8 -40 44.4 26.4 -40 44.1 25.3 -40 42.7 25.6
4 0 -40 42.9 23.1 -40 42.7 25.6 -40 44.1 25.3 -40 44 24.1
4 0 -40 45.2 24.7 -40 44 24.1 -40 44.1 25.3 -40 44.7 25.7
4 0 -40 45.2 24.7 -40 44.7 25.7 -40 45.6 26 -40 46.9 24.8
4 0 -40 46.9 24.8 -40 45.6 26 -40 47.1 26.1 -40 48.4 25.4
4 0 -40 48.4 25.4 -40 47.1 26.1 -40 47.7 26.4 -40 49.4 26.7
4 0 -40 49.4 26.7 -40 47.7 26.4 -40 48.3 27.2 -40 50 28.4
3 0 -40 48.3 27.2 -40 48.5 28.2 -40 50 28.4
4 0 -40 42.8 12.8 -40 42.9 14.4 -40 44.1 13.4 -40 44 11.9
4 0 -40 44 11.9 -40 44.1 13.4 -40 45.9 12.4 -40 45.6 11.2
4 0 -40 46.6 10.9 -40 45.6 11.2 -40 45.9 12.4 -40 48.4 11.8
3 0 -40 46.6 10.9 -40 48.4 11.8 -40 47.2 10.8
4 0 -40 47.2 10.8 -40 48.4 11.8 -40 48.4 7 -40 47.2 7.3
4 0 -40 46.4 6.1 -40 47.2 7.3 -40 48.4 7 -40 49 5.6
4 0 -40 49 5.6 -40 48.4 7 -40 52.3938 6.2 -40 52.3938 4.9
4 0 -40 45.8 7.5 -40 47.2 7.3 -40 46.4 6.1 -40 45.2 6.5
4 0 -40 45.8 7.5 -40 45.2 6.5 -40 44.2 6.9 -40 44.8 8
4 0 -40 44.8 8 -40 44.2 6.9 -40 43.4 7.7 -40 44.2 8.9
4 0 -40 44.2 8.9 -40 43.4 7.7 -40 42.9 8.9 -40 43.8 10.1
4 0 -40 43.4 10.6 -40 43.8 10.1 -40 42.9 8.9 -40 42.8 10.8
3 0 -40 52.3938 29.8 -40 52.3938 31 -40 53.693 31
3 0 -40 52.3938 28.6 -40 52.3938 29.8 -40 53.693 31
3 0 -40 52.3938 23.3 -40 52.3938 28.6 -40 53.693 31
3 0 -40 52.3938 22.1 -40 52.3938 23.3 -40 53.693 31
3 0 -40 52.3938 14.5 -40 52.3938 22.1 -40 53.693 31
3 0 -40 52.3938 13.3 -40 52.3938 14.5 -40 53.693 31
3 0 -40 52.3938 6.2 -40 52.3938 13.3 -40 53.693 31
3 0 -40 52.3938 4.9 -40 52.3938 6.2 -40 53.693 31
4 0 -40 46.4 6.1 -40 44.5 2.2 -40 43.2 2.6 -40 45.2 6.5
4 0 -40 50.7 -1.8 -40 49.7 -0.9 -40 52.3938 3.1 -40 52.3938 0.9
4 0 -40 44.5 2.2 -40 49.7 -0.9 -40 49.4 -2.3 -40 42.9 1.3
4 0 -40 43.2 2.6 -40 44.5 2.2 -40 42.9 1.3 -40 42.4 2.6
4 0 -40 42.4 2.6 -40 42.9 1.3 -40 42.6 1 -40 41.4 1.8
4 0 -40 41.4 1.8 -40 42.6 1 -40 41 -2 -40 39.6 -1.4
4 0 -40 39.6 -1.4 -40 41 -2 -40 40.5 -3.3 -40 38.6 -3.5
4 0 -40 39.6 -4.5 -40 38.6 -3.5 -40 40.5 -3.3 -40 40.6 -3.9
4 0 -40 41.1 -6.1 -40 39.6 -4.5 -40 40.6 -3.9 -40 42.1 -5.1
4 0 -40 42.7 -7 -40 41.1 -6.1 -40 42.1 -5.1 -40 44 -6.1
4 0 -40 44.4 -7.7 -40 42.7 -7 -40 44 -6.1 -40 46.3 -6.8
3 0 -40 44.4 -7.7 -40 46.3 -6.8 -40 45.4 -7.8
4 0 -40 47.1 -8 -40 45.4 -7.8 -40 46.3 -6.8 -40 49 -5.9
4 0 -40 49 -5.9 -40 46.3 -6.8 -40 47.9 -4.9 -40 50.4 -3.4
4 0 -40 50.4 -3.4 -40 47.9 -4.9 -40 49.4 -2.7 -40 50.7 -2.5
4 0 -40 50.7 -2.5 -40 49.4 -2.7 -40 49.4 -2.3 -40 50.7 -1.8
3 0 -40 49.4 -2.3 -40 49.7 -0.9 -40 50.7 -1.8
4 0 -40 38 -5.1 -40 38.6 -3.5 -40 39.6 -4.5 -40 39.3 -5.2
4 0 -40 37.9 -5.8 -40 38 -5.1 -40 39.3 -5.2 -40 39.2 -5.8
4 0 -40 38 -6.5 -40 37.9 -5.8 -40 39.2 -5.8 -40 39.5 -6.3
4 0 -40 39.6 -8.1 -40 38 -6.5 -40 39.5 -6.3 -40 40.8 -7.2
4 0 -40 41.9 -9.4 -40 39.6 -8.1 -40 40.8 -7.2 -40 42.6 -8.1
4 0 -40 43.9 -10 -40 41.9 -9.4 -40 42.6 -8.1 -40 44.3 -8.7
4 0 -40 44.8 -10.1 -40 43.9 -10 -40 44.3 -8.7 -40 44.8 -8.6
4 0 -40 45.4 -9.9 -40 44.8 -10.1 -40 44.8 -8.6 -40 47.1 -8
3 0 -40 44.8 -8.6 -40 45.4 -7.8 -40 47.1 -8
4 15 -40 44.5 2.2 -40 46.4 6.1 -40 49 5.6 -40 49.7 -0.9
4 15 -40 52.3938 3.1 -40 49.7 -0.9 -40 49 5.6 -40 52.3938 4.9
4 78 -40 42.6 1 -40 42.9 1.3 -40 49.4 -2.3 -40 49.4 -2.7
4 78 -40 41 -2 -40 42.6 1 -40 49.4 -2.7 -40 47.9 -4.9
4 78 -40 41 -2 -40 47.9 -4.9 -40 46.3 -6.8 -40 44 -6.1
4 78 -40 41 -2 -40 44 -6.1 -40 42.1 -5.1 -40 40.6 -3.9
3 78 -40 40.5 -3.3 -40 41 -2 -40 40.6 -3.9
4 78 -40 39.3 -5.2 -40 39.6 -4.5 -40 41.1 -6.1 -40 39.2 -5.8
4 78 -40 39.5 -6.3 -40 39.2 -5.8 -40 41.1 -6.1 -40 40.8 -7.2
4 78 -40 40.8 -7.2 -40 41.1 -6.1 -40 42.7 -7 -40 42.6 -8.1
4 78 -40 42.6 -8.1 -40 42.7 -7 -40 44.4 -7.7 -40 44.3 -8.7
4 78 -40 44.8 -8.6 -40 44.3 -8.7 -40 44.4 -7.7 -40 45.4 -7.8
4 15 -40 50.7 -2.5 -40 50.7 -1.8 -40 52.3938 0.9 -40 52.3938 -23
3 15 -40 50.4 -3.4 -40 50.7 -2.5 -40 52.3938 -23
4 15 -40 49 -5.9 -40 50.4 -3.4 -40 52.3938 -23 -40 52.1279 -24.337
4 15 -40 47.1 -8 -40 49 -5.9 -40 52.1279 -24.337 -40 45.4 -9.9
4 15 -40 45.4 -9.9 -40 52.1279 -24.337 -40 51.3705 -25.4705 -40 44.8 -10.1
4 15 -40 44.8 -10.1 -40 51.3705 -25.4705 -40 50.237 -26.2279 -40 48.9 -26.4938
4 15 -40 43.9 -10 -40 44.8 -10.1 -40 48.9 -26.4938 -40 47.563 -26.2279
4 15 -40 43.9 -10 -40 47.563 -26.2279 -40 41.2334 -24.0512 -40 41.9 -9.4
4 15 -40 41.9 -9.4 -40 41.2334 -24.0512 -40 35.1176 -21.4913 -40 39.6 -8.1
4 15 -40 39.6 -8.1 -40 35.1176 -21.4913 -40 29.3462 -18.4196 -40 38 -6.5
4 15 -40 38 -6.5 -40 29.3462 -18.4196 -40 23.788 -14.7928 -40 27.1 -1.6
4 78 -40 33.4015 11.25 -40 34.0722 12.834 -40 34.55 12.9522 -40 34.9778 12.834
4 78 -40 33.4015 11.25 -40 34.9778 12.834 -40 35.3328 12.4976 -40 35.6035 11.994
4 78 -40 33.4015 11.25 -40 35.6035 11.994 -40 35.6985 11.25 -40 35.6035 10.556
4 78 -40 33.4015 11.25 -40 35.6035 10.556 -40 35.3328 10.0525 -40 34.9778 9.716
4 78 -40 33.4015 11.25 -40 34.9778 9.716 -40 34.55 9.5978 -40 34.0722 9.716
4 78 -40 33.4015 11.25 -40 34.0722 9.716 -40 33.7172 10.0525 -40 33.4965 10.556
4 78 -40 33.4015 11.25 -40 33.4965 11.994 -40 33.7172 12.4976 -40 34.0722 12.834
4 0 -40 34.55 12.9522 -40 34.0722 12.834 -40 33.8183 13.5961 -40 34.55 13.777
4 0 -40 34.9778 12.834 -40 34.55 12.9522 -40 34.55 13.777 -40 35.2817 13.5961
4 0 -40 35.3328 12.4976 -40 34.9778 12.834 -40 35.2817 13.5961 -40 35.902 13.0808
4 0 -40 35.6035 11.994 -40 35.3328 12.4976 -40 35.902 13.0808 -40 36.3165 12.3096
4 0 -40 35.6985 11.25 -40 35.6035 11.994 -40 36.3165 12.3096 -40 36.462 11.25
4 0 -40 35.6035 10.556 -40 35.6985 11.25 -40 36.462 11.25 -40 36.3165 10.2404
4 0 -40 35.3328 10.0525 -40 35.6035 10.556 -40 36.3165 10.2404 -40 35.902 9.4692
4 0 -40 34.9778 9.716 -40 35.3328 10.0525 -40 35.902 9.4692 -40 35.2817 8.9539
4 0 -40 34.55 9.5978 -40 34.9778 9.716 -40 35.2817 8.9539 -40 34.55 8.773
4 0 -40 34.0722 9.716 -40 34.55 9.5978 -40 34.55 8.773 -40 33.8183 8.9539
4 0 -40 33.7172 10.0525 -40 34.0722 9.716 -40 33.8183 8.9539 -40 33.198 9.4692
4 0 -40 33.4965 10.556 -40 33.7172 10.0525 -40 33.198 9.4692 -40 32.7835 10.2404
4 0 -40 33.4015 11.25 -40 33.4965 10.556 -40 32.7835 10.2404 -40 32.638 11.25
4 0 -40 33.4965 11.994 -40 33.4015 11.25 -40 32.638 11.25 -40 32.7835 12.3096
4 0 -40 33.7172 12.4976 -40 33.4965 11.994 -40 32.7835 12.3096 -40 33.198 13.0808
4 0 -40 34.0722 12.834 -40 33.7172 12.4976 -40 33.198 13.0808 -40 33.8183 13.5961
4 15 -40 29.342 18.9 -40 29.8099 19.6003 -40 30.1 19.658 -40 30.3901 19.6003
4 15 -40 29.342 18.9 -40 30.3901 19.6003 -40 30.636 19.436 -40 30.8003 19.1901
4 15 -40 29.342 18.9 -40 30.8003 19.1901 -40 30.858 18.9 -40 30.8003 18.6099
4 15 -40 29.342 18.9 -40 30.8003 18.6099 -40 30.636 18.364 -40 30.3901 18.1997
4 15 -40 29.342 18.9 -40 30.3901 18.1997 -40 30.1 18.142 -40 29.8099 18.1997
4 15 -40 29.342 18.9 -40 29.8099 18.1997 -40 29.564 18.364 -40 29.3997 18.6099
4 15 -40 29.342 18.9 -40 29.3997 19.1901 -40 29.564 19.436 -40 29.8099 19.6003
4 0 -40 32.0696 16.8305 -40 30.9 19.654 -40 31.533 19.5281 -40 32.0696 19.1696
4 0 -40 32.0696 16.8305 -40 32.0696 19.1696 -40 32.4281 18.633 -40 32.554 18
3 0 -40 32.0696 16.8305 -40 32.554 18 -40 32.4281 17.367
4 0 -40 32.0696 16.8305 -40 31.533 16.4719 -40 30.9 16.346 -40 30.267 16.4719
4 0 -40 32.0696 16.8305 -40 30.267 16.4719 -40 29.7305 16.8305 -40 29.3719 17.367
4 0 -40 32.0696 16.8305 -40 29.3719 17.367 -40 29.246 18 -40 30.1 18.142
3 0 -40 30.3901 19.6003 -40 30.9 19.654 -40 30.636 19.436
3 0 -40 30.636 19.436 -40 30.9 19.654 -40 30.8003 19.1901
4 0 -40 30.858 18.9 -40 30.8003 19.1901 -40 30.9 19.654 -40 32.0696 16.8305
3 0 -40 30.8003 18.6099 -40 30.858 18.9 -40 32.0696 16.8305
3 0 -40 30.636 18.364 -40 30.8003 18.6099 -40 32.0696 16.8305
3 0 -40 30.3901 18.1997 -40 30.636 18.364 -40 32.0696 16.8305
3 0 -40 30.1 18.142 -40 30.3901 18.1997 -40 32.0696 16.8305
3 0 -40 29.246 18 -40 29.8099 18.1997 -40 30.1 18.142
3 0 -40 29.246 18 -40 29.564 18.364 -40 29.8099 18.1997
3 0 -40 29.246 18 -40 29.3997 18.6099 -40 29.564 18.364
4 16 -40 29.564 19.436 -40 28.9 19.5 -40 29.5 20 -40 29.8099 19.6003
4 16 -40 29.8099 19.6003 -40 29.5 20 -40 30.2 20.4 -40 30.1 19.658
4 16 -40 30.3901 19.6003 -40 30.1 19.658 -40 30.2 20.4 -40 30.8 20.5
4 16 -40 30.9 19.654 -40 30.3901 19.6003 -40 30.8 20.5 -40 31.5 20.5
4 16 -40 31.533 19.5281 -40 30.9 19.654 -40 31.5 20.5 -40 32.1 20.3
4 16 -40 32.0696 19.1696 -40 31.533 19.5281 -40 32.1 20.3 -40 32.7 19.7
4 16 -40 32.4281 18.633 -40 32.0696 19.1696 -40 32.7 19.7 -40 33.1 19
4 16 -40 32.554 18 -40 32.4281 18.633 -40 33.1 19 -40 33.3 18.1
4 16 -40 32.4281 17.367 -40 32.554 18 -40 33.3 18.1 -40 33.2 17.2
4 16 -40 32.0696 16.8305 -40 32.4281 17.367 -40 33.2 17.2 -40 32.8 16.4
4 16 -40 31.533 16.4719 -40 32.0696 16.8305 -40 32.8 16.4 -40 32.3 15.6
4 16 -40 30.9 16.346 -40 31.533 16.4719 -40 32.3 15.6 -40 30.9 15.6
4 16 -40 30.9 16.346 -40 30.9 15.6 -40 30.3 15.7 -40 29.8 15.95
4 16 -40 30.267 16.4719 -40 30.9 16.346 -40 29.8 15.95 -40 29.2 16.5
4 16 -40 29.7305 16.8305 -40 30.267 16.4719 -40 29.2 16.5 -40 28.8 17.2
4 16 -40 29.3719 17.367 -40 29.7305 16.8305 -40 28.8 17.2 -40 28.6 17.9
4 16 -40 29.246 18 -40 29.3719 17.367 -40 28.6 17.9 -40 28.6 18.7
4 16 -40 29.3997 18.6099 -40 29.246 18 -40 28.6 18.7 -40 29.342 18.9
4 16 -40 29.342 18.9 -40 28.6 18.7 -40 28.9 19.5 -40 29.3997 19.1901
3 16 -40 28.9 19.5 -40 29.564 19.436 -40 29.3997 19.1901
4 0 -40 28.8 20.9 -40 29.4 20.4 -40 28.9 19.5 -40 28.1 20
4 0 -40 28.1 20 -40 28.9 19.5 -40 28.6 18.7 -40 27.7 18.8
4 0 -40 27.7 18.8 -40 28.6 18.7 -40 28.6 17.9 -40 27.7 17.8
4 0 -40 28.1 16.8 -40 27.7 17.8 -40 28.6 17.9 -40 28.8 17.2
4 0 -40 28.7 16 -40 28.1 16.8 -40 28.8 17.2 -40 29.2 16.5
4 0 -40 29.5 15.4 -40 28.7 16 -40 29.2 16.5 -40 29.8 15.95
4 0 -40 30.4 15.1 -40 29.5 15.4 -40 29.8 15.95 -40 30.3 15.7
4 0 -40 31.1 15.1 -40 30.4 15.1 -40 30.3 15.7 -40 30.9 15.6
4 0 -40 32.5 15.1 -40 31.1 15.1 -40 30.9 15.6 -40 32.7 15.2
4 0 -40 32.7 15.2 -40 30.9 15.6 -40 32.3 15.6 -40 32.6 15.5
3 0 -40 32.6 15.5 -40 32.7 15.4 -40 32.7 15.2
4 0 -40 29.4 20.4 -40 28.8 20.9 -40 29.7 21.7 -40 30.5 21.2
4 0 -40 30.5 21.2 -40 29.7 21.7 -40 30.6 22.3 -40 31.2 21.5
4 0 -40 31.2 21.5 -40 30.6 22.3 -40 31.2 22.6 -40 31.8 21.8
4 0 -40 31.9 22.1 -40 31.8 21.8 -40 31.2 22.6 -40 31.7 22.5
3 15 -40 28.9 19.5 -40 29.4 20.4 -40 29.5 20
4 15 -40 30.2 20.4 -40 29.5 20 -40 29.4 20.4 -40 30.5 21.2
4 15 -40 30.8 20.5 -40 30.2 20.4 -40 30.5 21.2 -40 31.2 21.5
4 15 -40 31.5 20.5 -40 30.8 20.5 -40 31.2 21.5 -40 31.8 21.8
4 15 -40 32.1 20.3 -40 31.5 20.5 -40 31.8 21.8 -40 32.4 21.6
4 15 -40 32.1 20.3 -40 32.4 21.6 -40 33.2 21 -40 32.7 19.7
4 15 -40 32.7 19.7 -40 33.2 21 -40 33.8 20.1 -40 33.1 19
4 15 -40 33.1 19 -40 33.8 20.1 -40 34.1 19 -40 33.3 18.1
4 15 -40 33.3 18.1 -40 34.1 19 -40 34.2 18 -40 33.2 17.2
4 15 -40 33.2 17.2 -40 34.2 18 -40 33.9 17 -40 32.8 16.4
4 15 -40 32.8 16.4 -40 33.9 17 -40 33.4 16.2 -40 32.6 15.5
3 15 -40 32.3 15.6 -40 32.8 16.4 -40 32.6 15.5
4 15 -40 29.342 5.2 -40 29.8099 5.9003 -40 30.1 5.958 -40 30.3901 5.9003
4 15 -40 29.342 5.2 -40 30.3901 5.9003 -40 30.636 5.736 -40 30.8003 5.4901
4 15 -40 29.342 5.2 -40 30.8003 5.4901 -40 30.858 5.2 -40 30.8003 4.9099
4 15 -40 29.342 5.2 -40 30.8003 4.9099 -40 30.636 4.664 -40 30.3901 4.4997
4 15 -40 29.342 5.2 -40 30.3901 4.4997 -40 30.1 4.442 -40 29.8099 4.4997
4 15 -40 29.342 5.2 -40 29.8099 4.4997 -40 29.564 4.664 -40 29.3997 4.9099
4 15 -40 29.342 5.2 -40 29.3997 5.4901 -40 29.564 5.736 -40 29.8099 5.9003
4 0 -40 32.0696 3.1304 -40 30.9 5.954 -40 31.533 5.8281 -40 32.0696 5.4696
4 0 -40 32.0696 3.1304 -40 32.0696 5.4696 -40 32.4281 4.933 -40 32.554 4.3
3 0 -40 32.0696 3.1304 -40 32.554 4.3 -40 32.4281 3.667
4 0 -40 32.0696 3.1304 -40 31.533 2.7719 -40 30.9 2.646 -40 30.267 2.7719
4 0 -40 32.0696 3.1304 -40 30.267 2.7719 -40 29.7305 3.1304 -40 29.3719 3.667
4 0 -40 32.0696 3.1304 -40 29.3719 3.667 -40 29.246 4.3 -40 30.1 4.442
3 0 -40 30.3901 5.9003 -40 30.9 5.954 -40 30.636 5.736
3 0 -40 30.636 5.736 -40 30.9 5.954 -40 30.8003 5.4901
4 0 -40 30.858 5.2 -40 30.8003 5.4901 -40 30.9 5.954 -40 32.0696 3.1304
3 0 -40 30.8003 4.9099 -40 30.858 5.2 -40 32.0696 3.1304
3 0 -40 30.636 4.664 -40 30.8003 4.9099 -40 32.0696 3.1304
3 0 -40 30.3901 4.4997 -40 30.636 4.664 -40 32.0696 3.1304
3 0 -40 30.1 4.442 -40 30.3901 4.4997 -40 32.0696 3.1304
3 0 -40 29.246 4.3 -40 29.8099 4.4997 -40 30.1 4.442
3 0 -40 29.246 4.3 -40 29.564 4.664 -40 29.8099 4.4997
3 0 -40 29.246 4.3 -40 29.3997 4.9099 -40 29.564 4.664
4 16 -40 29.564 5.736 -40 28.9 5.8 -40 29.5 6.3 -40 29.8099 5.9003
4 16 -40 29.8099 5.9003 -40 29.5 6.3 -40 30.25 6.7 -40 30.1 5.958
4 16 -40 30.3901 5.9003 -40 30.1 5.958 -40 30.25 6.7 -40 30.8 6.8
4 16 -40 30.9 5.954 -40 30.3901 5.9003 -40 30.8 6.8 -40 31.5 6.8
4 16 -40 31.533 5.8281 -40 30.9 5.954 -40 31.5 6.8 -40 32.1 6.6
4 16 -40 32.0696 5.4696 -40 31.533 5.8281 -40 32.1 6.6 -40 32.7 6
4 16 -40 32.4281 4.933 -40 32.0696 5.4696 -40 32.7 6 -40 33.1 5.3
4 16 -40 32.554 4.3 -40 32.4281 4.933 -40 33.1 5.3 -40 33.3 4.4
4 16 -40 32.4281 3.667 -40 32.554 4.3 -40 33.3 4.4 -40 33.2 3.5
4 16 -40 32.0696 3.1304 -40 32.4281 3.667 -40 33.2 3.5 -40 32.8 2.7
4 16 -40 31.533 2.7719 -40 32.0696 3.1304 -40 32.8 2.7 -40 32.3 2.2
4 16 -40 30.9 2.646 -40 31.533 2.7719 -40 32.3 2.2 -40 31.3 2.3
4 16 -40 29.246 4.3 -40 29.3719 3.667 -40 28.6 4.2 -40 28.6 5
4 16 -40 29.3997 4.9099 -40 29.246 4.3 -40 28.6 5 -40 29.342 5.2
4 16 -40 29.342 5.2 -40 28.6 5 -40 28.9 5.8 -40 29.3997 5.4901
3 16 -40 28.9 5.8 -40 29.564 5.736 -40 29.3997 5.4901
4 0 -40 28.1 6.3 -40 28.9 5.8 -40 28.6 5 -40 27.7 5.1
4 0 -40 27.7 5.1 -40 28.6 5 -40 28.6 4.2 -40 27.7 4.1
4 0 -40 28.1 3.1 -40 27.7 4.1 -40 28.6 4.2 -40 28.9 3.6
3 15 -40 28.9 5.8 -40 29.5 6.7 -40 29.5 6.3
4 15 -40 30.25 6.7 -40 29.5 6.3 -40 29.5 6.7 -40 30.4 7.3
4 16 -40 29.3719 3.667 -40 29.3 3.5 -40 28.9 3.6 -40 28.6 4.2
4 15 -40 30.8 6.8 -40 30.25 6.7 -40 30.4 7.3 -40 31.4 7.5
4 15 -40 31.5 6.8 -40 30.8 6.8 -40 31.4 7.5 -40 32.2 7.5
3 15 -40 31.5 6.8 -40 32.2 7.5 -40 32.1 6.6
4 15 -40 32.7 6 -40 32.1 6.6 -40 32.2 7.5 -40 33.3 7.1
3 15 -40 32.2 7.5 -40 32.7 7.6 -40 33.3 7.1
4 15 -40 32.7 6 -40 33.3 7.1 -40 33.9 6.2 -40 33.1 5.3
4 15 -40 33.1 5.3 -40 33.9 6.2 -40 34.2 5.1 -40 33.3 4.4
4 15 -40 33.3 4.4 -40 34.2 5.1 -40 34 3.9 -40 33.2 3.5
4 15 -40 33.2 3.5 -40 34 3.9 -40 33.6 2.9 -40 32.8 2.7
4 15 -40 32.8 2.7 -40 33.6 2.9 -40 33.1 2.2 -40 32.3 2.2
4 0 -40 32.6 8.2 -40 32.8 7.9 -40 32.7 7.6 -40 32.2 7.5
4 0 -40 31.5 8.2 -40 32.6 8.2 -40 32.2 7.5 -40 31.4 7.5
4 0 -40 30.3 8.1 -40 31.5 8.2 -40 31.4 7.5 -40 30.4 7.3
4 0 -40 29.3 7.7 -40 30.3 8.1 -40 30.4 7.3 -40 29.5 6.7
4 0 -40 28.5 6.9 -40 29.3 7.7 -40 29.5 6.7 -40 28.9 5.8
3 0 -40 28.1 6.3 -40 28.5 6.9 -40 28.9 5.8
4 0 -40 28.9 3.6 -40 29.3 3.5 -40 29.3 2.1 -40 28.6 2.5
3 0 -40 28.1 3.1 -40 28.9 3.6 -40 28.6 2.5
4 0 -40 29.7305 3.1304 -40 29.3 2.1 -40 29.3 3.5 -40 29.3719 3.667
3 0 -40 29.3 2.1 -40 29.7305 3.1304 -40 30.267 2.7719
4 0 -40 31.3 2.3 -40 29.3 2.1 -40 30.267 2.7719 -40 30.9 2.646
4 0 -40 29.3 2.1 -40 31.3 2.3 -40 33.3 1 -40 31.8 -0.2
4 0 -40 29.3 2.1 -40 31.8 -0.2 -40 29.2 -1.1 -40 27.1 -1.6
4 0 -40 27.5 2.2 -40 29.3 2.1 -40 27.1 -1.6 -40 25.1 -1.7
4 0 -40 26.1 2.4 -40 27.5 2.2 -40 25.1 -1.7 -40 23.2 -1.6
4 0 -40 24.9 3 -40 26.1 2.4 -40 23.2 -1.6 -40 22.1 -1.3
4 0 -40 19.6 8.4 -40 24.9 3 -40 22.1 -1.3 -40 21.4 -1.7
4 0 -40 19.6 8.4 -40 21.4 -1.7 -40 20.6 -1.7 -40 19.4 -0.7
4 0 -40 16.7 4.2 -40 19.6 8.4 -40 19.4 -0.7 -40 18.1 -0.3
3 0 -40 16.7 0.9 -40 16.7 4.2 -40 18.1 -0.3
4 0 -40 15.1 1.2 -40 16.7 4.2 -40 16.7 0.9 -40 15.7 -1
4 0 -40 14.5 -0.6 -40 15.1 1.2 -40 15.7 -1 -40 14.5 -1.5
4 0 -40 14.5 -1.5 -40 15.7 -1 -40 15.6 -1.6 -40 14.8 -2.2
4 0 -40 15.5 -2.5 -40 14.8 -2.2 -40 15.6 -1.6 -40 16 -2.4
4 0 -40 16 -2.4 -40 15.6 -1.6 -40 16.1 -1.8 -40 16.3 -2.1
4 0 -40 18.2 -2.3 -40 19.4 -0.7 -40 20.6 -1.7 -40 19.1 -3.6
4 0 -40 16 -4.1 -40 18.2 -2.3 -40 19.1 -3.6 -40 17 -5.3
4 0 -40 16 -4.1 -40 17 -5.3 -40 15 -5.9 -40 14.6 -4.5
4 0 -40 14.6 -4.5 -40 15 -5.9 -40 13.8 -5.9 -40 12.7871 -5.3125
4 0 -40 13.4 -4.2 -40 14.6 -4.5 -40 12.7871 -5.3125 -40 11.8029 -4.2972
4 0 -40 12.5 -2.9 -40 13.4 -4.2 -40 11.8029 -4.2972 -40 11.1 -3
4 0 -40 12.3 -0.3 -40 12.5 -2.9 -40 11.1 -3 -40 10.8 -0.4
4 0 -40 12.5 2.6 -40 12.3 -0.3 -40 10.8 -0.4 -40 11 2.2
4 0 -40 12.5 2.6 -40 11 2.2 -40 11.3 4.6 -40 13.1 6.1
3 0 -40 11.3 4.6 -40 11.8 6.3 -40 13.1 6.1
4 0 -40 13.1 6.1 -40 11.8 6.3 -40 12.2 8 -40 14.2 8.8
4 0 -40 14.2 8.8 -40 12.2 8 -40 13.2 10.5 -40 16.9 13.9
4 0 -40 16.9 13.9 -40 13.2 10.5 -40 15.5 14.9 -40 20 18.8
4 0 -40 20 18.8 -40 15.5 14.9 -40 18.7 19.9 -40 22.5 22.4
4 0 -40 22.5 22.4 -40 18.7 19.9 -40 21.8 24 -40 24.6 24.9
3 0 -40 21.8 24 -40 24.3 27.2 -40 24.6 24.9
4 0 -40 24.6 24.9 -40 24.3 27.2 -40 30.1 25.7 -40 29.5 24.5
4 0 -40 24.6 24.9 -40 29.5 24.5 -40 28.5 23.5 -40 27.1 22.7
3 0 -40 24.6 24.9 -40 27.1 22.7 -40 25.9 22.3
4 0 -40 24.4 18.9 -40 24.6 24.9 -40 25.9 22.3 -40 25.9 20.2
4 0 -40 24.4 18.9 -40 25.9 20.2 -40 25.7 17.8 -40 23.7 16.5
4 0 -40 23.7 16.5 -40 25.7 17.8 -40 25.1 16 -40 23.8 13.1
3 0 -40 22.3 13.4 -40 23.7 16.5 -40 23.8 13.1
4 0 -40 20.9 10.5 -40 22.3 13.4 -40 23.8 13.1 -40 24.5 10.9
4 0 -40 20.9 10.5 -40 24.5 10.9 -40 25.1 8.2 -40 25.3 5.8
4 0 -40 19.6 8.4 -40 20.9 10.5 -40 25.3 5.8 -40 25.2 4.3
3 0 -40 19.6 8.4 -40 25.2 4.3 -40 24.9 3
4 0 -40 27.5 2.2 -40 26.1 2.4 -40 25.8 3.6 -40 27 3.2
4 0 -40 26.8 4.6 -40 27 3.2 -40 25.8 3.6 -40 25.7 4.7
4 0 -40 26.9 5.9 -40 26.8 4.6 -40 25.7 4.7 -40 26 6.1
4 0 -40 26.9 5.9 -40 26 6.1 -40 26.4 6.6 -40 27 6.5
3 0 -40 26.4 6.6 -40 26.8 6.7 -40 27 6.5
3 0 -40 8.2796 -2.5504 -40 8.825 -1.225 -40 11.8029 -4.2972
3 0 -40 8.2796 -2.5504 -40 11.8029 -4.2972 -40 12.7871 -5.3125
4 0 -40 12.2 8 -40 11.8 6.3 -40 9.7 8 -40 10 10
4 0 -40 10 10 -40 9.7 8 -40 7.7 10.1 -40 8.6 11.8
4 0 -40 8.6 11.8 -40 7.7 10.1 -40 5.8 12.9 -40 6.9 14.3
4 0 -40 6.9 14.3 -40 5.8 12.9 -40 4.7 15.6 -40 6.1 16.3
4 0 -40 6.1 16.3 -40 4.7 15.6 -40 4.2 18.1 -40 5.6 18.5
4 0 -40 5.6 18.5 -40 4.2 18.1 -40 4.1 20.5 -40 5.7 20.9
4 0 -40 5.7 20.9 -40 4.1 20.5 -40 4.6 23.5 -40 6.3 23.6
4 0 -40 6.3 23.6 -40 4.6 23.5 -40 5.8 26.6 -40 7.5 26.25
4 0 -40 7.5 26.25 -40 5.8 26.6 -40 8.1 30.4 -40 9.5 29.5
4 0 -40 9.5 29.5 -40 8.1 30.4 -40 9.2 31.8 -40 11.3 31.9
4 0 -40 11.3 31.9 -40 9.2 31.8 -40 10.7 33.7 -40 13 33.5
4 0 -40 14.5 31.7 -40 11.3 31.9 -40 13 33.5 -40 15.3 33.3
4 0 -40 17 31.2 -40 14.5 31.7 -40 15.3 33.3 -40 17.9 32.6
4 0 -40 19.9 29.9 -40 17 31.2 -40 17.9 32.6 -40 21.2 31.3
4 0 -40 22.5 28.4 -40 19.9 29.9 -40 21.2 31.3 -40 23.7 29.8
4 0 -40 24.3 27.2 -40 22.5 28.4 -40 23.7 29.8 -40 25.4 28.4
4 0 -40 30.1 25.7 -40 24.3 27.2 -40 25.4 28.4 -40 30.9 29.7
4 0 -40 32.2 25.9 -40 30.1 25.7 -40 30.9 29.7 -40 33.4 26.6
4 0 -40 33.4 26.6 -40 30.9 29.7 -40 32.5 29.7 -40 33.5 29.1
4 0 -40 34.1 27.5 -40 33.4 26.6 -40 33.5 29.1 -40 34.1 28.3
4 0 -40 30.9 29.7 -40 25.4 28.4 -40 27.7 31.2 -40 30.7 30.3
4 0 -40 30.7 30.3 -40 27.7 31.2 -40 28.9 32.6 -40 31 31.4
4 0 -40 31 31.4 -40 28.9 32.6 -40 30.8 34.4938 -40 31.9 32.3
4 0 -40 33 32.4 -40 31.9 32.3 -40 30.8 34.4938 -40 36.8 34.4938
4 0 -40 34.3 32 -40 33 32.4 -40 36.8 34.4938 -40 38.3 33.1
4 0 -40 35.5 30.7 -40 34.3 32 -40 38.3 33.1 -40 37.1 30.1
4 0 -40 38.5 30.5 -40 37.1 30.1 -40 38.3 33.1 -40 40.2 31
4 0 -40 40.3 28.5 -40 38.5 30.5 -40 40.2 31 -40 41.5 29.4
4 0 -40 41.1 26.8 -40 40.3 28.5 -40 41.5 29.4 -40 42.5 27.6
4 0 -40 41.1 26.8 -40 42.5 27.6 -40 42.7 25.6 -40 41.4 25.1
4 0 -40 41.4 25.1 -40 42.7 25.6 -40 42.9 23.1 -40 41.4 8.3
4 0 -40 41.4 8.3 -40 42.9 23.1 -40 42.9 14.4 -40 42.8 12.8
3 0 -40 41.4 8.3 -40 42.8 12.8 -40 42.8 10.8
4 0 -40 41.4 8.3 -40 42.8 10.8 -40 42.9 8.9 -40 42.5 6.7
4 0 -40 40.9 6.8 -40 41.4 8.3 -40 42.5 6.7 -40 41.4 4.7
4 0 -40 39.8 4.9 -40 40.9 6.8 -40 41.4 4.7 -40 40.1 3.1
4 0 -40 38.3 3.6 -40 39.8 4.9 -40 40.1 3.1 -40 38.1 1.8
4 0 -40 36.4 2.4 -40 38.3 3.6 -40 38.1 1.8 -40 36.2 1
4 0 -40 34.6 2.2 -40 36.4 2.4 -40 36.2 1 -40 33.3 1
3 0 -40 33.1 2.2 -40 34.6 2.2 -40 33.3 1
3 0 -40 32.3 2.2 -40 33.1 2.2 -40 33.3 1
3 0 -40 31.3 2.3 -40 32.3 2.2 -40 33.3 1
3 0 -40 36.8 34.4938 -40 48.9 35.793 -40 48.9 34.4938
3 0 -40 30.8 34.4938 -40 48.9 35.793 -40 36.8 34.4938
4 0 -40 10 33.8 -40 7.5 33.6 -40 8.2 34.5 -40 13.9 34.5
4 0 -40 7.2 32.7 -40 7.5 33.6 -40 9 33.2 -40 8.9 32.5
4 0 -40 7.4 31.5 -40 7.2 32.7 -40 8.9 32.5 -40 8.1 30.4
3 0 -40 8.1 30.4 -40 8.9 32.5 -40 9.2 31.8
3 0 -40 7.5 33.6 -40 9.3779 33.6248 -40 9 33.2
3 0 -40 7.5 33.6 -40 10 33.8 -40 9.3779 33.6248
4 0 -40 13.9 34.5 -40 13 33.5 -40 10.7 33.7 -40 10 33.8
4 16 -40 10 33.8 -40 10.7 33.7 -40 9.2 31.8 -40 8.9 32.5
4 16 -40 10 33.8 -40 8.9 32.5 -40 9 33.2 -40 9.3779 33.6248
3 0 -40 7.4 34.4938 -40 7.4 35.793 -40 8.2 34.5
4 0 -40 13.9 34.5 -40 8.2 34.5 -40 7.4 35.793 -40 48.9 35.793
3 0 -40 13.9 34.5 -40 48.9 35.793 -40 30.8 34.4938
4 15 -40 7.4 34.4938 -40 8.2 34.5 -40 7.5 33.6 -40 6.063 34.2279
4 15 -40 6.063 34.2279 -40 7.5 33.6 -40 7.2 32.7 -40 4.9295 33.4705
4 15 -40 4.9295 33.4705 -40 7.2 32.7 -40 7.4 31.5 -40 4.1721 32.337
4 15 -40 4.1721 32.337 -40 7.4 31.5 -40 8.1 30.4 -40 3.9062 31
3 15 -40 3.9062 31 -40 8.1 30.4 -40 5.8 26.6
3 15 -40 3.9062 31 -40 5.8 26.6 -40 4.6 23.5
3 15 -40 3.9062 31 -40 4.6 23.5 -40 4.1 20.5
3 15 -40 3.9062 6 -40 3.9062 31 -40 4.1 20.5
3 15 -40 3.9062 6 -40 4.1 20.5 -40 4.2 18.1
3 15 -40 3.9062 6 -40 4.2 18.1 -40 4.7 15.6
3 15 -40 3.9062 6 -40 4.7 15.6 -40 5.8 12.9
4 15 -40 3.9062 6 -40 5.8 12.9 -40 7.7 10.1 -40 4.1721 4.663
4 15 -40 4.1721 4.663 -40 7.7 10.1 -40 9.7 8 -40 4.9295 3.5295
4 15 -40 4.9295 3.5295 -40 9.7 8 -40 11.8 6.3 -40 11.3 4.6
3 15 -40 4.9295 3.5295 -40 11.3 4.6 -40 11 2.2
4 15 -40 4.9295 3.5295 -40 11 2.2 -40 10.8 -0.4 -40 8.825 -1.225
3 15 -40 8.825 -1.225 -40 10.8 -0.4 -40 11.1 -3
3 15 -40 8.825 -1.225 -40 11.1 -3 -40 11.8029 -4.2972
3 15 -40 12.7871 -5.3125 -40 13.8 -5.9 -40 13.7315 -6.2868
4 15 -40 13.7315 -6.2868 -40 13.8 -5.9 -40 15 -5.9 -40 18.5811 -10.7282
3 15 -40 15 -5.9 -40 17 -5.3 -40 18.5811 -10.7282
4 15 -40 18.5811 -10.7282 -40 17 -5.3 -40 19.1 -3.6 -40 23.788 -14.7928
4 15 -40 23.788 -14.7928 -40 19.1 -3.6 -40 20.6 -1.7 -40 21.4 -1.7
4 15 -40 23.788 -14.7928 -40 21.4 -1.7 -40 22.1 -1.3 -40 23.2 -1.6
3 15 -40 23.2 -1.6 -40 25.1 -1.7 -40 23.788 -14.7928
3 15 -40 23.788 -14.7928 -40 25.1 -1.7 -40 27.1 -1.6
3 15 -40 27.1 -1.6 -40 37.9 -5.8 -40 38 -6.5
4 15 -40 38 -5.1 -40 37.9 -5.8 -40 27.1 -1.6 -40 29.2 -1.1
3 15 -40 29.2 -1.1 -40 31.8 -0.2 -40 38 -5.1
4 15 -40 38 -5.1 -40 31.8 -0.2 -40 33.3 1 -40 36.2 1
3 15 -40 36.2 1 -40 38.6 -3.5 -40 38 -5.1
4 15 -40 39.6 -1.4 -40 38.6 -3.5 -40 36.2 1 -40 38.1 1.8
4 15 -40 41.4 1.8 -40 39.6 -1.4 -40 38.1 1.8 -40 40.1 3.1
4 15 -40 42.4 2.6 -40 41.4 1.8 -40 40.1 3.1 -40 41.4 4.7
4 15 -40 43.2 2.6 -40 42.4 2.6 -40 41.4 4.7 -40 44.2 6.9
3 15 -40 43.2 2.6 -40 44.2 6.9 -40 45.2 6.5
4 15 -40 44.2 6.9 -40 41.4 4.7 -40 42.5 6.7 -40 43.4 7.7
3 15 -40 42.5 6.7 -40 42.9 8.9 -40 43.4 7.7
3 15 -40 36.8 34.4938 -40 48.9 34.4938 -40 38.3 33.1
3 15 -40 38.3 33.1 -40 48.9 34.4938 -40 40.2 31
4 15 -40 41.5 29.4 -40 40.2 31 -40 48.9 34.4938 -40 44.8 28.4
4 15 -40 41.5 29.4 -40 44.8 28.4 -40 43.7 27.7 -40 42.5 27.6
3 15 -40 42.5 27.6 -40 43.7 27.7 -40 43.2 26.8
3 15 -40 42.5 27.6 -40 43.2 26.8 -40 42.7 25.6
4 15 -40 47 29.2 -40 44.8 28.4 -40 48.9 34.4938 -40 50.237 34.2279
4 15 -40 49.6 29.7 -40 47 29.2 -40 50.237 34.2279 -40 51.3705 33.4705
4 15 -40 49.6 29.7 -40 51.3705 33.4705 -40 52.1279 32.337 -40 52.3938 31
3 15 -40 49.6 29.7 -40 52.3938 31 -40 52.3938 29.8
4 0 -40 36.5 29.2 -40 35.5 30.7 -40 37.1 30.1 -40 37.1 29.2
4 0 -40 36.5 29.2 -40 37.1 29.2 -40 37 29 -40 36.7 29
4 0 -40 37.1 15.9 -40 36.7 15.8 -40 36.5 16 -40 36.6 16.3
4 0 -40 37.1 15.9 -40 36.6 16.3 -40 37.3 17 -40 37.8 16.3
4 0 -40 37.9 16.7 -40 37.8 16.3 -40 37.3 17 -40 37.6 17.2
3 0 -40 37.6 17.2 -40 37.9 17.1 -40 37.9 16.7
4 0 -40 37.7 14.7 -40 37.1 15.9 -40 37.8 16.3 -40 38.6 15.3
4 0 -40 38.1 13.4 -40 37.7 14.7 -40 38.6 15.3 -40 39.1 14
4 0 -40 38.2 11.8 -40 38.1 13.4 -40 39.1 14 -40 39.4 12
4 0 -40 38 10.3 -40 38.2 11.8 -40 39.4 12 -40 39 9.9
4 0 -40 37.6 9.1 -40 38 10.3 -40 39 9.9 -40 38.4 8.5
4 0 -40 37.2 8.5 -40 37.6 9.1 -40 38.4 8.5 -40 37.7 7.8
4 0 -40 37.2 8.5 -40 37.7 7.8 -40 36.9 7.6 -40 36.6 8.1
4 0 -40 37.2 8.5 -40 36.6 8.1 -40 36.6 8.4 -40 36.9 8.7
3 0 -40 36.6 8.4 -40 36.7 8.7 -40 36.9 8.7
4 0 -40 36.9 7.6 -40 37.7 7.8 -40 37.7 7.5 -40 37.1 7.4
3 0 -40 37.1 7.4 -40 37.7 7.5 -40 37.5 7.3
4 0 -40 26.9 20 -40 25.9 20.2 -40 26.5 21.5 -40 27.4 21.1
4 0 -40 27.4 21.1 -40 26.5 21.5 -40 27.1 22.2 -40 27.8 21.7
4 0 -40 27.8 22 -40 27.8 21.7 -40 27.1 22.2 -40 27.5 22.3
4 0 -40 25.7 17.8 -40 25.9 20.2 -40 26.9 20 -40 26.8 18.5
4 0 -40 25.7 17.8 -40 26.8 18.5 -40 26.9 17.1 -40 26 16.6
4 0 -40 26.5 16 -40 26 16.6 -40 26.9 17.1 -40 27.2 16.4
4 0 -40 26.5 16 -40 27.2 16.4 -40 27.3 16 -40 26.9 15.8
3 0 -40 26.9 15.8 -40 27.3 16 -40 27.2 15.8
4 16 -40 15.3 33.3 -40 13 33.5 -40 13.9 34.5 -40 30.8 34.4938
3 16 -40 15.3 33.3 -40 30.8 34.4938 -40 17.9 32.6
4 16 -40 21.2 31.3 -40 17.9 32.6 -40 30.8 34.4938 -40 28.9 32.6
4 16 -40 21.2 31.3 -40 28.9 32.6 -40 27.7 31.2 -40 23.7 29.8
3 16 -40 23.7 29.8 -40 27.7 31.2 -40 25.4 28.4
4 16 -40 22.5 28.4 -40 24.3 27.2 -40 21.8 24 -40 19.9 29.9
4 16 -40 19.9 29.9 -40 21.8 24 -40 18.7 19.9 -40 17 31.2
4 16 -40 14.5 31.7 -40 17 31.2 -40 18.7 19.9 -40 11.3 31.9
4 16 -40 9.5 29.5 -40 11.3 31.9 -40 18.7 19.9 -40 7.5 26.25
4 16 -40 6.3 23.6 -40 7.5 26.25 -40 18.7 19.9 -40 15.5 14.9
4 16 -40 5.7 20.9 -40 6.3 23.6 -40 15.5 14.9 -40 5.6 18.5
4 16 -40 6.1 16.3 -40 5.6 18.5 -40 15.5 14.9 -40 6.9 14.3
4 16 -40 8.6 11.8 -40 6.9 14.3 -40 15.5 14.9 -40 10 10
3 16 -40 10 10 -40 15.5 14.9 -40 13.2 10.5
3 16 -40 10 10 -40 13.2 10.5 -40 12.2 8
4 16 -40 22.5 22.4 -40 24.6 24.9 -40 24.4 18.9 -40 20 18.8
4 16 -40 20 18.8 -40 24.4 18.9 -40 23.7 16.5 -40 22.3 13.4
4 16 -40 16.9 13.9 -40 20 18.8 -40 22.3 13.4 -40 20.9 10.5
4 16 -40 16.9 13.9 -40 20.9 10.5 -40 19.6 8.4 -40 14.2 8.8
4 16 -40 14.2 8.8 -40 19.6 8.4 -40 16.7 4.2 -40 13.1 6.1
4 16 -40 12.5 2.6 -40 13.1 6.1 -40 16.7 4.2 -40 15.1 1.2
4 16 -40 12.3 -0.3 -40 12.5 2.6 -40 15.1 1.2 -40 14.5 -0.6
4 16 -40 12.5 -2.9 -40 12.3 -0.3 -40 14.5 -0.6 -40 14.5 -1.5
4 16 -40 13.4 -4.2 -40 12.5 -2.9 -40 14.5 -1.5 -40 14.8 -2.2
4 16 -40 14.6 -4.5 -40 13.4 -4.2 -40 14.8 -2.2 -40 15.5 -2.5
4 16 -40 16 -4.1 -40 14.6 -4.5 -40 15.5 -2.5 -40 16 -2.4
4 16 -40 18.2 -2.3 -40 16 -4.1 -40 16 -2.4 -40 16.3 -2.1
4 16 -40 19.4 -0.7 -40 18.2 -2.3 -40 16.3 -2.1 -40 18.1 -0.3
4 16 -40 18.1 -0.3 -40 16.3 -2.1 -40 16.1 -1.8 -40 16.7 0.9
4 16 -40 15.7 -1 -40 16.7 0.9 -40 16.1 -1.8 -40 15.6 -1.6
4 78 -40 32.5 29.7 -40 30.9 29.7 -40 30.7 30.3 -40 31 31.4
4 78 -40 32.5 29.7 -40 31 31.4 -40 31.9 32.3 -40 33 32.4
4 78 -40 33.5 29.1 -40 32.5 29.7 -40 33 32.4 -40 34.3 32
4 78 -40 33.5 29.1 -40 34.3 32 -40 35.5 30.7 -40 34.1 28.3
4 78 -40 34.1 28.3 -40 35.5 30.7 -40 36.5 29.2 -40 34.1 27.5
4 78 -40 34.1 27.5 -40 36.5 29.2 -40 36.7 29 -40 37.6 17.2
4 78 -40 34.1 27.5 -40 37.6 17.2 -40 33.8 20.1 -40 33.2 21
4 78 -40 33.4 26.6 -40 34.1 27.5 -40 33.2 21 -40 32.4 21.6
4 78 -40 32.2 25.9 -40 33.4 26.6 -40 32.4 21.6 -40 31.9 22.1
3 78 -40 31.8 21.8 -40 31.9 22.1 -40 32.4 21.6
4 78 -40 32.2 25.9 -40 31.7 22.5 -40 31.2 22.6 -40 30.1 25.7
3 78 -40 31.7 22.5 -40 32.2 25.9 -40 31.9 22.1
4 78 -40 29.5 24.5 -40 30.1 25.7 -40 31.2 22.6 -40 30.6 22.3
4 78 -40 28.5 23.5 -40 29.5 24.5 -40 30.6 22.3 -40 29.7 21.7
4 78 -40 27.8 22 -40 28.5 23.5 -40 29.7 21.7 -40 27.8 21.7
4 78 -40 27.8 21.7 -40 29.7 21.7 -40 28.8 20.9 -40 27.4 21.1
4 78 -40 27.4 21.1 -40 28.8 20.9 -40 28.1 20 -40 26.9 20
4 78 -40 26.9 20 -40 28.1 20 -40 27.7 18.8 -40 26.8 18.5
4 78 -40 26.8 18.5 -40 27.7 18.8 -40 27.7 17.8 -40 26.9 17.1
4 78 -40 26.9 17.1 -40 27.7 17.8 -40 28.1 16.8 -40 27.2 16.4
4 78 -40 27.3 16 -40 27.2 16.4 -40 28.1 16.8 -40 28.7 16
4 78 -40 30.3 8.1 -40 27.3 16 -40 28.7 16 -40 29.5 15.4
4 78 -40 31.5 8.2 -40 30.3 8.1 -40 29.5 15.4 -40 30.4 15.1
4 78 -40 31.5 8.2 -40 30.4 15.1 -40 31.1 15.1 -40 32.638 11.25
4 78 -40 31.5 8.2 -40 32.638 11.25 -40 32.7835 10.2404 -40 32.6 8.2
4 78 -40 32.6 8.2 -40 32.7835 10.2404 -40 33.198 9.4692 -40 32.8 7.9
4 78 -40 32.8 7.9 -40 33.198 9.4692 -40 33.8183 8.9539 -40 33.3 7.1
3 78 -40 32.7 7.6 -40 32.8 7.9 -40 33.3 7.1
4 78 -40 34.55 8.773 -40 35.2817 8.9539 -40 36.6 8.4 -40 36.6 8.1
4 78 -40 34.55 8.773 -40 36.6 8.1 -40 33.9 6.2 -40 33.3 7.1
3 78 -40 33.3 7.1 -40 33.8183 8.9539 -40 34.55 8.773
4 78 -40 31.1 15.1 -40 32.5 15.1 -40 32.7835 12.3096 -40 32.638 11.25
4 78 -40 27.3 16 -40 30.3 8.1 -40 29.3 8 -40 27.2 15.8
4 78 -40 27.2 15.8 -40 29.3 8 -40 25.1 8.2 -40 24.5 10.9
4 78 -40 26.9 15.8 -40 27.2 15.8 -40 24.5 10.9 -40 23.8 13.1
4 78 -40 26.5 16 -40 26.9 15.8 -40 23.8 13.1 -40 25.1 16
3 78 -40 25.1 16 -40 26 16.6 -40 26.5 16
3 78 -40 25.1 16 -40 25.7 17.8 -40 26 16.6
3 78 -40 25.9 20.2 -40 25.9 22.3 -40 26.5 21.5
4 78 -40 27.1 22.2 -40 26.5 21.5 -40 25.9 22.3 -40 27.1 22.7
4 78 -40 27.5 22.3 -40 27.1 22.2 -40 27.1 22.7 -40 28.5 23.5
3 78 -40 27.5 22.3 -40 28.5 23.5 -40 27.8 22
3 78 -40 33.8 20.1 -40 37.6 17.2 -40 34.1 19
4 78 -40 34.2 18 -40 34.1 19 -40 37.6 17.2 -40 37.3 17
4 78 -40 33.9 17 -40 34.2 18 -40 37.3 17 -40 36.6 16.3
4 78 -40 33.4 16.2 -40 33.9 17 -40 36.6 16.3 -40 36.5 16
4 78 -40 33.4 16.2 -40 36.5 16 -40 34.55 13.777 -40 32.7 15.4
3 78 -40 32.6 15.5 -40 33.4 16.2 -40 32.7 15.4
4 78 -40 32.7 15.2 -40 32.7 15.4 -40 34.55 13.777 -40 33.8183 13.5961
4 78 -40 32.5 15.1 -40 32.7 15.2 -40 33.8183 13.5961 -40 33.198 13.0808
3 78 -40 32.5 15.1 -40 33.198 13.0808 -40 32.7835 12.3096
4 78 -40 37.7 14.7 -40 35.902 13.0808 -40 35.2817 13.5961 -40 36.7 15.8
3 78 -40 36.7 15.8 -40 37.1 15.9 -40 37.7 14.7
4 78 -40 36.7 15.8 -40 35.2817 13.5961 -40 34.55 13.777 -40 36.5 16
4 78 -40 35.902 13.0808 -40 37.7 14.7 -40 38.1 13.4 -40 36.3165 12.3096
4 78 -40 36.3165 12.3096 -40 38.1 13.4 -40 38.2 11.8 -40 36.462 11.25
4 78 -40 36.462 11.25 -40 38.2 11.8 -40 38 10.3 -40 36.3165 10.2404
4 78 -40 36.3165 10.2404 -40 38 10.3 -40 37.6 9.1 -40 35.902 9.4692
4 78 -40 36.9 8.7 -40 35.902 9.4692 -40 37.6 9.1 -40 37.2 8.5
4 78 -40 36.7 8.7 -40 36.6 8.4 -40 35.2817 8.9539 -40 35.902 9.4692
3 78 -40 35.902 9.4692 -40 36.9 8.7 -40 36.7 8.7
4 78 -40 33.9 6.2 -40 36.6 8.1 -40 36.9 7.6 -40 34.2 5.1
4 78 -40 34.2 5.1 -40 36.9 7.6 -40 37.1 7.4 -40 38.3 3.6
4 78 -40 34 3.9 -40 34.2 5.1 -40 38.3 3.6 -40 36.4 2.4
4 78 -40 34 3.9 -40 36.4 2.4 -40 34.6 2.2 -40 33.6 2.9
3 78 -40 33.1 2.2 -40 33.6 2.9 -40 34.6 2.2
4 78 -40 38.3 3.6 -40 37.1 7.4 -40 37.5 7.3 -40 39.8 4.9
4 78 -40 39.8 4.9 -40 37.5 7.3 -40 37.7 7.5 -40 40.9 6.8
4 78 -40 40.9 6.8 -40 37.7 7.5 -40 37.7 7.8 -40 38.4 8.5
4 78 -40 41.4 8.3 -40 40.9 6.8 -40 38.4 8.5 -40 39 9.9
3 78 -40 39 9.9 -40 39.4 12 -40 41.4 8.3
4 78 -40 41.4 25.1 -40 41.4 8.3 -40 39.4 12 -40 39.1 14
3 78 -40 38.6 15.3 -40 41.4 25.1 -40 39.1 14
4 78 -40 37.9 17.1 -40 41.4 25.1 -40 38.6 15.3 -40 37.9 16.7
3 78 -40 37.8 16.3 -40 37.9 16.7 -40 38.6 15.3
4 78 -40 41.4 25.1 -40 37.9 17.1 -40 37.6 17.2 -40 41.1 26.8
4 78 -40 40.3 28.5 -40 41.1 26.8 -40 37.6 17.2 -40 37 29
3 78 -40 36.7 29 -40 37 29 -40 37.6 17.2
4 78 -40 37.1 29.2 -40 37.1 30.1 -40 38.5 30.5 -40 40.3 28.5
3 78 -40 37 29 -40 37.1 29.2 -40 40.3 28.5
3 78 -40 27.5 2.2 -40 28.6 2.5 -40 29.3 2.1
4 78 -40 28.1 3.1 -40 28.6 2.5 -40 27.5 2.2 -40 27 3.2
4 78 -40 27.7 4.1 -40 28.1 3.1 -40 27 3.2 -40 26.8 4.6
4 78 -40 27.7 5.1 -40 27.7 4.1 -40 26.8 4.6 -40 26.9 5.9
4 78 -40 28.1 6.3 -40 27.7 5.1 -40 26.9 5.9 -40 27 6.5
3 78 -40 27 6.5 -40 28.5 6.9 -40 28.1 6.3
4 78 -40 29.3 7.7 -40 28.5 6.9 -40 27 6.5 -40 26.8 6.7
4 78 -40 25.3 5.8 -40 25.1 8.2 -40 26 6.1 -40 25.7 4.7
4 78 -40 25.2 4.3 -40 25.3 5.8 -40 25.7 4.7 -40 25.8 3.6
4 78 -40 24.9 3 -40 25.2 4.3 -40 25.8 3.6 -40 26.1 2.4
3 0 -40 52.3938 3.1 -40 52.3938 4.9 -40 53.693 31
3 0 -40 52.3938 0.9 -40 52.3938 3.1 -40 53.693 31

3 78 -40 26 6.1 -40 25.1 8.2 -40 26.4 6.6
4 78 -40 26.8 6.7 -40 26.4 6.6 -40 25.1 8.2 -40 29.3 8
3 78 -40 26.8 6.7 -40 29.3 8 -40 29.3 7.7
3 78 -40 29.3 7.7 -40 29.3 8 -40 30.3 8.1
