0 Slope Brick Curved  2 x  2 x  0.667 with Black "turbo" Pattern
0 Name: 15068pt2.dat
0 Author: Ulrich Röder [UR]
0 !LDRAW_ORG Unofficial_Part 
0 !LICENSE Redistributable under CCAL version 2.0 : see CAreadme.txt

0 BFC CERTIFY CCW

0 !KEYWORDS Set 10295, Porsche, Bricklink 15068pb333, Car

0 !CMDLINE -c15


1 16 0 0 0 1 0 0 0 1 0 0 0 1 s\15068s01.dat
4 16 -20 -15.6458 12.6176 20 -15.6458 12.6176 20 -16 20 -20 -16 20
4 16 11.8599 -13.4407 .6258 12.1465 -13.3645 .3155 12.4228 -13.3423 .2248 12.5989 -13.7364 1.831
4 16 13.7619 -13.4036 .4746 14.1987 -13.5023 .8768 12.7092 -13.3266 .1611 13.2608 -13.349 .2523
3 16 14.3704 -13.6857 1.6242 14.3382 -13.5563 1.097 14.4059 -13.6168 1.3436
4 16 12.5989 -13.7364 1.831 12.0577 -13.6364 1.4233 11.8293 -13.5422 1.0394 11.8599 -13.4407 .6258
4 16 12.5989 -13.7364 1.831 12.4228 -13.3423 .2248 12.7092 -13.3266 .1611 14.1987 -13.5023 .8768
4 16 14.3382 -13.5563 1.097 13.8398 -13.7939 2.0653 13.1842 -13.7941 2.0659 12.5989 -13.7364 1.831
4 16 14.3704 -13.6857 1.6242 14.2413 -13.7435 1.8597 14.0559 -13.7773 1.9976 14.3382 -13.5563 1.097
3 16 14.0559 -13.7773 1.9976 13.8398 -13.7939 2.0653 14.3382 -13.5563 1.097
3 16 14.3382 -13.5563 1.097 12.5989 -13.7364 1.831 14.1987 -13.5023 .8768
4 16 7.7979 -13.7588 1.9221 7.5072 -13.7701 1.9682 8.2013 -13.6709 1.564 8.0332 -13.7232 1.7773
4 16 8.0058 -13.4232 .5547 8.1898 -13.4677 .7361 8.2937 -13.5279 .9815 5.7379 -13.5117 .9154
4 16 6.2899 -13.6437 1.4533 5.7379 -13.5117 .9154 8.2937 -13.5279 .9815 8.2962 -13.6007 1.2778
4 16 8.2013 -13.6709 1.564 7.5072 -13.7701 1.9682 7.2309 -13.7542 1.9034 6.9517 -13.7301 1.8052
4 16 5.7379 -13.5117 .9154 5.2175 -13.3546 .2752 5.9096 -13.3197 .1328 6.5804 -13.3116 .0997
4 16 6.9517 -13.7301 1.8052 6.2899 -13.6437 1.4533 8.2962 -13.6007 1.2778 8.2013 -13.6709 1.564
3 16 8.0058 -13.4232 .5547 7.5042 -13.3586 .2914 7.7613 -13.3876 .4094
3 16 7.5042 -13.3586 .2914 6.5804 -13.3116 .0997 7.2407 -13.337 .2032
4 16 8.0058 -13.4232 .5547 5.7379 -13.5117 .9154 6.5804 -13.3116 .0997 7.5042 -13.3586 .2914
3 16 -14.6795 -14.2424 3.8896 -20 -14.6036 5.36 -14.7815 -14.174 3.6113
3 16 4.4894 -13.7354 1.827 4.6208 -13.6658 1.5431 4.7424 -13.7148 1.7431
4 16 -13.9585 -14.1314 3.4378 -13.2023 -14.0442 3.0829 -12.9556 -14.0976 3.3002 -13.036 -14.1321 3.4407
4 16 -14.6009 -14.1498 3.5127 -14.7815 -14.174 3.6113 -20 -14.6036 5.36 -20 -12.8803 -1.6493
4 16 10 -14.601 5.3597 20 -15.6458 12.6176 -20 -15.6458 12.6176 -9.8 -14.601 5.3597
3 16 10.9615 -13.1287 -.6456 11.5458 -13.1238 -.6653 11.2118 -13.1603 -.5166
3 16 7.5686 -14.0426 3.0786 7.498 -14.1443 3.4929 7.1832 -14.0298 3.0267
4 16 9.4946 -13.4977 .8582 10.201 -13.3239 .1501 10.5825 -13.339 .2115 10.7257 -13.383 .3908
3 16 -5.5608 -13.2773 -.04 -4.9583 -13.7641 1.943 -5.9748 -13.4373 .6119
4 16 -2.4548 -13.4458 .6466 -2.7122 -13.3856 .4014 -2.7732 -13.311 .0972 -2.6659 -13.2761 -.045
4 16 2.0375 -13.5812 1.1987 1.0229 -13.3751 .3585 .4002 -13.2157 -.2911 1 -12.8827 -1.648
4 16 -11.428 -14.5428 5.1135 -13.7883 -14.423 4.6252 -11.795 -14.4424 4.7046 -11.6585 -14.4791 4.8541
4 16 -6.272 -14.3004 4.127 -4.6205 -14.0458 3.0901 7.1857 -14.4617 4.7856 -6.1835 -14.3462 4.3135
4 16 -5.5608 -13.2773 -.04 -5.9748 -13.4373 .6119 -6.0033 -13.3625 .3071 -5.8386 -13.2951 .0327
3 16 -7.4208 -13.4309 .5859 -7.2614 -13.5618 1.1193 -8.8061 -13.3433 .2289
4 16 20 -10.5099 -8.284 1 -12.8827 -1.648 -20 -12.8803 -1.6493 -20 -10.5099 -8.284
4 16 20 -12.8827 -1.648 14.7839 -13.2168 -.2864 14.5914 -13.1802 -.4355 14.4436 -13.1235 -.6666
3 16 20 -12.8827 -1.648 13.4666 -13.0284 -1.0542 13.3818 -13.0256 -1.0657
4 16 2.895 -13.7286 1.7993 2.7199 -13.7112 1.7284 2.5508 -13.6798 1.6005 3.3525 -13.7402 1.8466
3 16 4.3455 -13.1075 -.7319 5.0058 -13.1001 -.7622 4.5028 -13.1194 -.6835
4 16 -4.1416 -13.486 .8107 -5.2259 -13.2991 .049 -4.8985 -13.3285 .1688 -4.6108 -13.3737 .353
4 16 -11.4863 -13.3208 .1372 -10.7028 -13.3088 .0884 -9.9154 -13.3174 .1237 -12.2628 -13.3653 .3182
4 16 20 -12.8827 -1.648 6.7189 -13.0312 -1.043 6.2996 -13.0344 -1.0296 1 -12.8827 -1.648
4 16 3.0636 -13.1346 -.6215 3.1459 -13.1672 -.4884 2.0375 -13.5812 1.1987 1 -12.8827 -1.648
3 16 -2.8597 -13.0094 -1.1316 -2.0944 -13.0304 -1.0462 -2.4805 -13.0236 -1.0739
4 16 -9.3151 -14.4281 4.6465 -9.8 -14.601 5.3597 -9.9317 -14.5461 5.1271 -9.8541 -14.5271 5.0496
4 16 4.7835 -14.0369 3.0551 5.0867 -14.0147 2.965 5.8219 -14.0528 3.12 6.3298 -14.2241 3.8179
3 16 -9.8 -14.601 5.3597 -20 -15.6458 12.6176 -20 -14.6036 5.36
3 16 1 -12.8827 -1.648 20 -10.5099 -8.284 20 -12.8827 -1.648
4 16 20 -7.5337 -14.4398 -20 -7.5337 -14.4398 -20 -4 -20 20 -4 -20
3 16 -4.1416 -13.486 .8107 -3.0285 -13.8018 2.097 -5.2259 -13.2991 .049
3 16 -.3071 -13.5714 1.1586 .4497 -13.7615 1.9331 -.8695 -13.4483 .657
3 16 15.4227 -13.9044 2.5155 20 -14.6036 5.36 15.1861 -13.9611 2.7467
3 16 3.0636 -13.1346 -.6215 1 -12.8827 -1.648 3.0399 -13.1022 -.7536
3 16 15.6247 -13.8314 2.218 20 -14.6036 5.36 15.4227 -13.9044 2.5155
3 16 -2.1045 -13.5846 1.2122 -2.2881 -13.5252 .9701 -1.0799 -13.8486 2.2877
4 16 -11.795 -14.4424 4.7046 -13.7883 -14.423 4.6252 -13.241 -14.4214 4.6189 -12.6935 -14.4219 4.6209
3 16 -1.1481 -14.0152 2.9661 7.0038 -14.4369 4.6845 -1.5944 -14.0161 2.9699
3 16 -.7236 -13.0775 -.854 1 -12.8827 -1.648 -.3132 -13.1166 -.6946
3 16 3.0399 -13.1022 -.7536 1 -12.8827 -1.648 3.1596 -13.085 -.8234
3 16 15.7523 -13.7088 1.7183 20 -14.6036 5.36 15.6247 -13.8314 2.218
4 16 -8.8061 -13.3433 .2289 -12.0415 -13.8716 2.3801 -12.3265 -13.8003 2.0896 -9.9154 -13.3174 .1237
4 16 9.5483 -13.3465 .242 9.8676 -13.3222 .1429 9.4946 -13.4977 .8582 9.4253 -13.4046 .4788
4 16 -9.3151 -14.4281 4.6465 -9.9001 -14.4784 4.8513 -9.9517 -14.4436 4.7097 -9.6365 -14.4341 4.6708
3 16 10.7551 -13.4934 .8407 9.4946 -13.4977 .8582 10.7257 -13.383 .3908
4 16 5.0867 -14.0147 2.965 5.4349 -13.9779 2.815 5.6371 -13.9981 2.8973 5.8219 -14.0528 3.12
3 16 -5.5785 -12.9986 -1.1755 1 -12.8827 -1.648 -3.197 -12.9994 -1.1723
4 16 -7.4208 -13.4309 .5859 -8.8061 -13.3433 .2289 -7.6985 -13.3749 .3576 -7.5316 -13.3959 .4434
4 16 13.6786 -13.071 -.8805 13.5382 -13.0386 -1.0125 14.0238 -13.0798 -.8447 13.8356 -13.084 -.8277
4 16 -11.9578 -14.4247 4.6325 -11.795 -14.4424 4.7046 -12.6935 -14.4219 4.6209 -12.1462 -14.4208 4.6163
4 16 -11.1193 -14.1268 3.4194 -11.2232 -14.0937 3.2846 -10.8635 -14.1478 3.5047 -11.004 -14.1431 3.4858
4 16 -2.4548 -13.4458 .6466 -2.6659 -13.2761 -.045 -2.4998 -13.262 -.1024 1.1879 -13.958 2.7333
4 16 5.0058 -13.1001 -.7622 4.7803 -13.1157 -.6983 4.6412 -13.1214 -.6751 4.5028 -13.1194 -.6835
4 16 -3.7913 -13.0504 -.9646 -4.1408 -13.08 -.8438 -4.4643 -13.068 -.8927 -4.7905 -13.042 -.9987
4 16 6.2996 -13.0344 -1.0296 3.965 -13.0837 -.829 3.1596 -13.085 -.8234 1 -12.8827 -1.648
4 16 .4497 -13.7615 1.9331 -2.2075 -13.268 -.0778 -1.474 -13.3454 .2375 -.8695 -13.4483 .657
3 16 7.9553 -14.4654 4.8007 10 -14.601 5.3597 7.7701 -14.4671 4.8075
4 16 -5.472 -13.6296 1.3952 -5.873 -13.5089 .9039 -5.9748 -13.4373 .6119 -4.9583 -13.7641 1.943
3 16 8.0142 -13.0757 -.8615 6.7189 -13.0312 -1.043 8.7231 -13.0471 -.9779
4 16 1.1879 -13.958 2.7333 -1.0799 -13.8486 2.2877 -2.2881 -13.5252 .9701 -2.4548 -13.4458 .6466
3 16 -13.9585 -14.1314 3.4378 -13.036 -14.1321 3.4407 -13.4973 -14.1315 3.4384
4 16 -12.7894 -13.5321 .9976 -12.7018 -13.4584 .6974 -12.5586 -13.4174 .5302 -12.3265 -13.8003 2.0896
4 16 9.8676 -13.3222 .1429 10.0343 -13.3215 .14 10.201 -13.3239 .1501 9.4946 -13.4977 .8582
3 16 -5.6876 -13.5721 1.1614 -5.873 -13.5089 .9039 -5.472 -13.6296 1.3952
3 16 -1.1426 -13.0507 -.9632 1 -12.8827 -1.648 -.7236 -13.0775 -.854
4 16 -12.5586 -13.4174 .5302 -12.2628 -13.3653 .3182 -9.9154 -13.3174 .1237 -12.3265 -13.8003 2.0896
3 16 10 -14.601 5.3597 11.6393 -13.9026 2.5082 12.1835 -13.9918 2.8716
4 16 4.2737 -13.7466 1.8726 3.1459 -13.1672 -.4884 4.6208 -13.6658 1.5431 4.4894 -13.7354 1.827
4 16 7.399 -14.468 4.8111 7.5844 -14.467 4.807 7.7701 -14.4671 4.8075 10 -14.601 5.3597
3 16 -9.9001 -14.4784 4.8513 -9.3151 -14.4281 4.6465 -9.8562 -14.5084 4.9737
4 16 -3.0285 -13.8018 2.097 -4.9583 -13.7641 1.943 -5.5608 -13.2773 -.04 -5.2259 -13.2991 .049
4 16 -11.382 -14.0396 3.0642 -7.2845 -14.1579 3.5465 -10.8635 -14.1478 3.5047 -11.2232 -14.0937 3.2846
4 16 11.5458 -13.1238 -.6653 10.9615 -13.1287 -.6456 10.7142 -13.0981 -.7703 11.8985 -13.0861 -.819
4 16 10.7551 -13.4934 .8407 10.8196 -13.6096 1.3141 9.6058 -13.7439 1.8614 9.4946 -13.4977 .8582
3 16 -4.7905 -13.042 -.9987 -3.5105 -13.0155 -1.1069 -3.7913 -13.0504 -.9646
4 16 3.3525 -13.7402 1.8466 2.5508 -13.6798 1.6005 4.2737 -13.7466 1.8726 3.8129 -13.745 1.8661
4 16 -2.2075 -13.268 -.0778 .4497 -13.7615 1.9331 1.1879 -13.958 2.7333 -2.4998 -13.262 -.1024
3 16 13.4666 -13.0284 -1.0542 20 -12.8827 -1.648 13.5382 -13.0386 -1.0125
4 16 -11.2609 -12.9968 -1.1831 -20 -12.8803 -1.6493 1 -12.8827 -1.648 -5.5785 -12.9986 -1.1755
3 16 14.3459 -13.098 -.7706 20 -12.8827 -1.648 14.4436 -13.1235 -.6666
3 16 -10.0966 -13.0161 -1.1045 -6.3131 -13.0098 -1.13 -8.7153 -13.0645 -.9072
3 16 -9.8562 -14.5084 4.9737 -9.3151 -14.4281 4.6465 -9.8541 -14.5271 5.0496
4 16 7.9479 -14.0522 3.1179 7.8044 -14.2561 3.9481 7.498 -14.1443 3.4929 7.5686 -14.0426 3.0786
3 16 -14.549 -14.2994 4.1218 -20 -14.6036 5.36 -14.6795 -14.2424 3.8896
4 16 -14.4193 -14.134 3.4485 -20 -12.8803 -1.6493 -13.2023 -14.0442 3.0829 -13.9585 -14.1314 3.4378
3 16 -20 -12.8803 -1.6493 -14.4193 -14.134 3.4485 -14.6009 -14.1498 3.5127
4 16 2.0375 -13.5812 1.1987 3.1459 -13.1672 -.4884 4.2737 -13.7466 1.8726 2.5508 -13.6798 1.6005
4 16 -11.382 -14.0396 3.0642 -11.567 -13.9907 2.8652 -5.4994 -14.0439 3.0824 -7.2845 -14.1579 3.5465
4 16 -7.132 -13.1322 -.6314 -7.6622 -13.1198 -.6818 -8.0777 -13.094 -.7869 -6.8426 -13.0711 -.8802
4 16 -8.7153 -13.0645 -.9072 -6.3131 -13.0098 -1.13 -6.8426 -13.0711 -.8802 -8.0777 -13.094 -.7869
4 16 -12.0415 -13.8716 2.3801 -8.8061 -13.3433 .2289 -7.2614 -13.5618 1.1193 -11.7562 -13.943 2.6707
4 16 2.8872 -14.0021 2.9132 3.1023 -14.0034 2.9185 3.6585 -14.0342 3.0441 2.6568 -14.0206 2.9885
4 16 4.3455 -13.1075 -.7319 3.965 -13.0837 -.829 5.3438 -13.0771 -.8558 5.0058 -13.1001 -.7622
4 16 10.7142 -13.0981 -.7703 10.4632 -13.0789 -.8486 12.2667 -13.0557 -.9428 11.8985 -13.0861 -.819
3 16 -2.0944 -13.0304 -1.0462 -1.1426 -13.0507 -.9632 -1.6493 -13.0616 -.9187
4 16 20 -12.8827 -1.648 14.1819 -13.0815 -.8377 14.0238 -13.0798 -.8447 13.5382 -13.0386 -1.0125
4 16 10 -14.601 5.3597 -6.2925 -14.4146 4.5918 -6.1088 -14.3951 4.5127 7.399 -14.468 4.8111
4 16 -4.4513 -13.9005 2.4987 -4.9583 -13.7641 1.943 -3.0285 -13.8018 2.097 -2.5694 -13.9421 2.6683
4 16 1.1879 -13.958 2.7333 1.3809 -14.0013 2.9099 -.9491 -13.902 2.5054 -1.0799 -13.8486 2.2877
3 16 -20 -12.8803 -1.6493 -11.2609 -12.9968 -1.1831 -12.4287 -13.0018 -1.1626
3 16 8.0413 -14.4609 4.7824 10 -14.601 5.3597 7.9553 -14.4654 4.8007
3 16 8.1486 -14.391 4.4977 10 -14.601 5.3597 8.1805 -14.4178 4.6066
4 16 7.8044 -14.2561 3.9481 7.9479 -14.0522 3.1179 8.152 -14.0541 3.1258 8.1033 -14.3673 4.401
3 16 20 -12.8827 -1.648 15.1746 -13.3127 .1043 14.9664 -13.2558 -.1277
4 16 7.1857 -14.4617 4.7856 -4.6205 -14.0458 3.0901 -1.5944 -14.0161 2.9699 7.0038 -14.4369 4.6845
4 16 10 -14.601 5.3597 -9.8 -14.601 5.3597 -9.3151 -14.4281 4.6465 -6.5179 -14.434 4.6707
4 16 -11.7562 -13.943 2.6707 -7.2614 -13.5618 1.1193 -7.0105 -13.6756 1.5827 -11.567 -13.9907 2.8652
4 16 4.2179 -14.0494 3.1061 2.3881 -14.0347 3.0462 2.6568 -14.0206 2.9885 3.6585 -14.0342 3.0441
4 16 -4.7905 -13.042 -.9987 -5.5785 -12.9986 -1.1755 -3.197 -12.9994 -1.1723 -3.5105 -13.0155 -1.1069
4 16 -2.0944 -13.0304 -1.0462 -2.8597 -13.0094 -1.1316 1 -12.8827 -1.648 -1.1426 -13.0507 -.9632
3 16 -20 -12.8803 -1.6493 -13.4358 -13.9871 2.8504 -13.2023 -14.0442 3.0829
3 16 8.3564 -14.0525 3.1192 8.1033 -14.3673 4.401 8.152 -14.0541 3.1258
3 16 -14.2246 -14.3926 4.5014 -20 -14.6036 5.36 -14.549 -14.2994 4.1218
4 16 -6.1835 -14.3462 4.3135 7.1857 -14.4617 4.7856 7.399 -14.468 4.8111 -6.1088 -14.3951 4.5127
4 16 -12.3265 -13.8003 2.0896 -12.5879 -13.7231 1.7753 -12.785 -13.5952 1.2544 -12.7894 -13.5321 .9976
3 16 5.3438 -13.0771 -.8558 3.965 -13.0837 -.829 5.8778 -13.051 -.9621
3 16 -11.1522 -14.5732 5.2373 -13.7883 -14.423 4.6252 -11.428 -14.5428 5.1135
3 16 -6.646 -13.794 2.0648 -11.567 -13.9907 2.8652 -7.0105 -13.6756 1.5827
3 16 10.8196 -13.6096 1.3141 9.5254 -13.8476 2.2843 9.6058 -13.7439 1.8614
3 16 -2.5694 -13.9421 2.6683 -4.345 -13.9515 2.7062 -4.4513 -13.9005 2.4987
3 16 6.3298 -14.2241 3.8179 4.2179 -14.0494 3.1061 4.7835 -14.0369 3.0551
3 16 -14.0234 -14.4169 4.6005 -20 -14.6036 5.36 -14.2246 -14.3926 4.5014
3 16 -20 -12.8803 -1.6493 -13.7468 -13.8946 2.4734 -13.4358 -13.9871 2.8504
3 16 -9.8 -14.601 5.3597 -20 -14.6036 5.36 -11.1522 -14.5732 5.2373
4 16 10.4632 -13.0789 -.8486 9.9409 -13.0632 -.9122 12.6338 -13.0394 -1.0092 12.2667 -13.0557 -.9428
4 16 -10.0966 -13.0161 -1.1045 -11.2609 -12.9968 -1.1831 -5.5785 -12.9986 -1.1755 -6.3131 -13.0098 -1.13
3 16 .4002 -13.2157 -.2911 .1923 -13.1722 -.4681 1 -12.8827 -1.648
3 16 -3.197 -12.9994 -1.1723 1 -12.8827 -1.648 -2.8597 -13.0094 -1.1316
3 16 20 -12.8827 -1.648 15.3794 -13.3703 .339 15.1746 -13.3127 .1043
3 16 -6.2925 -14.4146 4.5918 10 -14.601 5.3597 -6.5179 -14.434 4.6707
4 16 6.8446 -14.3939 4.5094 2.3881 -14.0347 3.0462 4.2179 -14.0494 3.1061 6.3298 -14.2241 3.8179
4 16 -11.1522 -14.5732 5.2373 -20 -14.6036 5.36 -14.0234 -14.4169 4.6005 -13.7883 -14.423 4.6252
3 16 -20 -12.8803 -1.6493 -14.3313 -13.7004 1.6827 -13.7468 -13.8946 2.4734
4 16 -4.345 -13.9515 2.7062 -2.5694 -13.9421 2.6683 -2.3183 -13.986 2.8473 -4.2606 -14.0089 2.94
3 16 8.1266 -14.4529 4.7496 10 -14.601 5.3597 8.0413 -14.4609 4.7824
3 16 8.2118 -14.4446 4.7161 10 -14.601 5.3597 8.1266 -14.4529 4.7496
3 16 .1923 -13.1722 -.4681 -.056 -13.1409 -.5958 1 -12.8827 -1.648
4 16 8.3564 -14.0525 3.1192 8.556 -14.0444 3.0861 8.1486 -14.391 4.4977 8.1033 -14.3673 4.401
3 16 8.556 -14.0444 3.0861 8.9806 -13.9998 2.9044 8.1486 -14.391 4.4977
4 16 2.3881 -14.0347 3.0462 6.8446 -14.3939 4.5094 7.0038 -14.4369 4.6845 2.0542 -14.0335 3.0411
3 16 7.0038 -14.4369 4.6845 1.8317 -14.034 3.0429 2.0542 -14.0335 3.0411
3 16 20 -12.8827 -1.648 14.9664 -13.2558 -.1277 14.7839 -13.2168 -.2864
3 16 -11.1522 -14.5732 5.2373 -10.8301 -14.5735 5.2385 -9.8 -14.601 5.3597
3 16 -5.9447 -13.9905 2.8648 -11.567 -13.9907 2.8652 -6.646 -13.794 2.0648
3 16 -20 -12.8803 -1.6493 -14.5769 -13.5816 1.1987 -14.3313 -13.7004 1.6827
3 16 -20 -12.8803 -1.6493 -14.661 -13.4486 .6573 -14.5769 -13.5816 1.1987
3 16 13.2979 -14.0811 3.2355 10 -14.601 5.3597 12.6645 -14.0485 3.1028
4 16 9.9409 -13.0632 -.9122 9.1528 -13.0497 -.9673 13.0074 -13.0318 -1.0404 12.6338 -13.0394 -1.0092
3 16 -10.1357 -14.5663 5.209 -9.8 -14.601 5.3597 -10.3673 -14.5691 5.2204
3 16 -20 -12.8803 -1.6493 -14.6001 -13.3327 .1854 -14.661 -13.4486 .6573
3 16 -20 -12.8803 -1.6493 -14.4169 -13.2196 -.2753 -14.6001 -13.3327 .1854
3 16 -5.4994 -14.0439 3.0824 -11.567 -13.9907 2.8652 -5.9447 -13.9905 2.8648
4 16 11.236 -13.8025 2.1002 10 -14.601 5.3597 9.3125 -13.9347 2.6392 10.9837 -13.7129 1.7354
3 16 -20 -12.8803 -1.6493 -14.1442 -13.1473 -.5695 -14.4169 -13.2196 -.2753
3 16 -20 -12.8803 -1.6493 -13.6525 -13.0659 -.9013 -14.1442 -13.1473 -.5695
4 16 -.9491 -13.902 2.5054 1.3809 -14.0013 2.9099 1.591 -14.0274 3.016 -.8961 -13.9708 2.7855
4 16 7.0038 -14.4369 4.6845 -.9659 -14.0041 2.9209 -.8961 -13.9708 2.7855 1.591 -14.0274 3.016
4 16 -2.0374 -14.0111 2.9492 -4.4407 -14.0317 3.0331 -4.2606 -14.0089 2.94 -2.3183 -13.986 2.8473
3 16 -.3132 -13.1166 -.6946 1 -12.8827 -1.648 -.056 -13.1409 -.5958
3 16 -5.4994 -14.0439 3.0824 -6.8772 -14.1729 3.6078 -7.2845 -14.1579 3.5465
4 16 13.0074 -13.0318 -1.0404 9.1528 -13.0497 -.9673 8.7231 -13.0471 -.9779 13.3818 -13.0256 -1.0657
3 16 -9.9317 -14.5461 5.1271 -9.8 -14.601 5.3597 -10.0314 -14.5596 5.1819
3 16 8.1805 -14.4178 4.6066 10 -14.601 5.3597 8.2118 -14.4446 4.7161
3 16 -5.4994 -14.0439 3.0824 -6.5474 -14.2212 3.8043 -6.8772 -14.1729 3.6078
3 16 -20 -12.8803 -1.6493 -13.2537 -13.0337 -1.0326 -13.6525 -13.0659 -.9013
3 16 1.591 -14.0274 3.016 1.8317 -14.034 3.0429 7.0038 -14.4369 4.6845
4 16 8.7231 -13.0471 -.9779 6.7189 -13.0312 -1.043 20 -12.8827 -1.648 13.3818 -13.0256 -1.0657
3 16 -10.0314 -14.5596 5.1819 -9.8 -14.601 5.3597 -10.1357 -14.5663 5.209
3 16 -20 -12.8803 -1.6493 -12.8424 -13.0126 -1.1185 -13.2537 -13.0337 -1.0326
3 16 7.0038 -14.4369 4.6845 -1.1481 -14.0152 2.9661 -.9659 -14.0041 2.9209
4 16 20 -7.5337 -14.4398 20 -10.5099 -8.284 -20 -10.5099 -8.284 -20 -7.5337 -14.4398
4 16 -6.5474 -14.2212 3.8043 -5.4994 -14.0439 3.0824 -4.6205 -14.0458 3.0901 -6.272 -14.3004 4.127
3 16 20 -12.8827 -1.648 14.3459 -13.098 -.7706 14.1819 -13.0815 -.8377
3 16 -20 -12.8803 -1.6493 -12.4287 -13.0018 -1.1626 -12.8424 -13.0126 -1.1185
4 16 -4.4407 -14.0317 3.0331 -2.0374 -14.0111 2.9492 -1.5944 -14.0161 2.9699 -4.6205 -14.0458 3.0901
3 16 3.965 -13.0837 -.829 6.2996 -13.0344 -1.0296 5.8778 -13.051 -.9621
4 16 9.5254 -13.8476 2.2843 10.8196 -13.6096 1.3141 10.9837 -13.7129 1.7354 9.3125 -13.9347 2.6392
4 16 10 -14.601 5.3597 8.1486 -14.391 4.4977 8.9806 -13.9998 2.9044 9.3125 -13.9347 2.6392
4 16 -10.8301 -14.5735 5.2385 -10.5998 -14.5691 5.2204 -10.3673 -14.5691 5.2204 -9.8 -14.601 5.3597
3 16 11.6393 -13.9026 2.5082 10 -14.601 5.3597 11.236 -13.8025 2.1002
3 16 15.1861 -13.9611 2.7467 20 -14.6036 5.36 14.7641 -14.0257 3.01
3 16 12.6645 -14.0485 3.1028 10 -14.601 5.3597 12.1835 -13.9918 2.8716
4 16 13.9554 -14.0756 3.2132 14.7641 -14.0257 3.01 20 -14.6036 5.36 10 -14.601 5.3597
3 16 20 -12.8827 -1.648 15.5808 -13.4703 .7466 15.3794 -13.3703 .339
4 16 15.7286 -13.5961 1.2594 15.5808 -13.4703 .7466 20 -12.8827 -1.648 20 -14.6036 5.36
3 16 20 -15.6458 12.6176 10 -14.601 5.3597 20 -14.6036 5.36
3 16 13.9554 -14.0756 3.2132 10 -14.601 5.3597 13.2979 -14.0811 3.2355
3 16 20 -14.6036 5.36 15.7523 -13.7088 1.7183 15.7286 -13.5961 1.2594

4 0 6.9517 -13.7301 1.8052 7.1832 -14.0298 3.0267 4.7424 -13.7148 1.7431 6.2899 -13.6437 1.4533
4 0 8.2962 -13.6007 1.2778 8.2937 -13.5279 .9815 9.4946 -13.4977 .8582 9.6058 -13.7439 1.8614
4 0 1.1879 -13.958 2.7333 1.8317 -14.034 3.0429 1.591 -14.0274 3.016 1.3809 -14.0013 2.9099
4 0 4.2737 -13.7466 1.8726 4.2179 -14.0494 3.1061 3.6585 -14.0342 3.0441 3.8129 -13.745 1.8661
4 0 3.8129 -13.745 1.8661 3.6585 -14.0342 3.0441 3.1023 -14.0034 2.9185 3.3525 -13.7402 1.8466
4 0 3.3525 -13.7402 1.8466 3.1023 -14.0034 2.9185 2.8872 -14.0021 2.9132 2.895 -13.7286 1.7993
4 0 -.9491 -13.902 2.5054 -.8961 -13.9708 2.7855 -.9659 -14.0041 2.9209 -1.1481 -14.0152 2.9661
4 0 2.895 -13.7286 1.7993 2.6568 -14.0206 2.9885 2.3881 -14.0347 3.0462 2.7199 -13.7112 1.7284
3 0 2.895 -13.7286 1.7993 2.8872 -14.0021 2.9132 2.6568 -14.0206 2.9885
4 0 2.5508 -13.6798 1.6005 2.7199 -13.7112 1.7284 2.3881 -14.0347 3.0462 2.0542 -14.0335 3.0411
4 0 .4497 -13.7615 1.9331 2.0375 -13.5812 1.1987 2.5508 -13.6798 1.6005 1.1879 -13.958 2.7333
4 0 2.0542 -14.0335 3.0411 1.8317 -14.034 3.0429 1.1879 -13.958 2.7333 2.5508 -13.6798 1.6005
4 0 -.3071 -13.5714 1.1586 1.0229 -13.3751 .3585 2.0375 -13.5812 1.1987 .4497 -13.7615 1.9331
3 0 -.3071 -13.5714 1.1586 .4002 -13.2157 -.2911 1.0229 -13.3751 .3585
4 0 -.3071 -13.5714 1.1586 -.8695 -13.4483 .657 .1923 -13.1722 -.4681 .4002 -13.2157 -.2911
4 0 .1923 -13.1722 -.4681 -.8695 -13.4483 .657 -.3132 -13.1166 -.6946 -.056 -13.1409 -.5958
4 0 -.8695 -13.4483 .657 -1.474 -13.3454 .2375 -.7236 -13.0775 -.854 -.3132 -13.1166 -.6946
4 0 -.7236 -13.0775 -.854 -1.474 -13.3454 .2375 -1.6493 -13.0616 -.9187 -1.1426 -13.0507 -.9632
4 0 -1.474 -13.3454 .2375 -2.2075 -13.268 -.0778 -2.0944 -13.0304 -1.0462 -1.6493 -13.0616 -.9187
4 0 -2.2075 -13.268 -.0778 -2.4998 -13.262 -.1024 -2.4805 -13.0236 -1.0739 -2.0944 -13.0304 -1.0462
3 0 -2.4805 -13.0236 -1.0739 -2.4998 -13.262 -.1024 -2.8597 -13.0094 -1.1316
4 0 -3.197 -12.9994 -1.1723 -2.8597 -13.0094 -1.1316 -2.4998 -13.262 -.1024 -2.6659 -13.2761 -.045
4 0 -3.197 -12.9994 -1.1723 -2.6659 -13.2761 -.045 -3.7913 -13.0504 -.9646 -3.5105 -13.0155 -1.1069
4 0 -4.1408 -13.08 -.8438 -3.7913 -13.0504 -.9646 -2.6659 -13.2761 -.045 -2.7732 -13.311 .0972
4 0 -2.7732 -13.311 .0972 -4.1416 -13.486 .8107 -4.6108 -13.3737 .353 -4.1408 -13.08 -.8438
4 0 -4.8985 -13.3285 .1688 -4.4643 -13.068 -.8927 -4.1408 -13.08 -.8438 -4.6108 -13.3737 .353
4 0 -5.6876 -13.5721 1.1614 -5.472 -13.6296 1.3952 -5.9447 -13.9905 2.8648 -6.646 -13.794 2.0648
4 0 -4.4643 -13.068 -.8927 -4.8985 -13.3285 .1688 -5.2259 -13.2991 .049 -4.7905 -13.042 -.9987
3 0 -9.9517 -14.4436 4.7097 -10.8635 -14.1478 3.5047 -9.6365 -14.4341 4.6708
3 0 -4.7905 -13.042 -.9987 -5.2259 -13.2991 .049 -5.5608 -13.2773 -.04
4 0 -6.8426 -13.0711 -.8802 -6.3131 -13.0098 -1.13 -5.5785 -12.9986 -1.1755 -5.8386 -13.2951 .0327
4 0 -4.7905 -13.042 -.9987 -5.5608 -13.2773 -.04 -5.8386 -13.2951 .0327 -5.5785 -12.9986 -1.1755
4 0 -6.8426 -13.0711 -.8802 -5.8386 -13.2951 .0327 -6.0033 -13.3625 .3071 -7.132 -13.1322 -.6314
4 0 -7.5316 -13.3959 .4434 -7.132 -13.1322 -.6314 -6.0033 -13.3625 .3071 -7.4208 -13.4309 .5859
3 0 -9.9317 -14.5461 5.1271 -9.8562 -14.5084 4.9737 -9.8541 -14.5271 5.0496
4 0 -7.5316 -13.3959 .4434 -7.6985 -13.3749 .3576 -7.6622 -13.1198 -.6818 -7.132 -13.1322 -.6314
4 0 -8.8061 -13.3433 .2289 -8.0777 -13.094 -.7869 -7.6622 -13.1198 -.6818 -7.6985 -13.3749 .3576
4 0 -9.9154 -13.3174 .1237 -8.7153 -13.0645 -.9072 -8.0777 -13.094 -.7869 -8.8061 -13.3433 .2289
4 0 -11.4863 -13.3208 .1372 -11.2609 -12.9968 -1.1831 -10.0966 -13.0161 -1.1045 -10.7028 -13.3088 .0884
4 0 -8.7153 -13.0645 -.9072 -9.9154 -13.3174 .1237 -10.7028 -13.3088 .0884 -10.0966 -13.0161 -1.1045
4 0 -11.2609 -12.9968 -1.1831 -11.4863 -13.3208 .1372 -12.2628 -13.3653 .3182 -12.4287 -13.0018 -1.1626
4 0 -12.4287 -13.0018 -1.1626 -12.2628 -13.3653 .3182 -13.2537 -13.0337 -1.0326 -12.8424 -13.0126 -1.1185
4 0 -10.0314 -14.5596 5.1819 -9.9001 -14.4784 4.8513 -9.8562 -14.5084 4.9737 -9.9317 -14.5461 5.1271
4 0 -12.2628 -13.3653 .3182 -12.5586 -13.4174 .5302 -13.6525 -13.0659 -.9013 -13.2537 -13.0337 -1.0326
3 0 -12.5586 -13.4174 .5302 -14.1442 -13.1473 -.5695 -13.6525 -13.0659 -.9013
4 0 -11.6585 -14.4791 4.8541 -10.8635 -14.1478 3.5047 -10.5998 -14.5691 5.2204 -10.8301 -14.5735 5.2385
4 0 -10.3673 -14.5691 5.2204 -10.5998 -14.5691 5.2204 -10.8635 -14.1478 3.5047 -9.9517 -14.4436 4.7097
4 0 -9.9001 -14.4784 4.8513 -10.1357 -14.5663 5.209 -10.3673 -14.5691 5.2204 -9.9517 -14.4436 4.7097
3 0 -10.1357 -14.5663 5.209 -9.9001 -14.4784 4.8513 -10.0314 -14.5596 5.1819
4 0 -12.5586 -13.4174 .5302 -12.7018 -13.4584 .6974 -14.4169 -13.2196 -.2753 -14.1442 -13.1473 -.5695
4 0 -14.4169 -13.2196 -.2753 -12.7018 -13.4584 .6974 -14.661 -13.4486 .6573 -14.6001 -13.3327 .1854
4 0 -14.5769 -13.5816 1.1987 -14.661 -13.4486 .6573 -12.7018 -13.4584 .6974 -12.7894 -13.5321 .9976
4 0 -12.785 -13.5952 1.2544 -14.3313 -13.7004 1.6827 -14.5769 -13.5816 1.1987 -12.7894 -13.5321 .9976
4 0 -12.5879 -13.7231 1.7753 -13.7468 -13.8946 2.4734 -14.3313 -13.7004 1.6827 -12.785 -13.5952 1.2544
4 0 -12.0415 -13.8716 2.3801 -13.2023 -14.0442 3.0829 -13.4358 -13.9871 2.8504 -12.3265 -13.8003 2.0896
4 0 -12.3265 -13.8003 2.0896 -13.4358 -13.9871 2.8504 -13.7468 -13.8946 2.4734 -12.5879 -13.7231 1.7753
4 0 -11.7562 -13.943 2.6707 -12.9556 -14.0976 3.3002 -13.2023 -14.0442 3.0829 -12.0415 -13.8716 2.3801
3 0 -11.382 -14.0396 3.0642 -11.2232 -14.0937 3.2846 -12.1462 -14.4208 4.6163
4 0 -11.382 -14.0396 3.0642 -12.9556 -14.0976 3.3002 -11.7562 -13.943 2.6707 -11.567 -13.9907 2.8652
4 0 -11.1522 -14.5732 5.2373 -11.428 -14.5428 5.1135 -11.6585 -14.4791 4.8541 -10.8301 -14.5735 5.2385
4 0 -11.382 -14.0396 3.0642 -12.1462 -14.4208 4.6163 -13.036 -14.1321 3.4407 -12.9556 -14.0976 3.3002
4 0 -13.7883 -14.423 4.6252 -13.4973 -14.1315 3.4384 -13.036 -14.1321 3.4407 -13.241 -14.4214 4.6189
4 0 -12.1462 -14.4208 4.6163 -12.6935 -14.4219 4.6209 -13.241 -14.4214 4.6189 -13.036 -14.1321 3.4407
4 0 -14.0234 -14.4169 4.6005 -13.9585 -14.1314 3.4378 -13.4973 -14.1315 3.4384 -13.7883 -14.423 4.6252
4 0 -14.0234 -14.4169 4.6005 -14.2246 -14.3926 4.5014 -14.549 -14.2994 4.1218 -13.9585 -14.1314 3.4378
4 0 -13.9585 -14.1314 3.4378 -14.549 -14.2994 4.1218 -14.6795 -14.2424 3.8896 -14.4193 -14.134 3.4485
4 0 -14.4193 -14.134 3.4485 -14.6795 -14.2424 3.8896 -14.7815 -14.174 3.6113 -14.6009 -14.1498 3.5127
4 0 -12.1462 -14.4208 4.6163 -11.2232 -14.0937 3.2846 -11.1193 -14.1268 3.4194 -11.9578 -14.4247 4.6325
4 0 -11.004 -14.1431 3.4858 -11.795 -14.4424 4.7046 -11.9578 -14.4247 4.6325 -11.1193 -14.1268 3.4194
4 0 -10.8635 -14.1478 3.5047 -11.6585 -14.4791 4.8541 -11.795 -14.4424 4.7046 -11.004 -14.1431 3.4858
4 0 -6.8772 -14.1729 3.6078 -6.5179 -14.434 4.6707 -9.3151 -14.4281 4.6465 -7.2845 -14.1579 3.5465
4 0 -9.6365 -14.4341 4.6708 -10.8635 -14.1478 3.5047 -7.2845 -14.1579 3.5465 -9.3151 -14.4281 4.6465
4 0 -6.272 -14.3004 4.127 -6.1835 -14.3462 4.3135 -6.2925 -14.4146 4.5918 -6.5179 -14.434 4.6707
3 0 -6.1835 -14.3462 4.3135 -6.1088 -14.3951 4.5127 -6.2925 -14.4146 4.5918
4 0 -5.873 -13.5089 .9039 -5.6876 -13.5721 1.1614 -6.646 -13.794 2.0648 -7.0105 -13.6756 1.5827
4 0 -6.272 -14.3004 4.127 -6.5179 -14.434 4.6707 -6.8772 -14.1729 3.6078 -6.5474 -14.2212 3.8043
4 0 -7.2614 -13.5618 1.1193 -7.4208 -13.4309 .5859 -6.0033 -13.3625 .3071 -5.9748 -13.4373 .6119
4 0 -5.9748 -13.4373 .6119 -5.873 -13.5089 .9039 -7.0105 -13.6756 1.5827 -7.2614 -13.5618 1.1193
4 0 -5.472 -13.6296 1.3952 -4.9583 -13.7641 1.943 -5.4994 -14.0439 3.0824 -5.9447 -13.9905 2.8648
4 0 -4.6205 -14.0458 3.0901 -5.4994 -14.0439 3.0824 -4.9583 -13.7641 1.943 -4.4513 -13.9005 2.4987
3 0 -1.0799 -13.8486 2.2877 -2.3183 -13.986 2.8473 -2.5694 -13.9421 2.6683
4 0 -4.4407 -14.0317 3.0331 -4.6205 -14.0458 3.0901 -4.4513 -13.9005 2.4987 -4.345 -13.9515 2.7062
3 0 -3.0285 -13.8018 2.097 -2.2881 -13.5252 .9701 -2.1045 -13.5846 1.2122
4 0 -2.7122 -13.3856 .4014 -2.4548 -13.4458 .6466 -2.2881 -13.5252 .9701 -3.0285 -13.8018 2.097
3 0 -4.345 -13.9515 2.7062 -4.2606 -14.0089 2.94 -4.4407 -14.0317 3.0331
4 0 -2.7732 -13.311 .0972 -2.7122 -13.3856 .4014 -3.0285 -13.8018 2.097 -4.1416 -13.486 .8107
4 0 -3.0285 -13.8018 2.097 -2.1045 -13.5846 1.2122 -1.0799 -13.8486 2.2877 -2.5694 -13.9421 2.6683
4 0 -2.3183 -13.986 2.8473 -1.0799 -13.8486 2.2877 -1.5944 -14.0161 2.9699 -2.0374 -14.0111 2.9492
4 0 -1.1481 -14.0152 2.9661 -1.5944 -14.0161 2.9699 -1.0799 -13.8486 2.2877 -.9491 -13.902 2.5054
4 0 4.4894 -13.7354 1.827 4.7835 -14.0369 3.0551 4.2179 -14.0494 3.1061 4.2737 -13.7466 1.8726
4 0 4.7424 -13.7148 1.7431 5.0867 -14.0147 2.965 4.7835 -14.0369 3.0551 4.4894 -13.7354 1.827
3 0 5.0867 -14.0147 2.965 4.7424 -13.7148 1.7431 5.4349 -13.9779 2.815
4 0 5.4349 -13.9779 2.815 4.7424 -13.7148 1.7431 7.1832 -14.0298 3.0267 5.6371 -13.9981 2.8973
3 0 5.6371 -13.9981 2.8973 7.1832 -14.0298 3.0267 5.8219 -14.0528 3.12
4 0 5.8219 -14.0528 3.12 7.1832 -14.0298 3.0267 7.498 -14.1443 3.4929 6.3298 -14.2241 3.8179
4 0 6.3298 -14.2241 3.8179 7.498 -14.1443 3.4929 7.8044 -14.2561 3.9481 6.8446 -14.3939 4.5094
3 0 7.8044 -14.2561 3.9481 7.0038 -14.4369 4.6845 6.8446 -14.3939 4.5094
4 0 7.8044 -14.2561 3.9481 7.399 -14.468 4.8111 7.1857 -14.4617 4.7856 7.0038 -14.4369 4.6845
4 0 7.399 -14.468 4.8111 7.8044 -14.2561 3.9481 8.1033 -14.3673 4.401 7.5844 -14.467 4.807
4 0 7.9553 -14.4654 4.8007 7.7701 -14.4671 4.8075 7.5844 -14.467 4.807 8.1033 -14.3673 4.401
4 0 8.0413 -14.4609 4.7824 7.9553 -14.4654 4.8007 8.1033 -14.3673 4.401 8.1486 -14.391 4.4977
4 0 8.1266 -14.4529 4.7496 8.0413 -14.4609 4.7824 8.1486 -14.391 4.4977 8.1805 -14.4178 4.6066
3 0 8.1266 -14.4529 4.7496 8.1805 -14.4178 4.6066 8.2118 -14.4446 4.7161
4 0 4.6208 -13.6658 1.5431 5.7379 -13.5117 .9154 6.2899 -13.6437 1.4533 4.7424 -13.7148 1.7431
4 0 3.1459 -13.1672 -.4884 5.2175 -13.3546 .2752 5.7379 -13.5117 .9154 4.6208 -13.6658 1.5431
4 0 3.1459 -13.1672 -.4884 3.0636 -13.1346 -.6215 3.0399 -13.1022 -.7536 3.1596 -13.085 -.8234
4 0 4.5028 -13.1194 -.6835 5.2175 -13.3546 .2752 3.1459 -13.1672 -.4884 4.3455 -13.1075 -.7319
4 0 10.4632 -13.0789 -.8486 10.0343 -13.3215 .14 9.8676 -13.3222 .1429 9.9409 -13.0632 -.9122
4 0 10.9615 -13.1287 -.6456 10.5825 -13.339 .2115 10.201 -13.3239 .1501 10.7142 -13.0981 -.7703
4 0 10.0343 -13.3215 .14 10.4632 -13.0789 -.8486 10.7142 -13.0981 -.7703 10.201 -13.3239 .1501
4 0 10.7257 -13.383 .3908 10.5825 -13.339 .2115 10.9615 -13.1287 -.6456 11.2118 -13.1603 -.5166
4 0 5.9096 -13.3197 .1328 5.2175 -13.3546 .2752 5.0058 -13.1001 -.7622 5.3438 -13.0771 -.8558
4 0 8.7231 -13.0471 -.9779 9.1528 -13.0497 -.9673 9.9409 -13.0632 -.9122 9.5483 -13.3465 .242
3 0 5.2175 -13.3546 .2752 4.7803 -13.1157 -.6983 5.0058 -13.1001 -.7622
3 0 9.5483 -13.3465 .242 9.9409 -13.0632 -.9122 9.8676 -13.3222 .1429
3 0 5.2175 -13.3546 .2752 4.6412 -13.1214 -.6751 4.7803 -13.1157 -.6983
3 0 5.2175 -13.3546 .2752 4.5028 -13.1194 -.6835 4.6412 -13.1214 -.6751
4 0 5.3438 -13.0771 -.8558 5.8778 -13.051 -.9621 6.2996 -13.0344 -1.0296 5.9096 -13.3197 .1328
4 0 9.4946 -13.4977 .8582 8.2937 -13.5279 .9815 8.1898 -13.4677 .7361 9.4253 -13.4046 .4788
4 0 6.5804 -13.3116 .0997 6.7189 -13.0312 -1.043 8.0142 -13.0757 -.8615 7.2407 -13.337 .2032
3 0 8.0058 -13.4232 .5547 8.7231 -13.0471 -.9779 9.5483 -13.3465 .242
4 0 5.9096 -13.3197 .1328 6.2996 -13.0344 -1.0296 6.7189 -13.0312 -1.043 6.5804 -13.3116 .0997
3 0 7.2407 -13.337 .2032 8.0142 -13.0757 -.8615 7.5042 -13.3586 .2914
3 0 7.5042 -13.3586 .2914 8.0142 -13.0757 -.8615 7.7613 -13.3876 .4094
4 0 8.7231 -13.0471 -.9779 8.0058 -13.4232 .5547 7.7613 -13.3876 .4094 8.0142 -13.0757 -.8615
4 0 8.1898 -13.4677 .7361 8.0058 -13.4232 .5547 9.5483 -13.3465 .242 9.4253 -13.4046 .4788
4 0 3.1596 -13.085 -.8234 3.965 -13.0837 -.829 4.3455 -13.1075 -.7319 3.1459 -13.1672 -.4884
4 0 7.7979 -13.7588 1.9221 8.0332 -13.7232 1.7773 8.556 -14.0444 3.0861 8.3564 -14.0525 3.1192
4 0 7.2309 -13.7542 1.9034 7.5072 -13.7701 1.9682 7.5686 -14.0426 3.0786 7.1832 -14.0298 3.0267
3 0 7.2309 -13.7542 1.9034 7.1832 -14.0298 3.0267 6.9517 -13.7301 1.8052
4 0 7.9479 -14.0522 3.1179 7.5686 -14.0426 3.0786 7.5072 -13.7701 1.9682 7.7979 -13.7588 1.9221
4 0 8.556 -14.0444 3.0861 8.0332 -13.7232 1.7773 9.3125 -13.9347 2.6392 8.9806 -13.9998 2.9044
4 0 9.5254 -13.8476 2.2843 9.3125 -13.9347 2.6392 8.0332 -13.7232 1.7773 8.2013 -13.6709 1.564
4 0 8.3564 -14.0525 3.1192 8.152 -14.0541 3.1258 7.9479 -14.0522 3.1179 7.7979 -13.7588 1.9221
4 0 8.2962 -13.6007 1.2778 9.6058 -13.7439 1.8614 9.5254 -13.8476 2.2843 8.2013 -13.6709 1.564
3 0 13.8398 -13.7939 2.0653 14.0559 -13.7773 1.9976 14.7641 -14.0257 3.01
4 0 10.9837 -13.7129 1.7354 12.0577 -13.6364 1.4233 11.6393 -13.9026 2.5082 11.236 -13.8025 2.1002
4 0 10.7257 -13.383 .3908 11.8599 -13.4407 .6258 11.8293 -13.5422 1.0394 10.7551 -13.4934 .8407
4 0 10.9837 -13.7129 1.7354 10.8196 -13.6096 1.3141 10.7551 -13.4934 .8407 11.8293 -13.5422 1.0394
4 0 12.0577 -13.6364 1.4233 12.5989 -13.7364 1.831 12.1835 -13.9918 2.8716 11.6393 -13.9026 2.5082
4 0 12.5989 -13.7364 1.831 13.1842 -13.7941 2.0659 12.6645 -14.0485 3.1028 12.1835 -13.9918 2.8716
3 0 12.0577 -13.6364 1.4233 10.9837 -13.7129 1.7354 11.8293 -13.5422 1.0394
4 0 13.8398 -13.7939 2.0653 13.2979 -14.0811 3.2355 12.6645 -14.0485 3.1028 13.1842 -13.7941 2.0659
4 0 14.7641 -14.0257 3.01 13.9554 -14.0756 3.2132 13.2979 -14.0811 3.2355 13.8398 -13.7939 2.0653
4 0 15.7286 -13.5961 1.2594 15.7523 -13.7088 1.7183 14.3704 -13.6857 1.6242 14.4059 -13.6168 1.3436
4 0 15.1861 -13.9611 2.7467 14.7641 -14.0257 3.01 14.0559 -13.7773 1.9976 14.2413 -13.7435 1.8597
4 0 14.3382 -13.5563 1.097 15.5808 -13.4703 .7466 15.7286 -13.5961 1.2594 14.4059 -13.6168 1.3436
4 0 15.7523 -13.7088 1.7183 15.6247 -13.8314 2.218 15.4227 -13.9044 2.5155 14.3704 -13.6857 1.6242
4 0 15.1861 -13.9611 2.7467 14.2413 -13.7435 1.8597 14.3704 -13.6857 1.6242 15.4227 -13.9044 2.5155
4 0 15.5808 -13.4703 .7466 14.3382 -13.5563 1.097 14.1987 -13.5023 .8768 15.3794 -13.3703 .339
4 0 15.3794 -13.3703 .339 14.1987 -13.5023 .8768 14.9664 -13.2558 -.1277 15.1746 -13.3127 .1043
4 0 13.7619 -13.4036 .4746 14.7839 -13.2168 -.2864 14.9664 -13.2558 -.1277 14.1987 -13.5023 .8768
4 0 14.4436 -13.1235 -.6666 14.5914 -13.1802 -.4355 13.8356 -13.084 -.8277 14.0238 -13.0798 -.8447
3 0 12.1465 -13.3645 .3155 11.2118 -13.1603 -.5166 11.5458 -13.1238 -.6653
4 0 10.7257 -13.383 .3908 11.2118 -13.1603 -.5166 12.1465 -13.3645 .3155 11.8599 -13.4407 .6258
4 0 14.7839 -13.2168 -.2864 13.7619 -13.4036 .4746 13.8356 -13.084 -.8277 14.5914 -13.1802 -.4355
4 0 14.0238 -13.0798 -.8447 14.1819 -13.0815 -.8377 14.3459 -13.098 -.7706 14.4436 -13.1235 -.6666
4 0 13.7619 -13.4036 .4746 13.2608 -13.349 .2523 13.6786 -13.071 -.8805 13.8356 -13.084 -.8277
3 0 13.6786 -13.071 -.8805 13.0074 -13.0318 -1.0404 13.3818 -13.0256 -1.0657
4 0 13.6786 -13.071 -.8805 13.2608 -13.349 .2523 12.7092 -13.3266 .1611 13.0074 -13.0318 -1.0404
4 0 13.6786 -13.071 -.8805 13.3818 -13.0256 -1.0657 13.4666 -13.0284 -1.0542 13.5382 -13.0386 -1.0125
4 0 13.0074 -13.0318 -1.0404 12.7092 -13.3266 .1611 12.2667 -13.0557 -.9428 12.6338 -13.0394 -1.0092
4 0 12.7092 -13.3266 .1611 12.4228 -13.3423 .2248 11.8985 -13.0861 -.819 12.2667 -13.0557 -.9428
4 0 11.5458 -13.1238 -.6653 11.8985 -13.0861 -.819 12.4228 -13.3423 .2248 12.1465 -13.3645 .3155

0 // Condlines
5 24 -20 -15.6476 12.6161 20 -15.6476 12.6161 20 -16 20 -20 -14.6021 5.35861
5 24 -20 -12.8794 -1.6484 20 -12.8794 -1.6484 20 -13.0389 -1 -20 -10.5092 -8.285
5 24 -20 -7.53178 -14.4376 20 -7.53178 -14.4376 20 -7.74356 -14 20 -5.90483 -17
5 24 -20 -14.6021 5.35861 20 -14.6021 5.35861 -20 -15.6476 12.6161 -20 -14.1451 3.5
5 24 -20 -10.5092 -8.285 20 -10.5092 -8.285 -20 -12.8794 -1.6484 20 -8.46944 -12.5
