0 Sticker  3.0 x  1.9 with White Stars and Number Two on Blue Background with Red Stripes
0 Name: 165395a.dat
0 Author: Takeshi Takahashi [RainbowDolphin]
0 !LDRAW_ORG Unofficial_Part 
0 !LICENSE Redistributable under CCAL version 2.0 : see CAreadme.txt

0 BFC CERTIFY CCW

0 !KEYWORDS Set 6551, Race car, Bricklink 6551stk01, Rebrickable 165395
0 !KEYWORDS Brickowl 930700


1 16 0 -0.25 0 19 0 0 0 0.25 0 0 0 30 box5-12.dat
4 16 -6.19 -0.25 -6.04 -6.67 -0.25 -7.32 -0.33 -0.25 -4.91 -5.5 -0.25 -4.82
4 16 -4.47 -0.25 -3.54 -5.5 -0.25 -4.82 -0.33 -0.25 -4.91 -2.96 -0.25 -2.13
4 16 -0.33 -0.25 -4.91 -6.67 -0.25 -7.32 -6.94 -0.25 -8.66 6.85 -0.25 -8.66
4 16 0.77 -0.25 -3.91 -0.99 -0.25 -0.57 -2.96 -0.25 -2.13 -0.33 -0.25 -4.91
4 16 2.63 -0.25 -2.56 0.66 -0.25 0.75 -0.99 -0.25 -0.57 1.47 -0.25 -3.38
4 16 -5.61 -0.25 5.91 -6.22 -0.25 4.61 -1.71 -0.25 3.7 -4.74 -0.25 6.88
4 16 -3.57 -0.25 7.58 -4.74 -0.25 6.88 -1.25 -0.25 4.46 -2 -0.25 8.02
4 16 -6.22 -0.25 4.61 -6.6 -0.25 2.88 -2 -0.25 2.51 -1.71 -0.25 3.7
4 16 -2 -0.25 8.02 -1.25 -0.25 4.46 -0.61 -0.25 4.88 0.07 -0.25 8.17
3 16 0.07 -0.25 8.17 -0.61 -0.25 4.88 0.19 -0.25 5.02
4 16 0.07 -0.25 8.17 0.19 -0.25 5.02 0.97 -0.25 4.88 2.22 -0.25 8.029
3 16 -4.74 -0.25 6.88 -1.71 -0.25 3.7 -1.25 -0.25 4.46
4 16 4.03 -0.25 -1.5 1.59 -0.25 1.71 0.66 -0.25 0.75 2.63 -0.25 -2.56
4 16 1.59 -0.25 1.71 4.03 -0.25 -1.5 5.1 -0.25 -0.49 2.01 -0.25 2.47
4 16 2.01 -0.25 2.47 5.1 -0.25 -0.49 5.85 -0.25 0.46 6.52 -0.25 1.87
3 16 6.85 -0.25 -4.91 -0.33 -0.25 -4.91 6.85 -0.25 -8.66
4 16 2.16 -0.25 3.19 2.01 -0.25 2.47 6.52 -0.25 1.87 6.74 -0.25 3.35
4 16 5.05 -0.25 6.91 1.6 -0.25 4.48 2.02 -0.25 3.89 5.96 -0.25 5.91
4 16 2.22 -0.25 8.029 0.97 -0.25 4.88 1.6 -0.25 4.48 3.84 -0.25 7.61
4 16 2.02 -0.25 3.89 2.16 -0.25 3.19 6.54 -0.25 4.7 5.96 -0.25 5.91
3 16 3.84 -0.25 7.61 1.6 -0.25 4.48 5.05 -0.25 6.91
3 16 6.54 -0.25 4.7 2.16 -0.25 3.19 6.74 -0.25 3.35
3 16 -0.99 -0.25 -0.57 0.77 -0.25 -3.91 1.47 -0.25 -3.38
3 16 0 -0.25 25 -2 -0.25 19.5 2 -0.25 19.5
4 16 2 -0.25 19.5 -2 -0.25 19.5 -3.5 -0.25 16 0 -0.25 14
3 16 -2 -0.25 19.5 -8 -0.25 19.5 -3.5 -0.25 16
3 16 -3.5 -0.25 16 -5 -0.25 11 0 -0.25 14
4 16 3.5 -0.25 16 2 -0.25 19.5 0 -0.25 14 5 -0.25 11
3 16 8 -0.25 19.5 2 -0.25 19.5 3.5 -0.25 16
3 16 0 -0.25 -11 -2 -0.25 -16.5 2 -0.25 -16.5
4 16 2 -0.25 -16.5 -2 -0.25 -16.5 -3.5 -0.25 -20 0 -0.25 -22
3 16 -2 -0.25 -16.5 -8 -0.25 -16.5 -3.5 -0.25 -20
3 16 -3.5 -0.25 -20 -5 -0.25 -25 0 -0.25 -22
4 16 3.5 -0.25 -20 2 -0.25 -16.5 0 -0.25 -22 5 -0.25 -25
3 16 8 -0.25 -16.5 2 -0.25 -16.5 3.5 -0.25 -20
4 16 19 -0.25 30 -19 -0.25 30 -9 -0.25 27 9 -0.25 27
3 16 19 -0.25 30 9 -0.25 27 11 -0.25 27
3 16 19 -0.25 30 11 -0.25 27 16 -0.25 27
4 16 19 -0.25 30 16 -0.25 27 16 -0.25 -27 19 -0.25 -30
3 16 16 -0.25 -27 11 -0.25 -27 19 -0.25 -30
3 16 11 -0.25 -27 9 -0.25 -27 19 -0.25 -30
4 16 9 -0.25 0 9 -0.25 -27 11 -0.25 -27 11 -0.25 27
3 16 11 -0.25 27 9 -0.25 27 9 -0.25 0
4 16 19 -0.25 -30 9 -0.25 -27 -9 -0.25 -27 -19 -0.25 -30
3 16 -9 -0.25 -27 -11 -0.25 -27 -19 -0.25 -30
4 16 -11 -0.25 -27 -9 -0.25 -27 -9 -0.25 0 -11 -0.25 27
3 16 -9 -0.25 27 -11 -0.25 27 -9 -0.25 0
3 16 -19 -0.25 30 -11 -0.25 27 -9 -0.25 27
3 16 -19 -0.25 30 -16 -0.25 27 -11 -0.25 27
4 16 -16 -0.25 27 -19 -0.25 30 -19 -0.25 -30 -16 -0.25 -27
3 16 -11 -0.25 -27 -16 -0.25 -27 -19 -0.25 -30
0 BFC NOCLIP
3 1 9 -0.25 27 -9 -0.25 27 0 -0.25 25
4 1 9 -0.25 27 0 -0.25 25 2 -0.25 19.5 8 -0.25 19.5
4 1 9 -0.25 0 9 -0.25 27 8 -0.25 19.5 6.54 -0.25 4.7
3 1 6.54 -0.25 4.7 6.74 -0.25 3.35 9 -0.25 0
3 1 6.74 -0.25 3.35 6.52 -0.25 1.87 9 -0.25 0
3 1 6.52 -0.25 1.87 5.85 -0.25 0.46 9 -0.25 0
4 1 9 -0.25 0 5.85 -0.25 0.46 5.1 -0.25 -0.49 6.85 -0.25 -4.91
3 1 5.1 -0.25 -0.49 4.03 -0.25 -1.5 6.85 -0.25 -4.91
3 1 4.03 -0.25 -1.5 2.63 -0.25 -2.56 6.85 -0.25 -4.91
4 1 6.85 -0.25 -4.91 2.63 -0.25 -2.56 1.47 -0.25 -3.38 0.77 -0.25 -3.91
3 1 0.77 -0.25 -3.91 -0.33 -0.25 -4.91 6.85 -0.25 -4.91
4 1 9 -0.25 0 6.85 -0.25 -4.91 6.85 -0.25 -8.66 8 -0.25 -16.5
3 1 9 -0.25 0 8 -0.25 -16.5 9 -0.25 -27
4 1 9 -0.25 -27 8 -0.25 -16.5 3.5 -0.25 -20 5 -0.25 -25
4 1 9 -0.25 -27 5 -0.25 -25 -5 -0.25 -25 -9 -0.25 -27
3 1 0 -0.25 -22 -5 -0.25 -25 5 -0.25 -25
4 1 -9 -0.25 -27 -5 -0.25 -25 -3.5 -0.25 -20 -8 -0.25 -16.5
3 1 -9 -0.25 0 -9 -0.25 -27 -8 -0.25 -16.5
3 1 -9 -0.25 0 -8 -0.25 -16.5 -6.94 -0.25 -8.66
4 1 -6.94 -0.25 -8.66 -8 -0.25 -16.5 -2 -0.25 -16.5 0 -0.25 -11
3 1 6.85 -0.25 -8.66 -6.94 -0.25 -8.66 0 -0.25 -11
4 1 6.85 -0.25 -8.66 0 -0.25 -11 2 -0.25 -16.5 8 -0.25 -16.5
3 1 -9 -0.25 0 -6.94 -0.25 -8.66 -6.67 -0.25 -7.32
3 1 -9 -0.25 0 -6.67 -0.25 -7.32 -6.19 -0.25 -6.04
3 1 -9 -0.25 0 -6.19 -0.25 -6.04 -5.5 -0.25 -4.82
3 1 -9 -0.25 0 -5.5 -0.25 -4.82 -4.47 -0.25 -3.54
3 1 -9 -0.25 0 -4.47 -0.25 -3.54 -2.96 -0.25 -2.13
4 1 -9 -0.25 0 -2.96 -0.25 -2.13 -0.99 -0.25 -0.57 0.66 -0.25 0.75
4 1 -2 -0.25 2.51 -9 -0.25 0 0.66 -0.25 0.75 1.59 -0.25 1.71
4 1 -1.71 -0.25 3.7 -2 -0.25 2.51 1.59 -0.25 1.71 2.01 -0.25 2.47
4 1 -1.25 -0.25 4.46 -1.71 -0.25 3.7 2.01 -0.25 2.47 2.16 -0.25 3.19
4 1 -0.61 -0.25 4.88 -1.25 -0.25 4.46 2.16 -0.25 3.19 2.02 -0.25 3.89
4 1 0.19 -0.25 5.02 -0.61 -0.25 4.88 2.02 -0.25 3.89 1.6 -0.25 4.48
3 1 0.19 -0.25 5.02 1.6 -0.25 4.48 0.97 -0.25 4.88
3 1 -6.6 -0.25 2.88 -9 -0.25 0 -2 -0.25 2.51
4 1 -9 -0.25 0 -6.6 -0.25 2.88 -6.22 -0.25 4.61 -8 -0.25 19.5
4 1 -5 -0.25 11 -8 -0.25 19.5 -6.22 -0.25 4.61 -5.61 -0.25 5.91
3 1 -8 -0.25 19.5 -5 -0.25 11 -3.5 -0.25 16
3 1 -5 -0.25 11 -5.61 -0.25 5.91 -4.74 -0.25 6.88
3 1 -5 -0.25 11 -4.74 -0.25 6.88 -3.57 -0.25 7.58
4 1 -5 -0.25 11 -3.57 -0.25 7.58 -2 -0.25 8.02 0 -0.25 14
3 1 0 -0.25 14 -2 -0.25 8.02 0.07 -0.25 8.17
4 1 0 -0.25 14 0.07 -0.25 8.17 2.22 -0.25 8.029 5 -0.25 11
3 1 5 -0.25 11 2.22 -0.25 8.029 3.84 -0.25 7.61
4 1 5 -0.25 11 3.84 -0.25 7.61 5.05 -0.25 6.91 8 -0.25 19.5
3 1 8 -0.25 19.5 3.5 -0.25 16 5 -0.25 11
3 1 8 -0.25 19.5 5.05 -0.25 6.91 5.96 -0.25 5.91
3 1 8 -0.25 19.5 5.96 -0.25 5.91 6.54 -0.25 4.7
3 1 -9 -0.25 27 -9 -0.25 0 -8 -0.25 19.5
4 1 -9 -0.25 27 -8 -0.25 19.5 -2 -0.25 19.5 0 -0.25 25
4 4 -11 -0.25 27 -16 -0.25 27 -16 -0.25 -27 -11 -0.25 -27
4 4 16 -0.25 27 11 -0.25 27 11 -0.25 -27 16 -0.25 -27
