0 Sticker  1.1 x  1.9 with Envelope and Post Horn on Red Background
0 Name: 168225e.dat
0 Author: Ulrich Röder [UR]
0 !LDRAW_ORG Unofficial_Part 
0 !LICENSE Redistributable under CCAL version 2.0 : see CAreadme.txt

0 BFC CERTIFY CCW

0 !KEYWORDS set 4564


0 // Body/Main

0 BFC NOCLIP
1 16 0 -0.25 0 19.5 0 0 0 0.25 0 0 0 11.5 box5-12.dat

0 // Frontface
1 15 0 -.25 0 .8 0 0 0 1 0 0 0 .8 s\4346p03b.dat
1 4 14.5 -.25 8.2 0 0 .8 0 1 0 .8 0 0 1-4chrd.dat
1 4 14.5 -.25 -8.2 .8 0 0 0 1 0 0 0 -.8 1-4chrd.dat
1 4 -14.5 -.25 -8.2 0 0 -.8 0 1 0 -.8 0 0 1-4chrd.dat
1 4 -14.5 -.25 8.2 -.8 0 0 0 1 0 0 0 .8 1-4chrd.dat
4 4 -15.3 -.25 -8.2 -14.5 -.25 -9 14.5 -.25 -9 15.3 -.25 -8.2
4 4 -14.5 -.25 9 -15.3 -.25 8.2 15.3 -.25 8.2 14.5 -.25 9
4 4 -9.936 -.25 -7.2 -15.3 -.25 -8.2 15.3 -.25 -8.2 9.936 -.25 -7.2
4 4 -15.3 -.25 8.2 -9.936 -.25 7.2 9.936 -.25 7.2 15.3 -.25 8.2
4 4 -15.3 -.25 8.2 -15.3 -.25 -8.2 -9.936 -.25 -7.2 -9.936 -.25 7.2
4 4 9.936 -.25 7.2 9.936 -.25 -7.2 15.3 -.25 -8.2 15.3 -.25 8.2
1 47 14.5 -.25 8.2 0 0 .8 0 1 0 .8 0 0 1-4ndis.dat
1 47 14.5 -.25 -8.2 .8 0 0 0 1 0 0 0 -.8 1-4ndis.dat
1 47 -14.5 -.25 -8.2 0 0 -.8 0 1 0 -.8 0 0 1-4ndis.dat
1 47 -14.5 -.25 8.2 -.8 0 0 0 1 0 0 0 .8 1-4ndis.dat
4 47 19.5 -.25 -11.5 14.5 -.25 -9 -14.5 -.25 -9 -19.5 -.25 -11.5
4 47 14.5 -.25 9 19.5 -.25 11.5 -19.5 -.25 11.5 -14.5 -.25 9
4 47 -19.5 -.25 11.5 -19.5 -.25 -11.5 -15.3 -.25 -8.2 -15.3 -.25 8.2
4 47 15.3 -.25 8.2 15.3 -.25 -8.2 19.5 -.25 -11.5 19.5 -.25 11.5
3 47 15.3 -.25 9 15.3 -.25 8.2 19.5 -.25 11.5
3 47 15.3 -.25 9 19.5 -.25 11.5 14.5 -.25 9
3 47 19.5 -.25 -11.5 15.3 -.25 -9 14.5 -.25 -9
3 47 15.3 -.25 -9 19.5 -.25 -11.5 15.3 -.25 -8.2
3 47 -19.5 -.25 11.5 -15.3 -.25 8.2 -15.3 -.25 9
3 47 -15.3 -.25 9 -14.5 -.25 9 -19.5 -.25 11.5
3 47 -14.5 -.25 -9 -15.3 -.25 -9 -19.5 -.25 -11.5
3 47 -15.3 -.25 -9 -15.3 -.25 -8.2 -19.5 -.25 -11.5
