0 ~Electric Brick  4 x  4 x  0.667 Round - Top with  2 Studs with Circuits and 8-Bit Shooter Pattern
0 Name: 18605p0g.dat
0 Author: Evert-Jan Boer [ejboer]
0 !LDRAW_ORG Unofficial_Part 
0 !LICENSE Redistributable under CCAL version 2.0 : see CAreadme.txt

0 BFC CERTIFY CCW

0 !KEYWORDS Dimensions, Toy Tag, NFC, Electronic


1 16 0 0 0 1 0 0 0 1 0 0 0 1 s\18605s01.dat

1 16 0 0 0 1 0 0 0 1 0 0 0 1 s\18605s02.dat
1 0 0 0 0 1 0 0 0 1 0 0 0 1 s\18605s03.dat

4 288 -18.7 0 24 -19.2 0 23.5 -9.25 0 23.5 -9.75 0 24
4 288 -9.5 0 31 -10.0741 0 30.8859 -8.4394 0 30.5607 -8.926 0 30.8859
3 288 -10.0741 0 30.8859 -10.5607 0 30.5607 -8.4394 0 30.5607
4 288 -8.1142 0 30.0741 -8.4394 0 30.5607 -10.5607 0 30.5607 -10.8859 0 30.0741
4 288 -11 0 29.5 -8 0 29.5 -8.1142 0 30.0741 -10.8859 0 30.0741
4 288 -11 0 29.5 -10.8859 0 28.926 -8.1142 0 28.926 -8 0 29.5
4 288 -8.1142 0 28.926 -10.8859 0 28.926 -10.5607 0 28.4394 -8.4394 0 28.4394
4 288 -8.926 0 28.1142 -8.4394 0 28.4394 -10.5607 0 28.4394 -10.0741 0 28.1142
4 288 2.1894 0 29.1607 4.3107 0 29.1607 3.8241 0 29.4859 2.676 0 29.4859
4 288 2.1894 0 29.1607 1.8642 0 28.6741 4.6359 0 28.6741 4.3107 0 29.1607
4 288 1.75 0 28.1 4.75 0 28.1 4.6359 0 28.6741 1.8642 0 28.6741
4 288 1.75 0 28.1 1.8642 0 27.526 4.6359 0 27.526 4.75 0 28.1
4 288 4.6359 0 27.526 1.8642 0 27.526 2.1894 0 27.0394 4.3107 0 27.0394
3 288 4.3107 0 27.0394 2.1894 0 27.0394 2.676 0 26.7142
4 288 3.25 0 26.6 3.8241 0 26.7142 4.3107 0 27.0394 2.676 0 26.7142
4 288 20.5 0 27.2 19.926 0 27.0859 21.5607 0 26.7607 21.0741 0 27.0859
4 288 19.1142 0 26.2741 21.5607 0 26.7607 19.926 0 27.0859 19.4394 0 26.7607
4 288 22 0 25.7 21.8859 0 26.2741 21.5607 0 26.7607 19.1142 0 26.2741
4 288 19.1142 0 26.2741 19 0 25.7 19.1142 0 25.126 22 0 25.7
3 288 22 0 25.7 19.1142 0 25.126 21.8859 0 25.126
4 288 21.8859 0 25.126 19.1142 0 25.126 19.4394 0 24.6394 21.5607 0 24.6394
4 288 19.4394 0 24.6394 19.926 0 24.3142 21.0741 0 24.3142 21.5607 0 24.6394
4 288 9.4 0 22.3 8.826 0 22.1859 10.4607 0 21.8607 9.9741 0 22.1859
3 288 8.826 0 22.1859 8.3394 0 21.8607 10.4607 0 21.8607
4 288 10.7859 0 21.3741 10.4607 0 21.8607 8.3394 0 21.8607 8.0142 0 21.3741
3 288 10.7859 0 21.3741 8.0142 0 21.3741 10.9 0 20.8
4 288 10.4607 0 19.7394 10.7859 0 20.226 10.9 0 20.8 8.0142 0 20.226
4 288 8.826 0 19.4142 10.4607 0 19.7394 8.0142 0 20.226 8.3394 0 19.7394
4 288 10.4607 0 19.7394 8.826 0 19.4142 9.4 0 19.3 9.9741 0 19.4142
4 288 7.7 0 30.7 7.7 0 24.2 15.9 0 24.2 15.9 0 30.7
4 10 -19.2 0 23.5 -25.6142 0 25.6142 -27.9177 0 22.9876 -25.4578 0 20.5
4 10 -19.2 0 30.6439 -22.0518 0 28.7384 -25.6142 0 25.6142 -19.2 0 23.5
4 10 -16.8 0 19.8 -24.7656 0 19.8 -21.7 0 16.7 -16.8 0 16.7
4 10 -9.25 0 23.5 -19.2 0 23.5 -25.4578 0 20.5 -16.1 0 20.5
4 10 -9.25 0 23.5 -16.1 0 20.5 -16.1 0 16.7 -6 0 20.3
3 10 -6 0 20.3 -16.1 0 16.7 0 0 16.7
3 10 8.3394 0 19.7394 0 0 16.7 8.826 0 19.4142
3 10 7.9994 0 20.3 -6 0 20.3 8.0142 0 20.226
4 10 0 0 16.7 8.3394 0 19.7394 8.0142 0 20.226 -6 0 20.3
4 10 8.826 0 19.4142 0 0 16.7 20.25 0 16.7 9.4 0 19.3
3 10 9.9741 0 19.4142 9.4 0 19.3 20.25 0 16.7
3 10 10.4607 0 19.7394 9.9741 0 19.4142 20.25 0 16.7
4 10 20.25 0 24.2497 10.7859 0 20.226 10.4607 0 19.7394 20.25 0 16.7
3 10 19.926 0 24.3142 10.7859 0 20.226 20.25 0 24.2497
4 10 10.9 0 20.8 10.7859 0 20.226 19.926 0 24.3142 15.9 0 24.2
3 10 15.9 0 24.2 10.7859 0 21.3741 10.9 0 20.8
3 10 7.7 0 24.2 8.826 0 22.1859 9.4 0 22.3
4 10 9.4 0 22.3 9.9741 0 22.1859 15.9 0 24.2 7.7 0 24.2
3 10 15.9 0 24.2 9.9741 0 22.1859 10.4607 0 21.8607
3 10 15.9 0 24.2 10.4607 0 21.8607 10.7859 0 21.3741
4 10 -18.7 0 30.978 -18.7 0 24 -11 0 29.5 -18.112 0 31.3709
3 10 -11 0 29.5 -18.7 0 24 -10.8859 0 28.926
4 10 -9.75 0 24 -10.5607 0 28.4394 -10.8859 0 28.926 -18.7 0 24
3 10 -10.5607 0 28.4394 -9.75 0 24 -10.0741 0 28.1142
3 10 -10.0741 0 28.1142 -9.75 0 24 -9.75 0 28.0497
4 10 -6 0 20.3 -8.926 0 28.1142 -9.25 0 28.0497 -9.25 0 23.5
3 10 -8.4394 0 28.4394 -8.926 0 28.1142 -6 0 20.3
3 10 -8.1142 0 28.926 -8.4394 0 28.4394 -6 0 20.3
4 10 -11 0 29.5 -10.8859 0 30.0741 -13.8623 0 33.4666 -18.112 0 31.3709
3 10 -13.8623 0 33.4666 -10.8859 0 30.0741 -10.5607 0 30.5607
4 10 -9.3755 0 34.9897 -13.8623 0 33.4666 -10.5607 0 30.5607 -10.0741 0 30.8859
4 10 -10.0741 0 30.8859 -9.5 0 31 -6 0 35.6611 -9.3755 0 34.9897
3 10 -6 0 35.6611 -9.5 0 31 -8.926 0 30.8859
3 10 -6 0 35.6611 -8.926 0 30.8859 -8.4394 0 30.5607
3 10 -6 0 35.6611 -8.4394 0 30.5607 -8.1142 0 30.0741
3 10 -6 0 35.6611 -8.1142 0 30.0741 -8 0 29.5
4 10 -6 0 35.6611 -8 0 29.5 -8.1142 0 28.926 -6 0 20.3
4 10 1.75 0 28.1 -4.7282 0 35.9141 -5 0 35.86 -5 0 21.3
3 10 -4.7282 0 35.9141 1.75 0 28.1 1.8642 0 28.6741
4 10 0 0 36.224 -4.7282 0 35.9141 1.8642 0 28.6741 2.1894 0 29.1607
4 10 2.9 0 36.0339 0 0 36.224 2.1894 0 29.1607 2.676 0 29.4859
3 10 2.9 0 36.0339 2.676 0 29.4859 2.9 0 29.5304
4 10 4.7282 0 35.9141 3.6 0 35.988 3.6 0 29.5304 3.8241 0 29.4859
4 10 4.3107 0 29.1607 7.7 0 30.7 4.7282 0 35.9141 3.8241 0 29.4859
4 10 15.9 0 30.7 9.3755 0 34.9897 4.7282 0 35.9141 7.7 0 30.7
4 10 9.3755 0 34.9897 15.9 0 30.7 18.112 0 31.3709 13.8623 0 33.4666
4 10 19.1142 0 26.2741 18.112 0 31.3709 15.9 0 30.7 15.9 0 24.2
3 10 7.7 0 30.7 4.3107 0 29.1607 4.6359 0 28.6741
3 10 7.7 0 30.7 4.6359 0 28.6741 4.75 0 28.1
4 10 7.7 0 30.7 4.75 0 28.1 4.6359 0 27.526 7.7 0 24.2
3 10 4.6359 0 27.526 4.3107 0 27.0394 7.7 0 24.2
4 10 8.3394 0 21.8607 7.7 0 24.2 4.3107 0 27.0394 3.8241 0 26.7142
3 10 7.7 0 24.2 8.3394 0 21.8607 8.826 0 22.1859
4 10 3.8241 0 26.7142 3.25 0 26.6 8.0142 0 21.3741 8.3394 0 21.8607
3 10 8.0142 0 21.3741 -5 0 21.3 7.9994 0 21.3
4 10 8.0142 0 21.3741 3.25 0 26.6 2.676 0 26.7142 -5 0 21.3
3 10 1.75 0 28.1 -5 0 21.3 1.8642 0 27.526
3 10 1.8642 0 27.526 -5 0 21.3 2.1894 0 27.0394
3 10 2.1894 0 27.0394 -5 0 21.3 2.676 0 26.7142
3 10 19.4394 0 24.6394 15.9 0 24.2 19.926 0 24.3142
3 10 19.1142 0 25.126 15.9 0 24.2 19.4394 0 24.6394
3 10 19 0 25.7 15.9 0 24.2 19.1142 0 25.126
3 10 19.1142 0 26.2741 15.9 0 24.2 19 0 25.7
3 10 18.112 0 31.3709 19.1142 0 26.2741 19.4394 0 26.7607
3 10 18.112 0 31.3709 19.4394 0 26.7607 19.926 0 27.0859
4 10 19.926 0 27.0859 20.5 0 27.2 22.0518 0 28.7384 18.112 0 31.3709
3 10 22.0518 0 28.7384 20.5 0 27.2 21.0741 0 27.0859
3 10 22.0518 0 28.7384 21.0741 0 27.0859 21.5607 0 26.7607
4 10 21.5607 0 26.7607 21.8859 0 26.2741 25.6142 0 25.6142 22.0518 0 28.7384
3 10 21.8859 0 26.2741 22 0 25.7 25.6142 0 25.6142
4 10 27.9177 0 22.9876 25.6142 0 25.6142 22 0 25.7 21.8859 0 25.126
4 10 21.7 0 16.7 21.0741 0 24.3142 20.75 0 24.2497 20.75 0 16.7
4 10 27.9177 0 22.9876 21.5607 0 24.6394 21.0741 0 24.3142 21.7 0 16.7
3 10 21.8859 0 25.126 21.5607 0 24.6394 27.9177 0 22.9876
4 288 -16.1 0 20.5 -25.4578 0 20.5 -24.7656 0 19.8 -16.8 0 19.8
4 288 -16.1 0 20.5 -16.8 0 19.8 -16.8 0 16.7 -16.1 0 16.7
4 288 -18.7 0 30.978 -19.2 0 30.6439 -19.2 0 23.5 -18.7 0 24
4 288 -8.926 0 28.1142 -10.0741 0 28.1142 -9.75 0 28.0497 -9.25 0 28.0497
4 288 -9.25 0 28.0497 -9.75 0 28.0497 -9.75 0 24 -9.25 0 23.5
4 288 -6 0 20.3 -5 0 21.3 -5 0 35.86 -6 0 35.6611
4 288 8.0142 0 21.3741 7.9994 0 21.3 7.9994 0 20.3 10.9 0 20.8
3 288 10.9 0 20.8 7.9994 0 20.3 8.0142 0 20.226
4 288 7.9994 0 21.3 -5 0 21.3 -6 0 20.3 7.9994 0 20.3
4 288 21.0741 0 24.3142 19.926 0 24.3142 20.25 0 24.2497 20.75 0 24.2497
4 288 20.25 0 24.2497 20.25 0 16.7 20.75 0 16.7 20.75 0 24.2497
4 288 2.676 0 29.4859 3.8241 0 29.4859 3.6 0 29.5304 2.9 0 29.5304
4 288 3.6 0 29.5304 3.6 0 35.988 2.9 0 36.0339 2.9 0 29.5304
4 288 -14.3 0 -21 -14.8741 0 -21.1142 -13.2394 0 -21.4394 -13.726 0 -21.1142
3 288 -14.8741 0 -21.1142 -15.3607 0 -21.4394 -13.2394 0 -21.4394
4 288 -15.3607 0 -21.4394 -15.6859 0 -21.926 -12.9142 0 -21.926 -13.2394 0 -21.4394
4 288 -13.2394 0 -23.5607 -14.8741 0 -23.8859 -14.3 0 -24 -13.726 0 -23.8859
3 288 -13.2394 0 -23.5607 -15.3607 0 -23.5607 -14.8741 0 -23.8859
4 288 -12.9142 0 -23.0741 -15.6859 0 -23.0741 -15.3607 0 -23.5607 -13.2394 0 -23.5607
4 288 12 0 -22.1 11.426 0 -22.2142 13.0607 0 -22.5394 12.5741 0 -22.2142
3 288 11.426 0 -22.2142 10.9394 0 -22.5394 13.0607 0 -22.5394
4 288 10.9394 0 -22.5394 10.6142 0 -23.026 13.3859 0 -23.026 13.0607 0 -22.5394
4 288 13.0607 0 -24.6607 11.426 0 -24.9859 12 0 -25.1 12.5741 0 -24.9859
3 288 13.0607 0 -24.6607 10.9394 0 -24.6607 11.426 0 -24.9859
4 288 10.9394 0 -24.6607 13.0607 0 -24.6607 13.3859 0 -24.1741 10.6142 0 -24.1741
4 288 16.2 0 -16.7 15.5 0 -16.7 15.5 0 -20.4 16.2 0 -19.7
4 288 -20.2 0 -20.8 -19.7 0 -21.3 -19.7 0 -16.7 -20.2 0 -16.7
4 288 -10.3 0 -16.7 -10.8 0 -16.7 -10.8 0 -22.25 -10.3 0 -22.75
4 288 -25.7544 0 -20.8 -26.2489 0 -21.3 -19.7 0 -21.3 -20.2 0 -20.8
4 288 -12.8497 0 -22.25 -12.8497 0 -22.75 -10.3 0 -22.75 -10.8 0 -22.25
4 288 -22.4377 0 -28.4 -12.6 0 -28.4 -11.9 0 -27.7 -23.2359 0 -27.7
4 288 -12.6 0 -28.4 -12.6 0 -33.8951 -11.9 0 -34.1327 -11.9 0 -27.7
4 288 24 0 -23.1 23 0 -24.1 23 0 -27.9069 24 0 -27.0299
4 288 24 0 -23.1 13.4006 0 -23.1 13.4006 0 -24.1 23 0 -24.1
4 288 25.3795 0 -20.4 24.6928 0 -19.7 16.2 0 -19.7 15.5 0 -20.4
4 288 -12.9142 0 -21.926 -15.6859 0 -21.926 -15.8 0 -22.5 -12.8497 0 -22.25
4 288 -12.8497 0 -22.25 -15.8 0 -22.5 -15.6859 0 -23.0741 -12.8497 0 -22.75
3 288 -12.8497 0 -22.75 -15.6859 0 -23.0741 -12.9142 0 -23.0741
4 288 10.5 0 -23.6 13.4006 0 -23.1 13.3859 0 -23.026 10.6142 0 -23.026
4 288 13.4006 0 -23.1 10.5 0 -23.6 10.6142 0 -24.1741 13.4006 0 -24.1
3 288 13.4006 0 -24.1 10.6142 0 -24.1741 13.3859 0 -24.1741
4 10 18.112 0 -31.3709 12.5741 0 -24.9859 12 0 -25.1 13.8623 0 -33.4666
4 10 22.0518 0 -28.7384 13.0607 0 -24.6607 12.5741 0 -24.9859 18.112 0 -31.3709
4 10 23 0 -27.9069 13.3859 0 -24.1741 13.0607 0 -24.6607 22.0518 0 -28.7384
4 10 23 0 -27.9069 23 0 -24.1 13.4006 0 -24.1 13.3859 0 -24.1741
3 10 13.3859 0 -23.026 13.4006 0 -23.1 24 0 -23.1
4 10 15.5 0 -16.7 13.0607 0 -22.5394 13.3859 0 -23.026 15.5 0 -20.4
3 10 15.5 0 -16.7 12.5741 0 -22.2142 13.0607 0 -22.5394
3 10 15.5 0 -16.7 12 0 -22.1 12.5741 0 -22.2142
4 10 16.2 0 -16.7 16.2 0 -19.7 24.6928 0 -19.7 21.75 0 -16.7
4 10 13.3859 0 -23.026 24 0 -23.1 25.3795 0 -20.4 15.5 0 -20.4
3 10 25.3795 0 -20.4 24 0 -23.1 27.9177 0 -22.9876
4 10 27.9177 0 -22.9876 24 0 -23.1 24 0 -27.0299 25.6142 0 -25.6142
3 10 -12.6 0 -28.4 -22.4377 0 -28.4 -22.0518 0 -28.7384
4 10 -13.8623 0 -33.4666 -12.6 0 -28.4 -22.0518 0 -28.7384 -18.112 0 -31.3709
3 10 -12.6 0 -28.4 -13.8623 0 -33.4666 -12.6 0 -33.8951
4 10 -20.2 0 -16.7 -21.7 0 -16.7 -25.7544 0 -20.8 -20.2 0 -20.8
4 10 -12.8497 0 -22.25 -10.8 0 -22.25 -10.8 0 -16.7 -12.9142 0 -21.926
3 10 -10.8 0 -16.7 -13.2394 0 -21.4394 -12.9142 0 -21.926
3 10 -10.8 0 -16.7 -13.726 0 -21.1142 -13.2394 0 -21.4394
3 10 -10.8 0 -16.7 -14.3 0 -21 -13.726 0 -21.1142
4 10 -14.8741 0 -21.1142 -14.3 0 -21 -10.8 0 -16.7 -19.7 0 -16.7
4 10 -15.3607 0 -21.4394 -14.8741 0 -21.1142 -19.7 0 -16.7 -19.7 0 -21.3
3 10 -19.7 0 -21.3 -15.6859 0 -21.926 -15.3607 0 -21.4394
3 10 -19.7 0 -21.3 -15.8 0 -22.5 -15.6859 0 -21.926
4 10 -25.6142 0 -25.6142 -23.2359 0 -27.7 -15.8 0 -22.5 -19.7 0 -21.3
4 10 -19.7 0 -21.3 -26.2489 0 -21.3 -27.9177 0 -22.9876 -25.6142 0 -25.6142
3 10 -15.8 0 -22.5 -23.2359 0 -27.7 -15.6859 0 -23.0741
3 10 -15.6859 0 -23.0741 -23.2359 0 -27.7 -15.3607 0 -23.5607
3 10 -15.3607 0 -23.5607 -23.2359 0 -27.7 -14.8741 0 -23.8859
4 10 -14.8741 0 -23.8859 -23.2359 0 -27.7 -11.9 0 -27.7 -14.3 0 -24
3 10 -13.726 0 -23.8859 -14.3 0 -24 -11.9 0 -27.7
3 10 -13.2394 0 -23.5607 -13.726 0 -23.8859 -11.9 0 -27.7
3 10 -10.3 0 -22.75 -12.8497 0 -22.75 -12.9142 0 -23.0741
4 10 -13.2394 0 -23.5607 -11.9 0 -27.7 -10.3 0 -22.75 -12.9142 0 -23.0741
3 0 -1 0 -27.5 -2 0 -27.5 -2 0 -29
4 0 -1 0 -27.5 -2 0 -29 -2 0 -32 -1 0 -32.5
3 0 -2 0 -32 -2 0 -33.5 -1 0 -32.5
4 0 -2 0 -32 -2 0 -29 -4 0 -29 -4 0 -31
4 0 -2 0 -32 -4 0 -31 -5.25 0 -31 -4.5 0 -32
4 0 -5.25 0 -31 -5.25 0 -32.5 -4.5 0 -33.5 -4.5 0 -32
4 0 -8.75 0 -33.5 -4.5 0 -33.5 -5.25 0 -32.5 -7.75 0 -32.5
4 0 -8.75 0 -33.5 -7.75 0 -32.5 -7.75 0 -30.5 -8.75 0 -29.5
4 0 -8.75 0 -29.5 -7.75 0 -30.5 -6 0 -30.5 -6.75 0 -29.5
3 0 -6 0 -29 -6.75 0 -29.5 -6 0 -30.5
4 0 -6.75 0 -29.5 -6 0 -29 -4 0 -26 -6 0 -26
3 0 -4 0 -26 -6 0 -29 -4 0 -29
4 0 -6.75 0 -29.5 -6 0 -26 -6 0 -22.5 -6.75 0 -21.5
4 0 -6.75 0 -21.5 -6 0 -22.5 -4.25 0 -22.5 -5 0 -21.5
4 0 -4.25 0 -22.5 -4.25 0 -20.75 -5 0 -19.75 -5 0 -21.5
4 0 -2.5 0 -20.75 -3.25 0 -19.75 -5 0 -19.75 -4.25 0 -20.75
4 0 -3.25 0 -18.25 -3.25 0 -19.75 -2.5 0 -20.75 -2.5 0 -19.25
3 0 2 0 -27.5 1 0 -27.5 2 0 -29
4 0 1 0 -27.5 1 0 -32.5 2 0 -32 2 0 -29
3 0 2 0 -32 1 0 -32.5 2 0 -33.5
3 0 4 0 -29 2 0 -29 4 0 -31
4 0 4.5 0 -32 4 0 -31 2 0 -29 2 0 -32
3 0 5.25 0 -31 4 0 -31 4.5 0 -32
4 0 5.25 0 -31 4.5 0 -32 4.5 0 -33.5 5.25 0 -32.5
4 0 5.25 0 -32.5 4.5 0 -33.5 8.75 0 -33.5 7.75 0 -32.5
4 0 7.75 0 -30.5 7.75 0 -32.5 8.75 0 -33.5 8.75 0 -29.5
3 0 8.75 0 -29.5 6.75 0 -29.5 7.75 0 -30.5
4 0 6 0 -29 6 0 -30.5 7.75 0 -30.5 6.75 0 -29.5
4 0 4 0 -29 6 0 -29 6 0 -26 4 0 -26
4 0 6.75 0 -21.5 6 0 -26 6 0 -29 6.75 0 -29.5
3 0 6.75 0 -21.5 6 0 -22.5 6 0 -26
4 0 4.25 0 -22.5 6 0 -22.5 6.75 0 -21.5 5 0 -21.5
4 0 4.25 0 -22.5 5 0 -21.5 5 0 -19.75 4.25 0 -20.75
4 0 5 0 -19.75 3.25 0 -19.75 2.5 0 -20.75 4.25 0 -20.75
4 0 3.25 0 -18.25 2.5 0 -19.25 2.5 0 -20.75 3.25 0 -19.75
4 0 1 0 -32.5 -1 0 -32.5 -2 0 -33.5 2 0 -33.5
4 0 -2.75 0 -25.75 -2.75 0 -22.5 -3.75 0 -22.5 -3.75 0 -25.75
4 0 2.25 0 -25.75 2.25 0 -22.5 1.25 0 -22.5 1.25 0 -25.75
3 14 2.5 0 -19.25 -2.5 0 -19.25 -2.5 0 -20.75
4 14 2.5 0 -19.25 -2.5 0 -20.75 -2.5 0 -22.5 2.5 0 -20.75
3 14 2.5 0 -20.75 -2.5 0 -22.5 1.25 0 -22.5
3 14 2.5 0 -20.75 1.25 0 -22.5 2.25 0 -22.5
3 14 2.5 0 -20.75 2.25 0 -22.5 2.5 0 -22.5
3 14 -.5 0 -25.75 -1 0 -27.5 -.5 0 -27.5
4 14 -.5 0 -25.75 -2.25 0 -25.75 -2 0 -27.5 -1 0 -27.5
3 14 -2.25 0 -25.75 -2.25 0 -27.5 -2 0 -27.5
4 0 -2.5 0 -19.25 2.5 0 -19.25 3.25 0 -18.25 -3.25 0 -18.25
4 10 -2.5 0 -20.75 -4.25 0 -20.75 -4.25 0 -22.5 -3.75 0 -22.5
3 10 -2.5 0 -20.75 -2.75 0 -22.5 -2.5 0 -22.5
3 10 -2.5 0 -20.75 -3.75 0 -22.5 -2.75 0 -22.5
4 10 -4 0 -26 -4.25 0 -22.5 -6 0 -22.5 -6 0 -26
4 10 -3.75 0 -22.5 -4.25 0 -22.5 -4 0 -26 -3.75 0 -25.75
4 10 -2.75 0 -22.5 -2.75 0 -25.75 -2.25 0 -25.75 -2.5 0 -22.5
4 10 -2.25 0 -25.75 -.5 0 -25.75 1.25 0 -22.5 -2.5 0 -22.5
3 10 1.25 0 -22.5 -.5 0 -25.75 .75 0 -25.75
3 10 1.25 0 -22.5 .75 0 -25.75 1.25 0 -25.75
4 10 -2.75 0 -25.75 -3.75 0 -25.75 -4 0 -26 -4 0 -29
3 10 -2.25 0 -25.75 -2.75 0 -25.75 -2.25 0 -27.5
4 10 -2.75 0 -25.75 -4 0 -29 -2 0 -29 -2.25 0 -27.5
3 10 -2 0 -27.5 -2.25 0 -27.5 -2 0 -29
4 10 .75 0 -27.5 .75 0 -25.75 -.5 0 -25.75 -.5 0 -27.5
4 10 1 0 -32.5 -.5 0 -27.5 -1 0 -27.5 -1 0 -32.5
3 10 .75 0 -27.5 -.5 0 -27.5 1 0 -32.5
3 10 1 0 -27.5 .75 0 -27.5 1 0 -32.5
4 10 -5.25 0 -32.5 -6 0 -30.5 -7.75 0 -30.5 -7.75 0 -32.5
4 10 -6 0 -29 -6 0 -30.5 -5.25 0 -32.5 -5.25 0 -31
4 10 -4 0 -31 -4 0 -29 -6 0 -29 -5.25 0 -31
4 10 -2 0 -33.5 -2 0 -32 -4.5 0 -32 -4.5 0 -33.5
4 10 4.5 0 -33.5 4.5 0 -32 2 0 -32 2 0 -33.5
4 10 4 0 -29 2.5 0 -27.5 2 0 -27.5 2 0 -29
4 10 2.5 0 -25.75 2.5 0 -27.5 4 0 -29 4 0 -26
4 10 4.25 0 -20.75 2.5 0 -22.5 2.5 0 -25.75 4.25 0 -22.5
4 10 2.5 0 -25.75 2.5 0 -22.5 2.25 0 -22.5 2.25 0 -25.75
3 10 4.25 0 -20.75 2.5 0 -20.75 2.5 0 -22.5
4 10 2.5 0 -25.75 4 0 -26 6 0 -26 4.25 0 -22.5
3 10 6 0 -22.5 4.25 0 -22.5 6 0 -26
4 10 6 0 -29 4 0 -29 4 0 -31 5.25 0 -31
3 10 6 0 -29 5.25 0 -31 6 0 -30.5
4 10 5.25 0 -31 5.25 0 -32.5 7.75 0 -32.5 6 0 -30.5
3 10 7.75 0 -30.5 6 0 -30.5 7.75 0 -32.5
3 10 2 0 -33.5 -2 0 -33.5 0 0 -36.224
4 10 0 0 -36.224 4.7282 0 -35.9141 4.5 0 -33.5 2 0 -33.5
4 10 4.7282 0 -35.9141 9.3755 0 -34.9897 8.75 0 -33.5 4.5 0 -33.5
4 10 9.3755 0 -34.9897 13.8623 0 -33.4666 8.75 0 -29.5 8.75 0 -33.5
4 10 11.426 0 -24.9859 8.75 0 -29.5 13.8623 0 -33.4666 12 0 -25.1
3 10 6.75 0 -21.5 10.6142 0 -23.026 10.9394 0 -22.5394
3 10 6.75 0 -21.5 10.5 0 -23.6 10.6142 0 -23.026
4 10 10.5 0 -23.6 6.75 0 -21.5 6.75 0 -29.5 10.6142 0 -24.1741
4 10 10.6142 0 -24.1741 6.75 0 -29.5 8.75 0 -29.5 10.9394 0 -24.6607
3 10 10.9394 0 -24.6607 8.75 0 -29.5 11.426 0 -24.9859
4 10 5 0 -21.5 6.75 0 -21.5 15.5 0 -16.7 5 0 -19.75
3 10 15.5 0 -16.7 11.426 0 -22.2142 12 0 -22.1
4 10 15.5 0 -16.7 6.75 0 -21.5 10.9394 0 -22.5394 11.426 0 -22.2142
4 10 3.25 0 -19.75 5 0 -19.75 15.5 0 -16.7 3.25 0 -18.25
4 10 -5 0 -19.75 -3.25 0 -19.75 -3.25 0 -18.25 -10.3 0 -16.7
4 10 -10.3 0 -22.75 -6.75 0 -21.5 -5 0 -19.75 -10.3 0 -16.7
3 10 -5 0 -19.75 -6.75 0 -21.5 -5 0 -21.5
3 10 -6.75 0 -21.5 -10.3 0 -22.75 -6.75 0 -29.5
4 10 -11.9 0 -27.7 -8.75 0 -29.5 -6.75 0 -29.5 -10.3 0 -22.75
4 10 -8.75 0 -29.5 -11.9 0 -27.7 -11.9 0 -34.1327 -8.75 0 -33.5
4 10 -11.9 0 -34.1327 -9.3755 0 -34.9897 -4.7282 0 -35.9141 -8.75 0 -33.5
4 10 -8.75 0 -33.5 -4.7282 0 -35.9141 0 0 -36.224 -4.5 0 -33.5
3 10 -2 0 -33.5 -4.5 0 -33.5 0 0 -36.224
4 10 -3.25 0 -18.25 3.25 0 -18.25 15.5 0 -16.7 -10.3 0 -16.7
4 14 1.25 0 -25.75 .75 0 -25.75 .75 0 -27.5 1 0 -27.5
4 14 1 0 -27.5 2 0 -27.5 2.25 0 -25.75 1.25 0 -25.75
4 14 2.5 0 -25.75 2.25 0 -25.75 2 0 -27.5 2.5 0 -27.5
