0 ~Electric Brick  4 x  4 x  0.667 Round - Top with  2 Studs with Black "Aperture" Pattern
0 Name: 18605p09.dat
0 Author: Evert-Jan Boer [ejboer]
0 !LDRAW_ORG Unofficial_Part 
0 !LICENSE Redistributable under CCAL version 2.0 : see CAreadme.txt

0 BFC CERTIFY CCW

0 !KEYWORDS Dimensions, Toy Tag, NFC, Electronic


1 16 0 0 0 1 0 0 0 1 0 0 0 1 s\18605s01.dat
1 16 0 0 0 1 0 0 0 1 0 0 0 1 s\18605s02.dat
1 25 0 0 0 1 0 0 0 1 0 0 0 1 s\18605s03.dat

4 212 -19.361 0 30.5364 -22.0518 0 28.7384 -17.3 0 23.6 -14.8 0 25.8
4 212 -17.3 0 23.6 -15.5 0 22.6 -13.5 0 25.6 -14.8 0 25.8
4 212 13.5 0 25.6 15.5 0 22.6 17.3 0 23.6 14.8 0 25.8
4 212 17.3 0 23.6 22.0518 0 28.7384 19.361 0 30.5364 14.8 0 25.8
4 15 -21.7 0 16.7 -17.3 0 23.6 -22.0518 0 28.7384 -25.6142 0 25.6142
3 15 -15.5 0 22.6 -17.3 0 23.6 -21.7 0 16.7
4 15 -14.8 0 25.8 -13.5 0 25.6 -9.3755 0 34.9897 -13.8623 0 33.4666
4 15 21.7 0 16.7 27.9177 0 22.9876 25.6142 0 25.6142 17.3 0 23.6
3 15 17.3 0 23.6 25.6142 0 25.6142 22.0518 0 28.7384
3 15 15.5 0 22.6 21.7 0 16.7 17.3 0 23.6
4 15 14.8 0 25.8 19.361 0 30.5364 18.112 0 31.3709 13.5 0 25.6
4 15 13.5 0 25.6 18.112 0 31.3709 13.8623 0 33.4666 9.3755 0 34.9897
4 0 -19.498 0 -23.8731 -19.4031 0 -24.8372 -19.1218 0 -25.7643 -17.1667 0 -23.3424
4 0 -19.498 0 -23.8731 -17.1667 0 -23.3424 -17.0156 0 -22.8444 -19.4031 0 -22.909
3 0 -19.4031 0 -22.909 -17.0156 0 -22.8444 -16.7703 0 -22.3854
3 0 -19.4031 0 -22.909 -16.7703 0 -22.3854 -16.4401 0 -21.9831
4 0 -17.3017 0 -19.7641 -18.0506 0 -20.3787 -18.6652 0 -21.1275 -15.5789 0 -21.4077
3 0 -15.0809 0 -21.2566 -17.3017 0 -19.7641 -15.5789 0 -21.4077
3 0 -14.563 0 -21.2056 -17.3017 0 -19.7641 -15.0809 0 -21.2566
4 0 -17.1667 0 -24.3782 -18.6652 0 -26.6187 -18.0506 0 -27.3675 -17.0156 0 -24.8762
3 0 -17.2177 0 -23.8603 -18.6652 0 -26.6187 -17.1667 0 -24.3782
4 0 -18.0506 0 -27.3675 -17.3017 0 -27.9821 -16.4473 0 -28.4388 -17.0156 0 -24.8762
3 0 -16.4473 0 -28.4388 -16.7703 0 -25.3351 -17.0156 0 -24.8762
4 0 -16.4401 0 -25.7374 -15.5203 0 -28.72 -14.5561 0 -28.815 -16.0378 0 -26.0676
4 0 -13.592 0 -28.72 -15.5789 0 -26.3129 -16.0378 0 -26.0676 -14.5561 0 -28.815
4 0 -12.665 0 -28.4388 -15.0809 0 -26.464 -15.5789 0 -26.3129 -13.592 0 -28.72
4 0 -11.0617 0 -27.3675 -14.0451 0 -26.464 -14.563 0 -26.515 -11.8106 0 -27.9821
4 0 -14.0451 0 -26.464 -11.0617 0 -27.3675 -10.4471 0 -26.6187 -13.5471 0 -26.3129
4 0 -9.9904 0 -25.7643 -13.0881 0 -26.0676 -13.5471 0 -26.3129 -10.4471 0 -26.6187
4 0 -15.5203 0 -19.0262 -16.4473 0 -19.3074 -14.0451 0 -21.2566 -13.592 0 -19.0262
3 0 -14.5561 0 -18.9312 -15.5203 0 -19.0262 -13.592 0 -19.0262
3 0 -13.5471 0 -21.4077 -13.592 0 -19.0262 -14.0451 0 -21.2566
3 0 -13.0881 0 -21.653 -13.592 0 -19.0262 -13.5471 0 -21.4077
3 0 -12.6858 0 -21.9831 -13.592 0 -19.0262 -13.0881 0 -21.653
4 0 -11.8106 0 -19.7641 -12.665 0 -19.3074 -12.3557 0 -22.3854 -11.0617 0 -20.3787
4 0 -11.0617 0 -20.3787 -12.3557 0 -22.3854 -12.1104 0 -22.8444 -10.4471 0 -21.1275
3 0 -11.9593 0 -23.3424 -10.4471 0 -21.1275 -12.1104 0 -22.8444
3 0 -11.9593 0 -23.3424 -11.9083 0 -23.8603 -10.4471 0 -21.1275
4 0 -10.7044 0 -24.8994 -9.4578 0 -24.8994 -9.5184 0 -24.031 -10.3005 0 -24.031
4 0 -12.0299 0 -25.373 -10.9247 0 -25.373 -10.7044 0 -24.8994 -10.1353 0 -21.9785
3 0 -10.7044 0 -24.8994 -10.3005 0 -24.031 -10.1353 0 -21.9785
3 0 -10.1353 0 -21.9785 -10.3005 0 -24.031 -9.6204 0 -22.5688
3 0 -9.4578 0 -24.8994 -9.4248 0 -25.373 -8.2617 0 -25.373
3 0 -9.5184 0 -24.031 -9.4578 0 -24.8994 -8.2617 0 -25.373
4 0 -8.2617 0 -25.373 -8.7353 0 -21.9785 -9.6204 0 -22.5688 -9.5184 0 -24.031
3 0 -10.1353 0 -21.9785 -9.6204 0 -22.5688 -8.7353 0 -21.9785
4 0 -4.3934 0 -22.0574 -4.846 0 -21.9785 -5.6355 0 -21.9785 -5.1618 0 -22.7679
4 0 -4.925 0 -22.8468 -4.0777 0 -22.3732 -4.3934 0 -22.0574 -5.1618 0 -22.7679
4 0 -4.846 0 -23.1626 -3.9198 0 -22.9258 -4.0777 0 -22.3732 -4.925 0 -22.8468
4 0 -5.0039 0 -23.3994 -4.0777 0 -23.5573 -3.9198 0 -22.9258 -4.846 0 -23.1626
4 0 -4.0777 0 -23.5573 -5.0039 0 -23.3994 -5.0039 0 -24.1889 -4.3934 0 -23.9521
4 0 -5.1618 0 -22.7679 -5.6355 0 -21.9785 -6.5828 0 -21.9785 -5.8007 0 -22.7679
3 0 -7.2933 0 -25.373 -6.346 0 -25.373 -6.0981 0 -24.1889
4 0 -2.5567 0 -21.9785 -1.7746 0 -22.7679 -0.2746 0 -22.7679 -1.6093 0 -21.9785
3 0 -0.2746 0 -22.7679 -0.1094 0 -21.9785 -1.6093 0 -21.9785
4 0 -0.539 0 -24.031 -0.3738 0 -23.2416 -1.8737 0 -23.2416 -2.0389 0 -24.031
4 0 -0.8199 0 -25.373 -0.6547 0 -24.5836 -2.1546 0 -24.5836 -2.3198 0 -25.373
4 0 -2.3198 0 -25.373 -2.1546 0 -24.5836 -2.5567 0 -21.9785 -3.2672 0 -25.373
3 0 -2.0389 0 -24.031 -2.5567 0 -21.9785 -2.1546 0 -24.5836
3 0 -1.8737 0 -23.2416 -2.5567 0 -21.9785 -2.0389 0 -24.031
3 0 -1.7746 0 -22.7679 -2.5567 0 -21.9785 -1.8737 0 -23.2416
4 0 1.8642 0 -21.9785 2.3379 0 -22.7679 3.0063 0 -22.0574 2.6536 0 -21.9785
4 0 3.0063 0 -22.0574 2.3379 0 -22.7679 2.5747 0 -22.8468 3.322 0 -22.3732
4 0 2.6536 0 -23.1626 3.4799 0 -22.9258 3.322 0 -22.3732 2.5747 0 -22.8468
4 0 3.4799 0 -22.9258 2.6536 0 -23.1626 2.4958 0 -23.3994 3.322 0 -23.5573
4 0 2.2379 0 -24.1889 2.9484 0 -23.9521 3.322 0 -23.5573 2.4958 0 -23.3994
4 0 0.9169 0 -21.9785 1.699 0 -22.7679 2.3379 0 -22.7679 1.8642 0 -21.9785
4 0 1.1537 0 -25.373 1.4016 0 -24.1889 0.9169 0 -21.9785 0.2064 0 -25.373
4 0 3.1273 0 -25.373 2.9484 0 -23.9521 2.2379 0 -24.1889 2.18 0 -25.373
3 0 3.1273 0 -25.373 3.1063 0 -24.1889 2.9484 0 -23.9521
4 0 8.1008 0 -24.8204 8.3126 0 -25.1902 8.8113 0 -25.373 9.0565 0 -24.2652
4 0 10.1994 0 -24.5665 10.0257 0 -24.675 11.0717 0 -24.9862 11.182 0 -24.6657
3 0 11.182 0 -24.6657 10.2915 0 -24.3993 10.1994 0 -24.5665
4 0 9.0565 0 -24.2652 9.5218 0 -21.9785 8.5744 0 -21.9785 8.0788 0 -24.3468
4 0 11.182 0 -24.6657 11.7322 0 -21.9785 10.7849 0 -21.9785 10.2915 0 -24.3993
4 0 13.9426 0 -21.9785 14.4163 0 -22.7679 15.0847 0 -22.0574 14.7321 0 -21.9785
4 0 14.6531 0 -22.8468 15.4005 0 -22.3732 15.0847 0 -22.0574 14.4163 0 -22.7679
4 0 14.7321 0 -23.1626 15.5583 0 -22.9258 15.4005 0 -22.3732 14.6531 0 -22.8468
4 0 14.5742 0 -23.3994 15.4005 0 -23.5573 15.5583 0 -22.9258 14.7321 0 -23.1626
4 0 15.4005 0 -23.5573 14.5742 0 -23.3994 14.3163 0 -24.1889 15.0268 0 -23.9521
4 0 14.4163 0 -22.7679 13.9426 0 -21.9785 12.9953 0 -21.9785 13.7774 0 -22.7679
4 0 13.2321 0 -25.373 13.48 0 -24.1889 12.9953 0 -21.9785 12.2848 0 -25.373
4 0 15.2057 0 -25.373 15.0268 0 -23.9521 14.3163 0 -24.1889 14.2584 0 -25.373
3 0 15.1347 0 -24.1889 15.0268 0 -23.9521 15.2057 0 -25.373
3 0 19.2245 0 -22.7679 19.3898 0 -21.9785 17.8898 0 -21.9785
4 0 18.9602 0 -24.031 19.1254 0 -23.2416 17.6255 0 -23.2416 17.4602 0 -24.031
4 0 17.3446 0 -24.5836 17.1793 0 -25.373 18.6793 0 -25.373 18.8445 0 -24.5836
4 0 17.1793 0 -25.373 17.3446 0 -24.5836 16.9425 0 -21.9785 16.232 0 -25.373
3 0 17.4602 0 -24.031 16.9425 0 -21.9785 17.3446 0 -24.5836
3 0 17.6255 0 -23.2416 16.9425 0 -21.9785 17.4602 0 -24.031
3 0 17.7246 0 -22.7679 16.9425 0 -21.9785 17.6255 0 -23.2416
4 0 19.2245 0 -22.7679 17.8898 0 -21.9785 16.9425 0 -21.9785 17.7246 0 -22.7679
4 15 -21.7 0 -16.7 -17.3017 0 -19.7641 -14.563 0 -21.2056 -16.4473 0 -19.3074
3 15 -14.0451 0 -21.2566 -16.4473 0 -19.3074 -14.563 0 -21.2056
4 15 -6.5828 0 -21.9785 -8.7353 0 -21.9785 -8.2617 0 -25.373 -7.2933 0 -25.373
4 15 -5.0039 0 -23.3994 -4.846 0 -23.1626 -4.925 0 -22.8468 -5.1618 0 -22.7679
3 15 -10.3005 0 -24.031 -9.5184 0 -24.031 -9.6204 0 -22.5688
4 15 -10.9247 0 -25.373 -9.4248 0 -25.373 -9.4578 0 -24.8994 -10.7044 0 -24.8994
3 15 -9.9904 0 -25.7643 -9.4248 0 -25.373 -10.9247 0 -25.373
4 15 -10.4471 0 -26.6187 -8.2617 0 -25.373 -9.4248 0 -25.373 -9.9904 0 -25.7643
4 15 -6.346 0 -25.373 -3.2672 0 -25.373 -5.0039 0 -24.1889 -6.0981 0 -24.1889
3 15 -5.0039 0 -24.1889 -3.2672 0 -25.373 -4.3934 0 -23.9521
4 15 -4.3934 0 -23.9521 -3.2672 0 -25.373 -2.5567 0 -21.9785 -4.0777 0 -23.5573
4 15 -4.0777 0 -22.3732 -2.5567 0 -21.9785 0 0 -18 -4.3934 0 -22.0574
3 15 -2.5567 0 -21.9785 -4.0777 0 -22.3732 -3.9198 0 -22.9258
3 15 -2.5567 0 -21.9785 -3.9198 0 -22.9258 -4.0777 0 -23.5573
4 15 -1.8737 0 -23.2416 -0.3738 0 -23.2416 -0.2746 0 -22.7679 -1.7746 0 -22.7679
4 15 -0.539 0 -24.031 -2.0389 0 -24.031 -2.1546 0 -24.5836 -0.6547 0 -24.5836
4 15 -0.6547 0 -24.5836 -0.8199 0 -25.373 0 0 -36.224 0.2064 0 -25.373
3 15 -0.539 0 -24.031 -0.6547 0 -24.5836 0.2064 0 -25.373
4 15 -0.3738 0 -23.2416 -0.539 0 -24.031 0.2064 0 -25.373 0.9169 0 -21.9785
3 15 -0.2746 0 -22.7679 -0.3738 0 -23.2416 0.9169 0 -21.9785
3 15 -0.1094 0 -21.9785 -0.2746 0 -22.7679 0.9169 0 -21.9785
4 15 2.18 0 -25.373 2.2379 0 -24.1889 1.4016 0 -24.1889 0 0 -36.224
4 15 2.5747 0 -22.8468 2.3379 0 -22.7679 2.4958 0 -23.3994 2.6536 0 -23.1626
4 15 4.9064 0 -25.373 3.322 0 -23.5573 2.9484 0 -23.9521 3.1063 0 -24.1889
4 15 -10.1353 0 -21.9785 -8.7353 0 -21.9785 0 0 -18 -10.4471 0 -21.1275
4 15 -10.1353 0 -21.9785 -10.4471 0 -21.1275 -11.9083 0 -23.8603 -12.0299 0 -25.373
4 15 -16.0379 0 -21.653 -19.1218 0 -21.9819 -19.4031 0 -22.909 -16.4401 0 -21.9831
4 15 -13.592 0 -19.0262 -12.6858 0 -21.9831 -12.3557 0 -22.3854 -12.665 0 -19.3074
3 15 -17.1667 0 -23.3424 -19.1218 0 -25.7643 -17.2177 0 -23.8603
4 15 -16.7703 0 -25.3351 -16.4473 0 -28.4388 -15.5203 0 -28.72 -16.4401 0 -25.7374
4 15 -15.0809 0 -26.464 -12.665 0 -28.4388 -11.8106 0 -27.9821 -14.563 0 -26.515
4 15 -9.9904 0 -25.7643 -10.9247 0 -25.373 -12.0299 0 -25.373 -13.0881 0 -26.0676
4 15 -17.2177 0 -23.8603 -15.5824 0 -24.1889 -17.0156 0 -22.8444 -17.1667 0 -23.3424
4 15 -17.0156 0 -22.8444 -15.5824 0 -24.1889 -16.4401 0 -21.9831 -16.7703 0 -22.3854
4 15 -15.5789 0 -21.4077 -15.5824 0 -24.1889 -14.563 0 -21.2056 -15.0809 0 -21.2566
4 15 -13.5471 0 -21.4077 -14.0451 0 -21.2566 -14.563 0 -21.2056 -15.5824 0 -24.1889
4 15 -13.5471 0 -21.4077 -15.5824 0 -24.1889 -12.6858 0 -21.9831 -13.0881 0 -21.653
4 15 -12.1104 0 -22.8444 -12.3557 0 -22.3854 -12.6858 0 -21.9831 -15.5824 0 -24.1889
4 15 -11.9083 0 -23.8603 -11.9593 0 -23.3424 -12.1104 0 -22.8444 -15.5824 0 -24.1889
4 15 -13.0881 0 -26.0676 -12.0299 0 -25.373 -11.9083 0 -23.8603 -15.5824 0 -24.1889
4 15 -14.0451 0 -26.464 -13.5471 0 -26.3129 -13.0881 0 -26.0676 -15.5824 0 -24.1889
4 15 -14.0451 0 -26.464 -15.5824 0 -24.1889 -15.0809 0 -26.464 -14.563 0 -26.515
4 15 -15.0809 0 -26.464 -15.5824 0 -24.1889 -16.0378 0 -26.0676 -15.5789 0 -26.3129
4 15 -16.7703 0 -25.3351 -16.4401 0 -25.7374 -16.0378 0 -26.0676 -15.5824 0 -24.1889
4 15 -17.1667 0 -24.3782 -17.0156 0 -24.8762 -16.7703 0 -25.3351 -15.5824 0 -24.1889
3 15 -17.1667 0 -24.3782 -15.5824 0 -24.1889 -17.2177 0 -23.8603
4 0 -18.6652 0 -21.1275 -19.1218 0 -21.9819 -16.0379 0 -21.653 -15.5789 0 -21.4077
4 15 -16.4401 0 -21.9831 -15.5824 0 -24.1889 -15.5789 0 -21.4077 -16.0379 0 -21.653
4 15 9.0565 0 -24.2652 10.2915 0 -24.3993 10.7849 0 -21.9785 9.5218 0 -21.9785
4 15 18.9602 0 -24.031 17.4602 0 -24.031 17.3446 0 -24.5836 18.8445 0 -24.5836
4 15 17.6255 0 -23.2416 19.1254 0 -23.2416 19.2245 0 -22.7679 17.7246 0 -22.7679
4 15 13.8623 0 -33.4666 14.2584 0 -25.373 13.48 0 -24.1889 13.2321 0 -25.373
3 15 14.3163 0 -24.1889 13.48 0 -24.1889 14.2584 0 -25.373
4 15 14.4163 0 -22.7679 14.5742 0 -23.3994 14.7321 0 -23.1626 14.6531 0 -22.8468
4 15 11.182 0 -24.6657 11.0717 0 -24.9862 12.2848 0 -25.373 12.9953 0 -21.9785
3 15 12.9953 0 -21.9785 11.7322 0 -21.9785 11.182 0 -24.6657
3 15 16.232 0 -25.373 15.1347 0 -24.1889 15.2057 0 -25.373
4 15 15.0268 0 -23.9521 15.1347 0 -24.1889 16.232 0 -25.373 15.4005 0 -23.5573
4 15 21.7 0 -16.7 15.0847 0 -22.0574 15.4005 0 -22.3732 16.9425 0 -21.9785
3 15 15.4005 0 -22.3732 15.5583 0 -22.9258 16.9425 0 -21.9785
4 15 15.5583 0 -22.9258 15.4005 0 -23.5573 16.232 0 -25.373 16.9425 0 -21.9785
4 15 -21.7 0 -16.7 -27.9177 0 -22.9876 -19.4031 0 -22.909 -19.1218 0 -21.9819
3 15 -21.7 0 -16.7 -19.1218 0 -21.9819 -18.6652 0 -21.1275
3 15 -21.7 0 -16.7 -18.6652 0 -21.1275 -18.0506 0 -20.3787
3 15 -21.7 0 -16.7 -18.0506 0 -20.3787 -17.3017 0 -19.7641
3 15 -21.7 0 -16.7 -16.4473 0 -19.3074 -15.5203 0 -19.0262
3 15 -21.7 0 -16.7 -15.5203 0 -19.0262 -14.5561 0 -18.9312
4 15 -25.6142 0 -25.6142 -19.498 0 -23.8731 -19.4031 0 -22.909 -27.9177 0 -22.9876
4 15 -22.0518 0 -28.7384 -19.4031 0 -24.8372 -19.498 0 -23.8731 -25.6142 0 -25.6142
3 15 -19.1218 0 -25.7643 -19.4031 0 -24.8372 -22.0518 0 -28.7384
4 15 -18.6652 0 -26.6187 -22.0518 0 -28.7384 -18.112 0 -31.3709 -18.0506 0 -27.3675
4 15 -17.2177 0 -23.8603 -19.1218 0 -25.7643 -22.0518 0 -28.7384 -18.6652 0 -26.6187
3 15 -18.112 0 -31.3709 -17.3017 0 -27.9821 -18.0506 0 -27.3675
4 15 -16.4473 0 -28.4388 -17.3017 0 -27.9821 -18.112 0 -31.3709 -13.8623 0 -33.4666
4 15 -15.5203 0 -28.72 -16.4473 0 -28.4388 -13.8623 0 -33.4666 -9.3755 0 -34.9897
4 15 -14.5561 0 -28.815 -15.5203 0 -28.72 -9.3755 0 -34.9897 -4.7282 0 -35.9141
3 15 -4.7282 0 -35.9141 -13.592 0 -28.72 -14.5561 0 -28.815
3 15 -13.592 0 -28.72 -4.7282 0 -35.9141 -12.665 0 -28.4388
3 15 -12.665 0 -28.4388 -4.7282 0 -35.9141 -11.8106 0 -27.9821
4 15 -11.0617 0 -27.3675 -11.8106 0 -27.9821 -4.7282 0 -35.9141 -6.346 0 -25.373
4 15 -10.4471 0 -26.6187 -11.0617 0 -27.3675 -6.346 0 -25.373 -7.2933 0 -25.373
3 15 -7.2933 0 -25.373 -8.2617 0 -25.373 -10.4471 0 -26.6187
4 15 0 0 -36.224 -3.2672 0 -25.373 -6.346 0 -25.373 -4.7282 0 -35.9141
3 15 -3.2672 0 -25.373 0 0 -36.224 -2.3198 0 -25.373
3 15 -2.3198 0 -25.373 0 0 -36.224 -0.8199 0 -25.373
3 15 0.2064 0 -25.373 0 0 -36.224 1.1537 0 -25.373
3 15 1.1537 0 -25.373 0 0 -36.224 1.4016 0 -24.1889
4 15 2.18 0 -25.373 0 0 -36.224 4.7282 0 -35.9141 3.1273 0 -25.373
4 15 13.8623 0 -33.4666 8.8113 0 -25.373 8.3126 0 -25.1902 9.3755 0 -34.9897
3 15 13.8623 0 -33.4666 10.398 0 -25.373 8.8113 0 -25.373
4 15 13.8623 0 -33.4666 12.2848 0 -25.373 11.0717 0 -24.9862 10.85 0 -25.225
3 15 12.2848 0 -25.373 13.8623 0 -33.4666 13.2321 0 -25.373
3 15 14.2584 0 -25.373 13.8623 0 -33.4666 15.2057 0 -25.373
4 15 16.232 0 -25.373 15.2057 0 -25.373 13.8623 0 -33.4666 18.112 0 -31.3709
4 15 17.1793 0 -25.373 16.232 0 -25.373 18.112 0 -31.3709 22.0518 0 -28.7384
3 15 18.6793 0 -25.373 17.1793 0 -25.373 22.0518 0 -28.7384
4 15 18.8445 0 -24.5836 18.6793 0 -25.373 22.0518 0 -28.7384 25.6142 0 -25.6142
4 15 18.9602 0 -24.031 18.8445 0 -24.5836 25.6142 0 -25.6142 27.9177 0 -22.9876
3 15 27.9177 0 -22.9876 19.1254 0 -23.2416 18.9602 0 -24.031
4 15 19.2245 0 -22.7679 19.1254 0 -23.2416 27.9177 0 -22.9876 21.7 0 -16.7
3 15 21.7 0 -16.7 19.3898 0 -21.9785 19.2245 0 -22.7679
3 15 21.7 0 -16.7 17.8898 0 -21.9785 19.3898 0 -21.9785
3 15 21.7 0 -16.7 16.9425 0 -21.9785 17.8898 0 -21.9785
3 15 21.7 0 -16.7 14.7321 0 -21.9785 15.0847 0 -22.0574
3 15 21.7 0 -16.7 13.9426 0 -21.9785 14.7321 0 -21.9785
3 15 21.7 0 -16.7 12.9953 0 -21.9785 13.9426 0 -21.9785
3 15 21.7 0 -16.7 11.7322 0 -21.9785 12.9953 0 -21.9785
3 15 21.7 0 -16.7 10.7849 0 -21.9785 11.7322 0 -21.9785
3 15 21.7 0 -16.7 9.5218 0 -21.9785 10.7849 0 -21.9785
3 15 21.7 0 -16.7 8.5744 0 -21.9785 9.5218 0 -21.9785
4 15 7.7218 0 -21.9785 21.7 0 -16.7 0 0 -18 4.4694 0 -21.9785
4 15 4.4694 0 -21.9785 0 0 -18 2.6536 0 -21.9785 3.0063 0 -22.0574
3 15 2.6536 0 -21.9785 0 0 -18 1.8642 0 -21.9785
3 15 1.8642 0 -21.9785 0 0 -18 0.9169 0 -21.9785
3 15 0.9169 0 -21.9785 0 0 -18 -0.1094 0 -21.9785
3 15 -0.1094 0 -21.9785 0 0 -18 -1.6093 0 -21.9785
3 15 -1.6093 0 -21.9785 0 0 -18 -2.5567 0 -21.9785
3 15 -4.3934 0 -22.0574 0 0 -18 -4.846 0 -21.9785
3 15 -4.846 0 -21.9785 0 0 -18 -5.6355 0 -21.9785
3 15 -5.6355 0 -21.9785 0 0 -18 -6.5828 0 -21.9785
3 15 -6.5828 0 -21.9785 0 0 -18 -8.7353 0 -21.9785
3 15 -10.4471 0 -21.1275 0 0 -18 -11.0617 0 -20.3787
4 15 -14.5561 0 -18.9312 -13.592 0 -19.0262 0 0 -18 -21.7 0 -16.7
3 15 0 0 -18 -13.592 0 -19.0262 -12.665 0 -19.3074
3 15 0 0 -18 -12.665 0 -19.3074 -11.8106 0 -19.7641
3 15 0 0 -18 -11.8106 0 -19.7641 -11.0617 0 -20.3787
4 15 21.7 0 16.7 15.5 0 22.6 13 0 22.3 -21.7 0 16.7
4 15 -13.5 0 25.6 13.5 0 25.6 4.7282 0 35.9141 0 0 36.224
4 0 -5.933 0 -23.3999 -6.0981 0 -24.1889 -5.0039 0 -24.1889 -5.0039 0 -23.3994
4 0 13.6451 0 -23.3999 13.48 0 -24.1889 14.3163 0 -24.1889 14.5742 0 -23.3994
4 0 -7.2933 0 -25.373 -6.0981 0 -24.1889 -5.933 0 -23.3999 -6.5828 0 -21.9785
3 0 -5.933 0 -23.3999 -5.8007 0 -22.7679 -6.5828 0 -21.9785
4 15 -5.933 0 -23.3999 -5.0039 0 -23.3994 -5.1618 0 -22.7679 -5.8007 0 -22.7679
4 15 2.3379 0 -22.7679 1.699 0 -22.7679 1.5667 0 -23.3999 2.4958 0 -23.3994
4 15 14.4163 0 -22.7679 13.7774 0 -22.7679 13.6451 0 -23.3999 14.5742 0 -23.3994
3 0 1.5667 0 -23.3999 1.699 0 -22.7679 0.9169 0 -21.9785
3 0 1.4016 0 -24.1889 1.5667 0 -23.3999 0.9169 0 -21.9785
4 0 2.2379 0 -24.1889 2.4958 0 -23.3994 1.5667 0 -23.3999 1.4016 0 -24.1889
3 0 13.7774 0 -22.7679 12.9953 0 -21.9785 13.6451 0 -23.3999
3 0 13.6451 0 -23.3999 12.9953 0 -21.9785 13.48 0 -24.1889
4 0 6.399 0 -22.7679 5.4516 0 -22.7679 4.9064 0 -25.373 5.8537 0 -25.373
3 0 4.4694 0 -21.9785 4.3092 0 -22.7679 5.4516 0 -22.7679
4 0 4.4694 0 -21.9785 5.4516 0 -22.7679 6.399 0 -22.7679 7.7218 0 -21.9785
3 0 6.399 0 -22.7679 7.5565 0 -22.7679 7.7218 0 -21.9785
3 15 4.4694 0 -21.9785 3.0063 0 -22.0574 3.322 0 -22.3732
4 15 4.4694 0 -21.9785 3.322 0 -22.3732 3.4799 0 -22.9258 4.3092 0 -22.7679
4 15 3.4799 0 -22.9258 3.322 0 -23.5573 5.4516 0 -22.7679 4.3092 0 -22.7679
3 15 4.9064 0 -25.373 5.4516 0 -22.7679 3.322 0 -23.5573
3 15 8.5744 0 -21.9785 21.7 0 -16.7 7.7218 0 -21.9785
4 15 7.7218 0 -21.9785 7.5565 0 -22.7679 8.0788 0 -24.3468 8.5744 0 -21.9785
4 15 8.0788 0 -24.3468 7.5565 0 -22.7679 6.399 0 -22.7679 5.8537 0 -25.373
3 15 5.8537 0 -25.373 8.1008 0 -24.8204 8.0788 0 -24.3468
4 15 3.1063 0 -24.1889 3.1273 0 -25.373 4.7282 0 -35.9141 4.9064 0 -25.373
4 15 9.3755 0 -34.9897 5.8537 0 -25.373 4.9064 0 -25.373 4.7282 0 -35.9141
4 15 8.1008 0 -24.8204 5.8537 0 -25.373 9.3755 0 -34.9897 8.3126 0 -25.1902
3 15 -27.9177 0 22.9876 -21.7 0 16.7 -25.6142 0 25.6142
4 15 -18.112 0 31.3709 -19.361 0 30.5364 -14.8 0 25.8 -13.8623 0 33.4666
4 15 -4.7282 0 35.9141 -9.3755 0 34.9897 -13.5 0 25.6 0 0 36.224
3 15 13.5 0 25.6 9.3755 0 34.9897 4.7282 0 35.9141
3 15 -21.7 0 16.7 -13 0 22.3 -15.5 0 22.6
3 15 -13 0 22.3 -21.7 0 16.7 13 0 22.3
4 212 -13.5 0 25.6 -15.5 0 22.6 -13 0 22.3 13.5 0 25.6
4 212 13.5 0 25.6 -13 0 22.3 13 0 22.3 15.5 0 22.6
3 15 21.7 0 -16.7 -21.7 0 -16.7 0 0 -18
3 0 8.0788 0 -24.3468 8.1008 0 -24.8204 9.0565 0 -24.2652
3 0 9.0565 0 -24.2652 8.8113 0 -25.373 9.077 0 -24.5165
3 0 9.077 0 -24.5165 8.8113 0 -25.373 9.225 0 -24.675
4 0 9.225 0 -24.675 8.8113 0 -25.373 10.398 0 -25.373 10.0257 0 -24.675
4 15 9.0565 0 -24.2652 9.077 0 -24.5165 9.225 0 -24.675 10.0257 0 -24.675
4 15 9.0565 0 -24.2652 10.0257 0 -24.675 10.1994 0 -24.5665 10.2915 0 -24.3993
4 0 10.0257 0 -24.675 10.398 0 -25.373 10.85 0 -25.225 11.0717 0 -24.9862
3 15 13.8623 0 -33.4666 10.85 0 -25.225 10.398 0 -25.373
