0 ~Electric Brick  4 x  4 x  0.667 Round - Top with  2 Studs with Reflective Stripes and ID Badge with "EMMET" Pattern
0 Name: 18605p0c.dat
0 Author: Evert-Jan Boer [ejboer]
0 !LDRAW_ORG Unofficial_Part 
0 !LICENSE Redistributable under CCAL version 2.0 : see CAreadme.txt

0 BFC CERTIFY CCW

0 !KEYWORDS Dimensions, Toy Tag, NFC, Electronic


1 16 0 0 0 1 0 0 0 1 0 0 0 1 s\18605s01.dat

1 16 0 0 0 1 0 0 0 1 0 0 0 1 s\18605s02.dat
1 1 0 0 0 1 0 0 0 1 0 0 0 1 s\18605s03.dat

4 80 -14 0 27 -14 0 22 -9.5 0 22 -9.5 0 27
4 80 -14 0 22 -14 0 16.7 -9.5 0 16.7 -9.5 0 22
4 80 9.5 0 22 14 0 22 14 0 27 9.5 0 27
4 80 14 0 22 9.5 0 22 9.5 0 16.7 14 0 16.7
4 80 9.5 0 22 9.5 0 27 -9.5 0 27 -9.5 0 22
4 80 -14 0 22 -25.614 0 25.614 -27.918 0 22.988 -26.941 0 22
4 80 -25.614 0 25.614 -14 0 22 -14 0 27 -24.0337 0 27
4 80 -14 0 33.3989 -14 0 27 -9.5 0 27 -13.862 0 33.467
3 80 -9.5 0 34.9476 -13.862 0 33.467 -9.5 0 27
3 80 14 0 33.3989 9.5 0 27 14 0 27
4 80 9.5 0 34.9476 9.5 0 27 14 0 33.3989 13.862 0 33.467
4 80 27.918 0 22.988 25.614 0 25.614 14 0 22 26.941 0 22
4 80 14 0 27 14 0 22 25.614 0 25.614 24.0337 0 27
4 80 -27.918 0 -22.988 -25.614 0 -25.614 -11 0 -22 -26.941 0 -22
4 80 -11 0 -27 -11 0 -22 -25.614 0 -25.614 -24.0337 0 -27
4 80 11 0 -22 25.614 0 -25.614 27.918 0 -22.988 26.941 0 -22
4 80 25.614 0 -25.614 11 0 -22 11 0 -27 24.0337 0 -27
3 25 -11 0 -27 -24.0337 0 -27 -22.052 0 -28.738
4 25 -13.862 0 -33.467 -11 0 -27 -22.052 0 -28.738 -18.112 0 -31.371
4 25 -11 0 -16.7 -21.7 0 -16.7 -26.941 0 -22 -11 0 -22
4 25 11 0 -16.7 11 0 -22 26.941 0 -22 21.7 0 -16.7
3 25 24.0337 0 -27 11 0 -27 22.052 0 -28.738
4 25 13.862 0 -33.467 18.112 0 -31.371 22.052 0 -28.738 11 0 -27
4 25 -18.112 0 31.371 -22.052 0 28.738 -24.0337 0 27 -14 0 27
3 25 -14 0 33.3989 -18.112 0 31.371 -14 0 27
4 25 -9.5 0 34.9476 -9.5 0 27 -4.728 0 35.914 -9.375 0 34.99
4 25 -4.728 0 35.914 -9.5 0 27 9.5 0 27 0 0 36.224
4 25 0 0 36.224 9.5 0 27 9.375 0 34.99 4.728 0 35.914
3 25 9.375 0 34.99 9.5 0 27 9.5 0 34.9476
4 25 14 0 33.3989 14 0 27 22.052 0 28.738 18.112 0 31.371
3 25 22.052 0 28.738 14 0 27 24.0337 0 27
4 25 -9.5 0 22 -9.5 0 16.7 9.5 0 16.7 9.5 0 22
4 25 26.941 0 22 14 0 22 14 0 16.7 21.7 0 16.7
4 25 -26.941 0 22 -21.7 0 16.7 -14 0 16.7 -14 0 22
4 0 9.375 0 -34.99 -4.728 0 -35.914 0 0 -36.224 4.728 0 -35.914
4 15 -6.7 0 -23.8 -6.7 0 -24.5 -4.3 0 -24.5 -4.3 0 -23.8
3 15 -4.1 0 -28.7 -2.25 0 -29.5 -3 0 -29
4 15 -4.1 0 -28.7 -4.1 0 -28.25 -6.9 0 -28.25 -6.9 0 -28.7
4 15 -6.9 0 -28.25 -6.7 0 -24.5 -7.5 0 -24.5 -7.5 0 -28.25
4 15 -7.5 0 -24.5 -7.831 0 -24.5767 -7.831 0 -28.1733 -7.5 0 -28.25
4 15 -8.0733 0 -24.819 -8.0733 0 -27.931 -7.831 0 -28.1733 -7.831 0 -24.5767
4 15 -8.15 0 -27.6 -8.0733 0 -27.931 -8.0733 0 -24.819 -8.15 0 -25.15
4 15 -4.1 0 -28.25 -4.3 0 -24.5 -6.7 0 -24.5 -6.9 0 -28.25
4 15 -4.1 0 -28.25 -3.5 0 -28.25 -3.5 0 -24.5 -4.3 0 -24.5
4 15 -3.169 0 -28.1733 -3.169 0 -24.5767 -3.5 0 -24.5 -3.5 0 -28.25
4 15 -2.9267 0 -24.819 -3.169 0 -24.5767 -3.169 0 -28.1733 -2.9267 0 -27.931
4 15 -2.85 0 -27.6 -2.85 0 -25.15 -2.9267 0 -24.819 -2.9267 0 -27.931
4 15 -8 0 -29 -8.75 0 -29.5 -4.1 0 -28.7 -6.9 0 -28.7
3 0 -6.9 0 -28.25 -7.5 0 -28.25 -6.9 0 -28.7
4 0 -6.9 0 -28.7 -7.5 0 -28.25 -7.831 0 -28.1733 -8 0 -29
4 0 -8 0 -29 -7.831 0 -28.1733 -8.0733 0 -27.931 -8.75 0 -29.5
3 0 -8.15 0 -27.6 -8.75 0 -29.5 -8.0733 0 -27.931
4 0 -4.1 0 -28.25 -4.1 0 -28.7 -3 0 -29 -3.5 0 -28.25
4 0 -2.25 0 -29.5 -3.169 0 -28.1733 -3.5 0 -28.25 -3 0 -29
3 0 -2.9267 0 -27.931 -3.169 0 -28.1733 -2.25 0 -29.5
3 0 -2.85 0 -27.6 -2.9267 0 -27.931 -2.25 0 -29.5
3 0 -6.7 0 -23.8 -7.5 0 -24.5 -6.7 0 -24.5
4 0 -8.75 0 -23 -7.831 0 -24.5767 -7.5 0 -24.5 -6.7 0 -23.8
3 0 -4.3 0 -23.8 -4.3 0 -24.5 -3.5 0 -24.5
3 0 -8.75 0 -23 -8.0733 0 -24.819 -7.831 0 -24.5767
4 0 -6.7 0 -23.8 -4.3 0 -23.8 -2.25 0 -23 -8.75 0 -23
4 0 -3.5 0 -24.5 -3.169 0 -24.5767 -2.25 0 -23 -4.3 0 -23.8
3 0 -2.25 0 -23 -3.169 0 -24.5767 -2.9267 0 -24.819
3 0 -2.25 0 -23 -2.9267 0 -24.819 -2.85 0 -25.15
3 0 -8.75 0 -23 -8.15 0 -25.15 -8.0733 0 -24.819
4 0 -8.15 0 -27.6 -8.15 0 -25.15 -8.75 0 -23 -8.75 0 -29.5
4 0 -2.25 0 -23 -2.85 0 -25.15 -2.85 0 -27.6 -2.25 0 -29.5
4 0 0 0 -23.3 0 0 -24 9 0 -24 9 0 -23.3
4 0 0 0 -25.3 0 0 -26 9 0 -26 9 0 -25.3
4 0 9 0 -28 9 0 -27.3 0 0 -27.3 0 0 -28
4 80 9 0 -33 9 0 -32 -9 0 -32 -9 0 -33
4 25 11 0 -34 12.2917 0 -34 13.862 0 -33.467 11 0 -27
4 25 -13.862 0 -33.467 -12.2917 0 -34 -11 0 -34 -11 0 -27
3 0 -11 0 -34 -12.2917 0 -34 -9.375 0 -34.99
3 0 11 0 -34 -11 0 -34 -9.375 0 -34.99
4 0 -4.728 0 -35.914 9.375 0 -34.99 11 0 -34 -9.375 0 -34.99
3 0 12.2917 0 -34 11 0 -34 9.375 0 -34.99
3 15 -9 0 -32 -10.6 0 -33.6 -9 0 -33
4 15 -10.6 0 -33.6 10.6 0 -33.6 9 0 -33 -9 0 -33
3 15 9 0 -32 9 0 -33 10.6 0 -33.6
4 15 0 0 -24 0 0 -25.3 9 0 -25.3 9 0 -24
4 15 9 0 -27.3 9 0 -26 0 0 -26 0 0 -27.3
3 15 10.6 0 -21.7 9 0 -23.3 9 0 -24
3 15 10.6 0 -21.7 9 0 -24 9 0 -25.3
3 15 10.6 0 -21.7 9 0 -25.3 9 0 -26
3 15 10.6 0 -21.7 9 0 -26 9 0 -27.3
3 15 10.6 0 -21.7 9 0 -27.3 9 0 -28
4 15 10.6 0 -21.7 9 0 -28 9 0 -32 10.6 0 -33.6
4 15 -2.25 0 -29.5 9 0 -32 9 0 -28 0 0 -28
4 15 -4.1 0 -28.7 -8.75 0 -29.5 -9 0 -32 -2.25 0 -29.5
3 15 -2.25 0 -29.5 -9 0 -32 9 0 -32
3 15 -2.25 0 -23 0 0 -24 0 0 -23.3
3 15 -2.25 0 -23 0 0 -25.3 0 0 -24
3 15 -2.25 0 -23 0 0 -26 0 0 -25.3
4 15 0 0 -27.3 0 0 -26 -2.25 0 -23 -2.25 0 -29.5
3 15 0 0 -27.3 -2.25 0 -29.5 0 0 -28
3 15 -10.6 0 -21.7 -8.75 0 -29.5 -8.75 0 -23
4 15 -9 0 -32 -8.75 0 -29.5 -10.6 0 -21.7 -10.6 0 -33.6
3 15 10.6 0 -21.7 0 0 -23.3 9 0 -23.3
3 0 -10.6 0 -21.7 -11 0 -22 -11 0 -27
4 0 -10.6 0 -21.7 -11 0 -27 -11 0 -34 -10.6 0 -33.6
4 0 -11 0 -34 11 0 -34 10.6 0 -33.6 -10.6 0 -33.6
4 0 10.6 0 -21.7 10.6 0 -33.6 11 0 -34 11 0 -27
3 0 10.6 0 -21.7 11 0 -27 11 0 -22
3 0 -11 0 -16.7 -11 0 -22 -10.6 0 -21.7
3 0 11 0 -16.7 10.6 0 -21.7 11 0 -22
4 15 -6.2264 0 -18.2873 -6.2264 0 -20.9336 -5.5307 0 -20.4248 -5.5307 0 -19.782
3 15 -6.2264 0 -18.2873 -5.5307 0 -19.3239 -5.5307 0 -18.7668
3 15 -6.2264 0 -18.2873 -5.5307 0 -19.782 -5.5307 0 -19.3239
4 15 -4.4506 0 -19.3239 -5.5307 0 -19.3239 -5.5307 0 -19.782 -4.4506 0 -19.782
4 15 -6.2264 0 -20.9336 -4.3326 0 -20.9336 -4.3326 0 -20.4248 -5.5307 0 -20.4248
4 15 -6.2264 0 -18.2873 -5.5307 0 -18.7668 -4.3662 0 -18.7668 -4.3662 0 -18.2873
4 15 -3.9663 0 -18.2873 -3.9663 0 -20.9336 -3.3978 0 -20.9336 -3.3978 0 -19.0205
4 15 -3.9663 0 -18.2873 -3.3978 0 -19.0205 -2.7015 0 -19.454 -3.1535 0 -18.2873
4 15 -1.4397 0 -18.2873 -2.0081 0 -19.0205 -2.0081 0 -20.9336 -1.4397 0 -20.9336
3 15 -1.4397 0 -18.2873 -2.2519 0 -18.2873 -2.0081 0 -19.0205
4 15 -.436 0 -20.9336 -.436 0 -19.0205 -1.0045 0 -18.2873 -1.0045 0 -20.9336
4 15 -1.0045 0 -18.2873 -.436 0 -19.0205 .2604 0 -19.454 -.1917 0 -18.2873
4 15 .2604 0 -20.754 .9538 0 -19.0205 .71 0 -18.2873 .2604 0 -19.454
3 15 .71 0 -18.2873 .9538 0 -19.0205 1.5223 0 -18.2873
4 15 .9538 0 -20.9336 1.5223 0 -20.9336 1.5223 0 -18.2873 .9538 0 -19.0205
4 15 2.6591 0 -20.4248 2.6591 0 -19.782 1.9636 0 -18.2873 1.9636 0 -20.9336
3 15 1.9636 0 -18.2873 2.6591 0 -19.3239 2.6591 0 -18.7668
3 15 1.9636 0 -18.2873 2.6591 0 -19.782 2.6591 0 -19.3239
4 15 3.8237 0 -18.7668 3.8237 0 -18.2873 1.9636 0 -18.2873 2.6591 0 -18.7668
4 15 1.9636 0 -20.9336 3.8574 0 -20.9336 3.8574 0 -20.4248 2.6591 0 -20.4248
4 15 2.6591 0 -19.782 3.7394 0 -19.782 3.7394 0 -19.3239 2.6591 0 -19.3239
3 15 4.0734 0 -18.2873 4.0734 0 -18.8419 4.7814 0 -18.8419
4 15 4.7814 0 -20.9336 5.4755 0 -20.9336 5.4755 0 -18.8419 4.7814 0 -18.8419
3 15 6.1834 0 -18.2873 5.4755 0 -18.8419 6.1834 0 -18.8419
4 15 4.7814 0 -18.8419 5.4755 0 -18.8419 6.1834 0 -18.2873 4.0734 0 -18.2873
3 15 -3.3978 0 -19.0205 -2.7015 0 -20.754 -2.7015 0 -19.454
4 15 -2.2519 0 -18.2873 -2.7015 0 -19.454 -2.7015 0 -20.754 -2.0081 0 -19.0205
3 15 -.436 0 -19.0205 .2604 0 -20.754 .2604 0 -19.454
4 0 -5.5307 0 -19.3239 -4.4506 0 -19.3239 -4.3662 0 -18.7668 -5.5307 0 -18.7668
4 0 -5.5307 0 -20.4248 -4.3326 0 -20.4248 -4.4506 0 -19.782 -5.5307 0 -19.782
4 0 -4.4506 0 -19.782 -4.3326 0 -20.4248 -4.3662 0 -18.7668 -4.4506 0 -19.3239
3 0 -4.3662 0 -18.2873 -4.3662 0 -18.7668 -3.9663 0 -18.2873
4 0 -3.9663 0 -18.2873 -4.3662 0 -18.7668 -4.3326 0 -20.4248 -3.9663 0 -20.9336
3 0 -4.3326 0 -20.4248 -4.3326 0 -20.9336 -3.9663 0 -20.9336
3 0 -3.1535 0 -18.2873 -2.7015 0 -19.454 -2.2519 0 -18.2873
4 0 2.6591 0 -19.3239 3.7394 0 -19.3239 3.8237 0 -18.7668 2.6591 0 -18.7668
4 0 3.8237 0 -18.7668 4.0734 0 -18.8419 4.0734 0 -18.2873 3.8237 0 -18.2873
3 0 3.8237 0 -18.7668 3.7394 0 -19.3239 4.0734 0 -18.8419
4 0 3.8574 0 -20.4248 4.0734 0 -18.8419 3.7394 0 -19.3239 3.7394 0 -19.782
4 0 3.8574 0 -20.4248 4.7814 0 -20.9336 4.7814 0 -18.8419 4.0734 0 -18.8419
3 0 3.8574 0 -20.4248 3.8574 0 -20.9336 4.7814 0 -20.9336
4 0 3.7394 0 -19.782 2.6591 0 -19.782 2.6591 0 -20.4248 3.8574 0 -20.4248
4 0 10.6 0 -21.7 6.1834 0 -18.8419 5.4755 0 -18.8419 5.4755 0 -20.9336
3 0 -.436 0 -19.0205 -.436 0 -20.9336 .2604 0 -20.754
3 0 .9538 0 -19.0205 .2604 0 -20.754 .9538 0 -20.9336
4 0 0 0 -21.7 .9538 0 -20.9336 .2604 0 -20.754 -.436 0 -20.9336
4 0 1.9636 0 -18.2873 1.5223 0 -18.2873 1.5223 0 -20.9336 1.9636 0 -20.9336
4 0 -1.4397 0 -20.9336 -1.0045 0 -20.9336 -1.0045 0 -18.2873 -1.4397 0 -18.2873
3 0 -3.3978 0 -19.0205 -3.3978 0 -20.9336 -2.7015 0 -20.754
4 0 0 0 -21.7 -2.0081 0 -20.9336 -2.7015 0 -20.754 -3.3978 0 -20.9336
3 0 -2.0081 0 -19.0205 -2.7015 0 -20.754 -2.0081 0 -20.9336
4 0 -10.6 0 -21.7 -6.2264 0 -20.9336 -6.2264 0 -18.2873 -11 0 -16.7
3 0 -11 0 -16.7 -6.2264 0 -18.2873 -4.3662 0 -18.2873
4 0 0 0 -16.7 -11 0 -16.7 -4.3662 0 -18.2873 -3.9663 0 -18.2873
3 0 0 0 -16.7 -3.9663 0 -18.2873 -3.1535 0 -18.2873
3 0 0 0 -16.7 -3.1535 0 -18.2873 -2.2519 0 -18.2873
3 0 0 0 -16.7 -2.2519 0 -18.2873 -1.4397 0 -18.2873
3 0 0 0 -16.7 -1.4397 0 -18.2873 -1.0045 0 -18.2873
3 0 0 0 -16.7 -1.0045 0 -18.2873 -.1917 0 -18.2873
4 0 .2604 0 -19.454 .71 0 -18.2873 0 0 -16.7 -.1917 0 -18.2873
3 0 0 0 -16.7 .71 0 -18.2873 1.5223 0 -18.2873
3 0 0 0 -16.7 1.5223 0 -18.2873 1.9636 0 -18.2873
3 0 0 0 -16.7 1.9636 0 -18.2873 3.8237 0 -18.2873
3 0 0 0 -16.7 3.8237 0 -18.2873 4.0734 0 -18.2873
4 0 11 0 -16.7 0 0 -16.7 4.0734 0 -18.2873 6.1834 0 -18.2873
4 0 6.1834 0 -18.2873 6.1834 0 -18.8419 10.6 0 -21.7 11 0 -16.7
3 0 -6.2264 0 -20.9336 -10.6 0 -21.7 -4.3326 0 -20.9336
4 0 0 0 -21.7 -3.9663 0 -20.9336 -4.3326 0 -20.9336 -10.6 0 -21.7
3 0 -3.3978 0 -20.9336 -3.9663 0 -20.9336 0 0 -21.7
3 0 -2.0081 0 -20.9336 0 0 -21.7 -1.4397 0 -20.9336
3 0 -1.4397 0 -20.9336 0 0 -21.7 -1.0045 0 -20.9336
3 0 -1.0045 0 -20.9336 0 0 -21.7 -.436 0 -20.9336
3 0 1.5223 0 -20.9336 .9538 0 -20.9336 0 0 -21.7
3 0 1.5223 0 -20.9336 0 0 -21.7 1.9636 0 -20.9336
3 0 3.8574 0 -20.9336 1.9636 0 -20.9336 0 0 -21.7
3 0 3.8574 0 -20.9336 0 0 -21.7 4.7814 0 -20.9336
4 0 10.6 0 -21.7 5.4755 0 -20.9336 4.7814 0 -20.9336 0 0 -21.7
4 15 -8.75 0 -23 -2.25 0 -23 0 0 -21.7 -10.6 0 -21.7
4 15 -2.25 0 -23 0 0 -23.3 10.6 0 -21.7 0 0 -21.7
