0 Windscreen  6 x  4 x  1.333 Curved with "Ford" Text and White and Red Roof Pattern (Needs work)
0 Name: 18973p07.dat
0 Author: Massimo Maso [Sirio]
0 !LDRAW_ORG Unofficial_Part 
0 !LICENSE Redistributable under CCAL version 2.0 : see CAreadme.txt

0 BFC CERTIFY CCW


0 // Needs Work: the drawing is complete but it may not correspond perfectly to the physical part.
0 // It is based only on photos, it has not yet been possible to compare it with a real component.

1 16 0 0 0 1 0 0 0 1 0 0 0 1 s\18973s01.dat

0 // Left side
4 16 0 14.016 -85 0 24 -110 5.22 24 -109.656 5.22 14.016 -84.742
3 16 5.22 24 -109.656 10.352 24 -108.636 10.352 14.016 -83.977
3 16 10.352 14.016 -83.977 5.22 14.016 -84.742 5.22 24 -109.656
4 16 15.308 14.016 -82.717 10.352 24 -108.636 15.308 24 -106.956 20 14.016 -80.98
3 16 10.352 24 -108.636 15.308 14.016 -82.717 10.352 14.016 -83.977
4 16 20 14.016 -80.98 15.308 24 -106.956 20 24 -104.64 24.352 14.016 -78.802
4 16 24.352 14.016 -78.802 20 24 -104.64 24.352 24 -101.736 28.284 14.016 -76.213
4 16 28.284 14.016 -76.213 24.352 24 -101.736 28.284 24 -98.284 31.736 14.016 -73.264
3 16 28.284 6.528 -54.142 24.352 14.016 -78.802 28.284 14.016 -76.213
3 16 24.352 14.016 -78.802 28.284 6.528 -54.142 24.352 6.528 -55.868
4 16 31.736 14.016 -73.264 28.284 24 -98.284 31.736 24 -94.352 34.64 14.016 -70
3 16 28.284 14.016 -76.213 31.736 14.016 -73.264 31.736 6.528 -52.176
3 16 31.736 6.528 -52.176 28.284 6.528 -54.142 28.284 14.016 -76.213
4 16 34.64 14.016 -70 31.736 24 -94.352 34.64 24 -90 36.956 14.016 -66.481
3 16 34.64 14.016 -70 34.64 6.528 -50 31.736 14.016 -73.264
3 16 31.736 6.528 -52.176 31.736 14.016 -73.264 34.64 6.528 -50
3 16 36.956 24 -85.308 36.956 14.016 -66.481 34.64 24 -90
4 16 36.956 6.528 -47.654 34.64 14.016 -70 36.956 14.016 -66.481 38.636 6.528 -45.176
3 16 34.64 14.016 -70 36.956 6.528 -47.654 34.64 6.528 -50
3 16 38.636 14.016 -62.764 36.956 24 -85.308 38.636 24 -80.352
3 16 36.956 24 -85.308 38.636 14.016 -62.764 36.956 14.016 -66.481
3 16 38.636 6.528 -45.176 36.956 14.016 -66.481 38.636 14.016 -62.764
3 16 38.636 24 -80.352 39.656 24 -75.22 40 13.6299 -55.922
3 16 39.656 24 -75.22 40 24 -70 40 13.6299 -55.922
3 16 40 13.6299 -55.922 38.636 14.016 -62.764 38.636 24 -80.352
3 16 38.636 14.016 -62.764 40 13.6299 -55.922 40 6.1075 -41.0546
3 16 40 6.1075 -41.0546 38.636 6.528 -45.176 38.636 14.016 -62.764
0 // Right side
4 16 -5.22 14.016 -84.742 -5.22 24 -109.656 0 24 -110 0 14.016 -85
3 16 -10.352 24 -108.636 -5.22 24 -109.656 -10.352 14.016 -83.977
3 16 -5.22 14.016 -84.742 -10.352 14.016 -83.977 -5.22 24 -109.656
4 16 -15.308 24 -106.956 -10.352 24 -108.636 -15.308 14.016 -82.717 -20 14.016 -80.98
3 16 -10.352 24 -108.636 -10.352 14.016 -83.977 -15.308 14.016 -82.717
4 16 -20 24 -104.64 -15.308 24 -106.956 -20 14.016 -80.98 -24.352 14.016 -78.802
4 16 -24.352 24 -101.736 -20 24 -104.64 -24.352 14.016 -78.802 -28.284 14.016 -76.213
4 16 -28.284 24 -98.284 -24.352 24 -101.736 -28.284 14.016 -76.213 -31.736 14.016 -73.264
3 16 -28.284 6.528 -54.142 -28.284 14.016 -76.213 -24.352 14.016 -78.802
3 16 -24.352 14.016 -78.802 -24.352 6.528 -55.868 -28.284 6.528 -54.142
4 16 -31.736 24 -94.352 -28.284 24 -98.284 -31.736 14.016 -73.264 -34.64 14.016 -70
3 16 -31.736 14.016 -73.264 -28.284 14.016 -76.213 -31.736 6.528 -52.176
3 16 -28.284 6.528 -54.142 -31.736 6.528 -52.176 -28.284 14.016 -76.213
4 16 -34.64 24 -90 -31.736 24 -94.352 -34.64 14.016 -70 -36.956 14.016 -66.481
3 16 -31.736 14.016 -73.264 -34.64 6.528 -50 -34.64 14.016 -70
3 16 -34.64 6.528 -50 -31.736 14.016 -73.264 -31.736 6.528 -52.176
3 16 -34.64 24 -90 -36.956 14.016 -66.481 -36.956 24 -85.308
4 16 -36.956 14.016 -66.481 -34.64 14.016 -70 -36.956 6.528 -47.654 -38.636 6.528 -45.176
3 16 -34.64 14.016 -70 -34.64 6.528 -50 -36.956 6.528 -47.654
3 16 -38.636 14.016 -62.764 -38.636 24 -80.352 -36.956 24 -85.308
3 16 -36.956 24 -85.308 -36.956 14.016 -66.481 -38.636 14.016 -62.764
3 16 -38.636 6.528 -45.176 -38.636 14.016 -62.764 -36.956 14.016 -66.481
3 16 -39.656 24 -75.22 -38.636 24 -80.352 -40 13.6299 -55.922
3 16 -40 24 -70 -39.656 24 -75.22 -40 13.6299 -55.922
3 16 -38.636 14.016 -62.764 -40 13.6299 -55.922 -38.636 24 -80.352
3 16 -40 13.6299 -55.922 -38.636 14.016 -62.764 -40 6.1075 -41.0546
3 16 -38.636 6.528 -45.176 -40 6.1075 -41.0546 -38.636 14.016 -62.764
0 // Modified faces
0 // White faces
4 15 0 1.536 -35 0 4.883277 -51.76321 3.5 4.853647 -51.5 3.5 1.536 -34.94234
4 15 3.5 1.536 -34.94234 3.5 1.232529 -29.99981 0 .615 -20 0 1.536 -35
3 15 -3.5 .6042997 -19.82601 -3.5 1.232529 -29.99981 0 .615 -20

3 15 3.5 .6042997 -19.82601 0 .615 -20 3.5 1.232529 -29.99981
4 15 -3.5 1.536 -34.94234 -3.5 4.853647 -51.5 0 4.883277 -51.76321 0 1.536 -35
4 15 -3.5 1.232529 -29.99981 -3.5 1.536 -34.94234 0 1.536 -35 0 .615 -20
3 15 3.5 .0615 -11 -3.5 .0615 -11 0 .615 -20
3 15 0 .615 -20 3.5 .6042997 -19.82601 3.5 .0615 -11
3 15 -3.5 .0615 -11 -3.5 .6042997 -19.82601 0 .615 -20
0 // Red faces
4 4 -5.2 4.837218 -51.39 -3.5 4.853647 -51.5 -3.5 1.536 -34.94234 -5.22 1.536 -34.914
4 4 -10.352 1.536 -34.659 -10.31 4.716133 -50.37 -5.2 4.837218 -51.39 -5.22 1.536 -34.914
3 4 -10.352 1.536 -34.659 -10.352 4.713675 -50.35577 -10.31 4.716133 -50.37
4 4 -20 1.536 -33.66 -17.35385 4.351342 -47.65663 -15.24 4.511856 -48.7 -12.25014 4.616074 -49.71279
3 4 -12.25014 4.616074 -49.71279 -15.308 1.536 -34.239 -20 1.536 -33.66
3 4 -15.308 1.536 -34.239 -12.25014 4.616074 -49.71279 -10.352 4.713675 -50.35577
3 4 -10.352 4.713675 -50.35577 -10.352 1.536 -34.659 -15.308 1.536 -34.239
3 4 -19.92 4.217724 -46.39 -17.35385 4.351342 -47.65663 -20 1.536 -33.66
3 4 -20 4.210624 -46.33661 -19.92 4.217724 -46.39 -20 1.536 -33.66
4 4 -24.352 1.536 -32.934 -24.352 3.816398 -43.41049 -24.25 3.828474 -43.5 -22.22518 3.975591 -44.85144
3 4 -24.352 1.536 -32.934 -22.22518 3.975591 -44.85144 -20 4.210624 -46.33661
3 4 -20 4.210624 -46.33661 -20 1.536 -33.66 -24.352 1.536 -32.934
3 4 -28.284 3.313477 -39.92971 -28.17 3.331627 -40.06 -28.284 1.536 -32.071
3 4 -28.17 3.331627 -40.06 -26.75944 3.471554 -41.29784 -28.284 1.536 -32.071
4 4 -26.75944 3.471554 -41.29784 -24.352 3.816398 -43.41049 -24.352 1.536 -32.934 -28.284 1.536 -32.071
4 4 -31.6 2.713586 -36.14 -30.85144 2.815181 -36.9955 -31.736 1.536 -31.088 -31.736 2.683852 -35.93694
4 4 -28.284 1.536 -32.071 -31.736 1.536 -31.088 -30.85144 2.815181 -36.9955 -28.284 3.313477 -39.92971
4 4 -34.5 1.961592 -31.81 -34.37939 1.983982 -31.99008 -34.64 1.536 -30 -34.64 1.916824 -31.52574
3 4 -34.37939 1.983982 -31.99008 -31.736 1.536 -31.088 -34.64 1.536 -30
3 4 -31.736 1.536 -31.088 -34.37939 1.983982 -31.99008 -31.736 2.683852 -35.93694
3 4 -34.64 1.916824 -31.52574 -34.64 1.536 -30 -35.64117 1.536 -29.49293
3 4 -3.5 1.536 -34.94234 -3.5 1.232529 -29.99981 -5.22 1.536 -34.914
3 4 -3.5 .6042997 -19.82601 -10.352 1.536 -34.659 -5.22 1.536 -34.914
3 4 -5.22 1.536 -34.914 -3.5 1.232529 -29.99981 -3.5 .6042997 -19.82601
3 4 -15.308 .5682 -19.239 -20 1.536 -33.66 -15.308 1.536 -34.239
3 4 -15.308 .5682 -19.239 -28.284 .4349 -17.071 -24.352 1.536 -32.934
3 4 -24.352 1.536 -32.934 -20 1.536 -33.66 -15.308 .5682 -19.239
3 4 -28.284 1.536 -32.071 -28.284 .4349 -17.071 -31.736 1.536 -31.088
3 4 -15.308 1.536 -34.239 -10.352 1.536 -34.659 -15.308 .5682 -19.239
3 4 -15.308 .5682 -19.239 -10.352 1.536 -34.659 -3.5 .6042997 -19.82601

3 4 -24.352 1.536 -32.934 -28.284 .4349 -17.071 -28.284 1.536 -32.071
3 4 -28.284 .4349 -17.071 -34.64 1.536 -30 -31.736 1.536 -31.088
3 4 -28.284 .4349 -17.071 -36.956 .2354 -13.827 -34.64 1.536 -30
3 4 -36.956 .2354 -13.827 -36.956 1.349952 -26.68129 -36.8 1.382875 -27.14
3 4 -36.8 1.382875 -27.14 -34.64 1.536 -30 -36.956 .2354 -13.827
3 4 -34.64 1.536 -30 -36.8 1.382875 -27.14 -35.64117 1.536 -29.49293
3 4 -38.11076 1.129378 -23.28574 -36.956 1.349952 -26.68129 -36.956 .2354 -13.827
4 4 -36.956 .2354 -13.827 -39 .07733246 -11.25723 -39 .8652482 -20 -38.48 1.044811 -22.2
3 4 -38.48 1.044811 -22.2 -38.11076 1.129378 -23.28574 -36.956 .2354 -13.827
4 4 -18 .0615 -11 -21 .06150427 -11 -28.284 .4349 -17.071 -15.308 .5682 -19.239
3 4 -18 .0615 -11 -15.308 .5682 -19.239 -3.5 .6042997 -19.82601
3 4 -39 0 -10 -39 .07733246 -11.25723 -36.956 .2354 -13.827
3 4 -36.956 .2354 -13.827 -21 0 -10 -39 0 -10
3 4 -21 0 -10 -36.956 .2354 -13.827 -28.284 .4349 -17.071
3 4 -28.284 .4349 -17.071 -21 .06150427 -11 -21 0 -10
4 4 -21 0 -10 -21 0 9 -39 0 9 -39 0 -10
3 4 -3.5 .0615 -11 -18 .0615 -11 -3.5 .6042997 -19.82601
4 4 39 0 -10 39 0 9 21 0 9 21 0 -10
4 4 5.22 4.836484 -51.38601 5.22 1.536 -34.914 3.5 1.536 -34.94234 3.5 4.853647 -51.5
3 4 3.5 4.853647 -51.5 5.2 4.837218 -51.39 5.22 4.836484 -51.38601
4 4 10.31 4.716133 -50.37 10.352 1.536 -34.659 5.22 1.536 -34.914 5.22 4.836484 -51.38601
3 4 10.352 4.713675 -50.35577 10.352 1.536 -34.659 10.31 4.716133 -50.37
4 4 17.35385 4.351342 -47.65663 20 1.536 -33.66 15.308 1.536 -34.239 12.25014 4.616074 -49.71279
3 4 12.25014 4.616074 -49.71279 15.24 4.511856 -48.7 17.35385 4.351342 -47.65663
3 4 15.308 1.536 -34.239 10.352 1.536 -34.659 10.352 4.713675 -50.35577
3 4 10.352 4.713675 -50.35577 12.25014 4.616074 -49.71279 15.308 1.536 -34.239
3 4 19.92 4.217724 -46.39 20 1.536 -33.66 17.35385 4.351342 -47.65663
3 4 20 4.210624 -46.33661 20 1.536 -33.66 19.92 4.217724 -46.39
3 4 24.352 3.816398 -43.41049 24.352 1.536 -32.934 22.22518 3.975591 -44.85144
3 4 22.22518 3.975591 -44.85144 24.25 3.828474 -43.5 24.352 3.816398 -43.41049
3 4 24.352 1.536 -32.934 20 1.536 -33.66 20 4.210624 -46.33661
3 4 20 4.210624 -46.33661 22.22518 3.975591 -44.85144 24.352 1.536 -32.934
3 4 28.17 3.331627 -40.06 28.284 1.536 -32.071 26.75944 3.471554 -41.29784
3 4 28.284 3.313477 -39.92971 28.284 1.536 -32.071 28.17 3.331627 -40.06
4 4 26.75944 3.471554 -41.29784 28.284 1.536 -32.071 24.352 1.536 -32.934 24.352 3.816398 -43.41049
4 4 31.6 2.713586 -36.14 31.736 2.683852 -35.93694 31.736 1.536 -31.088 30.85144 2.815181 -36.9955
4 4 30.85144 2.815181 -36.9955 31.736 1.536 -31.088 28.284 1.536 -32.071 28.284 3.313477 -39.92971
4 4 34.64 1.916824 -31.52574 34.64 1.536 -30 34.37939 1.983982 -31.99008 34.5 1.961592 -31.81
3 4 34.37939 1.983982 -31.99008 31.736 1.536 -31.088 31.736 2.683852 -35.93694
3 4 34.37939 1.983982 -31.99008 34.64 1.536 -30 31.736 1.536 -31.088
3 4 35.64117 1.536 -29.49293 34.64 1.536 -30 34.64 1.916824 -31.52574
3 4 3.5 1.232529 -29.99981 3.5 1.536 -34.94234 5.22 1.536 -34.914
3 4 3.5 .6042997 -19.82601 3.5 1.232529 -29.99981 5.22 1.536 -34.914
3 4 5.22 1.536 -34.914 10.352 1.536 -34.659 3.5 .6042997 -19.82601
3 4 3.5 .6042997 -19.82601 10.352 1.536 -34.659 15.308 .5682 -19.239
3 4 20 1.536 -33.66 15.308 .5682 -19.239 15.308 1.536 -34.239
3 4 15.308 .5682 -19.239 20 1.536 -33.66 24.352 1.536 -32.934
3 4 24.352 1.536 -32.934 28.284 .4349 -17.071 15.308 .5682 -19.239
3 4 28.284 .4349 -17.071 28.284 1.536 -32.071 31.736 1.536 -31.088
3 4 15.308 .5682 -19.239 10.352 1.536 -34.659 15.308 1.536 -34.239
3 4 28.284 1.536 -32.071 28.284 .4349 -17.071 24.352 1.536 -32.934
3 4 31.736 1.536 -31.088 34.64 1.536 -30 28.284 .4349 -17.071
3 4 34.64 1.536 -30 36.956 .2354 -13.827 28.284 .4349 -17.071
3 4 36.956 .2354 -13.827 34.64 1.536 -30 36.8 1.382875 -27.14
3 4 36.8 1.382875 -27.14 36.956 1.349952 -26.68129 36.956 .2354 -13.827
3 4 36.8 1.382875 -27.14 34.64 1.536 -30 35.64117 1.536 -29.49293
3 4 36.956 .2354 -13.827 36.956 1.349952 -26.68129 38.11076 1.129378 -23.28574
3 4 36.956 .2354 -13.827 39 .8652482 -20 39 .07733246 -11.25723
4 4 38.11076 1.129378 -23.28574 38.48 1.044811 -22.2 39 .8652482 -20 36.956 .2354 -13.827
3 4 21 .06150427 -11 28.284 .4349 -17.071 21 0 -10
3 4 15.308 .5682 -19.239 18 .0615 -11 3.5 .6042997 -19.82601
3 4 21 .06150427 -11 18 .0615 -11 15.308 .5682 -19.239
3 4 15.308 .5682 -19.239 28.284 .4349 -17.071 21 .06150427 -11
4 4 39 .07733246 -11.25723 39 0 -10 21 0 -10 28.284 .4349 -17.071
3 4 28.284 .4349 -17.071 36.956 .2354 -13.827 39 .07733246 -11.25723
3 4 3.5 .0615 -11 3.5 .6042997 -19.82601 18 .0615 -11
0 // White text "FORD"
0 // Letter "F"
4 15 -16.50775 5.251543 -52.13202 -14.09 5.470567 -53.55 -13.61 5.286993 -52.74 -16.7393 5.00518 -50.90722
3 15 -15.83 5.901177 -55.37 -15.90378 5.894124 -55.32665 -15.87947 5.919992 -55.45526
4 15 -22.08565 6.528 -56.62414 -22.23 6.621051 -56.87 -21.32 6.692699 -57.4 -21.06452 6.528 -56.96484
4 15 -19.03 5.669402 -53.49 -18.22 4.899311 -50.04 -20 5.63167 -53.07177 -20 6.070502 -55.15165
3 15 -20 6.070502 -55.15165 -19.5 5.864777 -54.3 -19.03 5.669402 -53.49
4 15 -18.22 4.899311 -50.04 -17.79 5.159645 -51.38 -16.50775 5.251543 -52.13202 -16.7393 5.00518 -50.90722
3 15 -18.22 4.899311 -50.04 -19.03 5.669402 -53.49 -17.79 5.159645 -51.38
4 15 -15.90378 5.894124 -55.32665 -19.03 5.669402 -53.49 -19.5 5.864777 -54.3 -16.3 6.094803 -56.18
3 15 -16.3 6.094803 -56.18 -15.87947 5.919992 -55.45526 -15.90378 5.894124 -55.32665
3 15 -22.08565 6.528 -56.62414 -20.29676 6.187596 -55.65712 -20.58142 5.861077 -54.06207
3 15 -20.29676 6.187596 -55.65712 -22.08565 6.528 -56.62414 -21.06452 6.528 -56.96484
4 15 -20 6.070502 -55.15165 -20 5.63167 -53.07177 -20.58142 5.861077 -54.06207 -20.29676 6.187596 -55.65712
0 // Letter "O"
4 15 -2.96 6.62043 -60.21 -1.93 6.703401 -60.52 -1.790483 6.528 -59.941 -2.893621 6.528 -59.90465
4 15 -1.93 6.703401 -60.52 -2.96 6.62043 -60.21 -3.22 6.815359 -60.85 -2.24 6.925876 -61.25
4 15 -2.24 6.925876 -61.25 -3.22 6.815359 -60.85 -3.47 6.941062 -61.26 -2.64 7.116181 -61.87
4 15 -2.64 7.116181 -61.87 -3.47 6.941062 -61.26 -3.79 7.052431 -61.62 -3.07 7.258694 -62.33
4 15 -3.07 7.258694 -62.33 -3.79 7.052431 -61.62 -4.15 7.140151 -61.9 -3.47 7.352821 -62.63
4 15 -3.47 7.352821 -62.63 -4.15 7.140151 -61.9 -4.56 7.210333 -62.12 -3.99 7.442126 -62.91
4 15 -3.99 7.442126 -62.91 -4.56 7.210333 -62.12 -5 7.253763 -62.25 -4.68 7.512076 -63.12
4 15 -5.22 7.537399 -63.18646 -4.68 7.512076 -63.12 -5 7.253763 -62.25 -5.22 7.263288 -62.27444
4 15 -4.98 5.744165 -55.92 -4.85 5.565407 -55.03 -5.22 5.561068 -55.00225 -5.22 5.742334 -55.90691
4 15 -4.85 5.565407 -55.03 -4.98 5.744165 -55.92 -4.47 5.768529 -56.05 -4.12 5.59864 -55.21
4 15 -4.12 5.59864 -55.21 -4.47 5.768529 -56.05 -4.02 5.807646 -56.26 -3.51 5.64854 -55.48
4 15 -3.51 5.64854 -55.48 -4.02 5.807646 -56.26 -3.66 5.857195 -56.52 -2.95 5.720734 -55.86
4 15 -2.95 5.720734 -55.86 -3.66 5.857195 -56.52 -3.34 5.920984 -56.85 -2.52 5.805764 -56.3
4 15 -2.52 5.805764 -56.3 -3.34 5.920984 -56.85 -3.1 5.991289 -57.21 -2.17 5.901305 -56.79
4 15 -2.17 5.901305 -56.79 -3.1 5.991289 -57.21 -2.91 6.077898 -57.65 -1.9 6.019336 -57.39
4 15 -1.9 6.019336 -57.39 -2.91 6.077898 -57.65 -2.79 6.182939 -58.18 -1.72 6.171906 -58.16
4 15 -1.72 6.171906 -58.16 -2.79 6.182939 -58.18 -2.74 6.312402 -58.83 -1.67 6.331321 -58.96
4 15 -1.67 6.331321 -58.96 -2.74 6.312402 -58.83 -2.81 6.450642 -59.52 -1.73 6.477482 -59.69
4 15 -1.790483 6.528 -59.941 -1.73 6.477482 -59.69 -2.81 6.450642 -59.52 -2.893621 6.528 -59.90465
4 15 -6.13 7.564226 -63.15 -5.99 7.292779 -62.27 -6.6 7.259564 -62.1 -6.85 7.534331 -62.98
4 15 -6.85 7.534331 -62.98 -6.6 7.259564 -62.1 -7 7.210902 -61.9 -7.44 7.470146 -62.71
4 15 -7.44 7.470146 -62.71 -7 7.210902 -61.9 -7.35 7.142512 -61.64 -8 7.371654 -62.33
4 15 -8 7.371654 -62.33 -7.35 7.142512 -61.64 -7.66 7.051659 -61.31 -8.47 7.243116 -61.86
4 15 -8.47 7.243116 -61.86 -7.66 7.051659 -61.31 -7.91 6.943811 -60.93 -8.79 7.110051 -61.39
4 15 -8.79 7.110051 -61.39 -7.91 6.943811 -60.93 -8.09 6.824742 -60.52 -9.05 6.950883 -60.84
4 15 -9.05 6.950883 -60.84 -8.09 6.824742 -60.52 -8.21 6.679568 -60.03 -9.26 6.717327 -60.05
4 15 -9.305397 6.528 -59.42201 -9.26 6.717327 -60.05 -8.21 6.679568 -60.03 -8.244069 6.528 -59.52748
4 15 -5.45 7.281274 -62.3 -5.33 7.546396 -63.2 -5.22 7.537399 -63.18646 -5.22 7.263288 -62.27444
4 15 -5.33 7.546396 -63.2 -5.45 7.281274 -62.3 -5.99 7.292779 -62.27 -6.13 7.564226 -63.15
4 15 -8.25 6.51059 -59.44 -9.32 6.487815 -59.22 -9.305397 6.528 -59.42201 -8.244069 6.528 -59.52748
4 15 -9.32 6.487815 -59.22 -8.25 6.51059 -59.44 -8.19 6.379155 -58.79 -9.26 6.364395 -58.61
4 15 -9.26 6.364395 -58.61 -8.19 6.379155 -58.79 -8.1 6.28319 -58.32 -9.07 6.188294 -57.75
4 15 -9.07 6.188294 -57.75 -8.1 6.28319 -58.32 -7.85 6.115913 -57.51 -8.78 6.034246 -57.01
4 15 -8.78 6.034246 -57.01 -7.85 6.115913 -57.51 -7.58 6.008348 -57 -8.43 5.909059 -56.42
4 15 -8.43 5.909059 -56.42 -7.58 6.008348 -57 -7.35 5.941654 -56.69 -8.01 5.806522 -55.95
3 15 -8.01 5.806522 -55.95 -7.35 5.941654 -56.69 -7.21 5.910814 -56.55
4 15 -8.01 5.806522 -55.95 -7.21 5.910814 -56.55 -6.91 5.858756 -56.32 -7.5 5.714216 -55.54
4 15 -7.5 5.714216 -55.54 -6.91 5.858756 -56.32 -6.47 5.80391 -56.09 -6.92 5.640552 -55.23
4 15 -6.92 5.640552 -55.23 -6.47 5.80391 -56.09 -5.99 5.764297 -55.94 -6.29 5.589938 -55.04
4 15 -6.29 5.589938 -55.04 -5.99 5.764297 -55.94 -5.53 5.745119 -55.89 -5.65 5.563168 -54.97
4 15 -5.22 5.561068 -55.00225 -5.65 5.563168 -54.97 -5.53 5.745119 -55.89 -5.22 5.742334 -55.90691
0 // Letter "R"
4 15 5.22 7.289234 -62.36077 4.745756 6.528 -59.84363 4.514612 6.528 -59.85124 4.35 7.595968 -63.41
3 15 4.35 7.595968 -63.41 5.22 7.553811 -63.24107 5.22 7.289234 -62.36077
3 15 4.35 7.595968 -63.41 4.514612 6.528 -59.85124 3.678255 6.528 -59.8788
4 15 5.22 6.310914 -58.74457 4.56 6.332364 -58.87 4.73 6.511198 -59.76 5.22 6.495399 -59.66529
4 15 4.73 6.511198 -59.76 4.56 6.332364 -58.87 4.514612 6.528 -59.85124 4.745756 6.528 -59.84363
4 15 4.56 6.332364 -58.87 4.06 5.8139 -56.29 2.87 5.674282 -55.63 3.678255 6.528 -59.8788
3 15 3.678255 6.528 -59.8788 4.514612 6.528 -59.85124 4.56 6.332364 -58.87
4 15 5.22 5.596771 -55.18043 2.87 5.674282 -55.63 4.06 5.8139 -56.29 5.22 5.774866 -56.06927
4 15 10.352 7.095869 -61.18807 9.46 6.781059 -60.24 8.58 6.96403 -60.93 9.92 7.435667 -62.35
3 15 9.92 7.435667 -62.35 10.352 7.42328 -62.26628 10.352 7.095869 -61.18807
3 15 7.25 6.55039 -59.7 7.398006 6.528 -59.61156 7.130669 6.528 -59.63812
4 15 7.398006 6.528 -59.61156 7.25 6.55039 -59.7 7.65 6.656596 -60.01 8.211683 6.528 -59.5307
4 15 8.96 6.623249 -59.77 8.574499 6.528 -59.49464 8.416197 6.528 -59.51037 8.58 6.96403 -60.93
3 15 8.58 6.96403 -60.93 9.46 6.781059 -60.24 8.96 6.623249 -59.77
4 15 8.211683 6.528 -59.5307 7.65 6.656596 -60.01 8.58 6.96403 -60.93 8.416197 6.528 -59.51037
3 15 5.38 7.551642 -63.21 5.22 7.289234 -62.36077 5.22 7.553811 -63.24107
3 15 8.24 6.167759 -57.73 8.08 6.20064 -57.91 7.71 6.431712 -59.1
3 15 8.08 6.20064 -57.91 7.89 6.226912 -58.06 7.71 6.431712 -59.1
4 15 6.75 6.490741 -59.49 6.98 6.509346 -59.56 7.71 6.431712 -59.1 7.27 6.268666 -58.33
4 15 8.07 6.460921 -59.21 7.71 6.431712 -59.1 6.98 6.509346 -59.56 7.130669 6.528 -59.63812
3 15 7.130669 6.528 -59.63812 7.398006 6.528 -59.61156 8.07 6.460921 -59.21
4 15 8.4 6.499551 -59.37 8.07 6.460921 -59.21 7.398006 6.528 -59.61156 8.211683 6.528 -59.5307
4 15 5.92 6.482228 -59.53 6.77 6.282755 -58.45 5.22 6.310914 -58.74457 5.22 6.495399 -59.66529
3 15 6.77 6.282755 -58.45 5.92 6.482228 -59.53 6.21 6.477984 -59.48
3 15 8.4 6.499551 -59.37 8.416197 6.528 -59.51037 8.574499 6.528 -59.49464
3 15 8.4 6.499551 -59.37 8.211683 6.528 -59.5307 8.416197 6.528 -59.51037
4 15 8.44 5.979387 -56.77 9.5 5.96042 -56.57 9.48 5.937981 -56.46 8.37 5.927901 -56.52
4 15 8.37 5.927901 -56.52 9.48 5.937981 -56.46 9.35 5.857249 -56.07 9.16 5.78534 -55.73
4 15 8.27 5.889844 -56.34 8.37 5.927901 -56.52 9.16 5.78534 -55.73 8.93 5.722653 -55.44
4 15 8.15 5.853391 -56.17 8.27 5.889844 -56.34 8.93 5.722653 -55.44 8.69 5.673793 -55.22
4 15 7.99 5.82015 -56.02 8.15 5.853391 -56.17 8.69 5.673793 -55.22 8.43 5.634553 -55.05
4 15 7.81 5.794525 -55.91 7.99 5.82015 -56.02 8.43 5.634553 -55.05 8.14 5.604734 -54.93
4 15 8.45 6.382329 -58.78 8.84 6.333991 -58.5 8.34 6.137692 -57.57 7.82 6.425888 -59.06
4 15 8.34 6.137692 -57.57 8.24 6.167759 -57.73 7.71 6.431712 -59.1 7.82 6.425888 -59.06
4 15 8.34 6.137692 -57.57 8.84 6.333991 -58.5 9.09 6.288877 -58.25 9.29 6.232748 -57.95
4 15 8.34 6.137692 -57.57 9.29 6.232748 -57.95 9.43 6.173422 -57.64 8.42 6.0932 -57.34
4 15 8.42 6.0932 -57.34 9.43 6.173422 -57.64 9.51 6.1129 -57.33 8.46 6.045907 -57.1
4 15 8.46 6.045907 -57.1 9.51 6.1129 -57.33 9.54 6.043368 -56.98 8.45 6.001627 -56.88
4 15 8.45 6.001627 -56.88 9.54 6.043368 -56.98 9.5 5.96042 -56.57 8.44 5.979387 -56.77
3 15 7.89 6.226912 -58.06 7.63 6.249787 -58.2 7.71 6.431712 -59.1
3 15 7.63 6.249787 -58.2 7.27 6.268666 -58.33 7.71 6.431712 -59.1
4 15 6.75 6.490741 -59.49 7.27 6.268666 -58.33 6.77 6.282755 -58.45 6.5 6.479751 -59.46
3 15 6.77 6.282755 -58.45 6.21 6.477984 -59.48 6.5 6.479751 -59.46
4 15 6.53 5.751005 -55.82 6.32 5.576509 -54.97 5.22 5.596771 -55.18043 5.22 5.774866 -56.06927
4 15 6.95 5.569017 -54.87 6.32 5.576509 -54.97 6.53 5.751005 -55.82 6.97 5.749747 -55.77
4 15 7.44 5.572763 -54.84 6.95 5.569017 -54.87 6.97 5.749747 -55.77 7.34 5.757115 -55.77
4 15 7.82 5.584337 -54.86 7.44 5.572763 -54.84 7.34 5.757115 -55.77 7.61 5.774513 -55.83
4 15 8.14 5.604734 -54.93 7.82 5.584337 -54.86 7.61 5.774513 -55.83 7.81 5.794525 -55.91
3 15 11.21 7.416947 -62.1 10.352 7.095869 -61.18807 10.352 7.42328 -62.26628
0 // Letter "D"
4 15 16.86046 6.528 -58.09485 17.7 7.023005 -59.49 18.12 6.63798 -58.14 17.93322 6.528 -57.83009
4 15 19.68091 6.528 -57.39875 19.13983 6.528 -57.53229 18.12 6.63798 -58.14 17.7 7.023005 -59.49
4 15 19.83658 6.788808 -58.20458 19.92736 6.643926 -57.71318 19.68091 6.528 -57.39875 17.7 7.023005 -59.49
3 15 19.92736 6.643926 -57.71318 20 6.528 -57.32 19.68091 6.528 -57.39875
3 15 16.57 4.999391 -50.9 16.6197 5.132434 -51.53987 16.7558 4.987629 -50.81996
4 15 16.6197 5.132434 -51.53987 16.57 4.999391 -50.9 15.95 5.055716 -51.25 16.42 5.236539 -52.07
3 15 16.42 5.236539 -52.07 16.53241 5.225304 -52.00158 16.6197 5.132434 -51.53987
4 15 16.42 5.236539 -52.07 15.95 5.055716 -51.25 13.59 5.269819 -52.66 14.98 5.373945 -52.93
4 15 16.02811 5.761852 -54.66905 14.98 5.373945 -52.93 13.59 5.269819 -52.66 15.73426 6.074486 -56.22333
3 15 20.16 6.763268 -58.01 19.92736 6.643926 -57.71318 19.83658 6.788808 -58.20458
4 15 20.55211 6.528 -57.13579 20 6.528 -57.32 19.92736 6.643926 -57.71318 20.16 6.763268 -58.01
3 15 20.16 6.763268 -58.01 20.83 6.688432 -57.55 20.55211 6.528 -57.13579
4 15 20.55211 6.528 -57.13579 20.83 6.688432 -57.55 21.36 6.586154 -57.05 21.19445 6.528 -56.92148
3 15 21.36 6.586154 -57.05 21.54602 6.528 -56.80419 21.19445 6.528 -56.92148
4 15 18.34 5.217823 -51.52 18.52 5.014097 -50.51 18.32 4.997353 -50.48 18.01 5.192199 -51.48
4 15 18.01 5.192199 -51.48 18.32 4.997353 -50.48 17.86 4.9734 -50.48 17.67 5.178714 -51.5
4 15 17.67 5.178714 -51.5 17.86 4.9734 -50.48 17.22 4.969611 -50.62 17.27 5.183204 -51.62
4 15 17.22 4.969611 -50.62 16.7558 4.987629 -50.81996 16.6197 5.132434 -51.53987 16.65 5.216326 -51.93
3 15 16.65 5.216326 -51.93 17.27 5.183204 -51.62 17.22 4.969611 -50.62
3 15 16.65 5.216326 -51.93 16.6197 5.132434 -51.53987 16.53241 5.225304 -52.00158
4 15 16.02811 5.761852 -54.66905 15.73426 6.074486 -56.22333 16.86046 6.528 -58.09485 17.93322 6.528 -57.83009
3 15 19.58 6.49558 -57.27 19.13983 6.528 -57.53229 19.68091 6.528 -57.39875
4 15 20 6.454681 -56.9725 19.58 6.49558 -57.27 19.68091 6.528 -57.39875 20 6.528 -57.32
3 15 19.9 5.520595 -52.57 20 5.556715 -52.71651 20 5.412396 -52.0325
4 15 20 5.232088 -51.17792 19.66 5.162075 -50.93 19.51 5.409561 -52.14 19.9 5.520595 -52.57
3 15 19.9 5.520595 -52.57 20 5.412396 -52.0325 20 5.232088 -51.17792
4 15 19.13 5.326477 -51.84 19.51 5.409561 -52.14 19.66 5.162075 -50.93 19.09 5.075427 -50.66
4 15 18.7 5.259778 -51.63 19.13 5.326477 -51.84 19.09 5.075427 -50.66 18.52 5.014097 -50.51
3 15 18.52 5.014097 -50.51 18.34 5.217823 -51.52 18.7 5.259778 -51.63
4 15 20.55211 6.528 -57.13579 20.3 6.427893 -56.76 20.07099 6.44657 -56.92222 20 6.528 -57.32
4 15 20.6 6.384379 -56.46 20.3 6.427893 -56.76 20.55211 6.528 -57.13579 21.19445 6.528 -56.92148
4 15 21.64 6.507794 -56.68 20.8 6.333603 -56.16 20.6 6.384379 -56.46 21.19445 6.528 -56.92148
3 15 21.19445 6.528 -56.92148 21.54602 6.528 -56.80419 21.64 6.507794 -56.68
4 15 20.8 6.333603 -56.16 21.64 6.507794 -56.68 21.85 6.438154 -56.29 20.92 6.292254 -55.93
4 15 20.92 6.292254 -55.93 21.85 6.438154 -56.29 21.98 6.353998 -55.86 20.96 6.262509 -55.78
4 15 20.96 6.262509 -55.78 21.98 6.353998 -55.86 22.03 6.290152 -55.55 21.02 6.171092 -55.34
4 15 21.02 6.171092 -55.34 22.03 6.290152 -55.55 22.05 6.167533 -54.98 20.99 6.064433 -54.86
4 15 20.99 6.064433 -54.86 22.05 6.167533 -54.98 21.95 6.005727 -54.27 20.83 5.917859 -54.24
4 15 20.83 5.917859 -54.24 21.95 6.005727 -54.27 21.68 5.803277 -53.43 21.27 5.603721 -52.65
4 15 21.19 5.567438 -52.51 20.76219 5.653727 -53.04916 20.62842 5.807164 -53.79871 20.83 5.917859 -54.24
3 15 20.83 5.917859 -54.24 21.27 5.603721 -52.65 21.19 5.567438 -52.51
3 15 21.19 5.567438 -52.51 20.92317 5.46907 -52.14711 20.76219 5.653727 -53.04916
3 15 20 6.454681 -56.9725 20 6.528 -57.32 20.07099 6.44657 -56.92222
3 15 20.46 5.723443 -53.43 20.62842 5.807164 -53.79871 20.76219 5.653727 -53.04916
4 15 20.92317 5.46907 -52.14711 20.69 5.393956 -51.83 20.33 5.67034 -53.2 20.46 5.723443 -53.43
3 15 20.46 5.723443 -53.43 20.76219 5.653727 -53.04916 20.92317 5.46907 -52.14711
4 15 20.14 5.258554 -51.28 20 5.412396 -52.0325 20 5.556715 -52.71651 20.33 5.67034 -53.2
3 15 20.33 5.67034 -53.2 20.69 5.393956 -51.83 20.14 5.258554 -51.28
3 15 20.14 5.258554 -51.28 20 5.232088 -51.17792 20 5.412396 -52.0325
0 // Neutral faces
3 16 5.22 7.289234 -62.36077 5.22 6.528 -59.828 4.745756 6.528 -59.84363
3 16 0 14.016 -85 4.35 7.595968 -63.41 0 6.528 -60
3 16 4.35 7.595968 -63.41 3.678255 6.528 -59.8788 0 6.528 -60
4 16 5.22 14.016 -84.742 5.22 7.553811 -63.24107 4.35 7.595968 -63.41 0 14.016 -85
4 16 5.22 5.774866 -56.06927 4.06 5.8139 -56.29 4.56 6.332364 -58.87 5.22 6.310914 -58.74457
4 16 4.73 6.511198 -59.76 4.745756 6.528 -59.84363 5.22 6.528 -59.828 5.22 6.495399 -59.66529
3 16 2.87 5.674282 -55.63 0 4.883277 -51.76321 0 6.528 -60
3 16 0 4.883277 -51.76321 2.87 5.674282 -55.63 3.5 4.853647 -51.5
3 16 3.5 4.853647 -51.5 2.87 5.674282 -55.63 5.2 4.837218 -51.39
3 16 0 6.528 -60 3.678255 6.528 -59.8788 2.87 5.674282 -55.63
4 16 5.2 4.837218 -51.39 2.87 5.674282 -55.63 5.22 5.596771 -55.18043 5.22 4.836484 -51.38601
3 16 5.38 7.551642 -63.21 6.425882 6.528 -59.70816 5.885983 6.528 -59.76182
4 16 5.22 7.289234 -62.36077 5.38 7.551642 -63.21 5.885983 6.528 -59.76182 5.22 6.528 -59.828
4 16 5.38 7.551642 -63.21 8.58 6.96403 -60.93 7.65 6.656596 -60.01 7.25 6.55039 -59.7
4 16 6.678915 6.528 -59.68302 5.38 7.551642 -63.21 7.25 6.55039 -59.7 7.130669 6.528 -59.63812
3 16 5.38 7.551642 -63.21 6.678915 6.528 -59.68302 6.425882 6.528 -59.70816
4 16 9.017917 6.528 -59.45058 8.96 6.623249 -59.77 10.352 6.651713 -59.72541 10.352 6.528 -59.318
4 16 10.352 6.651713 -59.72541 8.96 6.623249 -59.77 9.46 6.781059 -60.24 10.352 6.783322 -60.15881
3 16 8.96 6.623249 -59.77 9.017917 6.528 -59.45058 8.574499 6.528 -59.49464
4 16 9.92 7.435667 -62.35 8.58 6.96403 -60.93 5.38 7.551642 -63.21 5.22 14.016 -84.742
4 16 10.352 14.016 -83.977 10.352 7.42328 -62.26628 9.92 7.435667 -62.35 5.22 14.016 -84.742
3 16 5.22 14.016 -84.742 5.38 7.551642 -63.21 5.22 7.553811 -63.24107
3 16 9.46 6.781059 -60.24 10.352 7.095869 -61.18807 10.352 6.783322 -60.15881
4 16 6.97 5.749747 -55.77 6.53 5.751005 -55.82 8.45 6.001627 -56.88 8.44 5.979387 -56.77
4 16 6.77 6.282755 -58.45 6.53 5.751005 -55.82 5.22 5.774866 -56.06927 5.22 6.310914 -58.74457
4 16 6.53 5.751005 -55.82 6.77 6.282755 -58.45 7.27 6.268666 -58.33 7.63 6.249787 -58.2
4 16 6.53 5.751005 -55.82 7.63 6.249787 -58.2 7.89 6.226912 -58.06 8.08 6.20064 -57.91
4 16 8.34 6.137692 -57.57 8.42 6.0932 -57.34 6.53 5.751005 -55.82 8.24 6.167759 -57.73
3 16 6.53 5.751005 -55.82 8.08 6.20064 -57.91 8.24 6.167759 -57.73
4 16 6.53 5.751005 -55.82 8.42 6.0932 -57.34 8.46 6.045907 -57.1 8.45 6.001627 -56.88
4 16 8.44 5.979387 -56.77 8.37 5.927901 -56.52 8.27 5.889844 -56.34 8.15 5.853391 -56.17
4 16 8.44 5.979387 -56.77 7.81 5.794525 -55.91 7.61 5.774513 -55.83 7.34 5.757115 -55.77
3 16 7.34 5.757115 -55.77 6.97 5.749747 -55.77 8.44 5.979387 -56.77
4 16 8.44 5.979387 -56.77 8.15 5.853391 -56.17 7.99 5.82015 -56.02 7.81 5.794525 -55.91
4 16 6.5 6.479751 -59.46 6.21 6.477984 -59.48 5.92 6.482228 -59.53 5.885983 6.528 -59.76182
3 16 5.885983 6.528 -59.76182 6.425882 6.528 -59.70816 6.5 6.479751 -59.46
4 16 5.92 6.482228 -59.53 5.22 6.495399 -59.66529 5.22 6.528 -59.828 5.885983 6.528 -59.76182
4 16 8.4 6.499551 -59.37 8.84 6.333991 -58.5 8.45 6.382329 -58.78 8.07 6.460921 -59.21
4 16 6.98 6.509346 -59.56 6.75 6.490741 -59.49 6.678915 6.528 -59.68302 7.130669 6.528 -59.63812
4 16 6.678915 6.528 -59.68302 6.75 6.490741 -59.49 6.5 6.479751 -59.46 6.425882 6.528 -59.70816
3 16 8.45 6.382329 -58.78 7.82 6.425888 -59.06 8.07 6.460921 -59.21
3 16 7.82 6.425888 -59.06 7.71 6.431712 -59.1 8.07 6.460921 -59.21
4 16 10.352 5.412504 -53.80778 7.44 5.572763 -54.84 7.82 5.584337 -54.86 10.352 5.430078 -53.89459
4 16 10.352 5.430078 -53.89459 7.82 5.584337 -54.86 8.14 5.604734 -54.93 10.352 5.453173 -54.00867
4 16 10.352 5.453173 -54.00867 8.14 5.604734 -54.93 8.43 5.634553 -55.05 10.352 5.483761 -54.15977
4 16 10.352 6.105256 -57.22977 9.54 6.043368 -56.98 9.51 6.1129 -57.33 10.352 6.170502 -57.55207
4 16 10.352 6.170502 -57.55207 9.51 6.1129 -57.33 9.43 6.173422 -57.64 10.352 6.230057 -57.84625
4 16 10.352 6.230057 -57.84625 9.43 6.173422 -57.64 9.29 6.232748 -57.95 9.017917 6.528 -59.45058
3 16 9.017917 6.528 -59.45058 10.352 6.528 -59.318 10.352 6.230057 -57.84625
4 16 10.352 5.483761 -54.15977 8.43 5.634553 -55.05 8.69 5.673793 -55.22 10.352 5.522614 -54.35169
4 16 10.352 5.522614 -54.35169 8.69 5.673793 -55.22 8.93 5.722653 -55.44 10.352 5.571198 -54.59168
4 16 10.352 5.571198 -54.59168 8.93 5.722653 -55.44 9.16 5.78534 -55.73 10.352 5.634412 -54.90394
4 16 10.352 5.634412 -54.90394 9.16 5.78534 -55.73 9.35 5.857249 -56.07 10.352 5.707333 -55.26415
4 16 10.352 5.707333 -55.26415 9.35 5.857249 -56.07 9.48 5.937981 -56.46 10.352 5.786209 -55.65377
4 16 9.48 5.937981 -56.46 9.5 5.96042 -56.57 10.352 6.033111 -56.8734 10.352 5.786209 -55.65377
4 16 10.352 6.033111 -56.8734 9.5 5.96042 -56.57 9.54 6.043368 -56.98 10.352 6.105256 -57.22977
4 16 10.352 5.388429 -53.68886 10.352 5.080922 -52.16986 5.22 4.836484 -51.38601 5.22 5.596771 -55.18043
3 16 5.22 5.596771 -55.18043 6.32 5.576509 -54.97 10.352 5.388429 -53.68886
4 16 10.352 5.388429 -53.68886 6.32 5.576509 -54.97 6.95 5.569017 -54.87 10.352 5.398318 -53.73771
4 16 10.352 5.398318 -53.73771 6.95 5.569017 -54.87 7.44 5.572763 -54.84 10.352 5.412504 -53.80778
4 16 9.29 6.232748 -57.95 9.09 6.288877 -58.25 8.4 6.499551 -59.37 8.574499 6.528 -59.49464
3 16 8.574499 6.528 -59.49464 9.017917 6.528 -59.45058 9.29 6.232748 -57.95
3 16 9.09 6.288877 -58.25 8.84 6.333991 -58.5 8.4 6.499551 -59.37
3 16 10.31 4.716133 -50.37 5.22 4.836484 -51.38601 10.352 5.080922 -52.16986
3 16 10.352 5.080922 -52.16986 10.352 4.717882 -50.37655 10.31 4.716133 -50.37
3 16 10.31 4.716133 -50.37 10.352 4.717882 -50.37655 10.352 4.713675 -50.35577
3 16 18.12 6.63798 -58.14 19.13983 6.528 -57.53229 17.93322 6.528 -57.83009
3 16 17.7 7.023005 -59.49 15.25734 6.60454 -58.73864 15.23753 6.634468 -58.84056
3 16 17.7 7.023005 -59.49 15.23753 6.634468 -58.84056 15.21917 6.662213 -58.93504
3 16 17.7 7.023005 -59.49 15.21917 6.662213 -58.93504 15.09509 6.849689 -59.57345
4 16 15.308 6.528 -58.478 15.27888 6.572003 -58.62784 17.7 7.023005 -59.49 16.86046 6.528 -58.09485
3 16 17.7 7.023005 -59.49 15.27888 6.572003 -58.62784 15.25734 6.60454 -58.73864
3 16 17.7 7.023005 -59.49 15.09509 6.849689 -59.57345 15.06469 6.895621 -59.72986
3 16 15.308 14.016 -82.717 19.83658 6.788808 -58.20458 17.7 7.023005 -59.49
4 16 10.352 14.016 -83.977 15.308 14.016 -82.717 17.7 7.023005 -59.49 14.89181 7.156821 -60.61933
3 16 17.7 7.023005 -59.49 15.06469 6.895621 -59.72986 14.89181 7.156821 -60.61933
4 16 15.23753 6.634468 -58.84056 15.25734 6.60454 -58.73864 14.72902 6.528 -58.57613 14.42823 6.528 -58.62711
4 16 15.21917 6.662213 -58.93504 15.23753 6.634468 -58.84056 14.42823 6.528 -58.62711 14.09508 6.528 -58.68358
4 16 15.21917 6.662213 -58.93504 14.09508 6.528 -58.68358 10.352 6.528 -59.318 10.352 6.651713 -59.72541
3 16 10.352 6.651713 -59.72541 15.09509 6.849689 -59.57345 15.21917 6.662213 -58.93504
3 16 15.27888 6.572003 -58.62784 15.308 6.528 -58.478 15.00317 6.528 -58.52967
4 16 15.25734 6.60454 -58.73864 15.27888 6.572003 -58.62784 15.00317 6.528 -58.52967 14.72902 6.528 -58.57613
4 16 15.09509 6.849689 -59.57345 10.352 6.651713 -59.72541 10.352 6.783322 -60.15881 15.06469 6.895621 -59.72986
3 16 10.352 14.016 -83.977 14.89181 7.156821 -60.61933 11.21 7.416947 -62.1
3 16 10.352 14.016 -83.977 11.21 7.416947 -62.1 10.352 7.42328 -62.26628
4 16 15.06469 6.895621 -59.72986 10.352 6.783322 -60.15881 10.352 7.095869 -61.18807 11.21 7.416947 -62.1
3 16 11.21 7.416947 -62.1 14.89181 7.156821 -60.61933 15.06469 6.895621 -59.72986
4 16 16.49587 5.26418 -52.19485 16.42 5.236539 -52.07 14.98 5.373945 -52.93 16.02811 5.761852 -54.66905
3 16 16.42 5.236539 -52.07 16.49587 5.26418 -52.19485 16.53241 5.225304 -52.00158
3 16 13.59 5.269819 -52.66 11.52293 5.348567 -53.39272 11.51108 5.360497 -53.45265
3 16 13.59 5.269819 -52.66 11.51108 5.360497 -53.45265 11.49531 5.376384 -53.53247
3 16 13.59 5.269819 -52.66 11.49531 5.376384 -53.53247 11.47405 5.397801 -53.64006
4 16 14.72902 6.528 -58.57613 10.74102 6.136154 -57.34943 10.68369 6.193902 -57.63954 14.42823 6.528 -58.62711
4 16 14.42823 6.528 -58.62711 10.68369 6.193902 -57.63954 10.63053 6.247449 -57.90856 14.09508 6.528 -58.68358
3 16 10.63053 6.247449 -57.90856 10.352 6.528 -59.318 14.09508 6.528 -58.68358
3 16 13.59 5.269819 -52.66 11.47405 5.397801 -53.64006 11.44641 5.425639 -53.77992
3 16 13.59 5.269819 -52.66 11.44641 5.425639 -53.77992 11.41082 5.46149 -53.96003
3 16 13.59 5.269819 -52.66 11.41082 5.46149 -53.96003 11.3627 5.509958 -54.20352
3 16 13.59 5.269819 -52.66 11.3627 5.509958 -54.20352 11.30448 5.568597 -54.49812
3 16 13.59 5.269819 -52.66 11.30448 5.568597 -54.49812 11.23799 5.635577 -54.83461
4 16 13.59 5.269819 -52.66 11.23799 5.635577 -54.83461 10.80333 6.07339 -57.03411 15.00317 6.528 -58.52967
4 16 15.308 6.528 -58.478 15.73426 6.074486 -56.22333 13.59 5.269819 -52.66 15.00317 6.528 -58.52967
4 16 15.00317 6.528 -58.52967 10.80333 6.07339 -57.03411 10.74102 6.136154 -57.34943 14.72902 6.528 -58.57613
3 16 13.59 5.269819 -52.66 11.72356 5.146482 -52.37748 11.53894 5.332443 -53.31171
3 16 13.59 5.269819 -52.66 11.53894 5.332443 -53.31171 11.53239 5.339036 -53.34484
3 16 13.59 5.269819 -52.66 11.53239 5.339036 -53.34484 11.52293 5.348567 -53.39272
3 16 15.24 4.511856 -48.7 16.85966 4.877125 -50.27058 17.35385 4.351342 -47.65663
4 16 16.85966 4.877125 -50.27058 15.24 4.511856 -48.7 16.57 4.999391 -50.9 16.7558 4.987629 -50.81996
4 16 13.59 5.269819 -52.66 15.95 5.055716 -51.25 12.06612 4.801432 -50.644 11.72356 5.146482 -52.37748
4 16 15.24 4.511856 -48.7 12.25014 4.616074 -49.71279 12.06612 4.801432 -50.644 15.95 5.055716 -51.25
3 16 15.95 5.055716 -51.25 16.57 4.999391 -50.9 15.24 4.511856 -48.7
4 16 11.52293 5.348567 -53.39272 10.352 5.412504 -53.80778 10.352 5.430078 -53.89459 11.51108 5.360497 -53.45265
4 16 11.51108 5.360497 -53.45265 10.352 5.430078 -53.89459 10.352 5.453173 -54.00867 11.49531 5.376384 -53.53247
4 16 11.49531 5.376384 -53.53247 10.352 5.453173 -54.00867 10.352 5.483761 -54.15977 11.47405 5.397801 -53.64006
4 16 10.74102 6.136154 -57.34943 10.352 6.105256 -57.22977 10.352 6.170502 -57.55207 10.68369 6.193902 -57.63954
4 16 10.68369 6.193902 -57.63954 10.352 6.170502 -57.55207 10.352 6.230057 -57.84625 10.63053 6.247449 -57.90856
3 16 10.352 6.230057 -57.84625 10.352 6.528 -59.318 10.63053 6.247449 -57.90856
4 16 11.47405 5.397801 -53.64006 10.352 5.483761 -54.15977 10.352 5.522614 -54.35169 11.44641 5.425639 -53.77992
4 16 11.44641 5.425639 -53.77992 10.352 5.522614 -54.35169 10.352 5.571198 -54.59168 11.41082 5.46149 -53.96003
4 16 11.41082 5.46149 -53.96003 10.352 5.571198 -54.59168 10.352 5.634412 -54.90394 11.3627 5.509958 -54.20352
4 16 11.3627 5.509958 -54.20352 10.352 5.634412 -54.90394 10.352 5.707333 -55.26415 11.30448 5.568597 -54.49812
4 16 11.30448 5.568597 -54.49812 10.352 5.707333 -55.26415 10.352 5.786209 -55.65377 11.23799 5.635577 -54.83461
4 16 10.352 5.786209 -55.65377 10.352 6.033111 -56.8734 10.80333 6.07339 -57.03411 11.23799 5.635577 -54.83461
4 16 10.80333 6.07339 -57.03411 10.352 6.033111 -56.8734 10.352 6.105256 -57.22977 10.74102 6.136154 -57.34943
4 16 11.72356 5.146482 -52.37748 10.352 5.080922 -52.16986 10.352 5.388429 -53.68886 11.53894 5.332443 -53.31171
4 16 11.53894 5.332443 -53.31171 10.352 5.388429 -53.68886 10.352 5.398318 -53.73771 11.53239 5.339036 -53.34484
4 16 11.53239 5.339036 -53.34484 10.352 5.398318 -53.73771 10.352 5.412504 -53.80778 11.52293 5.348567 -53.39272
4 16 10.352 4.717882 -50.37655 10.352 5.080922 -52.16986 11.72356 5.146482 -52.37748 12.06612 4.801432 -50.644
4 16 12.25014 4.616074 -49.71279 10.352 4.713675 -50.35577 10.352 4.717882 -50.37655 12.06612 4.801432 -50.644
3 16 24.352 6.528 -55.868 21.63359 6.528 -56.77497 20 14.016 -80.98
4 16 21.54602 6.528 -56.80419 21.36 6.586154 -57.05 20 14.016 -80.98 21.63359 6.528 -56.77497
3 16 21.36 6.586154 -57.05 20.83 6.688432 -57.55 20 14.016 -80.98
3 16 20.83 6.688432 -57.55 20.16 6.763268 -58.01 20 14.016 -80.98
4 16 15.308 14.016 -82.717 20 14.016 -80.98 20.16 6.763268 -58.01 19.83658 6.788808 -58.20458
4 16 19.58 6.49558 -57.27 16.49587 5.26418 -52.19485 16.02811 5.761852 -54.66905 17.93322 6.528 -57.83009
3 16 17.93322 6.528 -57.83009 19.13983 6.528 -57.53229 19.58 6.49558 -57.27
4 16 16.65 5.216326 -51.93 16.53241 5.225304 -52.00158 16.49587 5.26418 -52.19485 19.58 6.49558 -57.27
3 16 19.58 6.49558 -57.27 17.27 5.183204 -51.62 16.65 5.216326 -51.93
3 16 19.58 6.49558 -57.27 20 6.454681 -56.9725 20 6.036564 -54.9908
4 16 20 5.556715 -52.71651 19.9 5.520595 -52.57 19.51 5.409561 -52.14 19.58 6.49558 -57.27
3 16 19.58 6.49558 -57.27 20 6.036564 -54.9908 20 5.556715 -52.71651
4 16 19.58 6.49558 -57.27 19.51 5.409561 -52.14 19.13 5.326477 -51.84 18.7 5.259778 -51.63
4 16 19.58 6.49558 -57.27 18.7 5.259778 -51.63 18.34 5.217823 -51.52 18.01 5.192199 -51.48
4 16 19.58 6.49558 -57.27 18.01 5.192199 -51.48 17.67 5.178714 -51.5 17.27 5.183204 -51.62
3 16 15.73426 6.074486 -56.22333 15.308 6.528 -58.478 16.86046 6.528 -58.09485
3 16 19.92 4.217724 -46.39 17.86 4.9734 -50.48 18.32 4.997353 -50.48
4 16 19.92 4.217724 -46.39 17.35385 4.351342 -47.65663 16.85966 4.877125 -50.27058 17.22 4.969611 -50.62
3 16 17.22 4.969611 -50.62 17.86 4.9734 -50.48 19.92 4.217724 -46.39
3 16 17.22 4.969611 -50.62 16.85966 4.877125 -50.27058 16.7558 4.987629 -50.81996
3 16 19.92 4.217724 -46.39 18.32 4.997353 -50.48 18.52 5.014097 -50.51
3 16 19.92 4.217724 -46.39 18.52 5.014097 -50.51 19.09 5.075427 -50.66
4 16 20 4.210624 -46.33661 19.92 4.217724 -46.39 19.09 5.075427 -50.66 19.66 5.162075 -50.93
3 16 19.66 5.162075 -50.93 20 5.063658 -50.37963 20 4.210624 -46.33661
3 16 19.66 5.162075 -50.93 20 5.232088 -51.17792 20 5.063658 -50.37963
3 16 24.352 6.528 -55.868 20 14.016 -80.98 24.352 14.016 -78.802
3 16 20.3 6.427893 -56.76 20.37371 6.099336 -55.22597 20.07099 6.44657 -56.92222
4 16 20.96 6.262509 -55.78 20.58738 5.854242 -54.02868 20.55627 5.889925 -54.20299 20.8 6.333603 -56.16
3 16 20.8 6.333603 -56.16 20.92 6.292254 -55.93 20.96 6.262509 -55.78
4 16 20.8 6.333603 -56.16 20.55627 5.889925 -54.20299 20.37371 6.099336 -55.22597 20.3 6.427893 -56.76
3 16 20.3 6.427893 -56.76 20.6 6.384379 -56.46 20.8 6.333603 -56.16
4 16 20.99 6.064433 -54.86 20.6181 5.819008 -53.85656 20.58738 5.854242 -54.02868 20.96 6.262509 -55.78
3 16 20.96 6.262509 -55.78 21.02 6.171092 -55.34 20.99 6.064433 -54.86
4 16 20.6181 5.819008 -53.85656 20.99 6.064433 -54.86 20.83 5.917859 -54.24 20.62842 5.807164 -53.79871
3 16 24.25 3.828474 -43.5 22.22518 3.975591 -44.85144 21.74177 4.530087 -47.56016
4 16 24.352 3.832434 -43.48416 24.25 3.828474 -43.5 21.74177 4.530087 -47.56016 21.17282 5.182708 -50.74823
3 16 21.17282 5.182708 -50.74823 24.352 5.057293 -49.11135 24.352 3.832434 -43.48416
3 16 24.25 3.828474 -43.5 24.352 3.832434 -43.48416 24.352 3.816398 -43.41049
4 16 24.352 5.444415 -50.88985 24.352 5.226773 -49.88997 21.13661 5.224238 -50.9511 20.99368 5.388196 -51.75204
4 16 24.352 5.444415 -50.88985 20.99368 5.388196 -51.75204 20.92317 5.46907 -52.14711 21.19 5.567438 -52.51
3 16 21.19 5.567438 -52.51 24.352 5.668628 -51.91992 24.352 5.444415 -50.88985
4 16 24.352 5.668628 -51.91992 21.19 5.567438 -52.51 21.27 5.603721 -52.65 24.352 5.694578 -52.03913
4 16 24.352 5.694578 -52.03913 21.27 5.603721 -52.65 21.68 5.803277 -53.43 24.352 5.924798 -53.0968
4 16 24.352 5.924798 -53.0968 21.68 5.803277 -53.43 21.95 6.005727 -54.27 24.352 6.06829 -53.75602
4 16 24.352 6.06829 -53.75602 21.95 6.005727 -54.27 22.05 6.167533 -54.98 24.352 6.267355 -54.67056
4 16 24.352 6.267355 -54.67056 22.05 6.167533 -54.98 22.03 6.290152 -55.55 24.352 6.344992 -55.02723
4 16 24.352 6.528 -55.868 24.352 6.344992 -55.02723 22.03 6.290152 -55.55 21.98 6.353998 -55.86
3 16 21.98 6.353998 -55.86 21.85 6.438154 -56.29 24.352 6.528 -55.868
4 16 24.352 6.528 -55.868 21.85 6.438154 -56.29 21.64 6.507794 -56.68 21.63359 6.528 -56.77497
3 16 21.64 6.507794 -56.68 21.54602 6.528 -56.80419 21.63359 6.528 -56.77497
4 16 21.13661 5.224238 -50.9511 24.352 5.226773 -49.88997 24.352 5.057293 -49.11135 21.17282 5.182708 -50.74823
4 16 20.46 5.723443 -53.43 20.33 5.67034 -53.2 20 6.036564 -54.9908 20 6.454681 -56.9725
4 16 20.07099 6.44657 -56.92222 20.37371 6.099336 -55.22597 20.46 5.723443 -53.43 20 6.454681 -56.9725
3 16 20.46 5.723443 -53.43 20.55627 5.889925 -54.20299 20.58738 5.854242 -54.02868
3 16 20.46 5.723443 -53.43 20.37371 6.099336 -55.22597 20.55627 5.889925 -54.20299
3 16 20.46 5.723443 -53.43 20.58738 5.854242 -54.02868 20.6181 5.819008 -53.85656
3 16 20.46 5.723443 -53.43 20.6181 5.819008 -53.85656 20.62842 5.807164 -53.79871
3 16 20.33 5.67034 -53.2 20 5.556715 -52.71651 20 6.036564 -54.9908
4 16 22.22518 3.975591 -44.85144 20 4.210624 -46.33661 20 5.063658 -50.37963 21.74177 4.530087 -47.56016
4 16 21.74177 4.530087 -47.56016 20 5.063658 -50.37963 20 5.232088 -51.17792 20.14 5.258554 -51.28
3 16 20.14 5.258554 -51.28 21.17282 5.182708 -50.74823 21.74177 4.530087 -47.56016
4 16 21.13661 5.224238 -50.9511 20.14 5.258554 -51.28 20.69 5.393956 -51.83 20.99368 5.388196 -51.75204
3 16 20.69 5.393956 -51.83 20.92317 5.46907 -52.14711 20.99368 5.388196 -51.75204
3 16 20.14 5.258554 -51.28 21.13661 5.224238 -50.9511 21.17282 5.182708 -50.74823
4 16 28.284 3.979338 -42.87367 26.45207 3.861789 -43.1581 25.57221 4.978836 -48.48309 28.284 4.932276 -47.08687
3 16 28.17 3.331627 -40.06 28.284 3.345113 -40.06958 28.284 3.313477 -39.92971
4 16 28.284 3.345113 -40.06958 28.17 3.331627 -40.06 26.75944 3.471554 -41.29784 26.45207 3.861789 -43.1581
3 16 26.45207 3.861789 -43.1581 28.284 3.979338 -42.87367 28.284 3.345113 -40.06958
4 16 25.39672 5.201637 -49.54519 25.21098 5.43745 -50.66932 28.284 5.56411 -49.88038 28.284 5.272782 -48.59234
4 16 25.21098 5.43745 -50.66932 25.0251 5.673443 -51.7943 28.284 5.859446 -51.18614 28.284 5.56411 -49.88038
4 16 28.284 5.859446 -51.18614 25.0251 5.673443 -51.7943 25.00607 5.697607 -51.90949 28.284 5.876104 -51.25979
4 16 25.00607 5.697607 -51.90949 24.81952 5.934443 -53.0385 28.284 6.180695 -52.60647 28.284 5.876104 -51.25979
4 16 28.284 6.180695 -52.60647 24.81952 5.934443 -53.0385 24.71375 6.068723 -53.67861 28.284 6.2504 -52.91466
4 16 28.284 6.528 -54.142 28.284 6.2504 -52.91466 24.71375 6.068723 -53.67861 24.55435 6.271101 -54.64336
3 16 28.284 6.528 -54.142 24.55435 6.271101 -54.64336 24.49629 6.344815 -54.99475
3 16 24.352 6.528 -55.868 28.284 6.528 -54.142 24.49629 6.344815 -54.99475
4 16 25.57221 4.978836 -48.48309 25.39672 5.201637 -49.54519 28.284 5.272782 -48.59234 28.284 4.932276 -47.08687
4 16 25.57221 4.978836 -48.48309 26.45207 3.861789 -43.1581 24.352 3.832434 -43.48416 24.352 5.057293 -49.11135
4 16 24.352 3.832434 -43.48416 26.45207 3.861789 -43.1581 26.75944 3.471554 -41.29784 24.352 3.816398 -43.41049
4 16 25.21098 5.43745 -50.66932 25.39672 5.201637 -49.54519 24.352 5.226773 -49.88997 24.352 5.444415 -50.88985
4 16 25.0251 5.673443 -51.7943 25.21098 5.43745 -50.66932 24.352 5.444415 -50.88985 24.352 5.668628 -51.91992
4 16 25.00607 5.697607 -51.90949 25.0251 5.673443 -51.7943 24.352 5.668628 -51.91992 24.352 5.694578 -52.03913
4 16 24.81952 5.934443 -53.0385 25.00607 5.697607 -51.90949 24.352 5.694578 -52.03913 24.352 5.924798 -53.0968
4 16 24.71375 6.068723 -53.67861 24.81952 5.934443 -53.0385 24.352 5.924798 -53.0968 24.352 6.06829 -53.75602
4 16 24.55435 6.271101 -54.64336 24.71375 6.068723 -53.67861 24.352 6.06829 -53.75602 24.352 6.267355 -54.67056
4 16 24.49629 6.344815 -54.99475 24.55435 6.271101 -54.64336 24.352 6.267355 -54.67056 24.352 6.344992 -55.02723
3 16 24.352 6.528 -55.868 24.49629 6.344815 -54.99475 24.352 6.344992 -55.02723
4 16 24.352 5.226773 -49.88997 25.39672 5.201637 -49.54519 25.57221 4.978836 -48.48309 24.352 5.057293 -49.11135
4 16 31.736 4.902551 -45.30952 31.736 4.199054 -42.3377 30.01143 4.029934 -42.60546 29.42865 4.872701 -46.49751
3 16 31.6 2.713586 -36.14 31.736 2.750757 -36.21957 31.736 2.683852 -35.93694
4 16 31.6 2.713586 -36.14 30.85144 2.815181 -36.9955 30.36494 3.518712 -40.24454 31.736 3.730844 -40.35981
3 16 31.736 3.730844 -40.35981 31.736 2.750757 -36.21957 31.6 2.713586 -36.14
4 16 31.736 4.199054 -42.3377 31.736 3.730844 -40.35981 30.36494 3.518712 -40.24454 30.01143 4.029934 -42.60546
4 16 31.736 5.774783 -48.99414 31.736 5.409989 -47.45312 29.15818 5.263835 -48.30385 28.94763 5.568317 -49.71
4 16 31.736 6.141181 -50.54194 31.736 5.774783 -48.99414 28.94763 5.568317 -49.71 28.73932 5.869553 -51.10117
4 16 31.736 6.149147 -50.57559 31.736 6.141181 -50.54194 28.73932 5.869553 -51.10117 28.72877 5.884812 -51.17164
4 16 28.5183 6.189177 -52.57725 31.736 6.528 -52.176 31.736 6.149147 -50.57559 28.72877 5.884812 -51.17164
3 16 31.736 6.528 -52.176 28.5183 6.189177 -52.57725 28.47386 6.25344 -52.87403
3 16 28.284 6.528 -54.142 31.736 6.528 -52.176 28.47386 6.25344 -52.87403
4 16 29.15818 5.263835 -48.30385 31.736 5.409989 -47.45312 31.736 4.902551 -45.30952 29.42865 4.872701 -46.49751
4 16 30.01143 4.029934 -42.60546 28.284 3.979338 -42.87367 28.284 4.932276 -47.08687 29.42865 4.872701 -46.49751
4 16 28.284 3.313477 -39.92971 28.284 3.345113 -40.06958 30.36494 3.518712 -40.24454 30.85144 2.815181 -36.9955
4 16 30.36494 3.518712 -40.24454 28.284 3.345113 -40.06958 28.284 3.979338 -42.87367 30.01143 4.029934 -42.60546
4 16 28.284 5.272782 -48.59234 28.284 5.56411 -49.88038 28.94763 5.568317 -49.71 29.15818 5.263835 -48.30385
4 16 28.284 5.56411 -49.88038 28.284 5.859446 -51.18614 28.73932 5.869553 -51.10117 28.94763 5.568317 -49.71
4 16 28.73932 5.869553 -51.10117 28.284 5.859446 -51.18614 28.284 5.876104 -51.25979 28.72877 5.884812 -51.17164
4 16 28.284 5.876104 -51.25979 28.284 6.180695 -52.60647 28.5183 6.189177 -52.57725 28.72877 5.884812 -51.17164
4 16 28.5183 6.189177 -52.57725 28.284 6.180695 -52.60647 28.284 6.2504 -52.91466 28.47386 6.25344 -52.87403
3 16 28.284 6.528 -54.142 28.47386 6.25344 -52.87403 28.284 6.2504 -52.91466
4 16 28.284 4.932276 -47.08687 28.284 5.272782 -48.59234 29.15818 5.263835 -48.30385 29.42865 4.872701 -46.49751
3 16 34.64 6.528 -50 33.05109 4.267353 -42.13351 32.70019 4.870547 -44.81308
4 16 34.5 1.961592 -31.81 34.37939 1.983982 -31.99008 33.67683 3.191692 -37.3551 34.64 6.528 -50
3 16 34.64 6.528 -50 34.64 1.916824 -31.52574 34.5 1.961592 -31.81
3 16 34.64 6.528 -50 33.67683 3.191692 -37.3551 33.26651 3.897044 -40.48849
3 16 34.64 6.528 -50 33.26651 3.897044 -40.48849 33.05109 4.267353 -42.13351
3 16 34.64 6.528 -50 32.38241 5.416819 -47.23979 32.16717 5.786819 -48.88345
3 16 31.95534 6.150944 -50.501 34.64 6.528 -50 32.16717 5.786819 -48.88345
3 16 34.64 6.528 -50 31.95534 6.150944 -50.501 31.95116 6.158134 -50.53294
3 16 31.736 6.528 -52.176 34.64 6.528 -50 31.95116 6.158134 -50.53294
3 16 32.38241 5.416819 -47.23979 34.64 6.528 -50 32.70019 4.870547 -44.81308
4 16 33.05109 4.267353 -42.13351 31.736 4.199054 -42.3377 31.736 4.902551 -45.30952 32.70019 4.870547 -44.81308
4 16 31.736 2.683852 -35.93694 31.736 2.750757 -36.21957 33.67683 3.191692 -37.3551 34.37939 1.983982 -31.99008
4 16 33.67683 3.191692 -37.3551 31.736 2.750757 -36.21957 31.736 3.730844 -40.35981 33.26651 3.897044 -40.48849
4 16 33.26651 3.897044 -40.48849 31.736 3.730844 -40.35981 31.736 4.199054 -42.3377 33.05109 4.267353 -42.13351
4 16 31.736 5.409989 -47.45312 31.736 5.774783 -48.99414 32.16717 5.786819 -48.88345 32.38241 5.416819 -47.23979
4 16 31.736 5.774783 -48.99414 31.736 6.141181 -50.54194 31.95534 6.150944 -50.501 32.16717 5.786819 -48.88345
4 16 31.95534 6.150944 -50.501 31.736 6.141181 -50.54194 31.736 6.149147 -50.57559 31.95116 6.158134 -50.53294
3 16 31.736 6.528 -52.176 31.95116 6.158134 -50.53294 31.736 6.149147 -50.57559
4 16 31.736 4.902551 -45.30952 31.736 5.409989 -47.45312 32.38241 5.416819 -47.23979 32.70019 4.870547 -44.81308
3 16 34.64 6.528 -50 36.956 6.528 -47.654 36.956 1.536 -28.827
3 16 35.64117 1.536 -29.49293 34.64 1.916824 -31.52574 34.64 6.528 -50
3 16 34.64 6.528 -50 36.956 1.536 -28.827 35.64117 1.536 -29.49293
3 16 38.636 1.536 -27.588 36.956 6.528 -47.654 38.636 6.528 -45.176
3 16 36.956 1.536 -28.827 36.956 6.528 -47.654 38.636 1.536 -27.588
3 16 40 6.1075 -41.0546 40 1.5403 -25.6593 38.636 6.528 -45.176
3 16 36.8 1.382875 -27.14 36.956 1.536 -28.827 36.956 1.349952 -26.68129
3 16 36.956 1.536 -28.827 36.8 1.382875 -27.14 35.64117 1.536 -29.49293
3 16 38.11076 1.129378 -23.28574 36.956 1.349952 -26.68129 36.956 1.536 -28.827
3 16 36.956 1.536 -28.827 38.636 1.536 -27.588 38.11076 1.129378 -23.28574
4 16 40 0 -10 39 .07733246 -11.25723 39 .8652482 -20 38.636 1.536 -27.588
3 16 38.636 1.536 -27.588 39 .8652482 -20 38.48 1.044811 -22.2
3 16 38.636 1.536 -27.588 38.48 1.044811 -22.2 38.11076 1.129378 -23.28574
3 16 20 0 -10 18 .0615 -11 21 .06150427 -11
3 16 20 0 -10 21 .06150427 -11 21 0 -10
3 16 40 0 -10 39 0 -10 39 0.07733246 -11.25723
4 16 20 0 -10 21 0 -10 21 0 9 20 0 10
4 16 40 0 10 20 0 10 21 0 9 39 0 9
4 16 40 0 -10 40 0 10 39 0 9 39 0 -10
3 16 -2.893621 6.528 -59.90465 -5.22 6.528 -59.828 -5.22 7.263288 -62.27444
3 16 -5.22 7.263288 -62.27444 -2.96 6.62043 -60.21 -2.893621 6.528 -59.90465
3 16 -4.56 7.210333 -62.12 -2.96 6.62043 -60.21 -5.22 7.263288 -62.27444
3 16 -5.22 7.263288 -62.27444 -5 7.253763 -62.25 -4.56 7.210333 -62.12
4 16 -4.15 7.140151 -61.9 -3.79 7.052431 -61.62 -3.47 6.941062 -61.26 -3.22 6.815359 -60.85
4 16 -4.15 7.140151 -61.9 -3.22 6.815359 -60.85 -2.96 6.62043 -60.21 -4.56 7.210333 -62.12
4 16 -4.68 7.512076 -63.12 -5.22 7.537399 -63.18646 -5.22 7.676689 -63.64991 0 14.016 -85
3 16 -3.99 7.442126 -62.91 -4.68 7.512076 -63.12 0 14.016 -85
3 16 -3.47 7.352821 -62.63 -3.99 7.442126 -62.91 0 14.016 -85
3 16 -3.07 7.258694 -62.33 -3.47 7.352821 -62.63 0 14.016 -85
3 16 0 6.528 -60 -3.07 7.258694 -62.33 0 14.016 -85
3 16 0 6.528 -60 -2.24 6.925876 -61.25 -2.64 7.116181 -61.87
3 16 0 6.528 -60 -2.64 7.116181 -61.87 -3.07 7.258694 -62.33
3 16 0 6.528 -60 -1.790483 6.528 -59.941 -1.93 6.703401 -60.52
3 16 0 6.528 -60 -1.93 6.703401 -60.52 -2.24 6.925876 -61.25
3 16 -5.22 14.016 -84.742 0 14.016 -85 -5.22 7.676689 -63.64991
3 16 -4.47 5.768529 -56.05 -5.22 5.742334 -55.90691 -5.22 6.528 -59.828
4 16 -2.74 6.312402 -58.83 -2.79 6.182939 -58.18 -5.22 6.528 -59.828 -2.893621 6.528 -59.90465
3 16 -2.893621 6.528 -59.90465 -2.81 6.450642 -59.52 -2.74 6.312402 -58.83
3 16 -2.91 6.077898 -57.65 -3.1 5.991289 -57.21 -5.22 6.528 -59.828
3 16 -5.22 6.528 -59.828 -2.79 6.182939 -58.18 -2.91 6.077898 -57.65
3 16 -5.22 5.742334 -55.90691 -4.47 5.768529 -56.05 -4.98 5.744165 -55.92
3 16 -3.34 5.920984 -56.85 -3.66 5.857195 -56.52 -5.22 6.528 -59.828
3 16 -5.22 6.528 -59.828 -3.1 5.991289 -57.21 -3.34 5.920984 -56.85
4 16 -3.66 5.857195 -56.52 -4.02 5.807646 -56.26 -4.47 5.768529 -56.05 -5.22 6.528 -59.828
3 16 0 4.883277 -51.76321 -4.12 5.59864 -55.21 -3.51 5.64854 -55.48
3 16 0 4.883277 -51.76321 -4.85 5.565407 -55.03 -4.12 5.59864 -55.21
3 16 0 4.883277 -51.76321 -3.51 5.64854 -55.48 -2.95 5.720734 -55.86
3 16 0 4.883277 -51.76321 -2.95 5.720734 -55.86 -2.52 5.805764 -56.3
4 16 -2.52 5.805764 -56.3 -2.17 5.901305 -56.79 0 6.528 -60 0 4.883277 -51.76321
3 16 0 6.528 -60 -2.17 5.901305 -56.79 -1.9 6.019336 -57.39
3 16 0 6.528 -60 -1.9 6.019336 -57.39 -1.72 6.171906 -58.16
3 16 -1.72 6.171906 -58.16 -1.67 6.331321 -58.96 0 6.528 -60
3 16 0 6.528 -60 -1.67 6.331321 -58.96 -1.73 6.477482 -59.69
3 16 -1.73 6.477482 -59.69 -1.790483 6.528 -59.941 0 6.528 -60
3 16 0 4.883277 -51.76321 -3.5 4.853647 -51.5 -5.22 5.561068 -55.00225
3 16 -5.22 5.561068 -55.00225 -3.5 4.853647 -51.5 -5.2 4.837218 -51.39
3 16 0 4.883277 -51.76321 -5.22 5.561068 -55.00225 -4.85 5.565407 -55.03
4 16 -8.244069 6.528 -59.52748 -8.21 6.679568 -60.03 -8.09 6.824742 -60.52 -7.91 6.943811 -60.93
4 16 -8.244069 6.528 -59.52748 -7.91 6.943811 -60.93 -7.66 7.051659 -61.31 -7.35 7.142512 -61.64
3 16 -7.35 7.142512 -61.64 -5.22 6.528 -59.828 -8.244069 6.528 -59.52748
4 16 -5.22 6.528 -59.828 -7.35 7.142512 -61.64 -7 7.210902 -61.9 -6.6 7.259564 -62.1
4 16 -5.22 6.528 -59.828 -5.99 7.292779 -62.27 -5.45 7.281274 -62.3 -5.22 7.263288 -62.27444
3 16 -5.22 6.528 -59.828 -6.6 7.259564 -62.1 -5.99 7.292779 -62.27
3 16 -5.33 7.546396 -63.2 -5.22 7.676689 -63.64991 -5.22 7.537399 -63.18646
3 16 -10.352 6.528 -59.318 -8.79 7.110051 -61.39 -9.05 6.950883 -60.84
3 16 -10.352 6.528 -59.318 -9.05 6.950883 -60.84 -9.26 6.717327 -60.05
3 16 -9.26 6.717327 -60.05 -9.305397 6.528 -59.42201 -10.352 6.528 -59.318
3 16 -10.352 14.016 -83.977 -6.13 7.564226 -63.15 -6.85 7.534331 -62.98
4 16 -6.13 7.564226 -63.15 -10.352 14.016 -83.977 -5.22 14.016 -84.742 -5.33 7.546396 -63.2
3 16 -5.22 14.016 -84.742 -5.22 7.676689 -63.64991 -5.33 7.546396 -63.2
3 16 -8.19 6.379155 -58.79 -8.25 6.51059 -59.44 -8.244069 6.528 -59.52748
4 16 -5.22 6.528 -59.828 -5.22 5.742334 -55.90691 -8.19 6.379155 -58.79 -8.244069 6.528 -59.52748
4 16 -5.22 5.742334 -55.90691 -7.35 5.941654 -56.69 -7.58 6.008348 -57 -7.85 6.115913 -57.51
4 16 -5.22 5.742334 -55.90691 -7.85 6.115913 -57.51 -8.1 6.28319 -58.32 -8.19 6.379155 -58.79
4 16 -5.22 5.742334 -55.90691 -5.53 5.745119 -55.89 -5.99 5.764297 -55.94 -6.47 5.80391 -56.09
4 16 -5.22 5.742334 -55.90691 -6.47 5.80391 -56.09 -6.91 5.858756 -56.32 -7.21 5.910814 -56.55
3 16 -7.21 5.910814 -56.55 -7.35 5.941654 -56.69 -5.22 5.742334 -55.90691
3 16 -10.31 4.716133 -50.37 -10.352 4.713675 -50.35577 -10.352 6.528 -59.318
4 16 -5.65 5.563168 -54.97 -5.22 5.561068 -55.00225 -5.2 4.837218 -51.39 -6.29 5.589938 -55.04
3 16 -9.305397 6.528 -59.42201 -9.32 6.487815 -59.22 -10.352 6.528 -59.318
3 16 -10.352 6.528 -59.318 -9.07 6.188294 -57.75 -8.78 6.034246 -57.01
3 16 -10.31 4.716133 -50.37 -10.352 6.528 -59.318 -8.78 6.034246 -57.01
3 16 -10.31 4.716133 -50.37 -8.78 6.034246 -57.01 -8.43 5.909059 -56.42
3 16 -10.31 4.716133 -50.37 -8.43 5.909059 -56.42 -8.01 5.806522 -55.95
3 16 -10.31 4.716133 -50.37 -8.01 5.806522 -55.95 -7.5 5.714216 -55.54
3 16 -10.31 4.716133 -50.37 -7.5 5.714216 -55.54 -6.92 5.640552 -55.23
3 16 -10.31 4.716133 -50.37 -6.92 5.640552 -55.23 -6.29 5.589938 -55.04
3 16 -10.31 4.716133 -50.37 -6.29 5.589938 -55.04 -5.2 4.837218 -51.39
3 16 -10.352 6.528 -59.318 -9.32 6.487815 -59.22 -9.26 6.364395 -58.61
3 16 -10.352 6.528 -59.318 -9.26 6.364395 -58.61 -9.07 6.188294 -57.75
4 16 -15.308 14.016 -82.717 -10.352 14.016 -83.977 -15.308 6.528 -58.478 -20 6.528 -57.32
3 16 -15.308 6.528 -58.478 -10.352 14.016 -83.977 -10.352 6.528 -59.318
3 16 -10.352 14.016 -83.977 -6.85 7.534331 -62.98 -7.44 7.470146 -62.71
3 16 -10.352 14.016 -83.977 -7.44 7.470146 -62.71 -8 7.371654 -62.33
3 16 -10.352 14.016 -83.977 -8 7.371654 -62.33 -8.47 7.243116 -61.86
3 16 -8.47 7.243116 -61.86 -8.79 7.110051 -61.39 -10.352 14.016 -83.977
3 16 -10.352 14.016 -83.977 -8.79 7.110051 -61.39 -10.352 6.528 -59.318
3 16 -15.87947 5.919992 -55.45526 -15.308 6.528 -58.478 -10.352 6.528 -59.318
3 16 -10.352 6.528 -59.318 -15.83 5.901177 -55.37 -15.87947 5.919992 -55.45526
3 16 -15.90378 5.894124 -55.32665 -15.83 5.901177 -55.37 -10.352 6.528 -59.318
4 16 -14.09 5.470567 -53.55 -16.50775 5.251543 -52.13202 -15.90378 5.894124 -55.32665 -10.352 6.528 -59.318
4 16 -15.24 4.511856 -48.7 -17.00643 4.720979 -49.4943 -16.7393 5.00518 -50.90722 -13.61 5.286993 -52.74
3 16 -12.25014 4.616074 -49.71279 -15.24 4.511856 -48.7 -13.61 5.286993 -52.74
3 16 -15.24 4.511856 -48.7 -17.35385 4.351342 -47.65663 -17.00643 4.720979 -49.4943
3 16 -13.61 5.286993 -52.74 -14.09 5.470567 -53.55 -10.352 6.528 -59.318
3 16 -13.61 5.286993 -52.74 -10.352 6.528 -59.318 -12.25014 4.616074 -49.71279
3 16 -10.352 4.713675 -50.35577 -12.25014 4.616074 -49.71279 -10.352 6.528 -59.318
3 16 -15.308 14.016 -82.717 -20 6.528 -57.32 -21.32 6.692699 -57.4
3 16 -21.06452 6.528 -56.96484 -21.32 6.692699 -57.4 -20 6.528 -57.32
3 16 -24.352 6.528 -55.868 -22.23 6.621051 -56.87 -22.08565 6.528 -56.62414
3 16 -24.352 6.528 -55.868 -20 14.016 -80.98 -22.23 6.621051 -56.87
4 16 -21.32 6.692699 -57.4 -22.23 6.621051 -56.87 -20 14.016 -80.98 -15.308 14.016 -82.717
4 16 -19.5 5.864777 -54.3 -20 6.070502 -55.15165 -20 6.528 -57.32 -15.308 6.528 -58.478
3 16 -15.308 6.528 -58.478 -16.3 6.094803 -56.18 -19.5 5.864777 -54.3
3 16 -16.3 6.094803 -56.18 -15.308 6.528 -58.478 -15.87947 5.919992 -55.45526
3 16 -17.79 5.159645 -51.38 -15.90378 5.894124 -55.32665 -16.50775 5.251543 -52.13202
3 16 -15.90378 5.894124 -55.32665 -17.79 5.159645 -51.38 -19.03 5.669402 -53.49
3 16 -18.22 4.899311 -50.04 -16.7393 5.00518 -50.90722 -17.00643 4.720979 -49.4943
4 16 -17.35385 4.351342 -47.65663 -19.92 4.217724 -46.39 -18.22 4.899311 -50.04 -17.00643 4.720979 -49.4943
3 16 -20 4.210624 -46.33661 -18.22 4.899311 -50.04 -19.92 4.217724 -46.39
3 16 -18.22 4.899311 -50.04 -20 4.210624 -46.33661 -20 5.63167 -53.07177
3 16 -24.352 6.528 -55.868 -24.352 14.016 -78.802 -20 14.016 -80.98
3 16 -20.29676 6.187596 -55.65712 -21.06452 6.528 -56.96484 -20 6.528 -57.32
4 16 -24.25 3.828474 -43.5 -24.352 3.816398 -43.41049 -24.352 6.528 -55.868 -22.22518 3.975591 -44.85144
4 16 -24.352 6.528 -55.868 -22.08565 6.528 -56.62414 -20.58142 5.861077 -54.06207 -22.22518 3.975591 -44.85144
3 16 -20 6.528 -57.32 -20 6.070502 -55.15165 -20.29676 6.187596 -55.65712
3 16 -20 4.210624 -46.33661 -22.22518 3.975591 -44.85144 -20 5.63167 -53.07177
3 16 -20 5.63167 -53.07177 -22.22518 3.975591 -44.85144 -20.58142 5.861077 -54.06207
4 16 -26.75944 3.471554 -41.29784 -28.284 3.313477 -39.92971 -28.284 6.528 -54.142 -24.352 6.528 -55.868
3 16 -28.17 3.331627 -40.06 -28.284 3.313477 -39.92971 -26.75944 3.471554 -41.29784
3 16 -24.352 6.528 -55.868 -24.352 3.816398 -43.41049 -26.75944 3.471554 -41.29784
3 16 -31.736 6.528 -52.176 -28.284 6.528 -54.142 -30.85144 2.815181 -36.9955
4 16 -30.85144 2.815181 -36.9955 -31.6 2.713586 -36.14 -31.736 2.683852 -35.93694 -31.736 6.528 -52.176
3 16 -28.284 3.313477 -39.92971 -30.85144 2.815181 -36.9955 -28.284 6.528 -54.142
4 16 -34.37939 1.983982 -31.99008 -34.5 1.961592 -31.81 -34.64 1.916824 -31.52574 -34.64 6.528 -50
3 16 -34.64 6.528 -50 -31.736 6.528 -52.176 -34.37939 1.983982 -31.99008
3 16 -31.736 2.683852 -35.93694 -34.37939 1.983982 -31.99008 -31.736 6.528 -52.176
3 16 -36.956 6.528 -47.654 -34.64 6.528 -50 -36.956 1.536 -28.827
4 16 -34.64 1.916824 -31.52574 -35.64117 1.536 -29.49293 -36.956 1.536 -28.827 -34.64 6.528 -50
3 16 -40 1.5403 -25.6593 -38.636 6.528 -45.176 -39.31481 1.53814 -26.62816
3 16 -38.636 1.536 -27.588 -38.88588 1.536788 -27.23467 -38.636 6.528 -45.176
3 16 -38.636 6.528 -45.176 -36.956 6.528 -47.654 -38.636 1.536 -27.588
3 16 -38.636 6.528 -45.176 -38.88588 1.536788 -27.23467 -39.31481 1.53814 -26.62816
3 16 -36.956 1.536 -28.827 -37.15433 1.536 -28.68073 -36.956 6.528 -47.654
3 16 -37.15433 1.536 -28.68073 -38.636 1.536 -27.588 -36.956 6.528 -47.654
3 16 -40 6.1075 -41.0546 -38.636 6.528 -45.176 -40 1.5403 -25.6593
4 16 -36.956 1.536 -28.827 -35.64117 1.536 -29.49293 -36.8 1.382875 -27.14 -36.956 1.448542 -27.81834
3 16 -36.8 1.382875 -27.14 -36.956 1.349952 -26.68129 -36.956 1.448542 -27.81834
3 16 -37.15433 1.536 -28.68073 -36.956 1.536 -28.827 -36.956 1.448542 -27.81834
4 16 -36.956 1.349952 -26.68129 -38.11076 1.129378 -23.28574 -38.636 1.536 -27.588 -37.15433 1.536 -28.68073
3 16 -37.15433 1.536 -28.68073 -36.956 1.448542 -27.81834 -36.956 1.349952 -26.68129
4 16 -39.31481 1.53814 -26.62816 -39.08526 1.030091 -21.79507 -40 0 -10 -40 1.5403 -25.6593
3 16 -38.77249 1.382303 -25.82809 -38.88588 1.536788 -27.23467 -38.636 1.536 -27.588
4 16 -38.88588 1.536788 -27.23467 -38.77249 1.382303 -25.82809 -39.08526 1.030091 -21.79507 -39.31481 1.53814 -26.62816
4 16 -39 0.8652482 -20 -39 0.07733246 -11.25723 -40 0 -10 -39.08526 1.030091 -21.79507
4 16 -38.48 1.044811 -22.2 -38.77249 1.382303 -25.82809 -38.636 1.536 -27.588 -38.11076 1.129378 -23.28574
4 16 -38.77249 1.382303 -25.82809 -38.48 1.044811 -22.2 -39 0.8652482 -20 -39.08526 1.030091 -21.79507
3 16 -20 0 -10 -21 .06150427 -11 -18 .0615 -11
3 16 -40 0 -10 -39 0.07733246 -11.25723 -39 0 -10
3 16 -20 0 -10 -21 0 -10 -21 .06150427 -11
4 16 -39 0 -10 -39 0 9 -40 0 10 -40 0 -10
4 16 -40 0 10 -39 0 9 -21 0 9 -20 0 10
4 16 -20 0 -10 -20 0 10 -21 0 9 -21 0 -10
3 16 -20 0 -10 -18 .0615 -11 -3.5 .0615 -11
4 16 -20 0 -10 -3.5 0.0615 -11 3.5 0.0615 -11 20 0 -10
3 16 20 0 -10 3.5 .0615 -11 18 .0615 -11

