0 Sticker  0.7 x  2.9 with Black "POLICE" on Transparent Background
0 Name: 195385a.dat
0 Author: Takeshi Takahashi [RainbowDolphin]
0 !LDRAW_ORG Unofficial_Part 
0 !LICENSE Redistributable under CCAL version 2.0 : see CAreadme.txt

0 BFC CERTIFY CCW

0 !KEYWORDS Set 6384, Police station, Helicopter


1 16 0 -0.25 0 29 0 0 0 0.25 0 0 0 7 box5-12.dat
0 BFC NOCLIP
1 16 -19.5 -0.25 0 10 0 0 0 1 0 0 0 10 type-swiss721bt-bold-up.dat
1 16 -10.5 -0.25 0 10 0 0 0 1 0 0 0 10 type-swiss721bt-bold-uo.dat
1 16 -1.5 -0.25 0 10 0 0 0 1 0 0 0 10 type-swiss721bt-bold-ul.dat
1 16 3.5 -0.25 0 10 0 0 0 1 0 0 0 10 type-swiss721bt-bold-ui.dat
1 16 10 -0.25 0 10 0 0 0 1 0 0 0 10 type-swiss721bt-bold-uc.dat
1 16 19 -0.25 0 10 0 0 0 1 0 0 0 10 type-swiss721bt-bold-ue.dat
0 BFC CLIP
4 16 1.97 -0.25 5 29 -0.25 7 -29 -0.25 7 -4.97 -0.25 5
3 16 -29 -0.25 7 -5.86 -0.25 5 -4.97 -0.25 5
3 16 -29 -0.25 7 -15.14 -0.25 5 -5.86 -0.25 5
3 16 -29 -0.25 7 -15.68 -0.25 5 -15.14 -0.25 5
3 16 -29 -0.25 7 -23.32 -0.25 5 -15.68 -0.25 5
4 16 -23.32 -0.25 -5 -23.32 -0.25 5 -29 -0.25 7 -29 -0.25 -7
3 16 -15.68 -0.25 -5 -23.32 -0.25 -5 -29 -0.25 -7
3 16 -15.14 -0.25 -5 -15.68 -0.25 -5 -29 -0.25 -7
4 16 -15.68 -0.25 -5 -15.14 -0.25 -5 -15.14 -0.25 5 -15.68 -0.25 5
3 16 -5.86 -0.25 -5 -15.14 -0.25 -5 -29 -0.25 -7
3 16 -4.97 -0.25 -5 -5.86 -0.25 -5 -29 -0.25 -7
4 16 -5.86 -0.25 -5 -4.97 -0.25 -5 -4.97 -0.25 5 -5.86 -0.25 5
4 16 1.97 -0.25 -5 -4.97 -0.25 -5 -29 -0.25 -7 29 -0.25 -7
3 16 2.48 -0.25 -5 1.97 -0.25 -5 29 -0.25 -7
3 16 4.52 -0.25 -5 2.48 -0.25 -5 29 -0.25 -7
3 16 5.67 -0.25 -5 4.52 -0.25 -5 29 -0.25 -7
3 16 14.33 -0.25 -5 5.67 -0.25 -5 29 -0.25 -7
3 16 15.25 -0.25 -5 14.33 -0.25 -5 29 -0.25 -7
3 16 22.75 -0.25 -5 15.25 -0.25 -5 29 -0.25 -7
4 16 22.75 -0.25 5 22.75 -0.25 -5 29 -0.25 -7 29 -0.25 7
3 16 29 -0.25 7 15.25 -0.25 5 22.75 -0.25 5
3 16 29 -0.25 7 14.33 -0.25 5 15.25 -0.25 5
4 16 15.25 -0.25 5 14.33 -0.25 5 14.33 -0.25 -5 15.25 -0.25 -5
3 16 29 -0.25 7 5.67 -0.25 5 14.33 -0.25 5
3 16 29 -0.25 7 4.52 -0.25 5 5.67 -0.25 5
4 16 5.67 -0.25 5 4.52 -0.25 5 4.52 -0.25 -5 5.67 -0.25 -5
3 16 29 -0.25 7 2.48 -0.25 5 4.52 -0.25 5
3 16 29 -0.25 7 1.97 -0.25 5 2.48 -0.25 5
4 16 2.48 -0.25 5 1.97 -0.25 5 1.97 -0.25 -5 2.48 -0.25 -5
