0 Boat Hull Floating 40 x 12 Bottom (Needs work)
0 Name: 23997.dat
0 Author: Massimo Maso [Sirio]
0 !LDRAW_ORG Unofficial_Part 
0 !LICENSE Redistributable under CCAL version 2.0 : see CAreadme.txt

0 BFC CERTIFY CCW

0 !HISTORY 2016-03-18 {LEGO Digital Designer} Original part shape
0 !HISTORY 2019-12-03 [Sirio] File preparation for LDraw Parts Tracker

0 // Needs Work: Optimization of the curved surfaces
0 // Needs Work: Possible use of primitives

0 // Subparts
1 16 0 0 0 1 0 0 0 1 0 0 0 1 s\23997s01.dat
1 16 0 0 0 -1 0 0 0 1 0 0 0 1 s\23997s01.dat
0 // Outside
4 16 106 0 382 106 0 386 -106 0 386 -106 0 382
4 16 106 0 386 99 82 379 -99 82 379 -106 0 386
4 16 99 82 379 99 85.8268 378.2388 -99 85.8268 378.2388 -99 82 379
4 16 99 85.8268 378.2388 99 89.0711 376.0711 -99 89.0711 376.0711 -99 85.8268 378.2388
4 16 99 89.0711 376.0711 99 91.2388 372.8268 -99 91.2388 372.8268 -99 89.0711 376.0711
4 16 99 91.2388 372.8268 99 92 369 -99 92 369 -99 91.2388 372.8268
4 16 99 92 369 36 92 359 -36 92 359 -99 92 369
3 16 36 92 359 0 92 246 -36 92 359
4 16 0 89.5 243.5 9.5895 89.5 -292.0646 0 89.5 -298.4523 -9.5895 89.5 -292.0646
3 16 0 92 -301.4561 2.6964 92 -311.6754 -2.6964 92 -311.6754
4 16 2.6964 92 -311.6754 3.8543 91.2388 -315.5022 -3.8543 91.2388 -315.5022 -2.6964 92 -311.6754
4 16 3.8543 91.2388 -315.5022 4.8086 89.16 -318.6564 -4.8086 89.16 -318.6564 -3.8543 91.2388 -315.5022
4 16 4.8086 89.16 -318.6564 4.8984 88.7034 -319.1247 -4.8984 88.7034 -319.1247 -4.8086 89.16 -318.6564
3 16 4.8984 88.7034 -319.1247 0 8.8871 -400.9876 -4.8984 88.7034 -319.1247
0 // Edges
2 24 -106 0 382 106 0 382
2 24 106 0 386 -106 0 386
2 24 0 89.5 -298.4523 0 89.6903 -299.6018
2 24 0 89.6903 -299.6018 0 90.2322 -300.5763
2 24 0 90.2322 -300.5763 0 91.0433 -301.2275
2 24 0 91.0433 -301.2275 0 92 -301.4561
0 // Conditional lines
5 24 -99 82 379 99 82 379 -106 0 386 99 85.8268 378.2388
5 24 99 85.8268 378.2388 -99 85.8268 378.2388 -99 82 379 99 89.0711 376.0711
5 24 99 89.0711 376.0711 -99 89.0711 376.0711 -99 85.8268 378.2388 99 91.2388 372.8268
5 24 99 91.2388 372.8268 -99 91.2388 372.8268 -99 89.0711 376.0711 99 92 369
5 24 -99 92 369 99 92 369 -99 91.2388 372.8268 36 92 359
5 24 2.6964 92 -311.6754 -2.6964 92 -311.6754 0 92 -301.4561 3.8543 91.2388 -315.5022
5 24 3.8543 91.2388 -315.5022 -3.8543 91.2388 -315.5022 -2.6964 92 -311.6754 4.8086 89.16 -318.6564
5 24 4.8086 89.16 -318.6564 -4.8086 89.16 -318.6564 -3.8543 91.2388 -315.5022 4.8984 88.7034 -319.1247
5 24 0 6.8636 -398.9641 0 8.8871 -400.9876 -1.9134 8.6214 -401.2601 1.9134 8.6214 -401.2601
0 // Invisible inside
4 16 -106 0 382 -99.5194 76 375.4976 99.5194 76 375.4976 106 0 382
4 16 -99.5194 76 375.4976 -5.1434 76 -325.6664 5.1434 76 -325.6664 99.5194 76 375.4976
3 16 -5.1434 76 -325.6664 0 6.8636 -398.9641 5.1434 76 -325.6664
0 // Edges
2 24 -99.5194 76 375.4976 99.5194 76 375.4976
2 24 5.1434 76 -325.6664 -5.1434 76 -325.6664
