0 ~Train Track 6 Studs Wide Switch Blade Right
0 Name: 2860b.dat
0 Author: Jens Brühl [jb70]
0 !LDRAW_ORG Unofficial_Part 
0 !LICENSE Redistributable under CCAL version 2.0 : see CAreadme.txt

0 BFC CERTIFY CCW

0 !HISTORY 2012-09-10 [KROACH] Added missing lines in bottom channel
0 !HISTORY 2016-03-26 [MMR1988] Added missing condlines due to primitive change
0 !HISTORY 2020-12-17 [jb70] New part 2860b.dat for plastic train tracks based on the previous 9V-part 2860.dat from [KROACH]
0 !HISTORY 2020-12-17 [jb70] Redesigned rail to be solid plastic which is different to the 9V part

0 // Curved Track as reference for the rail geometry
0 // 1 16 6.073 8 -52.372 .98079 0 .19509 0 1 0 -.19509 0 .98079 53400.dat

2 24 -105 3 7 -105 3 -21
2 24 5 0 4 5 0 1.59
2 24 5 -8 1.59 5 -8 -4.54
2 24 5 0 -4.54 5 0 -15
2 24 -105 -6 10 -105 -6 8.62
2 24 -103 -8 10 -103 -8 8.51
2 24 -94 3 7 -94 3 -21
2 24 -94 0 7 -94 0 -21
2 24 -105 8 10 -105 8 -21
2 24 5 2.5 4 5 2.5 -10
2 24 5 8 -10 5 8 -15
2 24 -105 8 10 -1 8 10
2 24 -4.151 0 3.54 5 0 1.59
2 24 -24.824 -8 6.866 -4.151 -8 3.54
2 24 -45.571 -8 9.685 -24.824 -8 6.866
2 24 -4.151 -8 3.54 5 -8 1.59
2 24 -5.212 -8 -2.568 5 -8 -4.54
2 24 -25.733 -8 .734 -46.33 -8 3.531
2 24 -5.212 -8 -2.568 -25.733 -8 .734
2 24 -24.824 0 6.866 -45.571 0 9.685
2 24 -4.151 0 3.54 -24.824 0 6.866
2 24 -25.733 0 .734 -5.212 0 -2.568
2 24 -46.59 0 3.63 -25.733 0 .734

2 24 -105 0 8.62 -87.698 0 7.606
2 24 -66.989 0 5.822 -46.59 0 3.63
2 24 -87.698 0 7.606 -66.989 0 5.822
2 24 -5.212 0 -2.568 5 0 -4.54
2 24 -105 -6 8.62 -103 -8 8.51
2 24 -103 -8 8.51 -87.698 -8 7.606
2 24 -66.989 -8 5.822 -46.33 -8 3.531
2 24 -87.698 -8 7.606 -66.989 -8 5.822
2 24 -105 3 7 -94 3 7
2 24 -105 0 7 -94 0 7
2 24 -105 0 8.62 -105 0 7
2 24 -105 3 -21 -94 3 -21
2 24 -94 0 -21 -1 0 -21
2 24 -105 8 -21 -1 8 -21
2 24 -49.92 0 10 -1 0 10
2 24 -105 -6 10 -103 -8 10
2 24 -103 -8 10 -49.92 -8 10
2 24 -49.92 0 10 -45.571 0 9.685
2 24 -49.92 -8 10 -45.571 -8 9.685
2 24 -105 8 10 -105 -6 10
2 24 -105 0 8.62 -105 -6 8.62
2 24 -105 8 -21 -105 3 -21
2 24 -94 3 -21 -94 0 -21
2 24 -94 3 7 -94 0 7
2 24 5 0 1.59 5 -8 1.59
2 24 5 0 -4.54 5 -8 -4.54
2 24 -105 3 7 -105 0 7
4 16 -105 -6 10 -103 -8 10 -103 0 10 -105 0 10
4 16 -103 -8 10 -49.92 -8 10 -49.92 0 10 -103 0 10
4 16 -105 0 10 -1 0 10 -1 8 10 -105 8 10
4 16 -105 8 -21 -1 8 -21 -94 3 -21 -105 3 -21
4 16 -94 3 -21 -1 8 -21 -1 0 -21 -94 0 -21
4 16 5 0 4 5 0 -10 5 2.5 -10 5 2.5 4
4 16 5 0 -10 5 0 -15 5 8 -15 5 8 -10
4 16 -105 0 8.62 -103 0 8.51 -103 -8 8.51 -105 -6 8.62
4 16 -103 0 8.51 -87.698 0 7.606 -87.698 -8 7.606 -103 -8 8.51
4 16 -46.59 0 3.63 -46.33 -8 3.531 -66.989 -8 5.822 -66.989 0 5.822
4 16 -87.698 -8 7.606 -87.698 0 7.606 -66.989 0 5.822 -66.989 -8 5.822
4 16 -25.733 -8 .734 -25.733 0 .734 -5.212 0 -2.568 -5.212 -8 -2.568
4 16 -25.733 0 .734 -25.733 -8 .734 -46.33 -8 3.531 -46.59 0 3.63
4 16 -5.212 0 -2.568 5 0 -4.54 5 -8 -4.54 -5.212 -8 -2.568
4 16 -49.92 -8 10 -45.571 -8 9.685 -45.571 0 9.685 -49.92 0 10
5 24 -45.571 -8 9.685 -45.571 0 9.685 -55.951 -4 10.6 -36.111 -4 8.125
4 16 -4.151 -8 3.54 5 -8 1.59 5 0 1.59 -4.151 0 3.54
4 16 -45.571 0 9.685 -45.571 -8 9.685 -24.824 -8 6.866 -24.824 0 6.866
4 16 -24.824 0 6.866 -24.824 -8 6.866 -4.151 -8 3.54 -4.151 0 3.54

4 16 -105 3 10 -105 3 7 -105 0 7 -105 0 10
4 16 -105 8 10 -105 8 -21 -105 3 -21 -105 3 10
4 16 -105 0 10 -105 0 8.62 -105 -6 8.62 -105 -6 10
4 16 -94 3 7 -94 3 -21 -94 0 -21 -94 0 7
4 16 -105 3 7 -94 3 7 -94 0 7 -105 0 7
4 16 5 -8 1.59 5 -8 -4.54 5 0 -4.54 5 0 1.59
1 16 -1 0 4 0 0 6 0 1 0 6 0 0 1-4edge.dat
1 16 -1 8 -15 6 0 0 0 1 0 0 0 -6 1-4edge.dat
1 16 -1 0 -15 6 0 0 0 1 0 0 0 -6 1-4edge.dat
1 16 -1 2.5 4 0 0 6 0 -2.5 0 6 0 0 1-4cyli.dat
1 16 -1 8 -15 6 0 0 0 -8 0 0 0 -6 1-4cyli.dat
1 16 -1 0 4 0 0 6 0 1 0 6 0 0 1-4disc.dat
1 16 -1 0 -15 6 0 0 0 1 0 0 0 -6 1-4disc.dat
4 16 -105 3 -21 -94 3 -21 -94 3 7 -105 3 7

4 16 -1 0 -15 5 0 -15 5 0 -4.54 -5.212 0 -2.568
3 16 -49.92 0 10 -45.571 0 9.685 -45.96 0 10
4 16 -45.571 0 9.685 -24.824 0 6.866 -2.24 0 10 -45.96 0 10
3 16 -24.824 0 6.866 -4.151 0 3.54 -2.24 0 10
4 16 5 0 1.59 5 0 4 -1 0 4 -4.151 0 3.54

4 16 -4.151 0 3.54 -1 0 4 -1 0 10 -2.24 0 10
4 16 -105 0 8.62 -105 0 7 -94 0 7 -87.698 0 7.606
4 16 -46.59 0 3.63 -66.989 0 5.822 -94 0 7 -94 0 -21
3 16 -66.989 0 5.822 -87.698 0 7.606 -94 0 7
4 16 -5.212 0 -2.568 -25.733 0 .734 -1 0 -21 -1 0 -15
4 16 -94 0 -21 -1 0 -21 -25.733 0 .734 -46.59 0 3.63

4 16 -105 -6 8.62 -103 -8 8.51 -103 -8 10 -105 -6 10
4 16 -103 -8 8.51 -87.698 -8 7.606 -86.15 -8 10 -103 -8 10
4 16 -49.92 -8 10 -86.15 -8 10 -87.698 -8 7.606 -66.989 -8 5.822
4 16 -66.989 -8 5.822 -46.33 -8 3.531 -45.571 -8 9.685 -49.92 -8 10
4 16 -4.151 -8 3.54 -24.824 -8 6.866 -25.733 -8 .734 -5.212 -8 -2.568
4 16 -24.824 -8 6.866 -45.571 -8 9.685 -46.33 -8 3.531 -25.733 -8 .734
4 16 -4.151 -8 3.54 -5.212 -8 -2.568 5 -8 -4.54 5 -8 1.59

0 BFC INVERTNEXT
1 16 -1 8 -15 3.5 0 0 0 -5.5 0 0 0 -3.5 1-4cyli.dat
1 16 -1 8 -15 3.5 0 0 0 1 0 0 0 -3.5 1-4edge.dat
1 16 -1 2.5 -15 3.5 0 0 0 1 0 0 0 -3.5 1-4edge.dat
2 24 -102.5 8 7.5 -85 8 7.5
2 24 -85 8 8.75 -85 8 7.5
2 24 -85 8 8.75 -75 8 8.75
2 24 -75 8 8.75 -75 8 7.5
2 24 -75 8 7.5 3.739 8 7.5
2 24 -102.5 8 -18.5 -85 8 -18.5
2 24 -85 8 -18.5 -85 8 -19.75
2 24 -85 8 -19.75 -75 8 -19.75
2 24 -75 8 -18.5 -75 8 -19.75
2 24 -75 8 -18.5 -1 8 -18.5
2 24 2.5 8 -15 2.5 8 -10
2 24 2.5 8 -10 5 8 -10
1 16 0 2.5 0 5 0 0 0 2.5 0 0 0 -5 4-4cyli.dat
4 16 -69 8 7.5 3.739 8 7.5 3.739 2.5 7.5 -69 2.5 7.5
4 16 -50.057 2.5 7.5 -45.466 2.5 7.5 -45.466 0 7.5 -50.057 0 7.5
4 16 -45.466 2.5 7.5 -4.67 2.5 1.39 -4.67 0 1.39 -45.466 0 7.5
4 16 -50.14 0 5.99 -46.4 0 5.62 -46.4 2.5 5.62 -50.14 2.5 5.99
4 16 -46.4 2.5 5.62 -46.4 0 5.62 -4.96 0 -.59 -4.96 2.5 -.59
4 16 -4.67 0 1.39 -4.96 0 -.59 -46.4 0 5.62 -45.466 0 7.5

4 16 -50.057 0 7.5 -45.466 0 7.5 -46.4 0 5.62 -50.14 0 5.99

4 16 -69 2.5 -18.5 -1 2.5 -18.5 -1 8 -18.5 -69 8 -18.5
4 16 -102.5 5 7.5 -102.5 5 -18.5 -102.5 8 -18.5 -102.5 8 7.5
4 16 -102.5 5 7.5 -91.5 5 7.5 -91.5 5 -18.5 -102.5 5 -18.5
4 16 -91.5 2.5 7.5 -91.5 2.5 -18.5 -91.5 5 -18.5 -91.5 5 7.5
4 16 -91.5 2.5 7.5 -85 2.5 7.5 -85 2.5 -18.5 -91.5 2.5 -18.5
4 16 -85 1.25 8.75 -75 1.25 8.75 -75 1.25 -19.75 -85 1.25 -19.75
4 16 -75 2.5 7.5 -71 2.5 7.5 -71 2.5 -18.5 -75 2.5 -18.5
4 16 -71 5 7.5 -71 5 -5 -71 2.5 -5 -71 2.5 7.5
4 16 -71 9 -5 -71 9 -10 -71 2.5 -10 -71 2.5 -5
4 16 -71 5 -10 -71 5 -18.5 -71 2.5 -18.5 -71 2.5 -10
4 16 -69 2.5 7.5 -69 2.5 -5 -69 5 -5 -69 5 7.5
4 16 -69 2.5 -5 -69 2.5 -10 -69 9 -10 -69 9 -5
4 16 -69 2.5 -10 -69 2.5 -18.5 -69 5 -18.5 -69 5 -10
4 16 -85 1.25 8.75 -85 1.25 -19.75 -85 2.5 -18.5 -85 2.5 7.5
4 16 -75 2.5 7.5 -75 2.5 -18.5 -75 1.25 -19.75 -75 1.25 8.75
1 16 -1 2.5 4 0 0 6 0 -1 0 6 0 0 1-4disc.dat
1 16 -1 2.5 -15 3.5 0 0 0 -1 0 0 0 -3.5 1-4disc.dat
1 16 -1 8 -15 1.75 0 0 0 -1 0 0 0 -1.75 1-4ring2.dat
1 16 -1 8 -15 .75 0 0 0 -1 0 0 0 -.75 1-4ring7.dat
4 16 -71 5 7.5 -69 5 7.5 -69 5 -5 -71 5 -5
4 16 -71 5 -5 -69 5 -5 -69 9 -5 -71 9 -5
4 16 -71 9 -5 -69 9 -5 -69 9 -10 -71 9 -10
4 16 -71 9 -10 -69 9 -10 -69 5 -10 -71 5 -10
4 16 -71 5 -10 -69 5 -10 -69 5 -18.5 -71 5 -18.5
4 16 -102.5 8 7.5 -91.5 8 7.5 -91.5 5 7.5 -102.5 5 7.5
4 16 -91.5 8 7.5 -85 8 7.5 -85 2.5 7.5 -91.5 2.5 7.5
4 16 -85 1.25 8.75 -85 2.5 7.5 -85 8 7.5 -85 8 8.75
4 16 -85 8 8.75 -75 8 8.75 -75 1.25 8.75 -85 1.25 8.75
4 16 -75 8 8.75 -75 8 7.5 -75 2.5 7.5 -75 1.25 8.75
4 16 -75 8 7.5 -71 8 7.5 -71 2.5 7.5 -75 2.5 7.5
4 16 -71 8 7.5 -69 8 7.5 -69 5 7.5 -71 5 7.5
4 16 -102.5 5 -18.5 -91.5 5 -18.5 -91.5 8 -18.5 -102.5 8 -18.5
4 16 -91.5 2.5 -18.5 -85 2.5 -18.5 -85 8 -18.5 -91.5 8 -18.5
4 16 -85 2.5 -18.5 -85 1.25 -19.75 -85 8 -19.75 -85 8 -18.5
4 16 -85 1.25 -19.75 -75 1.25 -19.75 -75 8 -19.75 -85 8 -19.75
4 16 -75 8 -18.5 -75 8 -19.75 -75 1.25 -19.75 -75 2.5 -18.5
4 16 -75 2.5 -18.5 -71 2.5 -18.5 -71 8 -18.5 -75 8 -18.5
4 16 -71 5 -18.5 -69 5 -18.5 -69 8 -18.5 -71 8 -18.5
4 16 2.5 2.5 -10 -1 2.5 4 5 2.5 4 5 2.5 -10
4 16 2.5 2.5 -15 -1 2.5 -15 -1 2.5 4 2.5 2.5 -10
4 16 -1 2.5 -15 -4.96 2.5 -.59 -4.67 2.5 1.39 -1 2.5 4
2 24 -1 8 7.5 -1 2.5 7.5
4 16 -1 2.5 7.5 -1 2.5 4 -4.67 2.5 1.39 -45.466 2.5 7.5
4 16 -4.96 2.5 -.59 -1 2.5 -15 -1 2.5 -18.5 -46.4 2.5 5.62
4 16 -50.14 2.5 5.99 -46.4 2.5 5.62 -1 2.5 -18.5 -69 2.5 -18.5
4 16 -50.057 2.5 7.5 -50.14 2.5 5.99 -69 2.5 -18.5 -69 2.5 7.5

1 16 -1 8 4 0 0 6 0 -5.5 0 6 0 0 1-8cyli.dat
4 16 3.243 2.5 8.243 3.739 2.5 7.5 3.739 8 7.5 3.243 8 8.243
4 16 3.243 8 8.243 -1 8 7.5 -1 8 10 1.296 8 9.543
3 16 3.243 8 8.243 3.739 8 7.5 -1 8 7.5
1 16 -1 8 4 0 0 6 0 1 0 6 0 0 1-8edge.dat
2 24 3.243 8 8.243 3.739 8 7.5
2 24 3.739 2.5 7.5 3.739 8 7.5
2 24 3.739 2.5 7.5 4.543 2.5 6.296
2 24 4.543 2.5 6.296 5 2.5 4
4 16 2.5 8 -10 2.5 8 -15 2.5 2.5 -15 2.5 2.5 -10
4 16 2.5 2.5 -10 5 2.5 -10 5 8 -10 2.5 8 -10
1 16 0 12.5 0 .3827 0 .9239 0 2 0 .9239 0 -.3827 3-8con5.dat
1 16 0 12 0 .0957 0 .231 0 .5 0 .231 0 -.0957 3-8con24.dat
1 16 0 12 0 .0957 0 .231 0 1 0 .231 0 -.0957 3-8rin24.dat
1 16 0 12 0 .3827 0 .9239 0 1 0 .9239 0 -.3827 3-8ring5.dat
1 16 0 14.5 0 1.9134 0 4.6194 0 1 0 4.6194 0 -1.9134 3-8edge.dat
1 16 0 12 0 1.9134 0 4.6194 0 1 0 4.6194 0 -1.9134 3-8edge.dat
1 16 0 12 0 2.3918 0 5.7742 0 1 0 5.7742 0 -2.3918 3-8edge.dat
4 16 1.5 12 -5.952 2.392 12 -5.774 1.913 12 -4.619 1.5 12 -4.702
2 24 1.5 12 -5.952 2.392 12 -5.774
2 24 1.5 12 -4.702 1.913 12 -4.619
2 24 1.5 14.5 -4.702 1.913 14.5 -4.619
4 16 1.5 12 4.702 1.913 12 4.619 2.392 12 5.774 1.5 12 5.952
2 24 1.5 12 5.952 2.392 12 5.774
2 24 1.5 12 4.702 1.913 12 4.619
2 24 1.5 14.5 4.702 1.913 14.5 4.619
4 16 1.5 14.5 -4.702 1.913 14.5 -4.619 2.392 12 -5.774 1.5 12 -5.952
4 16 1.5 12 5.952 2.392 12 5.774 1.913 14.5 4.619 1.5 14.5 4.702
1 16 0 14.5 0 1.7678 0 1.7678 0 -1 0 1.7678 0 -1.7678 1-4ring1.dat
3 16 1.913 14.5 4.619 1.5 14.5 2 1.5 14.5 4.702
4 16 1.768 14.5 1.768 1.5 14.5 2 1.913 14.5 4.619 3.536 14.5 3.536
3 16 1.5 14.5 -2 1.913 14.5 -4.619 1.5 14.5 -4.702
4 16 3.536 14.5 -3.536 1.913 14.5 -4.619 1.5 14.5 -2 1.768 14.5 -1.768
1 16 0 14.5 0 1.7678 0 1.7678 0 1 0 1.7678 0 -1.7678 1-4edge.dat
1 16 0 5 0 1.7678 0 1.7678 0 1 0 1.7678 0 -1.7678 1-4edge.dat
0 BFC INVERTNEXT
1 16 0 14.5 0 1.7678 0 1.7678 0 -9.5 0 1.7678 0 -1.7678 1-4cyli.dat
4 16 1.5 14.5 2 1.768 14.5 1.768 1.768 5 1.768 1.5 5 2
2 24 1.5 14.5 2 1.768 14.5 1.768
2 24 1.5 5 2 1.768 5 1.768
4 16 1.5 5 -2 1.768 5 -1.768 1.768 14.5 -1.768 1.5 14.5 -2
2 24 1.5 14.5 -2 1.768 14.5 -1.768
2 24 1.5 5 -2 1.768 5 -1.768
1 16 0 12 0 1.9134 0 4.6194 0 -7 0 4.6194 0 -1.9134 3-8cyli.dat
4 16 1.5 5 4.702 1.913 5 4.619 1.913 12 4.619 1.5 12 4.702
4 16 1.5 12 -4.702 1.913 12 -4.619 1.913 5 -4.619 1.5 5 -4.702
2 24 1.5 12 5.952 1.5 12 4.702
2 24 1.5 12 5.952 1.5 14.5 4.702
4 16 1.5 14.5 4.702 1.5 14.5 2 1.5 12 4.702 1.5 12 5.952
4 16 1.5 12 4.702 1.5 14.5 2 1.5 5 2 1.5 5 4.702
2 24 1.5 14.5 4.702 1.5 14.5 2
2 24 1.5 5 4.702 1.5 5 2
2 24 1.5 5 2 1.5 14.5 2
2 24 1.5 5 4.702 1.5 12 4.702
2 24 1.5 12 -5.952 1.5 12 -4.702
2 24 1.5 12 -5.952 1.5 14.5 -4.702
4 16 1.5 12 -5.952 1.5 12 -4.702 1.5 14.5 -2 1.5 14.5 -4.702
4 16 1.5 5 -4.702 1.5 5 -2 1.5 14.5 -2 1.5 12 -4.702
2 24 1.5 14.5 -4.702 1.5 14.5 -2
2 24 1.5 5 -4.702 1.5 5 -2
2 24 1.5 5 -2 1.5 14.5 -2
2 24 1.5 5 -4.702 1.5 12 -4.702
1 16 0 14.5 0 -1.9134 0 -4.6194 0 1 0 -4.6194 0 1.9134 3-8edge.dat
2 24 -1.5 14.5 4.702 -1.913 14.5 4.619
2 24 -1.5 14.5 -4.702 -1.913 14.5 -4.619
1 16 0 14.5 0 -1.7678 0 -1.7678 0 -1 0 -1.7678 0 1.7678 1-4ring1.dat
3 16 -1.913 14.5 -4.619 -1.5 14.5 -2 -1.5 14.5 -4.702
4 16 -1.768 14.5 -1.768 -1.5 14.5 -2 -1.913 14.5 -4.619 -3.536 14.5 -3.536
3 16 -1.5 14.5 2 -1.913 14.5 4.619 -1.5 14.5 4.702
4 16 -3.536 14.5 3.536 -1.913 14.5 4.619 -1.5 14.5 2 -1.768 14.5 1.768
1 16 0 14.5 0 -1.7678 0 -1.7678 0 1 0 -1.7678 0 1.7678 1-4edge.dat
1 16 0 5 0 -1.7678 0 -1.7678 0 1 0 -1.7678 0 1.7678 1-4edge.dat
0 BFC INVERTNEXT
1 16 0 14.5 0 -1.7678 0 -1.7678 0 -9.5 0 -1.7678 0 1.7678 1-4cyli.dat
4 16 -1.5 14.5 -2 -1.768 14.5 -1.768 -1.768 5 -1.768 -1.5 5 -2
2 24 -1.5 14.5 -2 -1.768 14.5 -1.768
2 24 -1.5 5 -2 -1.768 5 -1.768
4 16 -1.5 5 2 -1.768 5 1.768 -1.768 14.5 1.768 -1.5 14.5 2
2 24 -1.5 14.5 2 -1.768 14.5 1.768
2 24 -1.5 5 2 -1.768 5 1.768
1 16 0 14.5 0 -1.9134 0 -4.6194 0 -9.5 0 -4.6194 0 1.9134 3-8cyli.dat
4 16 -1.5 5 -4.702 -1.913 5 -4.619 -1.913 14.5 -4.619 -1.5 14.5 -4.702
4 16 -1.5 14.5 4.702 -1.913 14.5 4.619 -1.913 5 4.619 -1.5 5 4.702
4 16 -1.5 5 4.702 -1.5 5 2 -1.5 14.5 2 -1.5 14.5 4.702
2 24 -1.5 14.5 -4.702 -1.5 14.5 -2
2 24 -1.5 5 -4.702 -1.5 5 -2
2 24 -1.5 5 -2 -1.5 14.5 -2
2 24 -1.5 5 -4.702 -1.5 14.5 -4.702
4 16 -1.5 14.5 -4.702 -1.5 14.5 -2 -1.5 5 -2 -1.5 5 -4.702
2 24 -1.5 14.5 4.702 -1.5 14.5 2
2 24 -1.5 5 4.702 -1.5 5 2
2 24 -1.5 5 2 -1.5 14.5 2
2 24 -1.5 5 4.702 -1.5 14.5 4.702
2 24 1.5 5 -4.702 0 5 -5
2 24 -1.5 5 -4.702 0 5 -5
2 24 -1.5 5 4.702 0 5 5
2 24 1.5 5 4.702 0 5 5
2 24 1.5 5 -2 .957 5 -2.31
2 24 .957 5 -2.31 0 5 -2.5
2 24 -1.5 5 -2 -.957 5 -2.31
2 24 -.957 5 -2.31 0 5 -2.5
2 24 -1.5 5 2 -.957 5 2.31
2 24 -.957 5 2.31 0 5 2.5
2 24 1.5 5 2 .957 5 2.31
2 24 .957 5 2.31 0 5 2.5
1 16 0 5 0 2.5 0 0 0 -1 0 0 0 -2.5 4-4ring1.dat
0 BFC INVERTNEXT
1 16 0 2.5 0 2.5 0 0 0 2.5 0 0 0 -2.5 4-4cyli.dat
4 16 -105 8 10 -102.5 8 7.5 -102.5 8 -18.5 -105 8 -21
4 16 -105 8 10 -85 8 10 -85 8 7.5 -102.5 8 7.5
4 16 -85 8 10 -75 8 10 -75 8 8.75 -85 8 8.75
4 16 -75 8 10 -1 8 10 -1 8 7.5 -75 8 7.5
4 16 2.5 8 -10 5 8 -10 5 8 -15 2.5 8 -15
4 16 -102.5 8 -18.5 -85 8 -18.5 -85 8 -21 -105 8 -21
4 16 -85 8 -19.75 -75 8 -19.75 -75 8 -21 -85 8 -21
4 16 -75 8 -18.5 -1 8 -18.5 -1 8 -21 -75 8 -21
1 16 0 2.5 0 5 0 0 0 1 0 0 0 -5 4-4edge.dat
2 24 -102.5 5 7.5 -91.5 5 7.5
2 24 -91.5 2.5 7.5 -85 2.5 7.5
2 24 -85 1.25 8.75 -75 1.25 8.75
2 24 -75 2.5 7.5 -71 2.5 7.5
2 24 -71 5 7.5 -69 5 7.5
2 24 -69 2.5 7.5 3.739 2.5 7.5
2 24 -102.5 5 -18.5 -91.5 5 -18.5
2 24 -91.5 2.5 -18.5 -85 2.5 -18.5
2 24 -85 1.25 -19.75 -75 1.25 -19.75
2 24 -75 2.5 -18.5 -71 2.5 -18.5
2 24 -71 5 -18.5 -69 5 -18.5
2 24 -69 2.5 -18.5 -1 2.5 -18.5
2 24 2.5 2.5 -15 2.5 2.5 -10
2 24 2.5 2.5 -10 5 2.5 -10
2 24 -102.5 8 7.5 -102.5 8 -18.5
2 24 -102.5 5 7.5 -102.5 5 -18.5
2 24 -91.5 5 7.5 -91.5 5 -18.5
2 24 -91.5 2.5 7.5 -91.5 2.5 -18.5
2 24 -85 2.5 7.5 -85 2.5 -18.5
2 24 -85 1.25 8.75 -85 1.25 -19.75
2 24 -75 1.25 8.75 -75 1.25 -19.75
2 24 -75 2.5 7.5 -75 2.5 -18.5
2 24 -71 2.5 7.5 -71 2.5 -18.5
2 24 -71 5 7.5 -71 5 -5
2 24 -71 9 -5 -71 9 -10
2 24 -71 5 -10 -71 5 -18.5
2 24 -69 5 7.5 -69 5 -5
2 24 -69 9 -5 -69 9 -10
2 24 -69 5 -10 -69 5 -18.5
2 24 -69 2.5 7.5 -69 2.5 -18.5
2 24 -102.5 8 7.5 -102.5 5 7.5
2 24 -91.5 5 7.5 -91.5 2.5 7.5
2 24 -85 8 7.5 -85 2.5 7.5
2 24 -85 8 8.75 -85 1.25 8.75
2 24 -75 8 8.75 -75 1.25 8.75
2 24 -75 8 7.5 -75 2.5 7.5
2 24 -71 5 7.5 -71 2.5 7.5
2 24 -69 5 7.5 -69 2.5 7.5
2 24 -102.5 8 -18.5 -102.5 5 -18.5
2 24 -91.5 5 -18.5 -91.5 2.5 -18.5
2 24 -85 8 -18.5 -85 2.5 -18.5
2 24 -85 8 -19.75 -85 1.25 -19.75
2 24 -75 8 -19.75 -75 1.25 -19.75
2 24 -75 8 -18.5 -75 2.5 -18.5
2 24 -71 5 -18.5 -71 2.5 -18.5
2 24 -69 5 -18.5 -69 2.5 -18.5
2 24 2.5 8 -10 2.5 2.5 -10
2 24 5 8 -10 5 2.5 -10
0 BFC INVERTNEXT
1 16 -61.25 2.5 -7.5 1.25 0 0 0 5.5 0 0 0 -1.25 4-4cyli.dat
1 16 -61.25 3.75 -7.5 2.5 0 0 0 4.25 0 0 0 -2.5 4-4cyli.dat
1 16 -61.25 2.5 -7.5 3.75 0 0 0 1.25 0 0 0 -3.75 4-4cyli.dat
1 16 -61.25 2.5 -7.5 3.75 0 0 0 1 0 0 0 -3.75 4-4edge.dat
1 16 -61.25 3.75 -7.5 3.75 0 0 0 1 0 0 0 -3.75 4-4edge.dat
1 16 -61.25 3.75 -7.5 2.5 0 0 0 1 0 0 0 -2.5 4-4edge.dat
1 16 -61.25 8 -7.5 2.5 0 0 0 1 0 0 0 -2.5 4-4edge.dat
1 16 -61.25 2.5 -7.5 1.25 0 0 0 1 0 0 0 -1.25 4-4edge.dat
1 16 -61.25 8 -7.5 1.25 0 0 0 1 0 0 0 -1.25 4-4edge.dat
1 16 -61.25 8 -7.5 1.25 0 0 0 -1 0 0 0 -1.25 4-4ring1.dat
1 16 -61.25 3.75 -7.5 1.25 0 0 0 -1 0 0 0 -1.25 4-4ring2.dat
0 BFC INVERTNEXT
1 16 -43.75 2.5 -7.5 1.25 0 0 0 5.5 0 0 0 -1.25 4-4cyli.dat
1 16 -43.75 3.75 -7.5 2.5 0 0 0 3.75 0 0 0 -2.5 4-4cyli.dat
1 16 -43.75 2.5 -7.5 3.75 0 0 0 1.25 0 0 0 -3.75 4-4cyli.dat
1 16 -43.75 7.5 -7.5 1.25 0 0 0 1 0 0 0 -1.25 4-4ring2.dat
1 16 -43.75 7.5 -7.5 3.75 0 0 0 .5 0 0 0 -3.75 4-4cyli.dat
1 16 -43.75 8 -7.5 1.25 0 0 0 -1 0 0 0 -1.25 4-4ring2.dat
1 16 -43.75 8 -7.5 1.25 0 0 0 -1 0 0 0 -1.25 4-4ring1.dat
1 16 -43.75 3.75 -7.5 1.25 0 0 0 -1 0 0 0 -1.25 4-4ring2.dat
1 16 -43.75 2.5 -7.5 3.75 0 0 0 1 0 0 0 -3.75 4-4edge.dat
1 16 -43.75 3.75 -7.5 3.75 0 0 0 1 0 0 0 -3.75 4-4edge.dat
1 16 -43.75 3.75 -7.5 2.5 0 0 0 1 0 0 0 -2.5 4-4edge.dat
1 16 -43.75 7.5 -7.5 2.5 0 0 0 1 0 0 0 -2.5 4-4edge.dat
1 16 -43.75 2.5 -7.5 1.25 0 0 0 1 0 0 0 -1.25 4-4edge.dat
1 16 -43.75 8 -7.5 1.25 0 0 0 1 0 0 0 -1.25 4-4edge.dat
1 16 -43.75 7.5 -7.5 3.75 0 0 0 1 0 0 0 -3.75 4-4edge.dat
1 16 -43.75 8 -7.5 3.75 0 0 0 1 0 0 0 -3.75 4-4edge.dat
2 24 -50.057 2.5 7.5 -50.14 2.5 5.99
1 16 0 2.5 0 2.5 0 0 0 1 0 0 0 -2.5 4-4edge.dat
2 24 -50.057 0 7.5 -45.466 0 7.5
2 24 -45.466 2.5 7.5 -4.67 2.5 1.39
2 24 -45.466 0 7.5 -4.67 0 1.39
2 24 -50.14 2.5 5.99 -46.4 2.5 5.62
2 24 -50.14 0 5.99 -46.4 0 5.62
4 16 -50.057 0 7.5 -50.14 0 5.99 -50.14 2.5 5.99 -50.057 2.5 7.5
2 24 -46.4 0 5.62 -4.96 0 -.59

2 24 -4.96 0 -.59 -4.67 0 1.39
2 24 -4.96 0 -.59 -4.96 2.5 -.59
2 24 -46.4 2.5 5.62 -4.96 2.5 -.59
4 16 -4.67 2.5 1.39 -4.96 2.5 -.59 -4.96 0 -.59 -4.67 0 1.39
2 24 -71 9 -5 -71 5 -5
2 24 -71 9 -10 -71 5 -10
2 24 -69 9 -5 -69 5 -5
2 24 -69 9 -10 -69 5 -10
2 24 -50.057 2.5 7.5 -50.057 0 7.5
2 24 -50.057 0 7.5 -50.14 0 5.99
2 24 -50.14 2.5 5.99 -50.14 0 5.99
2 24 -4.67 2.5 1.39 -4.67 0 1.39
2 24 -71 9 -5 -69 9 -5
2 24 -71 9 -10 -69 9 -10
2 24 -71 5 -5 -69 5 -5
2 24 -71 5 -10 -69 5 -10

2 24 -49.92 0 10 -49.92 -8 10
5 24 -24.824 0 6.866 -24.824 -8 6.866 -45.571 -8 9.685 -4.151 -8 3.54
5 24 -4.151 0 3.54 -4.151 -8 3.54 -24.824 -8 6.866 5 -8 1.59
5 24 -87.698 0 7.606 -87.698 -8 7.606 -103 -8 8.51 -66.989 -8 5.822
5 24 -66.989 0 5.822 -66.989 -8 5.822 -87.698 -8 7.606 -46.33 -8 3.531
5 24 -46.59 0 3.63 -46.33 -8 3.531 -66.989 -8 5.822 -25.733 -8 .734
5 24 -25.733 0 .734 -25.733 -8 .734 -46.33 -8 3.531 -5.212 -8 -2.568
5 24 -5.212 0 -2.568 -5.212 -8 -2.568 -25.733 -8 .734 5 -8 -4.54
