0 Constraction Mask Tahu
0 Name: 32505.dat
0 Author: Max Murtazin [SwampKryakwa]
0 !LDRAW_ORG Unofficial_Part 
0 !LICENSE Redistributable under CCAL version 2.0 : see CAreadme.txt

0 BFC CERTIFY CCW

0 !KEYWORDS Technic, Bionicle, Kanohi, Hau


0 // original part by Lehvak Nuva, converted to LDraw by SwampKryakwa with consent of model author for contribution of model to ldraw.org

1 16 0 0 0 1 0 0 0 1 0 0 0 1 s\32505s02.dat
1 16 0 0 0 1 0 0 0 1 0 0 0 1 s\32505s01.dat
1 16 0 0 0 -1 0 0 0 1 0 0 0 1 s\32505s01.dat
5 24 0 8.7879 -25.112 0 9.1204 -24.4734 1.8852 9.1 -24.4476 -1.8852 9.1 -24.4476
5 24 0 5.689 -25.7478 0 7.2384 -25.4299 2.0886 7.1585 -25.4402 -2.0886 7.1585 -25.4402
5 24 0 -31.9928 -23.7086 0 -31.4055 -22.5736 2.2065 -31.4796 -22.4271 -2.2065 -31.4796 -22.4271
5 24 0 -66.6674 32.2476 0 -66.4235 23.8337 1.0077 -66.4195 23.8387 -1.0077 -66.4195 23.8387
5 24 0 -32.8316 -18.1959 0 -32.9346 -19.6503 2.146 -33.048 -19.532 -2.146 -33.048 -19.532
5 24 0 -28.8034 -20.6829 0 -30.5147 -19.2668 -.8732 -30.3279 -19.2526 .8732 -30.3279 -19.2526
5 24 0 10.5514 -17.4127 0 11.1772 -13.7941 4.5323 11.1668 -13.7029 -4.5323 11.1668 -13.7029
5 24 0 9.7716 -22.4376 0 10.0835 -20.3898 3.1803 10.105 -20.3098 -3.1803 10.105 -20.3098
5 24 0 9.5782 -23.4387 0 9.7716 -22.4376 2.6952 9.7953 -22.3695 -2.6952 9.7953 -22.3695
5 24 0 -31.3498 -18.9188 0 -32.8316 -18.1959 -1.2361 -31.353 -18.7724 1.2361 -31.353 -18.7724
5 24 0 -17.6752 -21.3793 0 -17.6752 -12.0387 -1.4886 -17.5394 -12.0361 1.4886 -17.5394 -12.0361
5 24 0 -30.5147 -19.2668 0 -31.3498 -18.9188 -.6354 -31.0806 -18.9833 .6354 -31.0806 -18.9833
5 24 0 -23.2724 -30.1047 0 -21.519 -31.378 -1.9105 -21.3086 -31.3512 1.9105 -21.3086 -31.3512
5 24 0 -26.7095 -26.9393 0 -25.014 -28.6604 -2.0789 -24.7837 -28.6881 2.0789 -24.7837 -28.6881
5 24 0 9.3933 -23.9284 0 9.5782 -23.4387 2.3227 9.597 -23.3804 -2.3227 9.597 -23.3804
5 24 0 5.689 -18.5874 0 5.689 -25.7478 2.4515 5.5249 -25.7803 -2.4515 5.5249 -25.7803
5 24 0 11.1772 -13.7941 0 11.8909 -9.8513 5.4024 11.8672 -9.6803 -5.4024 11.8672 -9.6803
5 24 0 -33.0377 -21.1047 0 -37.0558 -18.948 1.5559 -37.6257 -18.6395 -1.5559 -37.6257 -18.6395
5 24 0 7.6653 -15.8085 0 7.9058 -9.0341 -1.4429 7.869 -9.0341 1.4429 7.869 -9.0341
5 24 0 -32.9346 -19.6503 0 -33.0377 -21.1047 2.2211 -33.1337 -21.0632 -2.2211 -33.1337 -21.0632
5 24 0 -37.0558 -18.948 0 -40.0313 -17.1658 -2.1205 -40.0626 -17.1655 2.1205 -40.0626 -17.1655
5 24 0 9.0879 -9.497 0 8.4388 -13.4239 -4.514 8.4131 -13.3303 4.514 8.4131 -13.3303
5 24 0 7.917 -17.0051 0 7.6073 -20.0101 2.8296 7.6058 -19.912 -2.8296 7.6058 -19.912
5 24 0 -44.894 -17.1414 0 -40.854 -19.7177 2.4542 -40.9046 -19.6944 -2.4542 -40.9046 -19.6944
5 24 0 -46.5489 -12.1783 0 -49.3055 -9.2644 -2.2749 -49.309 -9.294 2.2749 -49.309 -9.294
5 24 0 -22.0064 -27.7298 0 -23.267 -26.5743 1.7245 -23.0695 -26.6149 -1.7245 -23.0695 -26.6149
5 24 0 -55.7805 -4.0071 0 -53.8983 -7.6125 2.183 -53.8967 -7.6353 -2.183 -53.8967 -7.6353
5 24 0 -51.5224 -6.1241 0 -53.2691 -2.7366 2.034 -53.2715 -2.7412 -2.034 -53.2715 -2.7412
5 24 0 -63.3295 14.5889 0 -63.5134 20.9445 .9962 -63.5112 20.9483 -.9962 -63.5112 20.9483
5 24 0 -66.1799 15.4196 0 -65.9367 7.0053 -1.1407 -65.9393 7.0075 1.1407 -65.9393 7.0075
5 24 0 -63.7606 29.4736 0 -63.8435 32.3308 -.9132 -63.8363 32.3379 .9132 -63.8363 32.3379
5 24 0 -30.7441 -21.6793 0 -29.5014 -23.3149 -2.0982 -29.3041 -23.2654 2.0982 -29.3041 -23.2654
5 24 0 -43.3131 -14.8724 0 -46.5489 -12.1783 2.3458 -46.5636 -12.2028 -2.3458 -46.5636 -12.2028
5 24 0 -28.2331 -25.0959 0 -26.7095 -26.9393 -2.1066 -26.4813 -26.9592 2.1066 -26.4813 -26.9592
5 24 0 10.0835 -20.3898 0 10.5514 -17.4127 3.7884 10.5612 -17.3287 -3.7884 10.5612 -17.3287
5 24 0 -51.4826 -11.0146 0 -48.4762 -14.1982 -2.3826 -48.4854 -14.2267 2.3826 -48.4854 -14.2267
5 24 0 -54.7624 .7906 0 -56.0675 .2502 1.8806 -56.0746 .2653 -1.8806 -56.0746 .2653
5 24 0 8.4388 -13.4239 0 7.917 -17.0051 -3.6781 7.903 -16.9126 3.6781 7.903 -16.9126
5 24 0 -19.7557 -9.0341 0 -20.3003 -19.158 -1.8451 -20.1255 -19.1445 1.8451 -20.1255 -19.1445
5 24 0 -36.5019 -21.843 0 -31.9928 -23.7086 2.4501 -32.0741 -23.6549 -2.4501 -32.0741 -23.6549
5 24 0 -40.854 -19.7177 0 -36.5019 -21.843 2.457 -36.5696 -21.8011 -2.457 -36.5696 -21.8011
5 24 0 7.2384 -25.4299 0 8.7879 -25.112 1.7644 8.7361 -25.1116 -1.7644 8.7361 -25.1116
5 24 0 -64.2819 -1.3695 0 -62.8699 -1.33 1.1619 -62.877 -1.3281 -1.1619 -62.877 -1.3281
5 24 0 -63.8435 32.3308 0 -65.2554 32.2892 -.9272 -65.2481 32.296 .9272 -65.2481 32.296
5 24 0 -19.5971 -31.0489 0 -17.6752 -30.7198 1.4886 -17.5394 -30.7002 -1.4886 -17.5394 -30.7002
5 24 0 -62.8699 -1.33 0 -63.1095 6.9713 -1.0997 -63.1132 6.9741 1.0997 -63.1132 6.9741
5 24 0 -17.6752 -30.7198 0 -17.6752 -21.3793 -1.4886 -17.5394 -21.3682 1.4886 -17.5394 -21.3682
5 24 0 7.4249 -22.6695 0 7.6653 -15.8085 -1.6844 7.6497 -15.7733 1.6844 7.6497 -15.7733
5 24 0 -63.6564 25.8799 0 -63.7606 29.4736 -.934 -63.7547 29.4791 .934 -63.7547 29.4791
5 24 0 -53.8983 -7.6125 0 -51.4826 -11.0146 -2.2993 -51.4823 -11.0477 2.2993 -51.4823 -11.0477
5 24 0 -31.4055 -22.5736 0 -30.7441 -21.6793 -1.9435 -30.8804 -21.2492 1.9435 -30.8804 -21.2492
5 24 0 -48.4762 -14.1982 0 -44.894 -17.1414 2.4322 -44.9226 -17.1464 -2.4322 -44.9226 -17.1464
5 24 0 -56.0675 .2502 0 -57.3727 -.2903 1.8795 -57.38 -.2745 -1.8795 -57.38 -.2745
5 24 0 -23.267 -26.5743 0 -24.7211 -25.0413 -1.6993 -24.4871 -25.1135 1.6993 -24.4871 -25.1135
5 24 0 -57.3727 -.2903 0 -55.7805 -4.0071 2.0388 -55.7823 -4.0122 -2.0388 -55.7823 -4.0122
5 24 0 -49.3055 -9.2644 0 -51.5224 -6.1241 -2.1697 -51.5228 -6.1448 2.1697 -51.5228 -6.1448
5 24 0 -21.519 -31.378 0 -19.5971 -31.0489 1.6996 -19.424 -31.0257 -1.6996 -19.424 -31.0257
5 24 0 -17.6752 -12.0387 0 -6.7991 -11.7561 -2.9778 -17.1246 -12.0275 2.9778 -17.1246 -12.0275
5 24 0 -24.7211 -25.0413 0 -26.7012 -22.7658 -1.8833 -25.9011 -23.3811 1.8833 -25.9011 -23.3811
5 24 0 -29.5014 -23.3149 0 -28.2331 -25.0959 -2.1063 -28.0191 -25.0888 2.1063 -28.0191 -25.0888
5 24 0 -65.2554 32.2892 0 -66.6674 32.2476 -.9412 -66.6599 32.2541 .9412 -66.6599 32.2541
5 24 0 -20.3003 -19.158 0 -20.845 -28.6839 -1.8478 -20.6625 -28.6604 1.8478 -20.6625 -28.6604
5 24 0 -40.0313 -17.1658 0 -43.3131 -14.8724 2.3529 -43.3396 -14.881 -2.3529 -43.3396 -14.881
5 24 0 11.8909 -9.8513 0 10.4894 -9.6742 5.4035 10.4659 -9.5039 -5.4035 10.4659 -9.5039
5 24 0 -65.9367 7.0053 0 -65.6938 -1.409 -1.2072 -65.6996 -1.4082 1.2072 -65.6996 -1.4082
5 24 0 -20.845 -28.6839 0 -22.0064 -27.7298 1.7844 -21.8143 -27.7452 -1.7844 -21.8143 -27.7452
5 24 0 -26.7012 -22.7658 0 -28.8034 -20.6829 -1.3818 -28.9663 -20.1779 1.3818 -28.9663 -20.1779
5 24 0 -63.5134 20.9445 0 -63.6564 25.8799 .9602 -63.6521 25.8842 -.9602 -63.6521 25.8842
5 24 0 -25.014 -28.6604 0 -23.2724 -30.1047 -2.0077 -23.0495 -30.1131 2.0077 -23.0495 -30.1131
5 24 0 10.4894 -9.6742 0 9.0879 -9.497 5.4045 9.0646 -9.3275 -5.4045 9.0646 -9.3275
5 24 0 9.1204 -24.4734 0 9.3933 -23.9284 2.0569 9.398 -23.8823 -2.0569 9.398 -23.8823
5 24 0 5.689 -11.4269 0 5.689 -18.5874 2.4515 5.5249 -18.6058 -2.4515 5.5249 -18.6058
5 24 0 -65.6938 -1.409 0 -64.2819 -1.3695 1.1845 -64.2883 -1.3681 -1.1845 -64.2883 -1.3681
