0 Minifig Head with Insectoids with Green Hair, Copper Eyepiece and Headset Pattern
0 Name: 3626bp52.dat
0 Author: Mikkel Bech Jensen [gaia]
0 !LDRAW_ORG Unofficial_Part 
0 !LICENSE Redistributable under CCAL version 2.0 : see CAreadme.txt

0 BFC CERTIFY CCW

0 !KEYWORDS Space, Set 6903, Set 6919


1 16 0 0 0 1 0 0 0 1 0 0 0 1 s\3626bs02.dat
1 16 0 4 0 0 0 8 0 -6.4 0 8 0 0 t04o6250.dat
1 16 0 4 0 -8 0 0 0 -6.4 0 0 0 8 t04o6250.dat
1 16 0 17 0 0 0 -8 0 6.4 0 8 0 0 t04o6250.dat
1 16 0 17 0 8 0 0 0 6.4 0 0 0 8 t04o6250.dat
1 16 0 17 0 -13 0 0 0 -13 0 0 0 13 2-4cyli.dat

3 16 13 17 0 12.01 10.7 -4.975 12.01 17 -4.974
3 0 10.5 7.3 -7.235 10.5 7.9 -7.235 10.9 8 -6.637
3 0 10.5 6.7 -7.235 10.5 7.3 -7.235 10.9 8 -6.637
3 0 10.365 16.351 -7.437 10.015 16.88 -7.961 10.365 16.88 -7.437
3 2 11.8 4 -5.289 10.5 4.3 -7.235 10.7 4.9 -6.936
3 2 11.8 4 -5.289 11 8.2 -6.487 11.3 8.6 -6.038
3 2 11.4 9.3 -5.888 11.3 10.2 -6.038 11.8 10.7 -5.289
3 80 9.608 4.183 -8.57 9.744 4.558 -8.366 10.2 4.4 -7.684
3 80 9.608 5.817 -8.57 9.329 6.067 -8.988 10.5 6.7 -7.235
3 80 10.5 7.3 -7.235 9.193 7.3 -9.193 10.5 7.9 -7.235
3 80 10.2 10.1 -7.684 9.5 11.2 -8.732 9.9 11.2 -8.133
3 16 11.4 11.7 -5.888 10.8 11.7 -6.786 9.9 12.7 -8.133
3 16 9.9 12.7 -8.133 9.5 14.2 -8.732 10.365 16.351 -7.437
3 16 11.045 16.79 -6.419 11.116 17 -6.313 12.01 17 -4.974
3 16 12.01 10.7 -4.975 11.8 11.3 -5.289 12.01 17 -4.974
3 16 11.8 11.3 -5.289 11.4 11.7 -5.888 12.01 17 -4.974
3 2 11.8 4 -5.289 10.286 4 -7.556 10.5 4.3 -7.235
3 0 12.01 4 -4.975 11.8 4 -5.289 11.8 10.7 -5.289
3 0 10.2 4.4 -7.684 10.286 4 -7.556 9.88 4 -8.163
3 0 9.193 4.473 -9.193 9.211 4.478 -9.165 9.404 4 -8.876
3 0 9.404 4 -8.876 9.192 4 -9.193 9.193 4.473 -9.193
3 0 9.193 8.001 -9.193 9.193 11.8 -9.193 9.3 8.3 -9.032
3 0 9.3 13.6 -9.032 9.193 13.6 -9.193 9.193 14.892 -9.193
3 0 10.015 16.88 -7.961 9.915 17 -8.111 10.015 17 -7.961
3 0 11.045 16.79 -6.419 10.641 17 -7.024 11.116 17 -6.313
3 0 10.365 16.351 -7.437 9.193 16.351 -9.193 9.193 16.88 -9.193
3 0 10.365 16.351 -7.437 9.193 16.88 -9.193 9.915 16.88 -8.111
3 80 10.641 17 -7.024 10.6 16.959 -7.085 10.015 17 -7.961
3 134 9.438 4.784 -8.824 9.438 5.216 -8.824 9.47 5 -8.776
3 0 6.816 6.985 -10.78 5.9 7.5 -11.392 7.06 7.3 -10.617
3 80 7.538 7.926 -10.298 6.6 8.2 -10.924 7.7 8.3 -10.19
3 0 6.816 6.985 -10.78 7.06 7.3 -10.617 8.051 7.63 -9.955
3 0 7.538 7.926 -10.298 7.7 8.3 -10.19 8.565 8.87 -9.612
3 0 7.9 8.8 -10.056 7.992 9.023 -9.994 8.565 8.87 -9.612
3 0 6.3 4 -11.125 5.944 4 -11.362 6.5 4.7 -10.991
3 0 8.2 14.3 -9.856 7.9 15.4 -10.056 8.2 15.4 -9.856
3 0 8.7 15.4 -9.522 8.2 15.4 -9.856 8.7 16.001 -9.522
3 0 8.5 7.3 -9.655 9.193 8.001 -9.193 8.94 7.3 -9.361
3 0 8.94 7.3 -9.361 8.68 6.7 -9.535 8.5 7.3 -9.655
3 0 8.74 10.2 -9.495 8.147 10.2 -9.891 8.6 11.2 -9.588
3 0 7.992 11.377 -9.994 8.3 12.2 -9.789 8.565 11.53 -9.612
3 0 8.3 12.2 -9.789 8.2 14.3 -9.856 8.6 13.6 -9.588
3 0 7.265 16.351 -10.48 7.265 16.88 -10.48 8.065 16.88 -9.946
3 134 5.874 6.262 -11.41 5.1 7.3 -11.926 6.816 6.985 -10.78
3 134 8.147 10.2 -9.891 5.174 10.5 -11.877 5.047 11.141 -11.962
3 2 8.9 8.5 -9.388 8.051 7.63 -9.955 8.565 8.87 -9.612
3 2 8.565 8.87 -9.612 9.1 10.1 -9.254 8.9 8.5 -9.388
3 2 8.74 10.2 -9.495 8.6 11.2 -9.588 9.1 11.2 -9.254
3 80 8.721 6.067 -9.508 8.68 6.7 -9.535 9.05 6.155 -9.288
3 80 8.19 5 -9.862 7.3 5.1 -10.457 8.256 5.442 -9.818
3 80 8.256 4.558 -9.818 7.3 5.1 -10.457 8.19 5 -9.862
3 80 9.193 7.3 -9.193 8.94 7.3 -9.361 9.193 8.001 -9.193
3 16 8.051 12.77 -9.955 7.235 13.835 -10.501 8.2 14.3 -9.856
3 16 8.3 12.2 -9.789 8.051 12.77 -9.955 8.2 14.3 -9.856
3 16 6.17 14.651 -11.212 6.816 16.462 -10.78 7.265 16.351 -10.48
3 16 6.17 14.651 -11.212 6.435 16.78 -11.035 6.816 16.462 -10.78
3 2 4.975 9.752 -12.01 4.975 11.248 -12.01 5.047 11.141 -11.962
3 0 9.192 4 -9.193 9.05 4.435 -9.288 9.193 4.473 -9.193
3 0 8.5 7.3 -9.655 8.9 8.5 -9.388 9.193 8.001 -9.193
3 0 9.193 8.001 -9.193 8.9 8.5 -9.388 9.1 10.1 -9.254
3 0 8.565 11.53 -9.612 8.7 11.8 -9.522 9.193 11.8 -9.193
3 0 9.193 13.6 -9.193 9.1 14.2 -9.254 9.193 14.892 -9.193
3 0 4.975 4 -12.01 4.975 5.2 -12.01 5.1 5.1 -11.926
3 0 4.975 5.254 -12.01 4.975 5.89 -12.01 6.17 5.749 -11.212
3 0 4.975 8.73 -12.01 5.1 8.7 -11.926 4.975 8.191 -12.01
3 0 6.435 16.78 -11.035 6.294 17 -11.129 6.907 17 -10.719
3 0 9.193 16.351 -9.193 8.265 16.88 -9.812 9.193 16.88 -9.193
3 80 7.265 16.88 -10.48 6.978 16.951 -10.672 6.907 17 -10.719
3 80 8.646 4 -9.557 6.3 4 -11.125 8.442 4.183 -9.694
3 80 8.442 4.183 -9.694 7.3 5.1 -10.457 8.256 4.558 -9.818
3 134 8.662 4.784 -9.547 8.63 5 -9.569 8.662 5.216 -9.547
3 134 6.4 8.6 -11.058 5.1 8.7 -11.926 5.047 9.859 -11.962
3 16 6.17 14.651 -11.212 6.294 17 -11.129 6.435 16.78 -11.035
3 16 9.193 14.892 -9.193 8.7 16.001 -9.522 9.193 16.351 -9.193
3 0 4.975 14.51 -12.01 4.777 14.592 -12.049 4.975 15.146 -12.01
3 0 3.5 10.5 -12.304 2.957 10.275 -12.412 2.912 10.5 -12.42
3 0 2.912 10.5 -12.42 2.957 10.725 -12.412 3.5 10.5 -12.304
3 0 3.5 10.5 -12.304 4.043 10.725 -12.195 4.088 10.5 -12.187
3 0 4.088 10.5 -12.187 4.043 10.275 -12.195 3.5 10.5 -12.304
3 0 2.4 8.4 -12.522 1.1 9.9 -12.781 2.216 9.416 -12.559
3 0 2.4 8.4 -12.522 2.216 9.416 -12.559 3.04 9.1 -12.395
3 0 2.4 8.4 -12.522 3.04 9.1 -12.395 4.041 8.953 -12.196
3 2 3.039 9.605 -12.395 3.091 9.8 -12.385 3.275 9.957 -12.348
3 2 3.04 9.1 -12.395 2.896 9.461 -12.424 3.039 9.605 -12.395
3 2 3.04 9.1 -12.395 2.7 9.409 -12.463 2.896 9.461 -12.424
3 2 2.216 9.416 -12.559 2.361 9.605 -12.53 2.505 9.461 -12.502
3 2 2.309 9.8 -12.541 1.953 9.859 -12.611 2.361 9.996 -12.53
3 2 1.953 9.859 -12.611 2.505 10.139 -12.502 2.361 9.996 -12.53
3 2 1.953 9.859 -12.611 2.912 10.5 -12.42 2.505 10.139 -12.502
3 2 2.7 10.191 -12.463 2.505 10.139 -12.502 2.912 10.5 -12.42
3 0 2.1 7.4 -12.582 1.6 7.7 -12.682 2.4 8 -12.522
3 0 .2 6.4 -12.96 .3 7.1 -12.94 .7 6.74 -12.861
3 2 3.916 10.916 -12.221 4.141 12.047 -12.176 4.141 11.776 -12.176
3 2 3.725 11.043 -12.259 3.5 11.776 -12.304 3.5 12.174 -12.304
3 2 3.725 11.043 -12.259 3.5 11.088 -12.304 3.5 11.776 -12.304
3 2 3.275 11.043 -12.348 2.316 11.684 -12.539 2.526 11.776 -12.497
3 134 3.8 7.7 -12.244 2.4 8 -12.522 2.4 8.4 -12.522
3 134 .9 7.4 -12.821 .6 9.5 -12.881 1.6 7.7 -12.682
3 134 2.216 9.416 -12.559 1.1 9.9 -12.781 1.953 9.859 -12.611
3 134 1.953 11.141 -12.611 2.076 12.576 -12.587 2.316 11.684 -12.539
3 134 4.141 12.047 -12.176 3.5 12.174 -12.304 4.141 12.224 -12.176
3 134 4.924 13.024 -12.02 4.576 13.376 -12.089 4.975 13.376 -12.01
3 134 4.924 13.024 -12.02 4.024 13.376 -12.199 4.576 13.376 -12.089
3 134 3.026 13.376 -12.398 2.423 14.592 -12.518 3.026 13.824 -12.398
3 134 4.684 11.684 -12.068 4.546 11.776 -12.095 4.975 11.776 -12.01
3 2 4.975 5.2 -12.01 4.93 5.235 -12.019 4.975 5.254 -12.01
3 0 1.3 5.7 -12.741 1.48 6.2 -12.705 2 6 -12.602
3 16 2.491 4 -12.504 1.956 4 -12.611 1.9 4.25 -12.622
3 2 0 4 -13 0 6.24 -13 .2 6.4 -12.96
3 2 0 4 -13 1.2 5.2 -12.761 1.3 4.5 -12.741
3 2 1.443 4 -12.713 0 4 -13 1.3 4.5 -12.741
3 2 4.088 10.5 -12.187 4.043 10.725 -12.195 4.975 11.248 -12.01
3 0 2.491 4 -12.504 1.9 4.25 -12.622 2.423 5.808 -12.518
3 0 4.93 5.235 -12.019 3.6 5.653 -12.284 4.777 5.808 -12.049
3 0 4.9 8.2 -12.025 4.975 8.73 -12.01 4.975 8.191 -12.01
3 0 0 12.914 -13 0 13.861 -13 .385 13.416 -12.923
3 0 4.475 17 -12.11 3.7 16.8 -12.264 3.367 17 -12.33
3 0 4.975 11.776 -12.01 4.546 11.776 -12.095 4.975 12.224 -12.01
3 0 4.141 12.047 -12.176 4.141 12.224 -12.176 4.975 12.224 -12.01
3 134 4.975 11.248 -12.01 4.684 11.684 -12.068 4.975 11.776 -12.01
3 134 4.975 12.224 -12.01 4.141 12.224 -12.176 4.924 12.576 -12.02
3 134 4.975 8.73 -12.01 4.684 9.316 -12.068 4.975 9.752 -12.01
3 134 4.975 8.73 -12.01 4.041 8.953 -12.196 4.684 9.316 -12.068
3 134 .6 9.5 -12.881 0 12.914 -13 .7 9.8 -12.861
3 134 0 12.914 -13 .6 9.5 -12.881 0 7.488 -13
3 2 2.316 11.684 -12.539 2.526 11.824 -12.497 2.526 11.776 -12.497
3 16 2.27 15.165 -12.548 3.367 17 -12.33 3.7 16.8 -12.264
3 16 3.367 17 -12.33 .5 16.6 -12.901 .5 17 -12.901
3 16 4.975 15.146 -12.01 4.5 16.3 -12.105 4.7 16.5 -12.065
3 16 4.7 16.8 -12.065 4.475 17 -12.11 4.975 17 -12.01
3 2 -4.061 9.605 -12.192 -4.009 9.8 -12.202 -3.825 9.957 -12.239
3 2 -4.141 8.853 -12.176 -4.205 9.461 -12.163 -4.061 9.605 -12.192
3 2 -4.141 8.853 -12.176 -4.4 9.409 -12.124 -4.205 9.461 -12.163
3 2 -4.596 9.461 -12.086 -4.4 9.409 -12.124 -4.141 8.853 -12.176
3 2 -4.141 8.853 -12.176 -4.884 9.416 -12.028 -4.596 9.461 -12.086
3 2 -4.884 9.416 -12.028 -4.739 9.605 -12.057 -4.596 9.461 -12.086
3 2 -4.4 10.191 -12.124 -4.596 10.139 -12.086 -4.188 10.5 -12.167
3 0 -3 8 -12.403 -4.141 8.853 -12.176 -3.3 9 -12.343
3 0 -1.365 8.87 -12.728 -1.39 9.08 -12.723 -.947 10.2 -12.811
3 0 -1.39 9.08 -12.723 -1.5 9.9 -12.702 -.947 10.2 -12.811
3 0 -1.5 9.9 -12.702 -1.54 10.2 -12.694 -.947 10.2 -12.811
3 0 -3.16 4 -12.371 -3.475 4 -12.308 -3.4 4.3 -12.323
3 2 -4 4 -12.204 -4.9 4 -12.025 -4.4 4.6 -12.124
3 16 -2.416 9.316 -12.519 -2.053 9.859 -12.591 -1.5 9.9 -12.702
3 16 -2.959 12.047 -12.411 -3.6 12.174 -12.284 -3.4 15.8 -12.323
3 16 -4.9 8.8 -12.025 -4.884 9.416 -12.028 -4.141 8.853 -12.176
3 16 -4.3 6.1 -12.144 -4.6 5.7 -12.085 -4.3 7.5 -12.144
3 16 -4.3 7.5 -12.144 -3 8 -12.403 -4.3 6.1 -12.144
3 16 -2 8.6 -12.602 -1.39 9.08 -12.723 -1.365 8.87 -12.728
3 16 -.6 6.4 -12.881 -.851 7.63 -12.831 -.2 6.8 -12.96
3 16 -1 5.9 -12.801 -.851 7.63 -12.831 -.6 6.4 -12.881
3 16 -1.74 4 -12.654 -3.16 4 -12.371 -3.4 4.3 -12.323
3 2 -4.739 9.996 -12.057 -4.975 11.397 -12.01 -4.596 10.139 -12.086
3 0 -4.975 5.1 -12.01 -4.9 4 -12.025 -4.975 4 -12.01
3 0 -1.5 4.8 -12.702 -1.156 4 -12.77 -1.74 4 -12.654
3 0 -1.156 4 -12.77 -1.5 4.8 -12.702 -1 4.7 -12.801
3 0 0 6.24 -13 -.6 6.4 -12.881 -.2 6.8 -12.96
3 0 0 16.6 -13 -1.5 16.6 -12.702 0 17 -13
3 0 -4.975 15.8 -12.01 -4.975 16.266 -12.01 -3.9 16.3 -12.224
3 0 -4.941 16.682 -12.017 -4.975 16.673 -12.01 -4.975 17 -12.01
3 0 -4.975 17 -12.01 -4.721 16.886 -12.06 -4.941 16.682 -12.017
3 0 -4.721 16.886 -12.06 -4.975 17 -12.01 -4.666 17 -12.071
3 80 -4.975 16.266 -12.01 -4.975 16.673 -12.01 -4.941 16.682 -12.017
3 134 -.338 7.926 -12.933 0 12.914 -13 0 7.488 -13
3 16 -4.975 11.397 -12.01 -4.975 15.8 -12.01 -4.784 11.684 -12.048
3 16 -4.784 11.684 -12.048 -4.975 15.8 -12.01 -4.241 12.047 -12.156
3 16 -.851 12.77 -12.831 -1.5 16.3 -12.702 0 13.861 -13
3 0 -5.1 7.7 -11.926 -4.975 7.754 -12.01 -4.975 7.373 -12.01
3 0 -4.975 7.373 -12.01 -5.9 7.2 -11.392 -5.1 7.7 -11.926
3 0 -8.8 13.6 -9.455 -9.1 14.6 -9.254 -8.8 14.4 -9.455
3 0 -7.7 4 -10.19 -8.5 4 -9.655 -7.9 4.1 -10.056
3 80 -7.1 16.2 -10.59 -5.679 16.886 -11.54 -5.459 16.682 -11.687
3 80 -7.1 16.2 -10.59 -5.734 17 -11.503 -5.679 16.886 -11.54
3 80 -7.071 16.886 -10.61 -7.016 17 -10.646 -6.605 17 -10.921
3 80 -7.9 16 -10.056 -7.809 16.682 -10.117 -7.55 16.611 -10.29
3 80 -7.1 16.2 -10.59 -7.291 16.682 -10.463 -7.071 16.886 -10.61
3 16 -8.2 6.3 -9.856 -7.7 7.4 -10.19 -7.3 7.3 -10.457
3 2 -8.7 6.4 -9.522 -9.193 6.9 -9.193 -8.4 6.9 -9.722
3 2 -9.192 4 -9.193 -8.8 5.6 -9.455 -8.7 4.7 -9.522
3 2 -8.5 4 -9.655 -9.192 4 -9.193 -8.7 4.7 -9.522
3 2 -4.975 9.57 -12.01 -5.147 11.141 -11.895 -4.975 11.397 -12.01
3 0 -4.975 4 -12.01 -5.8 4 -11.459 -5.6 4.2 -11.592
3 0 -4.975 4 -12.01 -5.6 4.2 -11.592 -4.975 5.1 -12.01
3 0 -7.55 16.611 -10.29 -7.809 16.682 -10.117 -7.291 16.682 -10.463
3 80 -8.5 15.5 -9.655 -9.193 17 -9.192 -8.084 17 -9.933
3 80 -4.975 16.266 -12.01 -5.2 16.611 -11.86 -4.975 16.673 -12.01
3 80 -9.1 14.6 -9.254 -9.193 17 -9.192 -8.9 15 -9.388
3 80 -8.9 15 -9.388 -9.193 17 -9.192 -8.5 15.5 -9.655
3 80 -8.5 15.5 -9.655 -8.084 17 -9.933 -8.029 16.886 -9.97
3 16 -6.2 8.6 -11.192 -4.975 9.57 -12.01 -4.975 8.788 -12.01
3 16 -5.147 11.141 -11.895 -8.8 13.6 -9.455 -4.975 11.397 -12.01
3 16 -5.6 4.2 -11.592 -5.8 4 -11.459 -7.7 4 -10.19
3 16 -8.2 4.6 -9.856 -5.9 7.2 -11.392 -4.975 7.373 -12.01
3 16 -8.2 4.6 -9.856 -8.3 5.7 -9.789 -8.2 6.3 -9.856
3 0 -10 6.9 -7.984 -9.8 8.1 -8.283 -9.7 7.4 -8.433
3 0 -11.2 4 -6.187 -11 9.4 -6.487 -11 8.7 -6.487
3 0 -11 4 -6.487 -11.2 4 -6.187 -11 8.7 -6.487
3 2 -10.1 8.1 -7.834 -10.2 9.8 -7.684 -10.1 9.8 -7.834
3 80 -10.473 15.528 -7.276 -10.7 16.3 -6.936 -10.3 15.576 -7.535
3 80 -10.717 15.19 -6.911 -11 15.3 -6.487 -10.619 15.393 -7.057
3 80 -10.751 14.95 -6.86 -11 15.3 -6.487 -10.717 15.19 -6.911
3 80 -10.751 11.35 -6.86 -10.717 12.91 -6.911 -10.717 11.59 -6.911
3 80 -10.7 9.9 -6.936 -10.717 11.11 -6.911 -10.619 10.907 -7.057
3 80 -10.7 9.9 -6.936 -10.619 10.907 -7.057 -10.473 10.772 -7.276
3 16 -11.2 15.3 -6.187 -12.01 17 -4.974 -10.9 16.6 -6.637
3 16 -10.9 16.6 -6.637 -12.01 17 -4.974 -10.667 17 -6.986
3 134 -9.573 13.019 -8.623 -9.573 13.281 -8.623 -9.554 13.15 -8.652
3 134 -10.527 13.019 -7.194 -10.546 13.15 -7.166 -10.527 13.281 -7.194
3 80 -10.527 11.219 -7.194 -10.546 11.35 -7.166 -10.527 11.481 -7.194
3 80 -9.573 11.219 -8.623 -9.573 11.481 -8.623 -9.554 11.35 -8.652
3 80 -10.527 14.819 -7.194 -10.546 14.95 -7.166 -10.527 15.081 -7.194
3 80 -9.573 14.819 -8.623 -9.573 15.081 -8.623 -9.554 14.95 -8.652
3 80 -9.193 7.4 -9.193 -9.481 10.907 -8.761 -9.383 11.11 -8.907
3 80 -9.193 7.4 -9.193 -9.383 11.11 -8.907 -9.349 11.35 -8.958
3 80 -9.481 13.593 -8.761 -9.481 14.507 -8.761 -9.383 14.71 -8.907
3 80 -9.349 14.95 -8.958 -9.383 15.19 -8.907 -9.193 17 -9.192
3 80 -9.383 15.19 -8.907 -9.481 15.393 -8.761 -9.193 17 -9.192
3 80 -9.481 15.393 -8.761 -9.627 15.528 -8.541 -9.193 17 -9.192
3 80 -9.627 15.528 -8.541 -9.8 15.576 -8.283 -9.193 17 -9.192
3 80 -10.7 16.3 -6.936 -10.318 17 -7.507 -9.193 17 -9.192
3 2 0 2.469 -12.619 -4.551 1.6 -10.988 -4.83 2.469 -11.659
3 2 0 1.6 -11.893 -4.551 1.6 -10.988 0 2.469 -12.619
3 0 -3.6 3.5 -12.159 -4 4 -12.204 -3.475 4 -12.308
3 0 -3.1 3 -12.135 -3.16 4 -12.371 -3 3.8 -12.353
3 2 -4.83 2.469 -11.659 -4 4 -12.204 -3.6 3.5 -12.159
3 2 -4.83 2.469 -11.659 -3.6 3.5 -12.159 -3.1 3 -12.135
3 2 -4.83 2.469 -11.659 -3.1 3 -12.135 -2.5 2.7 -12.179
3 2 0 2.469 -12.619 -4.83 2.469 -11.659 -2.5 2.7 -12.179
3 2 0 2.469 -12.619 -2.5 2.7 -12.179 -2 2.8 -12.304
3 2 0 2.469 -12.619 -2 2.8 -12.304 -1.6 3.1 -12.458
3 2 0 2.469 -12.619 -1.6 3.1 -12.458 -1.2 3.8 -12.711
3 0 -4.9 4 -12.025 -4.969 3.931 -11.994 -4.975 4 -12.01
3 0 -1.156 4 -12.77 -1.2 3.8 -12.711 -1.74 4 -12.654
3 0 -8.157 1.172 -8.157 -8.457 1.68 -8.457 -8.2 1.6 -8.55
3 2 -4.551 1.6 -10.988 -8.2 1.6 -8.55 -4.83 2.469 -11.659
3 2 -8 3.4 -9.813 -8.923 2.469 -8.923 -9.192 4 -9.193
3 2 -8 3.4 -9.813 -9.192 4 -9.193 -8.5 4 -9.655
3 2 -8.923 2.469 -8.923 -8 3.4 -9.813 -7.3 3.1 -10.193
3 2 -4.83 2.469 -11.659 -6.5 3 -10.699 -5.8 3.2 -11.225
3 2 -4.83 2.469 -11.659 -5.8 3.2 -11.225 -5.4 3.5 -11.58
3 2 -4.83 2.469 -11.659 -5.4 3.5 -11.58 -4.969 3.931 -11.994
3 0 -5.4 3.5 -11.58 -4.975 4 -12.01 -4.969 3.931 -11.994
3 16 -5.8 4 -11.459 -7.3 3.8 -10.398 -7.7 4 -10.19
3 16 -10.1 1.9 -6.323 -11.659 2.469 -4.83 -10.543 2.469 -6.5
3 16 -10.8 2.8 -6.26 -12.01 4 -4.975 -11.2 4 -6.187
3 2 -8.923 2.469 -8.923 -11 4 -6.487 -9.192 4 -9.193
3 16 10.658 1.172 -4.414 9.95 1.4 -5.81 10.9 1.9 -5.126
3 16 10.658 1.172 -4.414 8.157 1.172 -8.157 9.95 1.4 -5.81
3 2 10.2 2 -6.321 8.923 2.469 -8.923 10.825 2.469 -6.077
3 80 9.8 3.9 -8.239 9.404 4 -8.876 9.88 4 -8.163
3 2 10.825 2.469 -6.077 8.923 2.469 -8.923 11 2.6 -5.873
3 2 8.923 2.469 -8.923 8.988 2.839 -8.988 9.2 2.9 -8.698
3 0 11.201 2.469 -5.515 10.825 2.469 -6.077 11 2.6 -5.873
3 16 11.659 2.469 -4.83 11.201 2.469 -5.515 12.01 4 -4.975
3 0 8.988 2.839 -8.988 9.079 3.355 -9.079 9.2 3.4 -8.918
3 0 10.286 4 -7.556 10 3.6 -7.809 9.88 4 -8.163
3 2 4.551 1.6 -10.988 4.83 2.469 -11.659 8.923 2.469 -8.923
3 2 8.41 1.6 -8.41 4.551 1.6 -10.988 8.923 2.469 -8.923
3 0 5.6 3 -11.3 4.9 3.2 -11.826 6.1 3.3 -11.054
3 2 5.2 2.7 -11.479 5.6 3 -11.3 6.2 2.8 -10.84
3 2 4.83 2.469 -11.659 6.2 2.8 -10.84 7.2 2.6 -10.113
3 2 7.2 2.6 -10.113 8.923 2.469 -8.923 4.83 2.469 -11.659
3 2 8.923 2.469 -8.923 7.2 2.6 -10.113 8.5 2.7 -9.274
3 2 8.923 2.469 -8.923 8.5 2.7 -9.274 8.988 2.839 -8.988
3 0 8.988 2.839 -8.988 8.4 3.1 -9.458 9.079 3.355 -9.079
3 0 9.05 3.845 -9.242 9.192 4 -9.193 9.172 3.884 -9.172
3 0 4.9 3.2 -11.826 4.975 4 -12.01 5.944 4 -11.362
3 80 8.721 3.933 -9.488 6.3 4 -11.125 8.646 4 -9.557
3 2 2.604 2.469 -12.101 0 1.6 -11.893 0 2.469 -12.619
3 2 0 1.6 -11.893 2.604 2.469 -12.101 2.9 2.3 -11.901
3 2 4.551 1.6 -10.988 3.5 2.2 -11.699 4.3 2.3 -11.623
3 0 4.723 2.469 -11.68 4.3 2.3 -11.623 2.604 2.469 -12.101
3 2 0 2.469 -12.619 1.5 3.8 -12.652 1.7 3.3 -12.488
3 2 0 2.469 -12.619 1.7 3.3 -12.488 2.2 2.7 -12.239
3 2 2.604 2.469 -12.101 0 2.469 -12.619 2.2 2.7 -12.239
3 2 4.83 2.469 -11.659 4.723 2.469 -11.68 4.835 2.517 -11.67
3 0 3.5 2.7 -11.981 4.723 2.469 -11.68 2.604 2.469 -12.101
3 0 2.604 2.469 -12.101 3 2.8 -12.105 3.5 2.7 -11.981
3 0 4.723 2.469 -11.68 3.5 2.7 -11.981 4.2 2.8 -11.866
3 0 2.8 17.2 -12.393 .5 17.2 -12.851 .5 17.9 -12.677
3 0 .5 17.2 -12.851 0 18.317 -12.672 .5 17.9 -12.677
3 0 3.8 17.6 -12.095 4.475 17 -12.11 3.367 17 -12.33
3 16 3.2 17.1 -12.338 3.367 17 -12.33 .5 17 -12.901
3 16 .5 18 -12.652 .3 18.3 -12.617 4.83 18.531 -11.659
3 16 3.8 17.6 -12.095 2.9 17.9 -12.199 4.83 18.531 -11.659
3 0 7.915 18.75 -9.381 7.715 18.75 -9.514 6.965 19.279 -9.495
3 0 7.065 18.75 -9.949 6.965 19.279 -9.495 7.715 18.75 -9.514
3 16 6.135 18.85 -10.472 4.415 19.828 -10.657 6.516 19.168 -9.905
3 16 8.481 19.279 -8.481 6.965 19.279 -9.495 8.157 19.828 -8.157
3 0 6.6 18.531 -10.476 6.065 18.531 -10.834 6.778 18.679 -10.211
3 80 6.778 18.679 -10.211 7.815 18.53 -9.664 6.6 18.531 -10.476
3 80 7.915 18.75 -9.381 8.923 18.531 -8.923 8.015 18.53 -9.531
3 80 8.923 18.531 -8.923 7.915 18.75 -9.381 8.793 18.75 -8.793
3 134 8.223 18.09 -9.521 8.286 17.964 -9.515 8.065 17.815 -9.707
3 134 8.065 17.815 -9.707 8.127 18.174 -9.56 8.223 18.09 -9.521
3 134 7.807 18.09 -9.798 7.903 18.174 -9.71 8.065 17.815 -9.707
3 134 8.065 17.815 -9.707 7.744 17.964 -9.878 7.807 18.09 -9.798
3 134 8.323 17.54 -9.615 8.277 17.456 -9.67 8.065 17.815 -9.707
3 134 8.065 17.815 -9.707 8.386 17.666 -9.536 8.323 17.54 -9.615
3 0 8.065 17.1 -9.916 8.165 17.427 -9.754 8.265 17.1 -9.783
3 0 8.015 18.203 -9.626 7.815 18.53 -9.664 8.015 18.53 -9.531
3 80 7.95 17.129 -9.985 8.065 17.1 -9.916 8.065 17 -9.946
3 80 8.065 17 -9.946 6.907 17 -10.719 7.95 17.129 -9.985
3 0 6.535 18.476 -10.536 6.065 18.531 -10.834 6.6 18.531 -10.476
3 0 6.294 17 -11.129 6.685 17.154 -10.823 6.907 17 -10.719
3 80 7.496 18.099 -10.004 6.6 18.531 -10.476 7.568 18.34 -9.885
3 80 7.568 18.34 -9.885 6.6 18.531 -10.476 7.7 18.501 -9.749
3 80 7.815 18.53 -9.664 7.7 18.501 -9.749 6.6 18.531 -10.476
3 80 8.923 18.531 -8.923 8.13 18.501 -9.462 8.015 18.53 -9.531
3 80 8.362 18.34 -9.354 8.13 18.501 -9.462 8.923 18.531 -8.923
3 80 8.534 18.099 -9.31 8.362 18.34 -9.354 8.923 18.531 -8.923
3 80 9.193 17 -9.193 8.634 17.531 -9.41 8.627 17.815 -9.331
3 80 9.193 17 -9.193 8.562 17.29 -9.529 8.634 17.531 -9.41
3 80 8.38 17.129 -9.698 8.562 17.29 -9.529 9.193 17 -9.193
3 80 9.193 17 -9.193 8.265 17 -9.812 8.38 17.129 -9.698
3 80 8.265 17 -9.812 8.265 17.1 -9.783 8.38 17.129 -9.698
3 16 6.294 17 -11.129 4.975 17 -12.01 6.13 17.255 -11.164
3 16 5.991 17.815 -11.093 4.83 18.531 -11.659 6.03 18.375 -10.902
3 16 6.03 18.375 -10.902 4.83 18.531 -11.659 6.065 18.531 -10.834
3 0 10.165 18.75 -6.742 9.665 18.75 -7.49 10.065 19.279 -6.112
3 0 9.665 18.75 -7.49 9.565 18.75 -7.639 10.065 19.279 -6.112
3 16 10.433 19.155 -5.744 10.065 19.279 -6.112 10.658 19.828 -4.414
3 16 11.659 18.531 -4.83 10.981 18.531 -5.844 10.745 18.84 -5.741
3 0 9.665 18.75 -7.49 9.76 18.531 -7.671 9.66 18.531 -7.82
3 0 9.66 18.531 -7.82 9.565 18.75 -7.639 9.665 18.75 -7.49
3 0 10.745 18.84 -5.741 10.981 18.531 -5.844 10.539 18.531 -6.505
3 80 9.66 18.531 -7.82 8.923 18.531 -8.923 8.793 18.75 -8.793
3 80 9.66 18.531 -7.82 8.793 18.75 -8.793 9.565 18.75 -7.639
3 80 9.76 18.531 -7.671 9.665 18.75 -7.49 10.165 18.75 -6.742
3 0 10.8 17.16 -6.717 10.883 17.46 -6.46 11.204 17.26 -6.068
3 2 10.045 17.475 -7.708 9.865 17.815 -7.828 10.063 17.555 -7.646
3 2 10.063 17.555 -7.646 9.865 17.815 -7.828 10.108 17.674 -7.526
3 80 10.783 18.17 -6.299 10.539 18.531 -6.505 10.6 18.47 -6.441
3 16 11.104 18.37 -5.731 10.981 18.531 -5.844 11.659 18.531 -4.83
3 16 12.01 17 -4.974 11.204 17.26 -6.068 11.227 17.815 -5.79
3 16 12.01 17 -4.974 11.116 17 -6.313 11.204 17.26 -6.068
3 0 10.015 17 -7.961 9.915 17 -8.111 10.015 17.11 -7.913
3 0 9.765 18.52 -7.668 9.815 18.183 -7.742 9.665 18.52 -7.818
3 0 9.665 18.52 -7.818 9.76 18.531 -7.671 9.765 18.52 -7.668
3 0 9.76 18.531 -7.671 9.665 18.52 -7.818 9.66 18.531 -7.82
3 0 10.981 18.531 -5.844 10.6 18.47 -6.441 10.539 18.531 -6.505
3 80 9.193 17 -9.193 9.675 17.305 -8.337 9.808 17.149 -8.206
3 80 9.193 17 -9.193 9.536 17.539 -8.442 9.675 17.305 -8.337
3 80 9.455 17.815 -8.442 8.923 18.531 -8.923 9.436 18.091 -8.349
3 80 9.436 18.091 -8.349 8.923 18.531 -8.923 9.475 18.325 -8.188
3 80 9.475 18.325 -8.188 8.923 18.531 -8.923 9.558 18.481 -7.995
3 80 9.66 18.531 -7.82 9.665 18.52 -7.818 9.558 18.481 -7.995
3 80 9.558 18.481 -7.995 8.923 18.531 -8.923 9.66 18.531 -7.82
3 80 10.055 18.325 -7.32 9.872 18.481 -7.525 10.539 18.531 -6.505
3 80 10.122 17.149 -7.736 10.641 17 -7.024 10.015 17 -7.961
3 80 10.015 17 -7.961 10.015 17.11 -7.913 10.122 17.149 -7.736
3 16 -8.8 19 -8.416 -8.157 19.828 -8.157 -8.608 19.064 -8.608
3 0 -8.923 18.531 -8.923 -8.8 19 -8.416 -8.608 19.064 -8.608
3 16 -10.2 17.8 -7.334 -11.659 18.531 -4.83 -9.469 18.531 -8.106
3 80 -9.193 17 -9.192 -9.4 18.1 -8.399 -8.949 18.382 -8.949
3 16 -8.608 19.064 -8.608 -8.157 19.828 -8.157 -7.9 19.3 -8.849
3 80 -4.83 18.531 -11.659 -7.9 18.8 -9.342 -4.744 18.8 -11.451
3 80 -6.605 17 -10.921 -7.016 17 -10.646 -6.925 17.191 -10.652
3 0 -8.949 18.382 -8.949 -8.923 18.531 -8.923 -8.71 18.531 -9.065
3 0 -8.084 17 -9.933 -7.799 17.205 -10.064 -7.685 17.099 -10.171
3 0 -8.084 17 -9.933 -7.685 17.099 -10.171 -7.55 17.062 -10.272
3 0 -7.016 17 -10.646 -8.084 17 -9.933 -7.55 17.062 -10.272
3 0 -7.016 17 -10.646 -7.55 17.062 -10.272 -7.415 17.099 -10.351
3 0 -7.016 17 -10.646 -7.415 17.099 -10.351 -7.301 17.205 -10.396
3 0 -4.975 17 -12.01 -5.734 17 -11.503 -5.2 17.062 -11.842
3 0 -5.734 17 -11.503 -5.335 17.099 -11.741 -5.2 17.062 -11.842
3 0 -5.734 17 -11.503 -5.449 17.205 -11.633 -5.335 17.099 -11.741
3 0 -4.975 17 -12.01 -5.2 17.062 -11.842 -5.065 17.099 -11.921
3 0 -4.975 17 -12.01 -5.065 17.099 -11.921 -4.956 17.2 -11.964
3 0 -4.951 17.895 -11.764 -4.849 18.332 -11.705 -4.9 17.79 -11.829
3 80 -8.227 17.55 -9.676 -9.193 17 -9.192 -8.949 18.382 -8.949
3 80 -8.227 17.55 -9.676 -8.949 18.382 -8.949 -8.175 17.909 -9.605
3 80 -9.193 17 -9.192 -8.227 17.55 -9.676 -8.175 17.191 -9.816
3 80 -9.193 17 -9.192 -8.175 17.191 -9.816 -8.084 17 -9.933
3 80 -8.029 18.214 -9.614 -8.71 18.531 -9.065 -7.809 18.418 -9.701
3 80 -7.809 18.418 -9.701 -8.71 18.531 -9.065 -7.55 18.489 -9.853
3 80 -4.849 18.332 -11.705 -4.941 18.418 -11.618 -4.83 18.531 -11.659
3 80 -4.941 18.418 -11.618 -5.2 18.489 -11.424 -4.83 18.531 -11.659
3 0 -2 18.3 -12.279 -1.5 18.531 -12.321 -1.5 18.4 -12.353
3 0 -2 17 -12.602 -1.5 17.9 -12.478 -1.5 17.1 -12.677
3 0 -4.666 17 -12.071 -4.975 17 -12.01 -4.575 17.191 -12.042
3 0 -4.849 18.332 -11.705 -4.721 18.214 -11.759 -4.9 17.79 -11.829
3 80 -4.575 17.909 -11.864 -4.721 18.214 -11.759 -3.9 18.531 -11.844
3 80 -3.9 17 -12.224 -4.575 17.191 -12.042 -4.523 17.55 -11.963
3 80 -3.9 17 -12.224 -4.666 17 -12.071 -4.575 17.191 -12.042
3 134 -4.956 17.2 -11.964 -4.9 17.79 -11.829 -4.875 17.737 -11.847
4 16 13 4 0 12.01 4 -4.975 12.01 10.7 -4.975 13 17 0
4 0 10.2 10.1 -7.684 10.3 11.2 -7.535 10.6 10.2 -7.086 10.3 9.1 -7.535
4 0 10.3 9.1 -7.535 10.6 10.2 -7.086 10.7 9.1 -6.936 10.5 7.9 -7.235
4 0 10.5 7.9 -7.235 10.7 9.1 -6.936 10.9 8.8 -6.637 10.9 8 -6.637
4 0 11 8.2 -6.487 10.9 8 -6.637 10.9 8.8 -6.637 11.1 8.8 -6.337
4 0 11.3 8.6 -6.038 11 8.2 -6.487 11.1 8.8 -6.337 11.2 9.3 -6.187
4 0 11.4 9.3 -5.888 11.3 8.6 -6.038 11.2 9.3 -6.187 11.2 10 -6.187
4 0 11.3 10.2 -6.038 11.4 9.3 -5.888 11.2 10 -6.187 11 10.9 -6.487
4 0 11.2 10.9 -6.187 11.3 10.2 -6.038 11 10.9 -6.487 10.8 11.7 -6.786
4 0 11.2 10.9 -6.187 10.8 11.7 -6.786 11.4 11.7 -5.888 11.5 11.3 -5.738
4 0 11.5 11.3 -5.738 11.4 11.7 -5.888 11.8 11.3 -5.289 11.8 10.7 -5.289
4 0 11.8 10.7 -5.289 11.8 11.3 -5.289 12.01 10.7 -4.975 12.01 4 -4.975
4 0 10.9 8 -6.637 10.7 4.9 -6.936 10.5 5.7 -7.235 10.5 6.7 -7.235
4 0 10.5 7.3 -7.235 10.5 6.7 -7.235 9.193 6.7 -9.193 9.193 7.3 -9.193
4 0 10.4 4.9 -7.385 10.5 5.7 -7.235 10.7 4.9 -6.936 10.5 4.3 -7.235
4 0 10.2 4.4 -7.684 10.4 4.9 -7.385 10.5 4.3 -7.235 10.286 4 -7.556
4 0 9.7 11.8 -8.433 9.3 13.6 -9.032 9.9 12.7 -8.133 9.9 11.2 -8.133
4 0 9.9 11.2 -8.133 9.9 12.7 -8.133 10.3 11.2 -7.535 10.2 10.1 -7.684
4 0 10.365 16.351 -7.437 10.365 16.88 -7.437 10.6 16.959 -7.085 10.733 16.475 -6.886
4 0 10.015 16.88 -7.961 10.365 16.351 -7.437 9.915 16.88 -8.111 9.915 17 -8.111
4 0 9.744 4.558 -8.366 9.438 4.784 -8.824 9.47 5 -8.776 9.81 5 -8.268
4 0 9.81 5 -8.268 9.47 5 -8.776 9.438 5.216 -8.824 9.744 5.442 -8.366
4 0 9.744 5.442 -8.366 9.438 5.216 -8.824 9.347 5.399 -8.961 9.608 5.817 -8.57
4 0 9.608 5.817 -8.57 9.347 5.399 -8.961 9.211 5.522 -9.165 9.329 6.067 -8.988
4 0 9.329 6.067 -8.988 9.211 5.522 -9.165 9.193 5.527 -9.193 9.193 6.11 -9.193
4 0 9.211 4.478 -9.165 9.347 4.601 -8.961 9.608 4.183 -8.57 9.404 4 -8.876
4 0 9.608 4.183 -8.57 9.347 4.601 -8.961 9.438 4.784 -8.824 9.744 4.558 -8.366
4 2 11.8 4 -5.289 10.7 4.9 -6.936 10.9 8 -6.637 11 8.2 -6.487
4 2 11.8 4 -5.289 11.3 8.6 -6.038 11.4 9.3 -5.888 11.8 10.7 -5.289
4 2 11.8 10.7 -5.289 11.3 10.2 -6.038 11.2 10.9 -6.187 11.5 11.3 -5.738
4 80 9.404 4 -8.876 9.608 4.183 -8.57 10.2 4.4 -7.684 9.88 4 -8.163
4 80 10.2 4.4 -7.684 9.744 4.558 -8.366 9.81 5 -8.268 10.4 4.9 -7.385
4 80 10.5 5.7 -7.235 10.4 4.9 -7.385 9.81 5 -8.268 9.744 5.442 -8.366
4 80 10.5 5.7 -7.235 9.744 5.442 -8.366 9.608 5.817 -8.57 10.5 6.7 -7.235
4 80 10.5 6.7 -7.235 9.329 6.067 -8.988 9.193 6.11 -9.193 9.193 6.7 -9.193
4 80 9.193 8.001 -9.193 9.3 8.3 -9.032 10.5 7.9 -7.235 9.193 7.3 -9.193
4 80 10.3 9.1 -7.535 10.5 7.9 -7.235 9.3 8.3 -9.032 9.5 10.1 -8.732
4 80 10.2 10.1 -7.684 10.3 9.1 -7.535 9.5 10.1 -8.732 9.5 11.2 -8.732
4 80 9.193 13.6 -9.193 9.3 13.6 -9.032 9.7 11.8 -8.433 9.193 11.8 -9.193
4 16 11.4 11.7 -5.888 10.733 16.475 -6.886 11.045 16.79 -6.419 12.01 17 -4.974
4 16 10.365 16.351 -7.437 10.733 16.475 -6.886 11.4 11.7 -5.888 9.9 12.7 -8.133
4 16 11.2 9.3 -6.187 11.1 8.8 -6.337 10.9 8.8 -6.637 10.7 9.1 -6.936
4 16 11.2 10 -6.187 11.2 9.3 -6.187 10.7 9.1 -6.936 10.6 10.2 -7.086
4 16 11 10.9 -6.487 11.2 10 -6.187 10.6 10.2 -7.086 10.3 11.2 -7.535
4 16 10.8 11.7 -6.786 11 10.9 -6.487 10.3 11.2 -7.535 9.9 12.7 -8.133
4 16 10.365 16.351 -7.437 9.5 14.2 -8.732 9.193 14.892 -9.193 9.193 16.351 -9.193
4 0 9.5 11.2 -8.732 9.193 11.8 -9.193 9.7 11.8 -8.433 9.9 11.2 -8.133
4 0 9.193 11.8 -9.193 9.5 11.2 -8.732 9.5 10.1 -8.732 9.3 8.3 -9.032
4 0 9.3 13.6 -9.032 9.193 14.892 -9.193 9.5 14.2 -8.732 9.9 12.7 -8.133
4 0 10.733 16.475 -6.886 10.6 16.959 -7.085 10.641 17 -7.024 11.045 16.79 -6.419
4 80 9.193 16.88 -9.193 9.193 17 -9.193 9.915 17 -8.111 9.915 16.88 -8.111
4 80 10.015 16.88 -7.961 10.015 17 -7.961 10.6 16.959 -7.085 10.365 16.88 -7.437
4 134 9.193 4.473 -9.193 9.193 5.527 -9.193 9.211 5.522 -9.165 9.211 4.478 -9.165
4 134 9.211 4.478 -9.165 9.211 5.522 -9.165 9.347 5.399 -8.961 9.347 4.601 -8.961
4 134 9.347 4.601 -8.961 9.347 5.399 -8.961 9.438 5.216 -8.824 9.438 4.784 -8.824
4 0 4.975 15.146 -12.01 6.17 14.651 -11.212 5.874 14.138 -11.41 4.975 14.51 -12.01
4 0 6.816 13.416 -10.78 5.874 14.138 -11.41 6.17 14.651 -11.212 7.235 13.835 -10.501
4 0 7.538 12.474 -10.298 6.816 13.416 -10.78 7.235 13.835 -10.501 8.051 12.77 -9.955
4 0 7.992 11.377 -9.994 7.538 12.474 -10.298 8.051 12.77 -9.955 8.3 12.2 -9.789
4 0 8.147 10.2 -9.891 7.992 11.377 -9.994 8.565 11.53 -9.612 8.6 11.2 -9.588
4 0 7.992 9.023 -9.994 8.147 10.2 -9.891 8.74 10.2 -9.495 8.565 8.87 -9.612
4 0 7.538 7.926 -10.298 8.565 8.87 -9.612 8.051 7.63 -9.955 7.06 7.3 -10.617
4 0 6.816 6.985 -10.78 8.051 7.63 -9.955 7.235 6.565 -10.501 5.874 6.262 -11.41
4 0 5.874 6.262 -11.41 7.235 6.565 -10.501 6.17 5.749 -11.212 4.975 5.89 -12.01
4 0 5.7 8.1 -11.526 4.975 8.191 -12.01 5.1 8.7 -11.926 6.4 8.6 -11.058
4 0 6.6 8.2 -10.924 5.7 8.1 -11.526 6.4 8.6 -11.058 7.9 8.8 -10.056
4 0 7.7 8.3 -10.19 6.6 8.2 -10.924 7.9 8.8 -10.056 8.565 8.87 -9.612
4 0 4.975 7.725 -12.01 5.1 7.6 -11.926 5.1 7.3 -11.926 4.975 7.338 -12.01
4 0 5.1 7.3 -11.926 5.1 7.6 -11.926 5.9 7.5 -11.392 6.816 6.985 -10.78
4 80 4.975 8.191 -12.01 5.7 8.1 -11.526 5.1 7.6 -11.926 4.975 7.725 -12.01
4 80 5.9 7.5 -11.392 5.1 7.6 -11.926 5.7 8.1 -11.526 6.6 8.2 -10.924
4 80 7.06 7.3 -10.617 5.9 7.5 -11.392 6.6 8.2 -10.924 7.538 7.926 -10.298
4 0 5.7 5.1 -11.526 6.6 5.3 -10.924 6.5 4.7 -10.991 5.944 4 -11.362
4 0 7.3 5.1 -10.457 6.5 4.7 -10.991 6.6 5.3 -10.924 7.3 5.7 -10.457
4 0 8.2 5.9 -9.856 7.3 5.1 -10.457 7.3 5.7 -10.457 8 6.4 -9.989
4 0 9.193 6.7 -9.193 8.68 6.7 -9.535 8.94 7.3 -9.361 9.193 7.3 -9.193
4 0 8.6 13.6 -9.588 8.7 11.8 -9.522 8.565 11.53 -9.612 8.3 12.2 -9.789
4 0 8.5 14.2 -9.655 8.6 13.6 -9.588 8.2 14.3 -9.856 8.2 15.4 -9.856
4 0 8.2 15.4 -9.856 7.9 15.4 -10.056 7.6 16.001 -10.256 8.7 16.001 -9.522
4 0 8.7 15.4 -9.522 8.7 16.001 -9.522 9.193 14.892 -9.193 9.1 14.2 -9.254
4 0 8 6.4 -9.989 8.5 7.3 -9.655 8.68 6.7 -9.535 8.2 5.9 -9.856
4 0 9.1 11.2 -9.254 8.6 11.2 -9.588 8.565 11.53 -9.612 9.193 11.8 -9.193
4 0 6.816 16.462 -10.78 6.435 16.78 -11.035 6.907 17 -10.719 6.978 16.951 -10.672
4 0 6.816 16.462 -10.78 6.978 16.951 -10.672 7.265 16.88 -10.48 7.265 16.351 -10.48
4 80 8.065 17 -9.946 8.065 16.88 -9.946 7.265 16.88 -10.48 6.907 17 -10.719
4 0 9.193 5.527 -9.193 9.05 5.565 -9.288 9.05 6.155 -9.288 9.193 6.11 -9.193
4 0 9.05 6.155 -9.288 9.05 5.565 -9.288 8.889 5.522 -9.395 8.721 6.067 -9.508
4 0 8.721 6.067 -9.508 8.889 5.522 -9.395 8.753 5.399 -9.486 8.442 5.817 -9.694
4 0 8.442 5.817 -9.694 8.753 5.399 -9.486 8.662 5.216 -9.547 8.256 5.442 -9.818
4 0 8.256 5.442 -9.818 8.662 5.216 -9.547 8.63 5 -9.569 8.19 5 -9.862
4 0 8.19 5 -9.862 8.63 5 -9.569 8.662 4.784 -9.547 8.256 4.558 -9.818
4 0 8.256 4.558 -9.818 8.662 4.784 -9.547 8.753 4.601 -9.486 8.442 4.183 -9.694
4 0 8.442 4.183 -9.694 8.753 4.601 -9.486 8.889 4.478 -9.395 8.646 4 -9.557
4 0 4.975 13.824 -12.01 5.674 13.824 -11.543 5.674 13.376 -11.543 4.975 13.376 -12.01
4 134 4.975 7.338 -12.01 5.1 7.3 -11.926 5.874 6.262 -11.41 4.975 5.89 -12.01
4 134 4.975 14.51 -12.01 5.874 14.138 -11.41 5.674 13.824 -11.543 4.975 13.824 -12.01
4 134 5.674 13.824 -11.543 5.874 14.138 -11.41 6.816 13.416 -10.78 5.674 13.376 -11.543
4 134 5.324 12.224 -11.777 5.674 13.376 -11.543 6.816 13.416 -10.78 7.538 12.474 -10.298
4 134 5.324 11.776 -11.777 5.324 12.224 -11.777 7.538 12.474 -10.298 7.992 11.377 -9.994
4 134 5.324 11.776 -11.777 7.992 11.377 -9.994 8.147 10.2 -9.891 5.047 11.141 -11.962
4 134 5.324 11.776 -11.777 5.047 11.141 -11.962 4.975 11.248 -12.01 4.975 11.776 -12.01
4 134 5.047 9.859 -11.962 5.174 10.5 -11.877 8.147 10.2 -9.891 7.992 9.023 -9.994
4 134 5.047 9.859 -11.962 7.992 9.023 -9.994 7.9 8.8 -10.056 6.4 8.6 -11.058
4 2 4.975 5.2 -12.01 4.975 5.254 -12.01 6.17 5.749 -11.212 5.1 5.1 -11.926
4 2 5.7 5.1 -11.526 5.1 5.1 -11.926 6.17 5.749 -11.212 6.6 5.3 -10.924
4 2 6.6 5.3 -10.924 6.17 5.749 -11.212 7.235 6.565 -10.501 7.3 5.7 -10.457
4 2 8 6.4 -9.989 7.3 5.7 -10.457 7.235 6.565 -10.501 8.051 7.63 -9.955
4 2 8.5 7.3 -9.655 8 6.4 -9.989 8.051 7.63 -9.955 8.9 8.5 -9.388
4 2 9.1 10.1 -9.254 8.565 8.87 -9.612 8.74 10.2 -9.495 9.1 11.2 -9.254
4 80 6.3 4 -11.125 6.5 4.7 -10.991 7.3 5.1 -10.457 8.442 4.183 -9.694
4 80 9.193 6.11 -9.193 9.05 6.155 -9.288 8.68 6.7 -9.535 9.193 6.7 -9.193
4 80 8.2 5.9 -9.856 8.68 6.7 -9.535 8.721 6.067 -9.508 8.442 5.817 -9.694
4 80 8.2 5.9 -9.856 8.442 5.817 -9.694 8.256 5.442 -9.818 7.3 5.1 -10.457
4 80 8.7 11.8 -9.522 8.6 13.6 -9.588 9.193 13.6 -9.193 9.193 11.8 -9.193
4 80 9.1 14.2 -9.254 8.5 14.2 -9.655 8.2 15.4 -9.856 8.7 15.4 -9.522
4 16 6.17 14.651 -11.212 7.265 16.351 -10.48 7.6 16.001 -10.256 7.9 15.4 -10.056
4 16 7.235 13.835 -10.501 6.17 14.651 -11.212 7.9 15.4 -10.056 8.2 14.3 -9.856
4 2 5.174 10.5 -11.877 5.047 9.859 -11.962 4.975 9.752 -12.01 5.047 11.141 -11.962
4 0 8.646 4 -9.557 8.889 4.478 -9.395 9.05 4.435 -9.288 9.192 4 -9.193
4 0 9.1 10.1 -9.254 9.1 11.2 -9.254 9.193 11.8 -9.193 9.193 8.001 -9.193
4 0 8.6 13.6 -9.588 8.5 14.2 -9.655 9.1 14.2 -9.254 9.193 13.6 -9.193
4 0 4.975 4 -12.01 5.1 5.1 -11.926 5.7 5.1 -11.526 5.944 4 -11.362
4 0 8.265 16.88 -9.812 8.065 16.88 -9.946 8.065 17 -9.946 8.265 17 -9.812
4 0 7.265 16.351 -10.48 8.065 16.88 -9.946 8.265 16.88 -9.812 9.193 16.351 -9.193
4 0 5.324 11.776 -11.777 4.975 11.776 -12.01 4.975 12.224 -12.01 5.324 12.224 -11.777
4 80 8.265 17 -9.812 9.193 17 -9.193 9.193 16.88 -9.193 8.265 16.88 -9.812
4 134 9.05 4.435 -9.288 9.05 5.565 -9.288 9.193 5.527 -9.193 9.193 4.473 -9.193
4 134 8.889 4.478 -9.395 8.889 5.522 -9.395 9.05 5.565 -9.288 9.05 4.435 -9.288
4 134 8.753 4.601 -9.486 8.753 5.399 -9.486 8.889 5.522 -9.395 8.889 4.478 -9.395
4 134 8.662 4.784 -9.547 8.662 5.216 -9.547 8.753 5.399 -9.486 8.753 4.601 -9.486
4 134 5.324 12.224 -11.777 4.975 12.224 -12.01 4.975 13.376 -12.01 5.674 13.376 -11.543
4 134 4.975 8.73 -12.01 4.975 9.752 -12.01 5.047 9.859 -11.962 5.1 8.7 -11.926
4 16 6.17 14.651 -11.212 4.975 15.146 -12.01 4.975 17 -12.01 6.294 17 -11.129
4 16 7.6 16.001 -10.256 7.265 16.351 -10.48 9.193 16.351 -9.193 8.7 16.001 -9.522
4 0 1.03 14.651 -12.795 1.326 14.138 -12.736 .385 13.416 -12.923 0 13.861 -13
4 0 2.423 14.592 -12.518 1.326 14.138 -12.736 1.03 14.651 -12.795 2.27 15.165 -12.548
4 0 3.6 14.747 -12.284 2.423 14.592 -12.518 2.27 15.165 -12.548 3.6 15.34 -12.284
4 0 4.777 14.592 -12.049 3.6 14.747 -12.284 3.6 15.34 -12.284 4.975 15.146 -12.01
4 0 3.5 10.5 -12.304 2.957 10.725 -12.412 3.085 10.916 -12.386 3.275 11.043 -12.348
4 0 3.5 10.5 -12.304 3.275 11.043 -12.348 3.5 11.088 -12.304 3.725 11.043 -12.259
4 0 3.5 10.5 -12.304 3.725 11.043 -12.259 3.916 10.916 -12.221 4.043 10.725 -12.195
4 0 3.5 10.5 -12.304 4.043 10.275 -12.195 3.916 10.085 -12.221 3.725 9.957 -12.259
4 0 3.5 10.5 -12.304 3.725 9.957 -12.259 3.5 9.912 -12.304 3.275 9.957 -12.348
4 0 3.5 10.5 -12.304 3.275 9.957 -12.348 3.085 10.085 -12.386 2.957 10.275 -12.412
4 2 2.912 10.5 -12.42 1.953 9.859 -12.611 1.826 10.5 -12.637 2.957 10.725 -12.412
4 2 2.957 10.725 -12.412 1.826 10.5 -12.637 1.953 11.141 -12.611 3.085 10.916 -12.386
4 2 3.085 10.916 -12.386 1.953 11.141 -12.611 2.316 11.684 -12.539 3.275 11.043 -12.348
4 2 3.725 11.043 -12.259 3.5 12.174 -12.304 4.141 12.047 -12.176 3.916 10.916 -12.221
4 2 3.916 10.916 -12.221 4.684 11.684 -12.068 4.975 11.248 -12.01 4.043 10.725 -12.195
4 2 3.725 9.957 -12.259 3.916 10.085 -12.221 4.684 9.316 -12.068 4.041 8.953 -12.196
4 2 3.5 9.912 -12.304 3.725 9.957 -12.259 4.041 8.953 -12.196 3.04 9.1 -12.395
4 0 .6 9.5 -12.881 .7 9.8 -12.861 1.1 9.9 -12.781 2.4 8.4 -12.522
4 0 3.8 7.7 -12.244 2.4 8.4 -12.522 4.041 8.953 -12.196 4.7 8 -12.065
4 0 3.8 7.7 -12.244 4.7 8 -12.065 4.975 7.725 -12.01 4.975 7.338 -12.01
4 80 4.7 8 -12.065 4.9 8.2 -12.025 4.975 8.191 -12.01 4.975 7.725 -12.01
4 2 3.275 9.957 -12.348 3.5 9.912 -12.304 3.04 9.1 -12.395 3.039 9.605 -12.395
4 80 2.7 9.8 -12.463 2.361 9.605 -12.53 2.309 9.8 -12.541 2.361 9.996 -12.53
4 80 2.7 9.8 -12.463 2.361 9.996 -12.53 2.505 10.139 -12.502 2.7 10.191 -12.463
4 80 2.7 9.8 -12.463 2.7 10.191 -12.463 2.896 10.139 -12.424 3.039 9.996 -12.395
4 80 2.7 9.8 -12.463 3.039 9.996 -12.395 3.091 9.8 -12.385 3.039 9.605 -12.395
4 80 2.7 9.8 -12.463 3.039 9.605 -12.395 2.896 9.461 -12.424 2.7 9.409 -12.463
4 80 2.7 9.8 -12.463 2.7 9.409 -12.463 2.505 9.461 -12.502 2.361 9.605 -12.53
4 2 3.039 9.996 -12.395 3.085 10.085 -12.386 3.275 9.957 -12.348 3.091 9.8 -12.385
4 2 2.505 9.461 -12.502 2.7 9.409 -12.463 3.04 9.1 -12.395 2.216 9.416 -12.559
4 2 2.309 9.8 -12.541 2.361 9.605 -12.53 2.216 9.416 -12.559 1.953 9.859 -12.611
4 2 2.912 10.5 -12.42 2.957 10.275 -12.412 2.896 10.139 -12.424 2.7 10.191 -12.463
4 2 2.896 10.139 -12.424 2.957 10.275 -12.412 3.085 10.085 -12.386 3.039 9.996 -12.395
4 0 4.5 16.3 -12.105 4.2 16.3 -12.164 3.7 16.8 -12.264 4.7 16.5 -12.065
4 0 4.7 16.5 -12.065 3.7 16.8 -12.264 4.475 17 -12.11 4.7 16.8 -12.065
4 0 2.423 5.808 -12.518 1.2 5.2 -12.761 1.3 5.7 -12.741 2 6 -12.602
4 0 2.423 5.808 -12.518 3.6 5.653 -12.284 4.93 5.235 -12.019 2.491 4 -12.504
4 0 .7 6.74 -12.861 .3 7.1 -12.94 .9 7.4 -12.821 1.3 7.1 -12.741
4 0 1.3 7.1 -12.741 .9 7.4 -12.821 1.6 7.7 -12.682 2.1 7.4 -12.582
4 0 1.3 7.1 -12.741 2.1 7.4 -12.582 2 6.9 -12.602 1.5 6.7 -12.702
4 0 1.48 6.2 -12.705 1.5 6.7 -12.702 2 6.9 -12.602 2 6 -12.602
4 0 1.3 4.5 -12.741 1.9 4.25 -12.622 1.956 4 -12.611 1.443 4 -12.713
4 0 1.9 4.25 -12.622 1.3 4.5 -12.741 1.2 5.2 -12.761 2.423 5.808 -12.518
4 0 4.924 12.576 -12.02 2.076 12.576 -12.587 2.076 13.024 -12.587 4.924 13.024 -12.02
4 0 4.024 13.376 -12.199 3.026 13.376 -12.398 3.026 13.824 -12.398 4.024 13.824 -12.199
4 0 4.576 13.376 -12.089 4.576 13.824 -12.089 4.975 13.824 -12.01 4.975 13.376 -12.01
4 0 3.5 11.776 -12.304 2.526 11.776 -12.497 2.526 11.824 -12.497 3.5 12.174 -12.304
4 0 3.5 12.174 -12.304 2.526 11.824 -12.497 2.526 12.224 -12.497 3.5 12.224 -12.304
4 0 4.546 11.776 -12.095 4.141 11.776 -12.176 4.141 12.047 -12.176 4.975 12.224 -12.01
4 2 3.916 10.916 -12.221 4.141 11.776 -12.176 4.546 11.776 -12.095 4.684 11.684 -12.068
4 2 3.5 11.776 -12.304 3.5 11.088 -12.304 3.275 11.043 -12.348 2.526 11.776 -12.497
4 134 2.423 5.808 -12.518 2 6 -12.602 2 6.9 -12.602 3.6 5.653 -12.284
4 134 3.6 5.653 -12.284 2 6.9 -12.602 2.1 7.4 -12.582 2.4 8 -12.522
4 134 3.6 5.653 -12.284 2.4 8 -12.522 3.8 7.7 -12.244 4.777 5.808 -12.049
4 134 4.777 5.808 -12.049 3.8 7.7 -12.244 4.975 7.338 -12.01 4.975 5.89 -12.01
4 134 2.4 8.4 -12.522 2.4 8 -12.522 1.6 7.7 -12.682 .6 9.5 -12.881
4 134 .3 7.1 -12.94 0 7.488 -13 .6 9.5 -12.881 .9 7.4 -12.821
4 134 1.953 11.141 -12.611 1.826 10.5 -12.637 .385 13.416 -12.923 2.076 12.576 -12.587
4 134 3.5 12.224 -12.304 2.526 12.224 -12.497 2.076 12.576 -12.587 4.924 12.576 -12.02
4 134 3.5 12.224 -12.304 4.924 12.576 -12.02 4.141 12.224 -12.176 3.5 12.174 -12.304
4 134 3.026 13.376 -12.398 4.024 13.376 -12.199 4.924 13.024 -12.02 2.076 13.024 -12.587
4 134 2.076 13.024 -12.587 2.076 12.576 -12.587 .385 13.416 -12.923 1.326 14.138 -12.736
4 134 2.076 13.024 -12.587 1.326 14.138 -12.736 2.423 14.592 -12.518 3.026 13.376 -12.398
4 134 3.026 13.824 -12.398 2.423 14.592 -12.518 3.6 14.747 -12.284 4.024 13.824 -12.199
4 134 4.024 13.824 -12.199 3.6 14.747 -12.284 4.777 14.592 -12.049 4.576 13.824 -12.089
4 134 4.024 13.376 -12.199 4.024 13.824 -12.199 4.576 13.824 -12.089 4.576 13.376 -12.089
4 134 4.576 13.824 -12.089 4.777 14.592 -12.049 4.975 14.51 -12.01 4.975 13.824 -12.01
4 2 .7 6.74 -12.861 1.3 7.1 -12.741 1.5 6.7 -12.702 1.48 6.2 -12.705
4 2 .2 6.4 -12.96 .7 6.74 -12.861 1.48 6.2 -12.705 1.3 5.7 -12.741
4 2 .2 6.4 -12.96 1.3 5.7 -12.741 1.2 5.2 -12.761 0 4 -13
4 16 3.6 15.34 -12.284 4.2 16.3 -12.164 4.5 16.3 -12.105 4.975 15.146 -12.01
4 16 3.7 16.8 -12.264 4.2 16.3 -12.164 3.6 15.34 -12.284 2.27 15.165 -12.548
4 16 2.27 15.165 -12.548 1.03 14.651 -12.795 .5 16.6 -12.901 3.367 17 -12.33
4 16 .5 16.6 -12.901 1.03 14.651 -12.795 0 13.861 -13 0 16.6 -13
4 2 4.684 9.316 -12.068 3.916 10.085 -12.221 4.043 10.275 -12.195 4.975 9.752 -12.01
4 2 4.975 9.752 -12.01 4.043 10.275 -12.195 4.088 10.5 -12.187 4.975 11.248 -12.01
4 0 .2 6.4 -12.96 0 6.24 -13 0 7.488 -13 .3 7.1 -12.94
4 0 4.975 4 -12.01 2.491 4 -12.504 4.93 5.235 -12.019 4.975 5.2 -12.01
4 0 4.93 5.235 -12.019 4.777 5.808 -12.049 4.975 5.89 -12.01 4.975 5.254 -12.01
4 0 4.041 8.953 -12.196 4.975 8.73 -12.01 4.9 8.2 -12.025 4.7 8 -12.065
4 0 .5 16.6 -12.901 0 16.6 -13 0 17 -13 .5 17 -12.901
4 134 4.924 12.576 -12.02 4.924 13.024 -12.02 4.975 13.376 -12.01 4.975 12.224 -12.01
4 134 1.826 10.5 -12.637 1.953 9.859 -12.611 1.1 9.9 -12.781 .385 13.416 -12.923
4 134 .385 13.416 -12.923 1.1 9.9 -12.781 .7 9.8 -12.861 0 12.914 -13
4 134 2.526 11.824 -12.497 2.316 11.684 -12.539 2.076 12.576 -12.587 2.526 12.224 -12.497
4 16 4.975 17 -12.01 4.975 15.146 -12.01 4.7 16.5 -12.065 4.7 16.8 -12.065
4 0 -1.365 8.87 -12.728 -.947 10.2 -12.811 -.792 9.023 -12.842 -.851 7.63 -12.831
4 0 -.792 11.377 -12.842 -.947 10.2 -12.811 -1.54 10.2 -12.694 -1.365 11.53 -12.728
4 0 -.338 12.474 -12.933 -.792 11.377 -12.842 -1.365 11.53 -12.728 -.851 12.77 -12.831
4 0 -.851 7.63 -12.831 -.792 9.023 -12.842 -.338 7.926 -12.933 -.2 6.8 -12.96
4 0 -3.6 10.5 -12.284 -4.143 10.275 -12.176 -4.188 10.5 -12.167 -4.143 10.725 -12.176
4 0 -3.6 10.5 -12.284 -4.143 10.725 -12.176 -4.016 10.916 -12.201 -3.825 11.043 -12.239
4 0 -3.6 10.5 -12.284 -3.825 11.043 -12.239 -3.6 11.088 -12.284 -3.375 11.043 -12.328
4 0 -3.6 10.5 -12.284 -3.375 11.043 -12.328 -3.185 10.916 -12.366 -3.057 10.725 -12.392
4 0 -3.6 10.5 -12.284 -3.057 10.725 -12.392 -3.012 10.5 -12.401 -3.057 10.275 -12.392
4 0 -3.6 10.5 -12.284 -3.057 10.275 -12.392 -3.185 10.085 -12.366 -3.375 9.957 -12.328
4 0 -3.6 10.5 -12.284 -3.375 9.957 -12.328 -3.6 9.912 -12.284 -3.825 9.957 -12.239
4 0 -3.6 10.5 -12.284 -3.825 9.957 -12.239 -4.016 10.085 -12.201 -4.143 10.275 -12.176
4 2 -3.825 11.043 -12.239 -4.016 10.916 -12.201 -4.784 11.684 -12.048 -4.241 12.047 -12.156
4 2 -3.6 11.088 -12.284 -3.825 11.043 -12.239 -4.241 12.047 -12.156 -3.6 12.174 -12.284
4 2 -3.375 11.043 -12.328 -3.6 11.088 -12.284 -3.6 12.174 -12.284 -2.959 12.047 -12.411
4 2 -3.185 10.916 -12.366 -3.375 11.043 -12.328 -2.959 12.047 -12.411 -2.416 11.684 -12.519
4 2 -3.057 10.725 -12.392 -3.185 10.916 -12.366 -2.416 11.684 -12.519 -2.053 11.141 -12.591
4 2 -3.012 10.5 -12.401 -3.057 10.725 -12.392 -2.053 11.141 -12.591 -1.926 10.5 -12.617
4 2 -3.057 10.275 -12.392 -3.012 10.5 -12.401 -1.926 10.5 -12.617 -2.053 9.859 -12.591
4 2 -3.185 10.085 -12.366 -3.057 10.275 -12.392 -2.053 9.859 -12.591 -2.416 9.316 -12.519
4 2 -3.375 9.957 -12.328 -3.185 10.085 -12.366 -2.416 9.316 -12.519 -3.3 9 -12.343
4 2 -3.825 9.957 -12.239 -3.6 9.912 -12.284 -4.141 8.853 -12.176 -4.061 9.605 -12.192
4 80 -4.4 9.8 -12.124 -4.739 9.605 -12.057 -4.791 9.8 -12.047 -4.739 9.996 -12.057
4 80 -4.4 9.8 -12.124 -4.739 9.996 -12.057 -4.596 10.139 -12.086 -4.4 10.191 -12.124
4 80 -4.4 9.8 -12.124 -4.4 10.191 -12.124 -4.205 10.139 -12.163 -4.061 9.996 -12.192
4 80 -4.4 9.8 -12.124 -4.061 9.996 -12.192 -4.009 9.8 -12.202 -4.061 9.605 -12.192
4 80 -4.4 9.8 -12.124 -4.061 9.605 -12.192 -4.205 9.461 -12.163 -4.4 9.409 -12.124
4 80 -4.4 9.8 -12.124 -4.4 9.409 -12.124 -4.596 9.461 -12.086 -4.739 9.605 -12.057
4 2 -4.061 9.996 -12.192 -4.016 10.085 -12.201 -3.825 9.957 -12.239 -4.009 9.8 -12.202
4 2 -4.884 9.416 -12.028 -4.975 9.57 -12.01 -4.791 9.8 -12.047 -4.739 9.605 -12.057
4 2 -4.188 10.5 -12.167 -4.143 10.275 -12.176 -4.205 10.139 -12.163 -4.4 10.191 -12.124
4 2 -4.205 10.139 -12.163 -4.143 10.275 -12.176 -4.016 10.085 -12.201 -4.061 9.996 -12.192
4 0 -2.416 9.316 -12.519 -1.5 9.9 -12.702 -1.39 9.08 -12.723 -2 8.6 -12.602
4 0 -2.416 9.316 -12.519 -2 8.6 -12.602 -3 8 -12.403 -3.3 9 -12.343
4 0 -4.141 8.853 -12.176 -3 8 -12.403 -4.1 8.3 -12.184 -4.4 8.4 -12.124
4 0 -4.9 8.8 -12.025 -4.141 8.853 -12.176 -4.4 8.4 -12.124 -4.9 8.3 -12.025
4 0 -4.9 8.8 -12.025 -4.9 8.3 -12.025 -4.975 8.292 -12.01 -4.975 8.788 -12.01
4 0 -4.975 7.754 -12.01 -4.4 8 -12.124 -4.3 7.5 -12.144 -4.975 7.373 -12.01
4 0 -3 8 -12.403 -4.3 7.5 -12.144 -4.4 8 -12.124 -4.1 8.3 -12.184
4 2 -3.3 9 -12.343 -4.141 8.853 -12.176 -3.6 9.912 -12.284 -3.375 9.957 -12.328
4 80 -4.975 8.292 -12.01 -4.9 8.3 -12.025 -4.4 8 -12.124 -4.975 7.754 -12.01
4 80 -4.4 8 -12.124 -4.9 8.3 -12.025 -4.4 8.4 -12.124 -4.1 8.3 -12.184
4 0 -3.4 16.3 -12.323 -3.9 16.3 -12.224 -3.4 16.8 -12.323 -2 16.8 -12.602
4 0 -3.9 16.3 -12.224 -3.4 16.3 -12.323 -3.4 15.8 -12.323 -4.975 15.8 -12.01
4 0 -1.5 16.6 -12.702 -1.5 16.3 -12.702 -3.4 16.3 -12.323 -2 16.8 -12.602
4 80 -2 16.8 -12.602 -3.4 16.8 -12.323 -3.4 17 -12.323 -2 17 -12.602
4 0 -4.9 4 -12.025 -4.975 5.1 -12.01 -4.6 5.7 -12.085 -4.4 4.6 -12.124
4 0 -4.1 5.7 -12.184 -4.4 4.6 -12.124 -4.6 5.7 -12.085 -4.3 6.1 -12.144
4 0 -4.4 4.6 -12.124 -4.1 5.7 -12.184 -3.8 4.9 -12.244 -4 4 -12.204
4 0 -3.4 4.3 -12.323 -3.475 4 -12.308 -4 4 -12.204 -3.8 4.9 -12.244
4 0 -.7 5.3 -12.861 -1 4.7 -12.801 -1.5 4.8 -12.702 -1.3 5.4 -12.741
4 0 -.3 6 -12.94 -.7 5.3 -12.861 -1.3 5.4 -12.741 -1 5.9 -12.801
4 0 -1 5.9 -12.801 -.6 6.4 -12.881 0 6.24 -13 -.3 6 -12.94
4 0 -.2 6.8 -12.96 -.338 7.926 -12.933 0 7.488 -13 0 6.24 -13
4 80 -3.9 16.3 -12.224 -4.721 16.886 -12.06 -4.666 17 -12.071 -3.9 17 -12.224
4 80 -4.941 16.682 -12.017 -4.721 16.886 -12.06 -3.9 16.3 -12.224 -4.975 16.266 -12.01
4 16 -1.5 16.6 -12.702 0 16.6 -13 0 13.861 -13 -1.5 16.3 -12.702
4 16 -2.959 12.047 -12.411 -3.4 15.8 -12.323 -.851 12.77 -12.831 -2.416 11.684 -12.519
4 16 -2.416 11.684 -12.519 -.851 12.77 -12.831 -1.365 11.53 -12.728 -2.053 11.141 -12.591
4 16 -1.926 10.5 -12.617 -2.053 11.141 -12.591 -1.365 11.53 -12.728 -1.54 10.2 -12.694
4 16 -2.053 9.859 -12.591 -1.926 10.5 -12.617 -1.54 10.2 -12.694 -1.5 9.9 -12.702
4 16 -3.4 15.8 -12.323 -3.6 12.174 -12.284 -4.241 12.047 -12.156 -4.975 15.8 -12.01
4 16 -4.884 9.416 -12.028 -4.9 8.8 -12.025 -4.975 8.788 -12.01 -4.975 9.57 -12.01
4 16 -4.1 5.7 -12.184 -4.3 6.1 -12.144 -3 8 -12.403 -2 8.6 -12.602
4 16 -1.3 5.4 -12.741 -4.1 5.7 -12.184 -2 8.6 -12.602 -1 5.9 -12.801
4 16 -.851 7.63 -12.831 -1 5.9 -12.801 -2 8.6 -12.602 -1.365 8.87 -12.728
4 16 -4.1 5.7 -12.184 -1.3 5.4 -12.741 -1.5 4.8 -12.702 -3.8 4.9 -12.244
4 16 -3.4 4.3 -12.323 -3.8 4.9 -12.244 -1.5 4.8 -12.702 -1.74 4 -12.654
4 2 0 4 -13 -1.156 4 -12.77 -1 4.7 -12.801 -.7 5.3 -12.861
4 2 0 4 -13 -.7 5.3 -12.861 -.3 6 -12.94 0 6.24 -13
4 2 -4.739 9.996 -12.057 -4.791 9.8 -12.047 -4.975 9.57 -12.01 -4.975 11.397 -12.01
4 2 -4.188 10.5 -12.167 -4.596 10.139 -12.086 -4.975 11.397 -12.01 -4.143 10.725 -12.176
4 2 -4.016 10.916 -12.201 -4.143 10.725 -12.176 -4.975 11.397 -12.01 -4.784 11.684 -12.048
4 0 0 12.914 -13 -.338 12.474 -12.933 -.851 12.77 -12.831 0 13.861 -13
4 0 -3.4 16.8 -12.323 -3.9 16.3 -12.224 -3.9 17 -12.224 -3.4 17 -12.323
4 0 -1.5 16.6 -12.702 -2 16.8 -12.602 -2 17 -12.602 0 17 -13
4 134 -.338 12.474 -12.933 0 12.914 -13 -.338 7.926 -12.933 -.792 9.023 -12.842
4 134 -.792 11.377 -12.842 -.338 12.474 -12.933 -.792 9.023 -12.842 -.947 10.2 -12.811
4 16 -.851 12.77 -12.831 -3.4 15.8 -12.323 -3.4 16.3 -12.323 -1.5 16.3 -12.702
4 16 -4.6 5.7 -12.085 -4.975 5.1 -12.01 -4.975 7.373 -12.01 -4.3 7.5 -12.144
4 0 -4.975 8.292 -12.01 -5.8 8.2 -11.459 -6.2 8.6 -11.192 -4.975 8.788 -12.01
4 0 -6.2 8.6 -11.192 -5.8 8.2 -11.459 -6.6 8.2 -10.924 -7.7 8.8 -10.19
4 0 -7.7 8.8 -10.19 -6.6 8.2 -10.924 -7.3 8.3 -10.457 -8.8 9.3 -9.455
4 0 -7.7 7.4 -10.19 -8.8 9.3 -9.455 -7.3 8.3 -10.457 -7.3 7.9 -10.457
4 0 -7.3 7.3 -10.457 -7.7 7.4 -10.19 -7.3 7.9 -10.457 -6.5 7.6 -10.991
4 0 -5.9 7.2 -11.392 -7.3 7.3 -10.457 -6.5 7.6 -10.991 -5.1 7.7 -11.926
4 80 -6.5 7.6 -10.991 -7.3 7.9 -10.457 -7.3 8.3 -10.457 -6.6 8.2 -10.924
4 80 -6.5 7.6 -10.991 -6.6 8.2 -10.924 -5.8 8.2 -11.459 -5.1 7.7 -11.926
4 80 -5.1 7.7 -11.926 -5.8 8.2 -11.459 -4.975 8.292 -12.01 -4.975 7.754 -12.01
4 0 -7.1 16.2 -10.59 -6.8 15.8 -10.791 -7.6 15.7 -10.256 -7.9 16 -10.056
4 0 -7.9 16 -10.056 -7.6 15.7 -10.256 -8.2 15.3 -9.856 -8.5 15.5 -9.655
4 0 -8.5 15.5 -9.655 -8.2 15.3 -9.856 -8.6 14.8 -9.588 -8.9 15 -9.388
4 0 -8.9 15 -9.388 -8.6 14.8 -9.588 -8.8 14.4 -9.455 -9.1 14.6 -9.254
4 0 -9.1 7.4 -9.254 -8.8 9.3 -9.455 -7.7 7.4 -10.19 -8.4 6.9 -9.722
4 0 -9.193 7.4 -9.193 -9.1 7.4 -9.254 -8.4 6.9 -9.722 -9.193 6.9 -9.193
4 0 -8.4 6.9 -9.722 -7.7 7.4 -10.19 -8.2 6.3 -9.856 -8.7 6.4 -9.522
4 0 -8.7 6.4 -9.522 -8.2 6.3 -9.856 -8.3 5.7 -9.789 -8.8 5.6 -9.455
4 0 -8.7 4.7 -9.522 -8.8 5.6 -9.455 -8.3 5.7 -9.789 -8.2 4.6 -9.856
4 0 -8.5 4 -9.655 -8.7 4.7 -9.522 -8.2 4.6 -9.856 -7.9 4.1 -10.056
4 80 -7.1 16.2 -10.59 -5.459 16.682 -11.687 -5.2 16.611 -11.86 -4.975 16.266 -12.01
4 80 -7.071 16.886 -10.61 -6.605 17 -10.921 -5.734 17 -11.503 -7.1 16.2 -10.59
4 80 -8.029 16.886 -9.97 -7.809 16.682 -10.117 -7.9 16 -10.056 -8.5 15.5 -9.655
4 80 -7.9 16 -10.056 -7.55 16.611 -10.29 -7.291 16.682 -10.463 -7.1 16.2 -10.59
4 16 -8.6 14.8 -9.588 -8.2 15.3 -9.856 -7.6 15.7 -10.256 -4.975 11.397 -12.01
4 16 -8.8 13.6 -9.455 -8.8 14.4 -9.455 -8.6 14.8 -9.588 -4.975 11.397 -12.01
4 16 -8.8 13.6 -9.455 -5.147 11.141 -11.895 -5.274 10.5 -11.81 -8.8 9.3 -9.455
4 16 -8.8 9.3 -9.455 -5.274 10.5 -11.81 -5.147 9.859 -11.895 -7.7 8.8 -10.19
4 16 -7.7 8.8 -10.19 -5.147 9.859 -11.895 -4.975 9.57 -12.01 -6.2 8.6 -11.192
4 16 -8.2 6.3 -9.856 -7.3 7.3 -10.457 -5.9 7.2 -11.392 -8.2 4.6 -9.856
4 2 -9.193 6.9 -9.193 -8.7 6.4 -9.522 -8.8 5.6 -9.455 -9.192 4 -9.193
4 2 -4.975 9.57 -12.01 -5.147 9.859 -11.895 -5.274 10.5 -11.81 -5.147 11.141 -11.895
4 0 -9.1 14.6 -9.254 -8.8 13.6 -9.455 -8.8 9.3 -9.455 -9.1 7.4 -9.254
4 0 -6.8 15.8 -10.791 -7.1 16.2 -10.59 -4.975 16.266 -12.01 -4.975 15.8 -12.01
4 0 -8.029 16.886 -9.97 -8.084 17 -9.933 -7.016 17 -10.646 -7.071 16.886 -10.61
4 0 -7.809 16.682 -10.117 -8.029 16.886 -9.97 -7.071 16.886 -10.61 -7.291 16.682 -10.463
4 0 -4.975 16.673 -12.01 -5.2 16.611 -11.86 -5.459 16.682 -11.687 -5.679 16.886 -11.54
4 0 -4.975 17 -12.01 -4.975 16.673 -12.01 -5.679 16.886 -11.54 -5.734 17 -11.503
4 80 -9.193 7.4 -9.193 -9.193 17 -9.192 -9.1 14.6 -9.254 -9.1 7.4 -9.254
4 16 -4.975 11.397 -12.01 -7.6 15.7 -10.256 -6.8 15.8 -10.791 -4.975 15.8 -12.01
4 16 -5.6 4.2 -11.592 -7.7 4 -10.19 -7.9 4.1 -10.056 -8.2 4.6 -9.856
4 16 -4.975 5.1 -12.01 -5.6 4.2 -11.592 -8.2 4.6 -9.856 -4.975 7.373 -12.01
4 0 -11 9.4 -6.487 -11.2 4 -6.187 -11.2 15.3 -6.187 -11 15.3 -6.487
4 0 -11 15.3 -6.487 -11.2 15.3 -6.187 -10.9 16.6 -6.637 -10.7 16.3 -6.936
4 0 -10.7 16.3 -6.936 -10.9 16.6 -6.637 -10.667 17 -6.986 -10.318 17 -7.507
4 0 -10.6 9.5 -7.086 -11 8.7 -6.487 -11 9.4 -6.487 -10.7 9.9 -6.936
4 0 -10.2 9.8 -7.684 -10.6 9.5 -7.086 -10.7 9.9 -6.936 -10.3 10.2 -7.535
4 0 -10.2 9.8 -7.684 -10.3 10.2 -7.535 -9.9 10.3 -8.133 -10.1 9.8 -7.834
4 0 -10.1 9.8 -7.834 -9.9 10.3 -8.133 -9.8 10.3 -8.283 -10.1 8.1 -7.834
4 0 -10.1 8.1 -7.834 -9.8 10.3 -8.283 -9.8 8.1 -8.283 -10 6.9 -7.984
4 0 -10 6.9 -7.984 -9.7 7.4 -8.433 -9.193 7.4 -9.193 -9.193 6.9 -9.193
4 0 -9.383 12.91 -8.907 -9.573 13.019 -8.623 -9.554 13.15 -8.652 -9.349 13.15 -8.958
4 0 -9.349 13.15 -8.958 -9.554 13.15 -8.652 -9.573 13.281 -8.623 -9.383 13.39 -8.907
4 0 -9.383 13.39 -8.907 -9.573 13.281 -8.623 -9.626 13.392 -8.544 -9.481 13.593 -8.761
4 0 -9.481 13.593 -8.761 -9.626 13.392 -8.544 -9.706 13.466 -8.424 -9.627 13.728 -8.541
4 0 -9.627 13.728 -8.541 -9.706 13.466 -8.424 -9.8 13.492 -8.283 -9.8 13.776 -8.283
4 0 -9.8 12.524 -8.283 -9.8 12.808 -8.283 -9.706 12.834 -8.424 -9.627 12.572 -8.541
4 0 -9.627 12.572 -8.541 -9.706 12.834 -8.424 -9.626 12.908 -8.544 -9.481 12.707 -8.761
4 0 -9.481 12.707 -8.761 -9.626 12.908 -8.544 -9.573 13.019 -8.623 -9.383 12.91 -8.907
4 0 -10.3 13.776 -7.535 -10.3 13.492 -7.535 -10.394 13.466 -7.394 -10.473 13.728 -7.276
4 0 -10.473 13.728 -7.276 -10.394 13.466 -7.394 -10.474 13.392 -7.274 -10.619 13.593 -7.057
4 0 -10.619 13.593 -7.057 -10.474 13.392 -7.274 -10.527 13.281 -7.194 -10.717 13.39 -6.911
4 0 -10.717 13.39 -6.911 -10.527 13.281 -7.194 -10.546 13.15 -7.166 -10.751 13.15 -6.86
4 0 -10.751 13.15 -6.86 -10.546 13.15 -7.166 -10.527 13.019 -7.194 -10.717 12.91 -6.911
4 0 -10.717 12.91 -6.911 -10.527 13.019 -7.194 -10.474 12.908 -7.274 -10.619 12.707 -7.057
4 0 -10.619 12.707 -7.057 -10.474 12.908 -7.274 -10.394 12.834 -7.394 -10.473 12.572 -7.276
4 0 -10.473 12.572 -7.276 -10.394 12.834 -7.394 -10.3 12.808 -7.535 -10.3 12.524 -7.535
4 0 -9.8 12.524 -8.283 -10.3 12.524 -7.535 -10.3 12.808 -7.535 -9.8 12.808 -8.283
4 0 -9.8 13.492 -8.283 -10.3 13.492 -7.535 -10.3 13.776 -7.535 -9.8 13.776 -8.283
4 0 -9.383 11.11 -8.907 -9.573 11.219 -8.623 -9.554 11.35 -8.652 -9.349 11.35 -8.958
4 0 -9.349 11.35 -8.958 -9.554 11.35 -8.652 -9.573 11.481 -8.623 -9.383 11.59 -8.907
4 0 -9.383 11.59 -8.907 -9.573 11.481 -8.623 -9.626 11.592 -8.544 -9.481 11.793 -8.761
4 0 -9.481 11.793 -8.761 -9.626 11.592 -8.544 -9.706 11.666 -8.424 -9.627 11.928 -8.541
4 0 -9.627 11.928 -8.541 -9.706 11.666 -8.424 -9.8 11.692 -8.283 -9.8 11.976 -8.283
4 0 -9.8 10.724 -8.283 -9.8 11.008 -8.283 -9.706 11.034 -8.424 -9.627 10.772 -8.541
4 0 -9.627 10.772 -8.541 -9.706 11.034 -8.424 -9.626 11.108 -8.544 -9.481 10.907 -8.761
4 0 -9.481 10.907 -8.761 -9.626 11.108 -8.544 -9.573 11.219 -8.623 -9.383 11.11 -8.907
4 0 -10.3 11.976 -7.535 -10.3 11.692 -7.535 -10.394 11.666 -7.394 -10.473 11.928 -7.276
4 0 -10.473 11.928 -7.276 -10.394 11.666 -7.394 -10.474 11.592 -7.274 -10.619 11.793 -7.057
4 0 -10.619 11.793 -7.057 -10.474 11.592 -7.274 -10.527 11.481 -7.194 -10.717 11.59 -6.911
4 0 -10.717 11.59 -6.911 -10.527 11.481 -7.194 -10.546 11.35 -7.166 -10.751 11.35 -6.86
4 0 -10.751 11.35 -6.86 -10.546 11.35 -7.166 -10.527 11.219 -7.194 -10.717 11.11 -6.911
4 0 -10.717 11.11 -6.911 -10.527 11.219 -7.194 -10.474 11.108 -7.274 -10.619 10.907 -7.057
4 0 -10.619 10.907 -7.057 -10.474 11.108 -7.274 -10.394 11.034 -7.394 -10.473 10.772 -7.276
4 0 -10.473 10.772 -7.276 -10.394 11.034 -7.394 -10.3 11.008 -7.535 -10.3 10.724 -7.535
4 0 -9.8 10.724 -8.283 -10.3 10.724 -7.535 -10.3 11.008 -7.535 -9.8 11.008 -8.283
4 0 -9.8 11.692 -8.283 -10.3 11.692 -7.535 -10.3 11.976 -7.535 -9.8 11.976 -8.283
4 0 -9.383 14.71 -8.907 -9.573 14.819 -8.623 -9.554 14.95 -8.652 -9.349 14.95 -8.958
4 0 -9.349 14.95 -8.958 -9.554 14.95 -8.652 -9.573 15.081 -8.623 -9.383 15.19 -8.907
4 0 -9.383 15.19 -8.907 -9.573 15.081 -8.623 -9.626 15.192 -8.544 -9.481 15.393 -8.761
4 0 -9.481 15.393 -8.761 -9.626 15.192 -8.544 -9.706 15.266 -8.424 -9.627 15.528 -8.541
4 0 -9.627 15.528 -8.541 -9.706 15.266 -8.424 -9.8 15.292 -8.283 -9.8 15.576 -8.283
4 0 -9.8 14.324 -8.283 -9.8 14.608 -8.283 -9.706 14.634 -8.424 -9.627 14.372 -8.541
4 0 -9.627 14.372 -8.541 -9.706 14.634 -8.424 -9.626 14.708 -8.544 -9.481 14.507 -8.761
4 0 -9.481 14.507 -8.761 -9.626 14.708 -8.544 -9.573 14.819 -8.623 -9.383 14.71 -8.907
4 0 -10.3 15.576 -7.535 -10.3 15.292 -7.535 -10.394 15.266 -7.394 -10.473 15.528 -7.276
4 0 -10.473 15.528 -7.276 -10.394 15.266 -7.394 -10.474 15.192 -7.274 -10.619 15.393 -7.057
4 0 -10.619 15.393 -7.057 -10.474 15.192 -7.274 -10.527 15.081 -7.194 -10.717 15.19 -6.911
4 0 -10.717 15.19 -6.911 -10.527 15.081 -7.194 -10.546 14.95 -7.166 -10.751 14.95 -6.86
4 0 -10.751 14.95 -6.86 -10.546 14.95 -7.166 -10.527 14.819 -7.194 -10.717 14.71 -6.911
4 0 -10.717 14.71 -6.911 -10.527 14.819 -7.194 -10.474 14.708 -7.274 -10.619 14.507 -7.057
4 0 -10.619 14.507 -7.057 -10.474 14.708 -7.274 -10.394 14.634 -7.394 -10.473 14.372 -7.276
4 0 -10.473 14.372 -7.276 -10.394 14.634 -7.394 -10.3 14.608 -7.535 -10.3 14.324 -7.535
4 0 -9.8 14.324 -8.283 -10.3 14.324 -7.535 -10.3 14.608 -7.535 -9.8 14.608 -8.283
4 0 -9.8 15.292 -8.283 -10.3 15.292 -7.535 -10.3 15.576 -7.535 -9.8 15.576 -8.283
4 2 -10 6.9 -7.984 -11 4 -6.487 -11 8.7 -6.487 -10.1 8.1 -7.834
4 2 -10.1 8.1 -7.834 -11 8.7 -6.487 -10.6 9.5 -7.086 -10.2 9.8 -7.684
4 80 -9.8 15.576 -8.283 -10.3 15.576 -7.535 -10.7 16.3 -6.936 -9.193 17 -9.192
4 80 -10.7 16.3 -6.936 -10.473 15.528 -7.276 -10.619 15.393 -7.057 -11 15.3 -6.487
4 80 -11 15.3 -6.487 -10.751 14.95 -6.86 -10.751 13.15 -6.86 -11 9.4 -6.487
4 80 -10.751 11.35 -6.86 -11 9.4 -6.487 -10.751 13.15 -6.86 -10.717 12.91 -6.911
4 80 -9.481 14.507 -8.761 -9.481 13.593 -8.761 -9.627 13.728 -8.541 -9.627 14.372 -8.541
4 80 -9.627 14.372 -8.541 -9.627 13.728 -8.541 -9.8 13.776 -8.283 -9.8 14.324 -8.283
4 80 -10.3 14.324 -7.535 -9.8 14.324 -8.283 -9.8 13.776 -8.283 -10.3 13.776 -7.535
4 80 -10.473 14.372 -7.276 -10.3 14.324 -7.535 -10.3 13.776 -7.535 -10.473 13.728 -7.276
4 80 -10.619 14.507 -7.057 -10.473 14.372 -7.276 -10.473 13.728 -7.276 -10.619 13.593 -7.057
4 80 -10.717 14.71 -6.911 -10.619 14.507 -7.057 -10.619 13.593 -7.057 -10.717 13.39 -6.911
4 80 -10.751 14.95 -6.86 -10.717 14.71 -6.911 -10.717 13.39 -6.911 -10.751 13.15 -6.86
4 80 -9.383 12.91 -8.907 -9.349 13.15 -8.958 -9.349 11.35 -8.958 -9.383 11.59 -8.907
4 80 -9.383 12.91 -8.907 -9.383 11.59 -8.907 -9.481 11.793 -8.761 -9.481 12.707 -8.761
4 80 -9.481 12.707 -8.761 -9.481 11.793 -8.761 -9.627 11.928 -8.541 -9.627 12.572 -8.541
4 80 -9.627 12.572 -8.541 -9.627 11.928 -8.541 -9.8 11.976 -8.283 -9.8 12.524 -8.283
4 80 -10.3 12.524 -7.535 -9.8 12.524 -8.283 -9.8 11.976 -8.283 -10.3 11.976 -7.535
4 80 -10.3 12.524 -7.535 -10.3 11.976 -7.535 -10.473 11.928 -7.276 -10.473 12.572 -7.276
4 80 -10.473 12.572 -7.276 -10.473 11.928 -7.276 -10.619 11.793 -7.057 -10.619 12.707 -7.057
4 80 -10.619 12.707 -7.057 -10.619 11.793 -7.057 -10.717 11.59 -6.911 -10.717 12.91 -6.911
4 80 -11 9.4 -6.487 -10.751 11.35 -6.86 -10.717 11.11 -6.911 -10.7 9.9 -6.936
4 80 -10.7 9.9 -6.936 -10.473 10.772 -7.276 -10.3 10.724 -7.535 -10.3 10.2 -7.535
4 80 -9.9 10.3 -8.133 -10.3 10.2 -7.535 -10.3 10.724 -7.535 -9.8 10.724 -8.283
4 80 -9.8 10.3 -8.283 -9.9 10.3 -8.133 -9.8 10.724 -8.283 -9.627 10.772 -8.541
4 80 -9.8 10.3 -8.283 -9.627 10.772 -8.541 -9.481 10.907 -8.761 -9.193 7.4 -9.193
4 80 -9.7 7.4 -8.433 -9.8 8.1 -8.283 -9.8 10.3 -8.283 -9.193 7.4 -9.193
4 16 -11.2 15.3 -6.187 -11.2 4 -6.187 -12.01 4 -4.975 -12.01 17 -4.974
4 2 -11 4 -6.487 -10 6.9 -7.984 -9.193 6.9 -9.193 -9.192 4 -9.193
4 134 -9.8 12.808 -8.283 -10.3 12.808 -7.535 -10.3 13.492 -7.535 -9.8 13.492 -8.283
4 134 -9.8 12.808 -8.283 -9.8 13.492 -8.283 -9.706 13.466 -8.424 -9.706 12.834 -8.424
4 134 -9.706 12.834 -8.424 -9.706 13.466 -8.424 -9.626 13.392 -8.544 -9.626 12.908 -8.544
4 134 -9.626 12.908 -8.544 -9.626 13.392 -8.544 -9.573 13.281 -8.623 -9.573 13.019 -8.623
4 134 -10.394 12.834 -7.394 -10.394 13.466 -7.394 -10.3 13.492 -7.535 -10.3 12.808 -7.535
4 134 -10.474 12.908 -7.274 -10.474 13.392 -7.274 -10.394 13.466 -7.394 -10.394 12.834 -7.394
4 134 -10.527 13.019 -7.194 -10.527 13.281 -7.194 -10.474 13.392 -7.274 -10.474 12.908 -7.274
4 80 -9.8 11.008 -8.283 -10.3 11.008 -7.535 -10.3 11.692 -7.535 -9.8 11.692 -8.283
4 80 -10.394 11.034 -7.394 -10.394 11.666 -7.394 -10.3 11.692 -7.535 -10.3 11.008 -7.535
4 80 -10.474 11.108 -7.274 -10.474 11.592 -7.274 -10.394 11.666 -7.394 -10.394 11.034 -7.394
4 80 -10.527 11.219 -7.194 -10.527 11.481 -7.194 -10.474 11.592 -7.274 -10.474 11.108 -7.274
4 80 -9.8 11.008 -8.283 -9.8 11.692 -8.283 -9.706 11.666 -8.424 -9.706 11.034 -8.424
4 80 -9.706 11.034 -8.424 -9.706 11.666 -8.424 -9.626 11.592 -8.544 -9.626 11.108 -8.544
4 80 -9.626 11.108 -8.544 -9.626 11.592 -8.544 -9.573 11.481 -8.623 -9.573 11.219 -8.623
4 80 -9.8 14.608 -8.283 -10.3 14.608 -7.535 -10.3 15.292 -7.535 -9.8 15.292 -8.283
4 80 -10.394 14.634 -7.394 -10.394 15.266 -7.394 -10.3 15.292 -7.535 -10.3 14.608 -7.535
4 80 -10.474 14.708 -7.274 -10.474 15.192 -7.274 -10.394 15.266 -7.394 -10.394 14.634 -7.394
4 80 -10.527 14.819 -7.194 -10.527 15.081 -7.194 -10.474 15.192 -7.274 -10.474 14.708 -7.274
4 80 -9.8 14.608 -8.283 -9.8 15.292 -8.283 -9.706 15.266 -8.424 -9.706 14.634 -8.424
4 80 -9.706 14.634 -8.424 -9.706 15.266 -8.424 -9.626 15.192 -8.544 -9.626 14.708 -8.544
4 80 -9.626 14.708 -8.544 -9.626 15.192 -8.544 -9.573 15.081 -8.623 -9.573 14.819 -8.623
4 80 -9.193 7.4 -9.193 -9.349 11.35 -8.958 -9.349 13.15 -8.958 -9.193 17 -9.192
4 80 -9.349 14.95 -8.958 -9.193 17 -9.192 -9.349 13.15 -8.958 -9.383 13.39 -8.907
4 80 -9.383 14.71 -8.907 -9.349 14.95 -8.958 -9.383 13.39 -8.907 -9.481 13.593 -8.761
4 16 -12.01 4 -4.975 -13 4 0 -13 17 0 -12.01 17 -4.974
4 16 -3.062 0 -7.391 -3.794 .305 -9.159 0 .305 -9.914 0 0 -8
4 16 0 1.172 -11.535 0 .305 -9.914 -3.794 .305 -9.159 -4.414 1.172 -10.658
4 0 0 1.172 -11.535 -4.414 1.172 -10.658 -4.551 1.6 -10.988 0 1.6 -11.893
4 0 -3.6 3.5 -12.159 -3.475 4 -12.308 -3.16 4 -12.371 -3.1 3 -12.135
4 0 -3.1 3 -12.135 -3 3.8 -12.353 -2.5 3.4 -12.353 -2.5 2.7 -12.179
4 0 -2.5 2.7 -12.179 -2.5 3.4 -12.353 -2.2 3.4 -12.413 -2 2.8 -12.304
4 0 -2 2.8 -12.304 -2.2 3.4 -12.413 -1.9 3.6 -12.522 -1.6 3.1 -12.458
4 2 -4.969 3.931 -11.994 -4.9 4 -12.025 -4 4 -12.204 -4.83 2.469 -11.659
4 16 -1.74 4 -12.654 -1.9 3.6 -12.522 -3 3.8 -12.353 -3.16 4 -12.371
4 16 -3 3.8 -12.353 -1.9 3.6 -12.522 -2.2 3.4 -12.413 -2.5 3.4 -12.353
4 2 0 2.469 -12.619 -1.2 3.8 -12.711 -1.156 4 -12.77 0 4 -13
4 0 -1.2 3.8 -12.711 -1.6 3.1 -12.458 -1.9 3.6 -12.522 -1.74 4 -12.654
4 16 -5.657 0 -5.657 -7.01 .305 -7.01 -3.794 .305 -9.159 -3.062 0 -7.391
4 16 -4.414 1.172 -10.658 -3.794 .305 -9.159 -7.01 .305 -7.01 -8.157 1.172 -8.157
4 0 -8.157 1.172 -8.157 -8.2 1.6 -8.55 -4.551 1.6 -10.988 -4.414 1.172 -10.658
4 2 -8.2 1.6 -8.55 -8.457 1.68 -8.457 -8.923 2.469 -8.923 -4.83 2.469 -11.659
4 0 -7.3 3.8 -10.398 -8 3.4 -9.813 -8.5 4 -9.655 -7.7 4 -10.19
4 0 -7.3 3.1 -10.193 -8 3.4 -9.813 -7.3 3.8 -10.398 -6.6 3.7 -10.837
4 0 -6.5 3 -10.699 -7.3 3.1 -10.193 -6.6 3.7 -10.837 -6 3.8 -11.267
4 2 -8.923 2.469 -8.923 -7.3 3.1 -10.193 -6.5 3 -10.699 -4.83 2.469 -11.659
4 0 -5.8 3.2 -11.225 -6.5 3 -10.699 -6 3.8 -11.267 -5.4 3.5 -11.58
4 0 -5.4 3.5 -11.58 -6 3.8 -11.267 -5.8 4 -11.459 -4.975 4 -12.01
4 16 -6 3.8 -11.267 -6.6 3.7 -10.837 -7.3 3.8 -10.398 -5.8 4 -11.459
4 16 -7.01 .305 -7.01 -5.657 0 -5.657 -7.391 0 -3.062 -9.159 .305 -3.794
4 16 -8.157 1.172 -8.157 -7.01 .305 -7.01 -9.159 .305 -3.794 -10.658 1.172 -4.414
4 0 -9.8 2.1 -7.067 -8.457 1.68 -8.457 -8.157 1.172 -8.157 -10.1 1.9 -6.323
4 0 -9.8 2.1 -7.067 -10.1 1.9 -6.323 -10.543 2.469 -6.5 -10.169 2.469 -7.059
4 16 -10.1 1.9 -6.323 -8.157 1.172 -8.157 -10.658 1.172 -4.414 -11.659 2.469 -4.83
4 2 -9.8 2.1 -7.067 -10.169 2.469 -7.059 -8.923 2.469 -8.923 -8.457 1.68 -8.457
4 0 -10.543 2.469 -6.5 -10.8 2.8 -6.26 -10.6 2.9 -6.604 -10.169 2.469 -7.059
4 0 -10.6 2.9 -6.604 -10.8 2.8 -6.26 -11.2 4 -6.187 -11 4 -6.487
4 16 -10.8 2.8 -6.26 -10.543 2.469 -6.5 -11.659 2.469 -4.83 -12.01 4 -4.975
4 2 -8.923 2.469 -8.923 -10.169 2.469 -7.059 -10.6 2.9 -6.604 -11 4 -6.487
4 16 -8 0 0 -9.914 .305 0 -9.159 .305 -3.794 -7.391 0 -3.062
4 16 -10.658 1.172 -4.414 -9.159 .305 -3.794 -9.914 .305 0 -11.535 1.172 .002
4 16 -11.535 1.172 .002 -12.619 2.469 0 -11.659 2.469 -4.83 -10.658 1.172 -4.414
4 16 -11.659 2.469 -4.83 -12.619 2.469 0 -13 4 0 -12.01 4 -4.975
4 16 7.391 0 -3.062 9.159 .305 -3.794 9.914 .305 0 8 0 0
4 16 9.914 .305 0 9.159 .305 -3.794 10.658 1.172 -4.414 11.536 1.172 .005
4 16 11.536 1.172 .005 10.658 1.172 -4.414 11.659 2.469 -4.83 12.619 2.469 0
4 16 12.619 2.469 0 11.659 2.469 -4.83 12.01 4 -4.975 13 4 0
4 16 7.391 0 -3.062 5.657 0 -5.657 7.01 .305 -7.01 9.159 .305 -3.794
4 16 8.157 1.172 -8.157 10.658 1.172 -4.414 9.159 .305 -3.794 7.01 .305 -7.01
4 0 8.157 1.172 -8.157 8.41 1.6 -8.41 9 1.6 -7.527 9.95 1.4 -5.81
4 0 9.95 1.4 -5.81 9 1.6 -7.527 10.2 2 -6.321 10.9 1.9 -5.126
4 16 10.9 1.9 -5.126 11.201 2.469 -5.515 11.659 2.469 -4.83 10.658 1.172 -4.414
4 2 9 1.6 -7.527 8.41 1.6 -8.41 8.923 2.469 -8.923 10.2 2 -6.321
4 0 10.9 1.9 -5.126 10.2 2 -6.321 10.825 2.469 -6.077 11.201 2.469 -5.515
4 0 9.8 3.9 -8.239 9.2 2.9 -8.698 8.988 2.839 -8.988 9.2 3.4 -8.918
4 2 9.2 2.9 -8.698 10 3.6 -7.809 11 2.6 -5.873 8.923 2.469 -8.923
4 80 9.8 3.9 -8.239 9.2 3.4 -8.918 9.329 3.933 -8.959 9.404 4 -8.876
4 2 11 2.6 -5.873 10 3.6 -7.809 10.286 4 -7.556 11.8 4 -5.289
4 0 11.201 2.469 -5.515 11 2.6 -5.873 11.8 4 -5.289 12.01 4 -4.975
4 0 10 3.6 -7.809 9.2 2.9 -8.698 9.8 3.9 -8.239 9.88 4 -8.163
4 0 9.329 3.933 -8.959 9.172 3.884 -9.172 9.192 4 -9.193 9.404 4 -8.876
4 80 9.079 3.355 -9.079 9.172 3.884 -9.172 9.329 3.933 -8.959 9.2 3.4 -8.918
4 16 3.062 0 -7.391 3.794 .305 -9.159 7.01 .305 -7.01 5.657 0 -5.657
4 16 4.414 1.172 -10.658 8.157 1.172 -8.157 7.01 .305 -7.01 3.794 .305 -9.159
4 0 4.551 1.6 -10.988 8.41 1.6 -8.41 8.157 1.172 -8.157 4.414 1.172 -10.658
4 0 6.1 3.3 -11.054 4.9 3.2 -11.826 5.944 4 -11.362 6.3 4 -11.125
4 0 7.1 3.1 -10.327 8.4 3.1 -9.458 7.2 2.6 -10.113 6.2 2.8 -10.84
4 0 6.1 3.3 -11.054 7.1 3.1 -10.327 6.2 2.8 -10.84 5.6 3 -11.3
4 0 5.2 2.7 -11.479 4.835 2.517 -11.67 4.9 3.2 -11.826 5.6 3 -11.3
4 80 7.1 3.1 -10.327 6.1 3.3 -11.054 6.3 4 -11.125 8.721 3.933 -9.488
4 2 4.83 2.469 -11.659 4.835 2.517 -11.67 5.2 2.7 -11.479 6.2 2.8 -10.84
4 0 8.5 2.7 -9.274 7.2 2.6 -10.113 8.4 3.1 -9.458 8.988 2.839 -8.988
4 0 8.721 3.933 -9.488 8.646 4 -9.557 9.192 4 -9.193 9.05 3.845 -9.242
4 80 8.4 3.1 -9.458 7.1 3.1 -10.327 8.721 3.933 -9.488 9.05 3.845 -9.242
4 80 8.4 3.1 -9.458 9.05 3.845 -9.242 9.172 3.884 -9.172 9.079 3.355 -9.079
4 16 0 0 -8 0 .305 -9.914 3.794 .305 -9.159 3.062 0 -7.391
4 16 4.414 1.172 -10.658 3.794 .305 -9.159 0 .305 -9.914 0 1.172 -11.535
4 0 4.414 1.172 -10.658 0 1.172 -11.535 0 1.6 -11.893 4.551 1.6 -10.988
4 2 0 1.6 -11.893 2.9 2.3 -11.901 3.5 2.2 -11.699 4.551 1.6 -10.988
4 2 4.551 1.6 -10.988 4.3 2.3 -11.623 4.723 2.469 -11.68 4.83 2.469 -11.659
4 0 3.5 2.2 -11.699 2.9 2.3 -11.901 2.604 2.469 -12.101 4.3 2.3 -11.623
4 0 1.956 4 -12.611 2 3.8 -12.552 1.5 3.8 -12.652 1.443 4 -12.713
4 0 1.7 3.3 -12.488 1.5 3.8 -12.652 2 3.8 -12.552 2.2 3.4 -12.413
4 0 2.2 2.7 -12.239 1.7 3.3 -12.488 2.2 3.4 -12.413 2.5 3.1 -12.279
4 0 2.2 2.7 -12.239 2.5 3.1 -12.279 3 2.8 -12.105 2.604 2.469 -12.101
4 16 2 3.8 -12.552 1.956 4 -12.611 2.491 4 -12.504 2.2 3.4 -12.413
4 16 2.2 3.4 -12.413 2.491 4 -12.504 3.2 3.7 -12.289 2.5 3.1 -12.279
4 16 3 2.8 -12.105 2.5 3.1 -12.279 3.2 3.7 -12.289 3.5 2.7 -11.981
4 16 4.2 2.8 -11.866 3.5 2.7 -11.981 3.2 3.7 -12.289 4.9 3.2 -11.826
4 2 0 4 -13 1.443 4 -12.713 1.5 3.8 -12.652 0 2.469 -12.619
4 0 4.723 2.469 -11.68 4.2 2.8 -11.866 4.9 3.2 -11.826 4.835 2.517 -11.67
4 0 4.975 4 -12.01 4.9 3.2 -11.826 3.2 3.7 -12.289 2.491 4 -12.504
4 16 0 20.695 -9.914 0 21 -8 3.062 21 -7.391 3.794 20.695 -9.159
4 16 0 19.828 -11.535 0 20.695 -9.914 3.794 20.695 -9.159 4.415 19.828 -10.657
4 16 4.83 18.531 -11.659 0 18.531 -12.619 0 19.828 -11.535 4.415 19.828 -10.657
4 0 3.2 17.1 -12.338 2.9 17.9 -12.199 3.8 17.6 -12.095 3.367 17 -12.33
4 0 2.9 17.9 -12.199 3.2 17.1 -12.338 2.8 17.2 -12.393 .5 17.9 -12.677
4 0 .5 17.2 -12.851 .5 17 -12.901 0 17 -13 0 18.317 -12.672
4 0 .5 18 -12.652 .5 17.9 -12.677 0 18.317 -12.672 .3 18.3 -12.617
4 16 .5 17 -12.901 .5 17.2 -12.851 2.8 17.2 -12.393 3.2 17.1 -12.338
4 16 .3 18.3 -12.617 0 18.317 -12.672 0 18.531 -12.619 4.83 18.531 -11.659
4 16 2.9 17.9 -12.199 .5 17.9 -12.677 .5 18 -12.652 4.83 18.531 -11.659
4 16 4.975 17 -12.01 4.475 17 -12.11 3.8 17.6 -12.095 4.83 18.531 -11.659
4 16 3.794 20.695 -9.159 3.062 21 -7.391 5.657 21 -5.657 7.01 20.695 -7.01
4 16 4.415 19.828 -10.657 3.794 20.695 -9.159 7.01 20.695 -7.01 8.157 19.828 -8.157
4 0 6.965 19.279 -9.495 7.065 18.75 -9.949 6.778 18.679 -10.211 6.516 19.168 -9.905
4 0 6.135 18.85 -10.472 6.516 19.168 -9.905 6.778 18.679 -10.211 6.065 18.531 -10.834
4 0 7.915 18.75 -9.381 8.015 18.53 -9.531 7.815 18.53 -9.664 7.715 18.75 -9.514
4 0 8.793 18.75 -8.793 7.915 18.75 -9.381 6.965 19.279 -9.495 8.481 19.279 -8.481
4 80 7.065 18.75 -9.949 7.715 18.75 -9.514 7.815 18.53 -9.664 6.778 18.679 -10.211
4 16 4.415 19.828 -10.657 6.135 18.85 -10.472 6.065 18.531 -10.834 4.83 18.531 -11.659
4 16 6.965 19.279 -9.495 6.516 19.168 -9.905 4.415 19.828 -10.657 8.157 19.828 -8.157
4 0 6.03 18.375 -10.902 6.422 18.173 -10.7 6.415 17.815 -10.81 5.991 17.815 -11.093
4 0 5.991 17.815 -11.093 6.415 17.815 -10.81 6.522 17.457 -10.843 6.13 17.255 -11.164
4 0 6.13 17.255 -11.164 6.522 17.457 -10.843 6.685 17.154 -10.823 6.294 17 -11.129
4 134 8.359 17.815 -9.51 8.386 17.666 -9.536 8.065 17.815 -9.707 8.286 17.964 -9.515
4 134 8.015 18.203 -9.626 8.127 18.174 -9.56 8.065 17.815 -9.707 7.903 18.174 -9.71
4 134 7.771 17.815 -9.903 7.744 17.964 -9.878 8.065 17.815 -9.707 7.844 17.666 -9.898
4 134 7.907 17.54 -9.893 7.844 17.666 -9.898 8.065 17.815 -9.707 8.053 17.456 -9.821
4 134 8.165 17.427 -9.754 8.053 17.456 -9.821 8.065 17.815 -9.707 8.277 17.456 -9.67
4 0 8.634 17.531 -9.41 8.386 17.666 -9.536 8.359 17.815 -9.51 8.627 17.815 -9.331
4 0 8.627 17.815 -9.331 8.359 17.815 -9.51 8.286 17.964 -9.515 8.534 18.099 -9.31
4 0 8.534 18.099 -9.31 8.286 17.964 -9.515 8.223 18.09 -9.521 8.362 18.34 -9.354
4 0 8.362 18.34 -9.354 8.223 18.09 -9.521 8.127 18.174 -9.56 8.13 18.501 -9.462
4 0 8.13 18.501 -9.462 8.127 18.174 -9.56 8.015 18.203 -9.626 8.015 18.53 -9.531
4 0 7.7 18.501 -9.749 7.903 18.174 -9.71 7.807 18.09 -9.798 7.568 18.34 -9.885
4 0 7.568 18.34 -9.885 7.807 18.09 -9.798 7.744 17.964 -9.878 7.496 18.099 -10.004
4 0 7.496 18.099 -10.004 7.744 17.964 -9.878 7.771 17.815 -9.903 7.503 17.815 -10.083
4 0 7.503 17.815 -10.083 7.771 17.815 -9.903 7.844 17.666 -9.898 7.596 17.531 -10.104
4 0 7.596 17.531 -10.104 7.844 17.666 -9.898 7.907 17.54 -9.893 7.768 17.29 -10.06
4 0 7.768 17.29 -10.06 7.907 17.54 -9.893 8.053 17.456 -9.821 7.95 17.129 -9.985
4 0 7.95 17.129 -9.985 8.053 17.456 -9.821 8.165 17.427 -9.754 8.065 17.1 -9.916
4 0 8.38 17.129 -9.698 8.277 17.456 -9.67 8.323 17.54 -9.615 8.562 17.29 -9.529
4 0 8.634 17.531 -9.41 8.562 17.29 -9.529 8.323 17.54 -9.615 8.386 17.666 -9.536
4 0 8.277 17.456 -9.67 8.38 17.129 -9.698 8.265 17.1 -9.783 8.165 17.427 -9.754
4 0 7.903 18.174 -9.71 7.7 18.501 -9.749 7.815 18.53 -9.664 8.015 18.203 -9.626
4 80 6.422 18.173 -10.7 6.535 18.476 -10.536 6.6 18.531 -10.476 7.496 18.099 -10.004
4 80 6.422 18.173 -10.7 7.496 18.099 -10.004 7.503 17.815 -10.083 6.415 17.815 -10.81
4 80 6.415 17.815 -10.81 7.503 17.815 -10.083 7.596 17.531 -10.104 6.522 17.457 -10.843
4 80 6.685 17.154 -10.823 6.522 17.457 -10.843 7.596 17.531 -10.104 7.768 17.29 -10.06
4 0 8.065 17.1 -9.916 8.265 17.1 -9.783 8.265 17 -9.812 8.065 17 -9.946
4 0 6.03 18.375 -10.902 6.065 18.531 -10.834 6.535 18.476 -10.536 6.422 18.173 -10.7
4 80 7.95 17.129 -9.985 6.907 17 -10.719 6.685 17.154 -10.823 7.768 17.29 -10.06
4 80 8.627 17.815 -9.331 8.534 18.099 -9.31 8.923 18.531 -8.923 9.193 17 -9.193
4 16 5.991 17.815 -11.093 6.13 17.255 -11.164 4.975 17 -12.01 4.83 18.531 -11.659
4 16 7.01 20.695 -7.01 5.657 21 -5.657 7.391 21 -3.062 9.159 20.695 -3.794
4 16 8.157 19.828 -8.157 7.01 20.695 -7.01 9.159 20.695 -3.794 10.658 19.828 -4.414
4 0 10.4 18.671 -6.507 10.433 19.155 -5.744 10.745 18.84 -5.741 10.539 18.531 -6.505
4 0 10.433 19.155 -5.744 10.4 18.671 -6.507 10.165 18.75 -6.742 10.065 19.279 -6.112
4 0 10.065 19.279 -6.112 9.565 18.75 -7.639 8.793 18.75 -8.793 8.481 19.279 -8.481
4 16 10.065 19.279 -6.112 8.481 19.279 -8.481 8.157 19.828 -8.157 10.658 19.828 -4.414
4 16 10.745 18.84 -5.741 10.433 19.155 -5.744 10.658 19.828 -4.414 11.659 18.531 -4.83
4 80 10.4 18.671 -6.507 10.539 18.531 -6.505 9.76 18.531 -7.671 10.165 18.75 -6.742
4 0 11.204 17.26 -6.068 10.883 17.46 -6.46 10.88 17.815 -6.31 11.227 17.815 -5.79
4 0 11.227 17.815 -5.79 10.88 17.815 -6.31 10.783 18.17 -6.299 11.104 18.37 -5.731
4 0 10.783 18.17 -6.299 10.6 18.47 -6.441 10.981 18.531 -5.844 11.104 18.37 -5.731
4 2 10.074 17.815 -7.515 10.108 17.674 -7.526 9.865 17.815 -7.828 10.008 17.956 -7.552
4 2 9.963 18.075 -7.568 10.008 17.956 -7.552 9.865 17.815 -7.828 9.895 18.155 -7.634
4 2 9.815 18.183 -7.742 9.895 18.155 -7.634 9.865 17.815 -7.828 9.735 18.155 -7.874
4 2 9.667 18.075 -8.01 9.735 18.155 -7.874 9.865 17.815 -7.828 9.622 17.956 -8.13
4 2 9.656 17.815 -8.141 9.622 17.956 -8.13 9.865 17.815 -7.828 9.722 17.674 -8.105
4 2 9.767 17.555 -8.089 9.722 17.674 -8.105 9.865 17.815 -7.828 9.885 17.475 -7.948
4 2 9.965 17.447 -7.84 9.885 17.475 -7.948 9.865 17.815 -7.828 10.045 17.475 -7.708
4 0 10.294 17.539 -7.308 10.108 17.674 -7.526 10.074 17.815 -7.515 10.275 17.815 -7.215
4 0 10.275 17.815 -7.215 10.074 17.815 -7.515 10.008 17.956 -7.552 10.194 18.091 -7.215
4 0 10.194 18.091 -7.215 10.008 17.956 -7.552 9.963 18.075 -7.568 10.055 18.325 -7.32
4 0 10.055 18.325 -7.32 9.963 18.075 -7.568 9.895 18.155 -7.634 9.872 18.481 -7.525
4 0 9.872 18.481 -7.525 9.895 18.155 -7.634 9.815 18.183 -7.742 9.765 18.52 -7.668
4 0 9.558 18.481 -7.995 9.735 18.155 -7.874 9.667 18.075 -8.01 9.475 18.325 -8.188
4 0 9.475 18.325 -8.188 9.667 18.075 -8.01 9.622 17.956 -8.13 9.436 18.091 -8.349
4 0 9.436 18.091 -8.349 9.622 17.956 -8.13 9.656 17.815 -8.141 9.455 17.815 -8.442
4 0 9.455 17.815 -8.442 9.656 17.815 -8.141 9.722 17.674 -8.105 9.536 17.539 -8.442
4 0 9.536 17.539 -8.442 9.722 17.674 -8.105 9.767 17.555 -8.089 9.675 17.305 -8.337
4 0 9.675 17.305 -8.337 9.767 17.555 -8.089 9.885 17.475 -7.948 9.808 17.149 -8.206
4 0 9.808 17.149 -8.206 9.885 17.475 -7.948 9.965 17.447 -7.84 9.915 17.11 -8.063
4 0 10.122 17.149 -7.736 10.045 17.475 -7.708 10.063 17.555 -7.646 10.255 17.305 -7.468
4 0 10.255 17.305 -7.468 10.063 17.555 -7.646 10.108 17.674 -7.526 10.294 17.539 -7.308
4 0 9.965 17.447 -7.84 10.045 17.475 -7.708 10.122 17.149 -7.736 10.015 17.11 -7.913
4 0 9.915 17.11 -8.063 9.965 17.447 -7.84 10.015 17.11 -7.913 9.915 17 -8.111
4 0 9.735 18.155 -7.874 9.558 18.481 -7.995 9.665 18.52 -7.818 9.815 18.183 -7.742
4 80 9.808 17.149 -8.206 9.915 17.11 -8.063 9.915 17 -8.111 9.193 17 -9.193
4 80 10.8 17.16 -6.717 10.255 17.305 -7.468 10.294 17.539 -7.308 10.883 17.46 -6.46
4 80 10.883 17.46 -6.46 10.294 17.539 -7.308 10.275 17.815 -7.215 10.88 17.815 -6.31
4 80 10.88 17.815 -6.31 10.275 17.815 -7.215 10.194 18.091 -7.215 10.783 18.17 -6.299
4 80 10.783 18.17 -6.299 10.194 18.091 -7.215 10.055 18.325 -7.32 10.539 18.531 -6.505
4 16 11.227 17.815 -5.79 11.104 18.37 -5.731 11.659 18.531 -4.83 12.01 17 -4.974
4 0 11.204 17.26 -6.068 11.116 17 -6.313 10.641 17 -7.024 10.8 17.16 -6.717
4 80 9.455 17.815 -8.442 9.536 17.539 -8.442 9.193 17 -9.193 8.923 18.531 -8.923
4 80 9.765 18.52 -7.668 9.76 18.531 -7.671 10.539 18.531 -6.505 9.872 18.481 -7.525
4 80 10.641 17 -7.024 10.122 17.149 -7.736 10.255 17.305 -7.468 10.8 17.16 -6.717
4 16 9.159 20.695 -3.794 7.391 21 -3.062 8 21 0 9.914 20.695 0
4 16 10.658 19.828 -4.414 9.159 20.695 -3.794 9.914 20.695 0 11.536 19.828 .003
4 16 11.659 18.531 -4.83 10.658 19.828 -4.414 11.536 19.828 .003 12.619 18.531 0
4 16 12.01 17 -4.974 11.659 18.531 -4.83 12.619 18.531 0 13 17 0
4 16 -9.159 20.695 -3.794 -9.914 20.695 0 -8 21 0 -7.391 21 -3.062
4 16 -10.658 19.828 -4.414 -11.535 19.828 .002 -9.914 20.695 0 -9.159 20.695 -3.794
4 16 -11.659 18.531 -4.83 -12.619 18.531 0 -11.535 19.828 .002 -10.658 19.828 -4.414
4 16 -12.01 17 -4.974 -13 17 0 -12.619 18.531 0 -11.659 18.531 -4.83
4 16 -7.01 20.695 -7.01 -9.159 20.695 -3.794 -7.391 21 -3.062 -5.657 21 -5.657
4 16 -8.157 19.828 -8.157 -10.658 19.828 -4.414 -9.159 20.695 -3.794 -7.01 20.695 -7.01
4 16 -9.4 18.6 -8.108 -9.469 18.531 -8.106 -11.659 18.531 -4.83 -10.658 19.828 -4.414
4 16 -8.8 19 -8.416 -9.4 18.6 -8.108 -10.658 19.828 -4.414 -8.157 19.828 -8.157
4 0 -8.923 18.531 -8.923 -9.469 18.531 -8.106 -9.4 18.6 -8.108 -8.8 19 -8.416
4 0 -10.667 17 -6.986 -10.2 17.8 -7.334 -10.1 17.4 -7.659 -10.318 17 -7.507
4 16 -10.2 17.8 -7.334 -10.667 17 -6.986 -12.01 17 -4.974 -11.659 18.531 -4.83
4 0 -10.2 17.8 -7.334 -9.469 18.531 -8.106 -9.4 18.1 -8.399 -10.1 17.4 -7.659
4 0 -8.949 18.382 -8.949 -9.4 18.1 -8.399 -9.469 18.531 -8.106 -8.923 18.531 -8.923
4 80 -9.193 17 -9.192 -10.318 17 -7.507 -10.1 17.4 -7.659 -9.4 18.1 -8.399
4 16 -7.01 20.695 -7.01 -5.657 21 -5.657 -3.062 21 -7.391 -3.794 20.695 -9.159
4 16 -8.157 19.828 -8.157 -7.01 20.695 -7.01 -3.794 20.695 -9.159 -4.414 19.828 -10.658
4 0 -7.9 19.3 -8.849 -7.9 18.8 -9.342 -8.6 18.6 -9.071 -8.608 19.064 -8.608
4 0 -7.9 18.8 -9.342 -7.9 19.3 -8.849 -4.583 19.3 -11.066 -4.744 18.8 -11.451
4 16 -4.414 19.828 -10.658 -4.583 19.3 -11.066 -7.9 19.3 -8.849 -8.157 19.828 -8.157
4 0 -8.6 18.6 -9.071 -8.71 18.531 -9.065 -8.923 18.531 -8.923 -8.608 19.064 -8.608
4 80 -8.71 18.531 -9.065 -8.6 18.6 -9.071 -7.9 18.8 -9.342 -4.83 18.531 -11.659
4 134 -5.065 18.001 -11.657 -4.951 17.895 -11.764 -4.9 17.79 -11.829 -5.2 17.55 -11.699
4 134 -5.2 18.038 -11.556 -5.065 18.001 -11.657 -5.2 17.55 -11.699 -5.335 18.001 -11.477
4 134 -5.449 17.895 -11.431 -5.335 18.001 -11.477 -5.2 17.55 -11.699 -5.525 17.737 -11.427
4 134 -5.552 17.55 -11.464 -5.525 17.737 -11.427 -5.2 17.55 -11.699 -5.525 17.363 -11.536
4 134 -5.449 17.205 -11.633 -5.525 17.363 -11.536 -5.2 17.55 -11.699 -5.335 17.099 -11.741
4 134 -5.2 17.062 -11.842 -5.335 17.099 -11.741 -5.2 17.55 -11.699 -5.065 17.099 -11.921
4 0 -5.065 18.001 -11.657 -4.941 18.418 -11.618 -4.849 18.332 -11.705 -4.951 17.895 -11.764
4 0 -4.941 18.418 -11.618 -5.065 18.001 -11.657 -5.2 18.038 -11.556 -5.2 18.489 -11.424
4 0 -5.2 18.489 -11.424 -5.2 18.038 -11.556 -5.335 18.001 -11.477 -5.459 18.418 -11.272
4 0 -5.459 18.418 -11.272 -5.335 18.001 -11.477 -5.449 17.895 -11.431 -5.679 18.214 -11.185
4 0 -5.679 18.214 -11.185 -5.449 17.895 -11.431 -5.525 17.737 -11.427 -5.825 17.909 -11.176
4 0 -5.825 17.909 -11.176 -5.525 17.737 -11.427 -5.552 17.55 -11.464 -5.877 17.55 -11.247
4 0 -5.877 17.55 -11.247 -5.552 17.55 -11.464 -5.525 17.363 -11.536 -5.825 17.191 -11.386
4 0 -5.825 17.191 -11.386 -5.525 17.363 -11.536 -5.449 17.205 -11.633 -5.734 17 -11.503
4 2 -7.198 17.55 -10.364 -7.225 17.363 -10.401 -7.55 17.55 -10.129 -7.225 17.737 -10.291
4 2 -7.301 17.895 -10.194 -7.225 17.737 -10.291 -7.55 17.55 -10.129 -7.415 18.001 -10.086
4 2 -7.55 18.038 -9.985 -7.415 18.001 -10.086 -7.55 17.55 -10.129 -7.685 18.001 -9.906
4 2 -7.799 17.895 -9.861 -7.685 18.001 -9.906 -7.55 17.55 -10.129 -7.875 17.737 -9.857
4 2 -7.902 17.55 -9.894 -7.875 17.737 -9.857 -7.55 17.55 -10.129 -7.875 17.363 -9.966
4 2 -7.799 17.205 -10.064 -7.875 17.363 -9.966 -7.55 17.55 -10.129 -7.685 17.099 -10.171
4 2 -7.55 17.062 -10.272 -7.685 17.099 -10.171 -7.55 17.55 -10.129 -7.415 17.099 -10.351
4 2 -7.301 17.205 -10.396 -7.415 17.099 -10.351 -7.55 17.55 -10.129 -7.225 17.363 -10.401
4 0 -6.925 17.191 -10.652 -7.225 17.363 -10.401 -7.198 17.55 -10.364 -6.873 17.55 -10.581
4 0 -6.873 17.55 -10.581 -7.198 17.55 -10.364 -7.225 17.737 -10.291 -6.925 17.909 -10.441
4 0 -6.925 17.909 -10.441 -7.225 17.737 -10.291 -7.301 17.895 -10.194 -7.071 18.214 -10.254
4 0 -7.071 18.214 -10.254 -7.301 17.895 -10.194 -7.415 18.001 -10.086 -7.291 18.418 -10.047
4 0 -7.291 18.418 -10.047 -7.415 18.001 -10.086 -7.55 18.038 -9.985 -7.55 18.489 -9.853
4 0 -7.55 18.489 -9.853 -7.55 18.038 -9.985 -7.685 18.001 -9.906 -7.809 18.418 -9.701
4 0 -7.809 18.418 -9.701 -7.685 18.001 -9.906 -7.799 17.895 -9.861 -8.029 18.214 -9.614
4 0 -8.029 18.214 -9.614 -7.799 17.895 -9.861 -7.875 17.737 -9.857 -8.175 17.909 -9.605
4 0 -8.175 17.909 -9.605 -7.875 17.737 -9.857 -7.902 17.55 -9.894 -8.227 17.55 -9.676
4 0 -8.227 17.55 -9.676 -7.902 17.55 -9.894 -7.875 17.363 -9.966 -8.175 17.191 -9.816
4 0 -8.175 17.191 -9.816 -7.875 17.363 -9.966 -7.799 17.205 -10.064 -8.084 17 -9.933
4 0 -7.301 17.205 -10.396 -7.225 17.363 -10.401 -6.925 17.191 -10.652 -7.016 17 -10.646
4 80 -5.825 17.191 -11.386 -5.734 17 -11.503 -6.605 17 -10.921 -6.925 17.191 -10.652
4 80 -5.825 17.191 -11.386 -6.925 17.191 -10.652 -6.873 17.55 -10.581 -5.877 17.55 -11.247
4 80 -5.877 17.55 -11.247 -6.873 17.55 -10.581 -6.925 17.909 -10.441 -5.825 17.909 -11.176
4 80 -5.825 17.909 -11.176 -6.925 17.909 -10.441 -7.071 18.214 -10.254 -5.679 18.214 -11.185
4 80 -5.679 18.214 -11.185 -7.071 18.214 -10.254 -7.291 18.418 -10.047 -5.459 18.418 -11.272
4 80 -5.459 18.418 -11.272 -7.291 18.418 -10.047 -7.55 18.489 -9.853 -5.2 18.489 -11.424
4 80 -8.71 18.531 -9.065 -8.029 18.214 -9.614 -8.175 17.909 -9.605 -8.949 18.382 -8.949
4 80 -7.55 18.489 -9.853 -8.71 18.531 -9.065 -4.83 18.531 -11.659 -5.2 18.489 -11.424
4 134 -5.2 17.55 -11.699 -4.9 17.79 -11.829 -4.956 17.2 -11.964 -5.065 17.099 -11.921
4 16 -3.794 20.695 -9.159 -3.062 21 -7.391 0 21 -8 0 20.695 -9.914
4 16 -4.414 19.828 -10.658 -3.794 20.695 -9.159 0 20.695 -9.914 0 19.828 -11.535
4 0 -4.583 19.3 -11.066 -3.4 19.3 -11.301 -3.9 18.8 -11.619 -4.744 18.8 -11.451
4 0 -3.9 18.8 -11.619 -3.4 19.3 -11.301 -3.4 18.8 -11.718 -3.9 18.531 -11.844
4 16 -3.4 19.3 -11.301 -4.583 19.3 -11.066 -4.414 19.828 -10.658 0 19.828 -11.535
4 16 -3.4 18.8 -11.718 -3.4 19.3 -11.301 0 19.828 -11.535 -1.5 18.7 -12.18
4 16 -1.5 18.7 -12.18 0 19.828 -11.535 0 18.531 -12.619 -1.5 18.531 -12.321
4 0 -3.4 18.8 -11.718 -1.5 18.7 -12.18 -1.5 18.531 -12.321 -3.9 18.531 -11.844
4 80 -4.83 18.531 -11.659 -4.744 18.8 -11.451 -3.9 18.8 -11.619 -3.9 18.531 -11.844
4 0 -3.9 17 -12.224 -3.9 18.531 -11.844 -3.4 18.3 -12.001 -3.4 17 -12.323
4 0 -2 18.3 -12.279 -1.5 18.4 -12.353 -1.5 17.9 -12.478 -2 17 -12.602
4 80 -.1 17.1 -12.955 -1.5 17.1 -12.677 -1.5 17.9 -12.478 -.1 17.9 -12.756
4 80 -3.4 17 -12.323 -3.4 18.3 -12.001 -2 18.3 -12.279 -2 17 -12.602
4 134 -4.875 17.737 -11.847 -4.848 17.55 -11.899 -4.875 17.363 -11.94 -4.956 17.2 -11.964
4 0 -4.575 17.191 -12.042 -4.875 17.363 -11.94 -4.848 17.55 -11.899 -4.523 17.55 -11.963
4 0 -4.523 17.55 -11.963 -4.848 17.55 -11.899 -4.875 17.737 -11.847 -4.575 17.909 -11.864
4 0 -4.875 17.737 -11.847 -4.9 17.79 -11.829 -4.721 18.214 -11.759 -4.575 17.909 -11.864
4 16 0 18.531 -12.619 0 18.317 -12.672 -1.5 18.4 -12.353 -1.5 18.531 -12.321
4 0 -2 18.3 -12.279 -3.4 18.3 -12.001 -3.9 18.531 -11.844 -1.5 18.531 -12.321
4 0 0 17 -13 -2 17 -12.602 -1.5 17.1 -12.677 -.1 17.1 -12.955
4 0 -.1 17.1 -12.955 -.1 17.9 -12.756 0 18.317 -12.672 0 17 -13
4 0 -.1 17.9 -12.756 -1.5 17.9 -12.478 -1.5 18.4 -12.353 0 18.317 -12.672
4 0 -4.975 17 -12.01 -4.956 17.2 -11.964 -4.875 17.363 -11.94 -4.575 17.191 -12.042
4 80 -4.721 18.214 -11.759 -4.849 18.332 -11.705 -4.83 18.531 -11.659 -3.9 18.531 -11.844
4 80 -4.523 17.55 -11.963 -4.575 17.909 -11.864 -3.9 18.531 -11.844 -3.9 17 -12.224
0 // Condlines
5 24 12.010291 17 -4.974816 13 17 0 12.01 15.343 -4.975 11.659 18.531 -4.83
5 24 11.659 18.531 -4.83 12.6192 18.53088 0 12.010291 17 -4.974816 10.658 19.828 -4.414
5 24 11.659 18.531 -4.83 12.010291 17 -4.974816 12.6192 18.53088 0 8.923 18.531 -8.923
5 24 10.658 19.828 -4.414 11.5352 19.82816 0 11.659 18.531 -4.83 9.159 20.695 -3.793
5 24 10.658 19.828 -4.414 11.659 18.531 -4.83 11.5352 19.82816 0 8.157 19.828 -8.157
5 24 9.1925 17 -9.192 12.010291 17 -4.974816 9.192 15.343 -9.192 8.923 18.531 -8.923
5 24 9.159 20.695 -3.793 9.9136 20.69536 0 10.658 19.828 -4.414 7.3912 21 -3.0616
5 24 9.159 20.695 -3.793 10.658 19.828 -4.414 9.9136 20.69536 0 7.01 20.695 -7.0095
5 24 8.923 18.531 -8.923 11.659 18.531 -4.83 9.1925 17 -9.192 8.157 19.828 -8.157
5 24 8.923 18.531 -8.923 9.1925 17 -9.192 11.659 18.531 -4.83 4.83 18.531 -11.659
5 24 8.157 19.828 -8.157 10.658 19.828 -4.414 8.923 18.531 -8.923 7.01 20.695 -7.0095
5 24 8.157 19.828 -8.157 8.923 18.531 -8.923 10.658 19.828 -4.414 4.414 19.828 -10.658
5 24 7.3912 21 -3.0616 8 21 0 9.159 20.695 -3.793 5.478 21 -2.269
5 24 7.3912 21 -3.0616 9.159 20.695 -3.793 8 21 0 5.6568 21 -5.6568
5 24 7.01 20.695 -7.0095 9.159 20.695 -3.793 8.157 19.828 -8.157 5.6568 21 -5.6568
5 24 7.01 20.695 -7.0095 8.157 19.828 -8.157 9.159 20.695 -3.793 3.794 20.695 -9.158
5 24 5.6568 21 -5.6568 7.3912 21 -3.0616 7.01 20.695 -7.0095 4.192 21 -4.192
5 24 5.6568 21 -5.6568 7.01 20.695 -7.0095 7.3912 21 -3.0616 3.0616 21 -7.3912
5 24 4.975 17 -12.01 9.1925 17 -9.192 4.975 15.343 -12.01 4.83 18.531 -11.659
5 24 4.83 18.531 -11.659 8.923 18.531 -8.923 4.975 17 -12.01 4.414 19.828 -10.658
5 24 4.83 18.531 -11.659 4.975 17 -12.01 8.923 18.531 -8.923 0 18.531 -12.619
5 24 4.414 19.828 -10.658 8.157 19.828 -8.157 4.83 18.531 -11.659 3.794 20.695 -9.158
5 24 4.414 19.828 -10.658 4.83 18.531 -11.659 8.157 19.828 -8.157 0 19.828 -11.535
5 24 3.794 20.695 -9.158 7.01 20.695 -7.0095 4.414 19.828 -10.658 3.0616 21 -7.3912
5 24 3.794 20.695 -9.158 4.414 19.828 -10.658 7.01 20.695 -7.0095 0 20.695 -9.9135
5 24 3.0616 21 -7.3912 5.6568 21 -5.6568 3.794 20.695 -9.158 2.269 21 -5.478
5 24 3.0616 21 -7.3912 3.794 20.695 -9.158 5.6568 21 -5.6568 0 21 -8
5 24 0 21 -8 3.0616 21 -7.3912 0 20.695 -9.9135 0 21 -5.929
5 24 0 20.695 -9.9135 3.794 20.695 -9.158 0 19.828 -11.535 0 21 -8
5 24 0 19.828 -11.535 4.414 19.828 -10.658 0 18.531 -12.619 0 20.695 -9.9135
5 24 0 18.531 -12.619 4.83 18.531 -11.659 0 17 -13 0 19.828 -11.535
5 24 0 17 -13 4.975 17 -12.01 0 15.343 -13 0 18.531 -12.619
5 24 -3.0616 21 -7.3912 0 21 -8 -3.794 20.695 -9.158 -2.269 21 -5.478
5 24 -3.0616 21 -7.3912 -3.794 20.695 -9.158 0 21 -8 -5.6568 21 -5.6568
5 24 -3.794 20.695 -9.158 0 20.695 -9.9135 -4.414 19.828 -10.658 -3.0616 21 -7.3912
5 24 -4.414 19.828 -10.658 0 19.828 -11.535 -4.83 18.531 -11.659 -3.794 20.695 -9.158
5 24 -3.794 20.695 -9.158 -4.414 19.828 -10.658 0 20.695 -9.9135 -7.0105 20.695 -7.01
5 24 -4.414 19.828 -10.658 -4.83 18.531 -11.659 0 19.828 -11.535 -8.157 19.828 -8.157
5 24 -4.83 18.531 -11.659 0 18.531 -12.619 -4.975 17 -12.01 -4.414 19.828 -10.658
5 24 -4.975 17 -12.01 0 17 -13 -4.975 15.343 -12.01 -4.83 18.531 -11.659
5 24 -4.83 18.531 -11.659 -4.975 17 -12.01 0 18.531 -12.619 -8.923 18.531 -8.923
5 24 -5.6568 21 -5.6568 -3.0616 21 -7.3912 -7.0105 20.695 -7.01 -4.192 21 -4.192
5 24 -7.0105 20.695 -7.01 -3.794 20.695 -9.158 -8.157 19.828 -8.157 -5.6568 21 -5.6568
5 24 -5.6568 21 -5.6568 -7.0105 20.695 -7.01 -3.0616 21 -7.3912 -7.3912 21 -3.0616
5 24 -7.3912 21 -3.0616 -5.6568 21 -5.6568 -9.159 20.695 -3.78725 -5.478 21 -2.269
5 24 -8 21 0 -7.3912 21 -3.0616 -9.9136 20.69536 0 -5.929 21 0
5 24 -7.0105 20.695 -7.01 -8.157 19.828 -8.157 -3.794 20.695 -9.158 -9.159 20.695 -3.78725
5 24 -8.157 19.828 -8.157 -4.414 19.828 -10.658 -8.923 18.531 -8.923 -7.0105 20.695 -7.01
5 24 -8.157 19.828 -8.157 -8.923 18.531 -8.923 -4.414 19.828 -10.658 -10.658 19.828 -4.414
5 24 -8.923 18.531 -8.923 -4.83 18.531 -11.659 -9.192 17 -9.1925 -8.157 19.828 -8.157
5 24 -9.159 20.695 -3.78725 -7.0105 20.695 -7.01 -10.658 19.828 -4.414 -7.3912 21 -3.0616
5 24 -7.3912 21 -3.0616 -9.159 20.695 -3.78725 -5.6568 21 -5.6568 -8 21 0
5 24 -9.192 17 -9.1925 -4.975 17 -12.01 -9.192 15.343 -9.192 -8.923 18.531 -8.923
5 24 -8.923 18.531 -8.923 -9.192 17 -9.1925 -4.83 18.531 -11.659 -11.659 18.531 -4.83
5 24 -9.9136 20.69536 0 -9.159 20.695 -3.78725 -11.5352 19.82816 0 -8 21 0
5 24 -10.658 19.828 -4.414 -8.157 19.828 -8.157 -11.659 18.531 -4.83 -9.159 20.695 -3.78725
5 24 -9.159 20.695 -3.78725 -10.658 19.828 -4.414 -7.0105 20.695 -7.01 -9.9136 20.69536 0
5 24 -11.5352 19.82816 0 -10.658 19.828 -4.414 -12.6192 18.53088 0 -9.9136 20.69536 0
5 24 -11.659 18.531 -4.83 -8.923 18.531 -8.923 -12.0104 17 -4.97488 -10.658 19.828 -4.414
5 24 -10.658 19.828 -4.414 -11.659 18.531 -4.83 -8.157 19.828 -8.157 -11.5352 19.82816 0
5 24 -12.0104 17 -4.97488 -9.192 17 -9.1925 -12.01 15.343 -4.975 -11.659 18.531 -4.83
5 24 -11.659 18.531 -4.83 -12.0104 17 -4.97488 -8.923 18.531 -8.923 -12.6192 18.53088 0
5 24 -12.6192 18.53088 0 -11.659 18.531 -4.83 -13 17 0 -11.5352 19.82816 0
5 24 -13 17 0 -12.0104 17 -4.97488 -13 15.343 0 -12.6192 18.53088 0
5 24 -13 17 0 -12.6192 18.53088 0 -12.0104 17 4.9752 -12.0104 17 -4.97488
5 24 -12.6192 18.53088 0 -11.5352 19.82816 0 -11.6592 18.53088 4.8296 -11.659 18.531 -4.83
5 24 -11.5352 19.82816 0 -9.9136 20.69536 0 -10.6576 19.82816 4.4144 -10.658 19.828 -4.414
5 24 -9.9136 20.69536 0 -8 21 0 -9.1592 20.69536 3.7936 -9.159 20.695 -3.78725
5 24 13 17 0 12.6192 18.53088 0 12.010291 17 -4.974816 12.0104 17 4.97488
5 24 12.6192 18.53088 0 11.5352 19.82816 0 11.659 18.531 -4.83 11.6592 18.53088 4.8296
5 24 11.5352 19.82816 0 9.9136 20.69536 0 10.658 19.828 -4.414 10.6576 19.82816 4.4144
5 24 9.9136 20.69536 0 8 21 0 9.159 20.695 -3.793 9.1592 20.69536 3.7936
5 24 0 20.695 -9.9135 0 21 -8 -3.794 20.695 -9.158 3.794 20.695 -9.158
5 24 0 19.828 -11.535 0 20.695 -9.9135 -4.414 19.828 -10.658 4.414 19.828 -10.658
5 24 0 18.531 -12.619 0 19.828 -11.535 -4.83 18.531 -11.659 4.83 18.531 -11.659
5 24 0 17 -13 0 18.531 -12.619 -4.975 17 -12.01 4.975 17 -12.01
5 24 -12.0104 4 -4.97488 -13 4 0 -12.01 5.657 -4.975 -11.659 2.469 -4.83
5 24 -11.659 2.469 -4.83 -12.6192 2.46912 0 -12.0104 4 -4.97488 -10.658 1.172 -4.4145
5 24 -11.659 2.469 -4.83 -12.0104 4 -4.97488 -12.6192 2.46912 0 -8.923 2.469 -8.923
5 24 -10.658 1.172 -4.4145 -11.5352 1.17184 0 -11.659 2.469 -4.83 -9.159 .305 -3.789
5 24 -10.658 1.172 -4.4145 -11.659 2.469 -4.83 -11.5352 1.17184 0 -8.157 1.172 -8.157
5 24 -9.192 4 -9.193 -12.0104 4 -4.97488 -9.192 5.657 -9.192 -8.923 2.469 -8.923
5 24 -9.192 17 -9.1925 -9.192 4 -9.193 -12.0104 17 -4.97488 -4.975 17 -12.01
5 24 -9.159 .305 -3.789 -9.9136 .30464 0 -10.658 1.172 -4.4145 -7.3912 0 -3.0616
5 24 -9.159 .305 -3.789 -10.658 1.172 -4.4145 -9.9136 .30464 0 -7.01 .305 -7.0095
5 24 -8.923 2.469 -8.923 -11.659 2.469 -4.83 -9.192 4 -9.193 -8.157 1.172 -8.157
5 24 -8.923 2.469 -8.923 -9.192 4 -9.193 -11.659 2.469 -4.83 -4.83 2.469 -11.659
5 24 -8.157 1.172 -8.157 -10.658 1.172 -4.4145 -8.923 2.469 -8.923 -7.01 .305 -7.0095
5 24 -8.157 1.172 -8.157 -8.923 2.469 -8.923 -10.658 1.172 -4.4145 -4.4145 1.172 -10.658
5 24 -7.3912 0 -3.0616 -8 0 0 -9.159 .305 -3.789 -5.478 0 -2.269
5 24 -7.3912 0 -3.0616 -9.159 .305 -3.789 -8 0 0 -5.6568 0 -5.6568
5 24 -7.01 .305 -7.0095 -9.159 .305 -3.789 -8.157 1.172 -8.157 -5.6568 0 -5.6568
5 24 -7.01 .305 -7.0095 -8.157 1.172 -8.157 -9.159 .305 -3.789 -3.794 .305 -9.1585
5 24 -5.6568 0 -5.6568 -7.3912 0 -3.0616 -7.01 .305 -7.0095 -4.192 0 -4.192
5 24 -5.6568 0 -5.6568 -7.01 .305 -7.0095 -7.3912 0 -3.0616 -3.0616 0 -7.3912
5 24 -4.975 4 -12.01 -9.192 4 -9.193 -4.975 5.657 -12.01 -4.83 2.469 -11.659
5 24 -4.975 17 -12.01 -4.975 4 -12.01 -9.192 17 -9.1925 0 17 -13
5 24 -4.83 2.469 -11.659 -8.923 2.469 -8.923 -4.975 4 -12.01 -4.4145 1.172 -10.658
5 24 -4.83 2.469 -11.659 -4.975 4 -12.01 -8.923 2.469 -8.923 0 2.469 -12.619
5 24 -4.4145 1.172 -10.658 -8.157 1.172 -8.157 -4.83 2.469 -11.659 -3.794 .305 -9.1585
5 24 -4.4145 1.172 -10.658 -4.83 2.469 -11.659 -8.157 1.172 -8.157 0 1.172 -11.535
5 24 -3.794 .305 -9.1585 -7.01 .305 -7.0095 -4.4145 1.172 -10.658 -3.0616 0 -7.3912
5 24 -3.794 .305 -9.1585 -4.4145 1.172 -10.658 -7.01 .305 -7.0095 0 .305 -9.9135
5 24 -3.0616 0 -7.3912 -5.6568 0 -5.6568 -3.794 .305 -9.1585 -2.269 0 -5.478
5 24 -3.0616 0 -7.3912 -3.794 .305 -9.1585 -5.6568 0 -5.6568 0 0 -8
5 24 0 0 -8 -3.0616 0 -7.3912 0 .305 -9.9135 0 0 -5.929
5 24 0 .305 -9.9135 -3.794 .305 -9.1585 0 1.172 -11.535 0 0 -8
5 24 0 1.172 -11.535 -4.4145 1.172 -10.658 0 2.469 -12.619 0 .305 -9.9135
5 24 0 2.469 -12.619 -4.83 2.469 -11.659 0 4 -13 0 1.172 -11.535
5 24 0 4 -13 -4.975 4 -12.01 0 5.657 -13 0 2.469 -12.619
5 24 0 17 -13 0 4 -13 -4.975 17 -12.01 4.975 17 -12.01
5 24 3.0616 0 -7.3912 0 0 -8 3.794 .305 -9.1585 2.269 0 -5.478
5 24 3.0616 0 -7.3912 3.794 .305 -9.1585 0 0 -8 5.6568 0 -5.6568
5 24 3.794 .305 -9.1585 0 .305 -9.9135 4.414 1.172 -10.658 3.0616 0 -7.3912
5 24 4.414 1.172 -10.658 0 1.172 -11.535 4.83 2.469 -11.659 3.794 .305 -9.1585
5 24 3.794 .305 -9.1585 4.414 1.172 -10.658 0 .305 -9.9135 7.01 .305 -7.0095
5 24 4.414 1.172 -10.658 4.83 2.469 -11.659 0 1.172 -11.535 8.157 1.172 -8.157
5 24 4.83 2.469 -11.659 0 2.469 -12.619 4.975 4 -12.01 4.414 1.172 -10.658
5 24 4.975 4 -12.01 0 4 -13 4.975 5.657 -12.01 4.83 2.469 -11.659
5 24 4.83 2.469 -11.659 4.975 4 -12.01 0 2.469 -12.619 8.923 2.469 -8.923
5 24 4.975 17 -12.01 4.975 4 -12.01 0 17 -13 9.1925 17 -9.192
5 24 5.6568 0 -5.6568 3.0616 0 -7.3912 7.01 .305 -7.0095 4.192 0 -4.192
5 24 7.01 .305 -7.0095 3.794 .305 -9.1585 8.157 1.172 -8.157 5.6568 0 -5.6568
5 24 5.6568 0 -5.6568 7.01 .305 -7.0095 3.0616 0 -7.3912 7.3912 0 -3.0616
5 24 7.3912 0 -3.0616 5.6568 0 -5.6568 9.159 .305 -3.78725 5.478 0 -2.269
5 24 8 0 0 7.3912 0 -3.0616 9.9136 .30464 0 5.929 0 0
5 24 7.01 .305 -7.0095 8.157 1.172 -8.157 3.794 .305 -9.1585 9.159 .305 -3.78725
5 24 8.157 1.172 -8.157 4.414 1.172 -10.658 8.923 2.469 -8.923 7.01 .305 -7.0095
5 24 8.157 1.172 -8.157 8.923 2.469 -8.923 4.414 1.172 -10.658 10.658 1.172 -4.414
5 24 8.923 2.469 -8.923 4.83 2.469 -11.659 9.192 4 -9.193 8.157 1.172 -8.157
5 24 9.159 .305 -3.78725 7.01 .305 -7.0095 10.658 1.172 -4.414 7.3912 0 -3.0616
5 24 7.3912 0 -3.0616 9.159 .305 -3.78725 5.6568 0 -5.6568 8 0 0
5 24 9.192 4 -9.193 4.975 4 -12.01 9.192 5.657 -9.192 8.923 2.469 -8.923
5 24 8.923 2.469 -8.923 9.192 4 -9.193 4.83 2.469 -11.659 11.659 2.469 -4.83
5 24 9.1925 17 -9.192 9.192 4 -9.193 4.975 17 -12.01 12.010291 17 -4.974816
5 24 9.9136 .30464 0 9.159 .305 -3.78725 11.5352 1.17184 0 8 0 0
5 24 10.658 1.172 -4.414 8.157 1.172 -8.157 11.659 2.469 -4.83 9.159 .305 -3.78725
5 24 9.159 .305 -3.78725 10.658 1.172 -4.414 7.01 .305 -7.0095 9.9136 .30464 0
5 24 11.5352 1.17184 0 10.658 1.172 -4.414 12.6192 2.46912 0 9.9136 .30464 0
5 24 11.659 2.469 -4.83 8.923 2.469 -8.923 12.010291 4 -4.974816 10.658 1.172 -4.414
5 24 10.658 1.172 -4.414 11.659 2.469 -4.83 8.157 1.172 -8.157 11.5352 1.17184 0
5 24 12.010291 4 -4.974816 9.192 4 -9.193 12.01 5.657 -4.975 11.659 2.469 -4.83
5 24 11.659 2.469 -4.83 12.010291 4 -4.974816 8.923 2.469 -8.923 12.6192 2.46912 0
5 24 12.6192 2.46912 0 11.659 2.469 -4.83 13 4 0 11.5352 1.17184 0
5 24 13 4 0 12.010291 4 -4.974816 13 5.657 0 12.6192 2.46912 0
5 24 12.010291 17 -4.974816 12.010291 4 -4.974816 9.1925 17 -9.192 13 17 0
5 24 13 4 0 12.6192 2.46912 0 12.0104 4 4.97488 12.010291 4 -4.974816
5 24 12.6192 2.46912 0 11.5352 1.17184 0 11.6592 2.46912 4.8296 11.659 2.469 -4.83
5 24 11.5352 1.17184 0 9.9136 .30464 0 10.6576 1.17184 4.4144 10.658 1.172 -4.414
5 24 9.9136 .30464 0 8 0 0 9.1592 .30464 3.7936 9.159 .305 -3.78725
5 24 -12.0104 17 -4.97488 -12.0104 4 -4.97488 -9.192 17 -9.1925 -13 17 0
5 24 -13 4 0 -12.6192 2.46912 0 -12.0104 4 -4.97488 -12.0104 4 4.9752
5 24 -12.6192 2.46912 0 -11.5352 1.17184 0 -11.659 2.469 -4.83 -11.6592 2.46912 4.8296
5 24 -11.5352 1.17184 0 -9.9136 .30464 0 -10.658 1.172 -4.4145 -10.6576 1.17184 4.4144
5 24 -9.9136 .30464 0 -8 0 0 -9.159 .305 -3.789 -9.1592 .30464 3.7936
5 24 0 .305 -9.9135 0 0 -8 3.794 .305 -9.1585 -3.794 .305 -9.1585
5 24 0 1.172 -11.535 0 .305 -9.9135 4.414 1.172 -10.658 -4.4145 1.172 -10.658
5 24 0 2.469 -12.619 0 1.172 -11.535 4.83 2.469 -11.659 -4.83 2.469 -11.659
5 24 0 4 -13 0 2.469 -12.619 4.975 4 -12.01 -4.975 4 -12.01
