0 Minifig Leg Right with Black Straps and Dark Blue Clips Pattern
0 Name: 3816bpx1.dat
0 Author: Evert-Jan Boer [ejboer]
0 !LDRAW_ORG Unofficial_Part 
0 !LICENSE Redistributable under CCAL version 2.0 : see CAreadme.txt

0 !HELP Move down 12 units to align with hips

0 BFC CERTIFY CCW

0 !KEYWORDS Bricklink 970c00pb0417, Set 75916, Set 75919, Set 75915, Set 75917
0 !KEYWORDS Set 75918, Set 71205, Jurassic World, ACU Trooper


1 16 0 0 0 -1 0 0 0 1 0 0 0 1 s\3817bs01.dat

5 24 -2 3.349 -8.084 -18.659 3.349 -8.084 -2 0 -8.75 -18.755 6.187 -6.187
5 24 -18.755 6.187 -6.187 -2 6.187 -6.187 -2 7.399 -4 -2 3.349 -8.084
5 24 -2 0 -8.75 -18.546 0 -8.75 -18.659 3.349 -8.084 -2 -3.349 -8.084
5 24 -2 -3.349 -8.084 -18.433 -3.349 -8.084 -18.546 0 -8.75 -2 -6.187 -6.187
4 16 -19.23 20 -4 -19.23 20 -10 -1.5 20 -10 -1.5 20 -4

4 0 -14.37 6.608 -5.4273 -14.435 6.85 -4.9906 -14.164 6.85 -4.9906 -14.135 6.743 -5.1837
4 0 -14.135 6.957 -4.7976 -14.164 6.85 -4.9906 -14.435 6.85 -4.9906 -14.37 7.093 -4.5522
4 0 -14.057 7.035 -4.6568 -14.135 6.957 -4.7976 -14.37 7.093 -4.5522 -14.193 7.27 -4.2328
4 16 -3.4 6.7 -5.2613 -2.5 6.85 -4.9906 -2 6.187 -6.187 -5.05 6.3 -5.9831
4 16 -2 7.399 -4 -2 6.187 -6.187 -2.5 6.85 -4.9906 -2.5 7.399 -4
3 16 -15.414 6.187 -6.187 -18.755 6.187 -6.187 -18.804 7.399 -4
4 16 -14.37 6.608 -5.4273 -15.414 6.187 -6.187 -18.804 7.399 -4 -14.435 6.85 -4.9906
3 16 -14.435 6.85 -4.9906 -18.804 7.399 -4 -14.37 7.093 -4.5522
3 16 -14.37 7.093 -4.5522 -18.804 7.399 -4 -14.193 7.27 -4.2328
3 0 -13.852 6.187 -6.187 -15.414 6.187 -6.187 -14.37 6.608 -5.4273
3 0 -13.852 6.187 -6.187 -14.37 6.608 -5.4273 -14.135 6.743 -5.1837
4 0 -13.886 7.399 -4 -13.192 7.399 -4 -14.057 7.035 -4.6568 -14.193 7.27 -4.2328
4 0 -8.307 7.399 -4 -5.05 6.3 -5.9831 -5.547 6.187 -6.187 -7.756 6.187 -6.187
4 0 -3.4 6.7 -5.2613 -5.05 6.3 -5.9831 -8.307 7.399 -4 -2.5 7.399 -4
3 0 -3.4 6.7 -5.2613 -2.5 7.399 -4 -2.5 6.85 -4.9906
3 16 -2 6.187 -6.187 -5.547 6.187 -6.187 -5.05 6.3 -5.9831
3 16 -14.193 7.27 -4.2328 -18.804 7.399 -4 -13.886 7.399 -4
4 272 -8.8365 7.399 -4 -8.307 7.399 -4 -7.756 6.187 -6.187 -8.2825 6.187 -6.187
3 272 -12.2227 7.2562 -4.2577 -12.2893 7.399 -4 -11.876 7.399 -4
4 272 -13.852 6.187 -6.187 -13.192 7.399 -4 -12.636 7.399 -4 -12.3942 6.8808 -4.935
4 272 -13.192 7.399 -4 -13.852 6.187 -6.187 -14.135 6.743 -5.1837 -14.057 7.035 -4.6568
4 272 -14.057 7.035 -4.6568 -14.135 6.743 -5.1837 -14.164 6.85 -4.9906 -14.135 6.957 -4.7976
4 272 -13.852 6.187 -6.187 -12.3942 6.8808 -4.935 -11.0618 7.399 -4 -8.6267 6.187 -6.187
3 272 -8.6267 6.187 -6.187 -11.0618 7.399 -4 -9.1807 7.399 -4
4 0 -9.1807 7.399 -4 -8.8365 7.399 -4 -8.2825 6.187 -6.187 -8.6267 6.187 -6.187
4 0 -12.2893 7.399 -4 -12.2227 7.2562 -4.2577 -12.3942 6.8808 -4.935 -12.636 7.399 -4
4 0 -12.2227 7.2562 -4.2577 -11.876 7.399 -4 -11.0618 7.399 -4 -12.3942 6.8808 -4.935
4 0 -14.02 0.558 -8.639 -14.085 0.8 -8.5909 -13.814 0.8 -8.5909 -13.785 0.693 -8.6122
4 0 -13.785 0.907 -8.5696 -13.814 0.8 -8.5909 -14.085 0.8 -8.5909 -14.02 1.043 -8.5426
4 0 -13.707 0.985 -8.5541 -13.785 0.907 -8.5696 -14.02 1.043 -8.5426 -13.843 1.22 -8.5074
4 0 -9.15 2.964 -8.1606 -9.257 2.935 -8.1663 -9.393 3.17 -8.1196 -9.15 3.235 -8.1067
4 0 -9.043 2.935 -8.1663 -9.15 2.964 -8.1606 -9.15 3.235 -8.1067 -8.908 3.17 -8.1196
4 0 -8.908 3.17 -8.1196 -8.73 2.993 -8.1548 -8.965 2.857 -8.1818 -9.043 2.935 -8.1663
4 16 -2.5 0.85 -8.581 -2.5 3.349 -8.084 -2 3.349 -8.084 -2 0 -8.75
4 16 -3.4 0.7 -8.6108 -2.5 0.85 -8.581 -2 0 -8.75 -5.05 0.3 -8.6903
3 0 -17.4 1.45 -8.4616 -17.45 3.349 -8.084 -14.75 2.8 -8.1932
4 16 -17.4 1.45 -8.4616 -18.546 0 -8.75 -18.659 3.349 -8.084 -17.45 3.349 -8.084
3 0 -13.489 0 -8.75 -15.241 0 -8.75 -14.02 0.558 -8.639
3 0 -13.489 0 -8.75 -14.02 0.558 -8.639 -13.785 0.693 -8.6122
4 0 -7.808 3.349 -8.084 -6.169 0 -8.75 -7.559 0 -8.75 -8.73 2.993 -8.1548
4 0 -7.808 3.349 -8.084 -2.5 3.349 -8.084 -5.05 0.3 -8.6903 -6.169 0 -8.75
3 0 -5.05 0.3 -8.6903 -2.5 3.349 -8.084 -3.4 0.7 -8.6108
3 0 -3.4 0.7 -8.6108 -2.5 3.349 -8.084 -2.5 0.85 -8.581
3 0 -7.559 0 -8.75 -8.965 2.857 -8.1818 -8.73 2.993 -8.1548
3 0 -14.75 2.8 -8.1932 -17.45 3.349 -8.084 -13.546 3.349 -8.084
4 16 -14.02 0.558 -8.639 -15.241 0 -8.75 -18.546 0 -8.75 -14.085 0.8 -8.5909
4 16 -18.546 0 -8.75 -17.4 1.45 -8.4616 -14.02 1.043 -8.5426 -14.085 0.8 -8.5909
3 16 -2 0 -8.75 -6.169 0 -8.75 -5.05 0.3 -8.6903
3 16 -9.15 3.235 -8.1067 -13.546 3.349 -8.084 -7.808 3.349 -8.084
3 16 -8.908 3.17 -8.1196 -9.15 3.235 -8.1067 -7.808 3.349 -8.084
3 16 -8.73 2.993 -8.1548 -8.908 3.17 -8.1196 -7.808 3.349 -8.084
4 16 -17.4 1.45 -8.4616 -14.75 2.8 -8.1932 -13.546 3.349 -8.084 -14.02 1.043 -8.5426
3 16 -14.02 1.043 -8.5426 -13.546 3.349 -8.084 -13.843 1.22 -8.5074
3 16 -13.843 1.22 -8.5074 -13.546 3.349 -8.084 -9.393 3.17 -8.1196
3 16 -9.393 3.17 -8.1196 -13.546 3.349 -8.084 -9.15 3.235 -8.1067
4 272 -13.814 0.8 -8.5909 -13.785 0.907 -8.5696 -13.707 0.985 -8.5541 -13.785 0.693 -8.6122
4 272 -13.707 0.985 -8.5541 -12.1942 0.7808 -8.5947 -13.489 0 -8.75 -13.785 0.693 -8.6122
3 272 -12.1942 0.7808 -8.5947 -13.707 0.985 -8.5541 -12.5301 1.5007 -8.4516
4 272 -12.2423 1.6268 -8.4265 -11.0523 2.1483 -8.3228 -10.8204 1.6515 -8.4216 -12.0227 1.1562 -8.5201
4 272 -13.489 0 -8.75 -12.1942 0.7808 -8.5947 -10.3942 1.4808 -8.4555 -8.5857 0 -8.75
4 272 -10.7645 2.2744 -8.2977 -9.9101 2.6488 -8.2232 -8.5857 0 -8.75 -10.3942 1.4808 -8.4555
4 272 -8.965 2.857 -8.1818 -9.257 2.935 -8.1663 -9.15 2.964 -8.1606 -9.043 2.935 -8.1663
4 272 -9.257 2.935 -8.1663 -8.965 2.857 -8.1818 -7.559 0 -8.75 -9.623 2.7746 -8.1982
3 272 -7.559 0 -8.75 -8.2357 0 -8.75 -9.623 2.7746 -8.1982
4 0 -12.5301 1.5007 -8.4516 -12.2423 1.6268 -8.4265 -12.0227 1.1562 -8.5201 -12.1942 0.7808 -8.5947
4 0 -11.0523 2.1483 -8.3228 -10.7645 2.2744 -8.2977 -10.3942 1.4808 -8.4555 -10.8204 1.6515 -8.4216
4 0 -12.0227 1.1562 -8.5201 -10.8204 1.6515 -8.4216 -10.3942 1.4808 -8.4555 -12.1942 0.7808 -8.5947
3 0 -13.707 0.985 -8.5541 -13.843 1.22 -8.5074 -12.5301 1.5007 -8.4516
3 0 -13.843 1.22 -8.5074 -12.2423 1.6268 -8.4265 -12.5301 1.5007 -8.4516
3 0 -13.843 1.22 -8.5074 -11.0523 2.1483 -8.3228 -12.2423 1.6268 -8.4265
4 0 -11.0523 2.1483 -8.3228 -13.843 1.22 -8.5074 -9.393 3.17 -8.1196 -10.7645 2.2744 -8.2977
3 0 -10.7645 2.2744 -8.2977 -9.393 3.17 -8.1196 -9.9101 2.6488 -8.2232
3 0 -9.9101 2.6488 -8.2232 -9.393 3.17 -8.1196 -9.623 2.7746 -8.1982
3 0 -9.623 2.7746 -8.1982 -9.393 3.17 -8.1196 -9.257 2.935 -8.1663
4 0 -9.9101 2.6488 -8.2232 -9.623 2.7746 -8.1982 -8.2357 0 -8.75 -8.5857 0 -8.75
4 0 -11.908 -3.02 -8.1494 -12.15 -3.085 -8.1365 -12.15 -2.814 -8.1904 -12.043 -2.785 -8.1962
4 0 -12.257 -2.785 -8.1962 -12.15 -2.814 -8.1904 -12.15 -3.085 -8.1365 -12.393 -3.02 -8.1494
4 0 -12.335 -2.707 -8.2117 -12.257 -2.785 -8.1962 -12.393 -3.02 -8.1494 -12.57 -2.843 -8.1846
4 0 -7.336 -0.5 -8.6506 -7.365 -0.393 -8.6718 -7.13 -0.258 -8.6987 -7.065 -0.5 -8.6506
4 0 -7.365 -0.607 -8.6293 -7.336 -0.5 -8.6506 -7.065 -0.5 -8.6506 -7.13 -0.743 -8.6022
4 0 -7.443 -0.685 -8.6138 -7.365 -0.607 -8.6293 -7.13 -0.743 -8.6022 -7.308 -0.92 -8.567
3 0 -7.365 -0.393 -8.6718 -7.559 0 -8.75 -7.13 -0.258 -8.6987
4 16 -18.433 -3.349 -8.084 -18.546 0 -8.75 -17.2 -1.05 -8.5412 -17.097 -3.349 -8.084
3 16 -7.13 -0.743 -8.6022 -7.065 -0.5 -8.6506 -2 0 -8.75
3 16 -2 -3.349 -8.084 -12.15 -3.085 -8.1365 -11.908 -3.02 -8.1494
4 16 -11.908 -3.02 -8.1494 -7.308 -0.92 -8.567 -2 0 -8.75 -2 -3.349 -8.084
3 16 -7.308 -0.92 -8.567 -7.13 -0.743 -8.6022 -2 0 -8.75
4 0 -13.554 -3.349 -8.084 -17.097 -3.349 -8.084 -17.2 -1.05 -8.5412 -15.241 0 -8.75
4 0 -12.57 -2.843 -8.1846 -13.554 -3.349 -8.084 -15.241 0 -8.75 -13.489 0 -8.75
3 0 -12.57 -2.843 -8.1846 -13.489 0 -8.75 -12.335 -2.707 -8.2117
3 0 -7.13 -0.258 -8.6987 -7.559 0 -8.75 -6.169 0 -8.75
3 16 -13.554 -3.349 -8.084 -12.57 -2.843 -8.1846 -12.393 -3.02 -8.1494
3 16 -13.554 -3.349 -8.084 -12.393 -3.02 -8.1494 -12.15 -3.085 -8.1365
3 16 -2 -3.349 -8.084 -13.554 -3.349 -8.084 -12.15 -3.085 -8.1365
3 16 -17.2 -1.05 -8.5412 -18.546 0 -8.75 -15.241 0 -8.75
4 16 -6.169 0 -8.75 -2 0 -8.75 -7.065 -0.5 -8.6506 -7.13 -0.258 -8.6987
4 272 -10.8013 -2.2181 -8.3089 -12.043 -2.785 -8.1962 -12.335 -2.707 -8.2117 -11.1467 -1.4779 -8.4561
4 272 -12.043 -2.785 -8.1962 -12.15 -2.814 -8.1904 -12.257 -2.785 -8.1962 -12.335 -2.707 -8.2117
4 272 -10.7204 -1.6485 -8.4222 -9.5182 -1.1533 -8.5207 -9.3339 -1.5482 -8.4421 -10.5155 -2.0877 -8.3348
3 272 -12.335 -2.707 -8.2117 -13.489 0 -8.75 -11.1467 -1.4779 -8.4561
4 272 -11.1467 -1.4779 -8.4561 -13.489 0 -8.75 -8.5857 0 -8.75 -9.3467 -0.7779 -8.5953
4 272 -9.0481 -1.4178 -8.4681 -9.3467 -0.7779 -8.5953 -8.5857 0 -8.75 -8.0945 -0.9824 -8.5546
4 272 -8.2357 0 -8.75 -7.559 0 -8.75 -7.443 -0.685 -8.6138 -7.8095 -0.8523 -8.5805
4 272 -7.559 0 -8.75 -7.365 -0.393 -8.6718 -7.365 -0.607 -8.6293 -7.443 -0.685 -8.6138
3 272 -7.365 -0.607 -8.6293 -7.365 -0.393 -8.6718 -7.336 -0.5 -8.6506
4 0 -11.1467 -1.4779 -8.4561 -10.7204 -1.6485 -8.4222 -10.5155 -2.0877 -8.3348 -10.8013 -2.2181 -8.3089
4 0 -9.3339 -1.5482 -8.4421 -9.5182 -1.1533 -8.5207 -9.3467 -0.7779 -8.5953 -9.0481 -1.4178 -8.4681
4 0 -10.7204 -1.6485 -8.4222 -11.1467 -1.4779 -8.4561 -9.3467 -0.7779 -8.5953 -9.5182 -1.1533 -8.5207
4 0 -8.5857 0 -8.75 -8.2357 0 -8.75 -7.8095 -0.8523 -8.5805 -8.0945 -0.9824 -8.5546
3 0 -11.908 -3.02 -8.1494 -12.043 -2.785 -8.1962 -10.8013 -2.2181 -8.3089
3 0 -11.908 -3.02 -8.1494 -10.8013 -2.2181 -8.3089 -10.5155 -2.0877 -8.3348
3 0 -11.908 -3.02 -8.1494 -10.5155 -2.0877 -8.3348 -9.3339 -1.5482 -8.4421
4 0 -9.3339 -1.5482 -8.4421 -9.0481 -1.4178 -8.4681 -7.308 -0.92 -8.567 -11.908 -3.02 -8.1494
3 0 -9.0481 -1.4178 -8.4681 -8.0945 -0.9824 -8.5546 -7.308 -0.92 -8.567
3 0 -8.0945 -0.9824 -8.5546 -7.8095 -0.8523 -8.5805 -7.308 -0.92 -8.567
3 0 -7.308 -0.92 -8.567 -7.8095 -0.8523 -8.5805 -7.443 -0.685 -8.6138
3 0 -17 -5.5 -6.6462 -17.097 -3.349 -8.084 -15.3 -4.35 -7.4149
4 16 -2 -6.187 -6.187 -18.337 -6.187 -6.187 -17 -5.5 -6.6462 -2 -3.349 -8.084
4 16 -18.433 -3.349 -8.084 -17.097 -3.349 -8.084 -17 -5.5 -6.6462 -18.337 -6.187 -6.187
3 0 -15.3 -4.35 -7.4149 -17.097 -3.349 -8.084 -13.554 -3.349 -8.084
4 16 -15.3 -4.35 -7.4149 -13.554 -3.349 -8.084 -2 -3.349 -8.084 -17 -5.5 -6.6462
4 16 -2 3.349 -8.084 -2.5 3.349 -8.084 -2.5 4.65 -7.2144 -2 6.187 -6.187
3 16 -4.25 4.4 -7.3815 -2 6.187 -6.187 -2.5 4.65 -7.2144
4 0 -12.208 3.48 -7.9964 -12.45 3.415 -8.0399 -12.45 3.686 -7.8587 -12.343 3.715 -7.8394
4 0 -12.45 3.415 -8.0399 -12.693 3.48 -7.9964 -12.557 3.715 -7.8394 -12.45 3.686 -7.8587
4 0 -12.635 3.793 -7.7872 -12.557 3.715 -7.8394 -12.693 3.48 -7.9964 -12.87 3.658 -7.8775
4 0 -7.486 5.55 -6.6128 -7.515 5.657 -6.5413 -7.28 5.793 -6.4504 -7.215 5.55 -6.6128
4 0 -7.515 5.443 -6.6843 -7.486 5.55 -6.6128 -7.215 5.55 -6.6128 -7.28 5.308 -6.7745
4 0 -7.593 5.365 -6.7364 -7.515 5.443 -6.6843 -7.28 5.308 -6.7745 -7.458 5.13 -6.8935
3 0 -7.515 5.657 -6.5413 -7.756 6.187 -6.187 -7.28 5.793 -6.4504
4 0 -12.87 3.658 -7.8775 -13.546 3.349 -8.084 -16.25 5.85 -6.4123 -15.414 6.187 -6.187
4 16 -7.215 5.55 -6.6128 -7.28 5.793 -6.4504 -5.547 6.187 -6.187 -2 6.187 -6.187
4 16 -18.659 3.349 -8.084 -18.755 6.187 -6.187 -17.5 5.25 -6.8133 -17.45 3.349 -8.084
3 16 -7.28 5.308 -6.7745 -7.215 5.55 -6.6128 -2 6.187 -6.187
3 16 -17.5 5.25 -6.8133 -18.755 6.187 -6.187 -16.25 5.85 -6.4123
4 0 -2.5 3.349 -8.084 -7.808 3.349 -8.084 -6.9 3.7 -7.8494 -4.25 4.4 -7.3815
3 0 -2.5 3.349 -8.084 -4.25 4.4 -7.3815 -2.5 4.65 -7.2144
4 0 -17.5 5.25 -6.8133 -16.25 5.85 -6.4123 -13.546 3.349 -8.084 -17.45 3.349 -8.084
4 0 -13.852 6.187 -6.187 -12.635 3.793 -7.7872 -12.87 3.658 -7.8775 -15.414 6.187 -6.187
3 0 -7.28 5.793 -6.4504 -7.756 6.187 -6.187 -5.547 6.187 -6.187
3 16 -13.546 3.349 -8.084 -12.87 3.658 -7.8775 -12.693 3.48 -7.9964
3 16 -13.546 3.349 -8.084 -12.693 3.48 -7.9964 -12.45 3.415 -8.0399
3 16 -7.808 3.349 -8.084 -13.546 3.349 -8.084 -12.45 3.415 -8.0399
3 16 -7.808 3.349 -8.084 -12.45 3.415 -8.0399 -12.208 3.48 -7.9964
4 16 -7.458 5.13 -6.8935 -6.9 3.7 -7.8494 -7.808 3.349 -8.084 -12.208 3.48 -7.9964
4 16 -4.25 4.4 -7.3815 -6.9 3.7 -7.8494 -7.28 5.308 -6.7745 -2 6.187 -6.187
3 16 -6.9 3.7 -7.8494 -7.458 5.13 -6.8935 -7.28 5.308 -6.7745
3 16 -16.25 5.85 -6.4123 -18.755 6.187 -6.187 -15.414 6.187 -6.187
4 272 -12.557 3.715 -7.8394 -12.635 3.793 -7.7872 -12.343 3.715 -7.8394 -12.45 3.686 -7.8587
4 272 -12.635 3.793 -7.7872 -11.3467 4.8221 -7.0994 -11.0411 4.1672 -7.5371 -12.343 3.715 -7.8394
4 272 -10.9204 4.6515 -7.2134 -9.7182 5.1467 -6.8824 -9.5094 4.6993 -7.1814 -10.7428 4.2708 -7.4678
4 272 -8.6267 6.187 -6.187 -8.1608 5.1678 -6.8683 -9.2111 4.8029 -7.1122 -9.5467 5.5221 -6.6315
3 272 -12.635 3.793 -7.7872 -13.852 6.187 -6.187 -11.3467 4.8221 -7.0994
4 272 -7.8638 5.2709 -6.7993 -8.2825 6.187 -6.187 -7.756 6.187 -6.187 -7.515 5.657 -6.5413
4 272 -7.8638 5.2709 -6.7993 -7.515 5.657 -6.5413 -7.515 5.443 -6.6843 -7.593 5.365 -6.7364
3 272 -7.515 5.443 -6.6843 -7.515 5.657 -6.5413 -7.486 5.55 -6.6128
4 272 -11.3467 4.8221 -7.0994 -13.852 6.187 -6.187 -8.6267 6.187 -6.187 -9.5467 5.5221 -6.6315
4 0 -8.6267 6.187 -6.187 -8.2825 6.187 -6.187 -7.8638 5.2709 -6.7993 -8.1608 5.1678 -6.8683
3 0 -7.458 5.13 -6.8935 -7.8638 5.2709 -6.7993 -7.593 5.365 -6.7364
3 0 -7.458 5.13 -6.8935 -8.1608 5.1678 -6.8683 -7.8638 5.2709 -6.7993
4 0 -9.7182 5.1467 -6.8824 -9.5467 5.5221 -6.6315 -9.2111 4.8029 -7.1122 -9.5094 4.6993 -7.1814
4 0 -11.3467 4.8221 -7.0994 -10.9204 4.6515 -7.2134 -10.7428 4.2708 -7.4678 -11.0411 4.1672 -7.5371
4 0 -10.9204 4.6515 -7.2134 -11.3467 4.8221 -7.0994 -9.5467 5.5221 -6.6315 -9.7182 5.1467 -6.8824
3 0 -12.208 3.48 -7.9964 -12.343 3.715 -7.8394 -11.0411 4.1672 -7.5371
3 0 -12.208 3.48 -7.9964 -11.0411 4.1672 -7.5371 -10.7428 4.2708 -7.4678
4 0 -10.7428 4.2708 -7.4678 -9.5094 4.6993 -7.1814 -7.458 5.13 -6.8935 -12.208 3.48 -7.9964
3 0 -9.5094 4.6993 -7.1814 -9.2111 4.8029 -7.1122 -7.458 5.13 -6.8935
3 0 -9.2111 4.8029 -7.1122 -8.1608 5.1678 -6.8683 -7.458 5.13 -6.8935
4 16 -19.23 20 -10 -19.5 28 -10 -1.5 28 -10 -1.5 20 -10
4 0 -9.2 9.064 -4 -9.307 9.035 -4 -9.443 9.27 -4 -9.2 9.335 -4
4 0 -9.2 9.335 -4 -8.958 9.27 -4 -9.093 9.035 -4 -9.2 9.064 -4
4 0 -9.015 8.957 -4 -9.093 9.035 -4 -8.958 9.27 -4 -8.78 9.093 -4
4 16 -6.9 9.8 -4 -8.78 9.093 -4 -8.958 9.27 -4 -1.5 20 -4
4 16 -19.23 20 -4 -9.443 9.27 -4 -13.886 7.399 -4 -18.804 7.399 -4
4 16 -19.23 20 -4 -1.5 20 -4 -9.2 9.335 -4 -9.443 9.27 -4
3 16 -8.958 9.27 -4 -9.2 9.335 -4 -1.5 20 -4
3 16 -6.9 9.8 -4 -1.5 20 -4 -4.5 10.45 -4
3 16 -4.5 10.45 -4 -1.5 20 -4 -2.5 10.8 -4
4 0 -8.307 7.399 -4 -9.015 8.957 -4 -6.9 9.8 -4 -2.5 7.399 -4
3 0 -9.015 8.957 -4 -8.78 9.093 -4 -6.9 9.8 -4
4 0 -2.5 7.399 -4 -6.9 9.8 -4 -4.5 10.45 -4 -2.5 10.8 -4
4 16 -2 7.657 -4 -2 7.399 -4 -2.5 7.399 -4 -2.5 10.8 -4
4 16 -2.5 10.8 -4 -1.5 20 -4 -1.5 7.657 -4 -2 7.657 -4
4 272 -8.307 7.399 -4 -8.8365 7.399 -4 -9.307 9.035 -4 -9.015 8.957 -4
3 272 -8.8365 7.399 -4 -9.5396 8.9371 -4 -9.307 9.035 -4
4 272 -9.015 8.957 -4 -9.307 9.035 -4 -9.2 9.064 -4 -9.093 9.035 -4
4 272 -10.9499 8.3432 -4 -9.8282 8.8155 -4 -9.1807 7.399 -4 -10.5942 7.5808 -4
3 272 -9.1807 7.399 -4 -11.0618 7.399 -4 -10.5942 7.5808 -4
3 272 -11.876 7.399 -4 -12.2893 7.399 -4 -12.4376 7.7167 -4
4 272 -12.4376 7.7167 -4 -11.2396 8.2212 -4 -11.0204 7.7515 -4 -11.876 7.399 -4
3 272 -12.636 7.399 -4 -13.192 7.399 -4 -12.7273 7.5947 -4
3 0 -13.192 7.399 -4 -13.886 7.399 -4 -12.7273 7.5947 -4
3 0 -13.886 7.399 -4 -12.4376 7.7167 -4 -12.7273 7.5947 -4
3 0 -13.886 7.399 -4 -11.2396 8.2212 -4 -12.4376 7.7167 -4
4 0 -11.2396 8.2212 -4 -13.886 7.399 -4 -9.443 9.27 -4 -10.9499 8.3432 -4
3 0 -10.9499 8.3432 -4 -9.443 9.27 -4 -9.8282 8.8155 -4
3 0 -9.8282 8.8155 -4 -9.443 9.27 -4 -9.5396 8.9371 -4
3 0 -9.5396 8.9371 -4 -9.443 9.27 -4 -9.307 9.035 -4
4 0 -9.8282 8.8155 -4 -9.5396 8.9371 -4 -8.8365 7.399 -4 -9.1807 7.399 -4
4 0 -12.7273 7.5947 -4 -12.4376 7.7167 -4 -12.2893 7.399 -4 -12.636 7.399 -4
4 0 -11.876 7.399 -4 -11.0204 7.7515 -4 -10.5942 7.5808 -4 -11.0618 7.399 -4
4 0 -11.2396 8.2212 -4 -10.9499 8.3432 -4 -10.5942 7.5808 -4 -11.0204 7.7515 -4
