0 Minifig Weapon Grappling Hook Tip
0 Name: 40598b.dat
0 Author: Gerald Lasser [GeraldLasser]
0 !LDRAW_ORG Unofficial_Part 
0 !LICENSE Redistributable under CCAL version 2.0 : see CAreadme.txt

0 BFC CERTIFY CCW

0 !CATEGORY Minifig Accessory
0 !KEYWORDS Minifig Accessory Pack #10


1 16 0 0 0 0 0 -1 0 1 0 1 0 0 stud2.dat
1 16 0 2.5 0 0 0 1 0 -1.375 0 -1 0 0 stud4.dat

1 16 0 2 16 0 0 5.5 -5.5 0 0 0 -2.5 0 4-4cylc.dat
1 16 0 2 26 0 0 4 4 0 0 0 -10 0 4-4cylc.dat

1 16 0 2 13.5 0 0 7.5 -7.5 0 0 0 -2.5 0 3-8cylo.dat
1 16 0 2 13.5 0 0 -7.5 -7.5 0 0 0 -2.5 0 3-8cylo.dat
1 16 0 2 13.5 0 0 7.5 -7.5 0 0 0 -1 0 3-8chrd.dat
1 16 0 2 13.5 0 0 -7.5 -7.5 0 0 0 -1 0 3-8chrd.dat
3 16 -5.3033 7.3033 13.5 0 -5.5 13.5 5.3033 7.3033 13.5
4 16 -5.3033 7.3033 13.5 5.3033 7.3033 13.5 4.2607 8 13.5 -4.2607 8 13.5
1 16 0 2 11 0 0 7.5 -7.5 0 0 0 1 0 3-8chrd.dat
1 16 0 2 11 0 0 -7.5 -7.5 0 0 0 1 0 3-8chrd.dat
3 16 5.30325 7.30325 11 0 -5.5 11 -5.30325 7.30325 11
4 16 4.2607 8 11 5.3033 7.3033 11 -5.3033 7.3033 11 -4.2607 8 11
1 16 4.782 7.65165 12.25 0 0 -.5213 0 -1 .34835 -1.25 0 0 rect3.dat
1 16 -4.782 7.65165 12.25 0 0 .5213 0 -1 .34835 1.25 0 0 rect3.dat
1 16 0 8 12.25 -4.2607 0 0 0 -1 0 0 0 1.25 rect2p.dat
5 24 5.3033 7.3033 13.5 5.3033 7.3033 11 4.2607 8 11 6.9293 4.8703 11
5 24 -5.3033 7.3033 13.5 -5.3033 7.3033 11 -4.2607 8 11 -6.9293 4.8703 11

1 16 0 0 0 1 0 0 0 1 0 0 0 1 s\40598bs01.dat
1 16 0 0 0 -1 0 0 0 1 0 0 0 1 s\40598bs01.dat
1 16 0 2.5 0 1 0 0 0 -1 0 0 0 1 s\40598bs01.dat
1 16 0 2.5 0 -1 0 0 0 -1 0 0 0 1 s\40598bs01.dat

0 BFC INVERTNEXT
1 16 0 0 -15 0 0 2 0 -3.5 0 -2 0 0 4-4cylc.dat
1 16 0 -3.5 -15 0 0 2 0 1 0 -2 0 0 4-4ndis.dat
0 BFC INVERTNEXT
1 16 0 2.5 -15 0 0 2 0 3.5 0 -2 0 0 4-4cylc.dat
1 16 0 6 -15 0 0 2 0 -1 0 -2 0 0 4-4ndis.dat

0 // Centre
1 16 0 0 0 -10 0 0 0 2.5 0 0 0 10 3-16cylo.dat
1 16 -13.8519 1.25 -4.7717 2.6173 0 0 0 0 1.25 .9239 -1 0 rect2p.dat
1 16 -10 1.25 -1 0 1 0 0 0 1.25 1 0 0 rect2p.dat
0 BFC INVERTNEXT
1 16 -12 0 -2 2 0 0 0 2.5 0 0 0 -2 3-16cylo.dat
0 BFC INVERTNEXT
1 16 -18 0 -2 -4 0 0 0 2.5 0 0 0 4 3-16cylo.dat
0 BFC INVERTNEXT
1 16 -18 0 -2 -4 0 0 0 2.5 0 0 0 -4 5-16cylo.dat
1 16 -19.7 0 3.2 1.5 0 0 0 2.5 0 0 0 -1.5 3-16cylo.dat
1 16 -21 0 6 .95671 0 2.3097 0 2.5 0 2.3097 0 -.95671 1-8cylo.dat
1 16 -18.44515 1.25 5.07835 -.24515 0 0 0 0 -1.25 1.87835 -1 0 rect2p.dat
1 16 -19.3284 1.25 1.7549 .2024 0 0 0 0 -1.25 .0593 1 0 rect2p.dat
1 16 -20.55005 1.25 8.5196 .50675 0 0 0 0 1.25 -.2099 -1 0 rect2p.dat
4 16 -23.8285 -3.5 9.8776 -21.0568 0 8.7295 -21.0568 2.5 8.7295 -23.8285 6 9.8776
2 24 -23.8285 -3.5 9.8776 -23.8285 6 9.8776

5 24 -18.6903 0 6.9567 -18.6903 2.5 6.9567 -19.2322 0 7.7678 -18.2 0 3.2
5 24 -18.2 0 3.2 -18.2 2.5 3.2 -18.6903 2.5 6.9567 -18.3142 2.5 2.626
5 24 -19.126 0 1.8142 -19.126 2.5 1.8142 -19.5308 2.5 1.6956 -18.6394 2.5 2.1394
5 24 -19.5308 0 1.6956 -19.5308 2.5 1.6956 -19.126 2.5 1.8142 -20.8284 2.5 .8284
5 24 -16.4692 0 -5.6956 -16.4692 2.5 -5.6956 -18 2.5 -6 -11.2346 2.5 -3.8478
5 24 -11.2346 0 -3.8478 -11.2346 2.5 -3.8478 -16.4692 2.5 -5.6956 -10.5858 2.5 -3.4142
5 24 -10 0 -2 -10 2.5 -2 -10 0 0 -10.1522 0 -2.7654

5 24 18.6903 0 6.9567 18.6903 2.5 6.9567 19.2322 0 7.7678 18.2 0 3.2
5 24 18.2 0 3.2 18.2 2.5 3.2 18.6903 2.5 6.9567 18.3142 2.5 2.626
5 24 19.126 0 1.8142 19.126 2.5 1.8142 19.5308 2.5 1.6956 18.6394 2.5 2.1394
5 24 19.5308 0 1.6956 19.5308 2.5 1.6956 19.126 2.5 1.8142 20.8284 2.5 .8284
5 24 16.4692 0 -5.6956 16.4692 2.5 -5.6956 18 2.5 -6 11.2346 2.5 -3.8478
5 24 11.2346 0 -3.8478 11.2346 2.5 -3.8478 16.4692 2.5 -5.6956 10.5858 2.5 -3.4142
5 24 10 0 -2 10 2.5 -2 10 0 0 10.1522 0 -2.7654

1 16 0 0 0 10 0 0 0 2.5 0 0 0 10 3-16cylo.dat
1 16 13.8519 1.25 -4.7717 -2.6173 0 0 0 0 1.25 .9239 -1 0 rect2p.dat
1 16 10 1.25 -1 0 -1 0 0 0 1.25 1 0 0 rect2p.dat
0 BFC INVERTNEXT
1 16 12 0 -2 -2 0 0 0 2.5 0 0 0 -2 3-16cylo.dat
0 BFC INVERTNEXT
1 16 18 0 -2 4 0 0 0 2.5 0 0 0 4 3-16cylo.dat
0 BFC INVERTNEXT
1 16 18 0 -2 4 0 0 0 2.5 0 0 0 -4 5-16cylo.dat
1 16 19.7 0 3.2 -1.5 0 0 0 2.5 0 0 0 -1.5 3-16cylo.dat
1 16 21 0 6 -.95671 0 -2.3097 0 2.5 0 2.3097 0 -.95671 1-8cylo.dat
1 16 18.44515 1.25 5.07835 .24515 0 0 0 0 -1.25 1.87835 -1 0 rect2p.dat
1 16 19.3284 1.25 1.7549 -.2024 0 0 0 0 -1.25 .0593 1 0 rect2p.dat
1 16 20.55005 1.25 8.5196 -.50675 0 0 0 0 1.25 -.2099 -1 0 rect2p.dat
4 16 21.0568 2.5 8.7295 21.0568 0 8.7295 23.8285 -3.5 9.8776 23.8285 6 9.8776
2 24 23.8285 -3.5 9.8776 23.8285 6 9.8776

3 16 0 0 -10 3.827 0 9.239 -3.827 0 9.239
3 16 0 2.5 -10 -3.827 2.5 9.239 3.827 2.5 9.239
1 16 0 1.25 11 0 0 3.827 1.25 0 0 0 -1.761 0 box4o4a.dat
2 24 -3.827 0 9.239 -3.827 2.5 9.239
2 24 3.827 0 9.239 3.827 2.5 9.239

0 // Outside
1 16 0 -3.5 -15 0 0 -5 0 9.5 0 -5 0 0 1-16cylo.dat
1 16 -22 -3.5 -4 -6.46716 0 -2.67878 0 9.5 0 2.67878 0 -6.46716 1-4cylo.dat
1 16 -13.29614 1.25 -15.04333 -11.38264 0 0 0 0 4.75 4.57617 1 0 rect2p.dat
1 16 0 -3.5 -15 0 0 5 0 9.5 0 -5 0 0 1-16cylo.dat
1 16 22 -3.5 -4 6.46716 0 2.67878 0 9.5 0 2.67878 0 -6.46716 1-4cylo.dat
1 16 13.29614 1.25 -15.04333 11.38264 0 0 0 0 4.75 4.57617 1 0 rect2p.dat
4 16 -24.78517 -3.5 7.56792 -23.8285 -3.5 9.8776 -23.8285 6 9.8776 -24.78517 6 7.56792
4 16 -24.78517 -3.5 7.56792 -24.78517 6 7.56792 -25.3592 6 6.1821 -25.3592 -3.5 6.1821
1 16 -26.91318 1.25 2.43044 1.55398 0 0 0 0 4.75 3.75166 -1 0 rect2p.dat
4 16 23.8285 6 9.8776 23.8285 -3.5 9.8776 24.78517 -3.5 7.56792 24.78517 6 7.56792
4 16 25.3592 6 6.1821 24.78517 6 7.56792 24.78517 -3.5 7.56792 25.3592 -3.5 6.1821
1 16 26.91318 1.25 2.43044 -1.55398 0 0 0 0 4.75 3.75166 -1 0 rect2p.dat
