0 Tile  1 x  8 with "Taj Mahal" Pattern
0 Name: 4162p1o.dat
0 Author: Orion Pobursky [OrionP]
0 !LDRAW_ORG Unofficial_Part 
0 !LICENSE Redistributable under CCAL version 2.0 : see CAreadme.txt

0 BFC CERTIFY CCW

0 !KEYWORDS Set 21056


1 16 0 0 0 1 0 0 0 1 0 0 0 1 s\4162s01.dat

4 15 -23.947 0 2.777 -21.424 0 1.805 -20.334 0 1.805 -17.811 0 2.777
3 15 -23.947 0 2.777 -23.947 0 1.805 -21.424 0 1.805
4 15 -21.424 0 1.805 -21.424 0 -5.215 -20.334 0 -5.215 -20.334 0 1.805
3 15 -20.334 0 1.805 -17.811 0 1.805 -17.811 0 2.777
4 15 -16.235 0 -4.022 -17.186 0 -4.378 -16.812 0 -4.931 -16.031 0 -4.306
4 15 -17.311 0 -3.648 -17.186 0 -4.378 -16.235 0 -4.022 -16.303 0 -3.638
4 15 -17.188 0 -2.941 -17.311 0 -3.648 -16.303 0 -3.638 -16.245 0 -3.255
4 15 -16.82 0 -2.405 -17.188 0 -2.941 -16.245 0 -3.255 -16.07 0 -2.975
4 15 -16.031 0 -4.306 -16.812 0 -4.931 -16.215 0 -5.279 -15.702 0 -4.481
4 15 -15.255 0 -4.539 -15.702 0 -4.481 -15.423 0 -5.395 -14.863 0 -5.335
4 15 -16.07 0 -2.975 -15.761 0 -2.783 -16.201 0 -2.035 -16.82 0 -2.405
3 15 -15.702 0 -4.481 -16.215 0 -5.279 -15.423 0 -5.395
4 15 -15.761 0 -2.783 -15.304 0 -2.66 -15.325 0 -1.824 -16.201 0 -2.035
4 15 -17.045 0 -1.113 -17.045 0 -1.157 -16.123 0 -1.157 -16.037 0 -0.69
4 15 -16.89 0 -0.327 -17.045 0 -1.113 -16.037 0 -0.69 -16.427 0 0.275
4 15 -16.427 0 0.275 -16.037 0 -0.69 -15.779 0 -0.354 -15.691 0 0.658
4 15 -14.636 0 -1.749 -15.325 0 -1.824 -14.8 0 -2.59 -13.99 0 -2.447
4 15 -15.351 0 -0.15 -14.723 0 0.785 -15.691 0 0.658 -15.779 0 -0.354
3 15 -14.756 0 -0.082 -14.723 0 0.785 -15.351 0 -0.15
4 15 -14.723 0 0.785 -14.756 0 -0.082 -14.182 0 -0.138 -13.711 0 0.676
3 15 -15.325 0 -1.824 -15.304 0 -2.66 -14.8 0 -2.59
4 15 -14.539 0 -4.44 -15.255 0 -4.539 -14.863 0 -5.335 -14.335 0 -5.156
4 15 -14.539 0 -4.44 -14.335 0 -5.156 -13.837 0 -4.858 -13.964 0 -4.143
4 15 -13.367 0 -4.473 -13.306 0 -4.847 -12.374 0 -4.407 -13.367 0 -4.44
4 15 -13.964 0 -4.143 -13.837 0 -4.858 -13.367 0 -4.44 -13.585 0 -3.691
4 15 -12.374 0 -4.407 -13.306 0 -4.847 -13.123 0 -5.113 -12.818 0 -5.272
4 15 -12.374 0 -4.407 -12.818 0 -5.272 -12.39 0 -5.325 -12.081 0 -4.516
4 15 -12.081 0 -4.516 -12.39 0 -5.325 -12.138 0 -5.305 -11.826 0 -5.237
3 15 -11.826 0 -4.483 -11.975 0 -4.508 -11.826 0 -5.237
3 15 -12.081 0 -4.516 -11.826 0 -5.237 -11.975 0 -4.508
4 15 -13.367 0 -4.44 -12.374 0 -4.407 -12.455 0 -3.925 -13.585 0 -3.691
4 15 -13.459 0 -2.259 -13.725 0 -1.602 -14.037 0 -1.674 -13.99 0 -2.447
4 15 -13.711 0 0.676 -14.182 0 -0.138 -13.774 0 -0.305 -13.006 0 0.349
4 15 -13.006 0 0.349 -13.774 0 -0.305 -13.53 0 -0.583 -12.593 0 -0.211
3 15 -13.99 0 -2.447 -14.037 0 -1.674 -14.636 0 -1.749
4 15 -13.503 0 -1.431 -13.725 0 -1.602 -13.459 0 -2.259 -12.455 0 -1.015
4 15 -13.459 0 -2.259 -13.459 0 -3.127 -12.455 0 -3.925 -12.455 0 -1.015
3 15 -13.585 0 -3.691 -12.455 0 -3.925 -13.459 0 -3.127
4 15 -12.593 0 -0.211 -13.53 0 -0.583 -13.448 0 -0.972 -12.455 0 -1.015
3 15 -13.448 0 -0.972 -13.503 0 -1.431 -12.455 0 -1.015
4 15 -11.362 0 -7.653 -10.982 0 -6.609 -11.481 0 -6.742 -11.807 0 -7.626
3 15 -11.671 0 -6.74 -11.807 0 -7.626 -11.481 0 -6.742
3 15 -11.671 0 -6.74 -11.801 0 -6.732 -11.807 0 -7.626
4 15 -9.881 0 -6.096 -10.858 0 -5.96 -10.982 0 -6.609 -9.965 0 -6.826
4 15 -9.881 0 0.598 -10.858 0 0.598 -10.858 0 -5.96 -9.881 0 -6.096
4 15 -10.982 0 -6.609 -11.362 0 -7.653 -10.672 0 -7.565 -10.217 0 -7.303
3 15 -10.217 0 -7.303 -9.965 0 -6.826 -10.982 0 -6.609
4 15 -10.858 0 2.777 -10.858 0 1.645 -9.881 0 1.645 -9.881 0 2.777
4 15 -1.685 0 -3.338 -4.038 0 0.895 -2.033 0 -5.215 -1.558 0 -3.742
3 15 -1.558 0 -3.742 -2.033 0 -5.215 -1.495 0 -3.994
3 15 -3.664 0 2.777 -5.217 0 2.777 -4.217 0 1.595
4 15 -4.217 0 1.595 -5.217 0 2.777 -5.217 0 -5.215 -4.217 0 -5.215
4 15 -3.664 0 2.777 -4.136 0 1.22 -4.038 0 0.895 -1.685 0 -3.338
3 15 -4.217 0 1.595 -4.136 0 1.22 -3.664 0 2.777
4 15 1.05 0 0.895 0.736 0 2.777 -1.316 0 -3.338 -1.006 0 -5.215
4 15 -1.408 0 -3.636 -1.495 0 -3.994 -1.006 0 -5.215 -1.316 0 -3.338
3 15 -2.033 0 -5.215 -1.006 0 -5.215 -1.495 0 -3.994
4 15 2.291 0 -5.215 2.291 0 2.777 1.24 0 1.595 1.24 0 -5.215
4 15 0.736 0 2.777 1.05 0 0.895 1.154 0 1.245 1.24 0 1.595
3 15 2.291 0 2.777 0.736 0 2.777 1.24 0 1.595
4 15 4.617 0 -4.022 3.666 0 -4.378 4.04 0 -4.931 4.82 0 -4.306
4 15 3.541 0 -3.648 3.666 0 -4.378 4.617 0 -4.022 4.549 0 -3.638
4 15 3.664 0 -2.941 3.541 0 -3.648 4.549 0 -3.638 4.607 0 -3.255
4 15 4.032 0 -2.405 3.664 0 -2.941 4.607 0 -3.255 4.782 0 -2.975
4 15 4.82 0 -4.306 4.04 0 -4.931 4.637 0 -5.279 5.15 0 -4.481
4 15 5.596 0 -4.539 5.15 0 -4.481 5.429 0 -5.395 5.988 0 -5.335
4 15 4.782 0 -2.975 5.09 0 -2.783 4.651 0 -2.035 4.032 0 -2.405
3 15 4.637 0 -5.279 5.429 0 -5.395 5.15 0 -4.481
4 15 5.09 0 -2.783 5.548 0 -2.66 5.527 0 -1.824 4.651 0 -2.035
4 15 3.807 0 -1.113 3.807 0 -1.157 4.729 0 -1.157 4.815 0 -0.69
4 15 3.961 0 -0.327 3.807 0 -1.113 4.815 0 -0.69 4.425 0 0.275
4 15 4.425 0 0.275 4.815 0 -0.69 5.073 0 -0.354 5.16 0 0.658
4 15 6.216 0 -1.749 5.527 0 -1.824 6.052 0 -2.59 6.862 0 -2.447
4 15 5.501 0 -0.15 6.129 0 0.785 5.16 0 0.658 5.073 0 -0.354
3 15 6.129 0 0.785 5.501 0 -0.15 6.096 0 -0.082
4 15 6.129 0 0.785 6.096 0 -0.082 6.67 0 -0.138 7.141 0 0.676
3 15 5.548 0 -2.66 6.052 0 -2.59 5.527 0 -1.824
4 15 6.313 0 -4.44 5.596 0 -4.539 5.988 0 -5.335 6.517 0 -5.156
4 15 6.313 0 -4.44 6.517 0 -5.156 7.015 0 -4.858 6.888 0 -4.143
4 15 7.485 0 -4.473 7.546 0 -4.847 8.478 0 -4.407 7.485 0 -4.44
4 15 6.888 0 -4.143 7.015 0 -4.858 7.485 0 -4.44 7.266 0 -3.691
4 15 8.478 0 -4.407 7.546 0 -4.847 7.729 0 -5.113 8.034 0 -5.272
4 15 8.478 0 -4.407 8.034 0 -5.272 8.461 0 -5.325 8.771 0 -4.516
4 15 8.771 0 -4.516 8.461 0 -5.325 8.714 0 -5.305 9.026 0 -5.237
3 15 8.876 0 -4.508 9.026 0 -5.237 9.026 0 -4.483
3 15 9.026 0 -5.237 8.876 0 -4.508 8.771 0 -4.516
4 15 7.485 0 -4.44 8.478 0 -4.407 8.397 0 -3.925 7.266 0 -3.691
4 15 7.393 0 -2.259 7.127 0 -1.602 6.815 0 -1.674 6.862 0 -2.447
4 15 7.141 0 0.676 6.67 0 -0.138 7.078 0 -0.305 7.846 0 0.349
4 15 7.846 0 0.349 7.078 0 -0.305 7.322 0 -0.583 8.259 0 -0.211
3 15 6.815 0 -1.674 6.216 0 -1.749 6.862 0 -2.447
4 15 7.349 0 -1.431 7.127 0 -1.602 7.393 0 -2.259 8.397 0 -1.015
4 15 7.393 0 -2.259 7.393 0 -3.127 8.397 0 -3.925 8.397 0 -1.015
3 15 8.397 0 -3.925 7.393 0 -3.127 7.266 0 -3.691
4 15 8.259 0 -0.211 7.322 0 -0.583 7.404 0 -0.972 8.397 0 -1.015
3 15 7.349 0 -1.431 8.397 0 -1.015 7.404 0 -0.972
4 15 9.924 0 -5.215 10.901 0 -5.215 10.901 0 -1.78 9.924 0 2.777
4 15 10.901 0 -0.223 11.017 0 -1.099 11.367 0 -0.573 11.216 0 0.193
4 15 11.216 0 0.193 11.367 0 -0.573 11.915 0 -0.237 11.633 0 0.496
4 15 10.901 0 -1.78 11.017 0 -1.099 10.901 0 -0.223 9.924 0 2.777
3 15 9.924 0 2.777 10.901 0 -0.223 10.901 0 2.777
4 15 12.139 0 0.68 11.633 0 0.496 11.915 0 -0.237 12.625 0 -0.125
4 15 12.723 0 0.742 12.139 0 0.68 12.625 0 -0.125 13.171 0 -0.207
4 15 13.791 0 -1.639 13.791 0 -5.215 14.779 0 -1.726 14.779 0 -1.449
4 15 13.725 0 -0.911 13.791 0 -1.639 14.779 0 -1.449 14.764 0 -0.914
3 15 14.779 0 -5.215 14.779 0 -1.726 13.791 0 -5.215
4 15 13.725 0 -0.911 14.764 0 -0.914 14.72 0 -0.546 14.524 0 -0.05
4 15 13.83 0 0.544 13.328 0 0.693 13.171 0 -0.207 13.528 0 -0.451
3 15 12.723 0 0.742 13.171 0 -0.207 13.328 0 0.693
4 15 13.528 0 -0.451 14.524 0 -0.05 14.229 0 0.297 13.83 0 0.544
3 15 13.725 0 -0.911 14.524 0 -0.05 13.528 0 -0.451
4 15 16.968 0 -4.022 16.018 0 -4.378 16.392 0 -4.931 17.172 0 -4.306
4 15 15.893 0 -3.648 16.018 0 -4.378 16.968 0 -4.022 16.901 0 -3.638
4 15 16.015 0 -2.941 15.893 0 -3.648 16.901 0 -3.638 16.959 0 -3.255
4 15 16.384 0 -2.405 16.015 0 -2.941 16.959 0 -3.255 17.134 0 -2.975
4 15 17.172 0 -4.306 16.392 0 -4.931 16.989 0 -5.279 17.502 0 -4.481
4 15 17.948 0 -4.539 17.502 0 -4.481 17.781 0 -5.395 18.34 0 -5.335
4 15 17.134 0 -2.975 17.442 0 -2.783 17.003 0 -2.035 16.384 0 -2.405
3 15 16.989 0 -5.279 17.781 0 -5.395 17.502 0 -4.481
4 15 17.442 0 -2.783 17.899 0 -2.66 17.878 0 -1.824 17.003 0 -2.035
4 15 16.158 0 -1.113 16.158 0 -1.157 17.08 0 -1.157 17.166 0 -0.69
4 15 16.313 0 -0.327 16.158 0 -1.113 17.166 0 -0.69 16.777 0 0.275
4 15 16.777 0 0.275 17.166 0 -0.69 17.425 0 -0.354 17.512 0 0.658
4 15 18.567 0 -1.749 17.878 0 -1.824 18.404 0 -2.59 19.214 0 -2.447
4 15 17.853 0 -0.15 18.48 0 0.785 17.512 0 0.658 17.425 0 -0.354
3 15 18.48 0 0.785 17.853 0 -0.15 18.448 0 -0.082
4 15 18.48 0 0.785 18.448 0 -0.082 19.021 0 -0.138 19.493 0 0.676
3 15 17.899 0 -2.66 18.404 0 -2.59 17.878 0 -1.824
4 15 18.664 0 -4.44 17.948 0 -4.539 18.34 0 -5.335 18.868 0 -5.156
4 15 18.664 0 -4.44 18.868 0 -5.156 19.367 0 -4.858 19.24 0 -4.143
4 15 19.836 0 -4.473 19.898 0 -4.847 20.829 0 -4.407 19.836 0 -4.44
4 15 19.24 0 -4.143 19.367 0 -4.858 19.836 0 -4.44 19.618 0 -3.691
4 15 20.829 0 -4.407 19.898 0 -4.847 20.081 0 -5.113 20.386 0 -5.272
4 15 20.829 0 -4.407 20.386 0 -5.272 20.813 0 -5.325 21.122 0 -4.516
4 15 21.122 0 -4.516 20.813 0 -5.325 21.065 0 -5.305 21.377 0 -5.237
3 15 21.228 0 -4.508 21.377 0 -5.237 21.377 0 -4.483
3 15 21.377 0 -5.237 21.228 0 -4.508 21.122 0 -4.516
4 15 19.836 0 -4.44 20.829 0 -4.407 20.748 0 -3.925 19.618 0 -3.691
4 15 19.744 0 -2.259 19.478 0 -1.602 19.167 0 -1.674 19.214 0 -2.447
4 15 19.493 0 0.676 19.021 0 -0.138 19.43 0 -0.305 20.198 0 0.349
4 15 20.198 0 0.349 19.43 0 -0.305 19.674 0 -0.583 20.61 0 -0.211
3 15 19.167 0 -1.674 18.567 0 -1.749 19.214 0 -2.447
4 15 19.701 0 -1.431 19.478 0 -1.602 19.744 0 -2.259 20.748 0 -1.015
4 15 19.744 0 -2.259 19.744 0 -3.127 20.748 0 -3.925 20.748 0 -1.015
3 15 20.748 0 -3.925 19.744 0 -3.127 19.618 0 -3.691
4 15 20.61 0 -0.211 19.674 0 -0.583 19.755 0 -0.972 20.748 0 -1.015
3 15 19.701 0 -1.431 20.748 0 -1.015 19.755 0 -0.972
4 15 22.287 0 2.777 22.287 0 -5.215 23.279 0 -5.215 23.279 0 2.777
4 16 -80 0 -10 -16.215 0 -5.279 -20.334 0 -5.215 -21.424 0 -5.215
4 16 -11.807 0 -7.626 -15.423 0 -5.395 -16.215 0 -5.279 -80 0 -10
4 16 -14.335 0 -5.156 -14.863 0 -5.335 -11.807 0 -7.626 -11.801 0 -6.732
3 16 -14.863 0 -5.335 -15.423 0 -5.395 -11.807 0 -7.626
3 16 -20.334 0 -5.215 -16.812 0 -4.931 -17.186 0 -4.378
3 16 -20.334 0 -5.215 -16.215 0 -5.279 -16.812 0 -4.931
4 16 -23.947 0 1.805 -80 0 -10 -21.424 0 -5.215 -21.424 0 1.805
4 16 -14.335 0 -5.156 -11.801 0 -6.732 -12.818 0 -5.272 -13.123 0 -5.113
4 16 -11.826 0 -5.237 -12.138 0 -5.305 -11.801 0 -6.732 -11.671 0 -6.74
3 16 -12.138 0 -5.305 -12.39 0 -5.325 -11.801 0 -6.732
4 16 -13.837 0 -4.858 -14.335 0 -5.156 -13.123 0 -5.113 -13.306 0 -4.847
3 16 -13.306 0 -4.847 -13.367 0 -4.473 -13.837 0 -4.858
3 16 -12.39 0 -5.325 -12.818 0 -5.272 -11.801 0 -6.732
4 16 -16.235 0 -4.022 -16.031 0 -4.306 -15.702 0 -4.481 -16.303 0 -3.638
4 16 -15.761 0 -2.783 -16.07 0 -2.975 -16.245 0 -3.255 -16.303 0 -3.638
4 16 -15.761 0 -2.783 -16.303 0 -3.638 -15.702 0 -4.481 -15.255 0 -4.539
4 16 -20.334 0 -5.215 -17.311 0 -3.648 -17.188 0 -2.941 -17.045 0 -1.157
3 16 -20.334 0 -5.215 -17.186 0 -4.378 -17.311 0 -3.648
3 16 -13.837 0 -4.858 -13.367 0 -4.473 -13.367 0 -4.44
4 16 -13.964 0 -4.143 -13.585 0 -3.691 -14.8 0 -2.59 -14.539 0 -4.44
4 16 -12.455 0 -3.925 -12.374 0 -4.407 -12.081 0 -4.516 -11.975 0 -4.508
4 16 -12.455 0 -3.925 -11.975 0 -4.508 -11.826 0 -4.483 -12.455 0 -1.015
4 16 -15.304 0 -2.66 -15.255 0 -4.539 -14.539 0 -4.44 -14.8 0 -2.59
4 16 -14.8 0 -2.59 -13.585 0 -3.691 -13.459 0 -3.127 -13.99 0 -2.447
3 16 -11.807 0 -7.626 -80 0 -10 -11.362 0 -7.653
4 16 -10.858 0 -5.96 -11.826 0 -5.237 -11.671 0 -6.74 -11.481 0 -6.742
3 16 -10.982 0 -6.609 -10.858 0 -5.96 -11.481 0 -6.742
4 16 -11.826 0 -4.483 -11.826 0 -5.237 -10.858 0 -5.96 -10.858 0 0.598
4 16 -10.217 0 -7.303 -10.672 0 -7.565 -2.033 0 -5.215 -4.217 0 -5.215
3 16 -9.965 0 -6.826 -5.217 0 -5.215 -9.881 0 -6.096
4 16 -5.217 0 -5.215 -9.965 0 -6.826 -10.217 0 -7.303 -4.217 0 -5.215
3 16 -4.217 0 -5.215 -4.038 0 0.895 -4.136 0 1.22
4 16 2.291 0 -5.215 -10.672 0 -7.565 5.429 0 -5.395 4.637 0 -5.279
3 16 -2.033 0 -5.215 -10.672 0 -7.565 -1.006 0 -5.215
4 16 5.429 0 -5.395 -10.672 0 -7.565 80 0 -10 8.461 0 -5.325
3 16 -11.362 0 -7.653 80 0 -10 -10.672 0 -7.565
3 16 -1.006 0 -5.215 -10.672 0 -7.565 1.24 0 -5.215
3 16 1.24 0 -5.215 1.05 0 0.895 -1.006 0 -5.215
4 16 -1.685 0 -3.338 -1.558 0 -3.742 -1.408 0 -3.636 -1.316 0 -3.338
4 16 -9.881 0 0.598 -9.881 0 -6.096 -5.217 0 -5.215 -5.217 0 2.777
3 16 -1.495 0 -3.994 -1.408 0 -3.636 -1.558 0 -3.742
3 16 2.291 0 -5.215 3.666 0 -4.378 3.541 0 -3.648
3 16 3.666 0 -4.378 2.291 0 -5.215 4.04 0 -4.931
3 16 2.291 0 -5.215 4.637 0 -5.279 4.04 0 -4.931
4 16 5.15 0 -4.481 4.549 0 -3.638 4.617 0 -4.022 4.82 0 -4.306
4 16 5.09 0 -2.783 4.607 0 -3.255 4.549 0 -3.638 5.15 0 -4.481
4 16 3.664 0 -2.941 3.807 0 -1.157 2.291 0 -5.215 3.541 0 -3.648
3 16 1.24 0 -5.215 -10.672 0 -7.565 2.291 0 -5.215
3 16 -4.217 0 -5.215 -2.033 0 -5.215 -4.038 0 0.895
4 16 5.09 0 -2.783 5.15 0 -4.481 5.596 0 -4.539 5.548 0 -2.66
3 16 -11.362 0 -7.653 -80 0 -10 80 0 -10
3 16 -16.82 0 -2.405 -17.045 0 -1.157 -17.188 0 -2.941
4 16 -16.123 0 -1.157 -16.201 0 -2.035 -15.325 0 -1.824 -16.037 0 -0.69
4 16 -17.045 0 -1.157 -16.82 0 -2.405 -16.201 0 -2.035 -16.123 0 -1.157
4 16 -20.334 0 1.805 -20.334 0 -5.215 -17.045 0 -1.157 -17.045 0 -1.113
3 16 -15.761 0 -2.783 -15.255 0 -4.539 -15.304 0 -2.66
4 16 -14.182 0 -0.138 -14.636 0 -1.749 -14.037 0 -1.674 -13.774 0 -0.305
4 16 -13.448 0 -0.972 -14.037 0 -1.674 -13.725 0 -1.602 -13.503 0 -1.431
4 16 -13.774 0 -0.305 -14.037 0 -1.674 -13.448 0 -0.972 -13.53 0 -0.583
4 16 -15.325 0 -1.824 -14.636 0 -1.749 -15.351 0 -0.15 -15.779 0 -0.354
3 16 -15.779 0 -0.354 -16.037 0 -0.69 -15.325 0 -1.824
4 16 -16.89 0 -0.327 -17.811 0 1.805 -20.334 0 1.805 -17.045 0 -1.113
4 16 -23.947 0 1.805 -23.947 0 2.777 -80 0 10 -80 0 -10
3 16 -17.811 0 2.777 -80 0 10 -23.947 0 2.777
4 16 -15.691 0 0.658 -17.811 0 2.777 -17.811 0 1.805 -16.427 0 0.275
3 16 -10.858 0 2.777 -80 0 10 -17.811 0 2.777
3 16 -17.811 0 1.805 -16.89 0 -0.327 -16.427 0 0.275
4 16 -14.756 0 -0.082 -15.351 0 -0.15 -14.636 0 -1.749 -14.182 0 -0.138
4 16 -14.723 0 0.785 -10.858 0 2.777 -17.811 0 2.777 -15.691 0 0.658
4 16 -10.858 0 2.777 -14.723 0 0.785 -13.711 0 0.676 -10.858 0 1.645
3 16 -13.459 0 -3.127 -13.459 0 -2.259 -13.99 0 -2.447
4 16 2.291 0 2.777 2.291 0 -5.215 3.807 0 -1.157 3.807 0 -1.113
4 16 -10.858 0 0.598 -12.593 0 -0.211 -12.455 0 -1.015 -11.826 0 -4.483
3 16 3.961 0 -0.327 2.291 0 2.777 3.807 0 -1.113
3 16 4.032 0 -2.405 3.807 0 -1.157 3.664 0 -2.941
4 16 4.729 0 -1.157 3.807 0 -1.157 4.651 0 -2.035 5.527 0 -1.824
3 16 4.782 0 -2.975 4.607 0 -3.255 5.09 0 -2.783
4 16 5.073 0 -0.354 4.815 0 -0.69 5.527 0 -1.824 5.501 0 -0.15
3 16 5.527 0 -1.824 4.815 0 -0.69 4.729 0 -1.157
3 16 4.032 0 -2.405 4.651 0 -2.035 3.807 0 -1.157
3 16 4.425 0 0.275 2.291 0 2.777 3.961 0 -0.327
4 16 -10.858 0 0.598 -10.858 0 1.645 -13.006 0 0.349 -12.593 0 -0.211
4 16 -9.881 0 1.645 -10.858 0 0.598 -9.881 0 0.598 -5.217 0 2.777
3 16 -5.217 0 2.777 -9.881 0 2.777 -9.881 0 1.645
3 16 -9.881 0 2.777 -5.217 0 2.777 -80 0 10
3 16 -10.858 0 1.645 -10.858 0 0.598 -9.881 0 1.645
3 16 -10.858 0 2.777 -9.881 0 2.777 -80 0 10
3 16 -10.858 0 1.645 -13.711 0 0.676 -13.006 0 0.349
3 16 -4.217 0 1.595 -4.217 0 -5.215 -4.136 0 1.22
4 16 -3.664 0 2.777 -1.685 0 -3.338 -1.316 0 -3.338 0.736 0 2.777
4 16 -80 0 10 -3.664 0 2.777 0.736 0 2.777 80 0 10
3 16 1.24 0 -5.215 1.154 0 1.245 1.05 0 0.895
3 16 1.24 0 -5.215 1.24 0 1.595 1.154 0 1.245
4 16 2.291 0 2.777 5.16 0 0.658 6.129 0 0.785 9.924 0 2.777
3 16 2.291 0 2.777 4.425 0 0.275 5.16 0 0.658
3 16 -5.217 0 2.777 -3.664 0 2.777 -80 0 10
3 16 80 0 10 0.736 0 2.777 2.291 0 2.777
4 16 8.034 0 -5.272 6.517 0 -5.156 5.988 0 -5.335 8.461 0 -5.325
3 16 8.461 0 -5.325 5.988 0 -5.335 5.429 0 -5.395
4 16 6.517 0 -5.156 8.034 0 -5.272 7.729 0 -5.113 7.015 0 -4.858
3 16 7.729 0 -5.113 7.546 0 -4.847 7.015 0 -4.858
3 16 7.015 0 -4.858 7.546 0 -4.847 7.485 0 -4.473
4 16 9.924 0 -5.215 9.026 0 -5.237 8.714 0 -5.305 10.901 0 -5.215
3 16 9.026 0 -5.237 9.924 0 -5.215 9.026 0 -4.483
4 16 10.901 0 -5.215 8.714 0 -5.305 80 0 -10 13.791 0 -5.215
4 16 15.893 0 -3.648 14.779 0 -1.726 14.779 0 -5.215 16.018 0 -4.378
3 16 16.392 0 -4.931 14.779 0 -5.215 16.989 0 -5.279
4 16 10.901 0 -1.78 10.901 0 -5.215 13.791 0 -5.215 13.791 0 -1.639
3 16 14.779 0 -5.215 16.392 0 -4.931 16.018 0 -4.378
4 16 14.779 0 -5.215 13.791 0 -5.215 80 0 -10 17.781 0 -5.395
3 16 80 0 -10 8.714 0 -5.305 8.461 0 -5.325
4 16 8.771 0 -4.516 8.876 0 -4.508 8.397 0 -3.925 8.478 0 -4.407
4 16 6.052 0 -2.59 6.313 0 -4.44 6.888 0 -4.143 7.266 0 -3.691
3 16 7.015 0 -4.858 7.485 0 -4.473 7.485 0 -4.44
4 16 6.313 0 -4.44 6.052 0 -2.59 5.548 0 -2.66 5.596 0 -4.539
3 16 7.393 0 -2.259 6.862 0 -2.447 7.393 0 -3.127
4 16 7.393 0 -3.127 6.862 0 -2.447 6.052 0 -2.59 7.266 0 -3.691
4 16 9.026 0 -4.483 9.924 0 -5.215 8.397 0 -1.015 8.397 0 -3.925
3 16 15.893 0 -3.648 16.015 0 -2.941 14.779 0 -1.726
3 16 9.026 0 -4.483 8.397 0 -3.925 8.876 0 -4.508
4 16 14.779 0 -1.726 16.015 0 -2.941 16.384 0 -2.405 16.158 0 -1.157
4 16 18.868 0 -5.156 20.386 0 -5.272 20.081 0 -5.113 19.367 0 -4.858
3 16 20.081 0 -5.113 19.898 0 -4.847 19.367 0 -4.858
3 16 19.367 0 -4.858 19.898 0 -4.847 19.836 0 -4.473
4 16 20.386 0 -5.272 18.868 0 -5.156 18.34 0 -5.335 20.813 0 -5.325
4 16 80 0 -10 22.287 0 -5.215 21.065 0 -5.305 20.813 0 -5.325
3 16 21.377 0 -5.237 21.065 0 -5.305 22.287 0 -5.215
3 16 23.279 0 -5.215 22.287 0 -5.215 80 0 -10
3 16 22.287 0 -5.215 21.377 0 -4.483 21.377 0 -5.237
4 16 23.279 0 2.777 23.279 0 -5.215 80 0 -10 80 0 10
4 16 21.122 0 -4.516 21.228 0 -4.508 20.748 0 -3.925 20.829 0 -4.407
4 16 16.968 0 -4.022 17.172 0 -4.306 17.502 0 -4.481 16.901 0 -3.638
4 16 16.901 0 -3.638 17.502 0 -4.481 17.442 0 -2.783 16.959 0 -3.255
4 16 17.948 0 -4.539 18.664 0 -4.44 17.899 0 -2.66 17.442 0 -2.783
3 16 17.442 0 -2.783 17.134 0 -2.975 16.959 0 -3.255
3 16 17.442 0 -2.783 17.502 0 -4.481 17.948 0 -4.539
4 16 18.404 0 -2.59 17.899 0 -2.66 18.664 0 -4.44 19.24 0 -4.143
3 16 19.836 0 -4.44 19.367 0 -4.858 19.836 0 -4.473
4 16 19.618 0 -3.691 19.744 0 -3.127 18.404 0 -2.59 19.24 0 -4.143
3 16 19.744 0 -3.127 19.744 0 -2.259 19.214 0 -2.447
3 16 19.214 0 -2.447 18.404 0 -2.59 19.744 0 -3.127
4 16 21.377 0 -4.483 20.748 0 -1.015 20.748 0 -3.925 21.228 0 -4.508
4 16 20.748 0 -1.015 21.377 0 -4.483 22.287 0 -5.215 22.287 0 2.777
4 16 6.096 0 -0.082 5.501 0 -0.15 6.216 0 -1.749 6.67 0 -0.138
4 16 6.67 0 -0.138 6.216 0 -1.749 6.815 0 -1.674 7.078 0 -0.305
4 16 7.404 0 -0.972 7.322 0 -0.583 7.078 0 -0.305 6.815 0 -1.674
4 16 7.127 0 -1.602 7.349 0 -1.431 7.404 0 -0.972 6.815 0 -1.674
4 16 13.791 0 -1.639 11.367 0 -0.573 11.017 0 -1.099 10.901 0 -1.78
4 16 13.791 0 -1.639 13.725 0 -0.911 12.625 0 -0.125 11.915 0 -0.237
3 16 11.367 0 -0.573 13.791 0 -1.639 11.915 0 -0.237
4 16 13.725 0 -0.911 13.528 0 -0.451 13.171 0 -0.207 12.625 0 -0.125
4 16 8.397 0 -1.015 9.924 0 -5.215 9.924 0 2.777 8.259 0 -0.211
3 16 7.141 0 0.676 9.924 0 2.777 6.129 0 0.785
3 16 9.924 0 2.777 7.141 0 0.676 7.846 0 0.349
3 16 7.846 0 0.349 8.259 0 -0.211 9.924 0 2.777
3 16 11.216 0 0.193 10.901 0 2.777 10.901 0 -0.223
3 16 11.216 0 0.193 11.633 0 0.496 10.901 0 2.777
3 16 10.901 0 2.777 12.139 0 0.68 12.723 0 0.742
3 16 12.139 0 0.68 10.901 0 2.777 11.633 0 0.496
4 16 10.901 0 2.777 13.328 0 0.693 13.83 0 0.544 17.512 0 0.658
3 16 10.901 0 2.777 12.723 0 0.742 13.328 0 0.693
3 16 9.924 0 2.777 10.901 0 2.777 80 0 10
3 16 5.501 0 -0.15 5.527 0 -1.824 6.216 0 -1.749
3 16 14.779 0 -1.449 14.779 0 -1.726 16.158 0 -1.157
4 16 17.08 0 -1.157 16.158 0 -1.157 17.003 0 -2.035 17.878 0 -1.824
4 16 14.764 0 -0.914 14.779 0 -1.449 16.158 0 -1.157 16.158 0 -1.113
4 16 14.72 0 -0.546 14.764 0 -0.914 16.158 0 -1.113 16.313 0 -0.327
4 16 17.166 0 -0.69 17.08 0 -1.157 17.878 0 -1.824 17.425 0 -0.354
4 16 17.878 0 -1.824 18.567 0 -1.749 17.853 0 -0.15 17.425 0 -0.354
4 16 18.567 0 -1.749 19.167 0 -1.674 19.021 0 -0.138 18.448 0 -0.082
4 16 19.167 0 -1.674 19.478 0 -1.602 19.755 0 -0.972 19.43 0 -0.305
3 16 19.755 0 -0.972 19.478 0 -1.602 19.701 0 -1.431
3 16 16.158 0 -1.157 16.384 0 -2.405 17.003 0 -2.035
3 16 19.755 0 -0.972 19.674 0 -0.583 19.43 0 -0.305
4 16 14.524 0 -0.05 14.72 0 -0.546 16.313 0 -0.327 16.777 0 0.275
3 16 14.229 0 0.297 14.524 0 -0.05 16.777 0 0.275
4 16 16.777 0 0.275 17.512 0 0.658 13.83 0 0.544 14.229 0 0.297
3 16 17.853 0 -0.15 18.567 0 -1.749 18.448 0 -0.082
3 16 20.198 0 0.349 20.61 0 -0.211 22.287 0 2.777
3 16 18.48 0 0.785 19.493 0 0.676 22.287 0 2.777
3 16 22.287 0 2.777 23.279 0 2.777 80 0 10
3 16 22.287 0 2.777 19.493 0 0.676 20.198 0 0.349
3 16 20.748 0 -1.015 22.287 0 2.777 20.61 0 -0.211
4 16 17.512 0 0.658 18.48 0 0.785 22.287 0 2.777 10.901 0 2.777
3 16 19.021 0 -0.138 19.167 0 -1.674 19.43 0 -0.305
3 16 2.291 0 2.777 9.924 0 2.777 80 0 10
3 16 22.287 0 2.777 80 0 10 10.901 0 2.777
3 16 16.989 0 -5.279 14.779 0 -5.215 17.781 0 -5.395
4 16 18.34 0 -5.335 17.781 0 -5.395 80 0 -10 20.813 0 -5.325
