0 Sticker  1.0 x  2.8 with White "CARGO" and "CB 53320"
0 Name: 4201639g.dat
0 Author: Gerald Lasser [GeraldLasser]
0 !LDRAW_ORG Unofficial_Part 
0 !LICENSE Redistributable under CCAL version 2.0 : see CAreadme.txt

0 BFC CERTIFY CCW

0 !KEYWORDS Set 4512


1 16 0 -.25 -2 28 0 0 0 .25 0 0 0 10 box5-12.dat

1 16 0 -.25 .2 .42 0 0 0 1 0 0 0 .331 s\4201639s01a.dat
1 15 0 -.25 .2 .42 0 0 0 1 0 0 0 .331 s\4201639s01b.dat

4 16 -28 -.25 -12 -25.2 -.25 -6.751 -25.2 -.25 7.151 -28 -.25 8
4 16 -28 -.25 8 -25.2 -.25 7.151 25.2 -.25 7.151 28 -.25 8
4 16 28 -.25 8 25.2 -.25 7.151 25.2 -.25 -6.751 28 -.25 -12

4 16 -8.607 -.25 -7.717 -9 -.25 -8.2 -8.494 -.25 -7.904 -8.547 -.25 -7.752
4 15 13.462 -.25 -9.642 13.129 -.25 -9.286 12.994 -.25 -9.298 13.077 -.25 -9.654
4 15 12.994 -.25 -9.298 12.854 -.25 -9.288 12.188 -.25 -9.606 13.077 -.25 -9.654
4 16 -8.494 -.25 -8.995 -8.494 -.25 -8.778 -8.515 -.25 -8.66 -9 -.25 -9.213
4 15 -8.588 -.25 -9.173 -8.736 -.25 -9.201 -8.759 -.25 -9.61 -8.359 -.25 -9.605
3 16 12.994 -.25 -9.298 13.129 -.25 -9.286 13.206 -.25 -9.249
4 15 -7.556 -.25 -7.399 -7.9 -.25 -7.332 -8.607 -.25 -7.717 -8.547 -.25 -7.752
3 16 13.212 -.25 -7.647 12.782 -.25 -7.65 12.743 -.25 -7.73
4 15 -7.523 -.25 -9.568 -8.588 -.25 -9.173 -8.359 -.25 -9.605 -7.982 -.25 -9.6
3 16 13.212 -.25 -7.647 13.138 -.25 -7.611 13 -.25 -7.599
4 16 12.73 -.25 -7.879 13.259 -.25 -7.879 13.212 -.25 -7.647 12.743 -.25 -7.73
4 15 -7.463 -.25 -8.303 -8.51 -.25 -8.071 -8.559 -.25 -8.157 -7.864 -.25 -8.356
3 15 -7.864 -.25 -8.356 -8.559 -.25 -8.157 -8.66 -.25 -8.19
4 15 -8.515 -.25 -8.66 -7.864 -.25 -8.356 -8.66 -.25 -8.19 -8.576 -.25 -8.599
4 15 -9.006 -.25 -7.287 -8.682 -.25 -7.697 -8.607 -.25 -7.717 -7.9 -.25 -7.332
4 16 13.259 -.25 -9.029 12.741 -.25 -9.173 13.206 -.25 -9.249 13.245 -.25 -9.169
4 16 12.73 -.25 -7.879 12.73 -.25 -8.393 13.259 -.25 -8.514 13.259 -.25 -7.879
4 15 -7.188 -.25 -7.589 -7.288 -.25 -7.511 -7.556 -.25 -7.399 -8.547 -.25 -7.752
4 15 -7.257 -.25 -8.462 -7.416 -.25 -8.419 -7.864 -.25 -8.356 -8.515 -.25 -8.66
3 16 -7.463 -.25 -8.303 -7.864 -.25 -8.356 -7.416 -.25 -8.419
4 16 13.259 -.25 -9.029 13.259 -.25 -8.514 12.73 -.25 -8.393 12.73 -.25 -9.011
4 16 -7.257 -.25 -8.462 -7.223 -.25 -8.233 -7.463 -.25 -8.303 -7.416 -.25 -8.419
3 16 12.73 -.25 -9.011 12.741 -.25 -9.173 13.259 -.25 -9.029
4 16 -7.1 -.25 -8.121 -7.223 -.25 -8.233 -7.257 -.25 -8.462 -7.141 -.25 -8.512
4 15 -8.51 -.25 -8.071 -7.463 -.25 -8.303 -7.223 -.25 -8.233 -7.1 -.25 -8.121
4 15 -7.188 -.25 -7.589 -8.547 -.25 -7.752 -8.494 -.25 -7.904 -7.116 -.25 -7.688
4 15 13.138 -.25 -7.611 13.428 -.25 -7.259 12.964 -.25 -7.243 13 -.25 -7.599
3 15 -7.088 -.25 -9.415 -7.523 -.25 -9.568 -7.265 -.25 -9.51
4 15 -7.523 -.25 -9.568 -7.088 -.25 -9.415 -8.518 -.25 -9.111 -8.588 -.25 -9.173
4 15 13.206 -.25 -9.249 13.129 -.25 -9.286 13.462 -.25 -9.642 13.806 -.25 -9.608
3 15 -7.116 -.25 -7.688 -8.494 -.25 -7.904 -7.059 -.25 -7.948
4 15 -7.1 -.25 -8.121 -7.059 -.25 -7.948 -8.494 -.25 -7.904 -8.51 -.25 -8.071
4 15 13.428 -.25 -7.259 13.138 -.25 -7.611 13.212 -.25 -7.647 13.841 -.25 -7.309
4 15 14.559 -.25 -9.349 13.245 -.25 -9.169 13.206 -.25 -9.249 14.364 -.25 -9.458
4 15 -6.947 -.25 -9.063 -8.518 -.25 -9.111 -7.088 -.25 -9.415 -6.982 -.25 -9.269
4 16 -7.141 -.25 -8.512 -6.996 -.25 -8.652 -7.059 -.25 -7.948 -7.1 -.25 -8.121
4 15 13.806 -.25 -9.608 14.11 -.25 -9.547 14.364 -.25 -9.458 13.206 -.25 -9.249
4 15 -7.257 -.25 -8.462 -8.515 -.25 -8.66 -6.996 -.25 -8.652 -7.141 -.25 -8.512
4 15 14.418 -.25 -7.473 14.18 -.25 -7.384 13.841 -.25 -7.309 13.212 -.25 -7.647
4 15 -8.518 -.25 -9.111 -6.947 -.25 -9.063 -6.947 -.25 -8.85 -8.494 -.25 -8.995
3 15 14.671 -.25 -9.234 13.245 -.25 -9.169 14.559 -.25 -9.349
3 15 -6.947 -.25 -8.85 -8.494 -.25 -8.778 -8.494 -.25 -8.995
3 15 14.418 -.25 -7.473 13.212 -.25 -7.647 14.58 -.25 -7.575
4 15 -8.515 -.25 -8.66 -8.494 -.25 -8.778 -6.947 -.25 -8.85 -6.996 -.25 -8.652
4 15 14.747 -.25 -8.522 13.259 -.25 -8.514 13.259 -.25 -9.029 14.728 -.25 -9.077
4 15 14.671 -.25 -9.234 14.728 -.25 -9.077 13.259 -.25 -9.029 13.245 -.25 -9.169
4 15 14.58 -.25 -7.575 13.212 -.25 -7.647 13.259 -.25 -7.879 14.676 -.25 -7.691
3 15 14.676 -.25 -7.691 13.259 -.25 -7.879 14.73 -.25 -7.846
3 15 14.747 -.25 -8.074 13.259 -.25 -8.514 14.747 -.25 -8.522
4 15 13.259 -.25 -8.514 14.747 -.25 -8.074 14.73 -.25 -7.846 13.259 -.25 -7.879
3 16 28 -.25 -12 14.728 -.25 -9.077 14.671 -.25 -9.234
3 16 28 -.25 -12 14.747 -.25 -8.522 14.728 -.25 -9.077
3 16 28 -.25 -12 13.806 -.25 -9.608 13.462 -.25 -9.642
3 16 28 -.25 -12 14.559 -.25 -9.349 14.364 -.25 -9.458
3 16 28 -.25 -12 14.11 -.25 -9.547 13.806 -.25 -9.608
3 16 28 -.25 -12 13.462 -.25 -9.642 13.077 -.25 -9.654
3 16 28 -.25 -12 14.364 -.25 -9.458 14.11 -.25 -9.547
3 16 28 -.25 -12 14.671 -.25 -9.234 14.559 -.25 -9.349
4 15 -3.441 -.25 -9.204 -3.473 -.25 -8.956 -4.971 -.25 -8.864 -4.925 -.25 -9.146
4 15 -4.894 -.25 -7.287 -4.953 -.25 -8.457 -3.547 -.25 -8.054 -3.547 -.25 -7.659
4 16 -3.482 -.25 -8.457 -4.953 -.25 -8.457 -4.971 -.25 -8.738 -3.482 -.25 -8.738
4 15 -3.482 -.25 -8.457 -3.465 -.25 -8.329 -3.547 -.25 -8.054 -4.953 -.25 -8.457
4 15 -4.971 -.25 -8.864 -3.473 -.25 -8.956 -3.482 -.25 -8.738 -4.971 -.25 -8.738
4 15 -4.609 -.25 -9.448 -3.441 -.25 -9.204 -4.925 -.25 -9.146 -4.788 -.25 -9.344
3 15 -4.609 -.25 -9.448 -4.165 -.25 -9.576 -3.441 -.25 -9.204
3 16 -3.547 -.25 -7.659 -3.547 -.25 -8.054 -3.361 -.25 -7.983
3 15 -3.547 -.25 -8.054 -3.465 -.25 -8.329 -3.376 -.25 -8.276
4 15 -3.376 -.25 -8.276 -3.2 -.25 -8.25 -3.361 -.25 -7.983 -3.547 -.25 -8.054
4 15 -3.441 -.25 -9.204 -4.165 -.25 -9.576 -3.691 -.25 -9.634 -3.351 -.25 -9.275
4 15 -3.153 -.25 -9.654 -3.165 -.25 -9.298 -3.351 -.25 -9.275 -3.691 -.25 -9.634
3 16 -3.547 -.25 -7.659 -3.361 -.25 -7.983 -3.151 -.25 -7.933
4 15 -3.063 -.25 -8.263 -3.151 -.25 -7.933 -3.361 -.25 -7.983 -3.2 -.25 -8.25
3 16 -2.971 -.25 -8.299 -3.376 -.25 -8.276 -3.465 -.25 -8.329
4 16 -3.376 -.25 -8.276 -2.971 -.25 -8.299 -3.063 -.25 -8.263 -3.2 -.25 -8.25
4 16 -2.971 -.25 -8.299 -3.465 -.25 -8.329 -3.482 -.25 -8.457 -2.917 -.25 -8.366
4 16 -3.351 -.25 -9.275 -3.165 -.25 -9.298 -2.912 -.25 -9.211 -3.441 -.25 -9.204
4 16 -1.706 -.25 -7.659 -3.547 -.25 -7.659 -3.151 -.25 -7.933 -2.917 -.25 -7.903
3 16 -2.9 -.25 -8.476 -2.917 -.25 -8.366 -3.482 -.25 -8.457
4 16 -3.065 -.25 -9.291 -2.988 -.25 -9.27 -2.912 -.25 -9.211 -3.165 -.25 -9.298
4 16 -3.482 -.25 -8.738 -2.9 -.25 -8.791 -2.9 -.25 -8.476 -3.482 -.25 -8.457
3 16 -3.482 -.25 -8.738 -3.473 -.25 -8.956 -2.9 -.25 -8.791
4 16 -3.441 -.25 -9.204 -2.912 -.25 -9.211 -2.9 -.25 -8.791 -3.473 -.25 -8.956
4 15 -3.165 -.25 -9.298 -3.153 -.25 -9.654 -2.681 -.25 -9.641 -3.065 -.25 -9.291
3 16 -1.706 -.25 -7.659 -2.917 -.25 -7.903 -2.659 -.25 -7.893
4 15 -3.151 -.25 -7.933 -3.063 -.25 -8.263 -2.659 -.25 -7.893 -2.917 -.25 -7.903
4 15 -3.065 -.25 -9.291 -2.681 -.25 -9.641 -2.288 -.25 -9.603 -2.988 -.25 -9.27
4 15 -3.063 -.25 -8.263 -2.971 -.25 -8.299 -2.369 -.25 -7.901 -2.659 -.25 -7.893
3 16 -1.706 -.25 -7.659 -2.659 -.25 -7.893 -2.369 -.25 -7.901
4 15 -1.904 -.25 -7.969 -2.118 -.25 -7.926 -2.369 -.25 -7.901 -2.971 -.25 -8.299
3 16 -1.706 -.25 -7.659 -2.369 -.25 -7.901 -2.118 -.25 -7.926
3 15 -1.853 -.25 -9.495 -2.988 -.25 -9.27 -2.288 -.25 -9.603
3 15 -1.904 -.25 -7.969 -2.971 -.25 -8.299 -1.661 -.25 -8.069
3 15 -2.988 -.25 -9.27 -1.853 -.25 -9.495 -2.912 -.25 -9.211
4 15 -3.547 -.25 -7.659 -1.706 -.25 -7.659 -1.706 -.25 -7.287 -4.894 -.25 -7.287
3 15 -1.661 -.25 -8.069 -2.971 -.25 -8.299 -2.917 -.25 -8.366
3 16 -1.706 -.25 -7.659 -1.904 -.25 -7.969 -1.661 -.25 -8.069
3 16 -1.706 -.25 -7.659 -2.118 -.25 -7.926 -1.904 -.25 -7.969
4 15 -1.453 -.25 -9.163 -2.912 -.25 -9.211 -1.853 -.25 -9.495 -1.571 -.25 -9.349
3 15 -1.661 -.25 -8.069 -2.917 -.25 -8.366 -1.491 -.25 -8.224
3 15 -1.453 -.25 -9.163 -2.9 -.25 -8.791 -2.912 -.25 -9.211
4 15 -2.9 -.25 -8.476 -1.422 -.25 -8.457 -1.491 -.25 -8.224 -2.917 -.25 -8.366
4 15 -1.411 -.25 -8.692 -1.422 -.25 -8.457 -2.9 -.25 -8.476 -2.9 -.25 -8.791
4 15 -1.453 -.25 -9.163 -1.411 -.25 -8.875 -1.411 -.25 -8.692 -2.9 -.25 -8.791
4 15 .635 -.25 -7.815 .649 -.25 -7.704 -.847 -.25 -7.807 -.847 -.25 -8.005
3 16 -.847 -.25 -8.687 .276 -.25 -8.517 .276 -.25 -8.18
4 16 .635 -.25 -8.005 -.847 -.25 -8.005 -.847 -.25 -8.687 .276 -.25 -8.18
3 15 .635 -.25 -7.815 -.847 -.25 -8.005 .635 -.25 -8.005
3 16 -.847 -.25 -8.687 .635 -.25 -8.687 .276 -.25 -8.517
4 15 .635 -.25 -8.687 -.847 -.25 -8.687 -.847 -.25 -8.871 .635 -.25 -9.063
4 15 -.847 -.25 -7.807 .649 -.25 -7.704 -.689 -.25 -7.479 -.823 -.25 -7.654
4 15 .649 -.25 -7.704 .688 -.25 -7.64 -.459 -.25 -7.357 -.689 -.25 -7.479
4 15 -.847 -.25 -8.871 -.816 -.25 -9.152 .682 -.25 -9.257 .635 -.25 -9.063
4 15 -.527 -.25 -9.46 .682 -.25 -9.257 -.816 -.25 -9.152 -.723 -.25 -9.337
4 15 .287 -.25 -9.633 .682 -.25 -9.257 -.527 -.25 -9.46 -.083 -.25 -9.584
4 15 -.459 -.25 -7.357 .688 -.25 -7.64 .382 -.25 -7.248 -.096 -.25 -7.288
4 15 .777 -.25 -7.241 .382 -.25 -7.248 .688 -.25 -7.64 .772 -.25 -7.609
4 16 .276 -.25 -8.517 .635 -.25 -8.687 .859 -.25 -8.54 .64 -.25 -8.524
4 16 .649 -.25 -7.704 .906 -.25 -7.599 .772 -.25 -7.609 .688 -.25 -7.64
4 16 1.039 -.25 -8.138 .635 -.25 -8.005 .276 -.25 -8.18 .93 -.25 -8.164
4 15 .276 -.25 -8.517 .64 -.25 -8.524 .93 -.25 -8.164 .276 -.25 -8.18
3 15 .859 -.25 -8.54 .93 -.25 -8.164 .64 -.25 -8.524
4 15 .682 -.25 -9.257 .287 -.25 -9.633 .918 -.25 -9.656 .757 -.25 -9.288
3 15 .918 -.25 -9.656 .888 -.25 -9.298 .757 -.25 -9.288
4 15 1.039 -.25 -8.138 .93 -.25 -8.164 .859 -.25 -8.54 .993 -.25 -8.569
4 16 1.088 -.25 -8.62 .993 -.25 -8.569 .859 -.25 -8.54 .635 -.25 -8.687
4 16 1.171 -.25 -8.816 1.15 -.25 -8.7 1.088 -.25 -8.62 .635 -.25 -8.687
3 16 .888 -.25 -9.298 1.029 -.25 -9.286 1.112 -.25 -9.247
4 16 .757 -.25 -9.288 .888 -.25 -9.298 1.112 -.25 -9.247 .682 -.25 -9.257
4 16 1.171 -.25 -7.798 1.155 -.25 -7.697 .906 -.25 -7.599 .649 -.25 -7.704
4 16 1.023 -.25 -7.608 .906 -.25 -7.599 1.155 -.25 -7.697 1.106 -.25 -7.638
4 16 1.112 -.25 -9.247 1.156 -.25 -9.154 .635 -.25 -9.063 .682 -.25 -9.257
4 16 1.039 -.25 -8.138 1.112 -.25 -8.094 1.156 -.25 -8.026 .635 -.25 -8.005
3 16 1.171 -.25 -7.798 .649 -.25 -7.704 .635 -.25 -7.815
3 16 1.156 -.25 -8.026 1.171 -.25 -7.927 .635 -.25 -8.005
4 16 .635 -.25 -8.005 1.171 -.25 -7.927 1.171 -.25 -7.798 .635 -.25 -7.815
3 16 .635 -.25 -8.687 1.171 -.25 -8.976 1.171 -.25 -8.816
4 15 .772 -.25 -7.609 .906 -.25 -7.599 1.468 -.25 -7.266 .777 -.25 -7.241
3 15 1.023 -.25 -7.608 1.468 -.25 -7.266 .906 -.25 -7.599
4 16 1.156 -.25 -9.154 1.171 -.25 -8.976 .635 -.25 -8.687 .635 -.25 -9.063
4 15 1.986 -.25 -7.332 1.468 -.25 -7.266 1.023 -.25 -7.608 1.106 -.25 -7.638
4 15 1.93 -.25 -9.578 1.112 -.25 -9.247 1.029 -.25 -9.286 1.48 -.25 -9.636
4 15 .888 -.25 -9.298 .918 -.25 -9.656 1.48 -.25 -9.636 1.029 -.25 -9.286
4 15 2.279 -.25 -8.353 1.982 -.25 -8.294 .993 -.25 -8.569 1.088 -.25 -8.62
4 15 .993 -.25 -8.569 1.982 -.25 -8.294 1.112 -.25 -8.094 1.039 -.25 -8.138
4 15 2.276 -.25 -8.22 1.156 -.25 -8.026 1.112 -.25 -8.094 1.982 -.25 -8.294
4 15 1.986 -.25 -7.332 1.106 -.25 -7.638 1.155 -.25 -7.697 2.217 -.25 -7.403
3 16 1.982 -.25 -8.294 2.279 -.25 -8.353 2.276 -.25 -8.22
4 15 2.576 -.25 -7.717 2.445 -.25 -7.544 2.217 -.25 -7.403 1.155 -.25 -7.697
4 15 2.56 -.25 -8.507 2.279 -.25 -8.353 1.088 -.25 -8.62 1.15 -.25 -8.7
4 15 2.276 -.25 -8.22 2.465 -.25 -8.136 1.171 -.25 -7.927 1.156 -.25 -8.026
4 15 1.93 -.25 -9.578 2.384 -.25 -9.413 1.156 -.25 -9.154 1.112 -.25 -9.247
4 16 2.488 -.25 -8.439 2.465 -.25 -8.136 2.276 -.25 -8.22 2.279 -.25 -8.353
3 15 2.279 -.25 -8.353 2.56 -.25 -8.507 2.488 -.25 -8.439
3 15 1.171 -.25 -7.927 2.465 -.25 -8.136 2.566 -.25 -8.022
4 16 2.566 -.25 -8.022 2.465 -.25 -8.136 2.488 -.25 -8.439 2.56 -.25 -8.507
3 16 2.56 -.25 -8.507 2.612 -.25 -8.608 2.566 -.25 -8.022
4 15 2.566 -.25 -8.022 2.6 -.25 -7.853 1.171 -.25 -7.798 1.171 -.25 -7.927
4 15 1.155 -.25 -7.697 1.171 -.25 -7.798 2.6 -.25 -7.853 2.576 -.25 -7.717
4 15 2.384 -.25 -9.413 2.612 -.25 -9.159 1.171 -.25 -8.976 1.156 -.25 -9.154
3 16 2.566 -.25 -8.022 2.612 -.25 -8.608 3.294 -.25 -8.687
3 16 2.612 -.25 -8.608 2.632 -.25 -8.755 3.294 -.25 -8.687
4 15 1.171 -.25 -8.816 2.653 -.25 -8.914 2.632 -.25 -8.755 1.15 -.25 -8.7
4 15 2.612 -.25 -8.608 2.56 -.25 -8.507 1.15 -.25 -8.7 2.632 -.25 -8.755
3 16 2.632 -.25 -8.755 2.653 -.25 -8.914 3.294 -.25 -8.687
4 15 1.171 -.25 -8.816 1.171 -.25 -8.976 2.612 -.25 -9.159 2.653 -.25 -8.914
4 15 3.294 -.25 -8.005 4.777 -.25 -8.005 3.355 -.25 -7.592 3.294 -.25 -7.807
3 15 3.294 -.25 -8.871 4.777 -.25 -8.687 3.294 -.25 -8.687
4 16 5.071 -.25 -8.164 4.777 -.25 -8.005 3.294 -.25 -8.005 4.418 -.25 -8.18
4 16 4.781 -.25 -8.524 4.418 -.25 -8.517 3.294 -.25 -8.687 4.777 -.25 -8.687
4 16 3.294 -.25 -8.005 3.294 -.25 -8.687 4.418 -.25 -8.517 4.418 -.25 -8.18
4 15 3.325 -.25 -9.152 4.777 -.25 -9.063 4.777 -.25 -8.687 3.294 -.25 -8.871
3 15 4.79 -.25 -7.704 4.777 -.25 -8.005 4.777 -.25 -7.815
3 15 4.79 -.25 -7.704 3.355 -.25 -7.592 4.777 -.25 -8.005
4 15 4.777 -.25 -9.063 3.325 -.25 -9.152 3.418 -.25 -9.337 4.823 -.25 -9.257
4 15 3.418 -.25 -9.337 3.615 -.25 -9.46 4.181 -.25 -9.6 4.823 -.25 -9.257
3 15 4.829 -.25 -7.64 3.794 -.25 -7.332 3.513 -.25 -7.43
4 15 4.79 -.25 -7.704 4.829 -.25 -7.64 3.513 -.25 -7.43 3.355 -.25 -7.592
4 15 4.72 -.25 -7.244 4.185 -.25 -7.27 3.794 -.25 -7.332 4.829 -.25 -7.64
3 15 4.913 -.25 -7.609 4.72 -.25 -7.244 4.829 -.25 -7.64
4 15 5.059 -.25 -9.656 4.898 -.25 -9.288 4.823 -.25 -9.257 4.181 -.25 -9.6
4 16 5.134 -.25 -8.569 5 -.25 -8.54 4.781 -.25 -8.524 4.777 -.25 -8.687
4 16 4.79 -.25 -7.704 5.047 -.25 -7.599 4.913 -.25 -7.609 4.829 -.25 -7.64
4 16 5.253 -.25 -9.247 4.823 -.25 -9.257 4.898 -.25 -9.288 5.03 -.25 -9.298
4 15 5.407 -.25 -7.251 4.72 -.25 -7.244 4.913 -.25 -7.609 5.047 -.25 -7.599
3 15 5 -.25 -8.54 5.071 -.25 -8.164 4.781 -.25 -8.524
4 15 4.418 -.25 -8.517 4.781 -.25 -8.524 5.071 -.25 -8.164 4.418 -.25 -8.18
3 15 5.059 -.25 -9.656 5.03 -.25 -9.298 4.898 -.25 -9.288
4 15 5.621 -.25 -9.636 5.17 -.25 -9.286 5.03 -.25 -9.298 5.059 -.25 -9.656
4 16 5.253 -.25 -8.094 4.777 -.25 -8.005 5.071 -.25 -8.164 5.181 -.25 -8.138
4 15 5 -.25 -8.54 5.134 -.25 -8.569 5.181 -.25 -8.138 5.071 -.25 -8.164
4 16 5.296 -.25 -7.697 5.247 -.25 -7.638 5.165 -.25 -7.608 5.047 -.25 -7.599
4 16 5.291 -.25 -8.7 5.229 -.25 -8.62 5.134 -.25 -8.569 4.777 -.25 -8.687
3 16 5.03 -.25 -9.298 5.17 -.25 -9.286 5.253 -.25 -9.247
4 16 4.777 -.25 -9.063 4.823 -.25 -9.257 5.253 -.25 -9.247 5.297 -.25 -9.154
3 16 5.312 -.25 -7.927 4.777 -.25 -7.815 4.777 -.25 -8.005
4 16 5.047 -.25 -7.599 4.79 -.25 -7.704 5.312 -.25 -7.798 5.296 -.25 -7.697
4 16 5.312 -.25 -7.927 5.312 -.25 -7.798 4.79 -.25 -7.704 4.777 -.25 -7.815
3 16 4.777 -.25 -8.687 5.312 -.25 -8.816 5.291 -.25 -8.7
4 16 5.253 -.25 -8.094 5.297 -.25 -8.026 5.312 -.25 -7.927 4.777 -.25 -8.005
4 16 4.777 -.25 -9.063 5.312 -.25 -8.976 5.312 -.25 -8.816 4.777 -.25 -8.687
3 16 4.777 -.25 -9.063 5.297 -.25 -9.154 5.312 -.25 -8.976
4 15 6.071 -.25 -9.578 5.253 -.25 -9.247 5.17 -.25 -9.286 5.621 -.25 -9.636
3 15 5.165 -.25 -7.608 5.407 -.25 -7.251 5.047 -.25 -7.599
4 15 5.407 -.25 -7.251 5.165 -.25 -7.608 5.247 -.25 -7.638 5.81 -.25 -7.281
4 15 6.418 -.25 -8.22 5.297 -.25 -8.026 5.253 -.25 -8.094 6.123 -.25 -8.294
4 15 5.296 -.25 -7.697 6.243 -.25 -7.368 5.81 -.25 -7.281 5.247 -.25 -7.638
4 15 6.42 -.25 -8.353 6.123 -.25 -8.294 5.134 -.25 -8.569 5.229 -.25 -8.62
4 15 5.134 -.25 -8.569 6.123 -.25 -8.294 5.253 -.25 -8.094 5.181 -.25 -8.138
4 15 6.535 -.25 -9.416 5.253 -.25 -9.247 6.071 -.25 -9.578 6.41 -.25 -9.479
3 16 6.123 -.25 -8.294 6.42 -.25 -8.353 6.418 -.25 -8.22
4 15 6.418 -.25 -8.22 6.606 -.25 -8.136 5.312 -.25 -7.927 5.297 -.25 -8.026
4 15 6.535 -.25 -9.416 6.629 -.25 -9.344 5.297 -.25 -9.154 5.253 -.25 -9.247
4 16 6.418 -.25 -8.22 6.42 -.25 -8.353 6.629 -.25 -8.439 6.606 -.25 -8.136
4 15 5.229 -.25 -8.62 5.291 -.25 -8.7 6.701 -.25 -8.507 6.42 -.25 -8.353
4 15 6.243 -.25 -7.368 5.296 -.25 -7.697 6.681 -.25 -7.656 6.526 -.25 -7.493
3 16 -25.2 -.25 -6.751 -14.735 -.25 -8.106 -14.719 -.25 -7.959
4 15 6.741 -.25 -7.853 5.312 -.25 -7.927 6.606 -.25 -8.136 6.707 -.25 -8.022
4 16 -14.735 -.25 -8.786 -28 -.25 -12 -14.7 -.25 -9.083 -14.717 -.25 -8.937
3 15 6.42 -.25 -8.353 6.701 -.25 -8.507 6.629 -.25 -8.439
4 16 6.707 -.25 -8.022 6.606 -.25 -8.136 6.629 -.25 -8.439 6.701 -.25 -8.507
4 15 6.681 -.25 -7.656 5.312 -.25 -7.798 5.312 -.25 -7.927 6.741 -.25 -7.853
3 15 5.312 -.25 -7.798 6.681 -.25 -7.656 5.296 -.25 -7.697
3 16 -25.2 -.25 -6.751 -14.719 -.25 -7.959 -14.694 -.25 -7.73
4 15 6.794 -.25 -8.914 6.753 -.25 -8.608 6.701 -.25 -8.507 5.291 -.25 -8.7
3 16 -28 -.25 -12 -14.502 -.25 -9.376 -14.594 -.25 -9.295
3 16 -28 -.25 -12 -14.594 -.25 -9.295 -14.7 -.25 -9.083
3 16 -25.2 -.25 -6.751 -14.694 -.25 -7.73 -14.604 -.25 -7.606
3 15 6.753 -.25 -9.159 5.297 -.25 -9.154 6.629 -.25 -9.344
3 16 -25.2 -.25 -6.751 -14.604 -.25 -7.606 -14.43 -.25 -7.488
4 15 6.794 -.25 -8.914 5.312 -.25 -8.976 5.297 -.25 -9.154 6.753 -.25 -9.159
3 16 6.701 -.25 -8.507 6.753 -.25 -8.608 6.707 -.25 -8.022
3 16 -28 -.25 -12 -14.208 -.25 -9.509 -14.374 -.25 -9.447
3 16 -28 -.25 -12 -14.374 -.25 -9.447 -14.502 -.25 -9.376
3 15 5.291 -.25 -8.7 5.312 -.25 -8.816 6.794 -.25 -8.914
3 16 -28 -.25 -12 -14.006 -.25 -9.562 -14.208 -.25 -9.509
3 16 -25.2 -.25 -6.751 -14.43 -.25 -7.488 -14.169 -.25 -7.384
3 16 -28 -.25 -12 -13.771 -.25 -9.603 -14.006 -.25 -9.562
3 16 -25.2 -.25 -6.751 -14.169 -.25 -7.384 -13.823 -.25 -7.304
3 15 6.794 -.25 -8.914 5.312 -.25 -8.816 5.312 -.25 -8.976
3 16 -25.2 -.25 -6.751 -13.823 -.25 -7.304 -13.406 -.25 -7.255
3 16 -28 -.25 -12 -13.506 -.25 -9.634 -13.771 -.25 -9.603
3 15 -13.188 -.25 -8.428 -14.735 -.25 -8.106 -14.735 -.25 -8.492
4 15 -14.735 -.25 -8.106 -13.188 -.25 -8.428 -13.188 -.25 -7.914 -14.719 -.25 -7.959
4 15 -14.735 -.25 -8.492 -14.735 -.25 -8.786 -14.717 -.25 -8.937 -13.188 -.25 -8.428
4 15 -14.43 -.25 -7.488 -14.604 -.25 -7.606 -14.694 -.25 -7.73 -13.175 -.25 -7.768
4 15 -13.188 -.25 -8.428 -14.717 -.25 -8.937 -14.7 -.25 -9.083 -13.188 -.25 -8.993
4 15 -13.188 -.25 -8.993 -14.7 -.25 -9.083 -14.594 -.25 -9.295 -13.175 -.25 -9.133
3 15 8.741 -.25 -7.856 7.412 -.25 -7.994 8.741 -.25 -8.077
4 15 -14.719 -.25 -7.959 -13.188 -.25 -7.914 -13.175 -.25 -7.768 -14.694 -.25 -7.73
4 15 -14.169 -.25 -7.384 -14.43 -.25 -7.488 -13.175 -.25 -7.768 -13.135 -.25 -7.684
3 15 8.741 -.25 -8.077 7.412 -.25 -7.994 7.412 -.25 -8.077
4 15 -14.208 -.25 -9.509 -13.135 -.25 -9.215 -14.502 -.25 -9.376 -14.374 -.25 -9.447
4 15 -13.135 -.25 -9.215 -13.771 -.25 -9.603 -13.506 -.25 -9.634 -13.051 -.25 -9.253
4 15 -14.594 -.25 -9.295 -14.502 -.25 -9.376 -13.135 -.25 -9.215 -13.175 -.25 -9.133
4 15 -14.208 -.25 -9.509 -14.006 -.25 -9.562 -13.771 -.25 -9.603 -13.135 -.25 -9.215
3 16 -25.2 -.25 -6.751 -13.406 -.25 -7.255 -12.929 -.25 -7.238
4 15 -14.169 -.25 -7.384 -13.135 -.25 -7.684 -13.048 -.25 -7.644 -13.823 -.25 -7.304
4 15 -13.823 -.25 -7.304 -13.048 -.25 -7.644 -12.929 -.25 -7.238 -13.406 -.25 -7.255
4 16 8.741 -.25 -8.077 7.412 -.25 -8.077 7.412 -.25 -9.279 9.135 -.25 -8.132
4 16 -12.637 -.25 -7.751 -12.894 -.25 -7.631 -13.048 -.25 -7.644 -13.135 -.25 -7.684
3 15 -12.894 -.25 -7.631 -12.929 -.25 -7.238 -13.048 -.25 -7.644
3 16 -28 -.25 -12 -12.888 -.25 -9.658 -13.506 -.25 -9.634
4 15 -12.906 -.25 -9.266 -13.051 -.25 -9.253 -13.506 -.25 -9.634 -12.888 -.25 -9.658
4 15 -12.307 -.25 -7.264 -12.929 -.25 -7.238 -12.894 -.25 -7.631 -12.754 -.25 -7.642
4 15 7.412 -.25 -7.994 8.741 -.25 -7.856 8.762 -.25 -7.728 7.459 -.25 -7.686
4 15 8.824 -.25 -7.652 7.63 -.25 -7.518 7.459 -.25 -7.686 8.762 -.25 -7.728
4 16 -13.051 -.25 -9.253 -12.906 -.25 -9.266 -12.676 -.25 -9.215 -13.135 -.25 -9.215
4 15 8.419 -.25 -7.277 7.947 -.25 -7.367 7.63 -.25 -7.518 8.824 -.25 -7.652
4 16 -12.637 -.25 -7.751 -12.676 -.25 -7.674 -12.754 -.25 -7.642 -12.894 -.25 -7.631
4 16 -12.637 -.25 -9.128 -13.175 -.25 -9.133 -13.135 -.25 -9.215 -12.676 -.25 -9.215
3 16 -12.906 -.25 -9.266 -12.761 -.25 -9.253 -12.676 -.25 -9.215
4 15 10.052 -.25 -8.617 7.412 -.25 -9.279 7.412 -.25 -9.61 9.053 -.25 -9.213
4 16 -13.135 -.25 -7.684 -13.175 -.25 -7.768 -12.624 -.25 -8.299 -12.637 -.25 -7.751
4 16 -12.624 -.25 -8.681 -13.188 -.25 -8.993 -13.175 -.25 -9.133 -12.637 -.25 -9.128
4 15 8.824 -.25 -7.652 8.928 -.25 -7.611 9.018 -.25 -7.243 8.419 -.25 -7.277
4 16 -13.188 -.25 -8.428 -12.624 -.25 -8.299 -13.175 -.25 -7.768 -13.188 -.25 -7.914
3 16 9.076 -.25 -7.599 8.928 -.25 -7.611 8.824 -.25 -7.652
4 16 9.225 -.25 -7.611 9.076 -.25 -7.599 8.824 -.25 -7.652 9.329 -.25 -7.647
4 16 -12.624 -.25 -8.299 -13.188 -.25 -8.428 -13.188 -.25 -8.993 -12.624 -.25 -8.681
4 16 9.329 -.25 -7.647 8.824 -.25 -7.652 8.762 -.25 -7.728 9.391 -.25 -7.705
4 15 -12.888 -.25 -9.658 -12.572 -.25 -9.651 -12.761 -.25 -9.253 -12.906 -.25 -9.266
3 16 9.135 -.25 -8.132 9.342 -.25 -7.935 8.741 -.25 -8.077
4 16 8.741 -.25 -8.077 9.342 -.25 -7.935 9.412 -.25 -7.787 8.741 -.25 -7.856
4 16 9.391 -.25 -7.705 8.762 -.25 -7.728 8.741 -.25 -7.856 9.412 -.25 -7.787
3 15 -12.761 -.25 -9.253 -12.572 -.25 -9.651 -12.283 -.25 -9.63
3 15 9.225 -.25 -7.611 9.616 -.25 -7.269 9.076 -.25 -7.599
4 15 -12.676 -.25 -9.215 -12.761 -.25 -9.253 -12.283 -.25 -9.63 -12.019 -.25 -9.595
3 16 10.052 -.25 -8.617 9.053 -.25 -9.213 10.677 -.25 -9.213
4 15 -12.676 -.25 -7.674 -12.041 -.25 -7.297 -12.307 -.25 -7.264 -12.754 -.25 -7.642
4 15 8.928 -.25 -7.611 9.076 -.25 -7.599 9.616 -.25 -7.269 9.018 -.25 -7.243
3 15 9.329 -.25 -7.647 9.616 -.25 -7.269 9.225 -.25 -7.611
4 15 -11.415 -.25 -9.422 -12.676 -.25 -9.215 -12.019 -.25 -9.595 -11.782 -.25 -9.545
4 15 10.458 -.25 -7.461 10.105 -.25 -7.34 9.616 -.25 -7.269 9.329 -.25 -7.647
4 15 -12.041 -.25 -7.297 -12.676 -.25 -7.674 -11.435 -.25 -7.457 -11.806 -.25 -7.342
3 15 -12.637 -.25 -7.751 -11.435 -.25 -7.457 -12.676 -.25 -7.674
4 15 -12.637 -.25 -9.128 -12.676 -.25 -9.215 -11.415 -.25 -9.422 -11.291 -.25 -9.354
4 15 -11.435 -.25 -7.457 -12.637 -.25 -7.751 -11.217 -.25 -7.599 -11.307 -.25 -7.524
3 15 -12.637 -.25 -7.751 -11.112 -.25 -7.795 -11.217 -.25 -7.599
4 15 -11.077 -.25 -8.079 -11.112 -.25 -7.795 -12.637 -.25 -7.751 -12.624 -.25 -8.299
4 15 9.342 -.25 -7.935 9.135 -.25 -8.132 10.368 -.25 -8.397 10.553 -.25 -8.269
4 15 7.412 -.25 -9.279 10.052 -.25 -8.617 10.368 -.25 -8.397 9.135 -.25 -8.132
4 16 10.553 -.25 -8.269 10.368 -.25 -8.397 10.052 -.25 -8.617 10.677 -.25 -9.213
4 15 -11.092 -.25 -8.916 -12.624 -.25 -8.681 -12.637 -.25 -9.128 -11.109 -.25 -9.078
4 15 -11.291 -.25 -9.354 -11.206 -.25 -9.281 -11.109 -.25 -9.078 -12.637 -.25 -9.128
3 16 -10.547 -.25 -7.287 -11.307 -.25 -7.524 -11.217 -.25 -7.599
3 16 -10.547 -.25 -7.287 -12.307 -.25 -7.264 -12.041 -.25 -7.297
3 16 -10.547 -.25 -7.287 -12.929 -.25 -7.238 -12.307 -.25 -7.264
3 16 -10.547 -.25 -7.287 -11.806 -.25 -7.342 -11.435 -.25 -7.457
4 15 9.329 -.25 -7.647 9.391 -.25 -7.705 10.698 -.25 -7.608 10.458 -.25 -7.461
4 15 10.798 -.25 -7.784 10.698 -.25 -7.608 9.391 -.25 -7.705 9.412 -.25 -7.787
3 16 -10.547 -.25 -7.287 -11.435 -.25 -7.457 -11.307 -.25 -7.524
4 15 9.053 -.25 -9.213 7.412 -.25 -9.61 10.677 -.25 -9.61 10.677 -.25 -9.213
3 16 -10.547 -.25 -7.287 -11.217 -.25 -7.599 -11.112 -.25 -7.795
3 16 -10.547 -.25 -7.287 -12.041 -.25 -7.297 -11.806 -.25 -7.342
4 16 -12.624 -.25 -8.681 -11.077 -.25 -8.681 -11.077 -.25 -8.299 -12.624 -.25 -8.299
3 16 10.677 -.25 -9.213 10.747 -.25 -8.052 10.553 -.25 -8.269
3 15 -11.077 -.25 -8.299 -11.077 -.25 -8.079 -12.624 -.25 -8.299
3 16 -10.547 -.25 -7.287 -11.112 -.25 -7.795 -11.077 -.25 -8.079
3 16 -10.547 -.25 -9.61 -12.019 -.25 -9.595 -12.283 -.25 -9.63
3 16 -10.547 -.25 -9.61 -11.206 -.25 -9.281 -11.291 -.25 -9.354
3 16 -10.547 -.25 -9.61 -11.092 -.25 -8.916 -11.109 -.25 -9.078
3 16 -10.547 -.25 -9.61 -11.415 -.25 -9.422 -11.782 -.25 -9.545
3 16 -10.547 -.25 -9.61 -11.782 -.25 -9.545 -12.019 -.25 -9.595
3 15 -11.092 -.25 -8.916 -11.077 -.25 -8.681 -12.624 -.25 -8.681
3 15 9.342 -.25 -7.935 10.798 -.25 -7.784 9.412 -.25 -7.787
4 15 10.553 -.25 -8.269 10.747 -.25 -8.052 10.798 -.25 -7.784 9.342 -.25 -7.935
3 16 -10.547 -.25 -9.61 -11.077 -.25 -8.681 -11.092 -.25 -8.916
3 16 -10.547 -.25 -9.61 -11.109 -.25 -9.078 -11.206 -.25 -9.281
3 16 -10.547 -.25 -9.61 -11.291 -.25 -9.354 -11.415 -.25 -9.422
4 15 -9 -.25 -8.2 -9 -.25 -7.684 -9.006 -.25 -7.287 -10.547 -.25 -7.287
4 15 -10.547 -.25 -9.61 -9 -.25 -8.563 -9 -.25 -8.2 -10.547 -.25 -7.287
3 15 -10.547 -.25 -9.61 -9 -.25 -9.213 -9 -.25 -8.563
4 15 12.73 -.25 -7.879 11.241 -.25 -8.074 11.241 -.25 -8.59 12.73 -.25 -8.393
4 15 -8.736 -.25 -9.201 -9 -.25 -9.213 -10.547 -.25 -9.61 -8.759 -.25 -9.61
4 15 -8.724 -.25 -8.575 -8.847 -.25 -8.2 -9 -.25 -8.2 -9 -.25 -8.563
3 15 -9.006 -.25 -7.287 -9 -.25 -7.684 -8.682 -.25 -7.697
4 16 -8.515 -.25 -8.66 -8.724 -.25 -8.575 -9 -.25 -8.563 -9 -.25 -9.213
4 15 12.73 -.25 -8.393 11.241 -.25 -8.59 11.263 -.25 -9.097 12.73 -.25 -9.011
4 15 12.73 -.25 -9.011 11.263 -.25 -9.097 11.33 -.25 -9.243 12.741 -.25 -9.173
4 15 11.871 -.25 -9.544 12.777 -.25 -9.257 11.447 -.25 -9.353 11.623 -.25 -9.456
4 15 11.276 -.25 -7.793 12.743 -.25 -7.73 11.47 -.25 -7.518 11.382 -.25 -7.594
4 15 11.241 -.25 -8.074 12.73 -.25 -7.879 12.743 -.25 -7.73 11.276 -.25 -7.793
4 16 -9 -.25 -7.684 -9 -.25 -8.2 -8.607 -.25 -7.717 -8.682 -.25 -7.697
4 15 12.409 -.25 -7.267 11.941 -.25 -7.34 11.75 -.25 -7.39 12.782 -.25 -7.65
4 15 12.743 -.25 -7.73 12.782 -.25 -7.65 11.592 -.25 -7.45 11.47 -.25 -7.518
4 15 11.33 -.25 -9.243 11.447 -.25 -9.353 12.777 -.25 -9.257 12.741 -.25 -9.173
4 15 -8.847 -.25 -8.2 -8.724 -.25 -8.575 -8.576 -.25 -8.599 -8.66 -.25 -8.19
4 15 11.871 -.25 -9.544 12.188 -.25 -9.606 12.854 -.25 -9.288 12.777 -.25 -9.257
3 15 11.592 -.25 -7.45 12.782 -.25 -7.65 11.75 -.25 -7.39
3 16 -8.736 -.25 -9.201 -8.588 -.25 -9.173 -8.518 -.25 -9.111
4 15 12.964 -.25 -7.243 12.409 -.25 -7.267 12.782 -.25 -7.65 12.863 -.25 -7.611
4 16 -8.494 -.25 -8.995 -9 -.25 -9.213 -8.736 -.25 -9.201 -8.518 -.25 -9.111
4 16 13.206 -.25 -9.249 12.741 -.25 -9.173 12.777 -.25 -9.257 12.994 -.25 -9.298
3 16 -8.515 -.25 -8.66 -8.576 -.25 -8.599 -8.724 -.25 -8.575
4 16 -8.494 -.25 -7.904 -9 -.25 -8.2 -8.847 -.25 -8.2 -8.51 -.25 -8.071
4 16 -8.559 -.25 -8.157 -8.51 -.25 -8.071 -8.847 -.25 -8.2 -8.66 -.25 -8.19
4 16 13.212 -.25 -7.647 13 -.25 -7.599 12.863 -.25 -7.611 12.782 -.25 -7.65
3 15 12.964 -.25 -7.243 12.863 -.25 -7.611 13 -.25 -7.599
3 16 12.777 -.25 -9.257 12.854 -.25 -9.288 12.994 -.25 -9.298
4 16 10.798 -.25 -7.784 10.747 -.25 -8.052 11.241 -.25 -8.074 11.276 -.25 -7.793
4 16 11.263 -.25 -9.097 10.677 -.25 -9.213 10.677 -.25 -9.61 11.33 -.25 -9.243
4 16 10.677 -.25 -9.213 11.263 -.25 -9.097 11.241 -.25 -8.59 10.747 -.25 -8.052
4 16 10.698 -.25 -7.608 10.798 -.25 -7.784 11.276 -.25 -7.793 11.382 -.25 -7.594
4 16 10.458 -.25 -7.461 10.698 -.25 -7.608 11.382 -.25 -7.594 11.47 -.25 -7.518
4 16 11.47 -.25 -7.518 11.592 -.25 -7.45 10.105 -.25 -7.34 10.458 -.25 -7.461
4 16 6.753 -.25 -9.159 6.629 -.25 -9.344 7.412 -.25 -9.61 7.412 -.25 -9.279
4 16 6.794 -.25 -8.914 6.753 -.25 -9.159 7.412 -.25 -9.279 7.412 -.25 -8.077
4 16 6.681 -.25 -7.656 6.741 -.25 -7.853 7.412 -.25 -7.994 7.459 -.25 -7.686
4 16 6.526 -.25 -7.493 6.681 -.25 -7.656 7.459 -.25 -7.686 7.63 -.25 -7.518
4 16 6.243 -.25 -7.368 6.526 -.25 -7.493 7.63 -.25 -7.518 7.947 -.25 -7.367
4 16 5.81 -.25 -7.281 6.243 -.25 -7.368 7.947 -.25 -7.367 8.419 -.25 -7.277
4 16 2.576 -.25 -7.717 2.6 -.25 -7.853 3.294 -.25 -8.005 3.294 -.25 -7.807
4 16 2.445 -.25 -7.544 2.576 -.25 -7.717 3.294 -.25 -7.807 3.355 -.25 -7.592
4 16 2.217 -.25 -7.403 2.445 -.25 -7.544 3.355 -.25 -7.592 3.513 -.25 -7.43
4 16 1.986 -.25 -7.332 2.217 -.25 -7.403 3.513 -.25 -7.43 3.794 -.25 -7.332
4 16 1.468 -.25 -7.266 1.986 -.25 -7.332 3.794 -.25 -7.332 4.185 -.25 -7.27
4 16 3.294 -.25 -8.871 2.653 -.25 -8.914 2.612 -.25 -9.159 3.325 -.25 -9.152
4 16 3.325 -.25 -9.152 2.612 -.25 -9.159 2.384 -.25 -9.413 3.418 -.25 -9.337
4 16 3.418 -.25 -9.337 2.384 -.25 -9.413 1.93 -.25 -9.578 3.615 -.25 -9.46
4 16 3.615 -.25 -9.46 1.93 -.25 -9.578 1.48 -.25 -9.636 4.181 -.25 -9.6
4 16 -1.422 -.25 -8.457 -1.411 -.25 -8.692 -.847 -.25 -8.687 -.847 -.25 -8.005
4 16 -1.411 -.25 -8.692 -1.411 -.25 -8.875 -.847 -.25 -8.871 -.847 -.25 -8.687
4 16 -.847 -.25 -8.871 -1.411 -.25 -8.875 -1.453 -.25 -9.163 -.816 -.25 -9.152
4 16 -.816 -.25 -9.152 -1.453 -.25 -9.163 -1.571 -.25 -9.349 -.723 -.25 -9.337
4 16 -.723 -.25 -9.337 -1.571 -.25 -9.349 -1.853 -.25 -9.495 -.527 -.25 -9.46
4 16 -.527 -.25 -9.46 -1.853 -.25 -9.495 -2.288 -.25 -9.603 -.083 -.25 -9.584
4 16 -.083 -.25 -9.584 -2.288 -.25 -9.603 -2.681 -.25 -9.641 .287 -.25 -9.633
3 16 -11.077 -.25 -8.079 -11.077 -.25 -8.299 -10.547 -.25 -7.287
3 16 -10.547 -.25 -7.287 -11.077 -.25 -8.299 -10.547 -.25 -9.61
3 16 -10.547 -.25 -9.61 -11.077 -.25 -8.299 -11.077 -.25 -8.681
3 16 -14.735 -.25 -8.492 -14.735 -.25 -8.106 -25.2 -.25 -6.751
3 16 -14.735 -.25 -8.492 -25.2 -.25 -6.751 -14.735 -.25 -8.786
3 16 -14.735 -.25 -8.786 -25.2 -.25 -6.751 -28 -.25 -12
3 16 -25.2 -.25 -6.751 -12.929 -.25 -7.238 -10.547 -.25 -7.287
3 16 -25.2 -.25 -6.751 -10.547 -.25 -7.287 -9.006 -.25 -7.287
3 16 -4.971 -.25 -8.738 -4.953 -.25 -8.457 -6.996 -.25 -8.652
3 16 -4.971 -.25 -8.738 -6.996 -.25 -8.652 -6.947 -.25 -8.85
3 16 -4.971 -.25 -8.738 -6.947 -.25 -8.85 -4.971 -.25 -8.864
3 16 -4.971 -.25 -8.864 -6.947 -.25 -8.85 -6.947 -.25 -9.063
3 16 -4.971 -.25 -8.864 -6.947 -.25 -9.063 -4.925 -.25 -9.146
3 16 -4.925 -.25 -9.146 -6.947 -.25 -9.063 -6.982 -.25 -9.269
3 16 -4.925 -.25 -9.146 -6.982 -.25 -9.269 -4.788 -.25 -9.344
3 16 -4.788 -.25 -9.344 -6.982 -.25 -9.269 -7.088 -.25 -9.415
3 16 -4.788 -.25 -9.344 -7.088 -.25 -9.415 -4.609 -.25 -9.448
3 16 -4.609 -.25 -9.448 -7.088 -.25 -9.415 -7.265 -.25 -9.51
3 16 -4.609 -.25 -9.448 -7.265 -.25 -9.51 -4.165 -.25 -9.576
3 16 -4.165 -.25 -9.576 -7.265 -.25 -9.51 -7.523 -.25 -9.568
3 16 -4.165 -.25 -9.576 -7.523 -.25 -9.568 -3.691 -.25 -9.634
3 16 -7.059 -.25 -7.948 -6.996 -.25 -8.652 -4.953 -.25 -8.457
3 16 -7.059 -.25 -7.948 -4.953 -.25 -8.457 -4.894 -.25 -7.287
3 16 -7.059 -.25 -7.948 -4.894 -.25 -7.287 -7.116 -.25 -7.688
3 16 -7.116 -.25 -7.688 -4.894 -.25 -7.287 -7.188 -.25 -7.589
3 16 -7.188 -.25 -7.589 -4.894 -.25 -7.287 -7.288 -.25 -7.511
3 16 -7.288 -.25 -7.511 -4.894 -.25 -7.287 -7.556 -.25 -7.399
3 16 -7.556 -.25 -7.399 -4.894 -.25 -7.287 -7.9 -.25 -7.332
3 16 -1.706 -.25 -7.287 -1.706 -.25 -7.659 -.823 -.25 -7.654
3 16 -1.706 -.25 -7.287 -.823 -.25 -7.654 -.689 -.25 -7.479
3 16 -1.706 -.25 -7.287 -.689 -.25 -7.479 -.459 -.25 -7.357
3 16 -1.706 -.25 -7.287 -.459 -.25 -7.357 -.096 -.25 -7.288
3 16 -1.706 -.25 -7.287 -.096 -.25 -7.288 .382 -.25 -7.248
3 16 -1.706 -.25 -7.659 -.847 -.25 -7.807 -.823 -.25 -7.654
3 16 -.847 -.25 -7.807 -1.706 -.25 -7.659 -1.661 -.25 -8.069
3 16 -.847 -.25 -7.807 -1.661 -.25 -8.069 -1.491 -.25 -8.224
3 16 -.847 -.25 -7.807 -1.491 -.25 -8.224 -.847 -.25 -8.005
3 16 -1.491 -.25 -8.224 -1.422 -.25 -8.457 -.847 -.25 -8.005
3 16 3.294 -.25 -8.005 2.6 -.25 -7.853 2.566 -.25 -8.022
3 16 2.566 -.25 -8.022 3.294 -.25 -8.687 3.294 -.25 -8.005
3 16 3.294 -.25 -8.687 2.653 -.25 -8.914 3.294 -.25 -8.871
3 16 6.741 -.25 -7.853 6.707 -.25 -8.022 7.412 -.25 -7.994
4 16 7.412 -.25 -8.077 7.412 -.25 -7.994 6.707 -.25 -8.022 6.753 -.25 -8.608
3 16 6.753 -.25 -8.608 6.794 -.25 -8.914 7.412 -.25 -8.077
3 16 10.747 -.25 -8.052 11.241 -.25 -8.59 11.241 -.25 -8.074
3 16 11.33 -.25 -9.243 10.677 -.25 -9.61 11.447 -.25 -9.353
3 16 11.447 -.25 -9.353 10.677 -.25 -9.61 11.623 -.25 -9.456
3 16 11.623 -.25 -9.456 10.677 -.25 -9.61 11.871 -.25 -9.544
3 16 11.871 -.25 -9.544 10.677 -.25 -9.61 12.188 -.25 -9.606
3 16 12.188 -.25 -9.606 10.677 -.25 -9.61 13.077 -.25 -9.654
3 16 13.077 -.25 -9.654 10.677 -.25 -9.61 28 -.25 -12
3 16 28 -.25 -12 10.677 -.25 -9.61 7.412 -.25 -9.61
3 16 28 -.25 -12 7.412 -.25 -9.61 5.621 -.25 -9.636
3 16 28 -.25 -12 5.621 -.25 -9.636 5.059 -.25 -9.656
3 16 4.181 -.25 -9.6 1.48 -.25 -9.636 5.059 -.25 -9.656
3 16 5.059 -.25 -9.656 1.48 -.25 -9.636 28 -.25 -12
3 16 28 -.25 -12 1.48 -.25 -9.636 .918 -.25 -9.656
3 16 28 -.25 -12 .918 -.25 -9.656 .287 -.25 -9.633
3 16 28 -.25 -12 .287 -.25 -9.633 -2.681 -.25 -9.641
3 16 28 -.25 -12 -2.681 -.25 -9.641 -3.153 -.25 -9.654
3 16 28 -.25 -12 -3.153 -.25 -9.654 -3.691 -.25 -9.634
3 16 28 -.25 -12 -3.691 -.25 -9.634 -7.523 -.25 -9.568
3 16 28 -.25 -12 -7.523 -.25 -9.568 -7.982 -.25 -9.6
3 16 28 -.25 -12 -7.982 -.25 -9.6 -8.359 -.25 -9.605
3 16 28 -.25 -12 -8.359 -.25 -9.605 -28 -.25 -12
3 16 -28 -.25 -12 -8.359 -.25 -9.605 -8.759 -.25 -9.61
3 16 -28 -.25 -12 -8.759 -.25 -9.61 -10.547 -.25 -9.61
3 16 -28 -.25 -12 -10.547 -.25 -9.61 -12.283 -.25 -9.63
3 16 -12.572 -.25 -9.651 -12.888 -.25 -9.658 -28 -.25 -12
3 16 -12.572 -.25 -9.651 -28 -.25 -12 -12.283 -.25 -9.63
3 16 7.412 -.25 -9.61 6.629 -.25 -9.344 6.535 -.25 -9.416
3 16 7.412 -.25 -9.61 6.535 -.25 -9.416 6.41 -.25 -9.479
3 16 7.412 -.25 -9.61 6.41 -.25 -9.479 6.071 -.25 -9.578
3 16 7.412 -.25 -9.61 6.071 -.25 -9.578 5.621 -.25 -9.636
3 16 14.747 -.25 -8.074 14.747 -.25 -8.522 28 -.25 -12
3 16 14.747 -.25 -8.074 28 -.25 -12 25.2 -.25 -6.751
3 16 14.747 -.25 -8.074 25.2 -.25 -6.751 14.73 -.25 -7.846
3 16 14.73 -.25 -7.846 25.2 -.25 -6.751 14.676 -.25 -7.691
3 16 14.676 -.25 -7.691 25.2 -.25 -6.751 14.58 -.25 -7.575
3 16 14.58 -.25 -7.575 25.2 -.25 -6.751 14.418 -.25 -7.473
3 16 14.418 -.25 -7.473 25.2 -.25 -6.751 14.18 -.25 -7.384
3 16 14.18 -.25 -7.384 25.2 -.25 -6.751 13.841 -.25 -7.309
3 16 13.841 -.25 -7.309 25.2 -.25 -6.751 13.428 -.25 -7.259
3 16 13.428 -.25 -7.259 25.2 -.25 -6.751 12.964 -.25 -7.243
3 16 11.592 -.25 -7.45 11.75 -.25 -7.39 10.105 -.25 -7.34
3 16 10.105 -.25 -7.34 11.75 -.25 -7.39 9.616 -.25 -7.269
3 16 9.616 -.25 -7.269 11.75 -.25 -7.39 11.941 -.25 -7.34
3 16 9.616 -.25 -7.269 11.941 -.25 -7.34 12.409 -.25 -7.267
3 16 9.616 -.25 -7.269 12.409 -.25 -7.267 9.018 -.25 -7.243
3 16 9.018 -.25 -7.243 12.409 -.25 -7.267 12.964 -.25 -7.243
3 16 9.018 -.25 -7.243 12.964 -.25 -7.243 25.2 -.25 -6.751
3 16 9.018 -.25 -7.243 25.2 -.25 -6.751 5.81 -.25 -7.281
3 16 8.419 -.25 -7.277 9.018 -.25 -7.243 5.81 -.25 -7.281
3 16 5.407 -.25 -7.251 5.81 -.25 -7.281 25.2 -.25 -6.751
3 16 5.407 -.25 -7.251 25.2 -.25 -6.751 4.72 -.25 -7.244
3 16 .777 -.25 -7.241 1.468 -.25 -7.266 4.185 -.25 -7.27
3 16 .777 -.25 -7.241 4.185 -.25 -7.27 4.72 -.25 -7.244
3 16 .777 -.25 -7.241 4.72 -.25 -7.244 25.2 -.25 -6.751
3 16 -9.006 -.25 -7.287 -7.9 -.25 -7.332 -4.894 -.25 -7.287
3 16 -9.006 -.25 -7.287 -4.894 -.25 -7.287 -25.2 -.25 -6.751
3 16 -25.2 -.25 -6.751 -4.894 -.25 -7.287 -1.706 -.25 -7.287
3 16 -25.2 -.25 -6.751 -1.706 -.25 -7.287 .382 -.25 -7.248
3 16 -25.2 -.25 -6.751 .382 -.25 -7.248 .777 -.25 -7.241
3 16 -25.2 -.25 -6.751 .777 -.25 -7.241 25.2 -.25 -6.751
