0 Sticker  1.5 x  1.0 with Fire Logo
0 Name: 4262483e.dat
0 Author: Takeshi Takahashi [RainbowDolphin]
0 !LDRAW_ORG Unofficial_Part 
0 !LICENSE Redistributable under CCAL version 2.0 : see CAreadme.txt

0 BFC CERTIFY CCW

0 !KEYWORDS Set 7239, Fire engine, Ladder truck, Trailer


1 16 0 -0.25 0 10 0 0 0 0.25 0 0 0 15 box5-12.dat
3 14 2.98 -0.25 5.5 2.98 -0.25 4.35 3.79 -0.25 4.54
4 14 3.79 -0.25 4.54 2.98 -0.25 4.35 2.88 -0.25 3.44 4.46 -0.25 3.63
4 14 4.46 -0.25 3.63 2.88 -0.25 3.44 2.59 -0.25 2.52 4.99 -0.25 2.62
4 14 4.99 -0.25 2.62 2.59 -0.25 2.52 2.02 -0.25 1.61 5.28 -0.25 1.47
4 14 5.33 -0.25 -0.02 5.28 -0.25 1.47 2.02 -0.25 1.61 1.06 -0.25 0.65
4 14 4.85 -0.25 -1.56 5.33 -0.25 -0.02 1.06 -0.25 0.65 0.24 -0.25 -0.36
4 14 4.03 -0.25 -2.85 4.85 -0.25 -1.56 0.24 -0.25 -0.36 -0.14 -0.25 -1.36
4 14 4.03 -0.25 -2.85 -0.14 -0.25 -1.36 -0.14 -0.25 -2.42 3.12 -0.25 -3.62
4 14 3.12 -0.25 -3.62 -0.14 -0.25 -2.42 0.48 -0.25 -3.86 2.69 -0.25 -4.24
4 14 2.69 -0.25 -4.24 0.48 -0.25 -3.86 1.3 -0.25 -4.96 2.45 -0.25 -5.25
3 14 1.3 -0.25 -4.96 2.4 -0.25 -6.16 2.45 -0.25 -5.25
4 25 -0.24 -0.25 4.59 -1.73 -0.25 5.64 -1.25 -0.25 4.25 0.91 -0.25 3.53
4 25 0.91 -0.25 3.53 -1.25 -0.25 4.25 -1.15 -0.25 3.15 2.02 -0.25 1.61
4 25 2.02 -0.25 1.61 -1.15 -0.25 3.15 -1.25 -0.25 1.71 1.06 -0.25 0.65
4 25 1.06 -0.25 0.65 -1.25 -0.25 1.71 -1.68 -0.25 0.65 0.24 -0.25 -0.36
4 25 0.24 -0.25 -0.36 -1.68 -0.25 0.65 -2.26 -0.25 -0.55 -0.14 -0.25 -1.36
4 25 -0.14 -0.25 -1.36 -2.26 -0.25 -0.55 -2.35 -0.25 -1.56 -0.14 -0.25 -2.42
4 25 -0.14 -0.25 -2.42 -2.35 -0.25 -1.56 -2.02 -0.25 -2.56 -1.3 -0.25 -3.48
4 25 0.48 -0.25 -3.86 -0.14 -0.25 -2.42 -1.3 -0.25 -3.48 -0.58 -0.25 -4.24
4 25 1.3 -0.25 -4.96 0.48 -0.25 -3.86 -0.58 -0.25 -4.24 0.38 -0.25 -5.11
3 25 1.3 -0.25 -4.96 0.38 -0.25 -5.11 1.34 -0.25 -5.73
4 4 -2.98 -0.25 3.63 -5.04 -0.25 5.16 -4.7 -0.25 3.63 -2.02 -0.25 2.76
4 4 -2.02 -0.25 2.76 -4.7 -0.25 3.63 -4.7 -0.25 2.52 -1.25 -0.25 1.71
4 4 -1.25 -0.25 1.71 -4.7 -0.25 2.52 -4.94 -0.25 1.47 -1.68 -0.25 0.65
4 4 -1.68 -0.25 0.65 -4.94 -0.25 1.47 -5.09 -0.25 0.22 -2.26 -0.25 -0.55
4 4 -2.26 -0.25 -0.55 -5.09 -0.25 0.22 -4.94 -0.25 -1.08 -2.35 -0.25 -1.56
4 4 -2.35 -0.25 -1.56 -4.94 -0.25 -1.08 -4.37 -0.25 -2.23 -2.02 -0.25 -2.56
4 4 -2.02 -0.25 -2.56 -4.37 -0.25 -2.23 -3.36 -0.25 -3.24 -1.3 -0.25 -3.48
4 4 -1.3 -0.25 -3.48 -3.36 -0.25 -3.24 -2.02 -0.25 -4.24 -0.58 -0.25 -4.24
3 4 -0.58 -0.25 -4.24 -2.02 -0.25 -4.24 -0.62 -0.25 -5.16
4 4 0 -0.25 8.14 0 -0.25 9.34 -1.01 -0.25 8.48 -0.77 -0.25 7.37
4 4 -0.77 -0.25 7.37 -1.01 -0.25 8.48 -1.82 -0.25 8.039 -1.58 -0.25 7.08
4 4 -1.58 -0.25 7.08 -1.82 -0.25 8.039 -2.69 -0.25 7.85 -2.74 -0.25 6.94
4 4 -3.89 -0.25 7.04 -2.74 -0.25 6.94 -2.69 -0.25 7.85 -3.74 -0.25 8.039
4 4 -4.94 -0.25 7.61 -3.89 -0.25 7.04 -3.74 -0.25 8.039 -4.85 -0.25 8.62
4 4 -6.14 -0.25 8.38 -4.94 -0.25 7.61 -4.85 -0.25 8.62 -6.86 -0.25 10.06
4 4 -6.14 -0.25 8.38 -6.86 -0.25 10.06 -7.54 -0.25 5.36 -6.82 -0.25 3.34
4 4 -6.82 -0.25 3.34 -7.54 -0.25 5.36 -7.92 -0.25 1.28 -6.96 -0.25 -2.28
4 4 -6.96 -0.25 -2.28 -7.92 -0.25 1.28 -7.82 -0.25 -2.85 -6.67 -0.25 -4.15
4 4 -6.67 -0.25 -4.15 -7.82 -0.25 -2.85 -7.54 -0.25 -4.48 -6.1 -0.25 -5.2
4 4 -6.1 -0.25 -5.2 -7.54 -0.25 -4.48 -6.86 -0.25 -5.68 -5.23 -0.25 -6.07
4 4 -5.23 -0.25 -6.07 -6.86 -0.25 -5.68 -5.81 -0.25 -6.69 -3.74 -0.25 -6.88
4 4 -3.74 -0.25 -6.88 -5.81 -0.25 -6.69 -4.51 -0.25 -7.56 -2.35 -0.25 -7.46
4 4 -2.35 -0.25 -7.46 -4.51 -0.25 -7.56 -2.69 -0.25 -8.32 -1.06 -0.25 -8.18
4 4 -1.06 -0.25 -8.18 -2.69 -0.25 -8.32 -1.34 -0.25 -9.14 0 -0.25 -9.14
3 4 0 -0.25 -9.14 -1.34 -0.25 -9.14 0 -0.25 -10.34
4 0 -1.01 -0.25 8.48 0 -0.25 9.34 0 -0.25 10.01 -1.25 -0.25 8.91
4 0 -1.82 -0.25 8.039 -1.01 -0.25 8.48 -1.25 -0.25 8.91 -2.16 -0.25 8.38
4 0 -2.69 -0.25 7.85 -1.82 -0.25 8.039 -2.16 -0.25 8.38 -3.26 -0.25 8.33
4 0 -3.74 -0.25 8.039 -2.69 -0.25 7.85 -3.26 -0.25 8.33 -4.85 -0.25 8.62
4 0 -4.85 -0.25 8.62 -3.26 -0.25 8.33 -4.7 -0.25 9.15 -6.86 -0.25 10.06
3 0 -7.2 -0.25 10.97 -6.86 -0.25 10.06 -4.7 -0.25 9.15
4 0 -6.86 -0.25 10.06 -7.2 -0.25 10.97 -7.58 -0.25 8.81 -7.54 -0.25 5.36
4 0 -7.54 -0.25 5.36 -7.58 -0.25 8.81 -8.06 -0.25 5.5 -8.35 -0.25 2.43
4 0 -7.92 -0.25 1.28 -7.54 -0.25 5.36 -8.35 -0.25 2.43 -8.5 -0.25 -1.17
4 0 -7.82 -0.25 -2.85 -7.92 -0.25 1.28 -8.5 -0.25 -1.17 -8.4 -0.25 -3
4 0 -7.54 -0.25 -4.48 -7.82 -0.25 -2.85 -8.4 -0.25 -3 -8.109 -0.25 -4.34
4 0 -7.54 -0.25 -4.48 -8.109 -0.25 -4.34 -7.63 -0.25 -5.54 -6.86 -0.25 -5.68
4 0 -6.86 -0.25 -5.68 -7.63 -0.25 -5.54 -6.72 -0.25 -6.64 -5.81 -0.25 -6.69
4 0 -5.81 -0.25 -6.69 -6.72 -0.25 -6.64 -5.57 -0.25 -7.56 -4.51 -0.25 -7.56
4 0 -4.51 -0.25 -7.56 -5.57 -0.25 -7.56 -3.65 -0.25 -8.47 -2.69 -0.25 -8.32
4 0 -2.69 -0.25 -8.32 -3.65 -0.25 -8.47 -2.26 -0.25 -9.14 -1.34 -0.25 -9.14
4 0 -1.34 -0.25 -9.14 -2.26 -0.25 -9.14 -1.1 -0.25 -10.05 0 -0.25 -10.34
3 0 -1.1 -0.25 -10.05 0 -0.25 -10.96 0 -0.25 -10.34
4 16 0 -0.25 10.01 -7.2 -0.25 10.97 -4.7 -0.25 9.15 -1.25 -0.25 8.91
4 16 -1.25 -0.25 8.91 -4.7 -0.25 9.15 -3.26 -0.25 8.33 -2.16 -0.25 8.38
4 0 8.35 -0.25 2.43 8.06 -0.25 5.5 7.54 -0.25 5.36 7.92 -0.25 1.28
4 0 8.5 -0.25 -1.17 8.35 -0.25 2.43 7.92 -0.25 1.28 7.82 -0.25 -2.85
4 0 8.4 -0.25 -3 8.5 -0.25 -1.17 7.82 -0.25 -2.85 7.54 -0.25 -4.48
4 0 7.54 -0.25 5.36 8.06 -0.25 5.5 7.58 -0.25 8.81 6.86 -0.25 10.06
4 4 7.54 -0.25 5.36 6.86 -0.25 10.06 6.14 -0.25 8.38 6.82 -0.25 3.34
4 4 7.92 -0.25 1.28 7.54 -0.25 5.36 6.82 -0.25 3.34 6.96 -0.25 -2.28
4 4 7.82 -0.25 -2.85 7.92 -0.25 1.28 6.96 -0.25 -2.28 6.67 -0.25 -4.15
4 4 7.54 -0.25 -4.48 7.82 -0.25 -2.85 6.67 -0.25 -4.15 6.1 -0.25 -5.2
4 0 8.109 -0.25 -4.34 8.4 -0.25 -3 7.54 -0.25 -4.48 7.63 -0.25 -5.54
3 0 7.2 -0.25 10.97 6.86 -0.25 10.06 7.58 -0.25 8.81
4 4 4.85 -0.25 8.62 4.94 -0.25 7.61 6.14 -0.25 8.38 6.86 -0.25 10.06
4 0 4.7 -0.25 9.15 4.85 -0.25 8.62 6.86 -0.25 10.06 7.2 -0.25 10.97
4 4 6.86 -0.25 -5.68 7.54 -0.25 -4.48 6.1 -0.25 -5.2 5.23 -0.25 -6.07
4 0 7.63 -0.25 -5.54 7.54 -0.25 -4.48 6.86 -0.25 -5.68 6.72 -0.25 -6.64
4 16 4.7 -0.25 9.15 7.2 -0.25 10.97 0 -0.25 10.01 1.25 -0.25 8.91
4 4 4.94 -0.25 7.61 4.85 -0.25 8.62 3.74 -0.25 8.039 3.89 -0.25 7.04
4 0 3.26 -0.25 8.33 3.74 -0.25 8.039 4.85 -0.25 8.62 4.7 -0.25 9.15
4 16 3.26 -0.25 8.33 4.7 -0.25 9.15 1.25 -0.25 8.91 2.16 -0.25 8.38
4 4 5.81 -0.25 -6.69 6.86 -0.25 -5.68 5.23 -0.25 -6.07 3.74 -0.25 -6.88
4 0 6.72 -0.25 -6.64 6.86 -0.25 -5.68 5.81 -0.25 -6.69 5.57 -0.25 -7.56
4 0 5.57 -0.25 -7.56 5.81 -0.25 -6.69 4.51 -0.25 -7.56 3.65 -0.25 -8.47
4 0 0 -0.25 10.01 0 -0.25 9.34 1.01 -0.25 8.48 1.25 -0.25 8.91
4 4 3.89 -0.25 7.04 3.74 -0.25 8.039 2.69 -0.25 7.85 2.74 -0.25 6.94
4 0 2.69 -0.25 7.85 3.74 -0.25 8.039 3.26 -0.25 8.33 2.16 -0.25 8.38
4 0 1.25 -0.25 8.91 1.01 -0.25 8.48 1.82 -0.25 8.039 2.16 -0.25 8.38
4 4 4.51 -0.25 -7.56 5.81 -0.25 -6.69 3.74 -0.25 -6.88 2.35 -0.25 -7.46
4 4 2.69 -0.25 -8.32 4.51 -0.25 -7.56 2.35 -0.25 -7.46 1.06 -0.25 -8.18
4 0 3.65 -0.25 -8.47 4.51 -0.25 -7.56 2.69 -0.25 -8.32 2.26 -0.25 -9.14
4 0 0 -0.25 -10.34 0 -0.25 -10.96 1.1 -0.25 -10.05 1.34 -0.25 -9.14
4 0 1.34 -0.25 -9.14 1.1 -0.25 -10.05 2.26 -0.25 -9.14 2.69 -0.25 -8.32
4 4 1.01 -0.25 8.48 0 -0.25 9.34 0 -0.25 8.14 0.77 -0.25 7.37
4 4 1.82 -0.25 8.039 1.01 -0.25 8.48 0.77 -0.25 7.37 1.58 -0.25 7.08
4 4 2.69 -0.25 7.85 1.82 -0.25 8.039 1.58 -0.25 7.08 2.74 -0.25 6.94
3 0 2.16 -0.25 8.38 1.82 -0.25 8.039 2.69 -0.25 7.85
4 4 1.34 -0.25 -9.14 2.69 -0.25 -8.32 1.06 -0.25 -8.18 0 -0.25 -9.14
3 4 1.34 -0.25 -9.14 0 -0.25 -9.14 0 -0.25 -10.34
4 16 -7.2 -0.25 10.97 0 -0.25 10.01 7.2 -0.25 10.97 -10 -0.25 15
4 0 0.77 -0.25 7.37 0 -0.25 8.14 -0.77 -0.25 7.37 -0.24 -0.25 4.59
4 0 -0.24 -0.25 4.59 -0.77 -0.25 7.37 -1.58 -0.25 7.08 -1.73 -0.25 5.64
4 0 -1.73 -0.25 5.64 -1.58 -0.25 7.08 -2.74 -0.25 6.94 -5.04 -0.25 5.16
4 0 -1.73 -0.25 5.64 -5.04 -0.25 5.16 -2.98 -0.25 3.63 -1.25 -0.25 4.25
4 0 -1.15 -0.25 3.15 -1.25 -0.25 4.25 -2.98 -0.25 3.63 -2.02 -0.25 2.76
3 0 -1.15 -0.25 3.15 -2.02 -0.25 2.76 -1.25 -0.25 1.71
3 0 -3.89 -0.25 7.04 -5.04 -0.25 5.16 -2.74 -0.25 6.94
3 0 -4.94 -0.25 7.61 -5.04 -0.25 5.16 -3.89 -0.25 7.04
4 0 -5.04 -0.25 5.16 -4.94 -0.25 7.61 -6.14 -0.25 8.38 -6.82 -0.25 3.34
4 0 -4.7 -0.25 3.63 -5.04 -0.25 5.16 -6.82 -0.25 3.34 -4.7 -0.25 2.52
3 0 -6.82 -0.25 3.34 -4.94 -0.25 1.47 -4.7 -0.25 2.52
4 0 -5.09 -0.25 0.22 -4.94 -0.25 1.47 -6.82 -0.25 3.34 -6.96 -0.25 -2.28
4 0 -4.94 -0.25 -1.08 -5.09 -0.25 0.22 -6.96 -0.25 -2.28 -6.67 -0.25 -4.15
4 0 -4.37 -0.25 -2.23 -4.94 -0.25 -1.08 -6.67 -0.25 -4.15 -6.1 -0.25 -5.2
4 0 -3.36 -0.25 -3.24 -4.37 -0.25 -2.23 -6.1 -0.25 -5.2 -5.23 -0.25 -6.07
4 0 -2.02 -0.25 -4.24 -3.36 -0.25 -3.24 -5.23 -0.25 -6.07 -3.74 -0.25 -6.88
4 0 -0.62 -0.25 -5.16 -2.02 -0.25 -4.24 -3.74 -0.25 -6.88 -2.35 -0.25 -7.46
4 0 -0.62 -0.25 -5.16 -2.35 -0.25 -7.46 -1.06 -0.25 -8.18 0.38 -0.25 -5.11
3 0 -0.58 -0.25 -4.24 -0.62 -0.25 -5.16 0.38 -0.25 -5.11
4 0 1.34 -0.25 -5.73 0.38 -0.25 -5.11 -1.06 -0.25 -8.18 1.06 -0.25 -8.18
3 0 1.06 -0.25 -8.18 -1.06 -0.25 -8.18 0 -0.25 -9.14
4 0 1.34 -0.25 -5.73 1.06 -0.25 -8.18 2.35 -0.25 -7.46 2.4 -0.25 -6.16
3 0 1.3 -0.25 -4.96 1.34 -0.25 -5.73 2.4 -0.25 -6.16
4 0 2.4 -0.25 -6.16 2.35 -0.25 -7.46 3.74 -0.25 -6.88 2.45 -0.25 -5.25
4 0 2.45 -0.25 -5.25 3.74 -0.25 -6.88 5.23 -0.25 -6.07 2.69 -0.25 -4.24
4 0 2.69 -0.25 -4.24 5.23 -0.25 -6.07 6.1 -0.25 -5.2 3.12 -0.25 -3.62
4 0 3.12 -0.25 -3.62 6.1 -0.25 -5.2 6.67 -0.25 -4.15 4.03 -0.25 -2.85
4 0 4.03 -0.25 -2.85 6.67 -0.25 -4.15 6.96 -0.25 -2.28 4.85 -0.25 -1.56
4 0 5.33 -0.25 -0.02 4.85 -0.25 -1.56 6.96 -0.25 -2.28 6.82 -0.25 3.34
3 0 6.82 -0.25 3.34 5.28 -0.25 1.47 5.33 -0.25 -0.02
3 0 6.82 -0.25 3.34 4.99 -0.25 2.62 5.28 -0.25 1.47
4 0 4.46 -0.25 3.63 4.99 -0.25 2.62 6.82 -0.25 3.34 4.94 -0.25 7.61
3 0 6.14 -0.25 8.38 4.94 -0.25 7.61 6.82 -0.25 3.34
4 0 3.79 -0.25 4.54 4.46 -0.25 3.63 4.94 -0.25 7.61 3.89 -0.25 7.04
4 0 2.98 -0.25 5.5 3.79 -0.25 4.54 3.89 -0.25 7.04 2.74 -0.25 6.94
4 0 2.98 -0.25 5.5 2.74 -0.25 6.94 1.58 -0.25 7.08 -0.24 -0.25 4.59
3 0 0.77 -0.25 7.37 -0.24 -0.25 4.59 1.58 -0.25 7.08
4 0 2.98 -0.25 4.35 2.98 -0.25 5.5 -0.24 -0.25 4.59 0.91 -0.25 3.53
4 0 2.88 -0.25 3.44 2.98 -0.25 4.35 0.91 -0.25 3.53 2.59 -0.25 2.52
3 0 0.91 -0.25 3.53 2.02 -0.25 1.61 2.59 -0.25 2.52
3 16 10 -0.25 15 -10 -0.25 15 7.2 -0.25 10.97
3 16 -10 -0.25 15 -7.58 -0.25 8.81 -7.2 -0.25 10.97
3 16 -10 -0.25 15 -8.06 -0.25 5.5 -7.58 -0.25 8.81
3 16 -10 -0.25 15 -8.35 -0.25 2.43 -8.06 -0.25 5.5
4 16 -8.5 -0.25 -1.17 -8.35 -0.25 2.43 -10 -0.25 15 -10 -0.25 -15
3 16 -8.5 -0.25 -1.17 -10 -0.25 -15 -8.4 -0.25 -3
3 16 -8.4 -0.25 -3 -10 -0.25 -15 -8.109 -0.25 -4.34
3 16 -8.109 -0.25 -4.34 -10 -0.25 -15 -7.63 -0.25 -5.54
3 16 -7.63 -0.25 -5.54 -10 -0.25 -15 -6.72 -0.25 -6.64
3 16 -6.72 -0.25 -6.64 -10 -0.25 -15 -5.57 -0.25 -7.56
4 16 -3.65 -0.25 -8.47 -5.57 -0.25 -7.56 -10 -0.25 -15 -2.26 -0.25 -9.14
4 16 -1.1 -0.25 -10.05 -2.26 -0.25 -9.14 -10 -0.25 -15 0 -0.25 -10.96
3 16 0 -0.25 -10.96 -10 -0.25 -15 10 -0.25 -15
4 16 1.1 -0.25 -10.05 0 -0.25 -10.96 10 -0.25 -15 2.26 -0.25 -9.14
4 16 3.65 -0.25 -8.47 2.26 -0.25 -9.14 10 -0.25 -15 5.57 -0.25 -7.56
3 16 6.72 -0.25 -6.64 5.57 -0.25 -7.56 10 -0.25 -15
3 16 7.63 -0.25 -5.54 6.72 -0.25 -6.64 10 -0.25 -15
3 16 8.109 -0.25 -4.34 7.63 -0.25 -5.54 10 -0.25 -15
3 16 8.4 -0.25 -3 8.109 -0.25 -4.34 10 -0.25 -15
4 16 8.5 -0.25 -1.17 8.4 -0.25 -3 10 -0.25 -15 10 -0.25 15
3 16 10 -0.25 15 8.35 -0.25 2.43 8.5 -0.25 -1.17
3 16 10 -0.25 15 8.06 -0.25 5.5 8.35 -0.25 2.43
3 16 10 -0.25 15 7.58 -0.25 8.81 8.06 -0.25 5.5
3 16 10 -0.25 15 7.2 -0.25 10.97 7.58 -0.25 8.81
