0 Sticker  2.6 x  4.6 Trapezoidal with Fire Logo Badge and Three White Chevrons
0 Name: 4262483f.dat
0 Author: Takeshi Takahashi [RainbowDolphin]
0 !LDRAW_ORG Unofficial_Part 
0 !LICENSE Redistributable under CCAL version 2.0 : see CAreadme.txt

0 BFC CERTIFY CCW

0 !KEYWORDS Set 7239, Fire engine, Ladder truck


3 16 -46 0 26 -36.9 0 26 0 0 0
3 16 -46 0 22.1 -46 0 26 0 0 0
3 16 -45.8 0 15.8 0 0 0 -45.5 0 7.8
3 16 -44.3 0 1.3 0 0 0 -42.1 0 -7.4
3 16 -46 0 22.1 0 0 0 -45.8 0 15.8
3 16 -45.5 0 7.8 0 0 0 -44.3 0 1.3
4 16 -39 0 -17 -42.1 0 -7.4 0 0 0 -34 0 -26
3 16 46 0 22.1 45.8 0 15.8 0 0 0
3 16 0 0 0 45.8 0 15.8 45.5 0 7.8
3 16 46 0 26 46 0 22.1 0 0 0
3 16 0 0 0 45.5 0 7.8 44.3 0 1.3
3 16 36.9 0 26 46 0 26 0 0 0
3 16 0 0 0 44.3 0 1.3 42.1 0 -7.4
4 16 0 0 0 42.1 0 -7.4 39 0 -17 34 0 -26
3 16 0 0 0 -36.9 0 26 36.9 0 26
3 16 -34 0 -26 0 0 0 34 0 -26
3 14 6.2 -.25 10 6.2 -.25 7.6 7.9 -.25 8
4 14 7.9 -.25 8 6.2 -.25 7.6 6 -.25 5.7 9.3 -.25 6.1
4 14 9.3 -.25 6.1 6 -.25 5.7 5.4 -.25 3.8 10.4 -.25 4
4 14 10.4 -.25 4 5.4 -.25 3.8 4.2 -.25 1.9 11 -.25 1.6
4 14 11.1 -.25 -1.5 11 -.25 1.6 4.2 -.25 1.9 2.2 -.25 -.1
4 14 10.1 -.25 -4.7 11.1 -.25 -1.5 2.2 -.25 -.1 .5 -.25 -2.2
4 14 8.4 -.25 -7.4 10.1 -.25 -4.7 .5 -.25 -2.2 -.3 -.25 -4.3
4 14 8.4 -.25 -7.4 -.3 -.25 -4.3 -.3 -.25 -6.5 6.5 -.25 -9
4 14 6.5 -.25 -9 -.3 -.25 -6.5 1 -.25 -9.5 5.6 -.25 -10.3
4 14 5.6 -.25 -10.3 1 -.25 -9.5 2.7 -.25 -11.8 5.1 -.25 -12.4
3 14 2.7 -.25 -11.8 5 -.25 -14.3 5.1 -.25 -12.4
4 25 -.5 -.25 8.1 -3.6 -.25 10.3 -2.6 -.25 7.4 1.9 -.25 5.9
4 25 1.9 -.25 5.9 -2.6 -.25 7.4 -2.4 -.25 5.1 4.2 -.25 1.9
4 25 4.2 -.25 1.9 -2.4 -.25 5.1 -2.6 -.25 2.1 2.2 -.25 -.1
4 25 2.2 -.25 -.1 -2.6 -.25 2.1 -3.5 -.25 -.1 .5 -.25 -2.2
4 25 .5 -.25 -2.2 -3.5 -.25 -.1 -4.7 -.25 -2.6 -.3 -.25 -4.3
4 25 -.3 -.25 -4.3 -4.7 -.25 -2.6 -4.9 -.25 -4.7 -.3 -.25 -6.5
4 25 -.3 -.25 -6.5 -4.9 -.25 -4.7 -4.2 -.25 -6.8 -2.7 -.25 -8.7
4 25 1 -.25 -9.5 -.3 -.25 -6.5 -2.7 -.25 -8.7 -1.2 -.25 -10.3
4 25 2.7 -.25 -11.8 1 -.25 -9.5 -1.2 -.25 -10.3 .8 -.25 -12.1
3 25 2.7 -.25 -11.8 .8 -.25 -12.1 2.8 -.25 -13.4
4 4 -6.2 -.25 6.1 -10.5 -.25 9.3 -9.8 -.25 6.1 -4.2 -.25 4.3
4 4 -4.2 -.25 4.3 -9.8 -.25 6.1 -9.8 -.25 3.8 -2.6 -.25 2.1
4 4 -2.6 -.25 2.1 -9.8 -.25 3.8 -10.3 -.25 1.6 -3.5 -.25 -.1
4 4 -3.5 -.25 -.1 -10.3 -.25 1.6 -10.6 -.25 -1 -4.7 -.25 -2.6
4 4 -4.7 -.25 -2.6 -10.6 -.25 -1 -10.3 -.25 -3.7 -4.9 -.25 -4.7
4 4 -4.9 -.25 -4.7 -10.3 -.25 -3.7 -9.1 -.25 -6.1 -4.2 -.25 -6.8
4 4 -4.2 -.25 -6.8 -9.1 -.25 -6.1 -7 -.25 -8.2 -2.7 -.25 -8.7
4 4 -2.7 -.25 -8.7 -7 -.25 -8.2 -4.2 -.25 -10.3 -1.2 -.25 -10.3
3 4 -1.2 -.25 -10.3 -4.2 -.25 -10.3 -1.3 -.25 -12.2
4 4 0 -.25 15.5 0 -.25 18 -2.1 -.25 16.2 -1.6 -.25 13.9
4 4 -1.6 -.25 13.9 -2.1 -.25 16.2 -3.8 -.25 15.3 -3.3 -.25 13.3
4 4 -3.3 -.25 13.3 -3.8 -.25 15.3 -5.6 -.25 14.9 -5.7 -.25 13
4 4 -8.1 -.25 13.2 -5.7 -.25 13 -5.6 -.25 14.9 -7.8 -.25 15.3
4 4 -10.3 -.25 14.4 -8.1 -.25 13.2 -7.8 -.25 15.3 -10.1 -.25 16.5
4 4 -12.8 -.25 16 -10.3 -.25 14.4 -10.1 -.25 16.5 -14.3 -.25 19.5
4 4 -12.8 -.25 16 -14.3 -.25 19.5 -15.7 -.25 9.7 -14.2 -.25 5.5
4 4 -14.2 -.25 5.5 -15.7 -.25 9.7 -16.5 -.25 1.2 -14.5 -.25 -6.2
4 4 -14.5 -.25 -6.2 -16.5 -.25 1.2 -16.3 -.25 -7.4 -13.9 -.25 -10.1
4 4 -13.9 -.25 -10.1 -16.3 -.25 -7.4 -15.7 -.25 -10.8 -12.7 -.25 -12.3
4 4 -12.7 -.25 -12.3 -15.7 -.25 -10.8 -14.3 -.25 -13.3 -10.9 -.25 -14.1
4 4 -10.9 -.25 -14.1 -14.3 -.25 -13.3 -12.1 -.25 -15.4 -7.8 -.25 -15.8
4 4 -7.8 -.25 -15.8 -12.1 -.25 -15.4 -9.4 -.25 -17.2 -4.9 -.25 -17
4 4 -4.9 -.25 -17 -9.4 -.25 -17.2 -5.6 -.25 -18.8 -2.2 -.25 -18.5
4 4 -2.2 -.25 -18.5 -5.6 -.25 -18.8 -2.8 -.25 -20.5 0 -.25 -20.5
3 4 0 -.25 -20.5 -2.8 -.25 -20.5 0 -.25 -23
4 0 -2.1 -.25 16.2 0 -.25 18 0 -.25 19.4 -2.6 -.25 17.1
4 0 -3.8 -.25 15.3 -2.1 -.25 16.2 -2.6 -.25 17.1 -4.5 -.25 16
4 0 -5.6 -.25 14.9 -3.8 -.25 15.3 -4.5 -.25 16 -6.8 -.25 15.9
4 0 -7.8 -.25 15.3 -5.6 -.25 14.9 -6.8 -.25 15.9 -10.1 -.25 16.5
4 0 -10.1 -.25 16.5 -6.8 -.25 15.9 -9.8 -.25 17.6 -14.3 -.25 19.5
3 0 -15 -.25 21.4 -14.3 -.25 19.5 -9.8 -.25 17.6
4 0 -14.3 -.25 19.5 -15 -.25 21.4 -15.8 -.25 16.9 -15.7 -.25 9.7
4 0 -15.7 -.25 9.7 -15.8 -.25 16.9 -16.8 -.25 10 -17.4 -.25 3.6
4 0 -16.5 -.25 1.2 -15.7 -.25 9.7 -17.4 -.25 3.6 -17.7 -.25 -3.9
4 0 -16.3 -.25 -7.4 -16.5 -.25 1.2 -17.7 -.25 -3.9 -17.5 -.25 -7.7
4 0 -15.7 -.25 -10.8 -16.3 -.25 -7.4 -17.5 -.25 -7.7 -16.9 -.25 -10.5
4 0 -15.7 -.25 -10.8 -16.9 -.25 -10.5 -15.9 -.25 -13 -14.3 -.25 -13.3
4 0 -14.3 -.25 -13.3 -15.9 -.25 -13 -14 -.25 -15.3 -12.1 -.25 -15.4
4 0 -12.1 -.25 -15.4 -14 -.25 -15.3 -11.6 -.25 -17.2 -9.4 -.25 -17.2
4 0 -9.4 -.25 -17.2 -11.6 -.25 -17.2 -7.6 -.25 -19.1 -5.6 -.25 -18.8
4 0 -5.6 -.25 -18.8 -7.6 -.25 -19.1 -4.7 -.25 -20.5 -2.8 -.25 -20.5
4 0 -2.8 -.25 -20.5 -4.7 -.25 -20.5 -2.3 -.25 -22.4 0 -.25 -23
3 0 -2.3 -.25 -22.4 0 -.25 -24.3 0 -.25 -23
4 15 -15.8 -.25 16.9 -36.9 -.25 26 -46 -.25 26 -16.8 -.25 10
3 15 -46 -.25 26 -46 -.25 22.1 -16.8 -.25 10
4 15 -17.7 -.25 -3.9 -17.4 -.25 3.6 -45.8 -.25 15.8 -45.5 -.25 7.8
4 15 -15.9 -.25 -13 -16.9 -.25 -10.5 -44.3 -.25 1.3 -42.1 -.25 -7.4
3 15 -42.1 -.25 -7.4 -14 -.25 -15.3 -15.9 -.25 -13
3 15 -42.1 -.25 -7.4 -11.6 -.25 -17.2 -14 -.25 -15.3
4 15 -11.6 -.25 -17.2 -42.1 -.25 -7.4 0 -.25 -25 0 -.25 -24.3
4 15 -11.6 -.25 -17.2 0 -.25 -24.3 -2.3 -.25 -22.4 -7.6 -.25 -19.1
3 15 -7.6 -.25 -19.1 -2.3 -.25 -22.4 -4.7 -.25 -20.5
4 16 -17.4 -.25 3.6 -16.8 -.25 10 -46 -.25 22.1 -45.8 -.25 15.8
4 16 -17.5 -.25 -7.7 -17.7 -.25 -3.9 -45.5 -.25 7.8 -44.3 -.25 1.3
3 16 -44.3 -.25 1.3 -16.9 -.25 -10.5 -17.5 -.25 -7.7
4 16 0 -.25 -25 -42.1 -.25 -7.4 -39 -.25 -17 -34 -.25 -26
3 16 -36.9 -.25 26 -15.8 -.25 16.9 -15 -.25 21.4
4 16 0 -.25 19.4 -15 -.25 21.4 -9.8 -.25 17.6 -2.6 -.25 17.1
4 16 -2.6 -.25 17.1 -9.8 -.25 17.6 -6.8 -.25 15.9 -4.5 -.25 16
4 16 17.4 -.25 3.6 45.8 -.25 15.8 46 -.25 22.1 16.8 -.25 10
4 15 45.8 -.25 15.8 17.4 -.25 3.6 17.7 -.25 -3.9 45.5 -.25 7.8
4 15 16.8 -.25 10 46 -.25 22.1 46 -.25 26 15.8 -.25 16.9
4 0 17.4 -.25 3.6 16.8 -.25 10 15.7 -.25 9.7 16.5 -.25 1.2
4 0 17.7 -.25 -3.9 17.4 -.25 3.6 16.5 -.25 1.2 16.3 -.25 -7.4
4 0 17.5 -.25 -7.7 17.7 -.25 -3.9 16.3 -.25 -7.4 15.7 -.25 -10.8
4 16 45.5 -.25 7.8 17.7 -.25 -3.9 17.5 -.25 -7.7 44.3 -.25 1.3
3 15 46 -.25 26 36.9 -.25 26 15.8 -.25 16.9
4 0 15.7 -.25 9.7 16.8 -.25 10 15.8 -.25 16.9 14.3 -.25 19.5
4 4 15.7 -.25 9.7 14.3 -.25 19.5 12.8 -.25 16 14.2 -.25 5.5
4 4 16.5 -.25 1.2 15.7 -.25 9.7 14.2 -.25 5.5 14.5 -.25 -6.2
4 4 16.3 -.25 -7.4 16.5 -.25 1.2 14.5 -.25 -6.2 13.9 -.25 -10.1
4 4 15.7 -.25 -10.8 16.3 -.25 -7.4 13.9 -.25 -10.1 12.7 -.25 -12.3
4 0 16.9 -.25 -10.5 17.5 -.25 -7.7 15.7 -.25 -10.8 15.9 -.25 -13
3 16 44.3 -.25 1.3 17.5 -.25 -7.7 16.9 -.25 -10.5
4 15 44.3 -.25 1.3 16.9 -.25 -10.5 15.9 -.25 -13 42.1 -.25 -7.4
3 0 15 -.25 21.4 14.3 -.25 19.5 15.8 -.25 16.9
3 16 36.9 -.25 26 15 -.25 21.4 15.8 -.25 16.9
4 4 10.1 -.25 16.5 10.3 -.25 14.4 12.8 -.25 16 14.3 -.25 19.5
4 0 9.8 -.25 17.6 10.1 -.25 16.5 14.3 -.25 19.5 15 -.25 21.4
4 4 14.3 -.25 -13.3 15.7 -.25 -10.8 12.7 -.25 -12.3 10.9 -.25 -14.1
4 0 15.9 -.25 -13 15.7 -.25 -10.8 14.3 -.25 -13.3 14 -.25 -15.3
3 15 42.1 -.25 -7.4 15.9 -.25 -13 14 -.25 -15.3
3 15 42.1 -.25 -7.4 14 -.25 -15.3 11.6 -.25 -17.2
4 15 0 -.25 -25 42.1 -.25 -7.4 11.6 -.25 -17.2 0 -.25 -24.3
4 16 39 -.25 -17 42.1 -.25 -7.4 0 -.25 -25 34 -.25 -26
4 16 9.8 -.25 17.6 15 -.25 21.4 0 -.25 19.4 2.6 -.25 17.1
4 4 10.3 -.25 14.4 10.1 -.25 16.5 7.8 -.25 15.3 8.1 -.25 13.2
4 0 6.8 -.25 15.9 7.8 -.25 15.3 10.1 -.25 16.5 9.8 -.25 17.6
4 16 6.8 -.25 15.9 9.8 -.25 17.6 2.6 -.25 17.1 4.5 -.25 16
4 4 12.1 -.25 -15.4 14.3 -.25 -13.3 10.9 -.25 -14.1 7.8 -.25 -15.8
4 0 14 -.25 -15.3 14.3 -.25 -13.3 12.1 -.25 -15.4 11.6 -.25 -17.2
4 0 11.6 -.25 -17.2 12.1 -.25 -15.4 9.4 -.25 -17.2 7.6 -.25 -19.1
4 15 2.3 -.25 -22.4 0 -.25 -24.3 11.6 -.25 -17.2 7.6 -.25 -19.1
4 0 0 -.25 19.4 0 -.25 18 2.1 -.25 16.2 2.6 -.25 17.1
4 4 8.1 -.25 13.2 7.8 -.25 15.3 5.6 -.25 14.9 5.7 -.25 13
4 0 5.6 -.25 14.9 7.8 -.25 15.3 6.8 -.25 15.9 4.5 -.25 16
4 0 2.6 -.25 17.1 2.1 -.25 16.2 3.8 -.25 15.3 4.5 -.25 16
4 4 9.4 -.25 -17.2 12.1 -.25 -15.4 7.8 -.25 -15.8 4.9 -.25 -17
4 4 5.6 -.25 -18.8 9.4 -.25 -17.2 4.9 -.25 -17 2.2 -.25 -18.5
4 0 7.6 -.25 -19.1 9.4 -.25 -17.2 5.6 -.25 -18.8 4.7 -.25 -20.5
3 15 7.6 -.25 -19.1 4.7 -.25 -20.5 2.3 -.25 -22.4
4 0 0 -.25 -23 0 -.25 -24.3 2.3 -.25 -22.4 2.8 -.25 -20.5
4 0 2.8 -.25 -20.5 2.3 -.25 -22.4 4.7 -.25 -20.5 5.6 -.25 -18.8
4 4 2.1 -.25 16.2 0 -.25 18 0 -.25 15.5 1.6 -.25 13.9
4 4 3.8 -.25 15.3 2.1 -.25 16.2 1.6 -.25 13.9 3.3 -.25 13.3
4 4 5.6 -.25 14.9 3.8 -.25 15.3 3.3 -.25 13.3 5.7 -.25 13
3 0 4.5 -.25 16 3.8 -.25 15.3 5.6 -.25 14.9
4 4 2.8 -.25 -20.5 5.6 -.25 -18.8 2.2 -.25 -18.5 0 -.25 -20.5
3 4 2.8 -.25 -20.5 0 -.25 -20.5 0 -.25 -23
4 16 -36.9 -.25 26 -15 -.25 21.4 15 -.25 21.4 36.9 -.25 26
3 16 15 -.25 21.4 -15 -.25 21.4 0 -.25 19.4
3 16 0 -.25 -25 -34 -.25 -26 34 -.25 -26
4 0 1.6 -.25 13.9 0 -.25 15.5 -1.6 -.25 13.9 -.5 -.25 8.1
4 0 -.5 -.25 8.1 -1.6 -.25 13.9 -3.3 -.25 13.3 -3.6 -.25 10.3
4 0 -3.6 -.25 10.3 -3.3 -.25 13.3 -5.7 -.25 13 -10.5 -.25 9.3
4 0 -3.6 -.25 10.3 -10.5 -.25 9.3 -6.2 -.25 6.1 -2.6 -.25 7.4
4 0 -2.4 -.25 5.1 -2.6 -.25 7.4 -6.2 -.25 6.1 -4.2 -.25 4.3
3 0 -2.4 -.25 5.1 -4.2 -.25 4.3 -2.6 -.25 2.1
3 0 -8.1 -.25 13.2 -10.5 -.25 9.3 -5.7 -.25 13
3 0 -10.3 -.25 14.4 -10.5 -.25 9.3 -8.1 -.25 13.2
4 0 -10.5 -.25 9.3 -10.3 -.25 14.4 -12.8 -.25 16 -14.2 -.25 5.5
4 0 -9.8 -.25 6.1 -10.5 -.25 9.3 -14.2 -.25 5.5 -9.8 -.25 3.8
3 0 -14.2 -.25 5.5 -10.3 -.25 1.6 -9.8 -.25 3.8
4 0 -10.6 -.25 -1 -10.3 -.25 1.6 -14.2 -.25 5.5 -14.5 -.25 -6.2
4 0 -10.3 -.25 -3.7 -10.6 -.25 -1 -14.5 -.25 -6.2 -13.9 -.25 -10.1
4 0 -9.1 -.25 -6.1 -10.3 -.25 -3.7 -13.9 -.25 -10.1 -12.7 -.25 -12.3
4 0 -7 -.25 -8.2 -9.1 -.25 -6.1 -12.7 -.25 -12.3 -10.9 -.25 -14.1
4 0 -4.2 -.25 -10.3 -7 -.25 -8.2 -10.9 -.25 -14.1 -7.8 -.25 -15.8
4 0 -1.3 -.25 -12.2 -4.2 -.25 -10.3 -7.8 -.25 -15.8 -4.9 -.25 -17
4 0 -1.3 -.25 -12.2 -4.9 -.25 -17 -2.2 -.25 -18.5 .8 -.25 -12.1
3 0 -1.2 -.25 -10.3 -1.3 -.25 -12.2 .8 -.25 -12.1
4 0 2.8 -.25 -13.4 .8 -.25 -12.1 -2.2 -.25 -18.5 2.2 -.25 -18.5
3 0 2.2 -.25 -18.5 -2.2 -.25 -18.5 0 -.25 -20.5
4 0 2.8 -.25 -13.4 2.2 -.25 -18.5 4.9 -.25 -17 5 -.25 -14.3
3 0 2.7 -.25 -11.8 2.8 -.25 -13.4 5 -.25 -14.3
4 0 5 -.25 -14.3 4.9 -.25 -17 7.8 -.25 -15.8 5.1 -.25 -12.4
4 0 5.1 -.25 -12.4 7.8 -.25 -15.8 10.9 -.25 -14.1 5.6 -.25 -10.3
4 0 5.6 -.25 -10.3 10.9 -.25 -14.1 12.7 -.25 -12.3 6.5 -.25 -9
4 0 6.5 -.25 -9 12.7 -.25 -12.3 13.9 -.25 -10.1 8.4 -.25 -7.4
4 0 8.4 -.25 -7.4 13.9 -.25 -10.1 14.5 -.25 -6.2 10.1 -.25 -4.7
4 0 11.1 -.25 -1.5 10.1 -.25 -4.7 14.5 -.25 -6.2 14.2 -.25 5.5
3 0 14.2 -.25 5.5 11 -.25 1.6 11.1 -.25 -1.5
3 0 14.2 -.25 5.5 10.4 -.25 4 11 -.25 1.6
4 0 9.3 -.25 6.1 10.4 -.25 4 14.2 -.25 5.5 10.3 -.25 14.4
3 0 12.8 -.25 16 10.3 -.25 14.4 14.2 -.25 5.5
4 0 7.9 -.25 8 9.3 -.25 6.1 10.3 -.25 14.4 8.1 -.25 13.2
4 0 6.2 -.25 10 7.9 -.25 8 8.1 -.25 13.2 5.7 -.25 13
4 0 6.2 -.25 10 5.7 -.25 13 3.3 -.25 13.3 -.5 -.25 8.1
3 0 1.6 -.25 13.9 -.5 -.25 8.1 3.3 -.25 13.3
4 0 6.2 -.25 7.6 6.2 -.25 10 -.5 -.25 8.1 1.9 -.25 5.9
4 0 6 -.25 5.7 6.2 -.25 7.6 1.9 -.25 5.9 5.4 -.25 3.8
3 0 1.9 -.25 5.9 4.2 -.25 1.9 5.4 -.25 3.8
4 16 -44.3 -.25 1.3 -44.3 0 1.3 -42.1 0 -7.4 -42.1 -.25 -7.4
4 16 -45.5 -.25 7.8 -45.5 0 7.8 -44.3 0 1.3 -44.3 -.25 1.3
4 16 -45.8 -.25 15.8 -45.8 0 15.8 -45.5 0 7.8 -45.5 -.25 7.8
4 16 -46 -.25 22.1 -46 0 22.1 -45.8 0 15.8 -45.8 -.25 15.8
4 16 -46 -.25 26 -46 0 26 -46 0 22.1 -46 -.25 22.1
4 16 -36.9 -.25 26 -36.9 0 26 -46 0 26 -46 -.25 26
4 16 36.9 -.25 26 36.9 0 26 -36.9 0 26 -36.9 -.25 26
4 16 46 -.25 26 46 0 26 36.9 0 26 36.9 -.25 26
4 16 46 -.25 22.1 46 0 22.1 46 0 26 46 -.25 26
4 16 45.8 -.25 15.8 45.8 0 15.8 46 0 22.1 46 -.25 22.1
4 16 45.5 -.25 7.8 45.5 0 7.8 45.8 0 15.8 45.8 -.25 15.8
4 16 44.3 -.25 1.3 44.3 0 1.3 45.5 0 7.8 45.5 -.25 7.8
4 16 42.1 -.25 -7.4 42.1 0 -7.4 44.3 0 1.3 44.3 -.25 1.3
4 16 39 -.25 -17 39 0 -17 42.1 0 -7.4 42.1 -.25 -7.4
4 16 34 -.25 -26 34 0 -26 39 0 -17 39 -.25 -17
4 16 -34 -.25 -26 -34 0 -26 34 0 -26 34 -.25 -26
4 16 -39 -.25 -17 -39 0 -17 -34 0 -26 -34 -.25 -26
4 16 -42.1 -.25 -7.4 -42.1 0 -7.4 -39 0 -17 -39 -.25 -17
5 24 -45.5 0 7.8 -45.5 -.25 7.8 -45.8 0 15.8 -44.3 0 1.3
5 24 -45.8 0 15.8 -45.8 -.25 15.8 -46 0 22.1 -45.5 0 7.8
5 24 -46 0 22.1 -46 -.25 22.1 -46 0 26 -45.8 0 15.8
5 24 46 0 22.1 46 -.25 22.1 45.8 0 15.8 46 0 26
5 24 45.8 0 15.8 45.8 -.25 15.8 45.5 0 7.8 46 0 22.1
5 24 45.5 0 7.8 45.5 -.25 7.8 44.3 0 1.3 45.8 0 15.8
5 24 44.3 0 1.3 44.3 -.25 1.3 42.1 0 -7.4 45.5 0 7.8
5 24 42.1 0 -7.4 42.1 -.25 -7.4 39 0 -17 44.3 0 1.3
5 24 39 0 -17 39 -.25 -17 34 0 -26 42.1 0 -7.4
5 24 34 0 -26 34 -.25 -26 -34 0 -26 39 0 -17
5 24 -34 0 -26 -34 -.25 -26 -39 0 -17 34 0 -26
5 24 -39 0 -17 -39 -.25 -17 -42.1 0 -7.4 -34 0 -26
5 24 -42.1 0 -7.4 -42.1 -.25 -7.4 -39 0 -17 -44.3 0 1.3
5 24 -44.3 0 1.3 -44.3 -.25 1.3 -45.5 0 7.8 -42.1 0 -7.4
