0 Sticker  1.3 x  1.1 with City Fire Logo Badge on Dark Bluish Grey Background
0 Name: 4500817d.dat
0 Author: Takeshi Takahashi [RainbowDolphin]
0 !LDRAW_ORG Unofficial_Part 
0 !LICENSE Redistributable under CCAL version 2.0 : see CAreadme.txt

0 BFC CERTIFY CCW

0 !KEYWORDS Set 7942, Fire car, Truck, Pickup, Offroader


1 16 0 -0.25 0 11 0 0 0 0.25 0 0 0 13 box5-12.dat
3 14 2.52 -0.25 4.62 2.52 -0.25 3.22 3.36 -0.25 3.64
4 14 3.36 -0.25 3.64 2.52 -0.25 3.22 2.38 -0.25 2.52 3.99 -0.25 2.66
4 14 3.99 -0.25 2.66 2.38 -0.25 2.52 2.17 -0.25 1.89 4.41 -0.25 1.75
4 14 4.41 -0.25 1.75 2.17 -0.25 1.89 1.61 -0.25 1.33 4.48 -0.25 0.7
4 14 4.48 -0.25 0.7 1.61 -0.25 1.33 0.91 -0.25 0.63 4.48 -0.25 -0.49
4 14 4.48 -0.25 -0.49 0.91 -0.25 0.63 0.21 -0.25 -0.21 4.06 -0.25 -1.61
4 14 4.06 -0.25 -1.61 0.21 -0.25 -0.21 -0.28 -0.25 -1.19 3.5 -0.25 -2.52
4 14 3.5 -0.25 -2.52 -0.28 -0.25 -1.19 -0.35 -0.25 -2.17 2.73 -0.25 -3.08
4 14 2.73 -0.25 -3.08 -0.35 -0.25 -2.17 0 -0.25 -3.08 2.31 -0.25 -3.57
4 14 2.31 -0.25 -3.57 0 -0.25 -3.08 0.7 -0.25 -3.99 2.17 -0.25 -4.27
4 14 2.17 -0.25 -4.27 0.7 -0.25 -3.99 1.33 -0.25 -4.55 2.17 -0.25 -5.25
3 25 -1.47 -0.25 4.76 -1.19 -0.25 3.78 -0.35 -0.25 3.99
4 25 -0.35 -0.25 3.99 -1.19 -0.25 3.78 -1.05 -0.25 2.87 0.56 -0.25 3.22
4 25 0.56 -0.25 3.22 -1.05 -0.25 2.87 -1.05 -0.25 2.03 1.26 -0.25 2.45
4 25 1.26 -0.25 2.45 -1.05 -0.25 2.03 -1.26 -0.25 1.4 1.61 -0.25 1.33
4 25 1.61 -0.25 1.33 -1.26 -0.25 1.4 -1.61 -0.25 0.63 0.91 -0.25 0.63
4 25 0.91 -0.25 0.63 -1.61 -0.25 0.63 -1.96 -0.25 -0.35 0.21 -0.25 -0.21
4 25 0.21 -0.25 -0.21 -1.96 -0.25 -0.35 -2.03 -0.25 -1.19 -0.28 -0.25 -1.19
4 25 -0.28 -0.25 -1.19 -2.03 -0.25 -1.19 -1.89 -0.25 -2.1 -0.35 -0.25 -2.17
4 25 -0.35 -0.25 -2.17 -1.89 -0.25 -2.1 -1.33 -0.25 -3.01 0 -0.25 -3.08
4 25 0 -0.25 -3.08 -1.33 -0.25 -3.01 -0.56 -0.25 -3.71 0.7 -0.25 -3.99
4 25 0.7 -0.25 -3.99 -0.56 -0.25 -3.71 0.42 -0.25 -4.34 1.33 -0.25 -4.55
3 25 0.42 -0.25 -4.34 1.19 -0.25 -4.97 1.33 -0.25 -4.55
3 4 -4.34 -0.25 4.27 -4.13 -0.25 3.22 -3.29 -0.25 3.57
4 4 -3.29 -0.25 3.57 -4.13 -0.25 3.22 -4.06 -0.25 2.24 -2.45 -0.25 2.94
4 4 -2.45 -0.25 2.94 -4.06 -0.25 2.24 -4.2 -0.25 1.26 -1.75 -0.25 2.31
4 4 -1.75 -0.25 2.31 -4.2 -0.25 1.26 -4.27 -0.25 0.42 -1.26 -0.25 1.4
4 4 -1.26 -0.25 1.4 -4.27 -0.25 0.42 -4.27 -0.25 -0.56 -1.61 -0.25 0.63
4 4 -1.61 -0.25 0.63 -4.27 -0.25 -0.56 -4.06 -0.25 -1.4 -1.96 -0.25 -0.35
4 4 -1.96 -0.25 -0.35 -4.06 -0.25 -1.4 -3.64 -0.25 -2.1 -2.03 -0.25 -1.19
4 4 -2.03 -0.25 -1.19 -3.64 -0.25 -2.1 -2.87 -0.25 -2.8 -1.89 -0.25 -2.1
4 4 -1.89 -0.25 -2.1 -2.87 -0.25 -2.8 -1.96 -0.25 -3.5 -1.33 -0.25 -3.01
4 4 -0.56 -0.25 -3.71 -1.33 -0.25 -3.01 -1.96 -0.25 -3.5 -0.56 -0.25 -4.41
4 4 0 -0.25 7 0 -0.25 8.05 -1.12 -0.25 7.21 -0.91 -0.25 6.23
4 4 -0.91 -0.25 6.23 -1.12 -0.25 7.21 -1.82 -0.25 6.86 -1.75 -0.25 5.95
4 4 -1.75 -0.25 5.95 -1.82 -0.25 6.86 -3.08 -0.25 6.86 -3.22 -0.25 5.95
4 4 -4.13 -0.25 6.37 -3.22 -0.25 5.95 -3.08 -0.25 6.86 -4.13 -0.25 7.21
4 4 -5.39 -0.25 7.21 -4.13 -0.25 6.37 -4.13 -0.25 7.21 -6.3 -0.25 8.75
4 4 -5.74 -0.25 4.34 -5.39 -0.25 7.21 -6.3 -0.25 8.75 -6.93 -0.25 4.41
4 4 -5.88 -0.25 1.33 -5.74 -0.25 4.34 -6.93 -0.25 4.41 -7.14 -0.25 0.07
4 4 -5.95 -0.25 -2.31 -5.88 -0.25 1.33 -7.14 -0.25 0.07 -7.07 -0.25 -2.73
4 4 -5.6 -0.25 -3.71 -5.95 -0.25 -2.31 -7.07 -0.25 -2.73 -6.79 -0.25 -4.2
4 4 -5.6 -0.25 -3.71 -6.79 -0.25 -4.2 -6.09 -0.25 -5.18 -4.83 -0.25 -4.83
4 4 -4.83 -0.25 -4.83 -6.09 -0.25 -5.18 -5.11 -0.25 -6.02 -3.64 -0.25 -5.67
4 4 -3.64 -0.25 -5.67 -5.11 -0.25 -6.02 -3.43 -0.25 -6.93 -1.96 -0.25 -6.3
4 4 -1.96 -0.25 -6.3 -3.43 -0.25 -6.93 -1.82 -0.25 -7.7 -0.84 -0.25 -7
4 4 -0.84 -0.25 -7 -1.82 -0.25 -7.7 -0.77 -0.25 -8.47 0 -0.25 -7.84
4 4 0 -0.25 -7.84 -0.77 -0.25 -8.47 0 -0.25 -9.17 0.77 -0.25 -8.47
4 15 0 -0.25 8.05 0 -0.25 9.8 -1.33 -0.25 8.68 -1.12 -0.25 7.21
4 15 -1.12 -0.25 7.21 -1.33 -0.25 8.68 -2.24 -0.25 8.12 -1.82 -0.25 6.86
4 15 -1.82 -0.25 6.86 -2.24 -0.25 8.12 -3.22 -0.25 8.05 -3.08 -0.25 6.86
4 15 -4.13 -0.25 7.21 -3.08 -0.25 6.86 -3.22 -0.25 8.05 -4.27 -0.25 8.4
4 15 -6.3 -0.25 8.75 -4.13 -0.25 7.21 -4.27 -0.25 8.4 -7.42 -0.25 10.57
4 15 -6.3 -0.25 8.75 -7.42 -0.25 10.57 -7.84 -0.25 7.84 -6.93 -0.25 4.41
4 15 -6.93 -0.25 4.41 -7.84 -0.25 7.84 -8.12 -0.25 5.53 -8.47 -0.25 1.68
4 15 -7.14 -0.25 0.07 -6.93 -0.25 4.41 -8.47 -0.25 1.68 -8.47 -0.25 -0.35
4 15 -7.07 -0.25 -2.73 -7.14 -0.25 0.07 -8.47 -0.25 -0.35 -8.19 -0.25 -4.41
4 15 -6.79 -0.25 -4.2 -7.07 -0.25 -2.73 -8.19 -0.25 -4.41 -7.7 -0.25 -5.6
4 15 -6.09 -0.25 -5.18 -6.79 -0.25 -4.2 -7.7 -0.25 -5.6 -6.86 -0.25 -6.58
4 15 -5.11 -0.25 -6.02 -6.09 -0.25 -5.18 -6.86 -0.25 -6.58 -5.81 -0.25 -7.42
4 15 -3.43 -0.25 -6.93 -5.11 -0.25 -6.02 -5.81 -0.25 -7.42 -3.71 -0.25 -8.47
4 15 -1.82 -0.25 -7.7 -3.43 -0.25 -6.93 -3.71 -0.25 -8.47 -2.1 -0.25 -9.17
4 15 -0.77 -0.25 -8.47 -1.82 -0.25 -7.7 -2.1 -0.25 -9.17 0 -0.25 -10.92
3 15 -0.77 -0.25 -8.47 0 -0.25 -10.92 0 -0.25 -9.17
4 15 8.12 -0.25 5.53 7.84 -0.25 7.84 6.93 -0.25 4.41 8.47 -0.25 1.68
4 15 7.84 -0.25 7.84 7.42 -0.25 10.57 6.3 -0.25 8.75 6.93 -0.25 4.41
4 4 6.93 -0.25 4.41 6.3 -0.25 8.75 5.74 -0.25 4.34 5.88 -0.25 1.33
4 4 7.14 -0.25 0.07 6.93 -0.25 4.41 5.88 -0.25 1.33 5.95 -0.25 -2.31
4 15 8.47 -0.25 1.68 6.93 -0.25 4.41 7.14 -0.25 0.07 8.47 -0.25 -0.35
4 15 6.3 -0.25 8.75 7.42 -0.25 10.57 4.27 -0.25 8.4 4.13 -0.25 7.21
4 4 5.39 -0.25 7.21 6.3 -0.25 8.75 4.13 -0.25 7.21 4.13 -0.25 6.37
3 4 6.3 -0.25 8.75 5.39 -0.25 7.21 5.74 -0.25 4.34
4 4 7.07 -0.25 -2.73 7.14 -0.25 0.07 5.95 -0.25 -2.31 5.6 -0.25 -3.71
4 15 8.47 -0.25 -0.35 7.14 -0.25 0.07 7.07 -0.25 -2.73 8.19 -0.25 -4.41
4 15 4.13 -0.25 7.21 4.27 -0.25 8.4 3.22 -0.25 8.05 3.08 -0.25 6.86
4 4 4.13 -0.25 6.37 4.13 -0.25 7.21 3.08 -0.25 6.86 3.22 -0.25 5.95
4 4 6.79 -0.25 -4.2 7.07 -0.25 -2.73 5.6 -0.25 -3.71 6.09 -0.25 -5.18
4 15 8.19 -0.25 -4.41 7.07 -0.25 -2.73 6.79 -0.25 -4.2 7.7 -0.25 -5.6
4 15 3.22 -0.25 8.05 2.24 -0.25 8.12 1.82 -0.25 6.86 3.08 -0.25 6.86
4 4 3.08 -0.25 6.86 1.82 -0.25 6.86 1.75 -0.25 5.95 3.22 -0.25 5.95
4 4 6.09 -0.25 -5.18 5.6 -0.25 -3.71 4.83 -0.25 -4.83 5.11 -0.25 -6.02
4 15 7.7 -0.25 -5.6 6.79 -0.25 -4.2 6.09 -0.25 -5.18 6.86 -0.25 -6.58
4 15 2.24 -0.25 8.12 1.33 -0.25 8.68 1.12 -0.25 7.21 1.82 -0.25 6.86
4 4 1.82 -0.25 6.86 1.12 -0.25 7.21 0.91 -0.25 6.23 1.75 -0.25 5.95
4 15 6.86 -0.25 -6.58 6.09 -0.25 -5.18 5.11 -0.25 -6.02 5.81 -0.25 -7.42
4 4 5.11 -0.25 -6.02 4.83 -0.25 -4.83 3.64 -0.25 -5.67 3.43 -0.25 -6.93
4 15 1.33 -0.25 8.68 0 -0.25 9.8 0 -0.25 8.05 1.12 -0.25 7.21
4 4 1.12 -0.25 7.21 0 -0.25 8.05 0 -0.25 7 0.91 -0.25 6.23
4 15 5.81 -0.25 -7.42 5.11 -0.25 -6.02 3.43 -0.25 -6.93 3.71 -0.25 -8.47
4 4 3.43 -0.25 -6.93 3.64 -0.25 -5.67 1.96 -0.25 -6.3 1.82 -0.25 -7.7
4 15 3.71 -0.25 -8.47 3.43 -0.25 -6.93 1.82 -0.25 -7.7 2.1 -0.25 -9.17
4 4 1.82 -0.25 -7.7 1.96 -0.25 -6.3 0.84 -0.25 -7 0.77 -0.25 -8.47
4 15 2.1 -0.25 -9.17 1.82 -0.25 -7.7 0.77 -0.25 -8.47 0 -0.25 -10.92
3 4 0.84 -0.25 -7 0 -0.25 -7.84 0.77 -0.25 -8.47
3 15 0.77 -0.25 -8.47 0 -0.25 -9.17 0 -0.25 -10.92
4 0 0.91 -0.25 6.23 0 -0.25 7 -0.91 -0.25 6.23 -0.35 -0.25 3.99
4 0 -1.47 -0.25 4.76 -0.35 -0.25 3.99 -0.91 -0.25 6.23 -1.75 -0.25 5.95
4 0 -1.47 -0.25 4.76 -1.75 -0.25 5.95 -3.22 -0.25 5.95 -4.34 -0.25 4.27
4 0 -1.47 -0.25 4.76 -4.34 -0.25 4.27 -3.29 -0.25 3.57 -1.19 -0.25 3.78
4 0 -1.19 -0.25 3.78 -3.29 -0.25 3.57 -2.45 -0.25 2.94 -1.05 -0.25 2.87
4 0 -1.05 -0.25 2.87 -2.45 -0.25 2.94 -1.75 -0.25 2.31 -1.05 -0.25 2.03
3 0 -1.75 -0.25 2.31 -1.26 -0.25 1.4 -1.05 -0.25 2.03
4 0 -4.34 -0.25 4.27 -3.22 -0.25 5.95 -4.13 -0.25 6.37 -5.74 -0.25 4.34
3 0 -5.39 -0.25 7.21 -5.74 -0.25 4.34 -4.13 -0.25 6.37
4 0 -4.13 -0.25 3.22 -4.34 -0.25 4.27 -5.74 -0.25 4.34 -5.88 -0.25 1.33
4 0 -4.06 -0.25 2.24 -4.13 -0.25 3.22 -5.88 -0.25 1.33 -4.2 -0.25 1.26
4 0 -4.27 -0.25 0.42 -4.2 -0.25 1.26 -5.88 -0.25 1.33 -5.95 -0.25 -2.31
4 0 -4.27 -0.25 -0.56 -4.27 -0.25 0.42 -5.95 -0.25 -2.31 -5.6 -0.25 -3.71
4 0 -4.06 -0.25 -1.4 -4.27 -0.25 -0.56 -5.6 -0.25 -3.71 -4.83 -0.25 -4.83
4 0 -3.64 -0.25 -2.1 -4.06 -0.25 -1.4 -4.83 -0.25 -4.83 -3.64 -0.25 -5.67
4 0 -2.87 -0.25 -2.8 -3.64 -0.25 -2.1 -3.64 -0.25 -5.67 -1.96 -0.25 -6.3
4 0 -1.96 -0.25 -3.5 -2.87 -0.25 -2.8 -1.96 -0.25 -6.3 -0.84 -0.25 -7
4 0 -0.56 -0.25 -4.41 -1.96 -0.25 -3.5 -0.84 -0.25 -7 0.84 -0.25 -7
3 0 0.84 -0.25 -7 -0.84 -0.25 -7 0 -0.25 -7.84
4 0 -0.56 -0.25 -4.41 0.84 -0.25 -7 0.42 -0.25 -4.34 -0.56 -0.25 -3.71
4 0 1.19 -0.25 -4.97 0.42 -0.25 -4.34 0.84 -0.25 -7 1.96 -0.25 -6.3
4 0 1.19 -0.25 -4.97 1.96 -0.25 -6.3 2.17 -0.25 -5.25 1.33 -0.25 -4.55
3 0 2.17 -0.25 -5.25 1.96 -0.25 -6.3 3.64 -0.25 -5.67
4 0 2.17 -0.25 -4.27 2.17 -0.25 -5.25 3.64 -0.25 -5.67 4.83 -0.25 -4.83
4 0 2.31 -0.25 -3.57 2.17 -0.25 -4.27 4.83 -0.25 -4.83 2.73 -0.25 -3.08
4 0 2.73 -0.25 -3.08 4.83 -0.25 -4.83 5.6 -0.25 -3.71 3.5 -0.25 -2.52
4 0 3.5 -0.25 -2.52 5.6 -0.25 -3.71 5.95 -0.25 -2.31 4.06 -0.25 -1.61
4 0 4.48 -0.25 -0.49 4.06 -0.25 -1.61 5.95 -0.25 -2.31 5.88 -0.25 1.33
3 0 5.88 -0.25 1.33 4.48 -0.25 0.7 4.48 -0.25 -0.49
3 0 4.41 -0.25 1.75 4.48 -0.25 0.7 5.88 -0.25 1.33
4 0 3.99 -0.25 2.66 4.41 -0.25 1.75 5.88 -0.25 1.33 5.74 -0.25 4.34
4 0 3.36 -0.25 3.64 3.99 -0.25 2.66 5.74 -0.25 4.34 5.39 -0.25 7.21
4 0 3.36 -0.25 3.64 5.39 -0.25 7.21 4.13 -0.25 6.37 2.52 -0.25 4.62
3 0 4.13 -0.25 6.37 3.22 -0.25 5.95 2.52 -0.25 4.62
4 0 2.52 -0.25 4.62 3.22 -0.25 5.95 1.75 -0.25 5.95 -0.35 -0.25 3.99
3 0 0.91 -0.25 6.23 -0.35 -0.25 3.99 1.75 -0.25 5.95
4 0 2.52 -0.25 4.62 -0.35 -0.25 3.99 0.56 -0.25 3.22 2.52 -0.25 3.22
4 0 2.52 -0.25 3.22 0.56 -0.25 3.22 1.26 -0.25 2.45 2.38 -0.25 2.52
4 0 2.17 -0.25 1.89 2.38 -0.25 2.52 1.26 -0.25 2.45 1.61 -0.25 1.33
4 72 0 -0.25 9.8 11 -0.25 13 -11 -0.25 13 -7.42 -0.25 10.57
4 72 -1.33 -0.25 8.68 0 -0.25 9.8 -7.42 -0.25 10.57 -4.27 -0.25 8.4
4 72 -2.24 -0.25 8.12 -1.33 -0.25 8.68 -4.27 -0.25 8.4 -3.22 -0.25 8.05
3 72 -11 -0.25 13 -7.84 -0.25 7.84 -7.42 -0.25 10.57
3 72 -11 -0.25 13 -8.12 -0.25 5.53 -7.84 -0.25 7.84
3 72 -11 -0.25 13 -8.47 -0.25 1.68 -8.12 -0.25 5.53
4 72 -8.47 -0.25 -0.35 -8.47 -0.25 1.68 -11 -0.25 13 -11 -0.25 -13
3 72 -8.47 -0.25 -0.35 -11 -0.25 -13 -8.19 -0.25 -4.41
3 72 -8.19 -0.25 -4.41 -11 -0.25 -13 -7.7 -0.25 -5.6
3 72 -7.7 -0.25 -5.6 -11 -0.25 -13 -6.86 -0.25 -6.58
3 72 -6.86 -0.25 -6.58 -11 -0.25 -13 -5.81 -0.25 -7.42
3 72 -5.81 -0.25 -7.42 -11 -0.25 -13 -3.71 -0.25 -8.47
4 72 -2.1 -0.25 -9.17 -3.71 -0.25 -8.47 -11 -0.25 -13 0 -0.25 -10.92
3 72 0 -0.25 -10.92 -11 -0.25 -13 11 -0.25 -13
4 72 2.1 -0.25 -9.17 0 -0.25 -10.92 11 -0.25 -13 3.71 -0.25 -8.47
3 72 5.81 -0.25 -7.42 3.71 -0.25 -8.47 11 -0.25 -13
3 72 6.86 -0.25 -6.58 5.81 -0.25 -7.42 11 -0.25 -13
3 72 7.7 -0.25 -5.6 6.86 -0.25 -6.58 11 -0.25 -13
3 72 8.19 -0.25 -4.41 7.7 -0.25 -5.6 11 -0.25 -13
4 72 8.47 -0.25 -0.35 8.19 -0.25 -4.41 11 -0.25 -13 11 -0.25 13
3 72 11 -0.25 13 8.47 -0.25 1.68 8.47 -0.25 -0.35
3 72 11 -0.25 13 8.12 -0.25 5.53 8.47 -0.25 1.68
3 72 11 -0.25 13 7.84 -0.25 7.84 8.12 -0.25 5.53
3 72 11 -0.25 13 7.42 -0.25 10.57 7.84 -0.25 7.84
4 72 7.42 -0.25 10.57 11 -0.25 13 0 -0.25 9.8 1.33 -0.25 8.68
4 72 4.27 -0.25 8.4 7.42 -0.25 10.57 1.33 -0.25 8.68 2.24 -0.25 8.12
3 72 4.27 -0.25 8.4 2.24 -0.25 8.12 3.22 -0.25 8.05
