0 Sticker  0.9 x  3.9 with Metallic Silver Tread Plate and 6 Black Rivets
0 Name: 4500817a.dat
0 Author: Takeshi Takahashi [RainbowDolphin]
0 !LDRAW_ORG Unofficial_Part 
0 !LICENSE Redistributable under CCAL version 2.0 : see CAreadme.txt

0 BFC CERTIFY CCW

0 !KEYWORDS Set 7942, Fire car, Truck, Pickup, Offroader


1 16 0 -0.25 0 39 0 0 0 0.25 0 0 0 9 box5-12.dat
1 16 3.5 -0.25 5.5 0 0 1 0 1 0 -1 0 0 s\4638848as01.dat
1 16 0.5 -0.25 2.5 0 0 1 0 1 0 -1 0 0 s\4638848as01.dat
1 16 3.5 -0.25 -0.5 0 0 1 0 1 0 -1 0 0 s\4638848as01.dat
1 16 6.5 -0.25 8.5 0 0 1 0 1 0 -1 0 0 s\4638848as01.dat
1 16 6.5 -0.25 2.5 0 0 1 0 1 0 -1 0 0 s\4638848as01.dat
1 16 9.5 -0.25 5.5 0 0 1 0 1 0 -1 0 0 s\4638848as01.dat
1 16 9.5 -0.25 -0.5 0 0 1 0 1 0 -1 0 0 s\4638848as01.dat
1 16 12.5 -0.25 8.5 0 0 1 0 1 0 -1 0 0 s\4638848as01.dat
1 16 12.5 -0.25 2.5 0 0 1 0 1 0 -1 0 0 s\4638848as01.dat
1 16 15.5 -0.25 5.5 0 0 1 0 1 0 -1 0 0 s\4638848as01.dat
1 16 15.5 -0.25 -0.5 0 0 1 0 1 0 -1 0 0 s\4638848as01.dat
1 16 18.5 -0.25 8.5 0 0 1 0 1 0 -1 0 0 s\4638848as01.dat
1 16 18.5 -0.25 2.5 0 0 1 0 1 0 -1 0 0 s\4638848as01.dat
1 16 21.5 -0.25 5.5 0 0 1 0 1 0 -1 0 0 s\4638848as01.dat
1 16 21.5 -0.25 -0.5 0 0 1 0 1 0 -1 0 0 s\4638848as01.dat
1 16 24.5 -0.25 8.5 0 0 1 0 1 0 -1 0 0 s\4638848as01.dat
1 16 24.5 -0.25 2.5 0 0 1 0 1 0 -1 0 0 s\4638848as01.dat
1 16 27.5 -0.25 5.5 0 0 1 0 1 0 -1 0 0 s\4638848as01.dat
1 16 27.5 -0.25 -0.5 0 0 1 0 1 0 -1 0 0 s\4638848as01.dat
1 16 30.5 -0.25 8.5 0 0 1 0 1 0 -1 0 0 s\4638848as01.dat
1 16 30.5 -0.25 2.5 0 0 1 0 1 0 -1 0 0 s\4638848as01.dat
1 16 33.5 -0.25 5.5 0 0 1 0 1 0 -1 0 0 s\4638848as01.dat
1 16 33.5 -0.25 -0.5 0 0 1 0 1 0 -1 0 0 s\4638848as01.dat
1 16 -2.5 -0.25 5.5 0 0 1 0 1 0 -1 0 0 s\4638848as01.dat
1 16 -2.5 -0.25 -0.5 0 0 1 0 1 0 -1 0 0 s\4638848as01.dat
1 16 -5.5 -0.25 8.5 0 0 1 0 1 0 -1 0 0 s\4638848as01.dat
1 16 -5.5 -0.25 2.5 0 0 1 0 1 0 -1 0 0 s\4638848as01.dat
1 16 -8.5 -0.25 5.5 0 0 1 0 1 0 -1 0 0 s\4638848as01.dat
1 16 -8.5 -0.25 -0.5 0 0 1 0 1 0 -1 0 0 s\4638848as01.dat
1 16 -11.5 -0.25 8.5 0 0 1 0 1 0 -1 0 0 s\4638848as01.dat
1 16 -11.5 -0.25 2.5 0 0 1 0 1 0 -1 0 0 s\4638848as01.dat
1 16 -14.5 -0.25 5.5 0 0 1 0 1 0 -1 0 0 s\4638848as01.dat
1 16 -14.5 -0.25 -0.5 0 0 1 0 1 0 -1 0 0 s\4638848as01.dat
1 16 -17.5 -0.25 8.5 0 0 1 0 1 0 -1 0 0 s\4638848as01.dat
1 16 -17.5 -0.25 2.5 0 0 1 0 1 0 -1 0 0 s\4638848as01.dat
1 16 -20.5 -0.25 5.5 0 0 1 0 1 0 -1 0 0 s\4638848as01.dat
1 16 -20.5 -0.25 -0.5 0 0 1 0 1 0 -1 0 0 s\4638848as01.dat
1 16 -23.5 -0.25 8.5 0 0 1 0 1 0 -1 0 0 s\4638848as01.dat
1 16 -23.5 -0.25 2.5 0 0 1 0 1 0 -1 0 0 s\4638848as01.dat
1 16 -26.5 -0.25 5.5 0 0 1 0 1 0 -1 0 0 s\4638848as01.dat
1 16 -26.5 -0.25 -0.5 0 0 1 0 1 0 -1 0 0 s\4638848as01.dat
1 16 -29.5 -0.25 8.5 0 0 1 0 1 0 -1 0 0 s\4638848as01.dat
1 16 -29.5 -0.25 2.5 0 0 1 0 1 0 -1 0 0 s\4638848as01.dat
1 16 -32.5 -0.25 5.5 0 0 1 0 1 0 -1 0 0 s\4638848as01.dat
1 16 -32.5 -0.25 -0.5 0 0 1 0 1 0 -1 0 0 s\4638848as01.dat
1 16 -35.5 -0.25 2.5 0 0 1 0 1 0 -1 0 0 s\4638848as01.dat
3 15 1.5 -0.25 7.4 0.7 -0.25 7.3 3.2 -0.25 4.8
4 80 0.7 -0.25 1.3 1.5 -0.25 1.4 0.8 -0.25 1.8 0.2 -0.25 1.8
4 80 0.3 -0.25 1.3 0.7 -0.25 1.3 0.2 -0.25 1.8 -0.5 -0.25 1.4
4 80 3.7 -0.25 4.3 4.5 -0.25 4.4 3.8 -0.25 4.8 3.2 -0.25 4.8
4 80 3.3 -0.25 4.3 3.7 -0.25 4.3 3.2 -0.25 4.8 2.5 -0.25 4.4
4 80 0.7 -0.25 7.3 1.5 -0.25 7.4 0.8 -0.25 7.8 0.2 -0.25 7.8
4 80 0.3 -0.25 7.3 0.7 -0.25 7.3 0.2 -0.25 7.8 -0.5 -0.25 7.4
4 80 3.7 -0.25 -7.7 3.3 -0.25 -7.7 3.4 -0.25 -8.5 3.6 -0.25 -8.5
3 15 5.5 -0.25 -4.6 3.8 -0.25 -7.2 6.3 -0.25 -4.7
3 0 6.3 -0.25 -4.7 3.8 -0.25 -7.2 6.4 -0.25 -5.5
3 15 7.5 -0.25 -4.6 6.7 -0.25 -4.7 9.2 -0.25 -7.2
3 0 6.7 -0.25 -4.7 6.6 -0.25 -5.5 9.2 -0.25 -7.2
4 80 6.7 -0.25 -4.7 6.3 -0.25 -4.7 6.4 -0.25 -5.5 6.6 -0.25 -5.5
4 80 6.4 -0.25 -5.5 3.8 -0.25 -7.2 4.5 -0.25 -7.6 6.6 -0.25 -5.5
4 80 8.5 -0.25 -7.6 9.2 -0.25 -7.2 6.6 -0.25 -5.5 4.5 -0.25 -7.6
4 0 0.71 -0.25 5.29 -0.92 -0.25 6.38 -1 -0.25 6 -0.92 -0.25 5.62
4 0 0.71 -0.25 5.29 -0.92 -0.25 5.62 -0.71 -0.25 5.29 -0.38 -0.25 5.08
4 0 0.71 -0.25 5.29 -0.38 -0.25 5.08 0 -0.25 5 0.38 -0.25 5.08
4 0 0.71 -0.25 5.29 0.92 -0.25 5.62 1 -0.25 6 0.38 -0.25 6.92
4 0 0.71 -0.25 5.29 0.38 -0.25 6.92 0 -0.25 7 -0.38 -0.25 6.92
4 0 0.71 -0.25 5.29 -0.38 -0.25 6.92 -0.71 -0.25 6.71 -0.92 -0.25 6.38
4 15 0 -0.25 7 0.3 -0.25 7.3 -0.5 -0.25 7.4 -0.38 -0.25 6.92
3 15 -0.5 -0.25 7.4 -0.71 -0.25 6.71 -0.38 -0.25 6.92
4 15 -0.92 -0.25 6.38 -0.71 -0.25 6.71 -0.5 -0.25 7.4 -2.2 -0.25 4.8
3 15 -0.92 -0.25 6.38 -2.2 -0.25 4.8 -1 -0.25 6
3 0 0.3 -0.25 7.3 0 -0.25 7 0.38 -0.25 6.92
3 0 -1 -0.25 6 -2.2 -0.25 4.8 -0.92 -0.25 5.62
4 80 0.7 -0.25 7.3 0.3 -0.25 7.3 0.38 -0.25 6.92 0.6 -0.25 6.8
4 0 3.2 -0.25 4.8 0.7 -0.25 7.3 0.6 -0.25 6.8 0.9 -0.25 6.3
4 80 2.5 -0.25 4.4 3.2 -0.25 4.8 0.9 -0.25 6.3 1 -0.25 6
4 0 0.9 -0.25 6.3 0.6 -0.25 6.8 0.38 -0.25 6.92 1 -0.25 6
3 80 1 -0.25 6 0.92 -0.25 5.62 2.5 -0.25 4.4
4 80 2.5 -0.25 4.4 0.92 -0.25 5.62 0.71 -0.25 5.29 0.8 -0.25 1.8
3 80 0.71 -0.25 5.29 0.38 -0.25 5.08 0.8 -0.25 1.8
4 80 0.8 -0.25 1.8 0.38 -0.25 5.08 0 -0.25 5 0.2 -0.25 1.8
4 80 0.2 -0.25 1.8 0 -0.25 5 -0.38 -0.25 5.08 -1.5 -0.25 4.4
4 80 -1.5 -0.25 4.4 -0.38 -0.25 5.08 -0.71 -0.25 5.29 -2.2 -0.25 4.8
3 80 -0.92 -0.25 5.62 -2.2 -0.25 4.8 -0.71 -0.25 5.29
3 15 1.5 -0.25 -4.6 0.7 -0.25 -4.7 3.2 -0.25 -7.2
4 0 0.71 -0.25 -6.71 -0.92 -0.25 -5.62 -1 -0.25 -6 -0.92 -0.25 -6.38
4 0 0.71 -0.25 -6.71 -0.92 -0.25 -6.38 -0.71 -0.25 -6.71 -0.38 -0.25 -6.92
4 0 0.71 -0.25 -6.71 -0.38 -0.25 -6.92 0 -0.25 -7 0.38 -0.25 -6.92
4 0 0.71 -0.25 -6.71 0.92 -0.25 -6.38 1 -0.25 -6 0.38 -0.25 -5.08
4 0 0.71 -0.25 -6.71 0.38 -0.25 -5.08 0 -0.25 -5 -0.38 -0.25 -5.08
4 0 0.71 -0.25 -6.71 -0.38 -0.25 -5.08 -0.71 -0.25 -5.29 -0.92 -0.25 -5.62
4 15 0 -0.25 -5 0.3 -0.25 -4.7 -0.5 -0.25 -4.6 -0.38 -0.25 -5.08
3 15 -0.5 -0.25 -4.6 -0.71 -0.25 -5.29 -0.38 -0.25 -5.08
4 15 -0.92 -0.25 -5.62 -0.71 -0.25 -5.29 -0.5 -0.25 -4.6 -2.2 -0.25 -7.2
3 15 -0.92 -0.25 -5.62 -2.2 -0.25 -7.2 -1 -0.25 -6
3 0 0.3 -0.25 -4.7 0 -0.25 -5 0.38 -0.25 -5.08
3 0 -1 -0.25 -6 -2.2 -0.25 -7.2 -0.92 -0.25 -6.38
4 80 0.7 -0.25 -4.7 0.3 -0.25 -4.7 0.38 -0.25 -5.08 0.6 -0.25 -5.2
4 0 3.2 -0.25 -7.2 0.7 -0.25 -4.7 0.6 -0.25 -5.2 0.9 -0.25 -5.7
4 80 2.5 -0.25 -7.6 3.2 -0.25 -7.2 0.9 -0.25 -5.7 1 -0.25 -6
4 0 0.9 -0.25 -5.7 0.6 -0.25 -5.2 0.38 -0.25 -5.08 1 -0.25 -6
3 80 1 -0.25 -6 0.92 -0.25 -6.38 2.5 -0.25 -7.6
3 80 0.92 -0.25 -6.38 0.71 -0.25 -6.71 2.5 -0.25 -7.6
4 80 -1.5 -0.25 -7.6 -0.38 -0.25 -6.92 -0.71 -0.25 -6.71 -2.2 -0.25 -7.2
3 80 -0.92 -0.25 -6.38 -2.2 -0.25 -7.2 -0.71 -0.25 -6.71
4 80 1.58 -0.25 9 -0.58 -0.25 9 0.2 -0.25 7.8 0.8 -0.25 7.8
3 15 2 -0.25 9 1.58 -0.25 9 0.8 -0.25 7.8
3 0 2.64 -0.25 9 2 -0.25 9 0.8 -0.25 7.8
4 80 4.36 -0.25 9 2.64 -0.25 9 0.8 -0.25 7.8 6.2 -0.25 7.8
4 80 6.2 -0.25 7.8 0.8 -0.25 7.8 1.5 -0.25 7.4 5.5 -0.25 7.4
4 80 5.5 -0.25 7.4 1.5 -0.25 7.4 3.2 -0.25 4.8 3.8 -0.25 4.8
3 0 5 -0.25 9 4.36 -0.25 9 6.2 -0.25 7.8
3 15 5.42 -0.25 9 5 -0.25 9 6.2 -0.25 7.8
4 80 6.7 -0.25 7.3 7.5 -0.25 7.4 6.8 -0.25 7.8 6.2 -0.25 7.8
4 80 6.3 -0.25 7.3 6.7 -0.25 7.3 6.2 -0.25 7.8 5.5 -0.25 7.4
4 80 7.58 -0.25 9 5.42 -0.25 9 6.2 -0.25 7.8 6.8 -0.25 7.8
3 15 8 -0.25 9 7.58 -0.25 9 6.8 -0.25 7.8
3 0 8.64 -0.25 9 8 -0.25 9 6.8 -0.25 7.8
4 80 10.36 -0.25 9 8.64 -0.25 9 6.8 -0.25 7.8 12.2 -0.25 7.8
4 80 12.2 -0.25 7.8 6.8 -0.25 7.8 7.5 -0.25 7.4 11.5 -0.25 7.4
3 0 11 -0.25 9 10.36 -0.25 9 12.2 -0.25 7.8
3 15 11.42 -0.25 9 11 -0.25 9 12.2 -0.25 7.8
4 80 9.7 -0.25 4.3 10.5 -0.25 4.4 9.8 -0.25 4.8 9.2 -0.25 4.8
4 80 9.3 -0.25 4.3 9.7 -0.25 4.3 9.2 -0.25 4.8 8.5 -0.25 4.4
4 80 11.5 -0.25 7.4 7.5 -0.25 7.4 9.2 -0.25 4.8 9.8 -0.25 4.8
4 80 1.58 -0.25 -9 2.5 -0.25 -7.6 -1.5 -0.25 -7.6 -0.58 -0.25 -9
4 80 0 -0.25 -7 -0.38 -0.25 -6.92 -1.5 -0.25 -7.6 2.5 -0.25 -7.6
3 80 0.38 -0.25 -6.92 0 -0.25 -7 2.5 -0.25 -7.6
3 80 0.71 -0.25 -6.71 0.38 -0.25 -6.92 2.5 -0.25 -7.6
4 15 3.3 -0.25 -7.7 2.5 -0.25 -7.6 1.58 -0.25 -9 2 -0.25 -9
4 0 3.4 -0.25 -8.5 3.3 -0.25 -7.7 2 -0.25 -9 2.64 -0.25 -9
4 80 3.6 -0.25 -8.5 3.4 -0.25 -8.5 2.64 -0.25 -9 4.36 -0.25 -9
4 0 3.7 -0.25 -7.7 3.6 -0.25 -8.5 4.36 -0.25 -9 5 -0.25 -9
4 15 4.5 -0.25 -7.6 3.7 -0.25 -7.7 5 -0.25 -9 5.42 -0.25 -9
4 80 7.58 -0.25 -9 8.5 -0.25 -7.6 4.5 -0.25 -7.6 5.42 -0.25 -9
4 80 9.7 -0.25 -7.7 9.3 -0.25 -7.7 9.4 -0.25 -8.5 9.6 -0.25 -8.5
4 15 9.3 -0.25 -7.7 8.5 -0.25 -7.6 7.58 -0.25 -9 8 -0.25 -9
4 0 9.4 -0.25 -8.5 9.3 -0.25 -7.7 8 -0.25 -9 8.64 -0.25 -9
4 80 9.6 -0.25 -8.5 9.4 -0.25 -8.5 8.64 -0.25 -9 10.36 -0.25 -9
4 0 9.7 -0.25 -7.7 9.6 -0.25 -8.5 10.36 -0.25 -9 11 -0.25 -9
4 15 10.5 -0.25 -7.6 9.7 -0.25 -7.7 11 -0.25 -9 11.42 -0.25 -9
4 80 12.7 -0.25 7.3 13.5 -0.25 7.4 12.8 -0.25 7.8 12.2 -0.25 7.8
4 80 12.3 -0.25 7.3 12.7 -0.25 7.3 12.2 -0.25 7.8 11.5 -0.25 7.4
4 80 13.58 -0.25 9 11.42 -0.25 9 12.2 -0.25 7.8 12.8 -0.25 7.8
3 15 11.5 -0.25 -4.6 9.8 -0.25 -7.2 12.3 -0.25 -4.7
3 0 12.3 -0.25 -4.7 9.8 -0.25 -7.2 12.4 -0.25 -5.5
3 15 13.5 -0.25 -4.6 12.7 -0.25 -4.7 15.2 -0.25 -7.2
3 0 12.7 -0.25 -4.7 12.6 -0.25 -5.5 15.2 -0.25 -7.2
4 80 12.7 -0.25 -4.7 12.3 -0.25 -4.7 12.4 -0.25 -5.5 12.6 -0.25 -5.5
4 80 12.4 -0.25 -5.5 9.8 -0.25 -7.2 10.5 -0.25 -7.6 12.6 -0.25 -5.5
4 80 14.5 -0.25 -7.6 15.2 -0.25 -7.2 12.6 -0.25 -5.5 10.5 -0.25 -7.6
4 80 13.58 -0.25 -9 14.5 -0.25 -7.6 10.5 -0.25 -7.6 11.42 -0.25 -9
3 15 14 -0.25 9 13.58 -0.25 9 12.8 -0.25 7.8
3 0 14.64 -0.25 9 14 -0.25 9 12.8 -0.25 7.8
4 80 16.36 -0.25 9 14.64 -0.25 9 12.8 -0.25 7.8 18.2 -0.25 7.8
4 80 18.2 -0.25 7.8 12.8 -0.25 7.8 13.5 -0.25 7.4 17.5 -0.25 7.4
3 0 17 -0.25 9 16.36 -0.25 9 18.2 -0.25 7.8
3 15 17.42 -0.25 9 17 -0.25 9 18.2 -0.25 7.8
4 80 15.7 -0.25 4.3 16.5 -0.25 4.4 15.8 -0.25 4.8 15.2 -0.25 4.8
4 80 15.3 -0.25 4.3 15.7 -0.25 4.3 15.2 -0.25 4.8 14.5 -0.25 4.4
4 80 17.5 -0.25 7.4 13.5 -0.25 7.4 15.2 -0.25 4.8 15.8 -0.25 4.8
4 80 18.2 -0.25 7.8 17.5 -0.25 7.4 18.3 -0.25 7.3 18.7 -0.25 7.3
4 80 15.7 -0.25 -7.7 15.3 -0.25 -7.7 15.4 -0.25 -8.5 15.6 -0.25 -8.5
4 15 15.3 -0.25 -7.7 14.5 -0.25 -7.6 13.58 -0.25 -9 14 -0.25 -9
4 0 15.4 -0.25 -8.5 15.3 -0.25 -7.7 14 -0.25 -9 14.64 -0.25 -9
4 80 15.6 -0.25 -8.5 15.4 -0.25 -8.5 14.64 -0.25 -9 16.36 -0.25 -9
4 0 15.7 -0.25 -7.7 15.6 -0.25 -8.5 16.36 -0.25 -9 17 -0.25 -9
4 15 16.5 -0.25 -7.6 15.7 -0.25 -7.7 17 -0.25 -9 17.42 -0.25 -9
4 80 18.7 -0.25 7.3 19.5 -0.25 7.4 18.8 -0.25 7.8 18.2 -0.25 7.8
4 80 19.58 -0.25 9 17.42 -0.25 9 18.2 -0.25 7.8 18.8 -0.25 7.8
3 15 17.5 -0.25 -4.6 15.8 -0.25 -7.2 18.3 -0.25 -4.7
3 0 18.3 -0.25 -4.7 15.8 -0.25 -7.2 18.4 -0.25 -5.5
3 15 19.5 -0.25 -4.6 18.7 -0.25 -4.7 21.2 -0.25 -7.2
3 0 18.7 -0.25 -4.7 18.6 -0.25 -5.5 21.2 -0.25 -7.2
4 80 18.7 -0.25 -4.7 18.3 -0.25 -4.7 18.4 -0.25 -5.5 18.6 -0.25 -5.5
4 80 18.4 -0.25 -5.5 15.8 -0.25 -7.2 16.5 -0.25 -7.6 18.6 -0.25 -5.5
4 80 20.5 -0.25 -7.6 21.2 -0.25 -7.2 18.6 -0.25 -5.5 16.5 -0.25 -7.6
4 80 16.5 -0.25 -7.6 17.42 -0.25 -9 19.58 -0.25 -9 20.5 -0.25 -7.6
4 80 21.7 -0.25 4.3 22.5 -0.25 4.4 21.8 -0.25 4.8 21.2 -0.25 4.8
4 80 21.3 -0.25 4.3 21.7 -0.25 4.3 21.2 -0.25 4.8 20.5 -0.25 4.4
4 80 23.5 -0.25 7.4 19.5 -0.25 7.4 21.2 -0.25 4.8 21.8 -0.25 4.8
3 15 20 -0.25 9 19.58 -0.25 9 18.8 -0.25 7.8
3 0 20.64 -0.25 9 20 -0.25 9 18.8 -0.25 7.8
4 80 22.36 -0.25 9 20.64 -0.25 9 18.8 -0.25 7.8 24.2 -0.25 7.8
4 80 24.2 -0.25 7.8 18.8 -0.25 7.8 19.5 -0.25 7.4 23.5 -0.25 7.4
3 15 23.42 -0.25 9 23 -0.25 9 24.2 -0.25 7.8
3 0 23 -0.25 9 22.36 -0.25 9 24.2 -0.25 7.8
4 80 21.7 -0.25 -7.7 21.3 -0.25 -7.7 21.4 -0.25 -8.5 21.6 -0.25 -8.5
4 15 21.3 -0.25 -7.7 20.5 -0.25 -7.6 19.58 -0.25 -9 20 -0.25 -9
4 0 21.4 -0.25 -8.5 21.3 -0.25 -7.7 20 -0.25 -9 20.64 -0.25 -9
4 80 21.6 -0.25 -8.5 21.4 -0.25 -8.5 20.64 -0.25 -9 22.36 -0.25 -9
4 0 21.7 -0.25 -7.7 21.6 -0.25 -8.5 22.36 -0.25 -9 23 -0.25 -9
4 15 22.5 -0.25 -7.6 21.7 -0.25 -7.7 23 -0.25 -9 23.42 -0.25 -9
4 80 24.2 -0.25 7.8 23.5 -0.25 7.4 24.3 -0.25 7.3 24.7 -0.25 7.3
4 80 24.7 -0.25 7.3 25.5 -0.25 7.4 24.8 -0.25 7.8 24.2 -0.25 7.8
4 80 25.58 -0.25 9 23.42 -0.25 9 24.2 -0.25 7.8 24.8 -0.25 7.8
3 15 23.5 -0.25 -4.6 21.8 -0.25 -7.2 24.3 -0.25 -4.7
3 0 24.3 -0.25 -4.7 21.8 -0.25 -7.2 24.4 -0.25 -5.5
3 15 25.5 -0.25 -4.6 24.7 -0.25 -4.7 27.2 -0.25 -7.2
3 0 24.7 -0.25 -4.7 24.6 -0.25 -5.5 27.2 -0.25 -7.2
4 80 24.7 -0.25 -4.7 24.3 -0.25 -4.7 24.4 -0.25 -5.5 24.6 -0.25 -5.5
4 80 24.4 -0.25 -5.5 21.8 -0.25 -7.2 22.5 -0.25 -7.6 24.6 -0.25 -5.5
4 80 26.5 -0.25 -7.6 27.2 -0.25 -7.2 24.6 -0.25 -5.5 22.5 -0.25 -7.6
4 80 22.5 -0.25 -7.6 23.42 -0.25 -9 25.58 -0.25 -9 26.5 -0.25 -7.6
4 80 29.5 -0.25 7.4 25.5 -0.25 7.4 27.2 -0.25 4.8 27.8 -0.25 4.8
3 15 26 -0.25 9 25.58 -0.25 9 24.8 -0.25 7.8
3 0 26.64 -0.25 9 26 -0.25 9 24.8 -0.25 7.8
4 80 28.36 -0.25 9 26.64 -0.25 9 24.8 -0.25 7.8 30.2 -0.25 7.8
4 80 30.2 -0.25 7.8 24.8 -0.25 7.8 25.5 -0.25 7.4 29.5 -0.25 7.4
3 15 29.42 -0.25 9 29 -0.25 9 30.2 -0.25 7.8
3 0 29 -0.25 9 28.36 -0.25 9 30.2 -0.25 7.8
4 80 27.7 -0.25 4.3 28.5 -0.25 4.4 27.8 -0.25 4.8 27.2 -0.25 4.8
4 80 27.3 -0.25 4.3 27.7 -0.25 4.3 27.2 -0.25 4.8 26.5 -0.25 4.4
4 80 27.7 -0.25 -7.7 27.3 -0.25 -7.7 27.4 -0.25 -8.5 27.6 -0.25 -8.5
4 15 27.3 -0.25 -7.7 26.5 -0.25 -7.6 25.58 -0.25 -9 26 -0.25 -9
4 0 27.4 -0.25 -8.5 27.3 -0.25 -7.7 26 -0.25 -9 26.64 -0.25 -9
4 80 27.6 -0.25 -8.5 27.4 -0.25 -8.5 26.64 -0.25 -9 28.36 -0.25 -9
4 0 27.7 -0.25 -7.7 27.6 -0.25 -8.5 28.36 -0.25 -9 29 -0.25 -9
4 15 28.5 -0.25 -7.6 27.7 -0.25 -7.7 29 -0.25 -9 29.42 -0.25 -9
4 80 30.2 -0.25 7.8 29.5 -0.25 7.4 30.3 -0.25 7.3 30.7 -0.25 7.3
4 80 30.7 -0.25 7.3 31.5 -0.25 7.4 30.8 -0.25 7.8 30.2 -0.25 7.8
4 80 31.58 -0.25 9 29.42 -0.25 9 30.2 -0.25 7.8 30.8 -0.25 7.8
3 15 29.5 -0.25 -4.6 27.8 -0.25 -7.2 30.3 -0.25 -4.7
3 0 30.3 -0.25 -4.7 27.8 -0.25 -7.2 30.4 -0.25 -5.5
3 15 31.5 -0.25 -4.6 30.7 -0.25 -4.7 33.2 -0.25 -7.2
3 0 30.7 -0.25 -4.7 30.6 -0.25 -5.5 33.2 -0.25 -7.2
4 80 30.7 -0.25 -4.7 30.3 -0.25 -4.7 30.4 -0.25 -5.5 30.6 -0.25 -5.5
4 80 30.4 -0.25 -5.5 27.8 -0.25 -7.2 28.5 -0.25 -7.6 30.6 -0.25 -5.5
4 80 32.5 -0.25 -7.6 33.2 -0.25 -7.2 30.6 -0.25 -5.5 28.5 -0.25 -7.6
4 80 28.5 -0.25 -7.6 29.42 -0.25 -9 31.58 -0.25 -9 32.5 -0.25 -7.6
4 80 35.5 -0.25 7.4 31.5 -0.25 7.4 33.2 -0.25 4.8 33.8 -0.25 4.8
3 15 32 -0.25 9 31.58 -0.25 9 30.8 -0.25 7.8
3 0 32.64 -0.25 9 32 -0.25 9 30.8 -0.25 7.8
4 80 34.36 -0.25 9 32.64 -0.25 9 30.8 -0.25 7.8 36.2 -0.25 7.8
4 80 36.2 -0.25 7.8 30.8 -0.25 7.8 31.5 -0.25 7.4 35.5 -0.25 7.4
3 15 35.42 -0.25 9 35 -0.25 9 36.2 -0.25 7.8
3 0 35 -0.25 9 34.36 -0.25 9 36.2 -0.25 7.8
4 80 33.7 -0.25 4.3 34.5 -0.25 4.4 33.8 -0.25 4.8 33.2 -0.25 4.8
4 80 33.3 -0.25 4.3 33.7 -0.25 4.3 33.2 -0.25 4.8 32.5 -0.25 4.4
4 80 33.7 -0.25 -7.7 33.3 -0.25 -7.7 33.4 -0.25 -8.5 33.6 -0.25 -8.5
4 15 33.3 -0.25 -7.7 32.5 -0.25 -7.6 31.58 -0.25 -9 32 -0.25 -9
4 0 33.4 -0.25 -8.5 33.3 -0.25 -7.7 32 -0.25 -9 32.64 -0.25 -9
4 80 33.6 -0.25 -8.5 33.4 -0.25 -8.5 32.64 -0.25 -9 34.36 -0.25 -9
4 0 33.7 -0.25 -7.7 33.6 -0.25 -8.5 34.36 -0.25 -9 35 -0.25 -9
4 15 34.5 -0.25 -7.6 33.7 -0.25 -7.7 35 -0.25 -9 35.42 -0.25 -9
3 15 35.5 -0.25 1.4 33.8 -0.25 -1.2 36.3 -0.25 1.3
3 0 36.3 -0.25 1.3 33.8 -0.25 -1.2 36.4 -0.25 0.5
4 80 36.7 -0.25 1.3 36.3 -0.25 1.3 36.4 -0.25 0.5 36.6 -0.25 0.5
3 80 36.4 -0.25 0.5 33.8 -0.25 -1.2 34.5 -0.25 -1.6
4 80 36.4 -0.25 0.5 34.5 -0.25 -1.6 36.2 -0.25 -4.2 36.6 -0.25 0.5
4 80 36.6 -0.25 0.5 36.2 -0.25 -4.2 36.8 -0.25 -4.2 38.5 -0.25 -1.6
4 80 36.7 -0.25 -4.7 37.5 -0.25 -4.6 36.8 -0.25 -4.2 36.2 -0.25 -4.2
4 80 36.3 -0.25 -4.7 36.7 -0.25 -4.7 36.2 -0.25 -4.2 35.5 -0.25 -4.6
4 80 36.7 -0.25 1.3 37.5 -0.25 1.4 36.8 -0.25 1.8 36.2 -0.25 1.8
4 80 36.3 -0.25 1.3 36.7 -0.25 1.3 36.2 -0.25 1.8 35.5 -0.25 1.4
4 80 36.7 -0.25 7.3 37.5 -0.25 7.4 36.8 -0.25 7.8 36.2 -0.25 7.8
4 80 36.3 -0.25 7.3 36.7 -0.25 7.3 36.2 -0.25 7.8 35.5 -0.25 7.4
4 0 36.71 -0.25 5.29 35.08 -0.25 6.38 35 -0.25 6 35.08 -0.25 5.62
4 0 36.71 -0.25 5.29 35.08 -0.25 5.62 35.29 -0.25 5.29 35.62 -0.25 5.08
4 0 36.71 -0.25 5.29 35.62 -0.25 5.08 36 -0.25 5 36.38 -0.25 5.08
4 0 36.71 -0.25 5.29 36.92 -0.25 5.62 37 -0.25 6 36.38 -0.25 6.92
4 0 36.71 -0.25 5.29 36.38 -0.25 6.92 36 -0.25 7 35.62 -0.25 6.92
4 0 36.71 -0.25 5.29 35.62 -0.25 6.92 35.29 -0.25 6.71 35.08 -0.25 6.38
4 15 36 -0.25 7 36.3 -0.25 7.3 35.5 -0.25 7.4 35.62 -0.25 6.92
3 15 35.5 -0.25 7.4 35.29 -0.25 6.71 35.62 -0.25 6.92
4 15 35.08 -0.25 6.38 35.29 -0.25 6.71 35.5 -0.25 7.4 33.8 -0.25 4.8
3 15 35.08 -0.25 6.38 33.8 -0.25 4.8 35 -0.25 6
3 0 36.3 -0.25 7.3 36 -0.25 7 36.38 -0.25 6.92
3 0 35 -0.25 6 33.8 -0.25 4.8 35.08 -0.25 5.62
4 80 36.7 -0.25 7.3 36.3 -0.25 7.3 36.38 -0.25 6.92 36.6 -0.25 6.8
4 0 36.7 -0.25 7.3 36.6 -0.25 6.8 36.9 -0.25 6.3 39 -0.25 5
4 80 36.9 -0.25 6.3 37 -0.25 6 38.5 -0.25 4.4 39 -0.25 4.93
4 0 36.9 -0.25 6.3 36.6 -0.25 6.8 36.38 -0.25 6.92 37 -0.25 6
3 80 37 -0.25 6 36.92 -0.25 5.62 38.5 -0.25 4.4
4 80 38.5 -0.25 4.4 36.92 -0.25 5.62 36.71 -0.25 5.29 36.8 -0.25 1.8
3 80 36.71 -0.25 5.29 36.38 -0.25 5.08 36.8 -0.25 1.8
4 80 36.8 -0.25 1.8 36.38 -0.25 5.08 36 -0.25 5 36.2 -0.25 1.8
4 80 36.2 -0.25 1.8 36 -0.25 5 35.62 -0.25 5.08 34.5 -0.25 4.4
4 80 34.5 -0.25 4.4 35.62 -0.25 5.08 35.29 -0.25 5.29 33.8 -0.25 4.8
3 80 35.08 -0.25 5.62 33.8 -0.25 4.8 35.29 -0.25 5.29
4 80 37.58 -0.25 9 35.42 -0.25 9 36.2 -0.25 7.8 36.8 -0.25 7.8
4 0 36.71 -0.25 -6.71 35.08 -0.25 -5.62 35 -0.25 -6 35.08 -0.25 -6.38
4 0 36.71 -0.25 -6.71 35.08 -0.25 -6.38 35.29 -0.25 -6.71 35.62 -0.25 -6.92
4 0 36.71 -0.25 -6.71 35.62 -0.25 -6.92 36 -0.25 -7 36.38 -0.25 -6.92
4 0 36.71 -0.25 -6.71 36.92 -0.25 -6.38 37 -0.25 -6 36.38 -0.25 -5.08
4 0 36.71 -0.25 -6.71 36.38 -0.25 -5.08 36 -0.25 -5 35.62 -0.25 -5.08
4 0 36.71 -0.25 -6.71 35.62 -0.25 -5.08 35.29 -0.25 -5.29 35.08 -0.25 -5.62
4 15 36 -0.25 -5 36.3 -0.25 -4.7 35.5 -0.25 -4.6 35.62 -0.25 -5.08
3 15 35.5 -0.25 -4.6 35.29 -0.25 -5.29 35.62 -0.25 -5.08
4 15 35.08 -0.25 -5.62 35.29 -0.25 -5.29 35.5 -0.25 -4.6 33.8 -0.25 -7.2
3 15 35.08 -0.25 -5.62 33.8 -0.25 -7.2 35 -0.25 -6
3 0 36.3 -0.25 -4.7 36 -0.25 -5 36.38 -0.25 -5.08
3 0 35 -0.25 -6 33.8 -0.25 -7.2 35.08 -0.25 -6.38
4 80 36.7 -0.25 -4.7 36.3 -0.25 -4.7 36.38 -0.25 -5.08 36.6 -0.25 -5.2
4 0 36.7 -0.25 -4.7 36.6 -0.25 -5.2 36.9 -0.25 -5.7 39 -0.25 -7
4 80 36.9 -0.25 -5.7 37 -0.25 -6 38.5 -0.25 -7.6 39 -0.25 -7.07
4 0 36.9 -0.25 -5.7 36.6 -0.25 -5.2 36.38 -0.25 -5.08 37 -0.25 -6
3 80 37 -0.25 -6 36.92 -0.25 -6.38 38.5 -0.25 -7.6
3 80 36.92 -0.25 -6.38 36.71 -0.25 -6.71 38.5 -0.25 -7.6
4 80 34.5 -0.25 -7.6 35.62 -0.25 -6.92 35.29 -0.25 -6.71 33.8 -0.25 -7.2
3 80 35.08 -0.25 -6.38 33.8 -0.25 -7.2 35.29 -0.25 -6.71
4 80 37.58 -0.25 -9 38.5 -0.25 -7.6 34.5 -0.25 -7.6 35.42 -0.25 -9
4 80 36 -0.25 -7 35.62 -0.25 -6.92 34.5 -0.25 -7.6 38.5 -0.25 -7.6
3 80 36.38 -0.25 -6.92 36 -0.25 -7 38.5 -0.25 -7.6
3 80 36.71 -0.25 -6.71 36.38 -0.25 -6.92 38.5 -0.25 -7.6
3 15 38 -0.25 9 37.58 -0.25 9 36.8 -0.25 7.8
3 0 38.64 -0.25 9 38 -0.25 9 36.8 -0.25 7.8
4 80 37.5 -0.25 7.4 39 -0.25 9 38.64 -0.25 9 36.8 -0.25 7.8
3 80 39 -0.25 9 37.5 -0.25 7.4 39 -0.25 5.11
4 15 39 -0.25 5.11 37.5 -0.25 7.4 36.7 -0.25 7.3 39 -0.25 5
3 0 36.9 -0.25 6.3 39 -0.25 4.93 39 -0.25 5
3 80 39 -0.25 4.93 38.5 -0.25 4.4 39 -0.25 4.34
4 15 39 -0.25 4.34 38.5 -0.25 4.4 36.8 -0.25 1.8 39 -0.25 4
3 0 39 -0.25 4 36.8 -0.25 1.8 39 -0.25 3.24
3 80 39 -0.25 3.24 36.8 -0.25 1.8 37.5 -0.25 1.4
3 80 39 -0.25 3.24 37.5 -0.25 1.4 39 -0.25 -0.89
4 15 39 -0.25 -0.89 37.5 -0.25 1.4 36.7 -0.25 1.3 39 -0.25 -1
4 0 39 -0.25 -1 36.7 -0.25 1.3 36.6 -0.25 0.5 39 -0.25 -1.07
4 80 39 -0.25 -1.07 36.6 -0.25 0.5 38.5 -0.25 -1.6 39 -0.25 -1.66
4 15 39 -0.25 -1.66 38.5 -0.25 -1.6 36.8 -0.25 -4.2 39 -0.25 -2
3 0 39 -0.25 -2 36.8 -0.25 -4.2 39 -0.25 -2.76
3 80 39 -0.25 -2.76 36.8 -0.25 -4.2 37.5 -0.25 -4.6
3 80 39 -0.25 -2.76 37.5 -0.25 -4.6 39 -0.25 -6.89
4 15 39 -0.25 -6.89 37.5 -0.25 -4.6 36.7 -0.25 -4.7 39 -0.25 -7
3 0 36.9 -0.25 -5.7 39 -0.25 -7.07 39 -0.25 -7
3 80 39 -0.25 -7.07 38.5 -0.25 -7.6 39 -0.25 -7.66
4 15 39 -0.25 -7.66 38.5 -0.25 -7.6 37.58 -0.25 -9 38 -0.25 -9
3 15 39 -0.25 -7.66 38 -0.25 -9 39 -0.25 -8
4 0 39 -0.25 -8 38 -0.25 -9 38.64 -0.25 -9 39 -0.25 -8.76
3 80 39 -0.25 -8.76 38.64 -0.25 -9 39 -0.25 -9
3 15 -4 -0.25 9 -4.42 -0.25 9 -5.2 -0.25 7.8
3 0 -3.36 -0.25 9 -4 -0.25 9 -5.2 -0.25 7.8
4 80 -1.64 -0.25 9 -3.36 -0.25 9 -5.2 -0.25 7.8 0.2 -0.25 7.8
4 80 0.2 -0.25 7.8 -5.2 -0.25 7.8 -4.5 -0.25 7.4 -0.5 -0.25 7.4
3 0 -1 -0.25 9 -1.64 -0.25 9 0.2 -0.25 7.8
3 15 -0.58 -0.25 9 -1 -0.25 9 0.2 -0.25 7.8
4 80 -2.3 -0.25 4.3 -1.5 -0.25 4.4 -2.2 -0.25 4.8 -2.8 -0.25 4.8
4 80 -2.7 -0.25 4.3 -2.3 -0.25 4.3 -2.8 -0.25 4.8 -3.5 -0.25 4.4
4 80 -0.5 -0.25 7.4 -4.5 -0.25 7.4 -2.8 -0.25 4.8 -2.2 -0.25 4.8
4 80 -2.3 -0.25 -7.7 -2.7 -0.25 -7.7 -2.6 -0.25 -8.5 -2.4 -0.25 -8.5
4 15 -2.7 -0.25 -7.7 -3.5 -0.25 -7.6 -4.42 -0.25 -9 -4 -0.25 -9
4 0 -2.6 -0.25 -8.5 -2.7 -0.25 -7.7 -4 -0.25 -9 -3.36 -0.25 -9
4 80 -2.4 -0.25 -8.5 -2.6 -0.25 -8.5 -3.36 -0.25 -9 -1.64 -0.25 -9
4 0 -2.3 -0.25 -7.7 -2.4 -0.25 -8.5 -1.64 -0.25 -9 -1 -0.25 -9
4 15 -1.5 -0.25 -7.6 -2.3 -0.25 -7.7 -1 -0.25 -9 -0.58 -0.25 -9
4 80 -5.3 -0.25 7.3 -4.5 -0.25 7.4 -5.2 -0.25 7.8 -5.8 -0.25 7.8
4 80 -5.7 -0.25 7.3 -5.3 -0.25 7.3 -5.8 -0.25 7.8 -6.5 -0.25 7.4
4 80 -4.42 -0.25 9 -6.58 -0.25 9 -5.8 -0.25 7.8 -5.2 -0.25 7.8
3 15 -6.5 -0.25 -4.6 -8.2 -0.25 -7.2 -5.7 -0.25 -4.7
3 0 -5.7 -0.25 -4.7 -8.2 -0.25 -7.2 -5.6 -0.25 -5.5
3 15 -4.5 -0.25 -4.6 -5.3 -0.25 -4.7 -2.8 -0.25 -7.2
3 0 -5.3 -0.25 -4.7 -5.4 -0.25 -5.5 -2.8 -0.25 -7.2
4 80 -5.3 -0.25 -4.7 -5.7 -0.25 -4.7 -5.6 -0.25 -5.5 -5.4 -0.25 -5.5
4 80 -5.6 -0.25 -5.5 -8.2 -0.25 -7.2 -7.5 -0.25 -7.6 -5.4 -0.25 -5.5
4 80 -3.5 -0.25 -7.6 -2.8 -0.25 -7.2 -5.4 -0.25 -5.5 -7.5 -0.25 -7.6
4 80 -4.42 -0.25 -9 -3.5 -0.25 -7.6 -7.5 -0.25 -7.6 -6.58 -0.25 -9
3 15 -10 -0.25 9 -10.42 -0.25 9 -11.2 -0.25 7.8
3 0 -9.36 -0.25 9 -10 -0.25 9 -11.2 -0.25 7.8
4 80 -7.64 -0.25 9 -9.36 -0.25 9 -11.2 -0.25 7.8 -5.8 -0.25 7.8
4 80 -5.8 -0.25 7.8 -11.2 -0.25 7.8 -10.5 -0.25 7.4 -6.5 -0.25 7.4
3 0 -7 -0.25 9 -7.64 -0.25 9 -5.8 -0.25 7.8
3 15 -6.58 -0.25 9 -7 -0.25 9 -5.8 -0.25 7.8
4 80 -8.3 -0.25 4.3 -7.5 -0.25 4.4 -8.2 -0.25 4.8 -8.8 -0.25 4.8
4 80 -8.7 -0.25 4.3 -8.3 -0.25 4.3 -8.8 -0.25 4.8 -9.5 -0.25 4.4
4 80 -6.5 -0.25 7.4 -10.5 -0.25 7.4 -8.8 -0.25 4.8 -8.2 -0.25 4.8
4 80 -8.3 -0.25 -7.7 -8.7 -0.25 -7.7 -8.6 -0.25 -8.5 -8.4 -0.25 -8.5
4 15 -8.7 -0.25 -7.7 -9.5 -0.25 -7.6 -10.42 -0.25 -9 -10 -0.25 -9
4 0 -8.6 -0.25 -8.5 -8.7 -0.25 -7.7 -10 -0.25 -9 -9.36 -0.25 -9
4 80 -8.4 -0.25 -8.5 -8.6 -0.25 -8.5 -9.36 -0.25 -9 -7.64 -0.25 -9
4 0 -8.3 -0.25 -7.7 -8.4 -0.25 -8.5 -7.64 -0.25 -9 -7 -0.25 -9
4 15 -7.5 -0.25 -7.6 -8.3 -0.25 -7.7 -7 -0.25 -9 -6.58 -0.25 -9
4 80 -11.3 -0.25 7.3 -10.5 -0.25 7.4 -11.2 -0.25 7.8 -11.8 -0.25 7.8
4 80 -11.7 -0.25 7.3 -11.3 -0.25 7.3 -11.8 -0.25 7.8 -12.5 -0.25 7.4
4 80 -10.42 -0.25 9 -12.58 -0.25 9 -11.8 -0.25 7.8 -11.2 -0.25 7.8
3 15 -12.5 -0.25 -4.6 -14.2 -0.25 -7.2 -11.7 -0.25 -4.7
3 0 -11.7 -0.25 -4.7 -14.2 -0.25 -7.2 -11.6 -0.25 -5.5
3 15 -10.5 -0.25 -4.6 -11.3 -0.25 -4.7 -8.8 -0.25 -7.2
3 0 -11.3 -0.25 -4.7 -11.4 -0.25 -5.5 -8.8 -0.25 -7.2
4 80 -11.3 -0.25 -4.7 -11.7 -0.25 -4.7 -11.6 -0.25 -5.5 -11.4 -0.25 -5.5
4 80 -11.6 -0.25 -5.5 -14.2 -0.25 -7.2 -13.5 -0.25 -7.6 -11.4 -0.25 -5.5
4 80 -9.5 -0.25 -7.6 -8.8 -0.25 -7.2 -11.4 -0.25 -5.5 -13.5 -0.25 -7.6
4 80 -10.42 -0.25 -9 -9.5 -0.25 -7.6 -13.5 -0.25 -7.6 -12.58 -0.25 -9
3 15 -16 -0.25 9 -16.42 -0.25 9 -17.2 -0.25 7.8
3 0 -15.36 -0.25 9 -16 -0.25 9 -17.2 -0.25 7.8
4 80 -13.64 -0.25 9 -15.36 -0.25 9 -17.2 -0.25 7.8 -11.8 -0.25 7.8
4 80 -11.8 -0.25 7.8 -17.2 -0.25 7.8 -16.5 -0.25 7.4 -12.5 -0.25 7.4
3 0 -13 -0.25 9 -13.64 -0.25 9 -11.8 -0.25 7.8
3 15 -12.58 -0.25 9 -13 -0.25 9 -11.8 -0.25 7.8
4 80 -14.3 -0.25 4.3 -13.5 -0.25 4.4 -14.2 -0.25 4.8 -14.8 -0.25 4.8
4 80 -14.7 -0.25 4.3 -14.3 -0.25 4.3 -14.8 -0.25 4.8 -15.5 -0.25 4.4
4 80 -12.5 -0.25 7.4 -16.5 -0.25 7.4 -14.8 -0.25 4.8 -14.2 -0.25 4.8
4 80 -14.3 -0.25 -7.7 -14.7 -0.25 -7.7 -14.6 -0.25 -8.5 -14.4 -0.25 -8.5
4 15 -14.7 -0.25 -7.7 -15.5 -0.25 -7.6 -16.42 -0.25 -9 -16 -0.25 -9
4 0 -14.6 -0.25 -8.5 -14.7 -0.25 -7.7 -16 -0.25 -9 -15.36 -0.25 -9
4 80 -14.4 -0.25 -8.5 -14.6 -0.25 -8.5 -15.36 -0.25 -9 -13.64 -0.25 -9
4 0 -14.3 -0.25 -7.7 -14.4 -0.25 -8.5 -13.64 -0.25 -9 -13 -0.25 -9
4 15 -13.5 -0.25 -7.6 -14.3 -0.25 -7.7 -13 -0.25 -9 -12.58 -0.25 -9
4 80 -17.3 -0.25 7.3 -16.5 -0.25 7.4 -17.2 -0.25 7.8 -17.8 -0.25 7.8
4 80 -17.7 -0.25 7.3 -17.3 -0.25 7.3 -17.8 -0.25 7.8 -18.5 -0.25 7.4
4 80 -16.42 -0.25 9 -18.58 -0.25 9 -17.8 -0.25 7.8 -17.2 -0.25 7.8
3 15 -18.5 -0.25 -4.6 -20.2 -0.25 -7.2 -17.7 -0.25 -4.7
3 0 -17.7 -0.25 -4.7 -20.2 -0.25 -7.2 -17.6 -0.25 -5.5
3 15 -16.5 -0.25 -4.6 -17.3 -0.25 -4.7 -14.8 -0.25 -7.2
3 0 -17.3 -0.25 -4.7 -17.4 -0.25 -5.5 -14.8 -0.25 -7.2
4 80 -17.3 -0.25 -4.7 -17.7 -0.25 -4.7 -17.6 -0.25 -5.5 -17.4 -0.25 -5.5
4 80 -17.6 -0.25 -5.5 -20.2 -0.25 -7.2 -19.5 -0.25 -7.6 -17.4 -0.25 -5.5
4 80 -15.5 -0.25 -7.6 -14.8 -0.25 -7.2 -17.4 -0.25 -5.5 -19.5 -0.25 -7.6
4 80 -16.42 -0.25 -9 -15.5 -0.25 -7.6 -19.5 -0.25 -7.6 -18.58 -0.25 -9
3 15 -22 -0.25 9 -22.42 -0.25 9 -23.2 -0.25 7.8
3 0 -21.36 -0.25 9 -22 -0.25 9 -23.2 -0.25 7.8
4 80 -19.64 -0.25 9 -21.36 -0.25 9 -23.2 -0.25 7.8 -17.8 -0.25 7.8
4 80 -17.8 -0.25 7.8 -23.2 -0.25 7.8 -22.5 -0.25 7.4 -18.5 -0.25 7.4
3 0 -19 -0.25 9 -19.64 -0.25 9 -17.8 -0.25 7.8
3 15 -18.58 -0.25 9 -19 -0.25 9 -17.8 -0.25 7.8
4 80 -20.3 -0.25 4.3 -19.5 -0.25 4.4 -20.2 -0.25 4.8 -20.8 -0.25 4.8
4 80 -20.7 -0.25 4.3 -20.3 -0.25 4.3 -20.8 -0.25 4.8 -21.5 -0.25 4.4
4 80 -18.5 -0.25 7.4 -22.5 -0.25 7.4 -20.8 -0.25 4.8 -20.2 -0.25 4.8
4 80 -20.3 -0.25 -7.7 -20.7 -0.25 -7.7 -20.6 -0.25 -8.5 -20.4 -0.25 -8.5
4 15 -20.7 -0.25 -7.7 -21.5 -0.25 -7.6 -22.42 -0.25 -9 -22 -0.25 -9
4 0 -20.6 -0.25 -8.5 -20.7 -0.25 -7.7 -22 -0.25 -9 -21.36 -0.25 -9
4 80 -20.4 -0.25 -8.5 -20.6 -0.25 -8.5 -21.36 -0.25 -9 -19.64 -0.25 -9
4 0 -20.3 -0.25 -7.7 -20.4 -0.25 -8.5 -19.64 -0.25 -9 -19 -0.25 -9
4 15 -19.5 -0.25 -7.6 -20.3 -0.25 -7.7 -19 -0.25 -9 -18.58 -0.25 -9
4 80 -23.3 -0.25 7.3 -22.5 -0.25 7.4 -23.2 -0.25 7.8 -23.8 -0.25 7.8
4 80 -23.7 -0.25 7.3 -23.3 -0.25 7.3 -23.8 -0.25 7.8 -24.5 -0.25 7.4
4 80 -22.42 -0.25 9 -24.58 -0.25 9 -23.8 -0.25 7.8 -23.2 -0.25 7.8
3 15 -24.5 -0.25 -4.6 -26.2 -0.25 -7.2 -23.7 -0.25 -4.7
3 0 -23.7 -0.25 -4.7 -26.2 -0.25 -7.2 -23.6 -0.25 -5.5
3 15 -22.5 -0.25 -4.6 -23.3 -0.25 -4.7 -20.8 -0.25 -7.2
3 0 -23.3 -0.25 -4.7 -23.4 -0.25 -5.5 -20.8 -0.25 -7.2
4 80 -23.3 -0.25 -4.7 -23.7 -0.25 -4.7 -23.6 -0.25 -5.5 -23.4 -0.25 -5.5
4 80 -23.6 -0.25 -5.5 -26.2 -0.25 -7.2 -25.5 -0.25 -7.6 -23.4 -0.25 -5.5
4 80 -21.5 -0.25 -7.6 -20.8 -0.25 -7.2 -23.4 -0.25 -5.5 -25.5 -0.25 -7.6
4 80 -22.42 -0.25 -9 -21.5 -0.25 -7.6 -25.5 -0.25 -7.6 -24.58 -0.25 -9
3 15 -28 -0.25 9 -28.42 -0.25 9 -29.2 -0.25 7.8
3 0 -27.36 -0.25 9 -28 -0.25 9 -29.2 -0.25 7.8
4 80 -25.64 -0.25 9 -27.36 -0.25 9 -29.2 -0.25 7.8 -23.8 -0.25 7.8
4 80 -23.8 -0.25 7.8 -29.2 -0.25 7.8 -28.5 -0.25 7.4 -24.5 -0.25 7.4
3 0 -25 -0.25 9 -25.64 -0.25 9 -23.8 -0.25 7.8
3 15 -24.58 -0.25 9 -25 -0.25 9 -23.8 -0.25 7.8
4 80 -26.3 -0.25 4.3 -25.5 -0.25 4.4 -26.2 -0.25 4.8 -26.8 -0.25 4.8
4 80 -26.7 -0.25 4.3 -26.3 -0.25 4.3 -26.8 -0.25 4.8 -27.5 -0.25 4.4
4 80 -24.5 -0.25 7.4 -28.5 -0.25 7.4 -26.8 -0.25 4.8 -26.2 -0.25 4.8
4 80 -26.3 -0.25 -7.7 -26.7 -0.25 -7.7 -26.6 -0.25 -8.5 -26.4 -0.25 -8.5
4 15 -26.7 -0.25 -7.7 -27.5 -0.25 -7.6 -28.42 -0.25 -9 -28 -0.25 -9
4 0 -26.6 -0.25 -8.5 -26.7 -0.25 -7.7 -28 -0.25 -9 -27.36 -0.25 -9
4 80 -26.4 -0.25 -8.5 -26.6 -0.25 -8.5 -27.36 -0.25 -9 -25.64 -0.25 -9
4 0 -26.3 -0.25 -7.7 -26.4 -0.25 -8.5 -25.64 -0.25 -9 -25 -0.25 -9
4 15 -25.5 -0.25 -7.6 -26.3 -0.25 -7.7 -25 -0.25 -9 -24.58 -0.25 -9
4 80 -29.3 -0.25 7.3 -28.5 -0.25 7.4 -29.2 -0.25 7.8 -29.8 -0.25 7.8
4 80 -29.7 -0.25 7.3 -29.3 -0.25 7.3 -29.8 -0.25 7.8 -30.5 -0.25 7.4
4 80 -28.42 -0.25 9 -30.58 -0.25 9 -29.8 -0.25 7.8 -29.2 -0.25 7.8
3 15 -30.5 -0.25 -4.6 -32.2 -0.25 -7.2 -29.7 -0.25 -4.7
3 0 -29.7 -0.25 -4.7 -32.2 -0.25 -7.2 -29.6 -0.25 -5.5
3 15 -28.5 -0.25 -4.6 -29.3 -0.25 -4.7 -26.8 -0.25 -7.2
3 0 -29.3 -0.25 -4.7 -29.4 -0.25 -5.5 -26.8 -0.25 -7.2
4 80 -29.3 -0.25 -4.7 -29.7 -0.25 -4.7 -29.6 -0.25 -5.5 -29.4 -0.25 -5.5
4 80 -29.6 -0.25 -5.5 -32.2 -0.25 -7.2 -31.5 -0.25 -7.6 -29.4 -0.25 -5.5
4 80 -27.5 -0.25 -7.6 -26.8 -0.25 -7.2 -29.4 -0.25 -5.5 -31.5 -0.25 -7.6
4 80 -28.42 -0.25 -9 -27.5 -0.25 -7.6 -31.5 -0.25 -7.6 -30.58 -0.25 -9
4 80 -34.5 -0.25 7.4 -30.5 -0.25 7.4 -29.8 -0.25 7.8 -35.2 -0.25 7.8
3 0 -31 -0.25 9 -31.64 -0.25 9 -29.8 -0.25 7.8
3 15 -30.58 -0.25 9 -31 -0.25 9 -29.8 -0.25 7.8
4 80 -32.3 -0.25 4.3 -31.5 -0.25 4.4 -32.2 -0.25 4.8 -32.8 -0.25 4.8
4 80 -32.7 -0.25 4.3 -32.3 -0.25 4.3 -32.8 -0.25 4.8 -33.5 -0.25 4.4
4 80 -30.5 -0.25 7.4 -34.5 -0.25 7.4 -32.8 -0.25 4.8 -32.2 -0.25 4.8
3 15 -34 -0.25 9 -34.42 -0.25 9 -35.2 -0.25 7.8
3 0 -33.36 -0.25 9 -34 -0.25 9 -35.2 -0.25 7.8
4 80 -31.64 -0.25 9 -33.36 -0.25 9 -35.2 -0.25 7.8 -29.8 -0.25 7.8
4 80 -32.3 -0.25 -7.7 -32.7 -0.25 -7.7 -32.6 -0.25 -8.5 -32.4 -0.25 -8.5
4 15 -32.7 -0.25 -7.7 -33.5 -0.25 -7.6 -34.42 -0.25 -9 -34 -0.25 -9
4 0 -32.6 -0.25 -8.5 -32.7 -0.25 -7.7 -34 -0.25 -9 -33.36 -0.25 -9
4 80 -32.4 -0.25 -8.5 -32.6 -0.25 -8.5 -33.36 -0.25 -9 -31.64 -0.25 -9
4 0 -32.3 -0.25 -7.7 -32.4 -0.25 -8.5 -31.64 -0.25 -9 -31 -0.25 -9
4 15 -31.5 -0.25 -7.6 -32.3 -0.25 -7.7 -31 -0.25 -9 -30.58 -0.25 -9
4 80 -35.3 -0.25 7.3 -34.5 -0.25 7.4 -35.2 -0.25 7.8 -35.8 -0.25 7.8
4 80 -35.7 -0.25 7.3 -35.3 -0.25 7.3 -35.8 -0.25 7.8 -36.5 -0.25 7.4
4 80 -34.42 -0.25 9 -36.58 -0.25 9 -35.8 -0.25 7.8 -35.2 -0.25 7.8
3 15 -34.5 -0.25 7.4 -35.3 -0.25 7.3 -32.8 -0.25 4.8
4 80 -35.3 -0.25 1.3 -34.5 -0.25 1.4 -35.2 -0.25 1.8 -35.8 -0.25 1.8
4 80 -35.7 -0.25 1.3 -35.3 -0.25 1.3 -35.8 -0.25 1.8 -36.5 -0.25 1.4
4 0 -35.29 -0.25 5.29 -36.92 -0.25 6.38 -37 -0.25 6 -36.92 -0.25 5.62
4 0 -35.29 -0.25 5.29 -36.92 -0.25 5.62 -36.71 -0.25 5.29 -36.38 -0.25 5.08
4 0 -35.29 -0.25 5.29 -36.38 -0.25 5.08 -36 -0.25 5 -35.62 -0.25 5.08
4 0 -35.29 -0.25 5.29 -35.08 -0.25 5.62 -35 -0.25 6 -35.62 -0.25 6.92
4 0 -35.29 -0.25 5.29 -35.62 -0.25 6.92 -36 -0.25 7 -36.38 -0.25 6.92
4 0 -35.29 -0.25 5.29 -36.38 -0.25 6.92 -36.71 -0.25 6.71 -36.92 -0.25 6.38
4 15 -36 -0.25 7 -35.7 -0.25 7.3 -36.5 -0.25 7.4 -36.38 -0.25 6.92
3 15 -36.5 -0.25 7.4 -36.71 -0.25 6.71 -36.38 -0.25 6.92
4 15 -36.92 -0.25 6.38 -36.71 -0.25 6.71 -36.5 -0.25 7.4 -38.2 -0.25 4.8
3 15 -36.92 -0.25 6.38 -38.2 -0.25 4.8 -37 -0.25 6
3 0 -35.7 -0.25 7.3 -36 -0.25 7 -35.62 -0.25 6.92
3 0 -37 -0.25 6 -38.2 -0.25 4.8 -36.92 -0.25 5.62
4 80 -35.3 -0.25 7.3 -35.7 -0.25 7.3 -35.62 -0.25 6.92 -35.4 -0.25 6.8
4 0 -32.8 -0.25 4.8 -35.3 -0.25 7.3 -35.4 -0.25 6.8 -35.1 -0.25 6.3
4 80 -33.5 -0.25 4.4 -32.8 -0.25 4.8 -35.1 -0.25 6.3 -35 -0.25 6
4 0 -35.1 -0.25 6.3 -35.4 -0.25 6.8 -35.62 -0.25 6.92 -35 -0.25 6
3 80 -35 -0.25 6 -35.08 -0.25 5.62 -33.5 -0.25 4.4
4 80 -33.5 -0.25 4.4 -35.08 -0.25 5.62 -35.29 -0.25 5.29 -35.2 -0.25 1.8
3 80 -35.29 -0.25 5.29 -35.62 -0.25 5.08 -35.2 -0.25 1.8
4 80 -35.2 -0.25 1.8 -35.62 -0.25 5.08 -36 -0.25 5 -35.8 -0.25 1.8
4 80 -35.8 -0.25 1.8 -36 -0.25 5 -36.38 -0.25 5.08 -37.5 -0.25 4.4
4 80 -37.5 -0.25 4.4 -36.38 -0.25 5.08 -36.71 -0.25 5.29 -38.2 -0.25 4.8
3 80 -36.92 -0.25 5.62 -38.2 -0.25 4.8 -36.71 -0.25 5.29
3 15 -34.5 -0.25 -4.6 -35.3 -0.25 -4.7 -32.8 -0.25 -7.2
4 0 -35.29 -0.25 -6.71 -36.92 -0.25 -5.62 -37 -0.25 -6 -36.92 -0.25 -6.38
4 0 -35.29 -0.25 -6.71 -36.92 -0.25 -6.38 -36.71 -0.25 -6.71 -36.38 -0.25 -6.92
4 0 -35.29 -0.25 -6.71 -36.38 -0.25 -6.92 -36 -0.25 -7 -35.62 -0.25 -6.92
4 0 -35.29 -0.25 -6.71 -35.08 -0.25 -6.38 -35 -0.25 -6 -35.62 -0.25 -5.08
4 0 -35.29 -0.25 -6.71 -35.62 -0.25 -5.08 -36 -0.25 -5 -36.38 -0.25 -5.08
4 0 -35.29 -0.25 -6.71 -36.38 -0.25 -5.08 -36.71 -0.25 -5.29 -36.92 -0.25 -5.62
4 15 -36 -0.25 -5 -35.7 -0.25 -4.7 -36.5 -0.25 -4.6 -36.38 -0.25 -5.08
3 15 -36.5 -0.25 -4.6 -36.71 -0.25 -5.29 -36.38 -0.25 -5.08
4 15 -36.92 -0.25 -5.62 -36.71 -0.25 -5.29 -36.5 -0.25 -4.6 -38.2 -0.25 -7.2
3 15 -36.92 -0.25 -5.62 -38.2 -0.25 -7.2 -37 -0.25 -6
3 0 -35.7 -0.25 -4.7 -36 -0.25 -5 -35.62 -0.25 -5.08
3 0 -37 -0.25 -6 -38.2 -0.25 -7.2 -36.92 -0.25 -6.38
4 80 -35.3 -0.25 -4.7 -35.7 -0.25 -4.7 -35.62 -0.25 -5.08 -35.4 -0.25 -5.2
4 0 -32.8 -0.25 -7.2 -35.3 -0.25 -4.7 -35.4 -0.25 -5.2 -35.1 -0.25 -5.7
4 80 -33.5 -0.25 -7.6 -32.8 -0.25 -7.2 -35.1 -0.25 -5.7 -35 -0.25 -6
4 0 -35.1 -0.25 -5.7 -35.4 -0.25 -5.2 -35.62 -0.25 -5.08 -35 -0.25 -6
3 80 -35 -0.25 -6 -35.08 -0.25 -6.38 -33.5 -0.25 -7.6
3 80 -35.08 -0.25 -6.38 -35.29 -0.25 -6.71 -33.5 -0.25 -7.6
4 80 -37.5 -0.25 -7.6 -36.38 -0.25 -6.92 -36.71 -0.25 -6.71 -38.2 -0.25 -7.2
3 80 -36.92 -0.25 -6.38 -38.2 -0.25 -7.2 -36.71 -0.25 -6.71
4 80 -34.42 -0.25 -9 -33.5 -0.25 -7.6 -37.5 -0.25 -7.6 -36.58 -0.25 -9
4 80 -36 -0.25 -7 -36.38 -0.25 -6.92 -37.5 -0.25 -7.6 -33.5 -0.25 -7.6
3 80 -35.62 -0.25 -6.92 -36 -0.25 -7 -33.5 -0.25 -7.6
3 80 -35.29 -0.25 -6.71 -35.62 -0.25 -6.92 -33.5 -0.25 -7.6
3 0 -37 -0.25 9 -37.64 -0.25 9 -35.8 -0.25 7.8
3 15 -36.58 -0.25 9 -37 -0.25 9 -35.8 -0.25 7.8
4 80 -38.3 -0.25 4.3 -37.5 -0.25 4.4 -38.2 -0.25 4.8 -38.7 -0.25 4.3
3 15 -37.5 -0.25 4.4 -38.3 -0.25 4.3 -35.8 -0.25 1.8
3 0 -38.3 -0.25 4.3 -38.4 -0.25 3.5 -35.8 -0.25 1.8
4 80 -38.3 -0.25 4.3 -38.7 -0.25 4.3 -38.6 -0.25 3.5 -38.4 -0.25 3.5
4 80 -38.2 -0.25 -1.2 -36.5 -0.25 1.4 -38.4 -0.25 3.5 -39 -0.25 3.24
3 80 -38.4 -0.25 3.5 -36.5 -0.25 1.4 -35.8 -0.25 1.8
4 80 -38.3 -0.25 -1.7 -37.5 -0.25 -1.6 -38.2 -0.25 -1.2 -38.7 -0.25 -1.7
3 15 -37.5 -0.25 -1.6 -38.3 -0.25 -1.7 -35.8 -0.25 -4.2
3 0 -38.3 -0.25 -1.7 -38.4 -0.25 -2.5 -35.8 -0.25 -4.2
4 80 -38.3 -0.25 -1.7 -38.7 -0.25 -1.7 -38.6 -0.25 -2.5 -38.4 -0.25 -2.5
4 80 -38.2 -0.25 -7.2 -36.5 -0.25 -4.6 -38.4 -0.25 -2.5 -39 -0.25 -2.76
3 80 -38.4 -0.25 -2.5 -36.5 -0.25 -4.6 -35.8 -0.25 -4.2
4 80 -38.3 -0.25 -7.7 -37.5 -0.25 -7.6 -38.2 -0.25 -7.2 -38.7 -0.25 -7.7
4 80 -38.3 -0.25 -7.7 -38.7 -0.25 -7.7 -38.6 -0.25 -8.5 -38.4 -0.25 -8.5
4 0 -38.3 -0.25 -7.7 -38.4 -0.25 -8.5 -37.64 -0.25 -9 -37 -0.25 -9
4 15 -37.5 -0.25 -7.6 -38.3 -0.25 -7.7 -37 -0.25 -9 -36.58 -0.25 -9
4 80 -35.8 -0.25 7.8 -37.64 -0.25 9 -39 -0.25 9 -36.5 -0.25 7.4
4 80 -38.2 -0.25 4.8 -36.5 -0.25 7.4 -39 -0.25 9 -39 -0.25 4.34
3 80 -38.2 -0.25 4.8 -39 -0.25 4.34 -38.7 -0.25 4.3
3 15 -39 -0.25 4.34 -39 -0.25 4 -38.7 -0.25 4.3
4 0 -38.6 -0.25 3.5 -38.7 -0.25 4.3 -39 -0.25 4 -39 -0.25 3.24
3 80 -38.4 -0.25 3.5 -38.6 -0.25 3.5 -39 -0.25 3.24
4 80 -38.7 -0.25 -1.7 -38.2 -0.25 -1.2 -39 -0.25 3.24 -39 -0.25 -1.66
3 15 -39 -0.25 -1.66 -39 -0.25 -2 -38.7 -0.25 -1.7
4 0 -38.6 -0.25 -2.5 -38.7 -0.25 -1.7 -39 -0.25 -2 -39 -0.25 -2.76
3 80 -38.4 -0.25 -2.5 -38.6 -0.25 -2.5 -39 -0.25 -2.76
4 80 -38.2 -0.25 -7.2 -39 -0.25 -2.76 -39 -0.25 -7.66 -38.7 -0.25 -7.7
3 15 -39 -0.25 -7.66 -39 -0.25 -8 -38.7 -0.25 -7.7
4 0 -38.6 -0.25 -8.5 -38.7 -0.25 -7.7 -39 -0.25 -8 -39 -0.25 -8.76
4 80 -38.6 -0.25 -8.5 -39 -0.25 -8.76 -39 -0.25 -9 -38.4 -0.25 -8.5
3 80 -38.4 -0.25 -8.5 -39 -0.25 -9 -37.64 -0.25 -9
