0 Constraction Limb  5 Lower Section with 2 Ball Joints and Pinhole
0 Name: 47311.dat
0 Author: Max Murtazin [SwampKryakwa]
0 !LDRAW_ORG Unofficial_Part 
0 !LICENSE Redistributable under CCAL version 2.0 : see CAreadme.txt

0 BFC CERTIFY CCW

0 !KEYWORDS Technic, Bionicle, Toa, Metru, arm, forearm

0 !HISTORY 2021-02-20 [SwampKryakwa] Original geometry by Lehvak Nuva
0 !HISTORY 2022-03-17 [SwampKryakwa] Part preparation for the part tracker

1 16 0 0 0 1 0 0 0 1 0 0 0 1 s\47311s01.dat
1 16 0 0 0 -1 0 0 0 1 0 0 0 1 s\47311s01.dat

5 24 0 15 .9 0 15.0768 -.5674 2.2961 14.6253 -.5369 -2.2961 14.6253 -.5369
5 24 0 15.0768 -.5674 0 14.816 -3.1304 2.2961 14.386 -3.1132 -2.2961 14.386 -3.1132
5 24 0 13.9562 -6.4067 0 14.816 -3.1304 2.2961 14.386 -3.1132 -2.2961 14.386 -3.1132
5 24 0 12.1641 -10.178 0 12.903 -8.73 2.2961 11.7739 -9.9491 -2.2961 11.7739 -9.9491
5 24 0 10.5524 -11.8793 0 12.1641 -10.178 2.2961 10.3051 -11.7578 -2.2961 10.3051 -11.7578
5 24 0 10.5524 -11.8793 0 9.771 -12.606 2.2961 10.3051 -11.7578 -2.2961 10.3051 -11.7578

1 16 10 0 0 0 -20 0 -6.36 0 6.36 -6.36 0 -6.36 2-4cyli.dat
1 16 0 0 0 0 -1 0 1 0 0 0 0 1 connhole.dat

1 16 0 0 -40 12.81 0 0 0 12.81 0 0 0 12.81 8-8sphe.dat
1 16 0 0 -20 1 0 0 0 0 1 0 -7.2 0 axlehol8.dat
1 16 0 0 -40 0 0 1 -1 0 0 0 -1 0 axlesphe.dat
1 16 0 0 -20 1 0 0 0 0 1 0 1 0 axlehol9.dat
1 16 0 0 -20 1 0 0 0 0 1 0 1 0 axlehol2.dat

1 16 0 0 40 12.81 0 0 0 12.81 0 0 0 12.81 8-8sphe.dat
1 16 0 0 20 1 0 0 0 0 1 0 7.2 0 axlehol8.dat
1 16 0 0 40 0 0 1 -1 0 0 0 1 0 axlesphe.dat
1 16 0 0 20 1 0 0 0 0 1 0 1 0 axlehol2.dat
1 16 0 0 20 1 0 0 0 0 1 0 1 0 axlehol9.dat

1 16 0 9 7.9 6 0 0 0 0 6 0 -3.3 0 2-4cyli.dat
1 16 0 9 15.9 6 0 0 0 0 6 0 -3.3 0 2-4cyli.dat

1 16 0 -19.304 3.174 2.456 0 0 0 4.444 2.386 0 -18.216 .582 4-4cyli.dat
1 16 0 -19.304 3.174 2.456 0 0 0 1 2.386 0 0 .582 4-4edge.dat
1 16 0 -19.304 3.174 3.44 0 0 0 -.6995 3.342 0 2.86462 .815 4-4cylc3.dat
1 16 0 -19.304 3.174 3.44 0 0 0 1 3.342 0 0 .815 4-4edge.dat
1 16 0 -20.004 6.0386 0 0 3.44 3.342 -1.792 0 .815 7.395 0 4-4cylse.dat

1 16 0 9 20 9 0 0 0 0 9 0 -1 0 2-4disc.dat
1 16 0 9 20 9 0 0 0 0 9 0 -2.9 0 2-4cyli.dat
1 16 0 9 20 9 0 0 0 0 9 0 -1 0 2-4edge.dat
1 16 0 9 15.9 9 0 0 0 0 9 0 1 1.2 2-4edge.dat
1 16 0 9 15.9 3 0 0 0 0 3 0 1 .4 2-4ring2.dat
1 16 0 9 15.9 6 0 0 0 0 6 0 1 .8 2-4edge.dat
1 16 0 9 7.9 1 0 0 0 1 0 0 0 1 s\47311s02.dat
1 16 0 9 -.1 1 0 0 0 1 0 0 0 1 s\47311s02.dat
1 16 0 7.044 -7.098 1 0 0 0 .906 .423 0 -.423 .906 s\47311s02.dat

1 16 0 6.11904 -8.33407 3 0 0 0 -1 1.17076 0 0 -2.77787 2-4ring2.dat
1 16 0 6.11904 -8.33407 9 0 0 0 -1 3.51227 0 0 -8.33361 2-4edge.dat
1 16 0 6.11904 -8.33407 6 0 0 0 -1 2.34151 0 0 -5.55574 2-4edge.dat
1 16 0 6.11904 -8.33407 6 0 0 0 -1 2.34151 0 0 -5.55574 2-4ering.dat
1 16 0 4.368 -9.3 9 0 0 0 .91721 4.34684 0 .50592 -7.88067 2-4cyli.dat
1 16 0 4.368 -9.3 9 0 0 0 1 4.34684 0 0 -7.88067 2-4edge.dat
4 16 10.0127 -9.568 -2.2374 3.0234 -28.9784 22.6391 -3.0234 -28.9784 22.6391 -10.0127 -9.568 -2.2374
4 16 7.9338 -6.3639 -6.3639 10.0127 -9.568 -2.2374 -10.0127 -9.568 -2.2374 -7.9338 -6.3639 -6.3639
4 16 8.6191 9.2795 -20 3.53924 -14.75977 -19.89606 -3.53924 -14.75977 -19.89606 -8.6191 9.2795 -20
4 16 8.897 9.6275 -18.8355 -8.897 9.6275 -18.8355 -9 4.368 -9.3 9 4.368 -9.3
4 16 9 9 20 -9 9 20 -9 -9.8434 20 9 -9.8434 20
2 24 -9 -9.8434 20 9 -9.8434 20
4 16 9 -9.8434 20 -9 -9.8434 20 -5.3759 -22.3512 29.3211 5.3759 -22.3512 29.3211
4 16 -7.9338 -6.3639 -6.3639 -4.30197 -16.1512 -13.00474 4.30197 -16.1512 -13.00474 7.9338 -6.3639 -6.3639
4 16 -3.0234 -28.9784 22.6391 3.0234 -28.9784 22.6391 2.7513 -29.7337 23.6491 -2.7513 -29.7337 23.6491
4 16 -2.7513 -29.7337 23.6491 2.7513 -29.7337 23.6491 2.5819 -30.2008 24.7851 -2.5819 -30.2008 24.7851
4 16 2.5223 -30.3599 26.0031 -2.5223 -30.3599 26.0031 -2.5819 -30.2008 24.7851 2.5819 -30.2008 24.7851
4 16 -2.5223 -30.3599 26.0031 2.5223 -30.3599 26.0031 2.577 -30.1994 27.2211 -2.577 -30.1994 27.2211
4 16 2.577 -30.1994 27.2211 2.7418 -29.7307 28.3571 -2.7418 -29.7307 28.3571 -2.577 -30.1994 27.2211
4 16 2.7418 -29.7307 28.3571 3.0061 -28.9849 29.3321 -3.0061 -28.9849 29.3321 -2.7418 -29.7307 28.3571
4 16 3.0061 -28.9849 29.3321 3.3522 -28.0114 30.0801 -3.3522 -28.0114 30.0801 -3.0061 -28.9849 29.3321
4 16 3.3522 -28.0114 30.0801 3.7558 -26.8786 30.5501 -3.7558 -26.8786 30.5501 -3.3522 -28.0114 30.0801
4 16 3.7558 -26.8786 30.5501 4.1897 -25.6629 30.7111 -4.1897 -25.6629 30.7111 -3.7558 -26.8786 30.5501
4 16 4.1897 -25.6629 30.7111 4.6253 -24.4446 30.5501 -4.6253 -24.4446 30.5501 -4.1897 -25.6629 30.7111
4 16 5.3759 -22.3512 29.3211 -5.3759 -22.3512 29.3211 -5.0306 -23.313 30.0802 5.0306 -23.313 30.0802
4 16 4.6253 -24.4446 30.5501 5.0306 -23.313 30.0802 -5.0306 -23.313 30.0802 -4.6253 -24.4446 30.5501
5 24 10.0127 -9.568 -2.2374 -10.0127 -9.568 -2.2374 3.0234 -28.9784 22.6391 -7.9338 -6.3639 -6.3639
5 24 3.0234 -28.9784 22.6391 -3.0234 -28.9784 22.6391 2.7513 -29.7337 23.6491 -10.0127 -9.568 -2.2374
5 24 2.7513 -29.7337 23.6491 -2.7513 -29.7337 23.6491 -3.0234 -28.9784 22.6391 2.5819 -30.2008 24.7851
5 24 -2.5819 -30.2008 24.7851 2.5819 -30.2008 24.7851 2.5223 -30.3599 26.0031 -2.7513 -29.7337 23.6491
5 24 -3.7558 -26.8786 30.5501 3.7558 -26.8786 30.5501 -3.3522 -28.0114 30.0801 4.1897 -25.6629 30.7111
5 24 -3.0061 -28.9849 29.3321 3.0061 -28.9849 29.3321 -2.7418 -29.7307 28.3571 3.3522 -28.0114 30.0801
5 24 -4.6253 -24.4446 30.5501 4.6253 -24.4446 30.5501 -4.1897 -25.6629 30.7111 5.0306 -23.313 30.0802
5 24 -2.5223 -30.3599 26.0031 2.5223 -30.3599 26.0031 2.577 -30.1994 27.2211 -2.5819 -30.2008 24.7851
5 24 2.7418 -29.7307 28.3571 -2.7418 -29.7307 28.3571 3.0061 -28.9849 29.3321 -2.577 -30.1994 27.2211
5 24 -3.3522 -28.0114 30.0801 3.3522 -28.0114 30.0801 -3.0061 -28.9849 29.3321 3.7558 -26.8786 30.5501
5 24 4.1897 -25.6629 30.7111 -4.1897 -25.6629 30.7111 4.6253 -24.4446 30.5501 -3.7558 -26.8786 30.5501
5 24 -5.3759 -22.3512 29.3211 5.3759 -22.3512 29.3211 -5.0306 -23.313 30.0802 9 -9.8434 20
5 24 5.0306 -23.313 30.0802 -5.0306 -23.313 30.0802 -4.6253 -24.4446 30.5501 5.3759 -22.3512 29.3211
5 24 -2.577 -30.1994 27.2211 2.577 -30.1994 27.2211 2.7418 -29.7307 28.3571 -2.5223 -30.3599 26.0031
2 24 7.9338 -6.3639 -6.3639 -7.9338 -6.3639 -6.3639
5 24 3.53924 -14.75977 -19.89606 -3.53924 -14.75977 -19.89606 5.38661 -16.1512 -19.62726 8.6191 9.2795 -20
5 24 4.30197 -16.1512 -13.00474 -4.30197 -16.1512 -13.00474 -7.9338 -6.3639 -6.3639 -5.38661 -17.31385 -13.78175
2 24 -2.2691 -14.63978 -11.97907 -2.456 -15.46984 -12.54227
2 24 -2.456 -15.46984 -12.54227 -2.29868 -16.16853 -13.01633
2 24 0 -13.30088 -11.07063 -.93991 -13.46593 -11.18262
2 24 -.93991 -13.46593 -11.18262 -1.73664 -13.93617 -11.50167
2 24 -2.2691 -14.63978 -11.97907 -1.73664 -13.93617 -11.50167
4 16 -8.897 9.6275 -18.8355 8.897 9.6275 -18.8355 8.6191 9.2795 -20 -8.6191 9.2795 -20
2 24 -8.6191 9.2795 -20 8.6191 9.2795 -20
2 24 8.897 9.6275 -18.8355 -8.897 9.6275 -18.8355
