0 Train Front  6 x 14 x  7.667
0 Name: 55768.dat
0 Author: Ulrich Röder [UR]
0 !LDRAW_ORG Unofficial_Part 
0 !LICENSE Redistributable under CCAL version 2.0 : see CAreadme.txt

0 !HELP Position: 1 2 0 80.21 -180.873 1 0 0 0 0 -1 0 1 0 2494.dat/27 Degrees
0 !HELP Position: 1 2 0 96 -198 1 0 0 0 1 0 0 0 1 2919.dat

0 BFC CERTIFY CCW

0 !KEYWORDS Set 7897, ICE

0 !HISTORY 2013-08-14 {LEGO Digital Designer} Original part shape
0 !HISTORY 2020-02-01 [UR] File preparation for LDraw Parts Tracker

0 // Main

1 16 0 2.5 0 1 0 0 0 -5.375 0 0 0 1 stud3.dat
1 16 0 0 0 1 0 0 0 1 0 0 0 1 s\55768s01.dat
1 16 0 0 0 -1 0 0 0 1 0 0 0 1 s\55768s01.dat
1 16 0 0 0 0 0 1 0 1 0 -1 0 0 stug-4x1.dat
4 16 12.5 83.55 -174.77 -12.5 83.55 -174.77 -12.5 80.23 -176.48 12.5 80.23 -176.48
3 16 -12.5 80.23 -176.48 -22 80.23 -176.48 -22 76.9 -178.19
4 16 -12.5 80.23 -176.48 -22 76.9 -178.19 22 76.9 -178.19 12.5 80.23 -176.48
3 16 22 76.9 -178.19 22 80.23 -176.48 12.5 80.23 -176.48
4 16 32.15 122.13 -246 -32.15 122.13 -246 -16 117.23 -240 16 117.23 -240
4 16 -12.5 87.48 -176.94 12.5 87.48 -176.94 12.5 81.94 -179.82 -12.5 81.94 -179.82
4 16 12.5 83.55 -174.77 12.5 86.23 -174.51 12.5 83.87 -173.76 12.5 83.21 -174.1
4 16 12.5 83.87 -173.76 -12.5 83.87 -173.76 -12.5 83.21 -174.1 12.5 83.21 -174.1
4 16 -12.5 83.55 -174.77 12.5 83.55 -174.77 12.5 83.21 -174.1 -12.5 83.21 -174.1
4 16 20 93.56 -204.8 18 93.56 -204.8 18 93.68 -202.48 20 93.68 -202.48
4 16 -20 93.56 -204.8 -20 93.68 -202.48 -18 93.68 -202.48 -18 93.56 -204.8
4 16 18 93.56 -204.8 -18 93.56 -204.8 -18 93.68 -202.48 18 93.68 -202.48
4 16 16 117.23 -240 -16 117.23 -240 -16.001 119.109 -238.034 16.001 119.109 -238.034
4 16 -40 24 -6 -38 2.5 -6 38 2.5 -6 40 24 -6
4 16 -31.25 28.77 -83.89 31.25 28.77 -83.89 34.3 14.87 -57.03 -34.3 14.87 -57.03
4 16 2 168 -266 -2 168 -266 -2 184 -250 2 184 -250
3 16 -12.5 87.48 -176.94 -12.5 81.94 -179.82 -12.5 80.23 -176.48
4 16 2 184 -250 -2 184 -250 -30.5 184 -246 30.5 184 -246
4 16 -40 24 -10 -40 24 -6 40 24 -6 40 24 -10
4 16 -12.5 83.87 -173.76 -12.5 86.23 -174.51 -12.5 83.55 -174.77 -12.5 83.21 -174.1
4 16 -18 36.58 -77.34 18 36.58 -77.34 18 31.064 -80.177 -18 31.064 -80.178
4 16 -8 35.81 -75.85 8 35.81 -75.85 18 36.58 -77.34 -18 36.58 -77.34
4 16 -16 115 -231.3 16 115 -231.3 16.001 119.109 -238.034 -16.001 119.109 -238.034
4 16 -22 88.65 -200.89 22 88.65 -200.89 22 76.9 -178.19 -22 76.9 -178.19
4 16 22 88.65 -200.89 -22 88.65 -200.89 -21 89.58 -202.69 21 89.58 -202.69
4 16 -12.5 87.48 -176.94 -12.5 80.23 -176.48 -12.5 83.55 -174.77 -12.5 86.23 -174.51
4 16 -25 143.92 -270 25 143.92 -270 25 136 -265.26 -25 136 -265.26
4 16 -38 94.75 -206.5 16 99.5 -206.5 -16 99.5 -206.5 -20 99 -206.5
4 16 -32.15 122.13 -246 32.15 122.13 -246 30.5 184 -246 -30.5 184 -246
4 16 18 93.56 -204.8 20 93.56 -204.8 38 94.75 -206.5 -38 94.75 -206.5
3 16 -38 94.75 -206.5 -18 93.56 -204.8 18 93.56 -204.8
3 16 -38 94.75 -206.5 -20 93.56 -204.8 -18 93.56 -204.8
3 16 12.5 81.94 -179.82 12.5 87.48 -176.94 12.5 80.23 -176.48
4 16 -12.5 80.23 -176.48 -18 93.68 -202.48 -20 93.68 -202.48 -22 80.23 -176.48
4 16 12.5 80.23 -176.48 22 80.23 -176.48 20 93.68 -202.48 18 93.68 -202.48
4 16 -12.5 80.23 -176.48 12.5 80.23 -176.48 18 93.68 -202.48 -18 93.68 -202.48
4 16 -40 24 10 40 24 10 40 24 6 -40 24 6
4 16 40.004 0 10 -40 0 10 -40 0 -10 40 0 -10
4 16 40.004 0 10 40 24 10 -40 24 10 -40 0 10
4 16 -8 35.81 -75.85 -8 30.294 -78.688 8 30.292 -78.686 8 35.81 -75.85
4 16 -38 2.5 -6 -38 2.5 6 38 2.5 6 38 2.5 -6
4 16 34.4 8.6 -38 -34.4 8.6 -38 -37 6.5 -34 37 6.5 -34
4 16 -38 2.5 -23.5 -38 2.5 -10 38 2.5 -10 38 2.5 -23.5
4 16 -37 6.5 -34 -38 2.5 -23.5 38 2.5 -23.5 37 6.5 -34
4 16 -38 94.75 -206.5 38 94.75 -206.5 20 99 -206.5 16 99.5 -206.5
4 16 -16 115 -231.3 -16 99.5 -206.5 16 99.5 -206.5 16 115 -231.3
4 16 -31.25 32.1 -82.18 31.25 32.1 -82.18 31.25 28.77 -83.89 -31.25 28.77 -83.89
4 16 12.5 83.55 -174.77 12.5 80.23 -176.48 12.5 87.48 -176.94 12.5 86.23 -174.51
4 16 -12.5 83.87 -173.76 12.5 83.87 -173.76 12.5 86.23 -174.51 -12.5 86.23 -174.51
4 16 -12.5 86.23 -174.51 12.5 86.23 -174.51 12.5 87.48 -176.94 -12.5 87.48 -176.94
4 16 -31.25 32.1 -82.18 -35.5 21.35 -61.4 35.5 21.35 -61.4 31.25 32.1 -82.18
4 16 -1.8 92.69 -210.39 1.8 92.69 -210.39 20.6 89.77 -205.79 -20.6 89.77 -205.79
4 16 -2 168 -266 2 168 -266 25 163.35 -270 -25 163.35 -270
4 16 25 127.8 -259.93 -25 127.8 -259.93 -25 136 -265.26 25 136 -265.26
4 16 19.5 89.89 -203.3 -19.5 89.89 -203.3 -20.6 89.77 -205.79 20.6 89.77 -205.79
4 16 -34.4 8.6 -38 34.4 8.6 -38 35.5 21.35 -61.4 -35.5 21.35 -61.4
4 16 -34.3 14.87 -57.03 34.3 14.87 -57.03 35 5.5 -40 -35 5.5 -40
4 16 25 143.92 -270 -25 143.92 -270 -25 163.35 -270 25 163.35 -270
4 16 -19.5 89.89 -203.3 19.5 89.89 -203.3 21 89.58 -202.69 -21 89.58 -202.69
4 16 -35 5.5 -40 35 5.5 -40 36.39 2.16 -32 -36.39 2.16 -32
4 16 40 0 -24 -40 0 -24 -37 1.17 -29 37 1.17 -29
4 16 37 1.17 -29 -37 1.17 -29 -36.39 2.16 -32 36.39 2.16 -32
4 16 1.8 112 -238.93 -1.8 112 -238.93 -25 127.8 -259.93 25 127.8 -259.93
4 16 38 2.5 -10 -38 2.5 -10 -40 24 -10 40 24 -10
4 16 38 2.5 6 -38 2.5 6 -40 24 6 40 24 6
4 16 40 0 -10 -40 0 -10 -40 0 -24 40 0 -24
4 16 -1.8 95.85 -208.38 -1.8 115.08 -236.76 1.8 115.08 -236.76 1.8 95.85 -208.38
4 16 -1.8 95.85 -208.38 1.8 95.85 -208.38 1.8 92.69 -210.39 -1.8 92.69 -210.39
4 16 -1.8 112 -238.93 1.8 112 -238.93 1.8 115.08 -236.76 -1.8 115.08 -236.76

0 // Edges

2 24 -12.5 83.21 -174.1 -12.5 83.55 -174.77
2 24 -12.5 86.23 -174.51 -12.5 87.48 -176.94
2 24 -40 24 10 40 24 10
2 24 -40 0 10 40.004 0 10
2 24 -12.5 87.48 -176.94 -12.5 81.94 -179.82
2 24 12.5 83.55 -174.77 -12.5 83.55 -174.77
2 24 -22 76.9 -178.19 22 76.9 -178.19
2 24 18 36.58 -77.34 -18 36.58 -77.34
2 24 -16 117.23 -240 16 117.23 -240
2 24 -12.5 83.87 -173.76 -12.5 83.21 -174.1
2 24 -8 35.81 -75.85 8 35.81 -75.85
2 24 8 30.292 -78.686 -8 30.294 -78.688
2 24 12.5 80.23 -176.48 22 80.23 -176.48
2 24 -12.5 80.23 -176.48 12.5 80.23 -176.48
2 24 -22 80.23 -176.48 -12.5 80.23 -176.48
2 24 40 24 -6 -40 24 -6
2 24 16.001 119.109 -238.034 16 117.23 -240
2 24 12.5 83.21 -174.1 12.5 83.55 -174.77
2 24 -31.25 32.1 -82.18 31.25 32.1 -82.18
2 24 -1.8 92.69 -210.39 1.8 92.69 -210.39
2 24 12.5 81.94 -179.82 12.5 87.48 -176.94
2 24 12.5 83.21 -174.1 -12.5 83.21 -174.1
2 24 12.5 87.48 -176.94 12.5 86.23 -174.51
2 24 -38 2.5 6 38 2.5 6
2 24 -31.25 28.77 -83.89 31.25 28.77 -83.89
2 24 -16.001 119.109 -238.034 16.001 119.109 -238.034
2 24 -2 184 -250 2 184 -250
2 24 -12.5 87.48 -176.94 12.5 87.48 -176.94
2 24 40 24 -10 -40 24 -10
2 24 -1.8 112 -238.93 1.8 112 -238.93
2 24 12.5 86.23 -174.51 12.5 83.87 -173.76
2 24 -30.5 184 -246 30.5 184 -246
2 24 -12.5 83.87 -173.76 -12.5 86.23 -174.51
2 24 40 24 6 -40 24 6
2 24 -12.5 83.55 -174.77 -12.5 80.23 -176.48
2 24 12.5 83.87 -173.76 12.5 83.21 -174.1
2 24 12.5 80.23 -176.48 12.5 83.55 -174.77
2 24 25 127.8 -259.93 -25 127.8 -259.93
2 24 25 143.92 -270 -25 143.92 -270
2 24 -12.5 81.94 -179.82 -12.5 80.23 -176.48
2 24 -12.5 81.94 -179.82 12.5 81.94 -179.82
2 24 12.5 81.94 -179.82 12.5 80.23 -176.48
2 24 16 99.5 -206.5 -16 99.5 -206.5
2 24 -16.001 119.109 -238.034 -16 117.23 -240
2 24 1.8 95.85 -208.38 -1.8 95.85 -208.38
2 24 -1.8 115.08 -236.76 1.8 115.08 -236.76
2 24 -20.6 89.77 -205.79 20.6 89.77 -205.79
2 24 -19.5 89.89 -203.3 19.5 89.89 -203.3
2 24 -38 2.5 -10 38 2.5 -10
2 24 -38 2.5 -6 38 2.5 -6

0 // Intersection Lines

2 24 -18 31.064 -80.178 18 31.064 -80.177
2 24 25 163.35 -270 -25 163.35 -270

0 // Condlines

5 24 40 0 -24 37 1.17 -29 -40 0 -24 40 1.88 -32.46
5 24 35.5 21.35 -61.4 -35.5 21.35 -61.4 31.25 32.1 -82.18 -34.4 8.6 -38
5 24 -34.4 8.6 -38 -37 6.5 -34 -37.82 8.06 -38.01 37 6.5 -34
5 24 -37 1.17 -29 37 1.17 -29 40 0 -24 -36.39 2.16 -32
5 24 -38 94.75 -206.5 -20 93.56 -204.8 -18 93.56 -204.8 -23.2 92.96 -203.83
5 24 34.4 8.6 -38 37 6.5 -34 37.82 8.06 -38.01 -34.4 8.6 -38
5 24 20 93.56 -204.8 18 93.56 -204.8 38 94.75 -206.5 18 93.68 -202.48
5 24 -25 127.8 -259.93 -25 136 -265.26 -28.15 127.54 -259.61 25 136 -265.26
5 24 34.3 14.87 -57.03 31.25 28.77 -83.89 32.218 28.861 -84.061 -34.3 14.87 -57.03
5 24 30.5 184 -246 32.15 122.13 -246 32.588 184 -245.863 -30.5 184 -246
5 24 -25 143.92 -270 -25 163.35 -270 25 163.35 -270 -30.86 163.44 -269.13
5 24 34.4 8.6 -38 -34.4 8.6 -38 35.5 21.35 -61.4 -37 6.5 -34
5 24 -20 93.68 -202.48 -18 93.68 -202.48 -22 80.23 -176.48 -18 93.56 -204.8
5 24 -37 6.5 -34 37 6.5 -34 -38 2.5 -23.5 34.4 8.6 -38
5 24 -22 76.9 -178.19 -22 88.65 -200.89 22 88.65 -200.89 -23.37 76.711 -177.818
5 24 -31.25 28.77 -83.89 -31.25 32.1 -82.18 31.25 32.1 -82.18 -32.218 32.186 -82.351
5 24 -40 0 -24 -37 1.17 -29 -40 1.88 -32.46 37 1.17 -29
5 24 -37 6.5 -34 -38 2.5 -23.5 38 2.5 -23.5 -38 5.5 -31.4
5 24 40 0 -24 -40 0 -24 -37 1.17 -29 40 0 -10
5 24 -22 80.23 -176.48 -22 76.9 -178.19 -12.5 80.23 -176.48 -23.37 76.711 -177.818
5 24 25 136 -265.26 25 143.92 -270 29.04 143.71 -269.59 -25 136 -265.26
5 24 19.5 89.89 -203.3 20.6 89.77 -205.79 22.68 89.36 -205.14 -19.5 89.89 -203.3
5 24 12.5 86.23 -174.51 -12.5 86.23 -174.51 -12.5 83.87 -173.76 12.5 87.48 -176.94
5 24 -21 89.58 -202.69 21 89.58 -202.69 22 88.65 -200.89 -19.5 89.89 -203.3
5 24 18 93.68 -202.48 20 93.68 -202.48 12.5 80.23 -176.48 20 93.56 -204.8
5 24 -30.5 184 -246 -32.15 122.13 -246 32.15 122.13 -246 -32.588 184 -245.863
5 24 37 6.5 -34 38 2.5 -23.5 -37 6.5 -34 38 5.5 -31.4
5 24 -16 115 -231.3 16 115 -231.3 16.001 119.109 -238.034 -16 99.5 -206.5
5 24 31.25 32.1 -82.18 35.5 21.35 -61.4 32.218 32.186 -82.351 -31.25 32.1 -82.18
5 24 -25 136 -265.26 -25 143.92 -270 25 143.92 -270 -29.04 143.71 -269.59
5 24 -18 93.56 -204.8 18 93.56 -204.8 -38 94.75 -206.5 -18 93.68 -202.48
5 24 34.3 14.87 -57.03 -34.3 14.87 -57.03 35 5.5 -40 -31.25 28.77 -83.89
5 24 -31.25 32.1 -82.18 -35.5 21.35 -61.4 35.5 21.35 -61.4 -32.218 32.186 -82.351
5 24 2 168 -266 -2 168 -266 -2 184 -250 25 163.35 -270
5 24 38 2.5 -23.5 -38 2.5 -23.5 -38 2.5 -10 37 6.5 -34
5 24 35.5 21.35 -61.4 34.4 8.6 -38 37.82 8.06 -38.01 -35.5 21.35 -61.4
5 24 25 127.8 -259.93 25 136 -265.26 28.15 127.54 -259.61 -25 127.8 -259.93
5 24 38 94.75 -206.5 20 93.56 -204.8 -38 94.75 -206.5 23.2 92.96 -203.83
5 24 25 136 -265.26 -25 136 -265.26 25 127.8 -259.93 -25 143.92 -270
5 24 36.39 2.16 -32 -36.39 2.16 -32 -35 5.5 -40 37 1.17 -29
5 24 -20 93.56 -204.8 -18 93.56 -204.8 -38 94.75 -206.5 -20 93.68 -202.48
5 24 35 5.5 -40 -35 5.5 -40 36.39 2.16 -32 -34.3 14.87 -57.03
5 24 31.25 28.77 -83.89 31.25 32.1 -82.18 -31.25 28.77 -83.89 32.218 32.186 -82.351
5 24 32.15 122.13 -246 16 117.23 -240 16 115.77 -237.73 -32.15 122.13 -246
5 24 -19.5 89.89 -203.3 -20.6 89.77 -205.79 20.6 89.77 -205.79 -22.68 89.36 -205.14
5 24 -34.3 14.87 -57.03 -31.25 28.77 -83.89 -32.218 28.861 -84.061 31.25 28.77 -83.89
5 24 22 76.9 -178.19 22 80.23 -176.48 12.5 80.23 -176.48 23.37 76.711 -177.818
5 24 32.15 122.13 -246 -32.15 122.13 -246 30.5 184 -246 -16 117.23 -240
5 24 -18 93.68 -202.48 18 93.68 -202.48 -12.5 80.23 -176.48 18 93.56 -204.8
5 24 38 94.75 -206.5 -38 94.75 -206.5 18 93.56 -204.8 20 99 -206.5
5 24 12.5 83.87 -173.76 -12.5 83.87 -173.76 -12.5 83.21 -174.1 12.5 86.23 -174.51
5 24 22 76.9 -178.19 22 88.65 -200.89 -22 76.9 -178.19 23.37 76.711 -177.818
5 24 -35.5 21.35 -61.4 -34.4 8.6 -38 -37.82 8.06 -38.01 34.4 8.6 -38
5 24 25 143.92 -270 25 163.35 -270 -25 143.92 -270 30.86 163.44 -269.13
5 24 -32.15 122.13 -246 -16 117.23 -240 16 117.23 -240 -16 115.77 -237.73
