0 Glass for Window  1 x  4 x  6 with White Lattice, Magenta Hearts and Medium Lavender and Magenta Stylized Flower Pattern
0 Name: 57895p07.dat
0 Author: J.C. Tchang [tchang]
0 !LDRAW_ORG Unofficial_Part 
0 !LICENSE Redistributable under CCAL version 2.0 : see CAreadme.txt

0 BFC CERTIFY CCW

0 !KEYWORDS Friends, BrickLink 57895pb039

0 !CMDLINE -c47

0 !HISTORY 2018-06-16 [tchang] New part

1 16 0 0 0 1 0 0 0 1 0 0 0 1 s\57895s01.dat

0 BFC NOCLIP

4 15 13.1665 5.06311 -2 17.2029 6.87517 -2 18.125 5.42116 -2 13.8723 3.51198 -2
4 15 8.90485 3.74618 -2 13.1665 5.06311 -2 13.8723 3.51198 -2 9.38219 2.12445 -2
4 15 4.49085 2.9469 -2 8.90485 3.74618 -2 9.38219 2.12445 -2 4.73157 1.28232 -2
4 15 4.73157 1.28232 -2 0 1 -2 0 2.67894 -2 0.79841 2.72658 -2
4 15 9.69511 12.3277 -2 12.2108 13.4764 -2 13.7311 12.3494 -2 13.003 12.0396 -2
4 15 6.55707 11.3414 -2 10.3325 10.903 -2 6.98811 9.85185 -2 3.30682 10.7428 -2
4 15 3.30682 10.7428 -2 6.98811 9.85185 -2 3.52421 9.21388 -2 0.8 10.591 -2
4 15 0 10.5421 -2 0.8 10.591 -2 3.52421 9.21388 -2 0.80311 9.04874 -2
4 15 0.8 10.591 -2 0 10.5421 -2 0 14 -2 0.8 12.4 -2
4 15 0.8 12.4 -2 0 14 -2 1.6 13 -2 1.4 12.2 -2
4 15 1.4 12.2 -2 1.6 13 -2 2.14587 12.8392 -2 2.10212 12.0622 -2
4 15 2.10212 12.0622 -2 2.14587 12.8392 -2 2.70981 12.8454 -2 2.81953 12.1077 -2
4 15 2.81953 12.1077 -2 2.70981 12.8454 -2 3.24381 13.032 -2 3.50056 12.3205 -2
4 15 4.09789 12.7266 -2 3.50056 12.3205 -2 3.24381 13.032 -2 3.65864 13.4192 -2
4 15 4.43151 13.0978 -2 4.09789 12.7266 -2 3.65864 13.4192 -2 3.89727 13.8272 -2
4 15 4.78875 13.9725 -2 4.43151 13.0978 -2 3.89727 13.8272 -2 4.05 14.25 -2
4 15 4.89759 14.6815 -2 4.78875 13.9725 -2 4.05 14.25 -2 4.05 14.6 -2
4 15 4.89759 14.6815 -2 4.05 14.6 -2 3.87965 15.1525 -2 4.8 15.4 -2
4 15 4.58998 16.0174 -2 4.8 15.4 -2 3.87965 15.1525 -2 3.54832 15.7659 -2
4 15 4.13898 16.7777 -2 4.58998 16.0174 -2 3.54832 15.7659 -2 3.16933 16.3422 -2
4 15 3.61706 17.4879 -2 4.13898 16.7777 -2 3.16933 16.3422 -2 2.74351 16.8936 -2
4 15 3.02969 18.1465 -2 3.61706 17.4879 -2 2.74351 16.8936 -2 2.27447 17.413 -2
4 15 2.38179 18.7334 -2 3.02969 18.1465 -2 2.27447 17.413 -2 1.76444 17.8922 -2
4 15 1.66291 19.2316 -2 2.38179 18.7334 -2 1.76444 17.8922 -2 1.22276 18.3169 -2
4 15 0.8 19.7047 -2 1.66291 19.2316 -2 1.22276 18.3169 -2 0.62897 18.6935 -2
4 15 0.8 19.7047 -2 0.62897 18.6935 -2 0 19 -2 0 23.8 -2
4 15 1.35945 29.75 -2 1.3 31.2 -2 2.2 29.6 -2 2.12198 28.4488 -2
4 15 1.33903 28.3543 -2 1.35945 29.75 -2 2.12198 28.4488 -2 2.03873 27.2738 -2
4 15 1.23307 27.0415 -2 1.33903 28.3543 -2 2.03873 27.2738 -2 1.8416 26.1024 -2
4 15 0.99669 25.7523 -2 1.23307 27.0415 -2 1.8416 26.1024 -2 1.51641 24.9702 -2
4 15 0.52604 24.5228 -2 0.99669 25.7523 -2 1.51641 24.9702 -2 1.03752 23.8779 -2
4 15 0 23.8 -2 0.52604 24.5228 -2 1.03752 23.8779 -2 0.5 23 -2
4 15 0.8 19.7047 -2 0 23.8 -2 0.5 23 -2 0.8 21.6 -2
4 15 0.8 21.6 -2 0.5 23 -2 1.76884 21.4922 -2 2.2919 20.2035 -2
4 15 2.2919 20.2035 -2 1.76884 21.4922 -2 3.10722 20.2886 -2 3.71982 19.143 -2
4 15 3.71982 19.143 -2 3.10722 20.2886 -2 4.60945 19.2728 -2 4.30343 18.8059 -2
4 15 5.25045 18.259 -2 4.60945 19.2728 -2 6.2325 18.4768 -2 6.88403 17.5678 -2
4 15 6.88403 17.5678 -2 6.2325 18.4768 -2 7.94813 17.9104 -2 8.6052 17.0975 -2
4 15 8.6052 17.0975 -2 7.94813 17.9104 -2 9.6 17.6 -2 10.1 16.9 -2
4 15 12.83 13.77 -2 13.7311 12.3494 -2 12.2108 13.4764 -2 10.1 16.9 -2
4 15 10.185 17.94 -2 12.83 13.77 -2 10.1 16.9 -2 9.6 17.6 -2
4 15 10.185 17.94 -2 9.6 17.6 -2 2.2 29.6 -2 1.59 31.492 -2
4 15 1.59 31.492 -2 2.2 29.6 -2 1.3 31.2 -2 0.84194 32.337 -2
4 15 10.3325 10.903 -2 8.3941 11.9188 -2 9.69511 12.3277 -2 13.003 12.0396 -2
3 15 10.3325 10.903 -2 6.55707 11.3414 -2 7.18757 11.5396 -2
3 15 10.3325 10.903 -2 7.18757 11.5396 -2 8.3941 11.9188 -2
4 15 4.78875 13.9725 -2 8.3941 11.9188 -2 7.18757 11.5396 -2 4.43151 13.0978 -2
4 15 4.30343 18.8059 -2 4.60945 19.2728 -2 5.25045 18.259 -2 3.61706 17.4879 -2
3 15 3.61706 17.4879 -2 3.02969 18.1465 -2 4.30343 18.8059 -2
3 15 4.73157 1.28232 -2 0.79841 2.72658 -2 4.49085 2.9469 -2
4 15 0 10.5421 -2 0.80311 9.04874 -2 0 9 -2 -0.80311 9.04874 -2
4 15 0 2.67894 -2 0 9 -2 0.80311 9.04874 -2 0.79841 2.72658 -2
4 15 -18.125 5.42116 -2 -17.2029 6.87517 -2 -13.1665 5.06311 -2 -13.8723 3.51198 -2
4 15 -13.8723 3.51198 -2 -13.1665 5.06311 -2 -8.90485 3.74618 -2 -9.38219 2.12445 -2
4 15 -9.38219 2.12445 -2 -8.90485 3.74618 -2 -4.49085 2.9469 -2 -4.73157 1.28232 -2
4 15 0 2.67894 -2 0 1 -2 -4.73157 1.28232 -2 -0.79841 2.72658 -2
4 15 -13.7311 12.3494 -2 -12.2108 13.4764 -2 -9.69511 12.3277 -2 -13.003 12.0396 -2
4 15 -6.98811 9.85185 -2 -10.3325 10.903 -2 -6.55707 11.3414 -2 -3.30682 10.7428 -2
4 15 -3.52421 9.21388 -2 -6.98811 9.85185 -2 -3.30682 10.7428 -2 -0.8 10.591 -2
4 15 -3.52421 9.21388 -2 -0.8 10.591 -2 0 10.5421 -2 -0.80311 9.04874 -2
4 15 0 14 -2 0 10.5421 -2 -0.8 10.591 -2 -0.8 12.4 -2
4 15 -1.6 13 -2 0 14 -2 -0.8 12.4 -2 -1.4 12.2 -2
4 15 -2.14587 12.8392 -2 -1.6 13 -2 -1.4 12.2 -2 -2.10212 12.0622 -2
4 15 -2.70981 12.8454 -2 -2.14587 12.8392 -2 -2.10212 12.0622 -2 -2.81953 12.1077 -2
4 15 -3.24381 13.032 -2 -2.70981 12.8454 -2 -2.81953 12.1077 -2 -3.50056 12.3205 -2
4 15 -3.24381 13.032 -2 -3.50056 12.3205 -2 -4.09789 12.7266 -2 -3.65864 13.4192 -2
4 15 -3.65864 13.4192 -2 -4.09789 12.7266 -2 -4.43151 13.0978 -2 -3.89727 13.8272 -2
4 15 -3.89727 13.8272 -2 -4.43151 13.0978 -2 -4.78875 13.9725 -2 -4.05 14.25 -2
4 15 -4.05 14.25 -2 -4.78875 13.9725 -2 -4.89759 14.6815 -2 -4.05 14.6 -2
4 15 -3.87965 15.1525 -2 -4.05 14.6 -2 -4.89759 14.6815 -2 -4.8 15.4 -2
4 15 -3.87965 15.1525 -2 -4.8 15.4 -2 -4.58998 16.0174 -2 -3.54832 15.7659 -2
4 15 -3.54832 15.7659 -2 -4.58998 16.0174 -2 -4.13898 16.7777 -2 -3.16933 16.3422 -2
4 15 -3.16933 16.3422 -2 -4.13898 16.7777 -2 -3.61706 17.4879 -2 -2.74351 16.8936 -2
4 15 -2.74351 16.8936 -2 -3.61706 17.4879 -2 -3.02969 18.1465 -2 -2.27447 17.413 -2
4 15 -2.27447 17.413 -2 -3.02969 18.1465 -2 -2.38179 18.7334 -2 -1.76444 17.8922 -2
4 15 -1.76444 17.8922 -2 -2.38179 18.7334 -2 -1.66291 19.2316 -2 -1.22276 18.3169 -2
4 15 -1.22276 18.3169 -2 -1.66291 19.2316 -2 -0.8 19.7047 -2 -0.62897 18.6935 -2
4 15 0 19 -2 -0.62897 18.6935 -2 -0.8 19.7047 -2 0 23.8 -2
4 15 -2.2 29.6 -2 -1.3 31.2 -2 -1.35945 29.75 -2 -2.12198 28.4488 -2
4 15 -2.12198 28.4488 -2 -1.35945 29.75 -2 -1.33903 28.3543 -2 -2.03873 27.2738 -2
4 15 -2.03873 27.2738 -2 -1.33903 28.3543 -2 -1.23307 27.0415 -2 -1.8416 26.1024 -2
4 15 -1.8416 26.1024 -2 -1.23307 27.0415 -2 -0.99669 25.7523 -2 -1.51641 24.9702 -2
4 15 -1.51641 24.9702 -2 -0.99669 25.7523 -2 -0.52604 24.5228 -2 -1.03752 23.8779 -2
4 15 -1.03752 23.8779 -2 -0.52604 24.5228 -2 0 23.8 -2 -0.5 23 -2
4 15 -0.5 23 -2 0 23.8 -2 -0.8 19.7047 -2 -0.8 21.6 -2
4 15 -1.76884 21.4922 -2 -0.5 23 -2 -0.8 21.6 -2 -2.2919 20.2035 -2
4 15 -3.10722 20.2886 -2 -1.76884 21.4922 -2 -2.2919 20.2035 -2 -3.71982 19.143 -2
4 15 -4.60945 19.2728 -2 -3.10722 20.2886 -2 -3.71982 19.143 -2 -4.30343 18.8059 -2
4 15 -6.2325 18.4768 -2 -4.60945 19.2728 -2 -5.25045 18.259 -2 -6.88403 17.5678 -2
4 15 -7.94813 17.9104 -2 -6.2325 18.4768 -2 -6.88403 17.5678 -2 -8.6052 17.0975 -2
4 15 -9.6 17.6 -2 -7.94813 17.9104 -2 -8.6052 17.0975 -2 -10.1 16.9 -2
4 15 -12.2108 13.4764 -2 -13.7311 12.3494 -2 -12.83 13.77 -2 -10.1 16.9 -2
4 15 -10.1 16.9 -2 -12.83 13.77 -2 -10.185 17.94 -2 -9.6 17.6 -2
4 15 -2.2 29.6 -2 -9.6 17.6 -2 -10.185 17.94 -2 -1.59 31.492 -2
4 15 -1.3 31.2 -2 -2.2 29.6 -2 -1.59 31.492 -2 -0.84194 32.337 -2
4 15 -9.69511 12.3277 -2 -8.3941 11.9188 -2 -10.3325 10.903 -2 -13.003 12.0396 -2
3 15 -10.3325 10.903 -2 -7.18757 11.5396 -2 -6.55707 11.3414 -2
3 15 -10.3325 10.903 -2 -8.3941 11.9188 -2 -7.18757 11.5396 -2
4 15 -7.18757 11.5396 -2 -8.3941 11.9188 -2 -4.78875 13.9725 -2 -4.43151 13.0978 -2
4 15 -5.25045 18.259 -2 -4.60945 19.2728 -2 -4.30343 18.8059 -2 -3.61706 17.4879 -2
3 15 -3.61706 17.4879 -2 -4.30343 18.8059 -2 -3.02969 18.1465 -2
3 15 -4.73157 1.28232 -2 -4.49085 2.9469 -2 -0.79841 2.72658 -2
4 15 -0.80311 9.04874 -2 0 9 -2 0 2.67894 -2 -0.79841 2.72658 -2
4 15 17.2029 6.87517 -2 13.7311 12.3494 -2 14.3918 12.7697 -2 17.8681 7.27984 -2
4 15 13.003 12.0396 -2 13.7311 12.3494 -2 17.2029 6.87517 -2 16.4852 6.55301 -2
4 15 -17.2029 6.87517 -2 -13.7311 12.3494 -2 -13.003 12.0396 -2 -16.4852 6.55301 -2
4 15 -14.3918 12.7697 -2 -13.7311 12.3494 -2 -17.2029 6.87517 -2 -17.8681 7.27984 -2
4 15 34.1114 29.9118 -2 34.4057 34 -2 36.25 34 -2 35.9399 29.6927 -2
4 15 33.2334 25.8935 -2 34.1114 29.9118 -2 35.9399 29.6927 -2 35.0148 25.459 -2
4 15 31.7867 22.014 -2 33.2334 25.8935 -2 35.0148 25.459 -2 33.4906 21.3714 -2
4 15 33.4906 21.3714 -2 31.3934 17.5 -2 29.7962 18.3395 -2 30.1501 18.9927 -2
4 15 27.3466 34 -2 27.1388 30.5975 -2 25.4648 30.8073 -2 25.6298 33.365 -2
4 15 24.834 27.8402 -2 27.1388 30.5975 -2 26.4666 27.4352 -2 23.7784 24.9784 -2
4 15 23.7784 24.9784 -2 26.4666 27.4352 -2 25.3415 24.3854 -2 22.6694 22.9262 -2
4 15 22.3159 22.271 -2 22.6694 22.9262 -2 25.3415 24.3854 -2 24.1381 22.1575 -2
4 15 22.6694 22.9262 -2 22.3159 22.271 -2 19.0263 24 -2 20.9484 23.8307 -2
4 15 20.9484 23.8307 -2 19.0263 24 -2 20.7776 24.7614 -2 21.4387 24.2037 -2
4 15 21.4387 24.2037 -2 20.7776 24.7614 -2 21.2035 25.1114 -2 21.9208 24.6884 -2
4 15 21.9208 24.6884 -2 21.2035 25.1114 -2 21.4796 25.5591 -2 22.2363 25.2767 -2
4 15 22.2363 25.2767 -2 21.4796 25.5591 -2 21.5691 26.0734 -2 22.3743 25.92 -2
4 15 22.2867 26.594 -2 22.3743 25.92 -2 21.5691 26.0734 -2 21.4082 26.594 -2
4 15 22.1003 27.0426 -2 22.2867 26.594 -2 21.4082 26.594 -2 21.1393 26.9861 -2
4 15 21.4469 27.7616 -2 22.1003 27.0426 -2 21.1393 26.9861 -2 20.8135 27.3179 -2
4 15 20.8268 28.2019 -2 21.4469 27.7616 -2 20.8135 27.3179 -2 20.4805 27.4929 -2
4 15 20.8268 28.2019 -2 20.4805 27.4929 -2 19.8697 27.6349 -2 20.0945 28.4842 -2
4 15 19.4021 28.6274 -2 20.0945 28.4842 -2 19.8697 27.6349 -2 19.1205 27.6804 -2
4 15 18.4533 28.6519 -2 19.4021 28.6274 -2 19.1205 27.6804 -2 18.3828 27.6697 -2
4 15 17.5168 28.5956 -2 18.4533 28.6519 -2 18.3828 27.6697 -2 17.6453 27.6097 -2
4 15 16.5965 28.4618 -2 17.5168 28.5956 -2 17.6453 27.6097 -2 16.9167 27.4997 -2
4 15 15.7143 28.2445 -2 16.5965 28.4618 -2 16.9167 27.4997 -2 16.2058 27.3372 -2
4 15 14.8809 27.9268 -2 15.7143 28.2445 -2 16.2058 27.3372 -2 15.531 27.1225 -2
4 15 13.9993 27.4831 -2 14.8809 27.9268 -2 15.531 27.1225 -2 14.8758 26.8426 -2
4 15 13.9993 27.4831 -2 14.8758 26.8426 -2 14.2697 26.5 -2 9.70342 28.9 -2
4 15 4.72282 32.9468 -2 3.31368 33.6249 -2 5.28579 33.5344 -2 6.34193 32.8973 -2
4 15 6.04036 32.2328 -2 4.72282 32.9468 -2 6.34193 32.8973 -2 7.41811 32.2442 -2
4 15 7.23627 31.4929 -2 6.04036 32.2328 -2 7.41811 32.2442 -2 8.43391 31.5031 -2
4 15 8.34451 30.6619 -2 7.23627 31.4929 -2 8.43391 31.5031 -2 9.3484 30.6806 -2
4 15 9.27883 29.6761 -2 8.34451 30.6619 -2 9.3484 30.6806 -2 10.1481 29.7569 -2
4 15 9.70342 28.9 -2 9.27883 29.6761 -2 10.1481 29.7569 -2 10.7145 28.8942 -2
4 15 13.9993 27.4831 -2 9.70342 28.9 -2 10.7145 28.8942 -2 12.1963 28.4307 -2
4 15 12.1963 28.4307 -2 10.7145 28.8942 -2 12.7833 29.1406 -2 14.2708 28.9086 -2
4 15 14.2708 28.9086 -2 12.7833 29.1406 -2 14.5975 29.594 -2 15.9936 29.5041 -2
4 15 15.9936 29.5041 -2 14.5975 29.594 -2 16.3149 30.2704 -2 16.6061 29.7957 -2
4 15 17.5999 30.2689 -2 16.3149 30.2704 -2 17.8837 31.152 -2 19.0742 31.2111 -2
4 15 19.0742 31.2111 -2 17.8837 31.152 -2 19.2804 32.2214 -2 20.3822 32.3329 -2
4 15 20.3822 32.3329 -2 19.2804 32.2214 -2 20.4016 33.3685 -2 21.3175 33.4127 -2
4 15 27.3466 34 -2 25.6298 33.365 -2 25.65 34 -2 27.3466 37.5 -2
4 15 4.3811 34 -2 5.28579 33.5344 -2 3.31368 33.6249 -2 2.2 34 -2
3 15 25.2032 29.5772 -2 25.4648 30.8073 -2 27.1388 30.5975 -2
3 15 24.834 27.8402 -2 24.9607 28.4363 -2 27.1388 30.5975 -2
3 15 24.9607 28.4363 -2 25.2032 29.5772 -2 27.1388 30.5975 -2
4 15 21.4469 27.7616 -2 25.2032 29.5772 -2 24.9607 28.4363 -2 22.1003 27.0426 -2
4 15 16.6061 29.7957 -2 16.3149 30.2704 -2 17.5999 30.2689 -2 17.5168 28.5956 -2
3 15 16.5965 28.4618 -2 16.6061 29.7957 -2 17.5168 28.5956 -2
3 15 30.1501 18.9927 -2 31.7867 22.014 -2 33.4906 21.3714 -2
4 15 22.3159 22.271 -2 24.1381 22.1575 -2 23.7829 21.5 -2 23.335 20.8912 -2
4 15 29.7962 18.3395 -2 23.7829 21.5 -2 24.1381 22.1575 -2 30.1501 18.9927 -2
4 15 18.125 5.42116 -2 17.2029 6.87517 -2 20.9449 9.15133 -2 22.0676 7.81932 -2
4 15 22.0676 7.81932 -2 20.9449 9.15133 -2 24.3285 11.8527 -2 25.6326 10.6655 -2
4 15 25.6326 10.6655 -2 24.3285 11.8527 -2 27.2959 14.9329 -2 28.7591 13.9109 -2
4 15 29.7962 18.3395 -2 31.3934 17.5 -2 28.7591 13.9109 -2 29.3517 17.7338 -2
4 15 13.7311 12.3494 -2 13.419 14.1114 -2 15.7696 15.5204 -2 14.3918 12.7697 -2
4 15 19.4785 16.4166 -2 16.8063 14.3055 -2 18.2769 17.5012 -2 20.4715 19.7644 -2
4 15 21.8173 18.8285 -2 19.4785 16.4166 -2 20.4715 19.7644 -2 21.8694 21.6648 -2
4 15 21.8173 18.8285 -2 21.8694 21.6648 -2 22.3159 22.271 -2 23.335 20.8912 -2
4 15 19.0263 24 -2 22.3159 22.271 -2 21.8694 21.6648 -2 20.1484 22.5693 -2
4 15 19.1776 22.2386 -2 19.0263 24 -2 20.1484 22.5693 -2 20.0387 21.9963 -2
4 15 19.0577 21.7278 -2 19.1776 22.2386 -2 20.0387 21.9963 -2 19.8187 21.3738 -2
4 15 18.7698 21.2863 -2 19.0577 21.7278 -2 19.8187 21.3738 -2 19.4167 20.831 -2
4 15 18.3253 20.9586 -2 18.7698 21.2863 -2 19.4167 20.831 -2 18.8738 20.4005 -2
4 15 18.3253 20.9586 -2 18.8738 20.4005 -2 18.1888 20.1326 -2 17.7495 20.8252 -2
4 15 17.7495 20.8252 -2 18.1888 20.1326 -2 17.6688 20.0552 -2 17.2421 20.8411 -2
4 15 17.2421 20.8411 -2 17.6688 20.0552 -2 16.6581 20.2109 -2 16.7635 20.9321 -2
4 15 16.7635 20.9321 -2 16.6581 20.2109 -2 15.9292 20.4796 -2 16.4305 21.1071 -2
4 15 15.9901 21.5176 -2 16.4305 21.1071 -2 15.9292 20.4796 -2 15.2945 20.9158 -2
4 15 15.9901 21.5176 -2 15.2945 20.9158 -2 14.8121 21.39 -2 15.5722 22.0855 -2
4 15 15.5722 22.0855 -2 14.8121 21.39 -2 14.3144 22.1258 -2 15.2135 22.6725 -2
4 15 15.2135 22.6725 -2 14.3144 22.1258 -2 13.8997 22.8923 -2 14.9018 23.2839 -2
4 15 14.9018 23.2839 -2 13.8997 22.8923 -2 13.5668 23.6847 -2 14.6422 23.9133 -2
4 15 14.6422 23.9133 -2 13.5668 23.6847 -2 13.3325 24.4889 -2 14.4414 24.555 -2
4 15 14.4414 24.555 -2 13.3325 24.4889 -2 13.218 25.3048 -2 14.3082 25.1944 -2
4 15 14.3082 25.1944 -2 13.218 25.3048 -2 13.1993 26.2216 -2 14.2468 25.8509 -2
4 15 14.2697 26.5 -2 14.2468 25.8509 -2 13.1993 26.2216 -2 9.70342 28.9 -2
4 15 3.08579 30.0656 -2 2.01368 31.5751 -2 3.36337 30.8032 -2 4.21995 29.5515 -2
4 15 4.21995 29.5515 -2 3.36337 30.8032 -2 4.70133 30.1215 -2 5.37938 29.0296 -2
4 15 5.37938 29.0296 -2 4.70133 30.1215 -2 6.0032 29.5486 -2 6.59231 28.5993 -2
4 15 6.59231 28.5993 -2 6.0032 29.5486 -2 7.34782 29.0904 -2 7.83199 28.2896 -2
4 15 7.83199 28.2896 -2 7.34782 29.0904 -2 8.75279 28.8467 -2 9.11055 28.121 -2
4 15 9.11055 28.121 -2 8.75279 28.8467 -2 9.70342 28.9 -2 10.2145 28.1058 -2
4 15 10.2145 28.1058 -2 9.70342 28.9 -2 13.1993 26.2216 -2 11.3963 27.1693 -2
4 15 11.0144 26.3516 -2 10.2145 28.1058 -2 11.3963 27.1693 -2 11.9789 25.2949 -2
4 15 11.4903 24.6946 -2 11.0144 26.3516 -2 11.9789 25.2949 -2 12.2738 23.6389 -2
4 15 11.7055 23.0024 -2 11.4903 24.6946 -2 12.2738 23.6389 -2 12.3027 23.0102 -2
4 15 11.6512 21.3248 -2 11.7055 23.0024 -2 12.3494 21.9901 -2 12.1902 20.3567 -2
4 15 11.3322 19.689 -2 11.6512 21.3248 -2 12.1902 20.3567 -2 11.777 18.7646 -2
4 15 10.8016 18.2315 -2 11.3322 19.689 -2 11.777 18.7646 -2 11.2175 17.4873 -2
4 15 13.419 14.1114 -2 13.7311 12.3494 -2 12.83 13.77 -2 11.2175 17.4873 -2
4 15 11.2175 17.4873 -2 12.83 13.77 -2 10.185 17.94 -2 10.8016 18.2315 -2
4 15 3.08579 30.0656 -2 10.8016 18.2315 -2 10.185 17.94 -2 1.59 31.492 -2
3 15 3.08579 30.0656 -2 1.59 31.492 -2 2.01368 31.5751 -2
4 15 15.7696 15.5204 -2 16.8091 16.3416 -2 16.8063 14.3055 -2 14.3918 12.7697 -2
3 15 16.8063 14.3055 -2 17.7731 17.1033 -2 18.2769 17.5012 -2
3 15 16.8063 14.3055 -2 16.8091 16.3416 -2 17.7731 17.1033 -2
4 15 17.7731 17.1033 -2 16.8091 16.3416 -2 16.6581 20.2109 -2 17.6688 20.0552 -2
4 15 12.3494 21.9901 -2 11.7055 23.0024 -2 12.3027 23.0102 -2 13.8997 22.8923 -2
3 15 13.8997 22.8923 -2 12.3027 23.0102 -2 13.5668 23.6847 -2
3 15 28.7591 13.9109 -2 27.2959 14.9329 -2 29.3517 17.7338 -2
4 15 23.335 20.8912 -2 23.7829 21.5 -2 29.7962 18.3395 -2 29.3517 17.7338 -2
4 15 -20.9449 9.15133 -2 -17.2029 6.87517 -2 -18.125 5.42116 -2 -22.0676 7.81932 -2
4 15 -24.3285 11.8527 -2 -20.9449 9.15133 -2 -22.0676 7.81932 -2 -25.6326 10.6655 -2
4 15 -27.2959 14.9329 -2 -24.3285 11.8527 -2 -25.6326 10.6655 -2 -28.7591 13.9109 -2
4 15 -28.7591 13.9109 -2 -31.3934 17.5 -2 -29.7962 18.3395 -2 -29.3517 17.7338 -2
4 15 -15.7696 15.5204 -2 -13.419 14.1114 -2 -13.7311 12.3494 -2 -14.3918 12.7697 -2
4 15 -18.2769 17.5012 -2 -16.8063 14.3055 -2 -19.4785 16.4166 -2 -20.4715 19.7644 -2
4 15 -20.4715 19.7644 -2 -19.4785 16.4166 -2 -21.8173 18.8285 -2 -21.8694 21.6648 -2
4 15 -22.3159 22.271 -2 -21.8694 21.6648 -2 -21.8173 18.8285 -2 -23.335 20.8912 -2
4 15 -21.8694 21.6648 -2 -22.3159 22.271 -2 -19.0263 24 -2 -20.1484 22.5693 -2
4 15 -20.1484 22.5693 -2 -19.0263 24 -2 -19.1776 22.2386 -2 -20.0387 21.9963 -2
4 15 -20.0387 21.9963 -2 -19.1776 22.2386 -2 -19.0577 21.7278 -2 -19.8187 21.3738 -2
4 15 -19.8187 21.3738 -2 -19.0577 21.7278 -2 -18.7698 21.2863 -2 -19.4167 20.831 -2
4 15 -19.4167 20.831 -2 -18.7698 21.2863 -2 -18.3253 20.9586 -2 -18.8738 20.4005 -2
4 15 -18.1888 20.1326 -2 -18.8738 20.4005 -2 -18.3253 20.9586 -2 -17.7495 20.8252 -2
4 15 -17.6688 20.0552 -2 -18.1888 20.1326 -2 -17.7495 20.8252 -2 -17.2421 20.8411 -2
4 15 -16.6581 20.2109 -2 -17.6688 20.0552 -2 -17.2421 20.8411 -2 -16.7635 20.9321 -2
4 15 -15.9292 20.4796 -2 -16.6581 20.2109 -2 -16.7635 20.9321 -2 -16.4305 21.1071 -2
4 15 -15.9292 20.4796 -2 -16.4305 21.1071 -2 -15.9901 21.5176 -2 -15.2945 20.9158 -2
4 15 -14.8121 21.39 -2 -15.2945 20.9158 -2 -15.9901 21.5176 -2 -15.5722 22.0855 -2
4 15 -14.3144 22.1258 -2 -14.8121 21.39 -2 -15.5722 22.0855 -2 -15.2135 22.6725 -2
4 15 -13.8997 22.8923 -2 -14.3144 22.1258 -2 -15.2135 22.6725 -2 -14.9018 23.2839 -2
4 15 -13.5668 23.6847 -2 -13.8997 22.8923 -2 -14.9018 23.2839 -2 -14.6422 23.9133 -2
4 15 -13.3325 24.4889 -2 -13.5668 23.6847 -2 -14.6422 23.9133 -2 -14.4414 24.555 -2
4 15 -13.218 25.3048 -2 -13.3325 24.4889 -2 -14.4414 24.555 -2 -14.3082 25.1944 -2
4 15 -13.1993 26.2216 -2 -13.218 25.3048 -2 -14.3082 25.1944 -2 -14.2468 25.8509 -2
4 15 -13.1993 26.2216 -2 -14.2468 25.8509 -2 -14.2697 26.5 -2 -9.70342 28.9 -2
4 15 -3.36337 30.8032 -2 -2.01368 31.5751 -2 -3.08579 30.0656 -2 -4.21995 29.5515 -2
4 15 -4.70133 30.1215 -2 -3.36337 30.8032 -2 -4.21995 29.5515 -2 -5.37938 29.0296 -2
4 15 -6.0032 29.5486 -2 -4.70133 30.1215 -2 -5.37938 29.0296 -2 -6.59231 28.5993 -2
4 15 -7.34782 29.0904 -2 -6.0032 29.5486 -2 -6.59231 28.5993 -2 -7.83199 28.2896 -2
4 15 -8.75279 28.8467 -2 -7.34782 29.0904 -2 -7.83199 28.2896 -2 -9.11055 28.121 -2
4 15 -9.70342 28.9 -2 -8.75279 28.8467 -2 -9.11055 28.121 -2 -10.2145 28.1058 -2
4 15 -13.1993 26.2216 -2 -9.70342 28.9 -2 -10.2145 28.1058 -2 -11.3963 27.1693 -2
4 15 -11.3963 27.1693 -2 -10.2145 28.1058 -2 -11.0144 26.3516 -2 -11.9789 25.2949 -2
4 15 -11.9789 25.2949 -2 -11.0144 26.3516 -2 -11.4903 24.6946 -2 -12.2738 23.6389 -2
4 15 -12.2738 23.6389 -2 -11.4903 24.6946 -2 -11.7055 23.0024 -2 -12.3027 23.0102 -2
4 15 -12.3494 21.9901 -2 -11.7055 23.0024 -2 -11.6512 21.3248 -2 -12.1902 20.3567 -2
4 15 -12.1902 20.3567 -2 -11.6512 21.3248 -2 -11.3322 19.689 -2 -11.777 18.7646 -2
4 15 -11.777 18.7646 -2 -11.3322 19.689 -2 -10.8016 18.2315 -2 -11.2175 17.4873 -2
4 15 -12.83 13.77 -2 -13.7311 12.3494 -2 -13.419 14.1114 -2 -11.2175 17.4873 -2
4 15 -10.185 17.94 -2 -12.83 13.77 -2 -11.2175 17.4873 -2 -10.8016 18.2315 -2
4 15 -10.185 17.94 -2 -10.8016 18.2315 -2 -3.08579 30.0656 -2 -1.59 31.492 -2
4 15 -1.59 31.492 -2 -3.08579 30.0656 -2 -2.01368 31.5751 -2 -0.84194 32.337 -2
4 15 -16.8063 14.3055 -2 -16.8091 16.3416 -2 -15.7696 15.5204 -2 -14.3918 12.7697 -2
3 15 -16.8063 14.3055 -2 -18.2769 17.5012 -2 -17.7731 17.1033 -2
3 15 -16.8063 14.3055 -2 -17.7731 17.1033 -2 -16.8091 16.3416 -2
4 15 -16.6581 20.2109 -2 -16.8091 16.3416 -2 -17.7731 17.1033 -2 -17.6688 20.0552 -2
4 15 -12.3027 23.0102 -2 -11.7055 23.0024 -2 -12.3494 21.9901 -2 -13.8997 22.8923 -2
3 15 -13.8997 22.8923 -2 -13.5668 23.6847 -2 -12.3027 23.0102 -2
3 15 -28.7591 13.9109 -2 -29.3517 17.7338 -2 -27.2959 14.9329 -2
4 15 -22.3159 22.271 -2 -23.335 20.8912 -2 -23.7829 21.5 -2 -24.1381 22.1575 -2
4 15 -29.7962 18.3395 -2 -23.7829 21.5 -2 -23.335 20.8912 -2 -29.3517 17.7338 -2
4 15 -36.25 34 -2 -34.4057 34 -2 -34.1114 29.9118 -2 -35.9399 29.6927 -2
4 15 -35.9399 29.6927 -2 -34.1114 29.9118 -2 -33.2334 25.8935 -2 -35.0148 25.459 -2
4 15 -35.0148 25.459 -2 -33.2334 25.8935 -2 -31.7867 22.014 -2 -33.4906 21.3714 -2
4 15 -29.7962 18.3395 -2 -31.3934 17.5 -2 -33.4906 21.3714 -2 -30.1501 18.9927 -2
4 15 -25.4648 30.8073 -2 -27.1388 30.5975 -2 -27.3466 34 -2 -25.6298 33.365 -2
4 15 -26.4666 27.4352 -2 -27.1388 30.5975 -2 -24.834 27.8402 -2 -23.7784 24.9784 -2
4 15 -25.3415 24.3854 -2 -26.4666 27.4352 -2 -23.7784 24.9784 -2 -22.6694 22.9262 -2
4 15 -25.3415 24.3854 -2 -22.6694 22.9262 -2 -22.3159 22.271 -2 -24.1381 22.1575 -2
4 15 -19.0263 24 -2 -22.3159 22.271 -2 -22.6694 22.9262 -2 -20.9484 23.8307 -2
4 15 -20.7776 24.7614 -2 -19.0263 24 -2 -20.9484 23.8307 -2 -21.4387 24.2037 -2
4 15 -21.2035 25.1114 -2 -20.7776 24.7614 -2 -21.4387 24.2037 -2 -21.9208 24.6884 -2
4 15 -21.4796 25.5591 -2 -21.2035 25.1114 -2 -21.9208 24.6884 -2 -22.2363 25.2767 -2
4 15 -21.5691 26.0734 -2 -21.4796 25.5591 -2 -22.2363 25.2767 -2 -22.3743 25.92 -2
4 15 -21.5691 26.0734 -2 -22.3743 25.92 -2 -22.2867 26.594 -2 -21.4082 26.594 -2
4 15 -21.4082 26.594 -2 -22.2867 26.594 -2 -22.1003 27.0426 -2 -21.1393 26.9861 -2
4 15 -21.1393 26.9861 -2 -22.1003 27.0426 -2 -21.4469 27.7616 -2 -20.8135 27.3179 -2
4 15 -20.8135 27.3179 -2 -21.4469 27.7616 -2 -20.8268 28.2019 -2 -20.4805 27.4929 -2
4 15 -19.8697 27.6349 -2 -20.4805 27.4929 -2 -20.8268 28.2019 -2 -20.0945 28.4842 -2
4 15 -19.8697 27.6349 -2 -20.0945 28.4842 -2 -19.4021 28.6274 -2 -19.1205 27.6804 -2
4 15 -19.1205 27.6804 -2 -19.4021 28.6274 -2 -18.4533 28.6519 -2 -18.3828 27.6697 -2
4 15 -18.3828 27.6697 -2 -18.4533 28.6519 -2 -17.5168 28.5956 -2 -17.6453 27.6097 -2
4 15 -17.6453 27.6097 -2 -17.5168 28.5956 -2 -16.5965 28.4618 -2 -16.9167 27.4997 -2
4 15 -16.9167 27.4997 -2 -16.5965 28.4618 -2 -15.7143 28.2445 -2 -16.2058 27.3372 -2
4 15 -16.2058 27.3372 -2 -15.7143 28.2445 -2 -14.8809 27.9268 -2 -15.531 27.1225 -2
4 15 -15.531 27.1225 -2 -14.8809 27.9268 -2 -13.9993 27.4831 -2 -14.8758 26.8426 -2
4 15 -14.2697 26.5 -2 -14.8758 26.8426 -2 -13.9993 27.4831 -2 -9.70342 28.9 -2
4 15 -6.34193 32.8973 -2 -5.28579 33.5344 -2 -4.72282 32.9468 -2 -6.04036 32.2328 -2
4 15 -7.41811 32.2442 -2 -6.34193 32.8973 -2 -6.04036 32.2328 -2 -7.23627 31.4929 -2
4 15 -8.43391 31.5031 -2 -7.41811 32.2442 -2 -7.23627 31.4929 -2 -8.34451 30.6619 -2
4 15 -9.3484 30.6806 -2 -8.43391 31.5031 -2 -8.34451 30.6619 -2 -9.27883 29.6761 -2
4 15 -10.1481 29.7569 -2 -9.3484 30.6806 -2 -9.27883 29.6761 -2 -9.70342 28.9 -2
3 15 -10.7145 28.8942 -2 -10.1481 29.7569 -2 -9.70342 28.9 -2
4 15 -10.7145 28.8942 -2 -9.70342 28.9 -2 -13.9993 27.4831 -2 -12.1963 28.4307 -2
4 15 -12.7833 29.1406 -2 -10.7145 28.8942 -2 -12.1963 28.4307 -2 -14.2708 28.9086 -2
4 15 -14.5975 29.594 -2 -12.7833 29.1406 -2 -14.2708 28.9086 -2 -15.9936 29.5041 -2
4 15 -16.3149 30.2704 -2 -14.5975 29.594 -2 -15.9936 29.5041 -2 -16.6061 29.7957 -2
4 15 -17.8837 31.152 -2 -16.3149 30.2704 -2 -17.5999 30.2689 -2 -19.0742 31.2111 -2
4 15 -19.2804 32.2214 -2 -17.8837 31.152 -2 -19.0742 31.2111 -2 -20.3822 32.3329 -2
4 15 -20.4016 33.3685 -2 -19.2804 32.2214 -2 -20.3822 32.3329 -2 -21.3175 33.4127 -2
4 15 -25.6598 34 -2 -25.6298 33.365 -2 -27.3466 34 -2 -27.3466 37.5 -2
3 15 -25.2032 29.5772 -2 -27.1388 30.5975 -2 -25.4648 30.8073 -2
3 15 -24.834 27.8402 -2 -27.1388 30.5975 -2 -24.9607 28.4363 -2
3 15 -24.9607 28.4363 -2 -27.1388 30.5975 -2 -25.2032 29.5772 -2
4 15 -24.9607 28.4363 -2 -25.2032 29.5772 -2 -21.4469 27.7616 -2 -22.1003 27.0426 -2
4 15 -17.5999 30.2689 -2 -16.3149 30.2704 -2 -16.6061 29.7957 -2 -17.5168 28.5956 -2
3 15 -16.5965 28.4618 -2 -17.5168 28.5956 -2 -16.6061 29.7957 -2
3 15 -30.1501 18.9927 -2 -33.4906 21.3714 -2 -31.7867 22.014 -2
4 15 -24.1381 22.1575 -2 -23.7829 21.5 -2 -29.7962 18.3395 -2 -30.1501 18.9927 -2
4 15 21.3175 33.4127 -2 20.4016 33.3685 -2 20.8 34 -2 21.8 34 -2
4 15 -5.28579 33.5344 -2 -4.3811 34 -2 -3.31368 33.6249 -2 -4.72282 32.9468 -2
4 15 -20.8 34 -2 -20.4016 33.3685 -2 -21.3175 33.4127 -2 -21.8 34 -2
4 15 -3.31368 33.6249 -2 -4.3811 34 -2 -2.2 34 -2 -2.03258 33.3111 -2
4 15 -2.66368 32.6 -2 -3.31368 33.6249 -2 -2.03258 33.3111 -2 -1.55562 32.7272 -2
4 15 -2.01368 31.5751 -2 -2.66368 32.6 -2 -1.55562 32.7272 -2 -0.84194 32.337 -2
4 15 0 31.2 -2 -1.3 31.2 -2 -0.84194 32.337 -2 0 32.2 -2
4 15 1.3 31.2 -2 0 31.2 -2 0 32.2 -2 0.84194 32.337 -2
4 15 1.59 31.492 -2 0.84194 32.337 -2 1.55562 32.7272 -2 2.01368 31.5751 -2
4 15 2.66368 32.6 -2 2.01368 31.5751 -2 1.55562 32.7272 -2 2.03258 33.3111 -2
4 15 3.31368 33.6249 -2 2.66368 32.6 -2 2.03258 33.3111 -2 2.2 34 -2
4 15 36.25 37.5 -2 36.25 34 -2 34.4057 34 -2 27.3466 37.5 -2
3 15 34.4057 34 -2 27.3466 34 -2 27.3466 37.5 -2
4 15 25.65 37.5 -2 27.3466 37.5 -2 25.65 34 -2 21.8 34 -2
4 15 25.65 37.5 -2 21.8 34 -2 20.8 34 -2 1.5 37.5 -2
3 15 20.8 34 -2 4.3811 34 -2 1.5 37.5 -2
3 15 4.3811 34 -2 2.2 34 -2 1.5 37.5 -2
3 15 -2.2 34 -2 -4.3811 34 -2 -1.5 37.5 -2
4 15 1.5 37.5 -2 2.2 34 -2 0 34 -2 -1.5 37.5 -2
3 15 0 34 -2 -2.2 34 -2 -1.5 37.5 -2
4 15 -1.5 37.5 -2 -4.3811 34 -2 -20.8 34 -2 -25.65 37.5 -2
4 15 -25.65 37.5 -2 -21.8 34 -2 -25.6598 34 -2 -27.3466 37.5 -2
4 15 -34.4057 34 -2 -36.25 34 -2 -36.25 37.5 -2 -27.3466 37.5 -2
3 15 -27.3466 34 -2 -34.4057 34 -2 -27.3466 37.5 -2
3 15 -20.8 34 -2 -21.8 34 -2 -25.65 37.5 -2
4 15 27.3466 44.8 -2 27.3466 37.5 -2 25.65 37.5 -2 25.65 44.8 -2
4 15 27.3466 44.8 -2 25.65 44.8 -2 25.65 46.8 -2 27.3466 46.8 -2
4 15 36.25 44.8 -2 27.3466 44.8 -2 27.3466 46.8 -2 36.25 46.8 -2
4 15 1.5 44.8 -2 -1.5 44.8 -2 -1.5 46.8 -2 1.5 46.8 -2
4 15 25.65 44.8 -2 1.5 44.8 -2 1.5 46.8 -2 25.65 46.8 -2
4 15 1.5 44.8 -2 1.5 37.5 -2 -1.5 37.5 -2 -1.5 44.8 -2
4 15 -25.65 37.5 -2 -27.3466 37.5 -2 -27.3466 44.8 -2 -25.65 44.8 -2
4 15 -25.65 46.8 -2 -25.65 44.8 -2 -27.3466 44.8 -2 -27.3466 46.8 -2
4 15 -27.3466 46.8 -2 -27.3466 44.8 -2 -36.25 44.8 -2 -36.25 46.8 -2
4 15 -1.5 46.8 -2 -1.5 44.8 -2 -25.65 44.8 -2 -25.65 46.8 -2
4 15 27.3466 78.6 -2 27.3466 46.8 -2 25.65 46.8 -2 25.65 78.6 -2
4 15 27.3466 78.6 -2 25.65 78.6 -2 25.65 81.6 -2 27.3466 81.6 -2
4 15 36.25 78.6 -2 27.3466 78.6 -2 27.3466 81.6 -2 36.25 81.6 -2
4 15 1.5 78.6 -2 -1.5 78.6 -2 -1.5 81.6 -2 1.5 81.6 -2
4 15 25.65 78.6 -2 1.5 78.6 -2 1.5 81.6 -2 25.65 81.6 -2
4 15 1.5 78.6 -2 1.5 46.8 -2 -1.5 46.8 -2 -1.5 78.6 -2
4 15 -25.65 46.8 -2 -27.3466 46.8 -2 -27.3466 78.6 -2 -25.65 78.6 -2
4 15 -25.65 81.6 -2 -25.65 78.6 -2 -27.3466 78.6 -2 -27.3466 81.6 -2
4 15 -27.3466 81.6 -2 -27.3466 78.6 -2 -36.25 78.6 -2 -36.25 81.6 -2
4 15 -1.5 81.6 -2 -1.5 78.6 -2 -25.65 78.6 -2 -25.65 81.6 -2
4 15 27.3466 113.5 -2 27.3466 81.6 -2 25.65 81.6 -2 25.65 113.5 -2
4 15 27.3466 113.5 -2 25.65 113.5 -2 25.65 115.5 -2 27.3466 115.5 -2
4 15 36.25 113.5 -2 27.3466 113.5 -2 27.3466 115.5 -2 36.25 115.5 -2
4 15 1.5 113.5 -2 -1.5 113.5 -2 -1.5 115.5 -2 1.5 115.5 -2
4 15 25.65 113.5 -2 1.5 113.5 -2 1.5 115.5 -2 25.65 115.5 -2
4 15 1.5 113.5 -2 1.5 81.6 -2 -1.5 81.6 -2 -1.5 113.5 -2
4 15 -25.65 81.6 -2 -27.3466 81.6 -2 -27.3466 113.5 -2 -25.65 113.5 -2
4 15 -25.65 115.5 -2 -25.65 113.5 -2 -27.3466 113.5 -2 -27.3466 115.5 -2
4 15 -27.3466 115.5 -2 -27.3466 113.5 -2 -36.25 113.5 -2 -36.25 115.5 -2
4 15 -1.5 115.5 -2 -1.5 113.5 -2 -25.65 113.5 -2 -25.65 115.5 -2
4 15 27.3466 131.5 -2 27.3466 115.5 -2 25.65 115.5 -2 25.65 131.5 -2
4 15 1.5 131.5 -2 1.5 115.5 -2 -1.5 115.5 -2 -1.5 131.5 -2
4 15 -25.65 115.5 -2 -27.3466 115.5 -2 -27.3466 131.5 -2 -25.65 131.5 -2

4 26 1.6 13 -2 0 14 -2 0.62897 18.6935 -2 1.22276 18.3169 -2
4 26 1.6 13 -2 1.22276 18.3169 -2 1.76444 17.8922 -2 2.27447 17.413 -2
4 26 1.6 13 -2 2.27447 17.413 -2 2.74351 16.8936 -2 3.16933 16.3422 -2
4 26 0 19 -2 0.62897 18.6935 -2 0 14 -2 -0.62897 18.6935 -2
4 26 2.14587 12.8392 -2 1.6 13 -2 3.16933 16.3422 -2 3.54832 15.7659 -2
4 26 2.70981 12.8454 -2 2.14587 12.8392 -2 3.54832 15.7659 -2 3.24381 13.032 -2
4 26 3.65864 13.4192 -2 3.24381 13.032 -2 3.54832 15.7659 -2 3.89727 13.8272 -2
4 26 3.89727 13.8272 -2 3.54832 15.7659 -2 3.87965 15.1525 -2 4.05 14.6 -2
3 26 3.89727 13.8272 -2 4.05 14.6 -2 4.05 14.25 -2
4 26 0 31.2 -2 1.3 31.2 -2 1.35945 29.75 -2 1.33903 28.3543 -2
4 26 0 31.2 -2 1.33903 28.3543 -2 1.23307 27.0415 -2 0.99669 25.7523 -2
4 26 0 31.2 -2 0.99669 25.7523 -2 0.52604 24.5228 -2 0 23.8 -2
4 26 -0.62897 18.6935 -2 0 14 -2 -1.6 13 -2 -1.22276 18.3169 -2
4 26 -1.76444 17.8922 -2 -1.22276 18.3169 -2 -1.6 13 -2 -2.27447 17.413 -2
4 26 -2.74351 16.8936 -2 -2.27447 17.413 -2 -1.6 13 -2 -3.16933 16.3422 -2
4 26 -3.16933 16.3422 -2 -1.6 13 -2 -2.14587 12.8392 -2 -3.54832 15.7659 -2
4 26 -3.54832 15.7659 -2 -2.14587 12.8392 -2 -2.70981 12.8454 -2 -3.24381 13.032 -2
4 26 -3.54832 15.7659 -2 -3.24381 13.032 -2 -3.65864 13.4192 -2 -3.89727 13.8272 -2
4 26 -3.87965 15.1525 -2 -3.54832 15.7659 -2 -3.89727 13.8272 -2 -4.05 14.6 -2
3 26 -3.89727 13.8272 -2 -4.05 14.25 -2 -4.05 14.6 -2
4 26 -1.35945 29.75 -2 -1.3 31.2 -2 0 31.2 -2 -1.33903 28.3543 -2
4 26 -1.23307 27.0415 -2 -1.33903 28.3543 -2 0 31.2 -2 -0.99669 25.7523 -2
4 26 -0.52604 24.5228 -2 -0.99669 25.7523 -2 0 31.2 -2 0 23.8 -2
4 26 20.7776 24.7614 -2 19.0263 24 -2 14.8758 26.8426 -2 15.531 27.1225 -2
4 26 20.7776 24.7614 -2 15.531 27.1225 -2 16.2058 27.3372 -2 16.9167 27.4997 -2
4 26 20.7776 24.7614 -2 16.9167 27.4997 -2 17.6453 27.6097 -2 18.3828 27.6697 -2
4 26 14.2697 26.5 -2 14.8758 26.8426 -2 19.0263 24 -2 14.2468 25.8509 -2
4 26 21.2035 25.1114 -2 20.7776 24.7614 -2 18.3828 27.6697 -2 19.1205 27.6804 -2
4 26 21.4796 25.5591 -2 21.2035 25.1114 -2 19.1205 27.6804 -2 21.5691 26.0734 -2
4 26 21.4082 26.594 -2 21.5691 26.0734 -2 19.1205 27.6804 -2 21.1393 26.9861 -2
4 26 21.1393 26.9861 -2 19.1205 27.6804 -2 19.8697 27.6349 -2 20.4805 27.4929 -2
3 26 21.1393 26.9861 -2 20.4805 27.4929 -2 20.8135 27.3179 -2
4 26 2.66368 32.6 -2 3.31368 33.6249 -2 4.72282 32.9468 -2 6.04036 32.2328 -2
4 26 2.66368 32.6 -2 6.04036 32.2328 -2 7.23627 31.4929 -2 8.34451 30.6619 -2
4 26 2.66368 32.6 -2 8.34451 30.6619 -2 9.27883 29.6761 -2 9.70342 28.9 -2
4 26 14.2468 25.8509 -2 19.0263 24 -2 19.1776 22.2386 -2 14.3082 25.1944 -2
4 26 14.4414 24.555 -2 14.3082 25.1944 -2 19.1776 22.2386 -2 14.6422 23.9133 -2
4 26 14.9018 23.2839 -2 14.6422 23.9133 -2 19.1776 22.2386 -2 15.2135 22.6725 -2
4 26 15.2135 22.6725 -2 19.1776 22.2386 -2 19.0577 21.7278 -2 15.5722 22.0855 -2
4 26 15.5722 22.0855 -2 19.0577 21.7278 -2 18.7698 21.2863 -2 18.3253 20.9586 -2
4 26 15.5722 22.0855 -2 18.3253 20.9586 -2 17.7495 20.8252 -2 17.2421 20.8411 -2
4 26 15.9901 21.5176 -2 15.5722 22.0855 -2 17.2421 20.8411 -2 16.4305 21.1071 -2
3 26 17.2421 20.8411 -2 16.7635 20.9321 -2 16.4305 21.1071 -2
4 26 3.36337 30.8032 -2 2.01368 31.5751 -2 2.66368 32.6 -2 4.70133 30.1215 -2
4 26 6.0032 29.5486 -2 4.70133 30.1215 -2 2.66368 32.6 -2 7.34782 29.0904 -2
4 26 8.75279 28.8467 -2 7.34782 29.0904 -2 2.66368 32.6 -2 9.70342 28.9 -2
4 26 -19.1776 22.2386 -2 -19.0263 24 -2 -14.2468 25.8509 -2 -14.3082 25.1944 -2
4 26 -19.1776 22.2386 -2 -14.3082 25.1944 -2 -14.4414 24.555 -2 -14.6422 23.9133 -2
4 26 -19.1776 22.2386 -2 -14.6422 23.9133 -2 -14.9018 23.2839 -2 -15.2135 22.6725 -2
4 26 -14.2697 26.5 -2 -14.2468 25.8509 -2 -19.0263 24 -2 -14.8758 26.8426 -2
4 26 -19.0577 21.7278 -2 -19.1776 22.2386 -2 -15.2135 22.6725 -2 -15.5722 22.0855 -2
4 26 -18.7698 21.2863 -2 -19.0577 21.7278 -2 -15.5722 22.0855 -2 -18.3253 20.9586 -2
4 26 -17.7495 20.8252 -2 -18.3253 20.9586 -2 -15.5722 22.0855 -2 -17.2421 20.8411 -2
4 26 -17.2421 20.8411 -2 -15.5722 22.0855 -2 -15.9901 21.5176 -2 -16.4305 21.1071 -2
3 26 -17.2421 20.8411 -2 -16.4305 21.1071 -2 -16.7635 20.9321 -2
4 26 -2.66368 32.6 -2 -2.01368 31.5751 -2 -3.36337 30.8032 -2 -4.70133 30.1215 -2
4 26 -2.66368 32.6 -2 -4.70133 30.1215 -2 -6.0032 29.5486 -2 -7.34782 29.0904 -2
4 26 -2.66368 32.6 -2 -7.34782 29.0904 -2 -8.75279 28.8467 -2 -9.70342 28.9 -2
4 26 -14.8758 26.8426 -2 -19.0263 24 -2 -20.7776 24.7614 -2 -15.531 27.1225 -2
4 26 -16.2058 27.3372 -2 -15.531 27.1225 -2 -20.7776 24.7614 -2 -16.9167 27.4997 -2
4 26 -17.6453 27.6097 -2 -16.9167 27.4997 -2 -20.7776 24.7614 -2 -18.3828 27.6697 -2
4 26 -18.3828 27.6697 -2 -20.7776 24.7614 -2 -21.2035 25.1114 -2 -19.1205 27.6804 -2
4 26 -19.1205 27.6804 -2 -21.2035 25.1114 -2 -21.4796 25.5591 -2 -21.5691 26.0734 -2
4 26 -19.1205 27.6804 -2 -21.5691 26.0734 -2 -21.4082 26.594 -2 -21.1393 26.9861 -2
4 26 -19.8697 27.6349 -2 -19.1205 27.6804 -2 -21.1393 26.9861 -2 -20.4805 27.4929 -2
3 26 -21.1393 26.9861 -2 -20.8135 27.3179 -2 -20.4805 27.4929 -2
4 26 -4.72282 32.9468 -2 -3.31368 33.6249 -2 -2.66368 32.6 -2 -6.04036 32.2328 -2
4 26 -7.23627 31.4929 -2 -6.04036 32.2328 -2 -2.66368 32.6 -2 -8.34451 30.6619 -2
4 26 -9.27883 29.6761 -2 -8.34451 30.6619 -2 -2.66368 32.6 -2 -9.70342 28.9 -2

4 30 2.12198 28.4488 -2 2.2 29.6 -2 9.6 17.6 -2 7.94813 17.9104 -2
4 30 2.03873 27.2738 -2 2.12198 28.4488 -2 7.94813 17.9104 -2 6.2325 18.4768 -2
4 30 1.8416 26.1024 -2 2.03873 27.2738 -2 6.2325 18.4768 -2 4.60945 19.2728 -2
4 30 1.51641 24.9702 -2 1.8416 26.1024 -2 4.60945 19.2728 -2 3.10722 20.2886 -2
4 30 1.03752 23.8779 -2 1.51641 24.9702 -2 3.10722 20.2886 -2 1.76884 21.4922 -2
3 30 1.76884 21.4922 -2 0.5 23 -2 1.03752 23.8779 -2
4 30 -9.6 17.6 -2 -2.2 29.6 -2 -2.12198 28.4488 -2 -7.94813 17.9104 -2
4 30 -7.94813 17.9104 -2 -2.12198 28.4488 -2 -2.03873 27.2738 -2 -6.2325 18.4768 -2
4 30 -6.2325 18.4768 -2 -2.03873 27.2738 -2 -1.8416 26.1024 -2 -4.60945 19.2728 -2
4 30 -4.60945 19.2728 -2 -1.8416 26.1024 -2 -1.51641 24.9702 -2 -3.10722 20.2886 -2
4 30 -3.10722 20.2886 -2 -1.51641 24.9702 -2 -1.03752 23.8779 -2 -1.76884 21.4922 -2
3 30 -1.76884 21.4922 -2 -1.03752 23.8779 -2 -0.5 23 -2
4 30 6.34193 32.8973 -2 5.28579 33.5344 -2 20.4016 33.3685 -2 19.2804 32.2214 -2
4 30 7.41811 32.2442 -2 6.34193 32.8973 -2 19.2804 32.2214 -2 17.8837 31.152 -2
4 30 8.43391 31.5031 -2 7.41811 32.2442 -2 17.8837 31.152 -2 16.3149 30.2704 -2
4 30 9.3484 30.6806 -2 8.43391 31.5031 -2 16.3149 30.2704 -2 14.5975 29.594 -2
4 30 10.1481 29.7569 -2 9.3484 30.6806 -2 14.5975 29.594 -2 12.7833 29.1406 -2
3 30 10.7145 28.8942 -2 10.1481 29.7569 -2 12.7833 29.1406 -2
4 30 10.8016 18.2315 -2 3.08579 30.0656 -2 4.21995 29.5515 -2 11.3322 19.689 -2
4 30 11.3322 19.689 -2 4.21995 29.5515 -2 5.37938 29.0296 -2 11.6512 21.3248 -2
4 30 11.6512 21.3248 -2 5.37938 29.0296 -2 6.59231 28.5993 -2 11.7055 23.0024 -2
4 30 11.7055 23.0024 -2 6.59231 28.5993 -2 7.83199 28.2896 -2 11.4903 24.6946 -2
4 30 11.4903 24.6946 -2 7.83199 28.2896 -2 9.11055 28.121 -2 11.0144 26.3516 -2
3 30 11.0144 26.3516 -2 9.11055 28.121 -2 10.2145 28.1058 -2
4 30 -4.21995 29.5515 -2 -3.08579 30.0656 -2 -10.8016 18.2315 -2 -11.3322 19.689 -2
4 30 -5.37938 29.0296 -2 -4.21995 29.5515 -2 -11.3322 19.689 -2 -11.6512 21.3248 -2
4 30 -6.59231 28.5993 -2 -5.37938 29.0296 -2 -11.6512 21.3248 -2 -11.7055 23.0024 -2
4 30 -7.83199 28.2896 -2 -6.59231 28.5993 -2 -11.7055 23.0024 -2 -11.4903 24.6946 -2
4 30 -9.11055 28.121 -2 -7.83199 28.2896 -2 -11.4903 24.6946 -2 -11.0144 26.3516 -2
3 30 -11.0144 26.3516 -2 -10.2145 28.1058 -2 -9.11055 28.121 -2
4 30 -20.4016 33.3685 -2 -5.28579 33.5344 -2 -6.34193 32.8973 -2 -19.2804 32.2214 -2
4 30 -19.2804 32.2214 -2 -6.34193 32.8973 -2 -7.41811 32.2442 -2 -17.8837 31.152 -2
4 30 -17.8837 31.152 -2 -7.41811 32.2442 -2 -8.43391 31.5031 -2 -16.3149 30.2704 -2
4 30 -16.3149 30.2704 -2 -8.43391 31.5031 -2 -9.3484 30.6806 -2 -14.5975 29.594 -2
4 30 -14.5975 29.594 -2 -9.3484 30.6806 -2 -10.1481 29.7569 -2 -12.7833 29.1406 -2
3 30 -10.7145 28.8942 -2 -12.7833 29.1406 -2 -10.1481 29.7569 -2
4 30 20.8 34 -2 20.4016 33.3685 -2 5.28579 33.5344 -2 4.3811 34 -2
4 30 -20.8 34 -2 -4.3811 34 -2 -5.28579 33.5344 -2 -20.4016 33.3685 -2
4 30 0 34 -2 2.2 34 -2 2.03258 33.3111 -2 1.55562 32.7272 -2
4 30 0 34 -2 1.55562 32.7272 -2 0.84194 32.337 -2 0 32.2 -2
4 30 0 34 -2 0 32.2 -2 -0.84194 32.337 -2 -1.55562 32.7272 -2
4 30 0 34 -2 -1.55562 32.7272 -2 -2.03258 33.3111 -2 -2.2 34 -2

3 14 0.8 10.591 -2 0.8 12.4 -2 1.4 12.2 -2
4 14 0.8 10.591 -2 1.4 12.2 -2 2.10212 12.0622 -2 3.30682 10.7428 -2
3 14 3.30682 10.7428 -2 2.10212 12.0622 -2 2.81953 12.1077 -2
3 14 3.30682 10.7428 -2 2.81953 12.1077 -2 3.50056 12.3205 -2
4 14 3.30682 10.7428 -2 3.50056 12.3205 -2 4.09789 12.7266 -2 6.55707 11.3414 -2
4 14 6.55707 11.3414 -2 4.09789 12.7266 -2 4.43151 13.0978 -2 7.18757 11.5396 -2
4 14 8.3941 11.9188 -2 4.78875 13.9725 -2 4.89759 14.6815 -2 9.69511 12.3277 -2
4 14 9.69511 12.3277 -2 4.89759 14.6815 -2 4.8 15.4 -2 12.2108 13.4764 -2
4 14 10.1 16.9 -2 12.2108 13.4764 -2 4.8 15.4 -2 8.6052 17.0975 -2
4 14 6.88403 17.5678 -2 8.6052 17.0975 -2 4.8 15.4 -2 4.58998 16.0174 -2
4 14 5.25045 18.259 -2 6.88403 17.5678 -2 4.58998 16.0174 -2 4.13898 16.7777 -2
3 14 4.13898 16.7777 -2 3.61706 17.4879 -2 5.25045 18.259 -2
4 14 3.71982 19.143 -2 4.30343 18.8059 -2 3.02969 18.1465 -2 2.38179 18.7334 -2
4 14 2.2919 20.2035 -2 3.71982 19.143 -2 2.38179 18.7334 -2 1.66291 19.2316 -2
4 14 0.8 21.6 -2 2.2919 20.2035 -2 1.66291 19.2316 -2 0.8 19.7047 -2
3 14 -0.8 10.591 -2 -1.4 12.2 -2 -0.8 12.4 -2
4 14 -2.10212 12.0622 -2 -1.4 12.2 -2 -0.8 10.591 -2 -3.30682 10.7428 -2
3 14 -3.30682 10.7428 -2 -2.81953 12.1077 -2 -2.10212 12.0622 -2
3 14 -3.30682 10.7428 -2 -3.50056 12.3205 -2 -2.81953 12.1077 -2
4 14 -4.09789 12.7266 -2 -3.50056 12.3205 -2 -3.30682 10.7428 -2 -6.55707 11.3414 -2
4 14 -4.43151 13.0978 -2 -4.09789 12.7266 -2 -6.55707 11.3414 -2 -7.18757 11.5396 -2
4 14 -4.89759 14.6815 -2 -4.78875 13.9725 -2 -8.3941 11.9188 -2 -9.69511 12.3277 -2
4 14 -4.8 15.4 -2 -4.89759 14.6815 -2 -9.69511 12.3277 -2 -12.2108 13.4764 -2
4 14 -4.8 15.4 -2 -12.2108 13.4764 -2 -10.1 16.9 -2 -8.6052 17.0975 -2
4 14 -4.8 15.4 -2 -8.6052 17.0975 -2 -6.88403 17.5678 -2 -4.58998 16.0174 -2
4 14 -4.58998 16.0174 -2 -6.88403 17.5678 -2 -5.25045 18.259 -2 -4.13898 16.7777 -2
3 14 -4.13898 16.7777 -2 -5.25045 18.259 -2 -3.61706 17.4879 -2
4 14 -3.02969 18.1465 -2 -4.30343 18.8059 -2 -3.71982 19.143 -2 -2.38179 18.7334 -2
4 14 -2.38179 18.7334 -2 -3.71982 19.143 -2 -2.2919 20.2035 -2 -1.66291 19.2316 -2
4 14 -1.66291 19.2316 -2 -2.2919 20.2035 -2 -0.8 21.6 -2 -0.8 19.7047 -2
3 14 22.6694 22.9262 -2 20.9484 23.8307 -2 21.4387 24.2037 -2
4 14 22.6694 22.9262 -2 21.4387 24.2037 -2 21.9208 24.6884 -2 23.7784 24.9784 -2
3 14 21.9208 24.6884 -2 22.2363 25.2767 -2 23.7784 24.9784 -2
3 14 23.7784 24.9784 -2 22.2363 25.2767 -2 22.3743 25.92 -2
4 14 23.7784 24.9784 -2 22.3743 25.92 -2 22.2867 26.594 -2 24.834 27.8402 -2
4 14 24.834 27.8402 -2 22.2867 26.594 -2 22.1003 27.0426 -2 24.9607 28.4363 -2
4 14 25.2032 29.5772 -2 21.4469 27.7616 -2 20.8268 28.2019 -2 25.4648 30.8073 -2
4 14 25.4648 30.8073 -2 20.8268 28.2019 -2 20.0945 28.4842 -2 25.6298 33.365 -2
4 14 21.3175 33.4127 -2 25.6298 33.365 -2 20.0945 28.4842 -2 20.3822 32.3329 -2
4 14 19.0742 31.2111 -2 20.3822 32.3329 -2 20.0945 28.4842 -2 19.4021 28.6274 -2
4 14 17.5999 30.2689 -2 19.0742 31.2111 -2 19.4021 28.6274 -2 18.4533 28.6519 -2
3 14 17.5168 28.5956 -2 17.5999 30.2689 -2 18.4533 28.6519 -2
4 14 15.9936 29.5041 -2 16.6061 29.7957 -2 16.5965 28.4618 -2 15.7143 28.2445 -2
4 14 14.2708 28.9086 -2 15.9936 29.5041 -2 15.7143 28.2445 -2 14.8809 27.9268 -2
4 14 12.1963 28.4307 -2 14.2708 28.9086 -2 14.8809 27.9268 -2 13.9993 27.4831 -2
3 14 21.8694 21.6648 -2 20.0387 21.9963 -2 20.1484 22.5693 -2
4 14 19.8187 21.3738 -2 20.0387 21.9963 -2 21.8694 21.6648 -2 20.4715 19.7644 -2
3 14 20.4715 19.7644 -2 19.4167 20.831 -2 19.8187 21.3738 -2
3 14 20.4715 19.7644 -2 18.8738 20.4005 -2 19.4167 20.831 -2
4 14 18.1888 20.1326 -2 18.8738 20.4005 -2 20.4715 19.7644 -2 18.2769 17.5012 -2
4 14 17.6688 20.0552 -2 18.1888 20.1326 -2 18.2769 17.5012 -2 17.7731 17.1033 -2
4 14 15.9292 20.4796 -2 16.6581 20.2109 -2 16.8091 16.3416 -2 15.7696 15.5204 -2
4 14 15.2945 20.9158 -2 15.9292 20.4796 -2 15.7696 15.5204 -2 13.419 14.1114 -2
4 14 15.2945 20.9158 -2 13.419 14.1114 -2 11.2175 17.4873 -2 11.777 18.7646 -2
4 14 15.2945 20.9158 -2 11.777 18.7646 -2 12.1902 20.3567 -2 14.8121 21.39 -2
4 14 14.8121 21.39 -2 12.1902 20.3567 -2 12.3494 21.9901 -2 14.3144 22.1258 -2
3 14 12.3494 21.9901 -2 13.8997 22.8923 -2 14.3144 22.1258 -2
4 14 13.5668 23.6847 -2 12.3027 23.0102 -2 12.2738 23.6389 -2 13.3325 24.4889 -2
4 14 13.3325 24.4889 -2 12.2738 23.6389 -2 11.9789 25.2949 -2 13.218 25.3048 -2
4 14 13.218 25.3048 -2 11.9789 25.2949 -2 11.3963 27.1693 -2 13.1993 26.2216 -2
3 14 -21.8694 21.6648 -2 -20.1484 22.5693 -2 -20.0387 21.9963 -2
4 14 -21.8694 21.6648 -2 -20.0387 21.9963 -2 -19.8187 21.3738 -2 -20.4715 19.7644 -2
3 14 -20.4715 19.7644 -2 -19.8187 21.3738 -2 -19.4167 20.831 -2
3 14 -20.4715 19.7644 -2 -19.4167 20.831 -2 -18.8738 20.4005 -2
4 14 -20.4715 19.7644 -2 -18.8738 20.4005 -2 -18.1888 20.1326 -2 -18.2769 17.5012 -2
4 14 -18.2769 17.5012 -2 -18.1888 20.1326 -2 -17.6688 20.0552 -2 -17.7731 17.1033 -2
4 14 -16.8091 16.3416 -2 -16.6581 20.2109 -2 -15.9292 20.4796 -2 -15.7696 15.5204 -2
4 14 -15.7696 15.5204 -2 -15.9292 20.4796 -2 -15.2945 20.9158 -2 -13.419 14.1114 -2
4 14 -11.2175 17.4873 -2 -13.419 14.1114 -2 -15.2945 20.9158 -2 -11.777 18.7646 -2
4 14 -12.1902 20.3567 -2 -11.777 18.7646 -2 -15.2945 20.9158 -2 -14.8121 21.39 -2
4 14 -12.3494 21.9901 -2 -12.1902 20.3567 -2 -14.8121 21.39 -2 -14.3144 22.1258 -2
3 14 -12.3494 21.9901 -2 -14.3144 22.1258 -2 -13.8997 22.8923 -2
4 14 -12.2738 23.6389 -2 -12.3027 23.0102 -2 -13.5668 23.6847 -2 -13.3325 24.4889 -2
4 14 -11.9789 25.2949 -2 -12.2738 23.6389 -2 -13.3325 24.4889 -2 -13.218 25.3048 -2
4 14 -11.3963 27.1693 -2 -11.9789 25.2949 -2 -13.218 25.3048 -2 -13.1993 26.2216 -2
3 14 -22.6694 22.9262 -2 -21.4387 24.2037 -2 -20.9484 23.8307 -2
4 14 -21.9208 24.6884 -2 -21.4387 24.2037 -2 -22.6694 22.9262 -2 -23.7784 24.9784 -2
3 14 -21.9208 24.6884 -2 -23.7784 24.9784 -2 -22.2363 25.2767 -2
3 14 -23.7784 24.9784 -2 -22.3743 25.92 -2 -22.2363 25.2767 -2
4 14 -22.2867 26.594 -2 -22.3743 25.92 -2 -23.7784 24.9784 -2 -24.834 27.8402 -2
4 14 -22.1003 27.0426 -2 -22.2867 26.594 -2 -24.834 27.8402 -2 -24.9607 28.4363 -2
4 14 -20.8268 28.2019 -2 -21.4469 27.7616 -2 -25.2032 29.5772 -2 -25.4648 30.8073 -2
4 14 -20.0945 28.4842 -2 -20.8268 28.2019 -2 -25.4648 30.8073 -2 -25.6298 33.365 -2
4 14 -20.0945 28.4842 -2 -25.6298 33.365 -2 -21.3175 33.4127 -2 -20.3822 32.3329 -2
4 14 -20.0945 28.4842 -2 -20.3822 32.3329 -2 -19.0742 31.2111 -2 -19.4021 28.6274 -2
4 14 -19.4021 28.6274 -2 -19.0742 31.2111 -2 -17.5999 30.2689 -2 -18.4533 28.6519 -2
3 14 -17.5168 28.5956 -2 -18.4533 28.6519 -2 -17.5999 30.2689 -2
4 14 -16.5965 28.4618 -2 -16.6061 29.7957 -2 -15.9936 29.5041 -2 -15.7143 28.2445 -2
4 14 -15.7143 28.2445 -2 -15.9936 29.5041 -2 -14.2708 28.9086 -2 -14.8809 27.9268 -2
4 14 -14.8809 27.9268 -2 -14.2708 28.9086 -2 -12.1963 28.4307 -2 -13.9993 27.4831 -2
4 14 25.6298 33.365 -2 21.3175 33.4127 -2 21.8 34 -2 25.65 34 -2
4 14 -25.6298 33.365 -2 -25.6598 34 -2 -21.8 34 -2 -21.3175 33.4127 -2

3 16 -36.25 0 -2 -36.25 34 -2 -35.9399 29.6927 -2
3 16 -36.25 0 -2 -35.9399 29.6927 -2 -35.0148 25.459 -2
3 16 -36.25 0 -2 -35.0148 25.459 -2 -33.4906 21.3714 -2
3 16 -36.25 0 -2 -33.4906 21.3714 -2 -31.3934 17.5 -2
3 16 -36.25 0 -2 -31.3934 17.5 -2 -28.7591 13.9109 -2
3 16 -36.25 0 -2 -28.7591 13.9109 -2 -25.6326 10.6655 -2
3 16 -36.25 0 -2 -25.6326 10.6655 -2 -22.0676 7.81932 -2
3 16 -36.25 0 -2 -22.0676 7.81932 -2 -18.125 5.42116 -2
3 16 -36.25 0 -2 -18.125 5.42116 -2 -13.8723 3.51198 -2
3 16 -36.25 0 -2 -13.8723 3.51198 -2 -9.38219 2.12445 -2
3 16 -36.25 0 -2 -9.38219 2.12445 -2 -4.73157 1.28232 -2
3 16 -36.25 0 -2 -4.73157 1.28232 -2 0 1 -2
3 16 36.25 0 -2 -36.25 0 -2 0 1 -2
3 16 36.25 0 -2 0 1 -2 4.73157 1.28232 -2
3 16 36.25 0 -2 4.73157 1.28232 -2 9.38219 2.12445 -2
3 16 36.25 0 -2 9.38219 2.12445 -2 13.8723 3.51198 -2
3 16 36.25 0 -2 13.8723 3.51198 -2 18.125 5.42116 -2
3 16 36.25 0 -2 18.125 5.42116 -2 22.0676 7.81932 -2
3 16 36.25 0 -2 22.0676 7.81932 -2 25.6326 10.6655 -2
3 16 36.25 0 -2 25.6326 10.6655 -2 28.7591 13.9109 -2
3 16 36.25 0 -2 28.7591 13.9109 -2 31.3934 17.5 -2
3 16 36.25 0 -2 31.3934 17.5 -2 33.4906 21.3714 -2
3 16 36.25 0 -2 33.4906 21.3714 -2 35.0148 25.459 -2
3 16 36.25 0 -2 35.0148 25.459 -2 35.9399 29.6927 -2
3 16 36.25 0 -2 35.9399 29.6927 -2 36.25 34 -2
4 16 -34.1114 29.9118 -2 -34.4057 34 -2 -27.3466 34 -2 -27.1388 30.5975 -2
4 16 -33.2334 25.8935 -2 -34.1114 29.9118 -2 -27.1388 30.5975 -2 -26.4666 27.4352 -2
4 16 -31.7867 22.014 -2 -33.2334 25.8935 -2 -26.4666 27.4352 -2 -25.3415 24.3854 -2
4 16 -30.1501 18.9927 -2 -31.7867 22.014 -2 -25.3415 24.3854 -2 -24.1381 22.1575 -2
4 16 -27.2959 14.9329 -2 -29.3517 17.7338 -2 -23.335 20.8912 -2 -21.8173 18.8285 -2
4 16 -24.3285 11.8527 -2 -27.2959 14.9329 -2 -21.8173 18.8285 -2 -19.4785 16.4166 -2
4 16 -20.9449 9.15133 -2 -24.3285 11.8527 -2 -19.4785 16.4166 -2 -16.8063 14.3055 -2
4 16 -17.8681 7.27984 -2 -20.9449 9.15133 -2 -16.8063 14.3055 -2 -14.3918 12.7697 -2
4 16 -16.4852 6.55301 -2 -13.003 12.0396 -2 -10.3325 10.903 -2 -13.1665 5.06311 -2
4 16 -13.1665 5.06311 -2 -10.3325 10.903 -2 -6.98811 9.85185 -2 -8.90485 3.74618 -2
4 16 -8.90485 3.74618 -2 -6.98811 9.85185 -2 -3.52421 9.21388 -2 -4.49085 2.9469 -2
4 16 -4.49085 2.9469 -2 -3.52421 9.21388 -2 -0.80311 9.04874 -2 -0.79841 2.72658 -2
4 16 27.3466 34 -2 34.4057 34 -2 34.1114 29.9118 -2 27.1388 30.5975 -2
4 16 27.1388 30.5975 -2 34.1114 29.9118 -2 33.2334 25.8935 -2 26.4666 27.4352 -2
4 16 26.4666 27.4352 -2 33.2334 25.8935 -2 31.7867 22.014 -2 25.3415 24.3854 -2
4 16 25.3415 24.3854 -2 31.7867 22.014 -2 30.1501 18.9927 -2 24.1381 22.1575 -2
4 16 23.335 20.8912 -2 29.3517 17.7338 -2 27.2959 14.9329 -2 21.8173 18.8285 -2
4 16 21.8173 18.8285 -2 27.2959 14.9329 -2 24.3285 11.8527 -2 19.4785 16.4166 -2
4 16 19.4785 16.4166 -2 24.3285 11.8527 -2 20.9449 9.15133 -2 16.8063 14.3055 -2
4 16 16.8063 14.3055 -2 20.9449 9.15133 -2 17.8681 7.27984 -2 14.3918 12.7697 -2
4 16 10.3325 10.903 -2 13.003 12.0396 -2 16.4852 6.55301 -2 13.1665 5.06311 -2
4 16 6.98811 9.85185 -2 10.3325 10.903 -2 13.1665 5.06311 -2 8.90485 3.74618 -2
4 16 3.52421 9.21388 -2 6.98811 9.85185 -2 8.90485 3.74618 -2 4.49085 2.9469 -2
4 16 0.80311 9.04874 -2 3.52421 9.21388 -2 4.49085 2.9469 -2 0.79841 2.72658 -2
4 16 -27.3466 37.5 -2 -36.25 37.5 -2 -36.25 44.8 -2 -27.3466 44.8 -2
4 16 -1.5 37.5 -2 -25.65 37.5 -2 -25.65 44.8 -2 -1.5 44.8 -2
4 16 -27.3466 46.8 -2 -36.25 46.8 -2 -36.25 78.6 -2 -27.3466 78.6 -2
4 16 -1.5 46.8 -2 -25.65 46.8 -2 -25.65 78.6 -2 -1.5 78.6 -2
4 16 -27.3466 81.6 -2 -36.25 81.6 -2 -36.25 113.5 -2 -27.3466 113.5 -2
4 16 -1.5 81.6 -2 -25.65 81.6 -2 -25.65 113.5 -2 -1.5 113.5 -2
4 16 -27.3466 115.5 -2 -36.25 115.5 -2 -36.25 131.5 -2 -27.3466 131.5 -2
4 16 -1.5 115.5 -2 -25.65 115.5 -2 -25.65 131.5 -2 -1.5 131.5 -2
4 16 36.25 44.8 -2 36.25 37.5 -2 27.3466 37.5 -2 27.3466 44.8 -2
4 16 36.25 78.6 -2 36.25 46.8 -2 27.3466 46.8 -2 27.3466 78.6 -2
4 16 36.25 113.5 -2 36.25 81.6 -2 27.3466 81.6 -2 27.3466 113.5 -2
4 16 36.25 131.5 -2 36.25 115.5 -2 27.3466 115.5 -2 27.3466 131.5 -2
4 16 25.65 44.8 -2 25.65 37.5 -2 1.5 37.5 -2 1.5 44.8 -2
4 16 25.65 78.6 -2 25.65 46.8 -2 1.5 46.8 -2 1.5 78.6 -2
4 16 25.65 113.5 -2 25.65 81.6 -2 1.5 81.6 -2 1.5 113.5 -2
4 16 25.65 131.5 -2 25.65 115.5 -2 1.5 115.5 -2 1.5 131.5 -2
