0 Sticker  2.6 x  1.6 with Math Textbook with Geometric Figures
0 Name: 6037728i.dat
0 Author: Takeshi Takahashi [RainbowDolphin]
0 !LDRAW_ORG Unofficial_Part 
0 !LICENSE Redistributable under CCAL version 2.0 : see CAreadme.txt

0 BFC CERTIFY CCW

0 !KEYWORDS Set 41005, High school, Book, Mathematics


1 16 0 -0.25 0 16 0 0 0 0.25 0 0 0 26 box5-12.dat
4 191 16 -0.25 26 -16 -0.25 26 -16 -0.25 14.7 -4.7 -0.25 14.7
3 191 16 -0.25 26 -4.7 -0.25 14.7 16 -0.25 14.7
4 15 16 -0.25 13.2 16 -0.25 14.7 -4.7 -0.25 14.7 -3 -0.25 13.2
4 15 -3 -0.25 13.2 -4.7 -0.25 14.7 -7.3 -0.25 6.5 -7.2 -0.25 0.6
4 15 -11.4 -0.25 9.2 -7.2 -0.25 0.6 -7.3 -0.25 6.5 -10 -0.25 12.3
4 15 -11.4 -0.25 9.2 -10 -0.25 12.3 -13.6 -0.25 10.4 -12.6 -0.25 8.5
4 26 10 -0.25 -11 8 -0.25 -9 6.4 -0.25 -10.6 8.4 -0.25 -12.6
4 26 11.6 -0.25 -12.6 10 -0.25 -11 8.4 -0.25 -12.6 10 -0.25 -14.2
4 26 12 -0.25 -9 10 -0.25 -11 11.6 -0.25 -12.6 13.6 -0.25 -10.6
4 26 8 -0.25 -16.2 10 -0.25 -14.2 8.4 -0.25 -12.6 6.4 -0.25 -14.6
4 26 11.6 -0.25 -12.6 10 -0.25 -14.2 12 -0.25 -16.2 13.6 -0.25 -14.6
3 15 0.6 -0.25 6.6 -1.9 -0.25 0.9 10.1 -0.25 4.2
3 15 10.5 -0.25 3.8 -1.5 -0.25 0.5 7.5 -0.25 -7.8
3 15 10.8 -0.25 3.2 8 -0.25 -7.5 10.8 -0.25 -4.2
4 15 -12 -0.25 -18.4 -13.3 -0.25 -18.7 -13.2 -0.25 -19.3 -11.9 -0.25 -19
4 15 -10.2 -0.25 -18.1 -11.5 -0.25 -18.4 -11.4 -0.25 -19 -10.1 -0.25 -18.7
4 15 -8.4 -0.25 -17.7 -9.7 -0.25 -18 -9.6 -0.25 -18.6 -8.3 -0.25 -18.3
4 15 -6.6 -0.25 -17.4 -7.9 -0.25 -17.7 -7.8 -0.25 -18.3 -6.5 -0.25 -18
4 322 -7.9 -0.25 -17.7 -6.6 -0.25 -17.4 -4.8 -0.25 -1.4 -8.4 -0.25 -17.7
4 322 -9.7 -0.25 -18 -8.4 -0.25 -17.7 -4.8 -0.25 -1.4 -10.2 -0.25 -18.1
4 322 -11.5 -0.25 -18.4 -10.2 -0.25 -18.1 -4.8 -0.25 -1.4 -12 -0.25 -18.4
3 322 -4.8 -0.25 -1.4 -13.3 -0.25 -18.7 -12 -0.25 -18.4
3 322 -4.8 -0.25 -1.4 -14 -0.25 -19.2 -13.3 -0.25 -18.7
3 322 -13.3 -0.25 -18.7 -14 -0.25 -19.2 -13.2 -0.25 -19.3
3 322 -14 -0.25 -19.2 -6.5 -0.25 -22.7 -13.2 -0.25 -19.3
4 322 -11.9 -0.25 -19 -13.2 -0.25 -19.3 -6.5 -0.25 -22.7 -11.4 -0.25 -19
4 322 -11.9 -0.25 -19 -11.4 -0.25 -19 -11.5 -0.25 -18.4 -12 -0.25 -18.4
4 322 -10.1 -0.25 -18.7 -11.4 -0.25 -19 -6.5 -0.25 -22.7 -9.6 -0.25 -18.6
4 322 -10.1 -0.25 -18.7 -9.6 -0.25 -18.6 -9.7 -0.25 -18 -10.2 -0.25 -18.1
4 322 -8.3 -0.25 -18.3 -9.6 -0.25 -18.6 -6.5 -0.25 -22.7 -7.8 -0.25 -18.3
4 322 -8.3 -0.25 -18.3 -7.8 -0.25 -18.3 -7.9 -0.25 -17.7 -8.4 -0.25 -17.7
3 322 -6.5 -0.25 -18 -7.8 -0.25 -18.3 -6.5 -0.25 -22.7
3 322 -4.8 -0.25 -1.4 -6.5 -0.25 -18 -6.5 -0.25 -22.7
3 322 -4.8 -0.25 -1.4 -6.6 -0.25 -17.4 -6.5 -0.25 -18
4 15 -1.2 -0.25 -17.3 -2.4 -0.25 -17.1 -2.5 -0.25 -17.7 -1.3 -0.25 -17.9
4 15 0.6 -0.25 -17.6 -0.6 -0.25 -17.4 -0.7 -0.25 -18 0.5 -0.25 -18.2
4 15 2.4 -0.25 -18 1.2 -0.25 -17.8 1.1 -0.25 -18.4 2.3 -0.25 -18.6
4 15 4.2 -0.25 -18.3 3 -0.25 -18.1 2.9 -0.25 -18.7 4.1 -0.25 -18.9
4 15 5.8 -0.25 -18.7 4.8 -0.25 -18.5 4.7 -0.25 -19.1 5.7 -0.25 -19.3
4 15 -4 -0.25 -16 -3.4 -0.25 -16 -3.4 -0.25 -14.9 -4 -0.25 -14.9
4 15 -4.1 -0.25 -14.2 -3.5 -0.25 -14.2 -3.5 -0.25 -13.1 -4.1 -0.25 -13.1
4 15 -4.1 -0.25 -12.4 -3.5 -0.25 -12.4 -3.5 -0.25 -11.3 -4.1 -0.25 -11.3
4 15 -4.2 -0.25 -10.6 -3.6 -0.25 -10.6 -3.6 -0.25 -9.5 -4.2 -0.25 -9.5
4 15 -4.2 -0.25 -8.8 -3.6 -0.25 -8.8 -3.6 -0.25 -7.7 -4.2 -0.25 -7.7
4 15 -4.3 -0.25 -7 -3.7 -0.25 -7 -3.7 -0.25 -5.9 -4.3 -0.25 -5.9
4 15 -4.3 -0.25 -5.2 -3.7 -0.25 -5.2 -3.7 -0.25 -4.1 -4.3 -0.25 -4.1
4 15 -4.7 -0.25 -17.6 -4.8 -0.25 -17 -5.4 -0.25 -17.1 -5.4 -0.25 -17.8
4 15 -3.4 -0.25 -16.7 -4 -0.25 -16.7 -4 -0.25 -16.9 -3.4 -0.25 -16.9
4 15 -3.4 -0.25 -16.9 -4 -0.25 -16.9 -3.7 -0.25 -17.5 -3.3 -0.25 -17.6
3 15 -3.4 -0.25 -16.9 -3.3 -0.25 -17.6 -3.2 -0.25 -17
4 15 -4.1 -0.25 -17.5 -3.7 -0.25 -17.5 -4 -0.25 -16.9 -4.2 -0.25 -16.9
4 15 -3.8 -0.25 -3.3 -3.8 -0.25 -2.2 -4.2 -0.25 -2.2 -4.3 -0.25 -3.3
3 322 -4.1 -0.25 -0.9 -4.2 -0.25 -2.2 -3.8 -0.25 -2.2
4 322 -4.1 -0.25 -0.9 -3.8 -0.25 -2.2 5.8 -0.25 -18.7 6.7 -0.25 -19.1
3 322 5.8 -0.25 -18.7 5.7 -0.25 -19.3 6.7 -0.25 -19.1
3 322 6.7 -0.25 -19.1 5.7 -0.25 -19.3 -5.8 -0.25 -22.7
3 322 4.7 -0.25 -19.1 -5.8 -0.25 -22.7 5.7 -0.25 -19.3
4 322 -5.8 -0.25 -22.7 4.7 -0.25 -19.1 4.1 -0.25 -18.9 2.9 -0.25 -18.7
3 322 2.3 -0.25 -18.6 -5.8 -0.25 -22.7 2.9 -0.25 -18.7
3 322 1.1 -0.25 -18.4 -5.8 -0.25 -22.7 2.3 -0.25 -18.6
4 322 -5.8 -0.25 -22.7 1.1 -0.25 -18.4 0.5 -0.25 -18.2 -0.7 -0.25 -18
4 322 -1.3 -0.25 -17.9 -5.8 -0.25 -22.7 -0.7 -0.25 -18 -0.6 -0.25 -17.4
4 322 -5.8 -0.25 -22.7 -1.3 -0.25 -17.9 -2.5 -0.25 -17.7 -3.3 -0.25 -17.6
4 322 -5.8 -0.25 -22.7 -3.3 -0.25 -17.6 -3.7 -0.25 -17.5 -4.1 -0.25 -17.5
4 322 -5.8 -0.25 -22.7 -4.1 -0.25 -17.5 -4.7 -0.25 -17.6 -5.4 -0.25 -17.8
3 322 -4.3 -0.25 -3.3 -5.4 -0.25 -17.1 -4.3 -0.25 -4.1
3 322 -4.3 -0.25 -4.1 -5.4 -0.25 -17.1 -4.3 -0.25 -5.2
3 322 -4.3 -0.25 -5.2 -5.4 -0.25 -17.1 -4.3 -0.25 -5.9
3 322 -4.3 -0.25 -5.9 -5.4 -0.25 -17.1 -4.3 -0.25 -7
4 322 -4.2 -0.25 -7.7 -4.3 -0.25 -7 -5.4 -0.25 -17.1 -4.2 -0.25 -8.8
3 322 -4.2 -0.25 -8.8 -5.4 -0.25 -17.1 -4.2 -0.25 -9.5
3 322 -4.2 -0.25 -9.5 -5.4 -0.25 -17.1 -4.2 -0.25 -10.6
4 322 -4.1 -0.25 -11.3 -4.2 -0.25 -10.6 -5.4 -0.25 -17.1 -4.1 -0.25 -12.4
3 322 -4.1 -0.25 -12.4 -5.4 -0.25 -17.1 -4.1 -0.25 -13.1
3 322 -4.1 -0.25 -13.1 -5.4 -0.25 -17.1 -4.1 -0.25 -14.2
4 322 -4 -0.25 -14.9 -4.1 -0.25 -14.2 -5.4 -0.25 -17.1 -4.8 -0.25 -17
4 322 -4 -0.25 -16 -4 -0.25 -14.9 -4.8 -0.25 -17 -4.2 -0.25 -16.9
4 322 -4 -0.25 -16 -4.2 -0.25 -16.9 -4 -0.25 -16.7 -3.4 -0.25 -16
3 322 -4 -0.25 -16.7 -4.2 -0.25 -16.9 -4 -0.25 -16.9
4 322 -4.2 -0.25 -16.9 -4.8 -0.25 -17 -4.7 -0.25 -17.6 -4.1 -0.25 -17.5
4 322 5.8 -0.25 -18.7 -3.8 -0.25 -2.2 -3.8 -0.25 -3.3 4.8 -0.25 -18.5
4 322 4.8 -0.25 -18.5 -3.8 -0.25 -3.3 -3.7 -0.25 -4.1 4.2 -0.25 -18.3
4 322 -3.7 -0.25 -4.1 -3.8 -0.25 -3.3 -4.3 -0.25 -3.3 -4.3 -0.25 -4.1
4 322 4.8 -0.25 -18.5 4.2 -0.25 -18.3 4.1 -0.25 -18.9 4.7 -0.25 -19.1
4 322 4.2 -0.25 -18.3 -3.7 -0.25 -4.1 -3.7 -0.25 -5.2 3 -0.25 -18.1
4 322 3 -0.25 -18.1 -3.7 -0.25 -5.2 -3.7 -0.25 -5.9 2.4 -0.25 -18
4 322 -3.7 -0.25 -5.9 -3.7 -0.25 -5.2 -4.3 -0.25 -5.2 -4.3 -0.25 -5.9
4 322 3 -0.25 -18.1 2.4 -0.25 -18 2.3 -0.25 -18.6 2.9 -0.25 -18.7
4 322 2.4 -0.25 -18 -3.7 -0.25 -5.9 -3.7 -0.25 -7 1.2 -0.25 -17.8
4 322 1.2 -0.25 -17.8 -3.7 -0.25 -7 -3.6 -0.25 -7.7 0.6 -0.25 -17.6
4 322 -3.6 -0.25 -7.7 -3.7 -0.25 -7 -4.3 -0.25 -7 -4.2 -0.25 -7.7
4 322 1.2 -0.25 -17.8 0.6 -0.25 -17.6 0.5 -0.25 -18.2 1.1 -0.25 -18.4
4 322 0.6 -0.25 -17.6 -3.6 -0.25 -7.7 -3.6 -0.25 -8.8 -0.6 -0.25 -17.4
4 322 -0.6 -0.25 -17.4 -3.6 -0.25 -8.8 -3.6 -0.25 -9.5 -1.2 -0.25 -17.3
4 322 -3.6 -0.25 -9.5 -3.6 -0.25 -8.8 -4.2 -0.25 -8.8 -4.2 -0.25 -9.5
3 322 -1.2 -0.25 -17.3 -1.3 -0.25 -17.9 -0.6 -0.25 -17.4
4 322 -1.2 -0.25 -17.3 -3.6 -0.25 -9.5 -3.6 -0.25 -10.6 -3.5 -0.25 -11.3
4 322 -4.1 -0.25 -11.3 -3.5 -0.25 -11.3 -3.6 -0.25 -10.6 -4.2 -0.25 -10.6
3 322 -3.5 -0.25 -11.3 -3.5 -0.25 -12.4 -1.2 -0.25 -17.3
3 322 -3.5 -0.25 -12.4 -3.5 -0.25 -13.1 -1.2 -0.25 -17.3
4 322 -4.1 -0.25 -13.1 -3.5 -0.25 -13.1 -3.5 -0.25 -12.4 -4.1 -0.25 -12.4
4 322 -1.2 -0.25 -17.3 -3.5 -0.25 -13.1 -3.5 -0.25 -14.2 -3.4 -0.25 -14.9
4 322 -4 -0.25 -14.9 -3.4 -0.25 -14.9 -3.5 -0.25 -14.2 -4.1 -0.25 -14.2
4 322 -2.4 -0.25 -17.1 -1.2 -0.25 -17.3 -3.4 -0.25 -14.9 -3.4 -0.25 -16
4 322 -2.4 -0.25 -17.1 -3.4 -0.25 -16 -3.4 -0.25 -16.7 -3.2 -0.25 -17
3 322 -3.4 -0.25 -16 -4 -0.25 -16.7 -3.4 -0.25 -16.7
3 322 -3.4 -0.25 -16.7 -3.4 -0.25 -16.9 -3.2 -0.25 -17
4 322 -2.5 -0.25 -17.7 -2.4 -0.25 -17.1 -3.2 -0.25 -17 -3.3 -0.25 -17.6
4 15 -4.1 -0.25 -0.9 -4.3 -0.25 0.5 -4.8 -0.25 -1.4 -4.2 -0.25 -2.2
4 15 -14 -0.25 -19.2 -4.8 -0.25 -1.4 -4.3 -0.25 0.5 -14.7 -0.25 -19.4
4 15 -6.5 -0.25 -22.7 -14 -0.25 -19.2 -14.7 -0.25 -19.4 -6.1 -0.25 -23.3
4 15 -6.5 -0.25 -22.7 -6.1 -0.25 -23.3 -5.8 -0.25 -22.7 -5.4 -0.25 -17.8
3 15 -5.4 -0.25 -17.1 -6.5 -0.25 -22.7 -5.4 -0.25 -17.8
4 15 -4.8 -0.25 -1.4 -6.5 -0.25 -22.7 -5.4 -0.25 -17.1 -4.3 -0.25 -3.3
3 15 -4.8 -0.25 -1.4 -4.3 -0.25 -3.3 -4.2 -0.25 -2.2
4 15 6.7 -0.25 -19.1 -5.8 -0.25 -22.7 -6.1 -0.25 -23.3 7.7 -0.25 -19.4
4 15 6.7 -0.25 -19.1 7.7 -0.25 -19.4 0.4 -0.25 -7.1 -4.1 -0.25 -0.9
4 15 -4.1 -0.25 -0.9 0.4 -0.25 -7.1 -2 -0.25 -3.2 -4.3 -0.25 0.5
4 15 -2 -0.25 -3.2 0.4 -0.25 -7.1 7 -0.25 -8 -2.1 -0.25 0.3
3 30 -4.7 -0.25 14.7 -16 -0.25 14.7 -10 -0.25 12.3
3 30 -4.7 -0.25 14.7 -10 -0.25 12.3 -7.3 -0.25 6.5
3 30 -16 -0.25 14.7 -13.6 -0.25 10.4 -10 -0.25 12.3
4 30 -14.7 -0.25 -19.4 -13.6 -0.25 10.4 -16 -0.25 14.7 -16 -0.25 -26
3 30 -14.7 -0.25 -19.4 -16 -0.25 -26 -6.1 -0.25 -23.3
3 30 -6.1 -0.25 -23.3 -16 -0.25 -26 16 -0.25 -26
3 30 7.7 -0.25 -19.4 -6.1 -0.25 -23.3 16 -0.25 -26
4 30 7.7 -0.25 -19.4 16 -0.25 -26 12 -0.25 -16.2 8 -0.25 -16.2
3 30 13.6 -0.25 -14.6 12 -0.25 -16.2 16 -0.25 -26
4 30 13.6 -0.25 -10.6 13.6 -0.25 -14.6 16 -0.25 -26 16 -0.25 13.2
3 30 13.6 -0.25 -10.6 11.6 -0.25 -12.6 13.6 -0.25 -14.6
4 30 12 -0.25 -9 13.6 -0.25 -10.6 16 -0.25 13.2 10.8 -0.25 -4.2
3 30 16 -0.25 13.2 10.8 -0.25 3.2 10.8 -0.25 -4.2
3 30 16 -0.25 13.2 10.5 -0.25 3.8 10.8 -0.25 3.2
3 30 16 -0.25 13.2 10.1 -0.25 4.2 10.5 -0.25 3.8
4 30 0.6 -0.25 6.6 10.1 -0.25 4.2 16 -0.25 13.2 -3 -0.25 13.2
4 30 -1.9 -0.25 0.9 0.6 -0.25 6.6 -3 -0.25 13.2 -4.3 -0.25 0.5
4 30 -1.9 -0.25 0.9 -4.3 -0.25 0.5 -2.1 -0.25 0.3 -1.5 -0.25 0.5
3 30 -4.3 -0.25 0.5 -2 -0.25 -3.2 -2.1 -0.25 0.3
4 30 10.1 -0.25 4.2 -1.9 -0.25 0.9 -1.5 -0.25 0.5 10.5 -0.25 3.8
4 30 -1.5 -0.25 0.5 -2.1 -0.25 0.3 7 -0.25 -8 7.5 -0.25 -7.8
4 30 8 -0.25 -9 7.5 -0.25 -7.8 7 -0.25 -8 6.4 -0.25 -10.6
3 30 8 -0.25 -7.5 7.5 -0.25 -7.8 8 -0.25 -9
4 30 7.5 -0.25 -7.8 8 -0.25 -7.5 10.8 -0.25 3.2 10.5 -0.25 3.8
4 30 10.8 -0.25 -4.2 8 -0.25 -7.5 8 -0.25 -9 12 -0.25 -9
3 30 12 -0.25 -9 8 -0.25 -9 10 -0.25 -11
3 30 0.4 -0.25 -7.1 6.4 -0.25 -10.6 7 -0.25 -8
4 30 6.4 -0.25 -10.6 0.4 -0.25 -7.1 6.4 -0.25 -14.6 8.4 -0.25 -12.6
3 30 0.4 -0.25 -7.1 7.7 -0.25 -19.4 6.4 -0.25 -14.6
3 30 6.4 -0.25 -14.6 7.7 -0.25 -19.4 8 -0.25 -16.2
3 30 10 -0.25 -14.2 8 -0.25 -16.2 12 -0.25 -16.2
3 30 -3 -0.25 13.2 -7.2 -0.25 0.6 -4.3 -0.25 0.5
3 30 -7.2 -0.25 0.6 -14.7 -0.25 -19.4 -4.3 -0.25 0.5
4 30 -14.7 -0.25 -19.4 -7.2 -0.25 0.6 -11.4 -0.25 9.2 -12.6 -0.25 8.5
3 30 -13.6 -0.25 10.4 -14.7 -0.25 -19.4 -12.6 -0.25 8.5
