0 Sticker  1.8 x  1.8 with White "pizza" Graphics
0 Name: 6138629i.dat
0 Author: Joel Barker [joel333]
0 !LDRAW_ORG Unofficial_Part 
0 !LICENSE Redistributable under CCAL version 2.0 : see CAreadme.txt

0 BFC CERTIFY CCW

0 !KEYWORDS Ghostbusters, firehouse, set 75827


0 // red background

1 4 -15 -0.25 -15 -2 0 0 0 1 0 0 0 -2 1-4chrd.dat
1 4 -15 -0.25 15 -2 0 0 0 1 0 0 0 2 1-4chrd.dat
1 4 -14 -0.25 14 -1 0 0 0 1 0 0 0 1 1-4ndis.dat
1 4 -13.1 -0.25 9.8 0.4 0 0 0 1 0 0 0 0.4 2-4disc.dat
1 4 -11.18 -0.25 11.79 0.905 0 0 0 1 0 0 0 0.905 4-4disc.dat
1 4 -9.05 -0.25 13.25 0 0 -0.25 0 1 0 -0.25 0 0 2-4disc.dat
1 4 9.45 -0.25 13.25 0 0 0.25 0 1 0 -0.25 0 0 2-4disc.dat
1 4 11.46 -0.25 11.79 0.905 0 0 0 1 0 0 0 0.905 4-4disc.dat
1 4 13.42 -0.25 0.5 -0.25 0 0 0 1 0 0 0 -0.25 2-4disc.dat
1 4 13.42 -0.25 10 0.25 0 0 0 1 0 0 0 0.25 2-4disc.dat
1 4 14 -0.25 14 1 0 0 0 1 0 0 0 1 1-4ndis.dat
1 4 15 -0.25 -15 2 0 0 0 1 0 0 0 -2 1-4chrd.dat
1 4 15 -0.25 15 2 0 0 0 1 0 0 0 2 1-4chrd.dat
4 4 -15 -0.25 14 -15 -0.25 15 -17 -0.25 15 -17 -0.25 -15
3 4 -15 -0.25 17 -17 -0.25 15 -15 -0.25 15
3 4 -15 -0.25 17 -15 -0.25 15 -14 -0.25 15
3 4 -15 -0.25 14 -17 -0.25 -15 -15 -0.25 -9.73
4 4 -13.5 -0.25 -9.41 -15 -0.25 -9.73 -17 -0.25 -15 -15 -0.25 -17
4 4 -13.5 -0.25 -9.41 -15 -0.25 -17 -11.991 -0.25 -14.519 -11.964 -0.25 -14.247
3 4 -13.5 -0.25 -9.41 -11.964 -0.25 -14.247 -11.802 -0.25 -13.542
3 4 -13.1 -0.25 9.8 -13.5 -0.25 9.8 -13.5 -0.25 0
3 4 -12.725 -0.25 -9.22 -11.65 -0.25 -12.64 -11.498 -0.25 -11.804
4 4 -12.725 -0.25 0 -12.7 -0.25 9.8 -13.1 -0.25 9.8 -13.5 -0.25 0
4 4 -12.725 -0.25 -9.22 -12.725 -0.25 0 -13.5 -0.25 0 -13.5 -0.25 -9.41
4 4 -12.725 -0.25 -9.22 -13.5 -0.25 -9.41 -11.802 -0.25 -13.542 -11.65 -0.25 -12.64
3 4 -11.991 -0.25 -14.519 -15 -0.25 -17 -11.944 -0.25 -14.785
3 4 -11.944 -0.25 -14.785 -15 -0.25 -17 -11.792 -0.25 -15.032
3 4 -11.915 -0.25 -8.526 -12.028 -0.25 -9.046 -11.165 -0.25 -8.687
4 4 -11.896 -0.25 -7.605 -11.915 -0.25 -8.526 -11.165 -0.25 -8.687 -11.079 -0.25 -7.434
3 4 -11.792 -0.25 -15.032 -15 -0.25 -17 -11.582 -0.25 -15.184
4 4 -11.664 -0.25 -5.882 -11.837 -0.25 -6.575 -11.041 -0.25 -6.888 -10.927 -0.25 -6.299
4 4 -11.403 -0.25 -5.326 -11.664 -0.25 -5.882 -10.927 -0.25 -6.299 -10.737 -0.25 -5.884
3 4 -11.384 -0.25 -15.184 -11.582 -0.25 -15.184 -15 -0.25 -17
4 4 -11.356 -0.25 -10.943 -12.028 -0.25 -9.046 -12.725 -0.25 -9.22 -11.498 -0.25 -11.804
4 4 -11.231 -0.25 -9.859 -11.165 -0.25 -8.687 -12.028 -0.25 -9.046 -11.356 -0.25 -10.943
4 4 -11.079 -0.25 -7.434 -11.041 -0.25 -6.888 -11.837 -0.25 -6.575 -11.896 -0.25 -7.605
4 4 -10.936 -0.25 -14.861 -11.155 -0.25 -15.089 -4.15 -0.25 -17 -2.759 -0.25 -10.408
4 4 -10.737 -0.25 -5.884 -10.454 -0.25 -5.676 -11.118 -0.25 -5.04 -11.403 -0.25 -5.326
4 4 -10.641 -0.25 -4.774 -10.454 -0.25 -5.676 -10.198 -0.25 -5.647 -10.338 -0.25 -4.726
3 4 -10.641 -0.25 -4.774 -11.118 -0.25 -5.04 -10.454 -0.25 -5.676
4 4 -10.043 -0.25 -4.773 -10.338 -0.25 -4.726 -10.198 -0.25 -5.647 -10.025 -0.25 -5.713
4 4 -9.857 -0.25 -4.857 -10.043 -0.25 -4.773 -10.025 -0.25 -5.713 -9.891 -0.25 -5.874
4 4 -9.825 -0.25 -6.123 -9.786 -0.25 -6.76 -9.5 -0.25 -6.956 -8.993 -0.25 -6.421
4 4 -9.768 -0.25 -9.684 -9.171 -0.25 -10.18 -9.019 -0.25 -10.104 -9.738 -0.25 -9.382
4 4 -9.748 -0.25 -9.923 -9.384 -0.25 -10.208 -9.171 -0.25 -10.18 -9.768 -0.25 -9.684
4 4 -9.738 -0.25 -9.382 -9.019 -0.25 -10.104 -8.839 -0.25 -9.961 -9.57 -0.25 -8.823
4 4 -9.702 -0.25 -10.054 -9.608 -0.25 -10.168 -9.384 -0.25 -10.208 -9.748 -0.25 -9.923
4 4 -9.639 -0.25 -11.452 -9.999 -0.25 -11.508 -10.251 -0.25 -11.706 -10.337 -0.25 -11.965
4 4 -9.57 -0.25 -8.823 -8.839 -0.25 -9.961 -8.544 -0.25 -9.667 -9.342 -0.25 -8.357
4 4 -9.525 -0.25 -5.037 -9.857 -0.25 -4.857 -9.891 -0.25 -5.874 -9.825 -0.25 -6.123
4 4 -9.525 -0.25 -5.037 -9.825 -0.25 -6.123 -8.993 -0.25 -6.421 -9.265 -0.25 -5.191
4 4 -9.5 -0.25 -6.956 -9.786 -0.25 -6.76 -9.721 -0.25 -6.928 -9.618 -0.25 -7.006
4 4 -9.342 -0.25 -8.357 -8.544 -0.25 -9.667 -7.945 -0.25 -8.926 -8.829 -0.25 -7.596
4 4 -9.265 -0.25 -5.191 -8.993 -0.25 -6.421 -8.582 -0.25 -5.943 -9.045 -0.25 -5.192
4 4 -9.133 -0.25 -11.347 -9.639 -0.25 -11.452 -10.337 -0.25 -11.965 -10.566 -0.25 -13.23
4 4 -9.05 -0.25 13.25 -9.05 -0.25 13 0 -0.25 12.996 0 -0.25 13.5
4 4 -8.829 -0.25 -7.596 -7.945 -0.25 -8.926 -7.612 -0.25 -8.413 -8.421 -0.25 -7.121
4 4 -8.728 -0.25 -4.913 -9.045 -0.25 -5.192 -8.582 -0.25 -5.943 -8.173 -0.25 -5.572
3 4 -8.611 -0.25 -11.101 -9.133 -0.25 -11.347 -10.566 -0.25 -13.23
4 4 -8.421 -0.25 -7.121 -7.612 -0.25 -8.413 -7.336 -0.25 -7.842 -7.993 -0.25 -6.674
4 4 -8.344 -0.25 -4.634 -8.728 -0.25 -4.913 -8.173 -0.25 -5.572 -7.737 -0.25 -5.278
4 4 -8.098 -0.25 -10.74 -8.611 -0.25 -11.101 -10.566 -0.25 -13.23 -10.775 -0.25 -14.395
3 4 -8.098 -0.25 -10.74 -10.775 -0.25 -14.395 -10.936 -0.25 -14.861
4 4 -7.993 -0.25 -6.674 -7.336 -0.25 -7.842 -7.194 -0.25 -7.387 -7.803 -0.25 -6.532
4 4 -7.898 -0.25 -4.412 -8.344 -0.25 -4.634 -7.737 -0.25 -5.278 -7.404 -0.25 -5.135
4 4 -7.898 -0.25 -4.412 -7.404 -0.25 -5.135 -7.111 -0.25 -5.059 -7.216 -0.25 -4.189
4 4 -7.803 -0.25 -6.532 -7.194 -0.25 -7.387 -7.118 -0.25 -6.922 -7.613 -0.25 -6.456
4 4 -7.613 -0.25 -6.456 -7.118 -0.25 -6.922 -7.136 -0.25 -6.654 -7.432 -0.25 -6.446
3 4 -7.432 -0.25 -6.446 -7.136 -0.25 -6.654 -7.26 -0.25 -6.502
4 4 -7.216 -0.25 -4.189 -7.111 -0.25 -5.059 -6.691 -0.25 -5.078 -6.532 -0.25 -4.182
4 4 -7.012 -0.25 -9.541 -4.896 -0.25 -10.113 -4.934 -0.25 -9.952 -6.471 -0.25 -8.705
4 4 -6.532 -0.25 -4.182 -6.691 -0.25 -5.078 -6.311 -0.25 -5.238 -6.088 -0.25 -4.332
4 4 -6.471 -0.25 -8.705 -4.934 -0.25 -9.952 -4.963 -0.25 -9.372 -6.15 -0.25 -8.045
4 4 -6.088 -0.25 -4.332 -6.311 -0.25 -5.238 -6.016 -0.25 -5.532 -5.678 -0.25 -4.646
4 4 -5.454 -0.25 -4.696 -5.678 -0.25 -4.646 -6.016 -0.25 -5.532 -5.844 -0.25 -5.969
4 4 -5.292 -0.25 -4.687 -5.454 -0.25 -4.696 -5.844 -0.25 -5.969 -4.526 -0.25 -5.867
4 4 -5.115 -0.25 -4.584 -5.292 -0.25 -4.687 -4.526 -0.25 -5.867 -4.45 -0.25 -5.42
4 4 -4.915 -0.25 -8.574 -5.988 -0.25 -7.569 -6.15 -0.25 -8.045 -4.963 -0.25 -9.372
4 4 -4.887 -0.25 -4.327 -5.115 -0.25 -4.584 -4.45 -0.25 -5.42 -4.345 -0.25 -5.031
4 4 -4.82 -0.25 -7.463 -5.864 -0.25 -7.036 -5.988 -0.25 -7.569 -4.915 -0.25 -8.574
4 4 -4.82 -0.25 -10.265 -4.896 -0.25 -10.113 -7.012 -0.25 -9.541 -7.509 -0.25 -10.151
4 4 -4.725 -0.25 -4.073 -4.887 -0.25 -4.327 -4.345 -0.25 -5.031 -4.165 -0.25 -4.802
4 4 -4.706 -0.25 -10.37 -4.82 -0.25 -10.265 -7.509 -0.25 -10.151 -8.098 -0.25 -10.74
4 4 -4.64 -0.25 -6.427 -5.826 -0.25 -6.485 -5.864 -0.25 -7.036 -4.82 -0.25 -7.463
4 4 -4.573 -0.25 -10.427 -4.706 -0.25 -10.37 -8.098 -0.25 -10.74 -10.936 -0.25 -14.861
4 4 -4.564 -0.25 -3.716 -4.725 -0.25 -4.073 -4.165 -0.25 -4.802 -3.937 -0.25 -4.726
3 4 -4.564 -0.25 -3.716 -3.937 -0.25 -4.726 -3.747 -0.25 -4.736
4 4 -4.526 -0.25 -5.867 -5.844 -0.25 -5.969 -5.826 -0.25 -6.485 -4.64 -0.25 -6.427
3 4 -4.298 -0.25 -10.427 -4.573 -0.25 -10.427 -10.936 -0.25 -14.861
4 4 -4.298 -0.25 -10.427 -10.936 -0.25 -14.861 -2.759 -0.25 -10.408 -2.996 -0.25 -10.294
4 4 -4.15 -0.25 -17 -11.155 -0.25 -15.089 -11.384 -0.25 -15.184 -15 -0.25 -17
3 4 -3.88 -0.25 -9.486 -3.015 -0.25 -9.714 -2.958 -0.25 -9.591
4 4 -3.842 -0.25 -2.532 -4.592 -0.25 -1.743 -4.687 -0.25 -2.095 -4.638 -0.25 -2.603
4 4 -3.823 -0.25 -2.19 -4.45 -0.25 -1.487 -4.592 -0.25 -1.743 -3.842 -0.25 -2.532
4 4 -3.785 -0.25 -2.741 -3.842 -0.25 -2.532 -4.638 -0.25 -2.603 -4.525 -0.25 -2.995
4 4 -3.718 -0.25 -1.943 -4.193 -0.25 -1.145 -4.45 -0.25 -1.487 -3.823 -0.25 -2.19
4 4 -3.671 -0.25 -2.95 -3.785 -0.25 -2.741 -4.525 -0.25 -2.995 -4.526 -0.25 -3.339
4 4 -3.566 -0.25 -1.743 -3.956 -0.25 -0.936 -4.193 -0.25 -1.145 -3.718 -0.25 -1.943
4 4 -3.5 -0.25 -3.149 -3.671 -0.25 -2.95 -4.526 -0.25 -3.339 -4.564 -0.25 -3.716
3 4 -3.452 -0.25 -4.84 -3.243 -0.25 -4.983 -2.578 -0.25 -4.945
4 4 -3.405 -0.25 -0.632 -3.091 -0.25 -1.449 -2.759 -0.25 -1.439 -3.072 -0.25 -0.537
4 4 -3.338 -0.25 -1.553 -3.718 -0.25 -0.774 -3.956 -0.25 -0.936 -3.566 -0.25 -1.743
4 4 -3.272 -0.25 -3.244 -3.5 -0.25 -3.149 -4.564 -0.25 -3.716 -3.747 -0.25 -4.736
4 4 -3.272 -0.25 -3.244 -3.747 -0.25 -4.736 -2.379 -0.25 -4.622 -3.082 -0.25 -3.254
4 4 -3.234 -0.25 -5.544 -1.913 -0.25 -8.128 -2.502 -0.25 -5.382 -3.12 -0.25 -5.354
4 4 -3.091 -0.25 -1.449 -3.405 -0.25 -0.632 -3.718 -0.25 -0.774 -3.338 -0.25 -1.553
4 4 -3.082 -0.25 -3.254 -2.379 -0.25 -4.622 -2.045 -0.25 -4.422 -2.873 -0.25 -3.168
4 4 -3.072 -0.25 -9.847 -3.015 -0.25 -9.714 -3.88 -0.25 -9.486 -3.889 -0.25 -9.98
4 4 -3.072 -0.25 -10.104 -3.072 -0.25 -9.847 -3.889 -0.25 -9.98 -3.975 -0.25 -10.189
4 4 -2.996 -0.25 -10.294 -3.072 -0.25 -10.104 -3.975 -0.25 -10.189 -4.117 -0.25 -10.332
3 4 -2.996 -0.25 -10.294 -4.117 -0.25 -10.332 -4.298 -0.25 -10.427
4 4 -2.958 -0.25 -9.591 -2.835 -0.25 -9.372 -3.88 -0.25 -8.707 -3.88 -0.25 -9.486
4 4 -2.873 -0.25 -3.168 -2.045 -0.25 -4.422 -1.571 -0.25 -4.356 -2.645 -0.25 -2.931
4 4 -2.835 -0.25 -9.372 -2.607 -0.25 -9.068 -3.794 -0.25 -7.757 -3.88 -0.25 -8.707
4 4 -2.74 -0.25 -0.527 -3.072 -0.25 -0.537 -2.759 -0.25 -1.439 -2.379 -0.25 -0.594
3 4 -2.645 -0.25 -2.931 -1.742 -0.25 -3.33 -1.638 -0.25 -3.045
4 4 -2.607 -0.25 -9.068 -2.293 -0.25 -8.66 -3.604 -0.25 -6.722 -3.794 -0.25 -7.757
4 4 -2.588 -0.25 -5.202 -3.129 -0.25 -5.097 -3.12 -0.25 -5.354 -2.502 -0.25 -5.382
4 4 -2.578 -0.25 -4.945 -3.243 -0.25 -4.983 -3.129 -0.25 -5.097 -2.588 -0.25 -5.202
4 4 -2.379 -0.25 -0.594 -2.759 -0.25 -1.439 -2.559 -0.25 -1.515 -2.075 -0.25 -0.727
4 4 -2.379 -0.25 -4.622 -3.747 -0.25 -4.736 -3.452 -0.25 -4.84 -2.578 -0.25 -4.945
4 4 -2.322 -0.25 -10.36 2.296 -0.25 -9.401 2.029 -0.25 -9.277 -2.132 -0.25 -10.265
4 4 -2.322 -0.25 -10.36 -2.474 -0.25 -10.417 6.7 -0.25 -17 2.296 -0.25 -9.401
4 4 -2.293 -0.25 -8.66 -1.913 -0.25 -8.128 -3.5 -0.25 -6.199 -3.604 -0.25 -6.722
4 4 -2.132 -0.25 -10.265 2.029 -0.25 -9.277 1.764 -0.25 -9.087 -1.913 -0.25 -10.113
4 4 -2.075 -0.25 -0.727 -2.559 -0.25 -1.515 -2.464 -0.25 -1.62 -1.828 -0.25 -0.945
4 4 -1.913 -0.25 -8.128 -1.41 -0.25 -7.52 -2.265 -0.25 -5.477 -2.502 -0.25 -5.382
4 4 -1.913 -0.25 -8.128 -3.234 -0.25 -5.544 -3.386 -0.25 -5.8 -3.5 -0.25 -6.199
4 4 -1.828 -0.25 -0.945 -2.464 -0.25 -1.62 -2.379 -0.25 -1.791 -1.657 -0.25 -1.183
4 4 -1.742 -0.25 -3.33 -2.645 -0.25 -2.931 -1.571 -0.25 -4.356 -1.638 -0.25 -3.434
4 4 -1.695 -0.25 -9.942 -1.913 -0.25 -10.113 1.764 -0.25 -9.087 1.365 -0.25 -8.888
4 4 -1.638 -0.25 -3.045 -1.571 -0.25 -2.807 -2.493 -0.25 -2.655 -2.645 -0.25 -2.931
4 4 -1.571 -0.25 -2.807 -1.495 -0.25 -2.484 -2.426 -0.25 -2.37 -2.493 -0.25 -2.655
4 4 -1.543 -0.25 -1.458 -1.657 -0.25 -1.183 -2.379 -0.25 -1.791 -1.486 -0.25 -1.715
4 4 -1.495 -0.25 -2.484 -1.457 -0.25 -2.095 -2.388 -0.25 -2.133 -2.426 -0.25 -2.37
4 4 -1.486 -0.25 -1.715 -2.379 -0.25 -1.791 -2.388 -0.25 -2.133 -1.457 -0.25 -2.095
4 4 -1.41 -0.25 -7.52 -0.944 -0.25 -6.959 -1.761 -0.25 -5.553 -2.265 -0.25 -5.477
4 4 -1.381 -0.25 -3.529 -1.638 -0.25 -3.434 -1.571 -0.25 -4.356 -1.039 -0.25 -4.308
4 4 -1.315 -0.25 -9.695 -1.695 -0.25 -9.942 1.365 -0.25 -8.888 0.889 -0.25 -8.897
4 4 -1.039 -0.25 -3.52 -1.381 -0.25 -3.529 -1.039 -0.25 -4.308 -0.545 -0.25 -4.194
4 4 -0.944 -0.25 -6.959 -0.393 -0.25 -6.133 -1.077 -0.25 -5.525 -1.761 -0.25 -5.553
4 4 -0.887 -0.25 -9.467 -1.315 -0.25 -9.695 0.889 -0.25 -8.897 -0.336 -0.25 -9.258
4 4 -0.64 -0.25 -3.406 -1.039 -0.25 -3.52 -0.545 -0.25 -4.194 -0.051 -0.25 -4.07
4 4 -0.393 -0.25 -6.133 -0.023 -0.25 -5.601 -0.669 -0.25 -5.373 -1.077 -0.25 -5.525
4 4 -0.251 -0.25 -3.254 -0.64 -0.25 -3.406 -0.051 -0.25 -4.07 0.528 -0.25 -3.9
4 4 -0.032 -0.25 -7.966 -0.137 -0.25 -7.653 -0.156 -0.25 -7.833 -0.118 -0.25 -7.909
4 4 -0.023 -0.25 -5.601 -0.184 -0.25 -5.325 -0.412 -0.25 -5.325 -0.669 -0.25 -5.373
4 4 -0.004 -0.25 -5.496 -0.051 -0.25 -5.382 -0.184 -0.25 -5.325 -0.023 -0.25 -5.601
4 4 0 -0.25 12.996 9.45 -0.25 13 9.45 -0.25 13.25 0 -0.25 13.5
3 4 0 -0.25 13.5 -9.05 -0.25 13.5 -9.05 -0.25 13.25
4 4 0.082 -0.25 -3.102 -0.251 -0.25 -3.254 0.528 -0.25 -3.9 1.051 -0.25 -3.662
4 4 0.186 -0.25 -7.976 -0.023 -0.25 -7.434 -0.137 -0.25 -7.653 -0.032 -0.25 -7.966
4 4 0.348 -0.25 -7.881 0.205 -0.25 -7.149 -0.023 -0.25 -7.434 0.186 -0.25 -7.976
4 4 0.557 -0.25 -2.94 0.082 -0.25 -3.102 1.051 -0.25 -3.662 1.403 -0.25 -3.548
4 4 0.718 -0.25 -7.718 0.623 -0.25 -6.636 0.205 -0.25 -7.149 0.348 -0.25 -7.881
3 4 0.889 -0.25 -8.897 0.348 -0.25 -9.03 -0.336 -0.25 -9.258
4 4 0.994 -0.25 -2.864 0.557 -0.25 -2.94 1.403 -0.25 -3.548 1.735 -0.25 -3.539
4 4 1.307 -0.25 -7.558 0.994 -0.25 -6.142 0.623 -0.25 -6.636 0.718 -0.25 -7.718
4 4 1.488 -0.25 -2.769 0.994 -0.25 -2.864 1.735 -0.25 -3.539 1.944 -0.25 -3.634
4 4 1.488 -0.25 -2.769 1.944 -0.25 -3.634 2.875 -0.25 -3.539 2.096 -0.25 -2.674
4 4 1.925 -0.25 -7.558 1.441 -0.25 -5.582 0.994 -0.25 -6.142 1.307 -0.25 -7.558
4 4 2.096 -0.25 -2.674 2.875 -0.25 -3.539 3.037 -0.25 -3.406 2.799 -0.25 -2.551
4 4 2.144 -0.25 -3.852 2.78 -0.25 -3.757 2.875 -0.25 -3.539 1.944 -0.25 -3.634
4 4 2.163 -0.25 -4.327 2.049 -0.25 -4.631 3.084 -0.25 -4.365 2.904 -0.25 -4.204
4 4 2.163 -0.25 -4.327 2.904 -0.25 -4.204 2.79 -0.25 -4.033 2.182 -0.25 -4.07
4 4 2.182 -0.25 -4.07 2.79 -0.25 -4.033 2.78 -0.25 -3.757 2.144 -0.25 -3.852
4 4 2.286 -0.25 -7.624 2.619 -0.25 -7.624 1.441 -0.25 -5.582 1.925 -0.25 -7.558
3 4 2.676 -0.25 -9.391 2.296 -0.25 -9.401 6.7 -0.25 -17
4 4 2.771 -0.25 -7.548 2.961 -0.25 -7.339 1.441 -0.25 -5.582 2.619 -0.25 -7.624
3 4 2.799 -0.25 -2.551 3.037 -0.25 -3.406 3.217 -0.25 -3.311
4 4 2.799 -0.25 -2.551 3.217 -0.25 -3.311 3.512 -0.25 -3.254 3.531 -0.25 -2.408
4 4 2.961 -0.25 -7.339 3.236 -0.25 -6.931 1.688 -0.25 -5.202 1.441 -0.25 -5.582
4 4 3.236 -0.25 -6.931 3.721 -0.25 -6.389 2.049 -0.25 -4.631 1.688 -0.25 -5.202
4 4 3.531 -0.25 -2.408 3.512 -0.25 -3.254 3.911 -0.25 -3.235 4.281 -0.25 -3.168
3 4 3.569 -0.25 -8.774 3.084 -0.25 -9.135 6.7 -0.25 -10.835
4 4 3.721 -0.25 -6.389 4.034 -0.25 -6 3.084 -0.25 -4.365 2.049 -0.25 -4.631
4 4 4.034 -0.25 -6 4.243 -0.25 -5.734 3.312 -0.25 -4.422 3.084 -0.25 -4.365
4 4 4.205 -0.25 -2.285 3.531 -0.25 -2.408 4.281 -0.25 -3.168 4.709 -0.25 -3.073
4 4 4.243 -0.25 -5.734 4.718 -0.25 -5.126 4.025 -0.25 -4.394 3.312 -0.25 -4.422
4 4 4.718 -0.25 -5.126 4.975 -0.25 -4.717 4.452 -0.25 -4.327 4.025 -0.25 -4.394
4 4 4.747 -0.25 -2.19 4.205 -0.25 -2.285 4.709 -0.25 -3.073 5.165 -0.25 -2.969
4 4 4.918 -0.25 -6.75 4.947 -0.25 -6.855 5.071 -0.25 -6.902 4.927 -0.25 -6.606
4 4 4.927 -0.25 -6.606 5.071 -0.25 -6.902 5.232 -0.25 -6.843 5.069 -0.25 -6.35
4 4 4.975 -0.25 -4.717 5.098 -0.25 -4.47 4.737 -0.25 -4.223 4.452 -0.25 -4.327
4 4 5.069 -0.25 -6.35 5.232 -0.25 -6.843 5.584 -0.25 -6.691 5.439 -0.25 -5.905
4 4 5.098 -0.25 -4.47 5.117 -0.25 -4.346 4.927 -0.25 -4.147 4.737 -0.25 -4.223
4 4 5.117 -0.25 -4.346 5.117 -0.25 -4.213 5.032 -0.25 -4.147 4.927 -0.25 -4.147
4 4 5.279 -0.25 -2.037 4.747 -0.25 -2.19 5.165 -0.25 -2.969 5.706 -0.25 -2.769
4 4 5.439 -0.25 -5.905 5.584 -0.25 -6.691 5.978 -0.25 -6.578 5.896 -0.25 -5.286
4 4 5.716 -0.25 -1.913 5.279 -0.25 -2.037 5.706 -0.25 -2.769 6.086 -0.25 -2.617
4 4 5.896 -0.25 -5.286 5.978 -0.25 -6.578 6.485 -0.25 -6.531 6.408 -0.25 -4.583
4 4 6.134 -0.25 -1.791 5.716 -0.25 -1.913 6.086 -0.25 -2.617 6.542 -0.25 -2.513
4 4 6.408 -0.25 -4.583 6.485 -0.25 -6.531 6.997 -0.25 -6.55 7.72 -0.25 -5.721
4 4 6.685 -0.25 -4.211 6.408 -0.25 -4.583 7.72 -0.25 -5.721 7.796 -0.25 -5.358
4 4 6.7 -0.25 -10.835 6.656 -0.25 -7.776 6.191 -0.25 -7.776 5.858 -0.25 -7.833
4 4 6.7 -0.25 -10.835 5.858 -0.25 -7.833 5.402 -0.25 -7.966 4.775 -0.25 -8.175
4 4 6.7 -0.25 -10.835 4.775 -0.25 -8.175 4.215 -0.25 -8.403 3.569 -0.25 -8.774
4 4 6.7 -0.25 -10.835 3.084 -0.25 -9.135 2.676 -0.25 -9.391 6.7 -0.25 -17
4 4 6.7 -0.25 -17 -2.474 -0.25 -10.417 -2.759 -0.25 -10.408 -4.15 -0.25 -17
4 4 6.713 -0.25 -1.639 6.134 -0.25 -1.791 6.542 -0.25 -2.513 6.922 -0.25 -2.503
4 4 6.998 -0.25 -3.746 6.685 -0.25 -4.211 7.796 -0.25 -5.358 7.967 -0.25 -4.827
4 4 7.055 -0.25 -1.591 6.713 -0.25 -1.639 6.922 -0.25 -2.503 7.141 -0.25 -2.56
3 4 7.204 -0.25 -7.775 6.656 -0.25 -7.776 6.7 -0.25 -10.835
4 4 7.226 -0.25 -3.339 6.998 -0.25 -3.746 7.967 -0.25 -4.827 8.253 -0.25 -4.219
4 4 7.321 -0.25 -1.629 7.055 -0.25 -1.591 7.141 -0.25 -2.56 7.274 -0.25 -2.665
4 4 7.33 -0.25 -3.014 7.226 -0.25 -3.339 8.253 -0.25 -4.219 8.632 -0.25 -3.527
4 4 7.415 -0.25 -7.698 7.204 -0.25 -7.775 6.7 -0.25 -10.835 8.626 -0.25 -7.604
4 4 7.578 -0.25 -1.791 7.321 -0.25 -1.629 7.274 -0.25 -2.665 7.749 -0.25 -1.99
4 4 7.709 -0.25 -6.331 7.244 -0.25 -6.606 7.454 -0.25 -6.712 7.748 -0.25 -6.646
4 4 7.72 -0.25 -5.721 6.997 -0.25 -6.55 7.244 -0.25 -6.606 7.709 -0.25 -6.331
4 4 7.748 -0.25 -6.646 7.454 -0.25 -6.712 7.597 -0.25 -6.874 7.843 -0.25 -7.006
4 4 7.749 -0.25 -1.99 7.274 -0.25 -2.665 7.339 -0.25 -2.778 7.882 -0.25 -2.19
4 4 7.843 -0.25 -7.006 7.597 -0.25 -6.874 7.615 -0.25 -7.169 7.976 -0.25 -7.282
4 4 7.976 -0.25 -7.282 7.615 -0.25 -7.169 7.529 -0.25 -7.52 8.194 -0.25 -7.489
4 4 8.023 -0.25 -2.38 7.882 -0.25 -2.19 7.339 -0.25 -2.778 7.33 -0.25 -3.014
4 4 8.167 -0.25 -2.446 8.023 -0.25 -2.38 7.33 -0.25 -3.014 8.632 -0.25 -3.527
4 4 8.194 -0.25 -7.489 7.529 -0.25 -7.52 7.415 -0.25 -7.698 8.626 -0.25 -7.604
4 4 8.338 -0.25 -2.427 8.167 -0.25 -2.446 8.632 -0.25 -3.527 9.069 -0.25 -2.89
4 4 8.499 -0.25 -2.313 8.338 -0.25 -2.427 9.069 -0.25 -2.89 9.383 -0.25 -2.434
4 4 8.632 -0.25 -2.152 8.499 -0.25 -2.313 9.383 -0.25 -2.434 9.792 -0.25 -1.949
4 4 8.841 -0.25 -1.867 8.632 -0.25 -2.152 9.792 -0.25 -1.949 9.221 -0.25 -1.439
4 4 8.973 -0.25 -5.782 9.257 -0.25 -6.132 9.524 -0.25 -5.961 9.001 -0.25 -5.505
4 4 9.001 -0.25 -5.505 9.524 -0.25 -5.961 9.8 -0.25 -5.637 9.153 -0.25 -5.031
4 4 9.011 -0.25 -5.999 9.106 -0.25 -6.113 9.257 -0.25 -6.132 8.973 -0.25 -5.782
3 4 9.11 -0.25 -7.565 8.626 -0.25 -7.604 6.7 -0.25 -10.835
4 4 9.153 -0.25 -5.031 9.8 -0.25 -5.637 10.142 -0.25 -5.218 9.391 -0.25 -4.507
4 4 9.221 -0.25 -1.439 9.792 -0.25 -1.949 10.078 -0.25 -1.693 9.582 -0.25 -1.116
4 4 9.391 -0.25 -4.507 10.142 -0.25 -5.218 10.456 -0.25 -4.8 9.61 -0.25 -4.038
3 4 9.45 -0.25 13.5 0 -0.25 13.5 9.45 -0.25 13.25
4 4 9.582 -0.25 -1.116 10.078 -0.25 -1.693 10.457 -0.25 -1.428 9.877 -0.25 -0.907
4 4 9.61 -0.25 -4.038 10.456 -0.25 -4.8 10.73 -0.25 -4.345 9.847 -0.25 -3.651
4 4 9.847 -0.25 -3.651 10.73 -0.25 -4.345 10.987 -0.25 -3.859 10.083 -0.25 -3.303
4 4 9.877 -0.25 -0.907 10.457 -0.25 -1.428 10.846 -0.25 -1.23 10.266 -0.25 -0.679
4 4 10.083 -0.25 -3.303 10.987 -0.25 -3.859 11.12 -0.25 -3.566 10.292 -0.25 -3.016
4 4 10.266 -0.25 -0.679 10.846 -0.25 -1.23 11.159 -0.25 -1.135 10.732 -0.25 -0.48
4 4 10.292 -0.25 -3.016 11.12 -0.25 -3.566 11.196 -0.25 -3.318 10.445 -0.25 -2.845
4 4 10.445 -0.25 -2.845 11.196 -0.25 -3.318 11.224 -0.25 -3.12 10.606 -0.25 -2.684
4 4 10.606 -0.25 -2.684 11.224 -0.25 -3.12 11.244 -0.25 -2.883 10.778 -0.25 -2.579
4 4 10.778 -0.25 -2.579 11.244 -0.25 -2.883 11.234 -0.25 -2.692 10.937 -0.25 -2.532
3 4 10.937 -0.25 -2.532 11.234 -0.25 -2.692 11.128 -0.25 -2.559
4 4 11.083 -0.25 -0.413 10.732 -0.25 -0.48 11.159 -0.25 -1.135 11.416 -0.25 -1.116
4 4 11.168 -0.25 -5.99 11.074 -0.25 -5.942 10.94 -0.25 -5.961 11.273 -0.25 -6.154
4 4 11.273 -0.25 -6.154 10.94 -0.25 -5.961 10.625 -0.25 -6.265 11.387 -0.25 -6.43
4 4 11.387 -0.25 -6.43 10.625 -0.25 -6.265 10.189 -0.25 -6.72 11.587 -0.25 -6.742
4 4 11.482 -0.25 -0.404 11.083 -0.25 -0.413 11.416 -0.25 -1.116 11.633 -0.25 -1.164
4 4 11.587 -0.25 -6.742 10.189 -0.25 -6.72 9.593 -0.25 -7.25 11.891 -0.25 -6.998
4 4 11.777 -0.25 -0.423 11.482 -0.25 -0.404 11.633 -0.25 -1.164 12.119 -0.25 -0.565
4 4 12.119 -0.25 -0.565 11.633 -0.25 -1.164 11.957 -0.25 -1.363 12.356 -0.25 -0.689
4 4 12.131 -0.25 -7.063 11.891 -0.25 -6.998 9.593 -0.25 -7.25 13.3 -0.25 -10.835
4 4 12.356 -0.25 -0.689 11.957 -0.25 -1.363 12.232 -0.25 -1.525 12.698 -0.25 -0.898
3 4 12.359 -0.25 -7.014 12.131 -0.25 -7.063 13.3 -0.25 -10.835
3 4 12.641 -0.25 -6.843 12.359 -0.25 -7.014 13.3 -0.25 -10.835
4 4 12.698 -0.25 -0.898 12.232 -0.25 -1.525 12.478 -0.25 -1.677 12.945 -0.25 -1.116
3 4 12.888 -0.25 -6.585 12.641 -0.25 -6.843 13.3 -0.25 -10.835
4 4 12.945 -0.25 -1.116 12.478 -0.25 -1.677 12.63 -0.25 -1.868 13.114 -0.25 -1.344
4 4 13.114 -0.25 -1.344 12.63 -0.25 -1.868 12.678 -0.25 -2.097 13.286 -0.25 -1.62
4 4 13.17 -0.25 5.22 13.42 -0.25 0.5 13.669 -0.25 5.22 13.42 -0.25 10
3 4 13.17 -0.25 5.22 13.17 -0.25 0.5 13.42 -0.25 0.5
4 4 13.2 -0.25 -3.34 12.534 -0.25 -3.446 12.439 -0.25 -3.94 13.267 -0.25 -3.54
4 4 13.229 -0.25 -3.073 12.629 -0.25 -2.904 12.534 -0.25 -3.446 13.2 -0.25 -3.34
4 4 13.267 -0.25 -3.54 12.439 -0.25 -3.94 12.373 -0.25 -4.451 13.468 -0.25 -3.681
4 4 13.286 -0.25 -1.62 12.678 -0.25 -2.097 12.687 -0.25 -2.457 13.409 -0.25 -1.967
4 4 13.3 -0.25 -10.835 9.593 -0.25 -7.25 9.11 -0.25 -7.565 6.7 -0.25 -10.835
4 4 13.3 -0.25 -10.835 15 -0.25 -3.235 12.982 -0.25 -6.367 12.888 -0.25 -6.585
4 4 13.3 -0.25 -10.835 13.3 -0.25 -17 15 -0.25 -17 17 -0.25 -15
3 4 13.354 -0.25 -2.744 12.629 -0.25 -2.904 13.229 -0.25 -3.073
3 4 13.409 -0.25 -1.967 12.687 -0.25 -2.457 13.437 -0.25 -2.321
3 4 13.42 -0.25 10 13.17 -0.25 10 13.17 -0.25 5.22
4 4 13.437 -0.25 -2.321 12.687 -0.25 -2.457 12.629 -0.25 -2.904 13.354 -0.25 -2.744
4 4 13.468 -0.25 -3.681 12.373 -0.25 -4.451 12.364 -0.25 -4.926 13.745 -0.25 -3.718
3 4 13.669 -0.25 5.22 13.42 -0.25 0.5 13.67 -0.25 0.5
3 4 13.67 -0.25 10 13.42 -0.25 10 13.669 -0.25 5.22
4 4 13.745 -0.25 -3.718 12.364 -0.25 -4.926 12.441 -0.25 -5.263 14.097 -0.25 -3.679
4 4 14.097 -0.25 -3.679 12.441 -0.25 -5.263 12.555 -0.25 -5.527 12.746 -0.25 -5.781
3 4 14.097 -0.25 -3.679 12.746 -0.25 -5.781 12.877 -0.25 -5.981
4 4 14.097 -0.25 -3.679 12.877 -0.25 -5.981 12.972 -0.25 -6.159 14.732 -0.25 -3.444
4 4 14.732 -0.25 -3.444 12.972 -0.25 -6.159 12.982 -0.25 -6.367 15 -0.25 -3.235
4 4 15 -0.25 17 -15 -0.25 17 -14 -0.25 15 14 -0.25 15
3 4 15 -0.25 17 14 -0.25 15 15 -0.25 15
3 4 15 -0.25 17 15 -0.25 15 17 -0.25 15
3 4 15 -0.25 -3.235 13.3 -0.25 -10.835 17 -0.25 -15
3 4 17 -0.25 15 15 -0.25 15 15 -0.25 14
4 4 17 -0.25 15 15 -0.25 14 15 -0.25 -3.235 17 -0.25 -15
0 // character 'P'
4 15 -11.991 -0.25 -14.519 -11.944 -0.25 -14.785 -10.775 -0.25 -14.395 -11.964 -0.25 -14.247
4 15 -11.964 -0.25 -14.247 -10.775 -0.25 -14.395 -10.566 -0.25 -13.23 -11.802 -0.25 -13.542
4 15 -11.944 -0.25 -14.785 -11.792 -0.25 -15.032 -10.936 -0.25 -14.861 -10.775 -0.25 -14.395
4 15 -11.65 -0.25 -12.64 -11.802 -0.25 -13.542 -10.566 -0.25 -13.23 -10.337 -0.25 -11.965
4 15 -11.582 -0.25 -15.184 -11.384 -0.25 -15.184 -11.155 -0.25 -15.089 -11.792 -0.25 -15.032
4 15 -11.498 -0.25 -11.804 -10.337 -0.25 -11.965 -10.251 -0.25 -11.706 -11.356 -0.25 -10.943
3 15 -11.498 -0.25 -11.804 -11.65 -0.25 -12.64 -10.337 -0.25 -11.965
4 15 -11.356 -0.25 -10.943 -9.999 -0.25 -11.508 -9.639 -0.25 -11.452 -9.608 -0.25 -10.168
4 15 -11.356 -0.25 -10.943 -9.608 -0.25 -10.168 -9.702 -0.25 -10.054 -11.231 -0.25 -9.859
3 15 -11.356 -0.25 -10.943 -10.251 -0.25 -11.706 -9.999 -0.25 -11.508
4 15 -11.231 -0.25 -9.859 -9.748 -0.25 -9.923 -9.768 -0.25 -9.684 -11.165 -0.25 -8.687
3 15 -11.231 -0.25 -9.859 -9.702 -0.25 -10.054 -9.748 -0.25 -9.923
3 15 -11.165 -0.25 -8.687 -9.768 -0.25 -9.684 -9.738 -0.25 -9.382
4 15 -11.165 -0.25 -8.687 -9.738 -0.25 -9.382 -9.57 -0.25 -8.823 -11.079 -0.25 -7.434
4 15 -11.079 -0.25 -7.434 -9.57 -0.25 -8.823 -9.342 -0.25 -8.357 -9.618 -0.25 -7.006
4 15 -11.041 -0.25 -6.888 -11.079 -0.25 -7.434 -9.618 -0.25 -7.006 -9.721 -0.25 -6.928
4 15 -11.041 -0.25 -6.888 -9.721 -0.25 -6.928 -9.786 -0.25 -6.76 -10.927 -0.25 -6.299
3 15 -10.936 -0.25 -14.861 -11.792 -0.25 -15.032 -11.155 -0.25 -15.089
4 15 -10.927 -0.25 -6.299 -9.786 -0.25 -6.76 -9.825 -0.25 -6.123 -10.737 -0.25 -5.884
4 15 -10.737 -0.25 -5.884 -9.825 -0.25 -6.123 -9.891 -0.25 -5.874 -10.454 -0.25 -5.676
4 15 -10.454 -0.25 -5.676 -9.891 -0.25 -5.874 -10.025 -0.25 -5.713 -10.198 -0.25 -5.647
3 15 -9.618 -0.25 -7.006 -9.342 -0.25 -8.357 -8.829 -0.25 -7.596
4 15 -9.608 -0.25 -10.168 -9.639 -0.25 -11.452 -9.133 -0.25 -11.347 -9.384 -0.25 -10.208
4 15 -9.5 -0.25 -6.956 -9.618 -0.25 -7.006 -8.829 -0.25 -7.596 -8.421 -0.25 -7.121
4 15 -9.384 -0.25 -10.208 -9.133 -0.25 -11.347 -8.611 -0.25 -11.101 -9.171 -0.25 -10.18
4 15 -9.171 -0.25 -10.18 -8.611 -0.25 -11.101 -8.098 -0.25 -10.74 -9.019 -0.25 -10.104
4 15 -8.993 -0.25 -6.421 -9.5 -0.25 -6.956 -8.421 -0.25 -7.121 -7.993 -0.25 -6.674
4 15 -8.839 -0.25 -9.961 -9.019 -0.25 -10.104 -8.098 -0.25 -10.74 -7.509 -0.25 -10.151
3 15 -8.582 -0.25 -5.943 -8.993 -0.25 -6.421 -7.993 -0.25 -6.674
4 15 -8.544 -0.25 -9.667 -8.839 -0.25 -9.961 -7.509 -0.25 -10.151 -7.012 -0.25 -9.541
4 15 -7.993 -0.25 -6.674 -7.803 -0.25 -6.532 -8.173 -0.25 -5.572 -8.582 -0.25 -5.943
4 15 -7.945 -0.25 -8.926 -8.544 -0.25 -9.667 -7.012 -0.25 -9.541 -6.471 -0.25 -8.705
4 15 -7.803 -0.25 -6.532 -7.613 -0.25 -6.456 -7.737 -0.25 -5.278 -8.173 -0.25 -5.572
4 15 -7.613 -0.25 -6.456 -7.432 -0.25 -6.446 -7.404 -0.25 -5.135 -7.737 -0.25 -5.278
3 15 -7.612 -0.25 -8.413 -7.945 -0.25 -8.926 -6.471 -0.25 -8.705
4 15 -7.432 -0.25 -6.446 -6.691 -0.25 -5.078 -7.111 -0.25 -5.059 -7.404 -0.25 -5.135
4 15 -7.336 -0.25 -7.842 -7.612 -0.25 -8.413 -6.471 -0.25 -8.705 -6.15 -0.25 -8.045
4 15 -7.26 -0.25 -6.502 -5.844 -0.25 -5.969 -6.016 -0.25 -5.532 -6.311 -0.25 -5.238
4 15 -7.26 -0.25 -6.502 -6.311 -0.25 -5.238 -6.691 -0.25 -5.078 -7.432 -0.25 -6.446
4 15 -7.194 -0.25 -7.387 -7.336 -0.25 -7.842 -6.15 -0.25 -8.045 -5.988 -0.25 -7.569
4 15 -7.136 -0.25 -6.654 -7.118 -0.25 -6.922 -5.864 -0.25 -7.036 -5.826 -0.25 -6.485
4 15 -7.136 -0.25 -6.654 -5.826 -0.25 -6.485 -5.844 -0.25 -5.969 -7.26 -0.25 -6.502
4 15 -7.118 -0.25 -6.922 -7.194 -0.25 -7.387 -5.988 -0.25 -7.569 -5.864 -0.25 -7.036
0 // character 'i' (except dot)
4 15 -4.963 -0.25 -9.372 -3.889 -0.25 -9.98 -3.88 -0.25 -9.486 -4.915 -0.25 -8.574
4 15 -4.934 -0.25 -9.952 -3.975 -0.25 -10.189 -3.889 -0.25 -9.98 -4.963 -0.25 -9.372
4 15 -4.915 -0.25 -8.574 -3.88 -0.25 -9.486 -3.88 -0.25 -8.707 -4.82 -0.25 -7.463
4 15 -4.896 -0.25 -10.113 -4.117 -0.25 -10.332 -3.975 -0.25 -10.189 -4.934 -0.25 -9.952
4 15 -4.82 -0.25 -10.265 -4.298 -0.25 -10.427 -4.117 -0.25 -10.332 -4.896 -0.25 -10.113
4 15 -4.82 -0.25 -7.463 -3.88 -0.25 -8.707 -3.794 -0.25 -7.757 -4.64 -0.25 -6.427
4 15 -4.706 -0.25 -10.37 -4.573 -0.25 -10.427 -4.298 -0.25 -10.427 -4.82 -0.25 -10.265
4 15 -4.64 -0.25 -6.427 -3.604 -0.25 -6.722 -3.5 -0.25 -6.199 -4.526 -0.25 -5.867
3 15 -4.64 -0.25 -6.427 -3.794 -0.25 -7.757 -3.604 -0.25 -6.722
4 15 -4.526 -0.25 -5.867 -3.5 -0.25 -6.199 -3.386 -0.25 -5.8 -4.45 -0.25 -5.42
4 15 -4.45 -0.25 -5.42 -3.386 -0.25 -5.8 -3.234 -0.25 -5.544 -4.345 -0.25 -5.031
4 15 -4.345 -0.25 -5.031 -3.234 -0.25 -5.544 -3.452 -0.25 -4.84 -4.165 -0.25 -4.802
4 15 -4.165 -0.25 -4.802 -3.452 -0.25 -4.84 -3.747 -0.25 -4.736 -3.937 -0.25 -4.726
4 15 -3.243 -0.25 -4.983 -3.452 -0.25 -4.84 -3.234 -0.25 -5.544 -3.12 -0.25 -5.354
3 15 -3.243 -0.25 -4.983 -3.12 -0.25 -5.354 -3.129 -0.25 -5.097
0 // character 'i' (dot only)
4 15 -3.842 -0.25 -2.532 -3.082 -0.25 -3.254 -2.873 -0.25 -3.168 -3.823 -0.25 -2.19
4 15 -3.823 -0.25 -2.19 -2.873 -0.25 -3.168 -2.645 -0.25 -2.931 -3.718 -0.25 -1.943
4 15 -3.785 -0.25 -2.741 -3.272 -0.25 -3.244 -3.082 -0.25 -3.254 -3.842 -0.25 -2.532
4 15 -3.718 -0.25 -1.943 -2.645 -0.25 -2.931 -2.493 -0.25 -2.655 -3.566 -0.25 -1.743
4 15 -3.671 -0.25 -2.95 -3.5 -0.25 -3.149 -3.272 -0.25 -3.244 -3.785 -0.25 -2.741
4 15 -3.566 -0.25 -1.743 -2.493 -0.25 -2.655 -2.426 -0.25 -2.37 -2.388 -0.25 -2.133
4 15 -3.338 -0.25 -1.553 -3.566 -0.25 -1.743 -2.388 -0.25 -2.133 -2.379 -0.25 -1.791
4 15 -3.091 -0.25 -1.449 -3.338 -0.25 -1.553 -2.379 -0.25 -1.791 -2.464 -0.25 -1.62
4 15 -2.759 -0.25 -1.439 -3.091 -0.25 -1.449 -2.464 -0.25 -1.62 -2.559 -0.25 -1.515
0 // characters 'zz'
3 15 -2.996 -0.25 -10.294 -2.759 -0.25 -10.408 -2.474 -0.25 -10.417
4 15 -2.578 -0.25 -4.945 -2.588 -0.25 -5.202 -2.502 -0.25 -5.382 -2.379 -0.25 -4.622
4 15 -2.379 -0.25 -4.622 -2.502 -0.25 -5.382 -2.265 -0.25 -5.477 -2.045 -0.25 -4.422
4 15 -2.322 -0.25 -10.36 -3.072 -0.25 -10.104 -2.996 -0.25 -10.294 -2.474 -0.25 -10.417
4 15 -2.132 -0.25 -10.265 -3.072 -0.25 -9.847 -3.072 -0.25 -10.104 -2.322 -0.25 -10.36
4 15 -2.045 -0.25 -4.422 -2.265 -0.25 -5.477 -1.761 -0.25 -5.553 -1.571 -0.25 -4.356
4 15 -1.913 -0.25 -10.113 -3.015 -0.25 -9.714 -3.072 -0.25 -9.847 -2.132 -0.25 -10.265
4 15 -1.695 -0.25 -9.942 -2.958 -0.25 -9.591 -3.015 -0.25 -9.714 -1.913 -0.25 -10.113
4 15 -1.571 -0.25 -4.356 -1.761 -0.25 -5.553 -1.077 -0.25 -5.525 -1.039 -0.25 -4.308
4 15 -1.315 -0.25 -9.695 -2.835 -0.25 -9.372 -2.958 -0.25 -9.591 -1.695 -0.25 -9.942
4 15 -1.039 -0.25 -4.308 -1.077 -0.25 -5.525 -0.669 -0.25 -5.373 -0.545 -0.25 -4.194
4 15 -0.887 -0.25 -9.467 -2.607 -0.25 -9.068 -2.835 -0.25 -9.372 -1.315 -0.25 -9.695
4 15 -0.545 -0.25 -4.194 -0.669 -0.25 -5.373 -0.412 -0.25 -5.325 -0.051 -0.25 -4.07
4 15 -0.336 -0.25 -9.258 -2.293 -0.25 -8.66 -2.607 -0.25 -9.068 -0.887 -0.25 -9.467
4 15 -0.156 -0.25 -7.833 -0.137 -0.25 -7.653 -1.913 -0.25 -8.128 -2.293 -0.25 -8.66
4 15 -0.137 -0.25 -7.653 -0.023 -0.25 -7.434 -1.41 -0.25 -7.52 -1.913 -0.25 -8.128
4 15 -0.118 -0.25 -7.909 -0.156 -0.25 -7.833 -2.293 -0.25 -8.66 -0.336 -0.25 -9.258
3 15 -0.118 -0.25 -7.909 -0.336 -0.25 -9.258 -0.032 -0.25 -7.966
4 15 -0.051 -0.25 -4.07 -0.412 -0.25 -5.325 -0.184 -0.25 -5.325 0.528 -0.25 -3.9
4 15 -0.023 -0.25 -7.434 0.205 -0.25 -7.149 -0.944 -0.25 -6.959 -1.41 -0.25 -7.52
4 15 0.186 -0.25 -7.976 -0.032 -0.25 -7.966 -0.336 -0.25 -9.258 0.348 -0.25 -9.03
4 15 0.205 -0.25 -7.149 0.623 -0.25 -6.636 -0.393 -0.25 -6.133 -0.944 -0.25 -6.959
4 15 0.348 -0.25 -7.881 0.186 -0.25 -7.976 0.348 -0.25 -9.03 0.889 -0.25 -8.897
4 15 0.528 -0.25 -3.9 -0.184 -0.25 -5.325 -0.051 -0.25 -5.382 1.688 -0.25 -5.202
4 15 0.623 -0.25 -6.636 0.994 -0.25 -6.142 -0.023 -0.25 -5.601 -0.393 -0.25 -6.133
4 15 0.718 -0.25 -7.718 0.348 -0.25 -7.881 0.889 -0.25 -8.897 1.365 -0.25 -8.888
4 15 0.994 -0.25 -6.142 1.441 -0.25 -5.582 -0.004 -0.25 -5.496 -0.023 -0.25 -5.601
4 15 1.051 -0.25 -3.662 0.528 -0.25 -3.9 1.688 -0.25 -5.202 2.049 -0.25 -4.631
4 15 1.307 -0.25 -7.558 0.718 -0.25 -7.718 1.365 -0.25 -8.888 1.925 -0.25 -7.558
4 15 1.403 -0.25 -3.548 1.051 -0.25 -3.662 2.049 -0.25 -4.631 2.163 -0.25 -4.327
4 15 1.441 -0.25 -5.582 1.688 -0.25 -5.202 -0.051 -0.25 -5.382 -0.004 -0.25 -5.496
4 15 1.735 -0.25 -3.539 1.403 -0.25 -3.548 2.163 -0.25 -4.327 2.182 -0.25 -4.07
4 15 1.925 -0.25 -7.558 1.365 -0.25 -8.888 1.764 -0.25 -9.087 2.286 -0.25 -7.624
4 15 1.944 -0.25 -3.634 1.735 -0.25 -3.539 2.182 -0.25 -4.07 2.144 -0.25 -3.852
4 15 2.286 -0.25 -7.624 1.764 -0.25 -9.087 2.029 -0.25 -9.277 2.619 -0.25 -7.624
4 15 2.619 -0.25 -7.624 2.029 -0.25 -9.277 2.296 -0.25 -9.401 2.676 -0.25 -9.391
4 15 2.619 -0.25 -7.624 2.676 -0.25 -9.391 3.084 -0.25 -9.135 2.771 -0.25 -7.548
4 15 2.771 -0.25 -7.548 3.084 -0.25 -9.135 3.569 -0.25 -8.774 2.961 -0.25 -7.339
4 15 2.904 -0.25 -4.204 2.875 -0.25 -3.539 2.78 -0.25 -3.757 2.79 -0.25 -4.033
4 15 2.961 -0.25 -7.339 3.569 -0.25 -8.774 4.215 -0.25 -8.403 3.236 -0.25 -6.931
4 15 3.084 -0.25 -4.365 3.037 -0.25 -3.406 2.875 -0.25 -3.539 2.904 -0.25 -4.204
4 15 3.236 -0.25 -6.931 4.215 -0.25 -8.403 4.775 -0.25 -8.175 3.721 -0.25 -6.389
4 15 3.312 -0.25 -4.422 3.217 -0.25 -3.311 3.037 -0.25 -3.406 3.084 -0.25 -4.365
4 15 3.721 -0.25 -6.389 4.947 -0.25 -6.855 4.918 -0.25 -6.75 4.034 -0.25 -6
4 15 4.025 -0.25 -4.394 3.512 -0.25 -3.254 3.217 -0.25 -3.311 3.312 -0.25 -4.422
4 15 4.034 -0.25 -6 4.918 -0.25 -6.75 4.927 -0.25 -6.606 4.243 -0.25 -5.734
3 15 4.243 -0.25 -5.734 4.927 -0.25 -6.606 5.069 -0.25 -6.35
4 15 4.243 -0.25 -5.734 5.069 -0.25 -6.35 5.439 -0.25 -5.905 4.718 -0.25 -5.126
4 15 4.452 -0.25 -4.327 3.911 -0.25 -3.235 3.512 -0.25 -3.254 4.025 -0.25 -4.394
4 15 4.718 -0.25 -5.126 5.439 -0.25 -5.905 5.896 -0.25 -5.286 4.975 -0.25 -4.717
4 15 4.737 -0.25 -4.223 4.281 -0.25 -3.168 3.911 -0.25 -3.235 4.452 -0.25 -4.327
4 15 4.927 -0.25 -4.147 4.709 -0.25 -3.073 4.281 -0.25 -3.168 4.737 -0.25 -4.223
4 15 4.947 -0.25 -6.855 3.721 -0.25 -6.389 4.775 -0.25 -8.175 5.402 -0.25 -7.966
4 15 4.975 -0.25 -4.717 5.896 -0.25 -5.286 6.408 -0.25 -4.583 5.098 -0.25 -4.47
4 15 5.032 -0.25 -4.147 5.165 -0.25 -2.969 4.709 -0.25 -3.073 4.927 -0.25 -4.147
4 15 5.071 -0.25 -6.902 4.947 -0.25 -6.855 5.402 -0.25 -7.966 5.858 -0.25 -7.833
4 15 5.098 -0.25 -4.47 6.408 -0.25 -4.583 6.685 -0.25 -4.211 5.117 -0.25 -4.346
4 15 5.117 -0.25 -4.346 6.685 -0.25 -4.211 6.998 -0.25 -3.746 5.117 -0.25 -4.213
4 15 5.117 -0.25 -4.213 5.706 -0.25 -2.769 5.165 -0.25 -2.969 5.032 -0.25 -4.147
4 15 5.232 -0.25 -6.843 5.071 -0.25 -6.902 5.858 -0.25 -7.833 6.191 -0.25 -7.776
4 15 5.584 -0.25 -6.691 5.232 -0.25 -6.843 6.191 -0.25 -7.776 5.978 -0.25 -6.578
4 15 5.706 -0.25 -2.769 5.117 -0.25 -4.213 6.998 -0.25 -3.746 7.226 -0.25 -3.339
4 15 5.978 -0.25 -6.578 6.191 -0.25 -7.776 6.656 -0.25 -7.776 6.485 -0.25 -6.531
4 15 6.086 -0.25 -2.617 5.706 -0.25 -2.769 7.226 -0.25 -3.339 7.33 -0.25 -3.014
4 15 6.542 -0.25 -2.513 6.086 -0.25 -2.617 7.33 -0.25 -3.014 7.339 -0.25 -2.778
4 15 6.922 -0.25 -2.503 6.542 -0.25 -2.513 7.339 -0.25 -2.778 7.274 -0.25 -2.665
3 15 6.922 -0.25 -2.503 7.274 -0.25 -2.665 7.141 -0.25 -2.56
4 15 6.997 -0.25 -6.55 6.485 -0.25 -6.531 6.656 -0.25 -7.776 7.204 -0.25 -7.775
4 15 7.244 -0.25 -6.606 6.997 -0.25 -6.55 7.204 -0.25 -7.775 7.415 -0.25 -7.698
4 15 7.454 -0.25 -6.712 7.244 -0.25 -6.606 7.415 -0.25 -7.698 7.529 -0.25 -7.52
4 15 7.597 -0.25 -6.874 7.454 -0.25 -6.712 7.529 -0.25 -7.52 7.615 -0.25 -7.169
0 // character 'a'
4 15 7.709 -0.25 -6.331 7.748 -0.25 -6.646 9.011 -0.25 -5.999 8.973 -0.25 -5.782
4 15 7.72 -0.25 -5.721 7.709 -0.25 -6.331 8.973 -0.25 -5.782 7.796 -0.25 -5.358
4 15 7.796 -0.25 -5.358 8.973 -0.25 -5.782 9.001 -0.25 -5.505 7.967 -0.25 -4.827
4 15 7.843 -0.25 -7.006 7.976 -0.25 -7.282 9.011 -0.25 -5.999 7.748 -0.25 -6.646
4 15 7.967 -0.25 -4.827 9.001 -0.25 -5.505 9.153 -0.25 -5.031 8.253 -0.25 -4.219
4 15 8.194 -0.25 -7.489 9.106 -0.25 -6.113 9.011 -0.25 -5.999 7.976 -0.25 -7.282
3 15 8.253 -0.25 -4.219 9.153 -0.25 -5.031 9.391 -0.25 -4.507
4 15 8.253 -0.25 -4.219 9.391 -0.25 -4.507 9.61 -0.25 -4.038 8.632 -0.25 -3.527
4 15 8.626 -0.25 -7.604 9.11 -0.25 -7.565 9.106 -0.25 -6.113 8.194 -0.25 -7.489
4 15 8.632 -0.25 -3.527 9.61 -0.25 -4.038 9.847 -0.25 -3.651 9.069 -0.25 -2.89
4 15 9.069 -0.25 -2.89 9.847 -0.25 -3.651 10.083 -0.25 -3.303 9.383 -0.25 -2.434
4 15 9.383 -0.25 -2.434 10.083 -0.25 -3.303 10.292 -0.25 -3.016 9.792 -0.25 -1.949
4 15 9.593 -0.25 -7.25 9.257 -0.25 -6.132 9.106 -0.25 -6.113 9.11 -0.25 -7.565
3 15 9.792 -0.25 -1.949 10.292 -0.25 -3.016 10.445 -0.25 -2.845
4 15 9.792 -0.25 -1.949 10.445 -0.25 -2.845 10.606 -0.25 -2.684 10.078 -0.25 -1.693
4 15 10.078 -0.25 -1.693 10.606 -0.25 -2.684 10.778 -0.25 -2.579 10.457 -0.25 -1.428
4 15 10.189 -0.25 -6.72 9.524 -0.25 -5.961 9.257 -0.25 -6.132 9.593 -0.25 -7.25
4 15 10.457 -0.25 -1.428 10.778 -0.25 -2.579 10.937 -0.25 -2.532 10.846 -0.25 -1.23
4 15 10.625 -0.25 -6.265 9.8 -0.25 -5.637 9.524 -0.25 -5.961 10.189 -0.25 -6.72
4 15 10.937 -0.25 -2.532 12.478 -0.25 -1.677 12.232 -0.25 -1.525 11.957 -0.25 -1.363
4 15 10.94 -0.25 -5.961 10.142 -0.25 -5.218 9.8 -0.25 -5.637 10.625 -0.25 -6.265
4 15 10.987 -0.25 -3.859 10.73 -0.25 -4.345 12.364 -0.25 -4.926 12.373 -0.25 -4.451
4 15 11.074 -0.25 -5.942 10.456 -0.25 -4.8 10.142 -0.25 -5.218 10.94 -0.25 -5.961
4 15 11.12 -0.25 -3.566 10.987 -0.25 -3.859 12.373 -0.25 -4.451 12.439 -0.25 -3.94
4 15 11.12 -0.25 -3.566 12.439 -0.25 -3.94 12.534 -0.25 -3.446 11.196 -0.25 -3.318
4 15 11.128 -0.25 -2.559 12.63 -0.25 -1.868 12.478 -0.25 -1.677 10.937 -0.25 -2.532
4 15 11.159 -0.25 -1.135 10.846 -0.25 -1.23 10.937 -0.25 -2.532 11.416 -0.25 -1.116
4 15 11.168 -0.25 -5.99 12.441 -0.25 -5.263 12.364 -0.25 -4.926 10.73 -0.25 -4.345
4 15 11.168 -0.25 -5.99 10.73 -0.25 -4.345 10.456 -0.25 -4.8 11.074 -0.25 -5.942
4 15 11.196 -0.25 -3.318 12.534 -0.25 -3.446 12.629 -0.25 -2.904 11.224 -0.25 -3.12
4 15 11.224 -0.25 -3.12 12.629 -0.25 -2.904 12.687 -0.25 -2.457 11.244 -0.25 -2.883
4 15 11.234 -0.25 -2.692 12.678 -0.25 -2.097 12.63 -0.25 -1.868 11.128 -0.25 -2.559
4 15 11.244 -0.25 -2.883 12.687 -0.25 -2.457 12.678 -0.25 -2.097 11.234 -0.25 -2.692
4 15 11.273 -0.25 -6.154 12.555 -0.25 -5.527 12.441 -0.25 -5.263 11.168 -0.25 -5.99
4 15 11.387 -0.25 -6.43 12.641 -0.25 -6.843 12.888 -0.25 -6.585 12.746 -0.25 -5.781
4 15 11.387 -0.25 -6.43 12.746 -0.25 -5.781 12.555 -0.25 -5.527 11.273 -0.25 -6.154
4 15 11.587 -0.25 -6.742 12.359 -0.25 -7.014 12.641 -0.25 -6.843 11.387 -0.25 -6.43
4 15 11.633 -0.25 -1.164 11.416 -0.25 -1.116 10.937 -0.25 -2.532 11.957 -0.25 -1.363
4 15 11.891 -0.25 -6.998 12.131 -0.25 -7.063 12.359 -0.25 -7.014 11.587 -0.25 -6.742
4 15 12.746 -0.25 -5.781 12.888 -0.25 -6.585 12.982 -0.25 -6.367 12.877 -0.25 -5.981
3 15 12.877 -0.25 -5.981 12.982 -0.25 -6.367 12.972 -0.25 -6.159
0 // white background
1 15 -14 -0.25 14 -1 0 0 0 1 0 0 0 1 1-4chrd.dat
1 15 -13.1 -0.25 9.8 0.4 0 0 0 1 0 0 0 0.4 2-4ndis.dat
1 15 -11.18 -0.25 11.79 0.905 0 0 0 1 0 0 0 0.905 4-4ndis.dat
1 15 -9.05 -0.25 13.25 0 0 -0.25 0 1 0 -0.25 0 0 2-4ndis.dat
1 15 9.45 -0.25 13.25 0 0 0.25 0 1 0 -0.25 0 0 2-4ndis.dat
1 15 11.46 -0.25 11.79 0.905 0 0 0 1 0 0 0 0.905 4-4ndis.dat
1 15 13.42 -0.25 10 0.25 0 0 0 1 0 0 0 0.25 2-4ndis.dat
1 15 13.42 -0.25 0.5 -0.25 0 0 0 1 0 0 0 -0.25 2-4ndis.dat
1 15 14 -0.25 14 1 0 0 0 1 0 0 0 1 1-4chrd.dat
3 15 -14 -0.25 15 -12.085 -0.25 12.695 -9.3 -0.25 13.5
3 15 -14 -0.25 15 -9.3 -0.25 13.5 -9.05 -0.25 13.5
3 15 -14 -0.25 15 -9.05 -0.25 13.5 0 -0.25 13.5
3 15 -13.5 -0.25 0 -15 -0.25 -9.73 -13.5 -0.25 -9.41
4 15 -13.5 -0.25 9.8 -13.5 -0.25 10.2 -15 -0.25 14 -15 -0.25 -9.73
3 15 -13.5 -0.25 9.8 -15 -0.25 -9.73 -13.5 -0.25 0
4 15 -12.725 -0.25 -9.22 -11.837 -0.25 -6.575 -11.664 -0.25 -5.882 -12.725 -0.25 0
3 15 -12.725 -0.25 0 -11.664 -0.25 -5.882 -11.403 -0.25 -5.326
3 15 -12.7 -0.25 9.8 -10.8 -0.25 4.69 -10.25 -0.25 5.75
4 15 -12.7 -0.25 9.8 -10.25 -0.25 5.75 -9.62 -0.25 6.75 -11.18 -0.25 10.885
4 15 -12.085 -0.25 12.695 -14 -0.25 15 -15 -0.25 14 -13.5 -0.25 10.2
4 15 -12.085 -0.25 11.79 -12.085 -0.25 12.695 -13.5 -0.25 10.2 -13.1 -0.25 10.2
4 15 -12.085 -0.25 10.885 -12.085 -0.25 11.79 -13.1 -0.25 10.2 -12.7 -0.25 10.2
4 15 -11.915 -0.25 -8.526 -11.896 -0.25 -7.605 -12.725 -0.25 -9.22 -12.028 -0.25 -9.046
3 15 -11.837 -0.25 -6.575 -12.725 -0.25 -9.22 -11.896 -0.25 -7.605
3 15 -11.78 -0.25 0 -12.725 -0.25 0 -11.64 -0.25 -1.16
3 15 -11.7 -0.25 1.22 -12.725 -0.25 0 -11.78 -0.25 0
3 15 -11.49 -0.25 2.4 -12.725 -0.25 0 -11.7 -0.25 1.22
4 15 -11.403 -0.25 -5.326 -11.118 -0.25 -5.04 -11.031 -0.25 -3.301 -11.38 -0.25 -2.52
4 15 -11.38 -0.25 -2.52 -11.64 -0.25 -1.16 -12.725 -0.25 0 -11.403 -0.25 -5.326
4 15 -11.23 -0.25 3.57 -10.8 -0.25 4.69 -12.7 -0.25 9.8 -12.725 -0.25 0
3 15 -11.23 -0.25 3.57 -12.725 -0.25 0 -11.49 -0.25 2.4
4 15 -11.18 -0.25 10.885 -12.085 -0.25 10.885 -12.7 -0.25 10.2 -12.7 -0.25 9.8
4 15 -11.118 -0.25 -5.04 -10.641 -0.25 -4.774 -10.843 -0.25 -3.84 -11.031 -0.25 -3.301
4 15 -10.632 -0.25 -4.001 -10.843 -0.25 -3.84 -10.641 -0.25 -4.774 -10.338 -0.25 -4.726
4 15 -10.275 -0.25 12.695 -10.275 -0.25 11.79 -9.05 -0.25 13 -9.3 -0.25 13
4 15 -10.217 -0.25 -4.069 -10.632 -0.25 -4.001 -10.338 -0.25 -4.726 -10.043 -0.25 -4.773
4 15 -9.807 -0.25 -4.25 -10.217 -0.25 -4.069 -10.043 -0.25 -4.773 -9.857 -0.25 -4.857
4 15 -9.473 -0.25 -4.364 -9.807 -0.25 -4.25 -9.857 -0.25 -4.857 -9.525 -0.25 -5.037
4 15 -9.473 -0.25 -4.364 -9.525 -0.25 -5.037 -9.265 -0.25 -5.191 -9.162 -0.25 -4.365
4 15 -9.3 -0.25 13.25 -9.3 -0.25 13.5 -12.085 -0.25 12.695 -11.18 -0.25 12.695
4 15 -9.3 -0.25 13 -9.3 -0.25 13.25 -11.18 -0.25 12.695 -10.275 -0.25 12.695
4 15 -9.162 -0.25 -4.365 -9.265 -0.25 -5.191 -9.045 -0.25 -5.192 -8.728 -0.25 -4.913
3 15 -9.05 -0.25 13 -3.05 -0.25 11.57 -2.61 -0.25 11.74
3 15 -9.05 -0.25 13 -4.15 -0.25 11.13 -3.05 -0.25 11.57
3 15 -9.05 -0.25 13 -5.22 -0.25 10.63 -4.15 -0.25 11.13
3 15 -9.05 -0.25 13 -6.23 -0.25 10.03 -5.22 -0.25 10.63
3 15 -9.05 -0.25 13 -10.275 -0.25 11.79 -10.275 -0.25 10.885
4 15 -8.87 -0.25 7.68 -7.91 -0.25 8.39 -7.38 -0.25 9.18 -10.275 -0.25 10.885
4 15 -8.87 -0.25 7.68 -10.275 -0.25 10.885 -11.18 -0.25 10.885 -9.62 -0.25 6.75
4 15 -8.725 -0.25 -4.09 -9.162 -0.25 -4.365 -8.728 -0.25 -4.913 -8.344 -0.25 -4.634
4 15 -8.24 -0.25 -3.852 -8.725 -0.25 -4.09 -8.344 -0.25 -4.634 -7.898 -0.25 -4.412
4 15 -7.756 -0.25 -3.7 -8.24 -0.25 -3.852 -7.898 -0.25 -4.412 -7.216 -0.25 -4.189
4 15 -7.38 -0.25 9.18 -6.23 -0.25 10.03 -9.05 -0.25 13 -10.275 -0.25 10.885
4 15 -7.177 -0.25 -3.595 -7.756 -0.25 -3.7 -7.216 -0.25 -4.189 -6.712 -0.25 -3.604
4 15 -6.712 -0.25 -3.604 -7.216 -0.25 -4.189 -6.532 -0.25 -4.182 -6.302 -0.25 -3.727
4 15 -5.913 -0.25 -3.928 -6.302 -0.25 -3.727 -6.532 -0.25 -4.182 -6.088 -0.25 -4.332
4 15 -5.685 -0.25 -3.966 -5.913 -0.25 -3.928 -6.088 -0.25 -4.332 -5.678 -0.25 -4.646
4 15 -5.685 -0.25 -3.966 -5.678 -0.25 -4.646 -5.454 -0.25 -4.696 -5.504 -0.25 -3.89
4 15 -5.504 -0.25 -3.89 -5.454 -0.25 -4.696 -5.292 -0.25 -4.687 -5.115 -0.25 -4.584
4 15 -5.504 -0.25 -3.89 -5.115 -0.25 -4.584 -4.887 -0.25 -4.327 -5.38 -0.25 -3.71
4 15 -5.38 -0.25 -3.71 -4.887 -0.25 -4.327 -4.725 -0.25 -4.073 -5.351 -0.25 -3.339
4 15 -5.38 -0.25 -2.776 -5.351 -0.25 -3.339 -4.526 -0.25 -3.339 -4.525 -0.25 -2.995
4 15 -5.38 -0.25 -2.776 -4.525 -0.25 -2.995 -4.638 -0.25 -2.603 -5.36 -0.25 -2.256
4 15 -5.36 -0.25 -2.256 -4.638 -0.25 -2.603 -4.687 -0.25 -2.095 -5.248 -0.25 -1.648
4 15 -5.351 -0.25 -3.339 -4.725 -0.25 -4.073 -4.564 -0.25 -3.716 -4.526 -0.25 -3.339
4 15 -5.248 -0.25 -1.648 -4.687 -0.25 -2.095 -4.592 -0.25 -1.743 -4.953 -0.25 -0.983
4 15 -4.953 -0.25 -0.983 -4.592 -0.25 -1.743 -4.45 -0.25 -1.487 -4.507 -0.25 -0.48
3 15 -4.507 -0.25 -0.48 -4.45 -0.25 -1.487 -4.193 -0.25 -1.145
4 15 -4.507 -0.25 -0.48 -4.193 -0.25 -1.145 -3.956 -0.25 -0.936 -4.013 -0.25 -0.156
4 15 -4.013 -0.25 -0.156 -3.956 -0.25 -0.936 -3.718 -0.25 -0.774 -3.525 -0.25 0.043
3 15 -3.525 -0.25 0.043 -3.718 -0.25 -0.774 -3.405 -0.25 -0.632
4 15 -3.525 -0.25 0.043 -3.405 -0.25 -0.632 -3.072 -0.25 -0.537 -3.053 -0.25 0.127
4 15 -3.053 -0.25 0.127 -3.072 -0.25 -0.537 -2.74 -0.25 -0.527 -2.502 -0.25 0.09
4 15 -2.61 -0.25 11.74 -2.27 -0.25 11.75 0 -0.25 12.996 -9.05 -0.25 13
4 15 -2.502 -0.25 0.09 -2.74 -0.25 -0.527 -2.379 -0.25 -0.594 -2.127 -0.25 -0.019
4 15 -2.27 -0.25 11.75 -0.7 -0.25 11.75 0 -0.25 12.135 0 -0.25 12.996
3 15 -2.127 -0.25 -0.019 -2.379 -0.25 -0.594 -1.71 -0.25 -0.234
4 15 -1.72 -0.25 11.385 -1.18 -0.25 11.39 -0.7 -0.25 11.75 -2.27 -0.25 11.75
4 15 -1.71 -0.25 -0.234 -2.379 -0.25 -0.594 -2.075 -0.25 -0.727 -1.364 -0.25 -0.505
4 15 -1.638 -0.25 -3.045 -1.742 -0.25 -3.33 -1.638 -0.25 -3.434 -1.381 -0.25 -3.529
3 15 -1.571 -0.25 -2.807 -1.638 -0.25 -3.045 -1.381 -0.25 -3.529
3 15 -1.364 -0.25 -0.505 -2.075 -0.25 -0.727 -1.828 -0.25 -0.945
4 15 -1.364 -0.25 -0.505 -1.828 -0.25 -0.945 -1.657 -0.25 -1.183 -1.047 -0.25 -0.966
4 15 -1.047 -0.25 -0.966 -1.657 -0.25 -1.183 -1.543 -0.25 -1.458 -0.898 -0.25 -1.329
4 15 -1.039 -0.25 -3.52 -0.64 -0.25 -3.406 -1.571 -0.25 -2.807 -1.381 -0.25 -3.529
4 15 -0.898 -0.25 -1.329 -1.543 -0.25 -1.458 -1.486 -0.25 -1.715 -0.811 -0.25 -1.775
4 15 -0.811 -0.25 -1.775 -1.486 -0.25 -1.715 -1.457 -0.25 -2.095 -0.761 -0.25 -2.426
4 15 -0.761 -0.25 -2.426 -1.457 -0.25 -2.095 -1.495 -0.25 -2.484 -0.677 -0.25 -2.57
4 15 -0.677 -0.25 -2.57 -1.495 -0.25 -2.484 -1.571 -0.25 -2.807 -0.64 -0.25 -3.406
4 15 -0.533 -0.25 -2.664 -0.677 -0.25 -2.57 -0.64 -0.25 -3.406 -0.251 -0.25 -3.254
4 15 -0.133 -0.25 -2.673 -0.533 -0.25 -2.664 -0.251 -0.25 -3.254 0.082 -0.25 -3.102
3 15 0 -0.25 12.996 0 -0.25 12.135 0.45 -0.25 12.2
4 15 0 -0.25 12.996 0.45 -0.25 12.2 2.257 -0.25 12.13 9.45 -0.25 13
4 15 0.325 -0.25 -2.539 -0.133 -0.25 -2.673 0.082 -0.25 -3.102 0.557 -0.25 -2.94
4 15 0.802 -0.25 -2.341 0.325 -0.25 -2.539 0.557 -0.25 -2.94 0.994 -0.25 -2.864
4 15 0.802 -0.25 -2.341 0.994 -0.25 -2.864 1.488 -0.25 -2.769 1.513 -0.25 -2.189
4 15 1.513 -0.25 -2.189 1.488 -0.25 -2.769 2.096 -0.25 -2.674 2.391 -0.25 -2.047
4 15 2.391 -0.25 -2.047 2.096 -0.25 -2.674 2.799 -0.25 -2.551 3.141 -0.25 -1.829
4 15 2.82 -0.25 11.97 4 -0.25 11.73 9.45 -0.25 13 2.257 -0.25 12.13
4 15 3.141 -0.25 -1.829 2.799 -0.25 -2.551 3.531 -0.25 -2.408 3.639 -0.25 -1.753
4 15 3.639 -0.25 -1.753 3.531 -0.25 -2.408 4.205 -0.25 -2.285 4.345 -0.25 -1.694
4 15 4.345 -0.25 -1.694 4.205 -0.25 -2.285 4.747 -0.25 -2.19 4.801 -0.25 -1.612
4 15 4.801 -0.25 -1.612 4.747 -0.25 -2.19 5.279 -0.25 -2.037 5.429 -0.25 -1.341
4 15 5.429 -0.25 -1.341 5.279 -0.25 -2.037 5.716 -0.25 -1.913 6.134 -0.25 -1.791
4 15 6.126 -0.25 -1.181 5.429 -0.25 -1.341 6.134 -0.25 -1.791 6.713 -0.25 -1.639
4 15 6.732 -0.25 -1.069 6.126 -0.25 -1.181 6.713 -0.25 -1.639 7.055 -0.25 -1.591
4 15 7.084 -0.25 -1.031 6.732 -0.25 -1.069 7.055 -0.25 -1.591 7.378 -0.25 -1.059
4 15 7.378 -0.25 -1.059 7.055 -0.25 -1.591 7.321 -0.25 -1.629 7.692 -0.25 -1.221
4 15 7.45 -0.25 9.5 8.21 -0.25 9.45 7.22 -0.25 10.16 7.29 -0.25 9.66
4 15 7.692 -0.25 -1.221 7.321 -0.25 -1.629 7.578 -0.25 -1.791 8.004 -0.25 -1.354
4 15 8.004 -0.25 -1.354 7.578 -0.25 -1.791 7.749 -0.25 -1.99 8.262 -0.25 -1.392
4 15 8.262 -0.25 -1.392 7.749 -0.25 -1.99 7.882 -0.25 -2.19 8.023 -0.25 -2.38
4 15 8.262 -0.25 -1.392 8.023 -0.25 -2.38 8.167 -0.25 -2.446 8.338 -0.25 -2.427
4 15 8.262 -0.25 -1.392 8.338 -0.25 -2.427 8.499 -0.25 -2.313 8.518 -0.25 -1.335
4 15 8.518 -0.25 -1.335 8.499 -0.25 -2.313 8.632 -0.25 -2.152 8.841 -0.25 -1.867
4 15 8.62 -0.25 9.36 7 -0.25 10.57 7.22 -0.25 10.16 8.21 -0.25 9.45
4 15 8.965 -0.25 -0.925 8.518 -0.25 -1.335 8.841 -0.25 -1.867 9.221 -0.25 -1.439
4 15 9.259 -0.25 -0.632 8.965 -0.25 -0.925 9.221 -0.25 -1.439 9.582 -0.25 -1.116
4 15 9.259 -0.25 -0.632 9.582 -0.25 -1.116 9.877 -0.25 -0.907 9.761 -0.25 -0.299
4 15 9.45 -0.25 13 6.29 -0.25 10.95 7 -0.25 10.57 10.555 -0.25 12.695
3 15 9.45 -0.25 13 5.15 -0.25 11.38 6.29 -0.25 10.95
3 15 9.45 -0.25 13 4 -0.25 11.73 5.15 -0.25 11.38
4 15 9.7 -0.25 13.25 9.7 -0.25 13 10.555 -0.25 12.695 11.46 -0.25 12.695
4 15 9.7 -0.25 13.5 9.7 -0.25 13.25 11.46 -0.25 12.695 12.365 -0.25 12.695
3 15 9.7 -0.25 13 9.45 -0.25 13 10.555 -0.25 12.695
4 15 9.761 -0.25 -0.299 9.877 -0.25 -0.907 10.266 -0.25 -0.679 10.321 -0.25 -0.052
4 15 10.321 -0.25 -0.052 10.266 -0.25 -0.679 10.732 -0.25 -0.48 10.898 -0.25 0.13
3 15 10.555 -0.25 12.695 7 -0.25 10.57 10.555 -0.25 11.79
4 15 10.555 -0.25 10.885 10.555 -0.25 11.79 7 -0.25 10.57 8.62 -0.25 9.36
4 15 10.898 -0.25 0.13 10.732 -0.25 -0.48 11.083 -0.25 -0.413 11.235 -0.25 0.138
4 15 11.08 -0.25 5.71 11.44 -0.25 4.58 13.17 -0.25 5.22 13.17 -0.25 10
4 15 11.235 -0.25 0.138 11.083 -0.25 -0.413 11.482 -0.25 -0.404 11.617 -0.25 0.168
4 15 11.46 -0.25 10.885 10.555 -0.25 10.885 8.62 -0.25 9.36 9.23 -0.25 8.81
4 15 11.617 -0.25 0.168 11.482 -0.25 -0.404 11.777 -0.25 -0.423 11.777 -0.25 0.29
4 15 11.777 -0.25 0.29 11.777 -0.25 -0.423 12.119 -0.25 -0.565 13.17 -0.25 0.25
4 15 11.86 -0.25 2.3 11.88 -0.25 1.16 13.17 -0.25 0.5 13.17 -0.25 5.22
3 15 11.88 -0.25 1.16 11.841 -0.25 0.475 13.17 -0.25 0.5
4 15 12.365 -0.25 10.885 11.46 -0.25 10.885 9.23 -0.25 8.81 9.99 -0.25 7.86
4 15 12.365 -0.25 11.79 12.365 -0.25 10.885 13.17 -0.25 10.25 13.42 -0.25 10.25
4 15 12.365 -0.25 12.695 12.365 -0.25 11.79 13.42 -0.25 10.25 13.67 -0.25 10.25
4 15 13.114 -0.25 -1.344 13.286 -0.25 -1.62 13.67 -0.25 0.25 13.42 -0.25 0.25
3 15 13.17 -0.25 5.22 11.8 -0.25 3.23 11.86 -0.25 2.3
3 15 13.17 -0.25 5.22 11.44 -0.25 4.58 11.8 -0.25 3.23
4 15 13.17 -0.25 10.25 12.365 -0.25 10.885 9.99 -0.25 7.86 10.62 -0.25 6.82
4 15 13.17 -0.25 10 13.17 -0.25 10.25 10.62 -0.25 6.82 11.08 -0.25 5.71
4 15 13.17 -0.25 0.5 11.841 -0.25 0.475 11.777 -0.25 0.29 13.17 -0.25 0.25
3 15 13.17 -0.25 0.25 12.119 -0.25 -0.565 12.356 -0.25 -0.689
4 15 13.17 -0.25 0.25 12.356 -0.25 -0.689 12.698 -0.25 -0.898 13.42 -0.25 0.25
4 15 13.2 -0.25 -3.34 13.267 -0.25 -3.54 13.468 -0.25 -3.681 13.229 -0.25 -3.073
4 15 13.229 -0.25 -3.073 13.468 -0.25 -3.681 13.745 -0.25 -3.718 13.354 -0.25 -2.744
4 15 13.354 -0.25 -2.744 13.745 -0.25 -3.718 14.097 -0.25 -3.679 13.437 -0.25 -2.321
4 15 13.409 -0.25 -1.967 13.437 -0.25 -2.321 15 -0.25 -3.235 13.67 -0.25 0.25
3 15 13.42 -0.25 0.25 12.698 -0.25 -0.898 12.945 -0.25 -1.116
3 15 13.42 -0.25 0.25 12.945 -0.25 -1.116 13.114 -0.25 -1.344
4 15 13.437 -0.25 -2.321 14.097 -0.25 -3.679 14.732 -0.25 -3.444 15 -0.25 -3.235
3 15 13.669 -0.25 5.22 13.67 -0.25 0.5 15 -0.25 -3.235
3 15 13.67 -0.25 10 13.669 -0.25 5.22 15 -0.25 -3.235
3 15 13.67 -0.25 0.25 13.286 -0.25 -1.62 13.409 -0.25 -1.967
3 15 13.67 -0.25 0.5 13.67 -0.25 0.25 15 -0.25 -3.235
3 15 14 -0.25 15 9.7 -0.25 13.5 12.365 -0.25 12.695
4 15 14 -0.25 15 -14 -0.25 15 0 -0.25 13.5 9.45 -0.25 13.5
3 15 14 -0.25 15 9.45 -0.25 13.5 9.7 -0.25 13.5
4 15 15 -0.25 14 14 -0.25 15 12.365 -0.25 12.695 13.67 -0.25 10.25
4 15 15 -0.25 14 13.67 -0.25 10.25 13.67 -0.25 10 15 -0.25 -3.235
0 // receipt paper
4 15 6.7 -0.25 -10.835 7.45 -0.25 -12.2 8 -0.25 -12.2 13.3 -0.25 -10.835
3 15 6.7 -0.25 -10.835 7.45 -0.25 -12.75 7.45 -0.25 -12.2
3 15 7.45 -0.25 -15.6 6.7 -0.25 -17 8 -0.25 -15.6
3 15 7.45 -0.25 -14.5 6.7 -0.25 -17 7.45 -0.25 -15.05
3 15 7.45 -0.25 -15.05 6.7 -0.25 -17 7.45 -0.25 -15.6
4 15 7.45 -0.25 -13.3 7.45 -0.25 -12.75 6.7 -0.25 -10.835 6.7 -0.25 -17
3 15 7.45 -0.25 -13.3 6.7 -0.25 -17 7.45 -0.25 -14.5
4 15 8 -0.25 -13.3 7.45 -0.25 -13.3 7.45 -0.25 -14.5 8 -0.25 -14.5
4 15 12 -0.25 -13.3 8 -0.25 -13.3 8 -0.25 -14.5 12 -0.25 -14.5
3 15 12 -0.25 -15.6 8 -0.25 -15.6 6.7 -0.25 -17
4 15 12.55 -0.25 -13.3 12 -0.25 -13.3 12 -0.25 -14.5 12.55 -0.25 -14.5
3 15 12.55 -0.25 -15.05 12.55 -0.25 -15.6 13.3 -0.25 -17
3 15 12.55 -0.25 -14.5 12.55 -0.25 -15.05 13.3 -0.25 -17
3 15 12.55 -0.25 -13.3 12.55 -0.25 -14.5 13.3 -0.25 -17
4 15 13.3 -0.25 -17 12.55 -0.25 -15.6 12 -0.25 -15.6 6.7 -0.25 -17
3 15 13.3 -0.25 -10.835 12.55 -0.25 -12.2 12.55 -0.25 -12.75
4 15 13.3 -0.25 -10.835 12.55 -0.25 -12.75 12.55 -0.25 -13.3 13.3 -0.25 -17
3 15 13.3 -0.25 -10.835 8 -0.25 -12.2 12 -0.25 -12.2
3 15 13.3 -0.25 -10.835 12 -0.25 -12.2 12.55 -0.25 -12.2
0 // lines on receipt
1 0 8 -0.25 -15.05 0 0 -0.55 0 1 0 0.55 0 0 2-4disc.dat
1 0 8 -0.25 -12.75 0 0 -0.55 0 1 0 0.55 0 0 2-4disc.dat
1 0 12 -0.25 -15.05 0 0 0.55 0 1 0 -0.55 0 0 2-4disc.dat
1 0 12 -0.25 -12.75 0 0 0.55 0 1 0 -0.55 0 0 2-4disc.dat
4 0 8 -0.25 -12.75 8 -0.25 -13.3 12 -0.25 -13.3 12 -0.25 -12.75
4 0 8 -0.25 -12.2 8 -0.25 -12.75 12 -0.25 -12.75 12 -0.25 -12.2
4 0 8 -0.25 -15.05 8 -0.25 -15.6 12 -0.25 -15.6 12 -0.25 -15.05
4 0 8 -0.25 -14.5 8 -0.25 -15.05 12 -0.25 -15.05 12 -0.25 -14.5
0 // pizza crust
4 19 -10.983 -0.25 0 -9.398 -0.25 -0.013 -9.445 -0.25 0.159 -10.963 -0.25 1.149
4 19 -10.963 -0.25 1.149 -9.445 -0.25 0.159 -9.425 -0.25 0.357 -9.437 -0.25 1.02
4 19 -10.963 -0.25 1.149 -9.598 -0.25 1.156 -9.664 -0.25 1.375 -10.83 -0.25 2.271
4 19 -10.945 -0.25 -1.096 -8.618 -0.25 -1.829 -8.619 -0.25 -1.193 -8.695 -0.25 -0.727
4 19 -10.945 -0.25 -1.096 -8.695 -0.25 -0.727 -8.837 -0.25 -0.442 -8.997 -0.25 -0.282
4 19 -10.945 -0.25 -1.096 -9.245 -0.25 -0.119 -9.398 -0.25 -0.013 -10.983 -0.25 0
4 19 -10.945 -0.25 -1.096 -10.729 -0.25 -2.195 -8.6 -0.25 -2.616 -8.618 -0.25 -1.829
3 19 -10.83 -0.25 2.271 -9.664 -0.25 1.375 -9.644 -0.25 1.706
4 19 -10.83 -0.25 2.271 -9.644 -0.25 1.706 -9.502 -0.25 2.152 -10.541 -0.25 3.364
4 19 -10.729 -0.25 -2.195 -8.813 -0.25 -3.219 -8.649 -0.25 -3.003 -8.6 -0.25 -2.616
3 19 -10.541 -0.25 3.364 -9.283 -0.25 2.474 -9.01 -0.25 2.701
4 19 -10.541 -0.25 3.364 -9.01 -0.25 2.701 -8.78 -0.25 2.873 -8.665 -0.25 3.111
4 19 -10.541 -0.25 3.364 -8.665 -0.25 3.111 -8.618 -0.25 3.416 -10.175 -0.25 4.426
3 19 -10.541 -0.25 3.364 -9.502 -0.25 2.152 -9.283 -0.25 2.474
4 19 -10.405 -0.25 -3.005 -9.057 -0.25 -3.377 -8.813 -0.25 -3.219 -10.729 -0.25 -2.195
4 19 -10.178 -0.25 -3.252 -9.39 -0.25 -3.472 -9.057 -0.25 -3.377 -10.405 -0.25 -3.005
3 19 -10.178 -0.25 -3.252 -9.865 -0.25 -3.415 -9.39 -0.25 -3.472
4 19 -10.175 -0.25 4.426 -8.618 -0.25 3.416 -8.59 -0.25 3.928 -9.652 -0.25 5.43
3 19 -9.652 -0.25 5.43 -8.59 -0.25 3.928 -8.504 -0.25 4.212
4 19 -9.652 -0.25 5.43 -8.504 -0.25 4.212 -8.353 -0.25 4.42 -9.043 -0.25 6.372
3 19 -9.598 -0.25 1.156 -10.963 -0.25 1.149 -9.437 -0.25 1.02
3 19 -9.437 -0.25 1.02 -9.425 -0.25 0.357 -9.25 -0.25 0.598
3 19 -9.437 -0.25 1.02 -9.25 -0.25 0.598 -8.889 -0.25 0.731
3 19 -9.245 -0.25 -0.119 -10.945 -0.25 -1.096 -8.997 -0.25 -0.282
4 19 -9.043 -0.25 6.372 -7.935 -0.25 4.782 -7.507 -0.25 5.162 -7.345 -0.25 5.417
4 19 -9.043 -0.25 6.372 -7.345 -0.25 5.417 -7.25 -0.25 5.769 -8.268 -0.25 7.173
3 19 -9.043 -0.25 6.372 -8.353 -0.25 4.42 -7.935 -0.25 4.782
4 19 -8.268 -0.25 7.173 -7.25 -0.25 5.769 -7.233 -0.25 6.252 -7.222 -0.25 6.702
4 19 -8.268 -0.25 7.173 -7.222 -0.25 6.702 -7.165 -0.25 6.881 -7.4 -0.25 7.873
4 19 -7.4 -0.25 7.873 -7.042 -0.25 7.005 -6.891 -0.25 7.044 -6.405 -0.25 7.502
3 19 -7.4 -0.25 7.873 -7.165 -0.25 6.881 -7.042 -0.25 7.005
3 19 -7.4 -0.25 7.873 -6.405 -0.25 7.502 -6.366 -0.25 7.739
4 19 -6.44 -0.25 -1.03 -6.81 -0.25 -0.74 -6.892 -0.25 -1.11 -6.75 -0.25 -1.38
4 19 -6.44 -0.25 -1.03 -6.75 -0.25 -1.38 -6.33 -0.25 -1.472 -6 -0.25 -1.23
4 19 -6.44 -0.25 -1.03 -6 -0.25 -1.23 -5.908 -0.25 -0.96 -6.11 -0.25 -0.71
4 19 -6.44 -0.25 -1.03 -6.11 -0.25 -0.71 -6.45 -0.25 -0.558 -6.81 -0.25 -0.74
4 19 -6.405 -0.25 7.502 -6.891 -0.25 7.044 -6.682 -0.25 6.986 -6.276 -0.25 7.163
4 19 -6.366 -0.25 7.739 -6.178 -0.25 7.946 -6.496 -0.25 9.024 -7.4 -0.25 7.873
4 19 -6.276 -0.25 7.163 -6.682 -0.25 6.986 -6.464 -0.25 6.75 -4.801 -0.25 4.992
3 19 -6.276 -0.25 7.163 -4.801 -0.25 4.992 -4.526 -0.25 5.353
4 19 -5.97 -0.25 3.01 -6.423 -0.25 3.313 -6.545 -0.25 2.8 -6.253 -0.25 2.457
4 19 -5.97 -0.25 3.01 -6.253 -0.25 2.457 -5.8 -0.25 2.435 -5.507 -0.25 2.627
4 19 -5.97 -0.25 3.01 -5.507 -0.25 2.627 -5.395 -0.25 3.12 -5.607 -0.25 3.513
4 19 -5.97 -0.25 3.01 -5.607 -0.25 3.513 -6.07 -0.25 3.645 -6.423 -0.25 3.313
4 19 -5.965 -0.25 1.364 -9.437 -0.25 1.02 -8.889 -0.25 0.731 -6.152 -0.25 0.843
4 19 -5.779 -0.25 9.473 -5.548 -0.25 8.221 -4.95 -0.25 8.193 -4.906 -0.25 10.04
4 19 -5.779 -0.25 9.473 -6.496 -0.25 9.024 -6.178 -0.25 7.946 -5.845 -0.25 8.117
3 19 -5.779 -0.25 9.473 -5.845 -0.25 8.117 -5.548 -0.25 8.221
4 19 -4.906 -0.25 10.04 -4.95 -0.25 8.193 -4.476 -0.25 8.212 -4.201 -0.25 8.402
4 19 -4.906 -0.25 10.04 -4.201 -0.25 8.402 -3.898 -0.25 8.735 -3.907 -0.25 10.55
3 19 -4.737 -0.25 1.532 -5.965 -0.25 1.364 -6.152 -0.25 0.843
4 19 -3.907 -0.25 10.55 -3.898 -0.25 8.735 -3.726 -0.25 8.963 -3.527 -0.25 9.399
4 19 -3.907 -0.25 10.55 -3.527 -0.25 9.399 -3.261 -0.25 9.617 -3.02 -0.25 10.966
4 19 -3.676 -0.25 1.173 -3.869 -0.25 1.619 -4.737 -0.25 1.532 -6.152 -0.25 0.843
4 19 -3.64 -0.25 1.811 -3.869 -0.25 1.619 -3.676 -0.25 1.173 -3.262 -0.25 1.006
4 19 -3.452 -0.25 2.009 -3.64 -0.25 1.811 -3.262 -0.25 1.006 -2.665 -0.25 0.889
4 19 -3.04 -0.25 7.11 -3.445 -0.25 7.715 -3.603 -0.25 7.12 -3.375 -0.25 6.625
4 19 -3.04 -0.25 7.11 -3.375 -0.25 6.625 -2.86 -0.25 6.367 -2.555 -0.25 6.625
4 19 -3.04 -0.25 7.11 -2.555 -0.25 6.625 -2.457 -0.25 7.17 -2.635 -0.25 7.585
4 19 -3.04 -0.25 7.11 -2.635 -0.25 7.585 -3.13 -0.25 7.813 -3.445 -0.25 7.715
4 19 -3.02 -0.25 10.966 -2.969 -0.25 9.722 -2.529 -0.25 9.731 -2.565 -0.25 10.962
3 19 -3.02 -0.25 10.966 -3.261 -0.25 9.617 -2.969 -0.25 9.722
4 19 -3.006 -0.25 3.007 -2.55 -0.25 3.149 -4.526 -0.25 5.353 -4.801 -0.25 4.992
3 19 -2.996 -0.25 2.294 -3.452 -0.25 2.009 -2.665 -0.25 0.889
4 19 -2.787 -0.25 2.465 -2.996 -0.25 2.294 -2.665 -0.25 0.889 -1.6 -0.25 0.585
4 19 -2.787 -0.25 2.465 -1.6 -0.25 0.585 -2.084 -0.25 2.95 -2.768 -0.25 2.608
4 19 -2.55 -0.25 3.149 -3.006 -0.25 3.007 -2.806 -0.25 2.731 -2.426 -0.25 3.073
4 19 -2.426 -0.25 3.073 -2.806 -0.25 2.731 -2.768 -0.25 2.608 -2.084 -0.25 2.95
4 19 -2.177 -0.25 9.836 -1.94 -0.25 9.95 -2.565 -0.25 10.962 -2.529 -0.25 9.731
4 19 -2.084 -0.25 2.95 -1.6 -0.25 0.585 -0.543 -0.25 0.26 -0.126 -0.25 0.795
4 19 -1.661 -0.25 10.663 -1.74 -0.25 9.997 -1.59 -0.25 9.979 -1.183 -0.25 10.663
4 19 -1.661 -0.25 10.663 -2.565 -0.25 10.962 -1.94 -0.25 9.95 -1.74 -0.25 9.997
4 19 -1.609 -0.25 3.805 -1.163 -0.25 3.51 -1.068 -0.25 7.377 -1.543 -0.25 7.482
4 19 -1.543 -0.25 7.482 -1.068 -0.25 7.377 -0.96 -0.25 9.847 -1.467 -0.25 9.828
4 19 -1.183 -0.25 10.663 -0.96 -0.25 9.847 -0.829 -0.25 10.113 -0.926 -0.25 10.776
4 19 -1.163 -0.25 3.51 -1.609 -0.25 3.805 -1.647 -0.25 3.32 -1.125 -0.25 3.225
4 19 -1.125 -0.25 3.225 -1.647 -0.25 3.32 -1.695 -0.25 3.13 -1.03 -0.25 3.035
4 19 -1.03 -0.25 3.035 -1.695 -0.25 3.13 -1.78 -0.25 3.035 -0.906 -0.25 2.902
4 19 -0.96 -0.25 9.847 -1.183 -0.25 10.663 -1.59 -0.25 9.979 -1.467 -0.25 9.828
4 19 -0.926 -0.25 10.776 -0.829 -0.25 10.113 -0.545 -0.25 10.406 -0.632 -0.25 11.032
4 19 -0.906 -0.25 2.902 -1.78 -0.25 3.035 -1.885 -0.25 2.969 -0.063 -0.25 1.114
3 19 -0.632 -0.25 11.032 -0.545 -0.25 10.406 -0.374 -0.25 10.483
4 19 -0.632 -0.25 11.032 -0.374 -0.25 10.483 -0.203 -0.25 10.473 0.443 -0.25 11.547
4 19 -0.365 -0.25 3.007 0.186 -0.25 2.646 0.3 -0.25 2.836 -0.07 -0.25 3.159
4 19 -0.126 -0.25 0.795 -0.063 -0.25 1.114 -1.885 -0.25 2.969 -2.084 -0.25 2.95
3 19 -0.126 -0.25 0.795 -0.543 -0.25 0.26 -0.077 -0.25 0.576
3 19 -0.077 -0.25 0.576 -0.543 -0.25 0.26 1.002 -0.25 -0.594
4 19 -0.07 -0.25 3.159 0.3 -0.25 2.836 0.471 -0.25 3.064 0.205 -0.25 3.339
4 19 0.139 -0.25 1.325 0.291 -0.25 2.285 -0.906 -0.25 2.902 -0.063 -0.25 1.114
4 19 0.186 -0.25 2.646 -0.365 -0.25 3.007 -0.64 -0.25 2.893 0.186 -0.25 2.437
4 19 0.186 -0.25 2.437 -0.64 -0.25 2.893 -0.906 -0.25 2.902 0.291 -0.25 2.285
4 19 0.205 -0.25 3.339 0.471 -0.25 3.064 2.894 -0.25 5.315 2.476 -0.25 5.657
4 19 0.291 -0.25 2.285 0.139 -0.25 1.325 0.405 -0.25 1.477 0.471 -0.25 2.228
4 19 0.421 -0.25 -0.696 0.811 -0.25 -1.068 1.079 -0.25 -0.936 1.079 -0.25 -0.746
4 19 0.421 -0.25 -0.696 1.079 -0.25 -0.746 1.002 -0.25 -0.594 -0.543 -0.25 0.26
4 19 0.443 -0.25 11.547 -0.013 -0.25 10.387 0.14 -0.25 10.187 1.592 -0.25 11.525
3 19 0.443 -0.25 11.547 -0.203 -0.25 10.473 -0.013 -0.25 10.387
3 19 0.451 -0.25 9.646 0.661 -0.25 9.561 0.88 -0.25 9.56
4 19 0.471 -0.25 2.228 0.405 -0.25 1.477 0.699 -0.25 1.582 0.956 -0.25 2.209
4 19 0.811 -0.25 -1.068 0.965 -0.25 -1.097 1.041 -0.25 -1.04 1.079 -0.25 -0.936
3 19 0.956 -0.25 2.209 0.699 -0.25 1.582 1.002 -0.25 1.639
4 19 0.956 -0.25 2.209 1.002 -0.25 1.639 2.837 -0.25 1.724 2.856 -0.25 2.228
4 19 1.156 -0.25 9.694 0.329 -0.25 9.79 0.451 -0.25 9.646 0.88 -0.25 9.56
4 19 1.36 -0.25 7.25 1.188 -0.25 7.892 0.712 -0.25 7.36 0.718 -0.25 6.798
4 19 1.36 -0.25 7.25 0.718 -0.25 6.798 1.05 -0.25 6.452 1.502 -0.25 6.498
4 19 1.36 -0.25 7.25 1.502 -0.25 6.498 1.948 -0.25 7.25 1.892 -0.25 7.722
4 19 1.36 -0.25 7.25 1.892 -0.25 7.722 1.56 -0.25 7.968 1.188 -0.25 7.892
4 19 1.386 -0.25 9.866 0.243 -0.25 9.999 0.329 -0.25 9.79 1.156 -0.25 9.694
3 19 1.592 -0.25 11.525 0.14 -0.25 10.187 1.594 -0.25 9.998
4 19 1.594 -0.25 9.998 0.14 -0.25 10.187 0.243 -0.25 9.999 1.386 -0.25 9.866
4 19 1.815 -0.25 10.026 2.942 -0.25 9.997 3.152 -0.25 10.035 2.701 -0.25 11.363
4 19 1.815 -0.25 10.026 2.701 -0.25 11.363 1.592 -0.25 11.525 1.594 -0.25 9.998
4 19 2.021 -0.25 9.969 2.744 -0.25 9.874 2.942 -0.25 9.997 1.815 -0.25 10.026
4 19 2.285 -0.25 9.875 2.514 -0.25 9.827 2.744 -0.25 9.874 2.021 -0.25 9.969
4 19 2.476 -0.25 5.657 2.894 -0.25 5.315 5.707 -0.25 7.993 5.441 -0.25 8.318
4 19 2.856 -0.25 2.228 2.837 -0.25 1.724 4.72 -0.25 2.027 5.295 -0.25 2.594
4 19 3.805 -0.25 11.102 2.701 -0.25 11.363 3.152 -0.25 10.035 3.409 -0.25 9.977
4 19 4.52 -0.25 -0.33 3.683 -0.25 0.013 3.625 -0.25 -0.33 3.783 -0.25 -0.763
4 19 4.52 -0.25 -0.33 3.783 -0.25 -0.763 4.078 -0.25 -1.004 4.52 -0.25 -1.014
4 19 4.52 -0.25 -0.33 4.52 -0.25 -1.014 5.262 -0.25 -0.764 5.557 -0.25 -0.513
4 19 4.52 -0.25 -0.33 5.557 -0.25 -0.513 5.605 -0.25 -0.26 5.537 -0.25 -0.067
4 19 4.52 -0.25 -0.33 5.537 -0.25 -0.067 5.252 -0.25 0.134 4.39 -0.25 0.335
4 19 4.52 -0.25 -0.33 4.39 -0.25 0.335 4.018 -0.25 0.304 3.683 -0.25 0.013
4 19 4.882 -0.25 10.717 3.805 -0.25 11.102 3.409 -0.25 9.977 3.633 -0.25 9.847
4 19 4.882 -0.25 10.717 3.633 -0.25 9.847 3.88 -0.25 9.647 4.124 -0.25 9.542
3 19 4.882 -0.25 10.717 4.124 -0.25 9.542 4.504 -0.25 9.477
4 19 4.882 -0.25 10.717 4.504 -0.25 9.477 4.859 -0.25 9.305 6.129 -0.25 10.01
4 19 5.295 -0.25 2.594 4.72 -0.25 2.027 6.795 -0.25 2.043 6.001 -0.25 2.643
4 19 5.35 -0.25 4.34 5.055 -0.25 4.835 4.731 -0.25 4.49 4.815 -0.25 4.025
4 19 5.35 -0.25 4.34 4.815 -0.25 4.025 5.28 -0.25 3.801 5.845 -0.25 3.915
4 19 5.35 -0.25 4.34 5.845 -0.25 3.915 5.999 -0.25 4.22 5.925 -0.25 4.605
4 19 5.35 -0.25 4.34 5.925 -0.25 4.605 5.49 -0.25 4.849 5.055 -0.25 4.835
4 19 5.525 -0.25 8.477 5.441 -0.25 8.318 5.707 -0.25 7.993 5.886 -0.25 8.106
4 19 5.525 -0.25 8.649 5.525 -0.25 8.477 5.886 -0.25 8.106 6.086 -0.25 8.125
4 19 6.001 -0.25 2.643 6.795 -0.25 2.043 7.229 -0.25 2.132 7.412 -0.25 2.751
3 19 6.129 -0.25 10.01 4.859 -0.25 9.305 5.117 -0.25 9.124
4 19 6.129 -0.25 10.01 5.117 -0.25 9.124 5.419 -0.25 8.84 6.672 -0.25 9.33
3 19 6.465 -0.25 7.091 6.637 -0.25 6.861 6.902 -0.25 6.767
4 19 6.672 -0.25 9.33 5.525 -0.25 8.649 6.086 -0.25 8.125 6.257 -0.25 8.058
3 19 6.672 -0.25 9.33 5.419 -0.25 8.84 5.525 -0.25 8.649
4 19 6.902 -0.25 6.767 7.252 -0.25 6.635 6.399 -0.25 7.329 6.465 -0.25 7.091
4 19 7.252 -0.25 6.635 8.352 -0.25 7.929 6.38 -0.25 7.671 6.399 -0.25 7.329
4 19 7.412 -0.25 2.751 7.229 -0.25 2.132 7.623 -0.25 2.123 7.71 -0.25 2.759
4 19 7.534 -0.25 8.666 6.672 -0.25 9.33 6.257 -0.25 8.058 6.352 -0.25 7.937
4 19 7.534 -0.25 8.666 6.352 -0.25 7.937 6.38 -0.25 7.671 8.352 -0.25 7.929
4 19 7.71 -0.25 2.759 7.623 -0.25 2.123 7.832 -0.25 2.057 7.889 -0.25 2.853
3 19 7.832 -0.25 2.057 7.955 -0.25 1.973 9.846 -0.25 1.897
4 19 7.889 -0.25 2.853 7.832 -0.25 2.057 9.846 -0.25 1.897 8.05 -0.25 3.064
3 19 7.955 -0.25 1.973 8.041 -0.25 1.81 9.846 -0.25 1.897
4 19 8.05 -0.25 3.064 9.846 -0.25 1.897 9.828 -0.25 2.877 8.079 -0.25 3.254
4 19 8.186 -0.25 -0.489 7.501 -0.25 -0.129 7.634 -0.25 -0.329 7.882 -0.25 -0.47
4 19 8.518 -0.25 -0.375 7.415 -0.25 0.167 7.501 -0.25 -0.129 8.186 -0.25 -0.489
4 19 8.851 -0.25 -0.195 7.424 -0.25 0.583 7.415 -0.25 0.167 8.518 -0.25 -0.375
4 19 8.86 -0.25 6.928 8.352 -0.25 7.929 7.252 -0.25 6.635 7.472 -0.25 6.454
4 19 8.86 -0.25 6.928 7.472 -0.25 6.454 7.538 -0.25 6.259 9.322 -0.25 5.957
4 19 9.145 -0.25 0.062 7.539 -0.25 1.002 7.424 -0.25 0.583 8.851 -0.25 -0.195
4 19 9.322 -0.25 5.957 7.538 -0.25 6.259 7.558 -0.25 5.716 9.621 -0.25 4.931
4 19 9.44 -0.25 0.432 7.691 -0.25 1.26 7.539 -0.25 1.002 9.145 -0.25 0.062
4 19 9.621 -0.25 4.931 7.558 -0.25 5.716 7.567 -0.25 5.29 7.681 -0.25 4.878
4 19 9.696 -0.25 0.983 7.929 -0.25 1.488 7.691 -0.25 1.26 9.44 -0.25 0.432
4 19 9.73 -0.25 3.868 9.621 -0.25 4.931 7.681 -0.25 4.878 7.786 -0.25 4.421
4 19 9.73 -0.25 3.868 7.786 -0.25 4.421 7.899 -0.25 3.966 8.06 -0.25 3.508
4 19 9.73 -0.25 3.868 8.06 -0.25 3.508 8.079 -0.25 3.254 9.828 -0.25 2.877
4 19 9.81 -0.25 1.43 8.023 -0.25 1.639 7.929 -0.25 1.488 9.696 -0.25 0.983
4 19 9.846 -0.25 1.897 8.041 -0.25 1.81 8.023 -0.25 1.639 9.81 -0.25 1.43
4 19 10.626 -0.25 4.926 10.531 -0.25 4.981 10.435 -0.25 4.925 10.378 -0.25 4.722
4 19 10.74 -0.25 4.648 10.626 -0.25 4.926 10.378 -0.25 4.722 10.388 -0.25 4.09
4 19 10.844 -0.25 4.167 10.74 -0.25 4.648 10.388 -0.25 4.09 10.397 -0.25 3.407
4 19 10.948 -0.25 3.56 10.844 -0.25 4.167 10.397 -0.25 3.407 10.436 -0.25 2.582
4 19 11.061 -0.25 3.059 10.948 -0.25 3.56 10.436 -0.25 2.582 10.417 -0.25 2.223
4 19 11.064 -0.25 0.907 11.204 -0.25 1.134 10.598 -0.25 0.773 10.846 -0.25 0.784
4 19 11.185 -0.25 2.526 11.061 -0.25 3.059 10.417 -0.25 2.223 10.37 -0.25 1.917
4 19 11.204 -0.25 1.134 11.263 -0.25 1.364 10.464 -0.25 0.953 10.598 -0.25 0.773
4 19 11.253 -0.25 1.926 11.185 -0.25 2.526 10.37 -0.25 1.917 10.369 -0.25 1.332
4 19 11.263 -0.25 1.364 11.253 -0.25 1.926 10.369 -0.25 1.332 10.464 -0.25 0.953
0 // pizza sauce
4 4 -10.983 -0.25 0 -10.963 -0.25 1.149 -11.7 -0.25 1.22 -11.78 -0.25 0
4 4 -10.963 -0.25 1.149 -10.83 -0.25 2.271 -11.49 -0.25 2.4 -11.7 -0.25 1.22
4 4 -10.945 -0.25 -1.096 -10.983 -0.25 0 -11.78 -0.25 0 -11.64 -0.25 -1.16
4 4 -10.83 -0.25 2.271 -10.541 -0.25 3.364 -11.23 -0.25 3.57 -11.49 -0.25 2.4
4 4 -10.729 -0.25 -2.195 -10.945 -0.25 -1.096 -11.64 -0.25 -1.16 -11.38 -0.25 -2.52
4 4 -10.632 -0.25 -4.001 -10.178 -0.25 -3.252 -10.405 -0.25 -3.005 -10.843 -0.25 -3.84
4 4 -10.541 -0.25 3.364 -10.175 -0.25 4.426 -10.8 -0.25 4.69 -11.23 -0.25 3.57
4 4 -10.405 -0.25 -3.005 -10.729 -0.25 -2.195 -11.38 -0.25 -2.52 -11.031 -0.25 -3.301
3 4 -10.405 -0.25 -3.005 -11.031 -0.25 -3.301 -10.843 -0.25 -3.84
4 4 -10.217 -0.25 -4.069 -9.865 -0.25 -3.415 -10.178 -0.25 -3.252 -10.632 -0.25 -4.001
4 4 -10.175 -0.25 4.426 -9.652 -0.25 5.43 -10.25 -0.25 5.75 -10.8 -0.25 4.69
4 4 -9.807 -0.25 -4.25 -9.39 -0.25 -3.472 -9.865 -0.25 -3.415 -10.217 -0.25 -4.069
4 4 -9.664 -0.25 1.375 -9.598 -0.25 1.156 -9.437 -0.25 1.02 -9.644 -0.25 1.706
4 4 -9.652 -0.25 5.43 -9.043 -0.25 6.372 -9.62 -0.25 6.75 -10.25 -0.25 5.75
4 4 -9.502 -0.25 2.152 -9.644 -0.25 1.706 -9.437 -0.25 1.02 -5.965 -0.25 1.364
4 4 -9.473 -0.25 -4.364 -9.162 -0.25 -4.365 -9.39 -0.25 -3.472 -9.807 -0.25 -4.25
4 4 -9.283 -0.25 2.474 -9.502 -0.25 2.152 -5.965 -0.25 1.364 -9.01 -0.25 2.701
4 4 -9.25 -0.25 0.598 -9.425 -0.25 0.357 -9.445 -0.25 0.159 -9.398 -0.25 -0.013
4 4 -9.162 -0.25 -4.365 -8.725 -0.25 -4.09 -9.057 -0.25 -3.377 -9.39 -0.25 -3.472
4 4 -9.043 -0.25 6.372 -8.268 -0.25 7.173 -8.87 -0.25 7.68 -9.62 -0.25 6.75
4 4 -8.889 -0.25 0.731 -9.25 -0.25 0.598 -9.398 -0.25 -0.013 -9.245 -0.25 -0.119
3 4 -8.889 -0.25 0.731 -9.245 -0.25 -0.119 -8.997 -0.25 -0.282
4 4 -8.837 -0.25 -0.442 -6.81 -0.25 -0.74 -8.889 -0.25 0.731 -8.997 -0.25 -0.282
4 4 -8.78 -0.25 2.873 -9.01 -0.25 2.701 -5.965 -0.25 1.364 -6.253 -0.25 2.457
4 4 -8.78 -0.25 2.873 -6.253 -0.25 2.457 -6.545 -0.25 2.8 -8.665 -0.25 3.111
4 4 -8.725 -0.25 -4.09 -8.24 -0.25 -3.852 -8.813 -0.25 -3.219 -9.057 -0.25 -3.377
4 4 -8.618 -0.25 3.416 -8.665 -0.25 3.111 -6.545 -0.25 2.8 -6.423 -0.25 3.313
4 4 -8.6 -0.25 -2.616 -8.649 -0.25 -3.003 -7.756 -0.25 -3.7 -7.177 -0.25 -3.595
4 4 -8.59 -0.25 3.928 -8.618 -0.25 3.416 -6.423 -0.25 3.313 -8.504 -0.25 4.212
4 4 -8.353 -0.25 4.42 -8.504 -0.25 4.212 -6.423 -0.25 3.313 -7.935 -0.25 4.782
4 4 -8.268 -0.25 7.173 -7.4 -0.25 7.873 -7.91 -0.25 8.39 -8.87 -0.25 7.68
4 4 -8.24 -0.25 -3.852 -7.756 -0.25 -3.7 -8.649 -0.25 -3.003 -8.813 -0.25 -3.219
4 4 -7.935 -0.25 4.782 -6.423 -0.25 3.313 -6.07 -0.25 3.645 -7.507 -0.25 5.162
4 4 -7.4 -0.25 7.873 -6.496 -0.25 9.024 -7.38 -0.25 9.18 -7.91 -0.25 8.39
3 4 -7.345 -0.25 5.417 -7.507 -0.25 5.162 -4.801 -0.25 4.992
3 4 -7.25 -0.25 5.769 -7.345 -0.25 5.417 -4.801 -0.25 4.992
4 4 -7.233 -0.25 6.252 -7.25 -0.25 5.769 -4.801 -0.25 4.992 -6.464 -0.25 6.75
4 4 -7.177 -0.25 -3.595 -6.712 -0.25 -3.604 -5.38 -0.25 -2.776 -6.33 -0.25 -1.472
4 4 -6.892 -0.25 -1.11 -8.695 -0.25 -0.727 -8.619 -0.25 -1.193 -6.75 -0.25 -1.38
4 4 -6.81 -0.25 -0.74 -6.45 -0.25 -0.558 -6.152 -0.25 0.843 -8.889 -0.25 0.731
4 4 -6.81 -0.25 -0.74 -8.837 -0.25 -0.442 -8.695 -0.25 -0.727 -6.892 -0.25 -1.11
4 4 -6.75 -0.25 -1.38 -8.619 -0.25 -1.193 -8.618 -0.25 -1.829 -8.6 -0.25 -2.616
4 4 -6.75 -0.25 -1.38 -8.6 -0.25 -2.616 -7.177 -0.25 -3.595 -6.33 -0.25 -1.472
4 4 -6.712 -0.25 -3.604 -6.302 -0.25 -3.727 -5.351 -0.25 -3.339 -5.38 -0.25 -2.776
4 4 -6.682 -0.25 6.986 -6.891 -0.25 7.044 -7.042 -0.25 7.005 -6.464 -0.25 6.75
4 4 -6.496 -0.25 9.024 -5.779 -0.25 9.473 -6.23 -0.25 10.03 -7.38 -0.25 9.18
4 4 -6.464 -0.25 6.75 -7.042 -0.25 7.005 -7.165 -0.25 6.881 -7.222 -0.25 6.702
3 4 -6.464 -0.25 6.75 -7.222 -0.25 6.702 -7.233 -0.25 6.252
4 4 -6.302 -0.25 -3.727 -5.913 -0.25 -3.928 -5.38 -0.25 -3.71 -5.351 -0.25 -3.339
3 4 -6.276 -0.25 7.163 -4.526 -0.25 5.353 -3.603 -0.25 7.12
4 4 -6.178 -0.25 7.946 -6.366 -0.25 7.739 -6.405 -0.25 7.502 -6.276 -0.25 7.163
3 4 -6.152 -0.25 0.843 -6.45 -0.25 -0.558 -6.11 -0.25 -0.71
4 4 -6.07 -0.25 3.645 -5.607 -0.25 3.513 -4.801 -0.25 4.992 -7.507 -0.25 5.162
4 4 -6 -0.25 -1.23 -6.33 -0.25 -1.472 -5.38 -0.25 -2.776 -5.36 -0.25 -2.256
4 4 -5.913 -0.25 -3.928 -5.685 -0.25 -3.966 -5.504 -0.25 -3.89 -5.38 -0.25 -3.71
4 4 -5.845 -0.25 8.117 -6.178 -0.25 7.946 -6.276 -0.25 7.163 -3.603 -0.25 7.12
4 4 -5.8 -0.25 2.435 -6.253 -0.25 2.457 -5.965 -0.25 1.364 -4.737 -0.25 1.532
4 4 -5.779 -0.25 9.473 -4.906 -0.25 10.04 -5.22 -0.25 10.63 -6.23 -0.25 10.03
4 4 -5.607 -0.25 3.513 -5.395 -0.25 3.12 -3.006 -0.25 3.007 -4.801 -0.25 4.992
4 4 -5.548 -0.25 8.221 -5.845 -0.25 8.117 -3.603 -0.25 7.12 -4.95 -0.25 8.193
4 4 -5.507 -0.25 2.627 -5.8 -0.25 2.435 -4.737 -0.25 1.532 -3.869 -0.25 1.619
4 4 -5.507 -0.25 2.627 -3.869 -0.25 1.619 -3.64 -0.25 1.811 -3.452 -0.25 2.009
4 4 -5.395 -0.25 3.12 -5.507 -0.25 2.627 -3.452 -0.25 2.009 -2.996 -0.25 2.294
4 4 -5.395 -0.25 3.12 -2.996 -0.25 2.294 -2.806 -0.25 2.731 -3.006 -0.25 3.007
4 4 -5.248 -0.25 -1.648 -5.908 -0.25 -0.96 -6 -0.25 -1.23 -5.36 -0.25 -2.256
4 4 -4.953 -0.25 -0.983 -4.507 -0.25 -0.48 -6.152 -0.25 0.843 -6.11 -0.25 -0.71
4 4 -4.953 -0.25 -0.983 -6.11 -0.25 -0.71 -5.908 -0.25 -0.96 -5.248 -0.25 -1.648
4 4 -4.95 -0.25 8.193 -3.603 -0.25 7.12 -3.445 -0.25 7.715 -4.476 -0.25 8.212
4 4 -4.906 -0.25 10.04 -3.907 -0.25 10.55 -4.15 -0.25 11.13 -5.22 -0.25 10.63
4 4 -4.526 -0.25 5.353 -2.55 -0.25 3.149 -3.375 -0.25 6.625 -3.603 -0.25 7.12
4 4 -4.201 -0.25 8.402 -4.476 -0.25 8.212 -3.445 -0.25 7.715 -3.13 -0.25 7.813
4 4 -4.013 -0.25 -0.156 -3.676 -0.25 1.173 -6.152 -0.25 0.843 -4.507 -0.25 -0.48
4 4 -3.907 -0.25 10.55 -3.02 -0.25 10.966 -3.05 -0.25 11.57 -4.15 -0.25 11.13
3 4 -3.898 -0.25 8.735 -4.201 -0.25 8.402 -3.13 -0.25 7.813
4 4 -3.726 -0.25 8.963 -3.898 -0.25 8.735 -3.13 -0.25 7.813 -2.635 -0.25 7.585
4 4 -3.726 -0.25 8.963 -2.635 -0.25 7.585 -1.543 -0.25 7.482 -3.527 -0.25 9.399
4 4 -3.525 -0.25 0.043 -3.262 -0.25 1.006 -3.676 -0.25 1.173 -4.013 -0.25 -0.156
4 4 -3.261 -0.25 9.617 -3.527 -0.25 9.399 -2.529 -0.25 9.731 -2.969 -0.25 9.722
4 4 -3.02 -0.25 10.966 -2.565 -0.25 10.962 -2.61 -0.25 11.74 -3.05 -0.25 11.57
4 4 -2.806 -0.25 2.731 -2.996 -0.25 2.294 -2.787 -0.25 2.465 -2.768 -0.25 2.608
4 4 -2.665 -0.25 0.889 -3.053 -0.25 0.127 -2.502 -0.25 0.09 -1.6 -0.25 0.585
4 4 -2.665 -0.25 0.889 -3.262 -0.25 1.006 -3.525 -0.25 0.043 -3.053 -0.25 0.127
3 4 -2.635 -0.25 7.585 -2.457 -0.25 7.17 -1.543 -0.25 7.482
4 4 -2.55 -0.25 3.149 -1.647 -0.25 3.32 -2.86 -0.25 6.367 -3.375 -0.25 6.625
4 4 -2.529 -0.25 9.731 -3.527 -0.25 9.399 -1.543 -0.25 7.482 -2.177 -0.25 9.836
4 4 -2.27 -0.25 11.75 -2.61 -0.25 11.74 -2.565 -0.25 10.962 -1.72 -0.25 11.385
4 4 -2.177 -0.25 9.836 -1.543 -0.25 7.482 -1.467 -0.25 9.828 -1.94 -0.25 9.95
4 4 -1.72 -0.25 11.385 -2.565 -0.25 10.962 -1.661 -0.25 10.663 -1.183 -0.25 10.663
4 4 -1.695 -0.25 3.13 -2.426 -0.25 3.073 -2.084 -0.25 2.95 -1.885 -0.25 2.969
3 4 -1.695 -0.25 3.13 -1.885 -0.25 2.969 -1.78 -0.25 3.035
4 4 -1.647 -0.25 3.32 -2.55 -0.25 3.149 -2.426 -0.25 3.073 -1.695 -0.25 3.13
4 4 -1.609 -0.25 3.805 -2.555 -0.25 6.625 -2.86 -0.25 6.367 -1.647 -0.25 3.32
3 4 -1.6 -0.25 0.585 -2.127 -0.25 -0.019 -1.71 -0.25 -0.234
3 4 -1.6 -0.25 0.585 -1.71 -0.25 -0.234 -1.364 -0.25 -0.505
3 4 -1.6 -0.25 0.585 -2.502 -0.25 0.09 -2.127 -0.25 -0.019
4 4 -1.543 -0.25 7.482 -2.457 -0.25 7.17 -2.555 -0.25 6.625 -1.609 -0.25 3.805
4 4 -1.467 -0.25 9.828 -1.59 -0.25 9.979 -1.74 -0.25 9.997 -1.94 -0.25 9.95
4 4 -1.364 -0.25 -0.505 -1.047 -0.25 -0.966 -0.543 -0.25 0.26 -1.6 -0.25 0.585
4 4 -1.18 -0.25 11.39 -1.183 -0.25 10.663 -0.926 -0.25 10.776 -0.632 -0.25 11.032
3 4 -1.18 -0.25 11.39 -1.72 -0.25 11.385 -1.183 -0.25 10.663
4 4 -1.163 -0.25 3.51 -0.365 -0.25 3.007 -0.07 -0.25 3.159 0.205 -0.25 3.339
4 4 -1.125 -0.25 3.225 -0.64 -0.25 2.893 -0.365 -0.25 3.007 -1.163 -0.25 3.51
4 4 -1.03 -0.25 3.035 -0.906 -0.25 2.902 -0.64 -0.25 2.893 -1.125 -0.25 3.225
3 4 -0.96 -0.25 9.847 0.451 -0.25 9.646 0.329 -0.25 9.79
4 4 -0.632 -0.25 11.032 0.443 -0.25 11.547 -0.7 -0.25 11.75 -1.18 -0.25 11.39
4 4 -0.543 -0.25 0.26 -1.047 -0.25 -0.966 -0.898 -0.25 -1.329 0.421 -0.25 -0.696
4 4 -0.203 -0.25 10.473 -0.374 -0.25 10.483 -0.545 -0.25 10.406 -0.013 -0.25 10.387
3 4 0 -0.25 12.135 -0.7 -0.25 11.75 0.443 -0.25 11.547
4 4 0.139 -0.25 1.325 -0.063 -0.25 1.114 -0.126 -0.25 0.795 -0.077 -0.25 0.576
4 4 0.14 -0.25 10.187 -0.013 -0.25 10.387 -0.545 -0.25 10.406 -0.829 -0.25 10.113
3 4 0.186 -0.25 2.646 0.186 -0.25 2.437 0.291 -0.25 2.285
4 4 0.243 -0.25 9.999 0.14 -0.25 10.187 -0.829 -0.25 10.113 -0.96 -0.25 9.847
3 4 0.243 -0.25 9.999 -0.96 -0.25 9.847 0.329 -0.25 9.79
4 4 0.3 -0.25 2.836 0.186 -0.25 2.646 0.291 -0.25 2.285 0.471 -0.25 2.228
4 4 0.405 -0.25 1.477 0.139 -0.25 1.325 -0.077 -0.25 0.576 1.002 -0.25 -0.594
4 4 0.421 -0.25 -0.696 -0.677 -0.25 -2.57 -0.533 -0.25 -2.664 -0.133 -0.25 -2.673
3 4 0.421 -0.25 -0.696 -0.898 -0.25 -1.329 -0.811 -0.25 -1.775
4 4 0.421 -0.25 -0.696 -0.811 -0.25 -1.775 -0.761 -0.25 -2.426 -0.677 -0.25 -2.57
4 4 0.443 -0.25 11.547 1.592 -0.25 11.525 0.45 -0.25 12.2 0 -0.25 12.135
3 4 0.45 -0.25 12.2 1.592 -0.25 11.525 2.257 -0.25 12.13
4 4 0.471 -0.25 3.064 0.3 -0.25 2.836 0.471 -0.25 2.228 0.956 -0.25 2.209
4 4 0.471 -0.25 3.064 0.956 -0.25 2.209 2.856 -0.25 2.228 2.894 -0.25 5.315
4 4 0.699 -0.25 1.582 0.405 -0.25 1.477 1.002 -0.25 -0.594 1.002 -0.25 1.639
4 4 0.712 -0.25 7.36 0.661 -0.25 9.561 0.451 -0.25 9.646 -0.96 -0.25 9.847
4 4 0.712 -0.25 7.36 -0.96 -0.25 9.847 -1.068 -0.25 7.377 0.718 -0.25 6.798
4 4 0.718 -0.25 6.798 -1.068 -0.25 7.377 -1.163 -0.25 3.51 1.05 -0.25 6.452
4 4 0.811 -0.25 -1.068 0.421 -0.25 -0.696 -0.133 -0.25 -2.673 0.325 -0.25 -2.539
4 4 0.811 -0.25 -1.068 0.325 -0.25 -2.539 0.802 -0.25 -2.341 0.965 -0.25 -1.097
4 4 0.965 -0.25 -1.097 0.802 -0.25 -2.341 1.513 -0.25 -2.189 1.041 -0.25 -1.04
4 4 1.041 -0.25 -1.04 1.513 -0.25 -2.189 2.391 -0.25 -2.047 1.079 -0.25 -0.936
4 4 1.05 -0.25 6.452 -1.163 -0.25 3.51 0.205 -0.25 3.339 1.502 -0.25 6.498
4 4 1.079 -0.25 -0.936 2.391 -0.25 -2.047 3.141 -0.25 -1.829 1.079 -0.25 -0.746
4 4 1.079 -0.25 -0.746 3.141 -0.25 -1.829 3.625 -0.25 -0.33 1.002 -0.25 -0.594
4 4 1.188 -0.25 7.892 1.56 -0.25 7.968 1.156 -0.25 9.694 0.88 -0.25 9.56
4 4 1.188 -0.25 7.892 0.88 -0.25 9.56 0.661 -0.25 9.561 0.712 -0.25 7.36
4 4 1.502 -0.25 6.498 0.205 -0.25 3.339 2.476 -0.25 5.657 1.948 -0.25 7.25
4 4 1.592 -0.25 11.525 2.701 -0.25 11.363 2.82 -0.25 11.97 2.257 -0.25 12.13
4 4 1.892 -0.25 7.722 5.117 -0.25 9.124 4.859 -0.25 9.305 4.504 -0.25 9.477
4 4 1.948 -0.25 7.25 2.476 -0.25 5.657 5.441 -0.25 8.318 1.892 -0.25 7.722
4 4 2.021 -0.25 9.969 1.815 -0.25 10.026 1.594 -0.25 9.998 1.386 -0.25 9.866
4 4 2.285 -0.25 9.875 2.021 -0.25 9.969 1.386 -0.25 9.866 1.156 -0.25 9.694
4 4 2.514 -0.25 9.827 2.285 -0.25 9.875 1.156 -0.25 9.694 1.56 -0.25 7.968
3 4 2.514 -0.25 9.827 1.56 -0.25 7.968 1.892 -0.25 7.722
4 4 2.701 -0.25 11.363 3.805 -0.25 11.102 4 -0.25 11.73 2.82 -0.25 11.97
4 4 2.837 -0.25 1.724 1.002 -0.25 1.639 1.002 -0.25 -0.594 3.625 -0.25 -0.33
3 4 2.837 -0.25 1.724 3.625 -0.25 -0.33 3.683 -0.25 0.013
4 4 2.837 -0.25 1.724 3.683 -0.25 0.013 4.018 -0.25 0.304 4.72 -0.25 2.027
3 4 2.894 -0.25 5.315 4.731 -0.25 4.49 5.055 -0.25 4.835
3 4 2.894 -0.25 5.315 4.815 -0.25 4.025 4.731 -0.25 4.49
4 4 3.141 -0.25 -1.829 3.639 -0.25 -1.753 3.783 -0.25 -0.763 3.625 -0.25 -0.33
4 4 3.409 -0.25 9.977 3.152 -0.25 10.035 2.942 -0.25 9.997 3.633 -0.25 9.847
4 4 3.633 -0.25 9.847 2.942 -0.25 9.997 2.744 -0.25 9.874 3.88 -0.25 9.647
4 4 3.639 -0.25 -1.753 4.345 -0.25 -1.694 4.078 -0.25 -1.004 3.783 -0.25 -0.763
4 4 3.805 -0.25 11.102 4.882 -0.25 10.717 5.15 -0.25 11.38 4 -0.25 11.73
4 4 3.88 -0.25 9.647 2.744 -0.25 9.874 2.514 -0.25 9.827 1.892 -0.25 7.722
3 4 3.88 -0.25 9.647 1.892 -0.25 7.722 4.124 -0.25 9.542
3 4 4.124 -0.25 9.542 1.892 -0.25 7.722 4.504 -0.25 9.477
3 4 4.72 -0.25 2.027 4.018 -0.25 0.304 4.39 -0.25 0.335
4 4 4.72 -0.25 2.027 4.39 -0.25 0.335 5.252 -0.25 0.134 6.795 -0.25 2.043
4 4 4.801 -0.25 -1.612 4.52 -0.25 -1.014 4.078 -0.25 -1.004 4.345 -0.25 -1.694
4 4 4.815 -0.25 4.025 2.894 -0.25 5.315 2.856 -0.25 2.228 5.295 -0.25 2.594
4 4 4.882 -0.25 10.717 6.129 -0.25 10.01 6.29 -0.25 10.95 5.15 -0.25 11.38
4 4 5.055 -0.25 4.835 5.49 -0.25 4.849 5.707 -0.25 7.993 2.894 -0.25 5.315
4 4 5.28 -0.25 3.801 4.815 -0.25 4.025 5.295 -0.25 2.594 6.001 -0.25 2.643
4 4 5.429 -0.25 -1.341 5.262 -0.25 -0.764 4.52 -0.25 -1.014 4.801 -0.25 -1.612
4 4 5.441 -0.25 8.318 5.419 -0.25 8.84 5.117 -0.25 9.124 1.892 -0.25 7.722
4 4 5.49 -0.25 4.849 5.925 -0.25 4.605 7.567 -0.25 5.29 6.637 -0.25 6.861
4 4 5.49 -0.25 4.849 6.637 -0.25 6.861 6.465 -0.25 7.091 5.707 -0.25 7.993
4 4 5.525 -0.25 8.477 5.525 -0.25 8.649 5.419 -0.25 8.84 5.441 -0.25 8.318
4 4 5.707 -0.25 7.993 6.352 -0.25 7.937 6.257 -0.25 8.058 5.886 -0.25 8.106
4 4 5.707 -0.25 7.993 6.399 -0.25 7.329 6.38 -0.25 7.671 6.352 -0.25 7.937
3 4 5.707 -0.25 7.993 6.465 -0.25 7.091 6.399 -0.25 7.329
4 4 5.845 -0.25 3.915 5.28 -0.25 3.801 6.001 -0.25 2.643 7.412 -0.25 2.751
4 4 5.925 -0.25 4.605 7.786 -0.25 4.421 7.681 -0.25 4.878 7.567 -0.25 5.29
4 4 5.999 -0.25 4.22 5.845 -0.25 3.915 7.412 -0.25 2.751 7.899 -0.25 3.966
4 4 5.999 -0.25 4.22 7.899 -0.25 3.966 7.786 -0.25 4.421 5.925 -0.25 4.605
3 4 6.086 -0.25 8.125 5.886 -0.25 8.106 6.257 -0.25 8.058
4 4 6.126 -0.25 -1.181 5.557 -0.25 -0.513 5.262 -0.25 -0.764 5.429 -0.25 -1.341
4 4 6.129 -0.25 10.01 6.672 -0.25 9.33 7 -0.25 10.57 6.29 -0.25 10.95
4 4 6.672 -0.25 9.33 7.534 -0.25 8.666 7.45 -0.25 9.5 7.29 -0.25 9.66
4 4 6.732 -0.25 -1.069 7.501 -0.25 -0.129 7.415 -0.25 0.167 5.605 -0.25 -0.26
4 4 6.732 -0.25 -1.069 5.605 -0.25 -0.26 5.557 -0.25 -0.513 6.126 -0.25 -1.181
4 4 6.795 -0.25 2.043 5.252 -0.25 0.134 5.537 -0.25 -0.067 7.539 -0.25 1.002
4 4 6.902 -0.25 6.767 6.637 -0.25 6.861 7.567 -0.25 5.29 7.558 -0.25 5.716
4 4 7.084 -0.25 -1.031 7.634 -0.25 -0.329 7.501 -0.25 -0.129 6.732 -0.25 -1.069
4 4 7.22 -0.25 10.16 7 -0.25 10.57 6.672 -0.25 9.33 7.29 -0.25 9.66
4 4 7.252 -0.25 6.635 6.902 -0.25 6.767 7.558 -0.25 5.716 7.538 -0.25 6.259
3 4 7.252 -0.25 6.635 7.538 -0.25 6.259 7.472 -0.25 6.454
4 4 7.378 -0.25 -1.059 7.882 -0.25 -0.47 7.634 -0.25 -0.329 7.084 -0.25 -1.031
4 4 7.415 -0.25 0.167 7.424 -0.25 0.583 5.537 -0.25 -0.067 5.605 -0.25 -0.26
4 4 7.534 -0.25 8.666 8.352 -0.25 7.929 9.23 -0.25 8.81 8.62 -0.25 9.36
3 4 7.539 -0.25 1.002 5.537 -0.25 -0.067 7.424 -0.25 0.583
4 4 7.691 -0.25 1.26 7.832 -0.25 2.057 7.623 -0.25 2.123 7.229 -0.25 2.132
4 4 7.691 -0.25 1.26 7.229 -0.25 2.132 6.795 -0.25 2.043 7.539 -0.25 1.002
4 4 7.692 -0.25 -1.221 8.004 -0.25 -1.354 7.882 -0.25 -0.47 7.378 -0.25 -1.059
4 4 7.899 -0.25 3.966 7.412 -0.25 2.751 7.71 -0.25 2.759 8.06 -0.25 3.508
4 4 7.929 -0.25 1.488 7.955 -0.25 1.973 7.832 -0.25 2.057 7.691 -0.25 1.26
4 4 8.004 -0.25 -1.354 8.262 -0.25 -1.392 8.186 -0.25 -0.489 7.882 -0.25 -0.47
4 4 8.023 -0.25 1.639 8.041 -0.25 1.81 7.955 -0.25 1.973 7.929 -0.25 1.488
4 4 8.06 -0.25 3.508 7.71 -0.25 2.759 7.889 -0.25 2.853 8.079 -0.25 3.254
3 4 8.079 -0.25 3.254 7.889 -0.25 2.853 8.05 -0.25 3.064
4 4 8.21 -0.25 9.45 7.45 -0.25 9.5 7.534 -0.25 8.666 8.62 -0.25 9.36
4 4 8.262 -0.25 -1.392 8.518 -0.25 -1.335 8.518 -0.25 -0.375 8.186 -0.25 -0.489
4 4 8.352 -0.25 7.929 8.86 -0.25 6.928 9.99 -0.25 7.86 9.23 -0.25 8.81
4 4 8.518 -0.25 -1.335 8.965 -0.25 -0.925 8.851 -0.25 -0.195 8.518 -0.25 -0.375
4 4 8.86 -0.25 6.928 9.322 -0.25 5.957 10.62 -0.25 6.82 9.99 -0.25 7.86
4 4 8.965 -0.25 -0.925 9.259 -0.25 -0.632 9.145 -0.25 0.062 8.851 -0.25 -0.195
4 4 9.259 -0.25 -0.632 9.761 -0.25 -0.299 9.44 -0.25 0.432 9.145 -0.25 0.062
4 4 9.322 -0.25 5.957 9.621 -0.25 4.931 11.08 -0.25 5.71 10.62 -0.25 6.82
3 4 9.621 -0.25 4.931 10.378 -0.25 4.722 10.435 -0.25 4.925
4 4 9.621 -0.25 4.931 10.435 -0.25 4.925 10.531 -0.25 4.981 11.08 -0.25 5.71
4 4 9.696 -0.25 0.983 10.321 -0.25 -0.052 10.598 -0.25 0.773 10.464 -0.25 0.953
4 4 9.73 -0.25 3.868 9.828 -0.25 2.877 10.397 -0.25 3.407 10.388 -0.25 4.09
4 4 9.73 -0.25 3.868 10.388 -0.25 4.09 10.378 -0.25 4.722 9.621 -0.25 4.931
4 4 9.761 -0.25 -0.299 10.321 -0.25 -0.052 9.696 -0.25 0.983 9.44 -0.25 0.432
4 4 9.81 -0.25 1.43 9.696 -0.25 0.983 10.464 -0.25 0.953 10.369 -0.25 1.332
4 4 9.828 -0.25 2.877 9.846 -0.25 1.897 10.436 -0.25 2.582 10.397 -0.25 3.407
4 4 9.846 -0.25 1.897 9.81 -0.25 1.43 10.369 -0.25 1.332 10.37 -0.25 1.917
4 4 9.846 -0.25 1.897 10.37 -0.25 1.917 10.417 -0.25 2.223 10.436 -0.25 2.582
3 4 10.626 -0.25 4.926 10.74 -0.25 4.648 11.44 -0.25 4.58
3 4 10.74 -0.25 4.648 10.844 -0.25 4.167 11.44 -0.25 4.58
4 4 10.898 -0.25 0.13 10.846 -0.25 0.784 10.598 -0.25 0.773 10.321 -0.25 -0.052
3 4 11.061 -0.25 3.059 11.185 -0.25 2.526 11.86 -0.25 2.3
4 4 11.08 -0.25 5.71 10.531 -0.25 4.981 10.626 -0.25 4.926 11.44 -0.25 4.58
4 4 11.235 -0.25 0.138 11.617 -0.25 0.168 10.846 -0.25 0.784 10.898 -0.25 0.13
3 4 11.253 -0.25 1.926 11.263 -0.25 1.364 11.88 -0.25 1.16
4 4 11.44 -0.25 4.58 10.844 -0.25 4.167 10.948 -0.25 3.56 11.8 -0.25 3.23
4 4 11.617 -0.25 0.168 11.777 -0.25 0.29 11.064 -0.25 0.907 10.846 -0.25 0.784
4 4 11.8 -0.25 3.23 10.948 -0.25 3.56 11.061 -0.25 3.059 11.86 -0.25 2.3
4 4 11.841 -0.25 0.475 11.204 -0.25 1.134 11.064 -0.25 0.907 11.777 -0.25 0.29
4 4 11.86 -0.25 2.3 11.185 -0.25 2.526 11.253 -0.25 1.926 11.88 -0.25 1.16
4 4 11.88 -0.25 1.16 11.263 -0.25 1.364 11.204 -0.25 1.134 11.841 -0.25 0.475
0 // white border
1 15 -16 -0.25 -16 -2 0 0 0 1 0 0 0 -2 1-8chrd.dat
1 15 -16 -0.25 -16 0 0 -2 0 1 0 -2 0 0 1-8chrd.dat
1 15 -16 -0.25 16 0 0 -2 0 1 0 2 0 0 1-8chrd.dat
1 15 -16 -0.25 16 -2 0 0 0 1 0 0 0 2 1-8chrd.dat
1 15 -15 -0.25 -15 -2 0 0 0 1 0 0 0 -2 1-4ndis.dat
1 15 -15 -0.25 15 -2 0 0 0 1 0 0 0 2 1-4ndis.dat
1 15 8 -0.25 -15.05 0 0 -0.55 0 1 0 0.55 0 0 2-4ndis.dat
1 15 8 -0.25 -12.75 0 0 -0.55 0 1 0 0.55 0 0 2-4ndis.dat
1 15 12 -0.25 -15.05 0 0 0.55 0 1 0 -0.55 0 0 2-4ndis.dat
1 15 12 -0.25 -12.75 0 0 0.55 0 1 0 -0.55 0 0 2-4ndis.dat
1 15 15 -0.25 -15 2 0 0 0 1 0 0 0 -2 1-4ndis.dat
1 15 15 -0.25 15 2 0 0 0 1 0 0 0 2 1-4ndis.dat
1 15 16 -0.25 -16 2 0 0 0 1 0 0 0 -2 1-8chrd.dat
1 15 16 -0.25 -16 0 0 2 0 1 0 -2 0 0 1-8chrd.dat
1 15 16 -0.25 16 0 0 2 0 1 0 2 0 0 1-8chrd.dat
1 15 16 -0.25 16 2 0 0 0 1 0 0 0 2 1-8chrd.dat
4 15 -17.4142 -0.25 17.4142 -18 -0.25 16 -17 -0.25 15 -17 -0.25 17
4 15 -17 -0.25 -15 -18 -0.25 -16 -17.4142 -0.25 -17.4142 -17 -0.25 -17
4 15 -17 -0.25 -17 -17.4142 -0.25 -17.4142 -16 -0.25 -18 -15 -0.25 -17
4 15 -17 -0.25 15 -18 -0.25 16 -18 -0.25 -16 -17 -0.25 -15
4 15 -16 -0.25 18 -17.4142 -0.25 17.4142 -17 -0.25 17 -15 -0.25 17
3 15 -4.15 -0.25 -17 -15 -0.25 -17 -16 -0.25 -18
3 15 6.7 -0.25 -17 -4.15 -0.25 -17 -16 -0.25 -18
3 15 15 -0.25 -17 13.3 -0.25 -17 16 -0.25 -18
4 15 16 -0.25 -18 13.3 -0.25 -17 6.7 -0.25 -17 -16 -0.25 -18
4 15 16 -0.25 18 -16 -0.25 18 -15 -0.25 17 15 -0.25 17
4 15 17 -0.25 -17 15 -0.25 -17 16 -0.25 -18 17.4142 -0.25 -17.4142
4 15 17.4142 -0.25 17.4142 16 -0.25 18 15 -0.25 17 17 -0.25 17
4 15 17.4142 -0.25 17.4142 17 -0.25 17 17 -0.25 15 18 -0.25 16
4 15 18 -0.25 -16 17 -0.25 -15 17 -0.25 -17 17.4142 -0.25 -17.4142
4 15 18 -0.25 16 17 -0.25 15 17 -0.25 -15 18 -0.25 -16
0 // neutral lateral faces
1 16 -16 -0.25 -16 -2 0 0 0 0.25 0 0 0 -2 1-4cyli.dat
1 16 -16 -0.25 16 0 0 -2 0 0.25 0 2 0 0 1-4cyli.dat
1 16 16 -0.25 -16 0 0 2 0 0.25 0 -2 0 0 1-4cyli.dat
1 16 16 -0.25 16 2 0 0 0 0.25 0 0 0 2 1-4cyli.dat
4 16 -18 0 -16 -18 -0.25 -16 -18 -0.25 16 -18 0 16
4 16 -16 0 18 -16 -0.25 18 16 -0.25 18 16 0 18
4 16 16 0 -18 16 -0.25 -18 -16 -0.25 -18 -16 0 -18
4 16 18 0 16 18 -0.25 16 18 -0.25 -16 18 0 -16
0 // neutral bottom face
1 16 -16 0 -16 -2 0 0 0 -1 0 0 0 -2 1-4chrd.dat
1 16 -16 0 16 0 0 -2 0 -1 0 2 0 0 1-4chrd.dat
1 16 16 0 -16 0 0 2 0 -1 0 -2 0 0 1-4chrd.dat
1 16 16 0 16 2 0 0 0 -1 0 0 0 2 1-4chrd.dat
4 16 -18 0 16 -16 0 18 16 0 18 18 0 16
4 16 -18 0 16 18 0 16 18 0 -16 -18 0 -16
4 16 18 0 -16 16 0 -18 -16 0 -18 -18 0 -16
