0 Sticker  5.9 x  0.9 with Black Trapezoid on Blue Background Left
0 Name: 6141955j.dat
0 Author: Massimo Maso [Sirio]
0 !LDRAW_ORG Unofficial_Part 
0 !LICENSE Redistributable under CCAL version 2.0 : see CAreadme.txt

0 BFC CERTIFY CCW

0 !KEYWORDS Speed Champions, Ford, Mustang, GT, Set 75871


0 // Primitives
1 16 -6.5 0 28.1228 -1.5 0 0 0 -1 0 0 0 1.5 1-4chrd.dat
1 16 6.5 0 28.1228 1.5 0 0 0 -1 0 0 0 1.5 1-4chrd.dat
1 16 -6.5 0 -28.1228 -1.5 0 0 0 -1 0 0 0 -1.5 1-4chrd.dat
1 16 6.5 0 -28.1228 1.5 0 0 0 -1 0 0 0 -1.5 1-4chrd.dat
1 16 -6.5 0 28.1228 -1.5 0 0 0 -.25 0 0 0 1.5 1-4cyli.dat
1 16 6.5 0 28.1228 1.5 0 0 0 -.25 0 0 0 1.5 1-4cyli.dat
1 16 -6.5 0 -28.1228 -1.5 0 0 0 -.25 0 0 0 -1.5 1-4cyli.dat
1 16 6.5 0 -28.1228 1.5 0 0 0 -.25 0 0 0 -1.5 1-4cyli.dat
1 1 -6.5 -.25 28.1228 0 0 -1.5 0 1 0 1.5 0 0 1-8chrd.dat
1 1 -6.5 -.25 28.1228 -1.5 0 0 0 1 0 0 0 1.5 1-8chrd.dat
1 1 6.5 -.25 28.1228 1.5 0 0 0 1 0 0 0 1.5 1-4chrd.dat
1 1 -6.5 -.25 -28.1228 -1.5 0 0 0 1 0 0 0 -1.5 1-4chrd.dat
1 1 6.5 -.25 -28.1228 1.5 0 0 0 1 0 0 0 -1.5 1-4chrd.dat
0 // Bottom face
4 16 -6.5 0 29.6228 -6.5 0 -29.6228 -8 0 -28.1228 -8 0 28.1228
4 16 -6.5 0 29.6228 6.5 0 29.6228 6.5 0 -29.6228 -6.5 0 -29.6228
4 16 6.5 0 29.6228 8 0 28.1228 8 0 -28.1228 6.5 0 -29.6228
0 // Lateral face
4 16 -6.5 0 29.6228 -6.5 -.25 29.6228 6.5 -.25 29.6228 6.5 0 29.6228
3 16 8 0 28.1228 8 -.25 28.1228 8 -.25 26.9543
4 16 -8 0 28.1228 -8 0 -28.1228 -8 -.25 -28.1228 -8 -.25 28.1228
4 16 8 0 28.1228 8 -.25 26.9543 8 -.25 -24.0353 8 0 -28.1228
3 16 8 0 -28.1228 8 -.25 -24.0353 8 -.25 -28.1228
4 16 -6.5 0 -29.6228 6.5 0 -29.6228 6.5 -.25 -29.6228 -6.5 -.25 -29.6228
0 // Top face
0 // Black faces
4 0 5.3856 -.25 27.1562 5.8051 -.25 -23.1006 8 -.25 -24.0353 8 -.25 26.9543
4 0 5.3856 -.25 27.1562 2.7773 -.25 27.4289 3.7145 -.25 -21.9611 5.8051 -.25 -23.1006
4 0 .1768 -.25 27.7683 1.7494 -.25 -20.6167 3.7145 -.25 -21.9611 2.7773 -.25 27.4289
4 0 .1768 -.25 27.7683 -2.4141 -.25 28.174 -.0702 -.25 -19.0809 1.7494 -.25 -20.6167
4 0 -4.9938 -.25 28.6458 -1.7256 -.25 -17.3696 -.0702 -.25 -19.0809 -2.4141 -.25 28.174
4 0 -4.9938 -.25 28.6458 -7.56065 -.25 29.18345 -3.2 -.25 -15.5 -1.7256 -.25 -17.3696
4 0 -7.4923 -.25 23.5632 -4.2196 -.25 -9.9726 -3.2 -.25 -15.5 -7.56065 -.25 29.18345
4 0 -7.4923 -.25 23.5632 -7.2873 -.25 17.9462 -5.1044 -.25 -4.422 -4.2196 -.25 -9.9726
4 0 -6.9458 -.25 12.3359 -5.854 -.25 1.1485 -5.1044 -.25 -4.422 -7.2873 -.25 17.9462
3 0 -6.9458 -.25 12.3359 -6.4679 -.25 6.7356 -5.854 -.25 1.1485
0 // Blue faces
4 1 8 -.25 28.1228 6.5 -.25 29.6228 -6.5 -.25 29.6228 -7.56065 -.25 29.18345
4 1 8 -.25 28.1228 -7.56065 -.25 29.18345 -4.9938 -.25 28.6458 -2.4141 -.25 28.174
4 1 8 -.25 28.1228 -2.4141 -.25 28.174 .1768 -.25 27.7683 2.7773 -.25 27.4289
4 1 8 -.25 28.1228 2.7773 -.25 27.4289 5.3856 -.25 27.1562 8 -.25 26.9543
4 1 -8 -.25 -28.1228 -7.4923 -.25 23.5632 -7.56065 -.25 29.18345 -8 -.25 28.1228
3 1 -8 -.25 -28.1228 -7.2873 -.25 17.9462 -7.4923 -.25 23.5632
3 1 -8 -.25 -28.1228 -6.9458 -.25 12.3359 -7.2873 -.25 17.9462
3 1 -8 -.25 -28.1228 -6.4679 -.25 6.7356 -6.9458 -.25 12.3359
4 1 -8 -.25 -28.1228 -6.5 -.25 -29.6228 -5.854 -.25 1.1485 -6.4679 -.25 6.7356
3 1 -6.5 -.25 -29.6228 -5.1044 -.25 -4.422 -5.854 -.25 1.1485
3 1 -6.5 -.25 -29.6228 -4.2196 -.25 -9.9726 -5.1044 -.25 -4.422
3 1 -6.5 -.25 -29.6228 -3.2 -.25 -15.5 -4.2196 -.25 -9.9726
4 1 -6.5 -.25 -29.6228 6.5 -.25 -29.6228 -1.7256 -.25 -17.3696 -3.2 -.25 -15.5
3 1 6.5 -.25 -29.6228 -.0702 -.25 -19.0809 -1.7256 -.25 -17.3696
3 1 6.5 -.25 -29.6228 1.7494 -.25 -20.6167 -.0702 -.25 -19.0809
4 1 6.5 -.25 -29.6228 8 -.25 -28.1228 3.7145 -.25 -21.9611 1.7494 -.25 -20.6167
3 1 8 -.25 -28.1228 5.8051 -.25 -23.1006 3.7145 -.25 -21.9611
3 1 8 -.25 -28.1228 8 -.25 -24.0353 5.8051 -.25 -23.1006
