0 Sticker  .8 x  1.8 with Black and Grey Hexagons on White Background
0 Name: 6141955n.dat
0 Author: Massimo Maso [Sirio]
0 !LDRAW_ORG Unofficial_Part 
0 !LICENSE Redistributable under CCAL version 2.0 : see CAreadme.txt

0 BFC CERTIFY CCW

0 !KEYWORDS Speed Champions, Ford, Mustang, GT, Set 75871


0 // Primitives
1 16 -16.5 0 6.5 -1.5 0 0 0 -1 0 0 0 1.5 1-4chrd.dat
1 16 16.5 0 6.5 1.5 0 0 0 -1 0 0 0 1.5 1-4chrd.dat
1 16 0 -.25 0 16.5 0 0 0 .25 0 0 0 8 box3u12.dat
1 16 -16.5 0 -6.5 -1.5 0 0 0 -1 0 0 0 -1.5 1-4chrd.dat
1 16 16.5 0 -6.5 1.5 0 0 0 -1 0 0 0 -1.5 1-4chrd.dat
1 16 -16.5 0 6.5 -1.5 0 0 0 -.25 0 0 0 1.5 1-4cyli.dat
1 16 16.5 0 6.5 1.5 0 0 0 -.25 0 0 0 1.5 1-4cyli.dat
1 16 -16.5 0 -6.5 -1.5 0 0 0 -.25 0 0 0 -1.5 1-4cyli.dat
1 16 16.5 0 -6.5 1.5 0 0 0 -.25 0 0 0 -1.5 1-4cyli.dat
1 15 -16.5 -.25 6.5 -1.5 0 0 0 1 0 0 0 1.5 1-4chrd.dat
1 15 16.5 -.25 6.5 1.5 0 0 0 1 0 0 0 1.5 1-4chrd.dat
1 15 -16.5 -.25 -6.5 -1.5 0 0 0 1 0 0 0 -1.5 1-4chrd.dat
1 15 16.5 -.25 -6.5 1.5 0 0 0 1 0 0 0 -1.5 1-4chrd.dat
0 // Bottom face
4 16 -16.5 0 8 -16.5 0 -8 -18 0 -6.5 -18 0 6.5
4 16 16.5 0 8 18 0 6.5 18 0 -6.5 16.5 0 -8
0 // Lateral face
3 16 -18 0 6.5 -18 -.25 4 -18 -.25 6.5
3 16 18 0 6.5 18 -.25 6.5 18 -.25 4
3 16 -18 0 6.5 -18 -.25 3.195 -18 -.25 4
3 16 18 0 6.5 18 -.25 4 18 -.25 3.195
3 16 -18 0 6.5 -18 -.25 2.775 -18 -.25 3.195
3 16 18 0 6.5 18 -.25 3.195 18 -.25 2.775
3 16 -18 0 6.5 -18 -.25 1.775 -18 -.25 2.775
3 16 18 0 6.5 18 -.25 2.775 18 -.25 1.775
3 16 -18 0 6.5 -18 -.25 1.355 -18 -.25 1.775
3 16 18 0 6.5 18 -.25 1.775 18 -.25 1.355
3 16 -18 0 6.5 -18 -.25 .355 -18 -.25 1.355
3 16 18 0 6.5 18 -.25 1.355 18 -.25 .355
4 16 -18 0 6.5 -18 0 -6.5 -18 -.25 -.065 -18 -.25 .355
4 16 18 0 6.5 18 -.25 .355 18 -.25 -.065 18 0 -6.5
3 16 -18 0 -6.5 -18 -.25 -1.065 -18 -.25 -.065
3 16 18 0 -6.5 18 -.25 -.065 18 -.25 -1.065
3 16 -18 0 -6.5 -18 -.25 -1.485 -18 -.25 -1.065
3 16 18 0 -6.5 18 -.25 -1.065 18 -.25 -1.485
3 16 -18 0 -6.5 -18 -.25 -3 -18 -.25 -1.485
3 16 18 0 -6.5 18 -.25 -1.485 18 -.25 -3
3 16 -18 0 -6.5 -18 -.25 -6.5 -18 -.25 -3
3 16 18 0 -6.5 18 -.25 -3 18 -.25 -6.5
0 // Top face
0 // Black faces
4 0 -18 -.25 4 -18 -.25 3.195 -15.8701 -.25 3.195 -15.5801 -.25 3.485
3 0 -18 -.25 4 -15.5801 -.25 3.485 -14.9861 -.25 3.485
3 0 -18 -.25 4 -14.9861 -.25 3.485 -12.4416 -.25 3.485
3 0 -18 -.25 4 -12.4416 -.25 3.485 -11.8477 -.25 3.485
3 0 -18 -.25 4 -11.8477 -.25 3.485 -8.7232 -.25 3.485
3 0 -18 -.25 4 -8.7232 -.25 3.485 -8.1292 -.25 3.485
3 0 -18 -.25 4 -8.1292 -.25 3.485 -5.5847 -.25 3.485
3 0 -18 -.25 4 -5.5847 -.25 3.485 -4.9907 -.25 3.485
3 0 -18 -.25 4 -4.9907 -.25 3.485 -1.8662 -.25 3.485
3 0 -18 -.25 4 -1.8662 -.25 3.485 -1.2722 -.25 3.485
4 0 -18 -.25 4 -1.2722 -.25 3.485 1.2722 -.25 3.485 18 -.25 4
3 0 18 -.25 4 1.2722 -.25 3.485 1.8662 -.25 3.485
3 0 18 -.25 4 1.8662 -.25 3.485 4.9907 -.25 3.485
3 0 18 -.25 4 4.9907 -.25 3.485 5.5847 -.25 3.485
3 0 18 -.25 4 5.5847 -.25 3.485 8.1292 -.25 3.485
3 0 18 -.25 4 8.1292 -.25 3.485 8.7232 -.25 3.485
3 0 18 -.25 4 8.7232 -.25 3.485 11.8477 -.25 3.485
3 0 18 -.25 4 11.8477 -.25 3.485 12.4416 -.25 3.485
3 0 18 -.25 4 12.4416 -.25 3.485 14.9861 -.25 3.485
3 0 18 -.25 4 14.9861 -.25 3.485 15.5801 -.25 3.485
4 0 18 -.25 4 15.5801 -.25 3.485 15.8701 -.25 3.195 18 -.25 3.195
4 0 -11.8477 -.25 3.485 -11.5577 -.25 3.195 -9.0132 -.25 3.195 -8.7232 -.25 3.485
4 0 -4.9907 -.25 3.485 -4.7007 -.25 3.195 -2.1562 -.25 3.195 -1.8662 -.25 3.485
4 0 1.8662 -.25 3.485 2.1562 -.25 3.195 4.7007 -.25 3.195 4.9907 -.25 3.485
4 0 8.7232 -.25 3.485 9.0132 -.25 3.195 11.5577 -.25 3.195 11.8477 -.25 3.485
4 0 -15.4861 -.25 2.985 -11.9416 -.25 2.985 -12.4416 -.25 3.485 -14.9861 -.25 3.485
4 0 -15.4861 -.25 2.985 -14.9861 -.25 2.485 -12.4416 -.25 2.485 -11.9416 -.25 2.985
4 0 -8.6292 -.25 2.985 -5.0847 -.25 2.985 -5.5847 -.25 3.485 -8.1292 -.25 3.485
4 0 -8.6292 -.25 2.985 -8.1292 -.25 2.485 -5.5847 -.25 2.485 -5.0847 -.25 2.985
4 0 -1.7722 -.25 2.985 1.7722 -.25 2.985 1.2722 -.25 3.485 -1.2722 -.25 3.485
4 0 -1.7722 -.25 2.985 -1.2722 -.25 2.485 1.2722 -.25 2.485 1.7722 -.25 2.985
4 0 5.0847 -.25 2.985 8.6292 -.25 2.985 8.1292 -.25 3.485 5.5847 -.25 3.485
4 0 5.0847 -.25 2.985 5.5847 -.25 2.485 8.1292 -.25 2.485 8.6292 -.25 2.985
4 0 11.9416 -.25 2.985 15.4861 -.25 2.985 14.9861 -.25 3.485 12.4416 -.25 3.485
4 0 11.9416 -.25 2.985 12.4416 -.25 2.485 14.9861 -.25 2.485 15.4861 -.25 2.985
4 0 -15.8701 -.25 2.775 -18 -.25 2.775 -18 -.25 1.775 -15.8701 -.25 1.775
3 0 -15.8701 -.25 2.775 -15.8701 -.25 1.775 -15.3701 -.25 2.275
3 0 15.8701 -.25 2.775 15.3701 -.25 2.275 15.8701 -.25 1.775
4 0 15.8701 -.25 2.775 15.8701 -.25 1.775 18 -.25 1.775 18 -.25 2.775
4 0 -12.0577 -.25 2.275 -8.5132 -.25 2.275 -9.0132 -.25 2.775 -11.5577 -.25 2.775
4 0 -12.0577 -.25 2.275 -11.5577 -.25 1.775 -9.0132 -.25 1.775 -8.5132 -.25 2.275
4 0 -5.2007 -.25 2.275 -1.6562 -.25 2.275 -2.1562 -.25 2.775 -4.7007 -.25 2.775
4 0 -5.2007 -.25 2.275 -4.7007 -.25 1.775 -2.1562 -.25 1.775 -1.6562 -.25 2.275
4 0 1.6562 -.25 2.275 5.2007 -.25 2.275 4.7007 -.25 2.775 2.1562 -.25 2.775
4 0 1.6562 -.25 2.275 2.1562 -.25 1.775 4.7007 -.25 1.775 5.2007 -.25 2.275
4 0 8.5132 -.25 2.275 12.0577 -.25 2.275 11.5577 -.25 2.775 9.0132 -.25 2.775
4 0 8.5132 -.25 2.275 9.0132 -.25 1.775 11.5577 -.25 1.775 12.0577 -.25 2.275
4 0 -15.4861 -.25 1.565 -11.9416 -.25 1.565 -12.4416 -.25 2.065 -14.9861 -.25 2.065
4 0 -15.4861 -.25 1.565 -14.9861 -.25 1.065 -12.4416 -.25 1.065 -11.9416 -.25 1.565
4 0 -8.6292 -.25 1.565 -5.0847 -.25 1.565 -5.5847 -.25 2.065 -8.1292 -.25 2.065
4 0 -8.6292 -.25 1.565 -8.1292 -.25 1.065 -5.5847 -.25 1.065 -5.0847 -.25 1.565
4 0 -1.7722 -.25 1.565 1.7722 -.25 1.565 1.2722 -.25 2.065 -1.2722 -.25 2.065
4 0 -1.7722 -.25 1.565 -1.2722 -.25 1.065 1.2722 -.25 1.065 1.7722 -.25 1.565
4 0 5.0847 -.25 1.565 8.6292 -.25 1.565 8.1292 -.25 2.065 5.5847 -.25 2.065
4 0 5.0847 -.25 1.565 5.5847 -.25 1.065 8.1292 -.25 1.065 8.6292 -.25 1.565
4 0 11.9416 -.25 1.565 15.4861 -.25 1.565 14.9861 -.25 2.065 12.4416 -.25 2.065
4 0 11.9416 -.25 1.565 12.4416 -.25 1.065 14.9861 -.25 1.065 15.4861 -.25 1.565
4 0 -15.8701 -.25 1.355 -18 -.25 1.355 -18 -.25 .355 -15.8701 -.25 .355
3 0 -15.8701 -.25 1.355 -15.8701 -.25 .355 -15.3701 -.25 .855
3 0 15.8701 -.25 1.355 15.3701 -.25 .855 15.8701 -.25 .355
4 0 15.8701 -.25 1.355 15.8701 -.25 .355 18 -.25 .355 18 -.25 1.355
4 0 -12.0577 -.25 .855 -8.5132 -.25 .855 -9.0132 -.25 1.355 -11.5577 -.25 1.355
4 0 -12.0577 -.25 .855 -11.5577 -.25 .355 -9.0132 -.25 .355 -8.5132 -.25 .855
4 0 -5.2007 -.25 .855 -1.6562 -.25 .855 -2.1562 -.25 1.355 -4.7007 -.25 1.355
4 0 -5.2007 -.25 .855 -4.7007 -.25 .355 -2.1562 -.25 .355 -1.6562 -.25 .855
4 0 1.6562 -.25 .855 5.2007 -.25 .855 4.7007 -.25 1.355 2.1562 -.25 1.355
4 0 1.6562 -.25 .855 2.1562 -.25 .355 4.7007 -.25 .355 5.2007 -.25 .855
4 0 8.5132 -.25 .855 12.0577 -.25 .855 11.5577 -.25 1.355 9.0132 -.25 1.355
4 0 8.5132 -.25 .855 9.0132 -.25 .355 11.5577 -.25 .355 12.0577 -.25 .855
4 0 -15.4861 -.25 .145 -11.9416 -.25 .145 -12.4416 -.25 .645 -14.9861 -.25 .645
4 0 -15.4861 -.25 .145 -14.9861 -.25 -.355 -12.4416 -.25 -.355 -11.9416 -.25 .145
4 0 -8.6292 -.25 .145 -5.0847 -.25 .145 -5.5847 -.25 .645 -8.1292 -.25 .645
4 0 -8.6292 -.25 .145 -8.1292 -.25 -.355 -5.5847 -.25 -.355 -5.0847 -.25 .145
4 0 -1.7722 -.25 .145 1.7722 -.25 .145 1.2722 -.25 .645 -1.2722 -.25 .645
4 0 -1.7722 -.25 .145 -1.2722 -.25 -.355 1.2722 -.25 -.355 1.7722 -.25 .145
4 0 5.0847 -.25 .145 8.6292 -.25 .145 8.1292 -.25 .645 5.5847 -.25 .645
4 0 5.0847 -.25 .145 5.5847 -.25 -.355 8.1292 -.25 -.355 8.6292 -.25 .145
4 0 11.9416 -.25 .145 15.4861 -.25 .145 14.9861 -.25 .645 12.4416 -.25 .645
4 0 11.9416 -.25 .145 12.4416 -.25 -.355 14.9861 -.25 -.355 15.4861 -.25 .145
4 0 -15.8701 -.25 -.065 -18 -.25 -.065 -18 -.25 -1.065 -15.8701 -.25 -1.065
3 0 -15.8701 -.25 -.065 -15.8701 -.25 -1.065 -15.3701 -.25 -.565
3 0 15.8701 -.25 -.065 15.3701 -.25 -.565 15.8701 -.25 -1.065
4 0 15.8701 -.25 -.065 15.8701 -.25 -1.065 18 -.25 -1.065 18 -.25 -.065
4 0 -12.0577 -.25 -.565 -8.5132 -.25 -.565 -9.0132 -.25 -.065 -11.5577 -.25 -.065
4 0 -12.0577 -.25 -.565 -11.5577 -.25 -1.065 -9.0132 -.25 -1.065 -8.5132 -.25 -.565
4 0 -5.2007 -.25 -.565 -1.6562 -.25 -.565 -2.1562 -.25 -.065 -4.7007 -.25 -.065
4 0 -5.2007 -.25 -.565 -4.7007 -.25 -1.065 -2.1562 -.25 -1.065 -1.6562 -.25 -.565
4 0 1.6562 -.25 -.565 5.2007 -.25 -.565 4.7007 -.25 -.065 2.1562 -.25 -.065
4 0 1.6562 -.25 -.565 2.1562 -.25 -1.065 4.7007 -.25 -1.065 5.2007 -.25 -.565
4 0 8.5132 -.25 -.565 12.0577 -.25 -.565 11.5577 -.25 -.065 9.0132 -.25 -.065
4 0 8.5132 -.25 -.565 9.0132 -.25 -1.065 11.5577 -.25 -1.065 12.0577 -.25 -.565
4 0 -15.4861 -.25 -1.275 -11.9416 -.25 -1.275 -12.4416 -.25 -.775 -14.9861 -.25 -.775
4 0 -15.4861 -.25 -1.275 -14.9861 -.25 -1.775 -12.4416 -.25 -1.775 -11.9416 -.25 -1.275
4 0 -8.6292 -.25 -1.275 -5.0847 -.25 -1.275 -5.5847 -.25 -.775 -8.1292 -.25 -.775
4 0 -8.6292 -.25 -1.275 -8.1292 -.25 -1.775 -5.5847 -.25 -1.775 -5.0847 -.25 -1.275
4 0 -1.7722 -.25 -1.275 1.7722 -.25 -1.275 1.2722 -.25 -.775 -1.2722 -.25 -.775
4 0 -1.7722 -.25 -1.275 -1.2722 -.25 -1.775 1.2722 -.25 -1.775 1.7722 -.25 -1.275
4 0 5.0847 -.25 -1.275 8.6292 -.25 -1.275 8.1292 -.25 -.775 5.5847 -.25 -.775
4 0 5.0847 -.25 -1.275 5.5847 -.25 -1.775 8.1292 -.25 -1.775 8.6292 -.25 -1.275
4 0 11.9416 -.25 -1.275 15.4861 -.25 -1.275 14.9861 -.25 -.775 12.4416 -.25 -.775
4 0 11.9416 -.25 -1.275 12.4416 -.25 -1.775 14.9861 -.25 -1.775 15.4861 -.25 -1.275
3 0 -15.8701 -.25 -1.485 -15.8701 -.25 -2.485 -15.3701 -.25 -1.985
3 0 15.8701 -.25 -1.485 15.3701 -.25 -1.985 15.8701 -.25 -2.485
4 0 -12.0577 -.25 -1.985 -8.5132 -.25 -1.985 -9.0132 -.25 -1.485 -11.5577 -.25 -1.485
4 0 -12.0577 -.25 -1.985 -11.5577 -.25 -2.485 -9.0132 -.25 -2.485 -8.5132 -.25 -1.985
4 0 -5.2007 -.25 -1.985 -1.6562 -.25 -1.985 -2.1562 -.25 -1.485 -4.7007 -.25 -1.485
4 0 -5.2007 -.25 -1.985 -4.7007 -.25 -2.485 -2.1562 -.25 -2.485 -1.6562 -.25 -1.985
4 0 1.6562 -.25 -1.985 5.2007 -.25 -1.985 4.7007 -.25 -1.485 2.1562 -.25 -1.485
4 0 1.6562 -.25 -1.985 2.1562 -.25 -2.485 4.7007 -.25 -2.485 5.2007 -.25 -1.985
4 0 8.5132 -.25 -1.985 12.0577 -.25 -1.985 11.5577 -.25 -1.485 9.0132 -.25 -1.485
4 0 8.5132 -.25 -1.985 9.0132 -.25 -2.485 11.5577 -.25 -2.485 12.0577 -.25 -1.985
4 0 -15.2761 -.25 -2.485 -12.1516 -.25 -2.485 -12.4416 -.25 -2.195 -14.9861 -.25 -2.195
4 0 -8.4192 -.25 -2.485 -5.2947 -.25 -2.485 -5.5847 -.25 -2.195 -8.1292 -.25 -2.195
4 0 -1.5622 -.25 -2.485 1.5622 -.25 -2.485 1.2722 -.25 -2.195 -1.2722 -.25 -2.195
4 0 5.2947 -.25 -2.485 8.4192 -.25 -2.485 8.1292 -.25 -2.195 5.5847 -.25 -2.195
4 0 12.1516 -.25 -2.485 15.2761 -.25 -2.485 14.9861 -.25 -2.195 12.4416 -.25 -2.195
4 0 -18 -.25 -3 -15.8701 -.25 -2.485 -15.8701 -.25 -1.485 -18 -.25 -1.485
3 0 -18 -.25 -3 -15.2761 -.25 -2.485 -15.8701 -.25 -2.485
3 0 -18 -.25 -3 -12.1516 -.25 -2.485 -15.2761 -.25 -2.485
3 0 -18 -.25 -3 -11.5577 -.25 -2.485 -12.1516 -.25 -2.485
3 0 -18 -.25 -3 -9.0132 -.25 -2.485 -11.5577 -.25 -2.485
3 0 -18 -.25 -3 -8.4192 -.25 -2.485 -9.0132 -.25 -2.485
3 0 -18 -.25 -3 -5.2947 -.25 -2.485 -8.4192 -.25 -2.485
3 0 -18 -.25 -3 -4.7007 -.25 -2.485 -5.2947 -.25 -2.485
3 0 -18 -.25 -3 -2.1562 -.25 -2.485 -4.7007 -.25 -2.485
3 0 -18 -.25 -3 -1.5622 -.25 -2.485 -2.1562 -.25 -2.485
4 0 -18 -.25 -3 18 -.25 -3 1.5622 -.25 -2.485 -1.5622 -.25 -2.485
3 0 18 -.25 -3 2.1562 -.25 -2.485 1.5622 -.25 -2.485
3 0 18 -.25 -3 4.7007 -.25 -2.485 2.1562 -.25 -2.485
3 0 18 -.25 -3 5.2947 -.25 -2.485 4.7007 -.25 -2.485
3 0 18 -.25 -3 8.4192 -.25 -2.485 5.2947 -.25 -2.485
3 0 18 -.25 -3 9.0132 -.25 -2.485 8.4192 -.25 -2.485
3 0 18 -.25 -3 11.5577 -.25 -2.485 9.0132 -.25 -2.485
3 0 18 -.25 -3 12.1516 -.25 -2.485 11.5577 -.25 -2.485
3 0 18 -.25 -3 15.2761 -.25 -2.485 12.1516 -.25 -2.485
3 0 18 -.25 -3 15.8701 -.25 -2.485 15.2761 -.25 -2.485
4 0 18 -.25 -3 18 -.25 -1.485 15.8701 -.25 -1.485 15.8701 -.25 -2.485
0 // Grey faces
4 7 -15.8701 -.25 3.195 -15.4861 -.25 2.985 -14.9861 -.25 3.485 -15.5801 -.25 3.485
3 7 -15.8701 -.25 3.195 -15.8701 -.25 2.775 -15.4861 -.25 2.985
4 7 -15.8701 -.25 3.195 -18 -.25 3.195 -18 -.25 2.775 -15.8701 -.25 2.775
4 7 15.8701 -.25 3.195 15.5801 -.25 3.485 14.9861 -.25 3.485 15.4861 -.25 2.985
3 7 15.8701 -.25 3.195 15.4861 -.25 2.985 15.8701 -.25 2.775
4 7 15.8701 -.25 3.195 15.8701 -.25 2.775 18 -.25 2.775 18 -.25 3.195
4 7 15.4861 -.25 2.985 14.9861 -.25 2.485 15.3701 -.25 2.275 15.8701 -.25 2.775
4 7 -8.6292 -.25 2.985 -8.1292 -.25 3.485 -8.7232 -.25 3.485 -9.0132 -.25 3.195
4 7 -1.7722 -.25 2.985 -1.2722 -.25 3.485 -1.8662 -.25 3.485 -2.1562 -.25 3.195
4 7 5.0847 -.25 2.985 5.5847 -.25 3.485 4.9907 -.25 3.485 4.7007 -.25 3.195
4 7 11.9416 -.25 2.985 12.4416 -.25 3.485 11.8477 -.25 3.485 11.5577 -.25 3.195
4 7 -11.9416 -.25 2.985 -11.5577 -.25 3.195 -11.8477 -.25 3.485 -12.4416 -.25 3.485
4 7 -11.9416 -.25 2.985 -8.6292 -.25 2.985 -9.0132 -.25 3.195 -11.5577 -.25 3.195
4 7 -11.9416 -.25 2.985 -11.5577 -.25 2.775 -9.0132 -.25 2.775 -8.6292 -.25 2.985
4 7 -11.9416 -.25 2.985 -12.4416 -.25 2.485 -12.0577 -.25 2.275 -11.5577 -.25 2.775
4 7 -5.0847 -.25 2.985 -4.7007 -.25 3.195 -4.9907 -.25 3.485 -5.5847 -.25 3.485
4 7 -5.0847 -.25 2.985 -1.7722 -.25 2.985 -2.1562 -.25 3.195 -4.7007 -.25 3.195
4 7 -5.0847 -.25 2.985 -4.7007 -.25 2.775 -2.1562 -.25 2.775 -1.7722 -.25 2.985
4 7 -5.0847 -.25 2.985 -5.5847 -.25 2.485 -5.2007 -.25 2.275 -4.7007 -.25 2.775
4 7 1.7722 -.25 2.985 2.1562 -.25 3.195 1.8662 -.25 3.485 1.2722 -.25 3.485
4 7 1.7722 -.25 2.985 5.0847 -.25 2.985 4.7007 -.25 3.195 2.1562 -.25 3.195
4 7 1.7722 -.25 2.985 2.1562 -.25 2.775 4.7007 -.25 2.775 5.0847 -.25 2.985
4 7 1.7722 -.25 2.985 1.2722 -.25 2.485 1.6562 -.25 2.275 2.1562 -.25 2.775
4 7 8.6292 -.25 2.985 9.0132 -.25 3.195 8.7232 -.25 3.485 8.1292 -.25 3.485
4 7 8.6292 -.25 2.985 11.9416 -.25 2.985 11.5577 -.25 3.195 9.0132 -.25 3.195
4 7 8.6292 -.25 2.985 9.0132 -.25 2.775 11.5577 -.25 2.775 11.9416 -.25 2.985
4 7 8.6292 -.25 2.985 8.1292 -.25 2.485 8.5132 -.25 2.275 9.0132 -.25 2.775
4 7 -15.3701 -.25 2.275 -14.9861 -.25 2.485 -15.4861 -.25 2.985 -15.8701 -.25 2.775
4 7 -15.3701 -.25 2.275 -12.0577 -.25 2.275 -12.4416 -.25 2.485 -14.9861 -.25 2.485
4 7 -15.3701 -.25 2.275 -14.9861 -.25 2.065 -12.4416 -.25 2.065 -12.0577 -.25 2.275
4 7 -15.3701 -.25 2.275 -15.8701 -.25 1.775 -15.4861 -.25 1.565 -14.9861 -.25 2.065
4 7 -8.5132 -.25 2.275 -8.1292 -.25 2.485 -8.6292 -.25 2.985 -9.0132 -.25 2.775
4 7 -8.5132 -.25 2.275 -5.2007 -.25 2.275 -5.5847 -.25 2.485 -8.1292 -.25 2.485
4 7 -8.5132 -.25 2.275 -8.1292 -.25 2.065 -5.5847 -.25 2.065 -5.2007 -.25 2.275
4 7 -8.5132 -.25 2.275 -9.0132 -.25 1.775 -8.6292 -.25 1.565 -8.1292 -.25 2.065
4 7 -1.6562 -.25 2.275 -1.2722 -.25 2.485 -1.7722 -.25 2.985 -2.1562 -.25 2.775
4 7 -1.6562 -.25 2.275 1.6562 -.25 2.275 1.2722 -.25 2.485 -1.2722 -.25 2.485
4 7 -1.6562 -.25 2.275 -1.2722 -.25 2.065 1.2722 -.25 2.065 1.6562 -.25 2.275
4 7 -1.6562 -.25 2.275 -2.1562 -.25 1.775 -1.7722 -.25 1.565 -1.2722 -.25 2.065
4 7 5.2007 -.25 2.275 5.5847 -.25 2.485 5.0847 -.25 2.985 4.7007 -.25 2.775
4 7 5.2007 -.25 2.275 8.5132 -.25 2.275 8.1292 -.25 2.485 5.5847 -.25 2.485
4 7 5.2007 -.25 2.275 5.5847 -.25 2.065 8.1292 -.25 2.065 8.5132 -.25 2.275
4 7 5.2007 -.25 2.275 4.7007 -.25 1.775 5.0847 -.25 1.565 5.5847 -.25 2.065
4 7 12.0577 -.25 2.275 12.4416 -.25 2.485 11.9416 -.25 2.985 11.5577 -.25 2.775
4 7 12.0577 -.25 2.275 15.3701 -.25 2.275 14.9861 -.25 2.485 12.4416 -.25 2.485
4 7 12.0577 -.25 2.275 12.4416 -.25 2.065 14.9861 -.25 2.065 15.3701 -.25 2.275
4 7 12.0577 -.25 2.275 11.5577 -.25 1.775 11.9416 -.25 1.565 12.4416 -.25 2.065
4 7 -15.8701 -.25 1.775 -18 -.25 1.775 -18 -.25 1.355 -15.8701 -.25 1.355
3 7 -15.8701 -.25 1.775 -15.8701 -.25 1.355 -15.4861 -.25 1.565
4 7 15.8701 -.25 1.775 15.3701 -.25 2.275 14.9861 -.25 2.065 15.4861 -.25 1.565
3 7 15.8701 -.25 1.775 15.4861 -.25 1.565 15.8701 -.25 1.355
4 7 15.8701 -.25 1.775 15.8701 -.25 1.355 18 -.25 1.355 18 -.25 1.775
4 7 15.4861 -.25 1.565 14.9861 -.25 1.065 15.3701 -.25 .855 15.8701 -.25 1.355
4 7 -11.9416 -.25 1.565 -11.5577 -.25 1.775 -12.0577 -.25 2.275 -12.4416 -.25 2.065
4 7 -11.9416 -.25 1.565 -8.6292 -.25 1.565 -9.0132 -.25 1.775 -11.5577 -.25 1.775
4 7 -11.9416 -.25 1.565 -11.5577 -.25 1.355 -9.0132 -.25 1.355 -8.6292 -.25 1.565
4 7 -11.9416 -.25 1.565 -12.4416 -.25 1.065 -12.0577 -.25 .855 -11.5577 -.25 1.355
4 7 -5.0847 -.25 1.565 -4.7007 -.25 1.775 -5.2007 -.25 2.275 -5.5847 -.25 2.065
4 7 -5.0847 -.25 1.565 -1.7722 -.25 1.565 -2.1562 -.25 1.775 -4.7007 -.25 1.775
4 7 -5.0847 -.25 1.565 -4.7007 -.25 1.355 -2.1562 -.25 1.355 -1.7722 -.25 1.565
4 7 -5.0847 -.25 1.565 -5.5847 -.25 1.065 -5.2007 -.25 .855 -4.7007 -.25 1.355
4 7 1.7722 -.25 1.565 2.1562 -.25 1.775 1.6562 -.25 2.275 1.2722 -.25 2.065
4 7 1.7722 -.25 1.565 5.0847 -.25 1.565 4.7007 -.25 1.775 2.1562 -.25 1.775
4 7 1.7722 -.25 1.565 2.1562 -.25 1.355 4.7007 -.25 1.355 5.0847 -.25 1.565
4 7 1.7722 -.25 1.565 1.2722 -.25 1.065 1.6562 -.25 .855 2.1562 -.25 1.355
4 7 8.6292 -.25 1.565 9.0132 -.25 1.775 8.5132 -.25 2.275 8.1292 -.25 2.065
4 7 8.6292 -.25 1.565 11.9416 -.25 1.565 11.5577 -.25 1.775 9.0132 -.25 1.775
4 7 8.6292 -.25 1.565 9.0132 -.25 1.355 11.5577 -.25 1.355 11.9416 -.25 1.565
4 7 8.6292 -.25 1.565 8.1292 -.25 1.065 8.5132 -.25 .855 9.0132 -.25 1.355
4 7 -15.3701 -.25 .855 -14.9861 -.25 1.065 -15.4861 -.25 1.565 -15.8701 -.25 1.355
4 7 -15.3701 -.25 .855 -12.0577 -.25 .855 -12.4416 -.25 1.065 -14.9861 -.25 1.065
4 7 -15.3701 -.25 .855 -14.9861 -.25 .645 -12.4416 -.25 .645 -12.0577 -.25 .855
4 7 -15.3701 -.25 .855 -15.8701 -.25 .355 -15.4861 -.25 .145 -14.9861 -.25 .645
4 7 -8.5132 -.25 .855 -8.1292 -.25 1.065 -8.6292 -.25 1.565 -9.0132 -.25 1.355
4 7 -8.5132 -.25 .855 -5.2007 -.25 .855 -5.5847 -.25 1.065 -8.1292 -.25 1.065
4 7 -8.5132 -.25 .855 -8.1292 -.25 .645 -5.5847 -.25 .645 -5.2007 -.25 .855
4 7 -8.5132 -.25 .855 -9.0132 -.25 .355 -8.6292 -.25 .145 -8.1292 -.25 .645
4 7 -1.6562 -.25 .855 -1.2722 -.25 1.065 -1.7722 -.25 1.565 -2.1562 -.25 1.355
4 7 -1.6562 -.25 .855 1.6562 -.25 .855 1.2722 -.25 1.065 -1.2722 -.25 1.065
4 7 -1.6562 -.25 .855 -1.2722 -.25 .645 1.2722 -.25 .645 1.6562 -.25 .855
4 7 -1.6562 -.25 .855 -2.1562 -.25 .355 -1.7722 -.25 .145 -1.2722 -.25 .645
4 7 5.2007 -.25 .855 5.5847 -.25 1.065 5.0847 -.25 1.565 4.7007 -.25 1.355
4 7 5.2007 -.25 .855 8.5132 -.25 .855 8.1292 -.25 1.065 5.5847 -.25 1.065
4 7 5.2007 -.25 .855 5.5847 -.25 .645 8.1292 -.25 .645 8.5132 -.25 .855
4 7 5.2007 -.25 .855 4.7007 -.25 .355 5.0847 -.25 .145 5.5847 -.25 .645
4 7 12.0577 -.25 .855 12.4416 -.25 1.065 11.9416 -.25 1.565 11.5577 -.25 1.355
4 7 12.0577 -.25 .855 15.3701 -.25 .855 14.9861 -.25 1.065 12.4416 -.25 1.065
4 7 12.0577 -.25 .855 12.4416 -.25 .645 14.9861 -.25 .645 15.3701 -.25 .855
4 7 12.0577 -.25 .855 11.5577 -.25 .355 11.9416 -.25 .145 12.4416 -.25 .645
4 7 -15.8701 -.25 .355 -18 -.25 .355 -18 -.25 -.065 -15.8701 -.25 -.065
3 7 -15.8701 -.25 .355 -15.8701 -.25 -.065 -15.4861 -.25 .145
4 7 15.8701 -.25 .355 15.3701 -.25 .855 14.9861 -.25 .645 15.4861 -.25 .145
3 7 15.8701 -.25 .355 15.4861 -.25 .145 15.8701 -.25 -.065
4 7 15.8701 -.25 .355 15.8701 -.25 -.065 18 -.25 -.065 18 -.25 .355
4 7 15.4861 -.25 .145 14.9861 -.25 -.355 15.3701 -.25 -.565 15.8701 -.25 -.065
4 7 -11.9416 -.25 .145 -11.5577 -.25 .355 -12.0577 -.25 .855 -12.4416 -.25 .645
4 7 -11.9416 -.25 .145 -8.6292 -.25 .145 -9.0132 -.25 .355 -11.5577 -.25 .355
4 7 -11.9416 -.25 .145 -11.5577 -.25 -.065 -9.0132 -.25 -.065 -8.6292 -.25 .145
4 7 -11.9416 -.25 .145 -12.4416 -.25 -.355 -12.0577 -.25 -.565 -11.5577 -.25 -.065
4 7 -5.0847 -.25 .145 -4.7007 -.25 .355 -5.2007 -.25 .855 -5.5847 -.25 .645
4 7 -5.0847 -.25 .145 -1.7722 -.25 .145 -2.1562 -.25 .355 -4.7007 -.25 .355
4 7 -5.0847 -.25 .145 -4.7007 -.25 -.065 -2.1562 -.25 -.065 -1.7722 -.25 .145
4 7 -5.0847 -.25 .145 -5.5847 -.25 -.355 -5.2007 -.25 -.565 -4.7007 -.25 -.065
4 7 1.7722 -.25 .145 2.1562 -.25 .355 1.6562 -.25 .855 1.2722 -.25 .645
4 7 1.7722 -.25 .145 5.0847 -.25 .145 4.7007 -.25 .355 2.1562 -.25 .355
4 7 1.7722 -.25 .145 2.1562 -.25 -.065 4.7007 -.25 -.065 5.0847 -.25 .145
4 7 1.7722 -.25 .145 1.2722 -.25 -.355 1.6562 -.25 -.565 2.1562 -.25 -.065
4 7 8.6292 -.25 .145 9.0132 -.25 .355 8.5132 -.25 .855 8.1292 -.25 .645
4 7 8.6292 -.25 .145 11.9416 -.25 .145 11.5577 -.25 .355 9.0132 -.25 .355
4 7 8.6292 -.25 .145 9.0132 -.25 -.065 11.5577 -.25 -.065 11.9416 -.25 .145
4 7 8.6292 -.25 .145 8.1292 -.25 -.355 8.5132 -.25 -.565 9.0132 -.25 -.065
4 7 -15.3701 -.25 -.565 -14.9861 -.25 -.355 -15.4861 -.25 .145 -15.8701 -.25 -.065
4 7 -15.3701 -.25 -.565 -12.0577 -.25 -.565 -12.4416 -.25 -.355 -14.9861 -.25 -.355
4 7 -15.3701 -.25 -.565 -14.9861 -.25 -.775 -12.4416 -.25 -.775 -12.0577 -.25 -.565
4 7 -15.3701 -.25 -.565 -15.8701 -.25 -1.065 -15.4861 -.25 -1.275 -14.9861 -.25 -.775
4 7 -8.5132 -.25 -.565 -8.1292 -.25 -.355 -8.6292 -.25 .145 -9.0132 -.25 -.065
4 7 -8.5132 -.25 -.565 -5.2007 -.25 -.565 -5.5847 -.25 -.355 -8.1292 -.25 -.355
4 7 -8.5132 -.25 -.565 -8.1292 -.25 -.775 -5.5847 -.25 -.775 -5.2007 -.25 -.565
4 7 -8.5132 -.25 -.565 -9.0132 -.25 -1.065 -8.6292 -.25 -1.275 -8.1292 -.25 -.775
4 7 -1.6562 -.25 -.565 -1.2722 -.25 -.355 -1.7722 -.25 .145 -2.1562 -.25 -.065
4 7 -1.6562 -.25 -.565 1.6562 -.25 -.565 1.2722 -.25 -.355 -1.2722 -.25 -.355
4 7 -1.6562 -.25 -.565 -1.2722 -.25 -.775 1.2722 -.25 -.775 1.6562 -.25 -.565
4 7 -1.6562 -.25 -.565 -2.1562 -.25 -1.065 -1.7722 -.25 -1.275 -1.2722 -.25 -.775
4 7 5.2007 -.25 -.565 5.5847 -.25 -.355 5.0847 -.25 .145 4.7007 -.25 -.065
4 7 5.2007 -.25 -.565 8.5132 -.25 -.565 8.1292 -.25 -.355 5.5847 -.25 -.355
4 7 5.2007 -.25 -.565 5.5847 -.25 -.775 8.1292 -.25 -.775 8.5132 -.25 -.565
4 7 5.2007 -.25 -.565 4.7007 -.25 -1.065 5.0847 -.25 -1.275 5.5847 -.25 -.775
4 7 12.0577 -.25 -.565 12.4416 -.25 -.355 11.9416 -.25 .145 11.5577 -.25 -.065
4 7 12.0577 -.25 -.565 15.3701 -.25 -.565 14.9861 -.25 -.355 12.4416 -.25 -.355
4 7 12.0577 -.25 -.565 12.4416 -.25 -.775 14.9861 -.25 -.775 15.3701 -.25 -.565
4 7 12.0577 -.25 -.565 11.5577 -.25 -1.065 11.9416 -.25 -1.275 12.4416 -.25 -.775
4 7 -15.8701 -.25 -1.065 -18 -.25 -1.065 -18 -.25 -1.485 -15.8701 -.25 -1.485
3 7 -15.8701 -.25 -1.065 -15.8701 -.25 -1.485 -15.4861 -.25 -1.275
4 7 15.8701 -.25 -1.065 15.3701 -.25 -.565 14.9861 -.25 -.775 15.4861 -.25 -1.275
3 7 15.8701 -.25 -1.065 15.4861 -.25 -1.275 15.8701 -.25 -1.485
4 7 15.8701 -.25 -1.065 15.8701 -.25 -1.485 18 -.25 -1.485 18 -.25 -1.065
4 7 15.4861 -.25 -1.275 14.9861 -.25 -1.775 15.3701 -.25 -1.985 15.8701 -.25 -1.485
4 7 -11.9416 -.25 -1.275 -11.5577 -.25 -1.065 -12.0577 -.25 -.565 -12.4416 -.25 -.775
4 7 -11.9416 -.25 -1.275 -8.6292 -.25 -1.275 -9.0132 -.25 -1.065 -11.5577 -.25 -1.065
4 7 -11.9416 -.25 -1.275 -11.5577 -.25 -1.485 -9.0132 -.25 -1.485 -8.6292 -.25 -1.275
4 7 -11.9416 -.25 -1.275 -12.4416 -.25 -1.775 -12.0577 -.25 -1.985 -11.5577 -.25 -1.485
4 7 -5.0847 -.25 -1.275 -4.7007 -.25 -1.065 -5.2007 -.25 -.565 -5.5847 -.25 -.775
4 7 -5.0847 -.25 -1.275 -1.7722 -.25 -1.275 -2.1562 -.25 -1.065 -4.7007 -.25 -1.065
4 7 -5.0847 -.25 -1.275 -4.7007 -.25 -1.485 -2.1562 -.25 -1.485 -1.7722 -.25 -1.275
4 7 -5.0847 -.25 -1.275 -5.5847 -.25 -1.775 -5.2007 -.25 -1.985 -4.7007 -.25 -1.485
4 7 1.7722 -.25 -1.275 2.1562 -.25 -1.065 1.6562 -.25 -.565 1.2722 -.25 -.775
4 7 1.7722 -.25 -1.275 5.0847 -.25 -1.275 4.7007 -.25 -1.065 2.1562 -.25 -1.065
4 7 1.7722 -.25 -1.275 2.1562 -.25 -1.485 4.7007 -.25 -1.485 5.0847 -.25 -1.275
4 7 1.7722 -.25 -1.275 1.2722 -.25 -1.775 1.6562 -.25 -1.985 2.1562 -.25 -1.485
4 7 8.6292 -.25 -1.275 9.0132 -.25 -1.065 8.5132 -.25 -.565 8.1292 -.25 -.775
4 7 8.6292 -.25 -1.275 11.9416 -.25 -1.275 11.5577 -.25 -1.065 9.0132 -.25 -1.065
4 7 8.6292 -.25 -1.275 9.0132 -.25 -1.485 11.5577 -.25 -1.485 11.9416 -.25 -1.275
4 7 8.6292 -.25 -1.275 8.1292 -.25 -1.775 8.5132 -.25 -1.985 9.0132 -.25 -1.485
4 7 -15.3701 -.25 -1.985 -14.9861 -.25 -1.775 -15.4861 -.25 -1.275 -15.8701 -.25 -1.485
4 7 -15.3701 -.25 -1.985 -12.0577 -.25 -1.985 -12.4416 -.25 -1.775 -14.9861 -.25 -1.775
4 7 -15.3701 -.25 -1.985 -14.9861 -.25 -2.195 -12.4416 -.25 -2.195 -12.0577 -.25 -1.985
4 7 -15.3701 -.25 -1.985 -15.8701 -.25 -2.485 -15.2761 -.25 -2.485 -14.9861 -.25 -2.195
4 7 -12.0577 -.25 -1.985 -12.4416 -.25 -2.195 -12.1516 -.25 -2.485 -11.5577 -.25 -2.485
4 7 -8.5132 -.25 -1.985 -8.1292 -.25 -1.775 -8.6292 -.25 -1.275 -9.0132 -.25 -1.485
4 7 -8.5132 -.25 -1.985 -5.2007 -.25 -1.985 -5.5847 -.25 -1.775 -8.1292 -.25 -1.775
4 7 -8.5132 -.25 -1.985 -8.1292 -.25 -2.195 -5.5847 -.25 -2.195 -5.2007 -.25 -1.985
4 7 -8.5132 -.25 -1.985 -9.0132 -.25 -2.485 -8.4192 -.25 -2.485 -8.1292 -.25 -2.195
4 7 -5.2007 -.25 -1.985 -5.5847 -.25 -2.195 -5.2947 -.25 -2.485 -4.7007 -.25 -2.485
4 7 -1.6562 -.25 -1.985 -1.2722 -.25 -1.775 -1.7722 -.25 -1.275 -2.1562 -.25 -1.485
4 7 -1.6562 -.25 -1.985 1.6562 -.25 -1.985 1.2722 -.25 -1.775 -1.2722 -.25 -1.775
4 7 -1.6562 -.25 -1.985 -1.2722 -.25 -2.195 1.2722 -.25 -2.195 1.6562 -.25 -1.985
4 7 -1.6562 -.25 -1.985 -2.1562 -.25 -2.485 -1.5622 -.25 -2.485 -1.2722 -.25 -2.195
4 7 1.6562 -.25 -1.985 1.2722 -.25 -2.195 1.5622 -.25 -2.485 2.1562 -.25 -2.485
4 7 5.2007 -.25 -1.985 5.5847 -.25 -1.775 5.0847 -.25 -1.275 4.7007 -.25 -1.485
4 7 5.2007 -.25 -1.985 8.5132 -.25 -1.985 8.1292 -.25 -1.775 5.5847 -.25 -1.775
4 7 5.2007 -.25 -1.985 5.5847 -.25 -2.195 8.1292 -.25 -2.195 8.5132 -.25 -1.985
4 7 5.2007 -.25 -1.985 4.7007 -.25 -2.485 5.2947 -.25 -2.485 5.5847 -.25 -2.195
4 7 8.5132 -.25 -1.985 8.1292 -.25 -2.195 8.4192 -.25 -2.485 9.0132 -.25 -2.485
4 7 12.0577 -.25 -1.985 12.4416 -.25 -1.775 11.9416 -.25 -1.275 11.5577 -.25 -1.485
4 7 12.0577 -.25 -1.985 15.3701 -.25 -1.985 14.9861 -.25 -1.775 12.4416 -.25 -1.775
4 7 12.0577 -.25 -1.985 12.4416 -.25 -2.195 14.9861 -.25 -2.195 15.3701 -.25 -1.985
4 7 12.0577 -.25 -1.985 11.5577 -.25 -2.485 12.1516 -.25 -2.485 12.4416 -.25 -2.195
4 7 15.3701 -.25 -1.985 14.9861 -.25 -2.195 15.2761 -.25 -2.485 15.8701 -.25 -2.485
0 // White faces
4 15 -18 -.25 6.5 18 -.25 6.5 16.5 -.25 8 -16.5 -.25 8
4 15 -18 -.25 6.5 -18 -.25 4 18 -.25 4 18 -.25 6.5
4 15 -18 -.25 -6.5 18 -.25 -6.5 18 -.25 -3 -18 -.25 -3
4 15 -18 -.25 -6.5 -16.5 -.25 -8 16.5 -.25 -8 18 -.25 -6.5

