0 Sticker  0.8 x  1.8 with Black Number Plate "LS 16 128" on White Background
0 Name: 6141875b.dat
0 Author: Massimo Maso [Sirio]
0 !LDRAW_ORG Unofficial_Part 
0 !LICENSE Redistributable under CCAL version 2.0 : see CAreadme.txt

0 BFC CERTIFY CCW

0 !KEYWORDS Speed Champions, Ford, F-150, Raptor, Set 75875
0 !KEYWORDS Bricklink 75875stk01, Rebrickable 24760, Brickowl 53567


0 // Subparts

1 16 0 -.25 0 1 0 0 0 1 0 0 0 1 s\6141875bs01.dat
0 // Primitives
1 16 -16.5 0 6.5 -1.5 0 0 0 -1 0 0 0 1.5 1-4chrd.dat
1 16 16.5 0 6.5 1.5 0 0 0 -1 0 0 0 1.5 1-4chrd.dat
1 16 -16.5 0 -6.5 -1.5 0 0 0 -1 0 0 0 -1.5 1-4chrd.dat
1 16 16.5 0 -6.5 1.5 0 0 0 -1 0 0 0 -1.5 1-4chrd.dat
1 16 -16.5 0 6.5 -1.5 0 0 0 -.25 0 0 0 1.5 1-4cyli.dat
1 16 16.5 0 6.5 1.5 0 0 0 -.25 0 0 0 1.5 1-4cyli.dat
1 16 -16.5 0 -6.5 -1.5 0 0 0 -.25 0 0 0 -1.5 1-4cyli.dat
1 16 16.5 0 -6.5 1.5 0 0 0 -.25 0 0 0 -1.5 1-4cyli.dat
1 15 -16.5 -.25 6.5 -1.5 0 0 0 1 0 0 0 1.5 1-4chrd.dat
1 15 16.5 -.25 6.5 1.5 0 0 0 1 0 0 0 1.5 1-4chrd.dat
1 15 -16.5 -.25 -6.5 -1.5 0 0 0 1 0 0 0 -1.5 1-4chrd.dat
1 15 16.5 -.25 -6.5 1.5 0 0 0 1 0 0 0 -1.5 1-4chrd.dat
0 // Bottom face
4 16 16.5 0 8 18 0 6.5 -18 0 6.5 -16.5 0 8
4 16 18 0 6.5 18 0 -6.5 -18 0 -6.5 -18 0 6.5
4 16 16.5 0 -8 -16.5 0 -8 -18 0 -6.5 18 0 -6.5
0 // Lateral face
4 16 -16.5 0 8 -16.5 -.25 8 16.5 -.25 8 16.5 0 8
4 16 -18 0 6.5 -18 0 -6.5 -18 -.25 -6.5 -18 -.25 6.5
4 16 18 0 6.5 18 -.25 6.5 18 -.25 -6.5 18 0 -6.5
4 16 -16.5 0 -8 16.5 0 -8 16.5 -.25 -8 -16.5 -.25 -8
0 // Top face
4 15 -18 -.25 6.5 18 -.25 6.5 16.5 -.25 8 -16.5 -.25 8
4 15 -18 -.25 6.5 -17 -.25 5 17 -.25 5 18 -.25 6.5
4 15 -18 -.25 6.5 -18 -.25 -6.5 -17 -.25 -5 -17 -.25 5
4 15 18 -.25 -6.5 18 -.25 6.5 17 -.25 5 17 -.25 -5
4 15 18 -.25 -6.5 17 -.25 -5 -17 -.25 -5 -18 -.25 -6.5
4 15 18 -.25 -6.5 -18 -.25 -6.5 -16.5 -.25 -8 16.5 -.25 -8
