0 Sticker  .9 x  .9 with Black and Grey Hexagons on Blue Background Right
0 Name: 6141955f.dat
0 Author: Massimo Maso [Sirio]
0 !LDRAW_ORG Unofficial_Part 
0 !LICENSE Redistributable under CCAL version 2.0 : see CAreadme.txt

0 BFC CERTIFY CCW

0 !KEYWORDS Speed Champions, Ford, Mustang, GT, Set 75871


0 // Primitives
1 16 -6.5 0 6.5 -1.5 0 0 0 -1 0 0 0 1.5 1-4chrd.dat
1 16 6.5 0 6.5 1.5 0 0 0 -1 0 0 0 1.5 1-4chrd.dat
1 16 0 -.25 0 6.5 0 0 0 .25 0 0 0 -8 box3u12.dat
1 16 -6.5 0 -6.5 -1.5 0 0 0 -1 0 0 0 -1.5 1-4chrd.dat
1 16 6.5 0 -6.5 1.5 0 0 0 -1 0 0 0 -1.5 1-4chrd.dat
1 16 -6.5 0 6.5 -1.5 0 0 0 -.25 0 0 0 1.5 1-4cyli.dat
1 16 6.5 0 6.5 1.5 0 0 0 -.25 0 0 0 1.5 1-4cyli.dat
1 16 -6.5 0 -6.5 -1.5 0 0 0 -.25 0 0 0 -1.5 1-4cyli.dat
1 16 6.5 0 -6.5 1.5 0 0 0 -.25 0 0 0 -1.5 1-4cyli.dat
1 1 -6.5 -.25 6.5 -1.5 0 0 0 1 0 0 0 1.5 1-4chrd.dat
1 1 6.5 -.25 6.5 1.5 0 0 0 1 0 0 0 1.5 1-4chrd.dat
1 1 -6.5 -.25 -6.5 -1.5 0 0 0 1 0 0 0 -1.5 1-4chrd.dat
1 1 6.5 -.25 -6.5 1.5 0 0 0 1 0 0 0 -1.5 1-4chrd.dat
1 1 -3.108 -.25 3.485 -.515 0 0 0 1 0 0 0 .515 1-4ndis.dat
1 0 -3.108 -.25 3.485 -.515 0 0 0 1 0 0 0 .515 1-4chrd.dat
0 // Bottom face
4 16 -6.5 0 8 -6.5 0 -8 -8 0 -6.5 -8 0 6.5
4 16 6.5 0 8 8 0 6.5 8 0 -6.5 6.5 0 -8
0 // Lateral face
4 16 -8 0 6.5 -8 0 -6.5 -8 -.25 -6.5 -8 -.25 6.5
3 16 8 0 6.5 8 -.25 6.5 8 -.25 4
3 16 8 0 6.5 8 -.25 4 8 -.25 3.485
4 16 8 0 6.5 8 -.25 3.485 8 -.25 3.3281 8 0 -6.5
3 16 8 0 -6.5 8 -.25 3.3281 8 -.25 2.6419
3 16 8 0 -6.5 8 -.25 2.6419 8 -.25 1.9081
3 16 8 0 -6.5 8 -.25 1.9081 8 -.25 1.2219
3 16 8 0 -6.5 8 -.25 1.2219 8 -.25 .4881
3 16 8 0 -6.5 8 -.25 .4881 8 -.25 -.1981
3 16 8 0 -6.5 8 -.25 -.1981 8 -.25 -.9319
3 16 8 0 -6.5 8 -.25 -.9319 8 -.25 -1.6181
3 16 8 0 -6.5 8 -.25 -1.6181 8 -.25 -2.3519
3 16 8 0 -6.5 8 -.25 -2.3519 8 -.25 -3
3 16 8 0 -6.5 8 -.25 -3 8 -.25 -6.5
0 // Top face
0 // Black faces
3 0 -3.108 -.25 4 -3.623 -.25 3.485 -3.0124 -.25 3.485
3 0 -3.108 -.25 4 -3.0124 -.25 3.485 -2.4185 -.25 3.485
3 0 -3.108 -.25 4 -2.4185 -.25 3.485 .706 -.25 3.485
3 0 -3.108 -.25 4 .706 -.25 3.485 1.3 -.25 3.485
4 0 -3.108 -.25 4 1.3 -.25 3.485 3.8445 -.25 3.485 8 -.25 4
3 0 8 -.25 4 3.8445 -.25 3.485 4.4385 -.25 3.485
3 0 8 -.25 4 4.4385 -.25 3.485 7.563 -.25 3.485
3 0 8 -.25 4 7.563 -.25 3.485 8 -.25 3.485
4 0 -3.0124 -.25 3.485 -3.623 -.25 3.485 -3.6131 -.25 3.3845 -3.5838 -.25 3.2879
4 0 -3.0124 -.25 3.485 -3.5838 -.25 3.2879 -3.554 -.25 3.2275 -2.707 -.25 2.7904
3 0 -3.0124 -.25 3.485 -2.707 -.25 2.7904 -2.5124 -.25 2.985
3 0 -3.554 -.25 3.2275 -2.4896 -.25 2.4139 -2.707 -.25 2.7904
3 0 -3.554 -.25 3.2275 -2.1207 -.25 1.775 -2.4896 -.25 2.4139
3 0 -3.554 -.25 3.2275 -1.8782 -.25 1.355 -2.1207 -.25 1.775
4 0 -3.554 -.25 3.2275 -.9378 -.25 -1.3038 -1.3009 -.25 .355 -1.8782 -.25 1.355
3 0 -.9378 -.25 -1.3038 -1.0584 -.25 -.065 -1.3009 -.25 .355
3 0 -.9378 -.25 -1.3038 -.481 -.25 -1.065 -1.0584 -.25 -.065
4 0 -.9378 -.25 -1.3038 -.5987 -.25 -1.7882 -.3402 -.25 -1.2818 -.481 -.25 -1.065
4 0 -.1805 -.25 -1.485 -.3402 -.25 -1.2818 -.5987 -.25 -1.7882 -.1805 -.25 -2.2064
4 0 -.1805 -.25 -1.485 -.1805 -.25 -2.2064 .3038 -.25 -2.5455 .7176 -.25 -2.1834
4 0 -.1805 -.25 -1.485 .7176 -.25 -2.1834 .916 -.25 -1.985 .416 -.25 -1.485
4 0 .926 -.25 -2.277 .7176 -.25 -2.1834 .3038 -.25 -2.5455 .8398 -.25 -2.7954
4 0 .926 -.25 -2.277 .8398 -.25 -2.7954 1.4109 -.25 -2.9485 1.1412 -.25 -2.3538
4 0 4.1345 -.25 -2.485 3.8445 -.25 -2.195 1.3 -.25 -2.195 1.1412 -.25 -2.3538
4 0 4.1345 -.25 -2.485 1.1412 -.25 -2.3538 1.4109 -.25 -2.9485 2 -.25 -3
4 0 4.1345 -.25 -2.485 2 -.25 -3 8 -.25 -3 4.7285 -.25 -2.485
3 0 8 -.25 -3 7.273 -.25 -2.485 4.7285 -.25 -2.485
3 0 8 -.25 -3 7.8669 -.25 -2.485 7.273 -.25 -2.485
3 0 8 -.25 -2.3519 7.8669 -.25 -2.485 8 -.25 -3
4 0 -2.4185 -.25 3.485 -2.1285 -.25 3.195 .416 -.25 3.195 .706 -.25 3.485
4 0 4.4385 -.25 3.485 4.7285 -.25 3.195 7.273 -.25 3.195 7.563 -.25 3.485
4 0 .8 -.25 2.985 4.3445 -.25 2.985 3.8445 -.25 3.485 1.3 -.25 3.485
4 0 .8 -.25 2.985 1.3 -.25 2.485 3.8445 -.25 2.485 4.3445 -.25 2.985
3 0 7.6569 -.25 2.985 8 -.25 2.6419 8 -.25 3.3281
4 0 .916 -.25 2.275 .416 -.25 2.775 -2.1285 -.25 2.775 -2.4896 -.25 2.4139
4 0 .916 -.25 2.275 -2.4896 -.25 2.4139 -2.1207 -.25 1.775 .416 -.25 1.775
4 0 4.2285 -.25 2.275 7.773 -.25 2.275 7.273 -.25 2.775 4.7285 -.25 2.775
4 0 4.2285 -.25 2.275 4.7285 -.25 1.775 7.273 -.25 1.775 7.773 -.25 2.275
4 0 .8 -.25 1.565 4.3445 -.25 1.565 3.8445 -.25 2.065 1.3 -.25 2.065
4 0 .8 -.25 1.565 1.3 -.25 1.065 3.8445 -.25 1.065 4.3445 -.25 1.565
3 0 7.6569 -.25 1.565 8 -.25 1.2219 8 -.25 1.9081
3 0 .916 -.25 .855 .416 -.25 1.355 -1.8782 -.25 1.355
4 0 .916 -.25 .855 -1.8782 -.25 1.355 -1.3009 -.25 .355 .416 -.25 .355
4 0 4.2285 -.25 .855 7.773 -.25 .855 7.273 -.25 1.355 4.7285 -.25 1.355
4 0 4.2285 -.25 .855 4.7285 -.25 .355 7.273 -.25 .355 7.773 -.25 .855
4 0 .8 -.25 .145 4.3445 -.25 .145 3.8445 -.25 .645 1.3 -.25 .645
4 0 .8 -.25 .145 1.3 -.25 -.355 3.8445 -.25 -.355 4.3445 -.25 .145
3 0 7.6569 -.25 .145 8 -.25 -.1981 8 -.25 .4881
3 0 .916 -.25 -.565 .416 -.25 -.065 -1.0584 -.25 -.065
4 0 .916 -.25 -.565 -1.0584 -.25 -.065 -.481 -.25 -1.065 .416 -.25 -1.065
4 0 4.2285 -.25 -.565 7.773 -.25 -.565 7.273 -.25 -.065 4.7285 -.25 -.065
4 0 4.2285 -.25 -.565 4.7285 -.25 -1.065 7.273 -.25 -1.065 7.773 -.25 -.565
4 0 .8 -.25 -1.275 4.3445 -.25 -1.275 3.8445 -.25 -.775 1.3 -.25 -.775
4 0 .8 -.25 -1.275 1.3 -.25 -1.775 3.8445 -.25 -1.775 4.3445 -.25 -1.275
3 0 7.6569 -.25 -1.275 8 -.25 -1.6181 8 -.25 -.9319
4 0 4.2285 -.25 -1.985 7.773 -.25 -1.985 7.273 -.25 -1.485 4.7285 -.25 -1.485
4 0 4.2285 -.25 -1.985 4.7285 -.25 -2.485 7.273 -.25 -2.485 7.773 -.25 -1.985
0 // Blue faces
4 1 6.5 -.25 8 -6.5 -.25 8 -3.623 -.25 4 -3.108 -.25 4
4 1 6.5 -.25 8 -3.108 -.25 4 8 -.25 4 8 -.25 6.5
4 1 -8 -.25 6.5 -3.623 -.25 3.485 -3.623 -.25 4 -6.5 -.25 8
3 1 -8 -.25 6.5 -3.6131 -.25 3.3845 -3.623 -.25 3.485
4 1 -8 -.25 6.5 -8 -.25 -6.5 -3.5838 -.25 3.2879 -3.6131 -.25 3.3845
3 1 -8 -.25 -6.5 -3.554 -.25 3.2275 -3.5838 -.25 3.2879
3 1 -8 -.25 -6.5 -.9378 -.25 -1.3038 -3.554 -.25 3.2275
4 1 -8 -.25 -6.5 -6.5 -.25 -8 -.5987 -.25 -1.7882 -.9378 -.25 -1.3038
3 1 -6.5 -.25 -8 -.1805 -.25 -2.2064 -.5987 -.25 -1.7882
3 1 -6.5 -.25 -8 .3038 -.25 -2.5455 -.1805 -.25 -2.2064
3 1 -6.5 -.25 -8 .8398 -.25 -2.7954 .3038 -.25 -2.5455
3 1 -6.5 -.25 -8 1.4109 -.25 -2.9485 .8398 -.25 -2.7954
4 1 6.5 -.25 -8 2 -.25 -3 1.4109 -.25 -2.9485 -6.5 -.25 -8
4 1 6.5 -.25 -8 8 -.25 -6.5 8 -.25 -3 2 -.25 -3
0 // Grey faces
4 7 .706 -.25 3.485 .416 -.25 3.195 .8 -.25 2.985 1.3 -.25 3.485
3 7 7.563 -.25 3.485 8 -.25 3.3281 8 -.25 3.485
4 7 7.563 -.25 3.485 7.273 -.25 3.195 7.6569 -.25 2.985 8 -.25 3.3281
4 7 -2.5124 -.25 2.985 -2.1285 -.25 3.195 -2.4185 -.25 3.485 -3.0124 -.25 3.485
4 7 -2.5124 -.25 2.985 .8 -.25 2.985 .416 -.25 3.195 -2.1285 -.25 3.195
4 7 -2.5124 -.25 2.985 -2.1285 -.25 2.775 .416 -.25 2.775 .8 -.25 2.985
4 7 -2.5124 -.25 2.985 -2.707 -.25 2.7904 -2.4896 -.25 2.4139 -2.1285 -.25 2.775
4 7 4.3445 -.25 2.985 4.7285 -.25 3.195 4.4385 -.25 3.485 3.8445 -.25 3.485
4 7 4.3445 -.25 2.985 7.6569 -.25 2.985 7.273 -.25 3.195 4.7285 -.25 3.195
4 7 4.3445 -.25 2.985 4.7285 -.25 2.775 7.273 -.25 2.775 7.6569 -.25 2.985
4 7 4.3445 -.25 2.985 3.8445 -.25 2.485 4.2285 -.25 2.275 4.7285 -.25 2.775
4 7 .916 -.25 2.275 1.3 -.25 2.485 .8 -.25 2.985 .416 -.25 2.775
4 7 .916 -.25 2.275 4.2285 -.25 2.275 3.8445 -.25 2.485 1.3 -.25 2.485
4 7 .916 -.25 2.275 1.3 -.25 2.065 3.8445 -.25 2.065 4.2285 -.25 2.275
4 7 .916 -.25 2.275 .416 -.25 1.775 .8 -.25 1.565 1.3 -.25 2.065
4 7 7.773 -.25 2.275 8 -.25 2.6419 7.6569 -.25 2.985 7.273 -.25 2.775
3 7 8 -.25 2.6419 7.773 -.25 2.275 8 -.25 1.9081
4 7 7.773 -.25 2.275 7.273 -.25 1.775 7.6569 -.25 1.565 8 -.25 1.9081
4 7 .416 -.25 1.775 -2.1207 -.25 1.775 -1.8782 -.25 1.355 .416 -.25 1.355
3 7 .416 -.25 1.775 .416 -.25 1.355 .8 -.25 1.565
4 7 4.3445 -.25 1.565 4.7285 -.25 1.775 4.2285 -.25 2.275 3.8445 -.25 2.065
4 7 4.3445 -.25 1.565 7.6569 -.25 1.565 7.273 -.25 1.775 4.7285 -.25 1.775
4 7 4.3445 -.25 1.565 4.7285 -.25 1.355 7.273 -.25 1.355 7.6569 -.25 1.565
4 7 4.3445 -.25 1.565 3.8445 -.25 1.065 4.2285 -.25 .855 4.7285 -.25 1.355
4 7 .916 -.25 .855 1.3 -.25 1.065 .8 -.25 1.565 .416 -.25 1.355
4 7 .916 -.25 .855 4.2285 -.25 .855 3.8445 -.25 1.065 1.3 -.25 1.065
4 7 .916 -.25 .855 1.3 -.25 .645 3.8445 -.25 .645 4.2285 -.25 .855
4 7 .916 -.25 .855 .416 -.25 .355 .8 -.25 .145 1.3 -.25 .645
4 7 7.773 -.25 .855 8 -.25 1.2219 7.6569 -.25 1.565 7.273 -.25 1.355
3 7 7.773 -.25 .855 8 -.25 .4881 8 -.25 1.2219
4 7 7.773 -.25 .855 7.273 -.25 .355 7.6569 -.25 .145 8 -.25 .4881
4 7 .416 -.25 .355 -1.3009 -.25 .355 -1.0584 -.25 -.065 .416 -.25 -.065
3 7 .416 -.25 .355 .416 -.25 -.065 .8 -.25 .145
4 7 4.3445 -.25 .145 4.7285 -.25 .355 4.2285 -.25 .855 3.8445 -.25 .645
4 7 4.3445 -.25 .145 7.6569 -.25 .145 7.273 -.25 .355 4.7285 -.25 .355
4 7 4.3445 -.25 .145 4.7285 -.25 -.065 7.273 -.25 -.065 7.6569 -.25 .145
4 7 4.3445 -.25 .145 3.8445 -.25 -.355 4.2285 -.25 -.565 4.7285 -.25 -.065
4 7 .916 -.25 -.565 1.3 -.25 -.355 .8 -.25 .145 .416 -.25 -.065
4 7 .916 -.25 -.565 4.2285 -.25 -.565 3.8445 -.25 -.355 1.3 -.25 -.355
4 7 .916 -.25 -.565 1.3 -.25 -.775 3.8445 -.25 -.775 4.2285 -.25 -.565
4 7 .916 -.25 -.565 .416 -.25 -1.065 .8 -.25 -1.275 1.3 -.25 -.775
4 7 7.773 -.25 -.565 8 -.25 -.1981 7.6569 -.25 .145 7.273 -.25 -.065
3 7 7.773 -.25 -.565 8 -.25 -.9319 8 -.25 -.1981
4 7 7.773 -.25 -.565 7.273 -.25 -1.065 7.6569 -.25 -1.275 8 -.25 -.9319
4 7 .8 -.25 -1.275 .416 -.25 -1.065 -.481 -.25 -1.065 -.3402 -.25 -1.2818
4 7 .8 -.25 -1.275 -.3402 -.25 -1.2818 -.1805 -.25 -1.485 .416 -.25 -1.485
4 7 4.3445 -.25 -1.275 4.7285 -.25 -1.065 4.2285 -.25 -.565 3.8445 -.25 -.775
4 7 4.3445 -.25 -1.275 7.6569 -.25 -1.275 7.273 -.25 -1.065 4.7285 -.25 -1.065
4 7 4.3445 -.25 -1.275 4.7285 -.25 -1.485 7.273 -.25 -1.485 7.6569 -.25 -1.275
4 7 4.3445 -.25 -1.275 3.8445 -.25 -1.775 4.2285 -.25 -1.985 4.7285 -.25 -1.485
4 7 .916 -.25 -1.985 1.3 -.25 -1.775 .8 -.25 -1.275 .416 -.25 -1.485
4 7 .916 -.25 -1.985 4.2285 -.25 -1.985 3.8445 -.25 -1.775 1.3 -.25 -1.775
4 7 .916 -.25 -1.985 1.3 -.25 -2.195 3.8445 -.25 -2.195 4.2285 -.25 -1.985
4 7 .916 -.25 -1.985 .926 -.25 -2.277 1.1412 -.25 -2.3538 1.3 -.25 -2.195
3 7 .916 -.25 -1.985 .7176 -.25 -2.1834 .926 -.25 -2.277
4 7 7.773 -.25 -1.985 8 -.25 -1.6181 7.6569 -.25 -1.275 7.273 -.25 -1.485
3 7 7.773 -.25 -1.985 8 -.25 -2.3519 8 -.25 -1.6181
4 7 7.773 -.25 -1.985 7.273 -.25 -2.485 7.8669 -.25 -2.485 8 -.25 -2.3519
4 7 4.2285 -.25 -1.985 3.8445 -.25 -2.195 4.1345 -.25 -2.485 4.7285 -.25 -2.485
