0 Sticker  .8 x  1.8 with Black Air Vents on White Background Right
0 Name: 6142271m.dat
0 Author: Massimo Maso [Sirio]
0 !LDRAW_ORG Unofficial_Part 
0 !LICENSE Redistributable under CCAL version 2.0 : see CAreadme.txt

0 BFC CERTIFY CCW

0 !KEYWORDS Speed Champions, Audi, R8, LMS, Ultra, Set 75873


0 // Primitives
1 16 -16.5 0 6.5 -1.5 0 0 0 -1 0 0 0 1.5 1-4chrd.dat
1 16 16.5 0 6.5 1.5 0 0 0 -1 0 0 0 1.5 1-4chrd.dat
1 16 0 -.25 0 16.5 0 0 0 .25 0 0 0 8 box3u12.dat
1 16 -16.5 0 -6.5 -1.5 0 0 0 -1 0 0 0 -1.5 1-4chrd.dat
1 16 16.5 0 -6.5 1.5 0 0 0 -1 0 0 0 -1.5 1-4chrd.dat
1 16 -16.5 0 6.5 -1.5 0 0 0 -.25 0 0 0 1.5 1-4cyli.dat
1 16 16.5 0 6.5 1.5 0 0 0 -.25 0 0 0 1.5 1-4cyli.dat
1 16 -16.5 0 -6.5 -1.5 0 0 0 -.25 0 0 0 -1.5 1-4cyli.dat
1 16 16.5 0 -6.5 1.5 0 0 0 -.25 0 0 0 -1.5 1-4cyli.dat
1 15 -16.5 -.25 6.5 -1.5 0 0 0 1 0 0 0 1.5 1-4chrd.dat
1 15 16.5 -.25 6.5 1.5 0 0 0 1 0 0 0 1.5 1-4chrd.dat
1 15 -16.5 -.25 -6.5 -1.5 0 0 0 1 0 0 0 -1.5 1-4chrd.dat
1 15 16.5 -.25 -6.5 1.5 0 0 0 1 0 0 0 -1.5 1-4chrd.dat
0 // Bottom faces
4 16 -16.5 0 8 -16.5 0 -8 -18 0 -6.5 -18 0 6.5
4 16 16.5 0 8 18 0 6.5 18 0 -6.5 16.5 0 -8
0 // Lateral faces
4 16 -18 0 6.5 -18 0 -6.5 -18 -.25 -6.5 -18 -.25 6.5
4 16 18 0 6.5 18 -.25 6.5 18 -.25 -6.5 18 0 -6.5
0 // Black air vents
3 0 -13.25 -.25 4.4 -12.2118 -.25 3.7041 -9.9144 -.25 3.8262
3 0 -13.25 -.25 4.4 -9.9144 -.25 3.8262 -9.1343 -.25 3.8677
3 0 -13.25 -.25 4.4 -9.1343 -.25 3.8677 -6.17 -.25 4.0252
3 0 -13.25 -.25 4.4 -6.17 -.25 4.0252 -5.3899 -.25 4.0667
3 0 -13.25 -.25 4.4 -5.3899 -.25 4.0667 -2.4255 -.25 4.2242
4 0 -13.25 -.25 4.4 -2.4255 -.25 4.2242 -1.6454 -.25 4.2657 9.33 -.25 5.6
3 0 9.33 -.25 5.6 -1.6454 -.25 4.2657 1.319 -.25 4.4232
3 0 9.33 -.25 5.6 1.319 -.25 4.4232 2.0991 -.25 4.4647
3 0 9.33 -.25 5.6 2.0991 -.25 4.4647 5.0635 -.25 4.6222
3 0 9.33 -.25 5.6 5.0635 -.25 4.6222 5.8436 -.25 4.6637
3 0 9.33 -.25 5.6 5.8436 -.25 4.6637 8.808 -.25 4.8212
4 0 -13.25 -.25 4.4 -9.75 -.25 -5.6 -9.2179 -.25 -4.85 -12.2118 -.25 3.7041
4 0 -9.9144 -.25 3.8262 -6.8778 -.25 -4.85 -6.0832 -.25 -4.85 -9.1343 -.25 3.8677
4 0 -6.17 -.25 4.0252 -3.0636 -.25 -4.85 -2.269 -.25 -4.85 -5.3899 -.25 4.0667
4 0 -2.4255 -.25 4.2242 .7505 -.25 -4.85 1.5451 -.25 -4.85 -1.6454 -.25 4.2657
4 0 1.319 -.25 4.4232 4.5646 -.25 -4.85 5.3592 -.25 -4.85 2.0991 -.25 4.4647
4 0 5.0635 -.25 4.6222 8.3788 -.25 -4.85 9.1734 -.25 -4.85 5.8436 -.25 4.6637
4 0 9.33 -.25 5.6 8.808 -.25 4.8212 12.1929 -.25 -4.85 13.25 -.25 -5.6
3 0 -9.75 -.25 -5.6 -6.8778 -.25 -4.85 -9.2179 -.25 -4.85
3 0 -9.75 -.25 -5.6 -6.0832 -.25 -4.85 -6.8778 -.25 -4.85
3 0 -9.75 -.25 -5.6 -3.0636 -.25 -4.85 -6.0832 -.25 -4.85
3 0 -9.75 -.25 -5.6 -2.269 -.25 -4.85 -3.0636 -.25 -4.85
3 0 -9.75 -.25 -5.6 .7505 -.25 -4.85 -2.269 -.25 -4.85
4 0 -9.75 -.25 -5.6 13.25 -.25 -5.6 1.5451 -.25 -4.85 .7505 -.25 -4.85
3 0 13.25 -.25 -5.6 4.5646 -.25 -4.85 1.5451 -.25 -4.85
3 0 13.25 -.25 -5.6 5.3592 -.25 -4.85 4.5646 -.25 -4.85
3 0 13.25 -.25 -5.6 8.3788 -.25 -4.85 5.3592 -.25 -4.85
3 0 13.25 -.25 -5.6 9.1734 -.25 -4.85 8.3788 -.25 -4.85
3 0 13.25 -.25 -5.6 12.1929 -.25 -4.85 9.1734 -.25 -4.85
0 // White top faces
4 15 -16.5 -.25 8 -13.25 -.25 4.4 9.33 -.25 5.6 16.5 -.25 8
4 15 -16.5 -.25 8 -18 -.25 6.5 -18 -.25 -6.5 -16.5 -.25 -8
4 15 -16.5 -.25 8 -16.5 -.25 -8 -9.75 -.25 -5.6 -13.25 -.25 4.4
4 15 16.5 -.25 -8 13.25 -.25 -5.6 -9.75 -.25 -5.6 -16.5 -.25 -8
4 15 16.5 -.25 -8 16.5 -.25 8 9.33 -.25 5.6 13.25 -.25 -5.6
4 15 16.5 -.25 -8 18 -.25 -6.5 18 -.25 6.5 16.5 -.25 8
4 15 -12.2118 -.25 3.7041 -9.2179 -.25 -4.85 -6.8778 -.25 -4.85 -9.9144 -.25 3.8262
4 15 -9.1343 -.25 3.8677 -6.0832 -.25 -4.85 -3.0636 -.25 -4.85 -6.17 -.25 4.0252
4 15 -5.3899 -.25 4.0667 -2.269 -.25 -4.85 .7505 -.25 -4.85 -2.4255 -.25 4.2242
4 15 -1.6454 -.25 4.2657 1.5451 -.25 -4.85 4.5646 -.25 -4.85 1.319 -.25 4.4232
4 15 2.0991 -.25 4.4647 5.3592 -.25 -4.85 8.3788 -.25 -4.85 5.0635 -.25 4.6222
4 15 5.8436 -.25 4.6637 9.1734 -.25 -4.85 12.1929 -.25 -4.85 8.808 -.25 4.8212
