0 Sticker  0.8 x  1.8 with White Adidas Logo on Black Background
0 Name: 6148328bb.dat
0 Author: Massimo Maso [Sirio]
0 !LDRAW_ORG Unofficial_Part 
0 !LICENSE Redistributable under CCAL version 2.0 : see CAreadme.txt

0 BFC CERTIFY CCW

0 !KEYWORDS Speed Champions, Porsche, 919, Hybrid, Pit Lane, Set 75876


0 // Logo primitive
1 0 0 -.25 0 .7 0 0 0 1 0 0 0 .7 logoadidl01.dat
0 // Primitives
1 16 -16.5 0 6.5 -1.5 0 0 0 -1 0 0 0 1.5 1-4chrd.dat
1 16 16.5 0 6.5 1.5 0 0 0 -1 0 0 0 1.5 1-4chrd.dat
1 16 0 -.25 0 0 0 18 0 .25 0 6.5 0 0 box3u12.dat
1 16 -16.5 0 -6.5 -1.5 0 0 0 -1 0 0 0 -1.5 1-4chrd.dat
1 16 16.5 0 -6.5 1.5 0 0 0 -1 0 0 0 -1.5 1-4chrd.dat
1 16 -16.5 0 6.5 -1.5 0 0 0 -.25 0 0 0 1.5 1-4cyli.dat
1 16 16.5 0 6.5 1.5 0 0 0 -.25 0 0 0 1.5 1-4cyli.dat
1 16 -16.5 0 -6.5 -1.5 0 0 0 -.25 0 0 0 -1.5 1-4cyli.dat
1 16 16.5 0 -6.5 1.5 0 0 0 -.25 0 0 0 -1.5 1-4cyli.dat
1 0 -16.5 -.25 6.5 -1.5 0 0 0 1 0 0 0 1.5 1-4chrd.dat
1 0 16.5 -.25 6.5 1.5 0 0 0 1 0 0 0 1.5 1-4chrd.dat
1 0 -16.5 -.25 -6.5 -1.5 0 0 0 1 0 0 0 -1.5 1-4chrd.dat
1 0 16.5 -.25 -6.5 1.5 0 0 0 1 0 0 0 -1.5 1-4chrd.dat
0 // Bottom faces
4 16 16.5 0 8 18 0 6.5 -18 0 6.5 -16.5 0 8
4 16 16.5 0 -8 -16.5 0 -8 -18 0 -6.5 18 0 -6.5
0 // Lateral faces
4 16 -16.5 0 8 -16.5 -.25 8 16.5 -.25 8 16.5 0 8
4 16 -16.5 0 -8 16.5 0 -8 16.5 -.25 -8 -16.5 -.25 -8
0 // Top faces
4 0 -16.5 -.25 8 -18 -.25 6.5 -8.925 -.25 6.02 -6.9965 -.25 6.02
3 0 -16.5 -.25 8 -6.9965 -.25 6.02 1.7367 -.25 6.02
4 0 -16.5 -.25 8 1.7367 -.25 6.02 6.3035 -.25 6.02 16.5 -.25 8
4 0 16.5 -.25 8 6.3035 -.25 6.02 8.925 -.25 6.02 18 -.25 6.5
3 0 -18 -.25 6.5 -8.925 -.25 -1.89 -8.925 -.25 6.02
4 0 -18 -.25 6.5 -18 -.25 -6.5 -8.925 -.25 -4.4555 -8.925 -.25 -1.89
3 0 -18 -.25 -6.5 -8.925 -.25 -6.02 -8.925 -.25 -4.4555
3 0 18 -.25 6.5 8.925 -.25 6.02 8.925 -.25 -1.89
4 0 18 -.25 6.5 8.925 -.25 -1.89 8.925 -.25 -4.9805 18 -.25 -6.5
3 0 18 -.25 -6.5 8.925 -.25 -4.9805 8.925 -.25 -6.02
4 0 -16.5 -.25 -8 -7.3605 -.25 -6.02 -8.925 -.25 -6.02 -18 -.25 -6.5
3 0 -16.5 -.25 -8 -3.8605 -.25 -6.02 -7.3605 -.25 -6.02
3 0 -16.5 -.25 -8 .7595 -.25 -6.02 -3.8605 -.25 -6.02
4 0 -16.5 -.25 -8 16.5 -.25 -8 4.2595 -.25 -6.02 .7595 -.25 -6.02
3 0 16.5 -.25 -8 7.56 -.25 -6.02 4.2595 -.25 -6.02
4 0 16.5 -.25 -8 18 -.25 -6.5 8.925 -.25 -6.02 7.56 -.25 -6.02
