0 Sticker  0.8 x  7.8 with White Chopard Logo on Dark Grey Background
0 Name: 6148328j.dat
0 Author: Massimo Maso [Sirio]
0 !LDRAW_ORG Unofficial_Part 
0 !LICENSE Redistributable under CCAL version 2.0 : see CAreadme.txt

0 BFC CERTIFY CCW

0 !KEYWORDS Speed Champions, Porsche, 919, Hybrid, 917K, Pit Lane, Set 75876
0 !KEYWORDS Bricklink 75876stk01, Rebrickable 26357, Brickowl 852010


0 // Logo primitive

1 72 0 -.25 0 1.16 0 0 0 1 0 0 0 1.16 logochopl01.dat
0 // Primitives
1 16 -76.5 0 6.5 -1.5 0 0 0 -1 0 0 0 1.5 1-4chrd.dat
1 16 76.5 0 6.5 1.5 0 0 0 -1 0 0 0 1.5 1-4chrd.dat
1 16 0 -.25 0 0 0 78 0 .25 0 6.5 0 0 box3u12.dat
1 16 -76.5 0 -6.5 -1.5 0 0 0 -1 0 0 0 -1.5 1-4chrd.dat
1 16 76.5 0 -6.5 1.5 0 0 0 -1 0 0 0 -1.5 1-4chrd.dat
1 16 -76.5 0 6.5 -1.5 0 0 0 -.25 0 0 0 1.5 1-4cyli.dat
1 16 76.5 0 6.5 1.5 0 0 0 -.25 0 0 0 1.5 1-4cyli.dat
1 16 -76.5 0 -6.5 -1.5 0 0 0 -.25 0 0 0 -1.5 1-4cyli.dat
1 16 76.5 0 -6.5 1.5 0 0 0 -.25 0 0 0 -1.5 1-4cyli.dat
1 72 -76.5 -.25 6.5 -1.5 0 0 0 1 0 0 0 1.5 1-4chrd.dat
1 72 76.5 -.25 6.5 1.5 0 0 0 1 0 0 0 1.5 1-4chrd.dat
1 72 -76.5 -.25 -6.5 -1.5 0 0 0 1 0 0 0 -1.5 1-4chrd.dat
1 72 76.5 -.25 -6.5 1.5 0 0 0 1 0 0 0 -1.5 1-4chrd.dat
0 // Bottom faces
4 16 76.5 0 8 78 0 6.5 -78 0 6.5 -76.5 0 8
4 16 76.5 0 -8 -76.5 0 -8 -78 0 -6.5 78 0 -6.5
0 // Lateral faces
4 16 -76.5 0 8 -76.5 -.25 8 76.5 -.25 8 76.5 0 8
4 16 -76.5 0 -8 76.5 0 -8 76.5 -.25 -8 -76.5 -.25 -8
0 // Top faces
4 72 -76.5 -.25 8 -78 -.25 6.5 -54.984 -.25 5.8 -48.372 -.25 5.8
4 72 -76.5 -.25 8 -48.372 -.25 5.8 -16.82 -.25 5.8 76.5 -.25 8
4 72 76.5 -.25 8 -16.82 -.25 5.8 54.984 -.25 5.8 78 -.25 6.5
3 72 -78 -.25 6.5 -54.984 -.25 0 -54.984 -.25 5.8
4 72 -78 -.25 6.5 -78 -.25 -6.5 -54.984 -.25 -5.8 -54.984 -.25 0
3 72 78 -.25 6.5 54.984 -.25 5.8 54.984 -.25 0
4 72 78 -.25 6.5 54.984 -.25 0 54.984 -.25 -5.8 78 -.25 -6.5
4 72 -76.5 -.25 -8 -48.372 -.25 -5.8 -54.984 -.25 -5.8 -78 -.25 -6.5
4 72 -76.5 -.25 -8 76.5 -.25 -8 -16.82 -.25 -5.8 -48.372 -.25 -5.8
4 72 76.5 -.25 -8 78 -.25 -6.5 54.984 -.25 -5.8 -16.82 -.25 -5.8
