0 Windscreen  6 x  4 x  1.333 Airplane with SW Grille Pattern
0 Name: 6152aps1.dat
0 Author: Evert-Jan Boer [ejboer]
0 !LDRAW_ORG Unofficial_Part 
0 !LICENSE Redistributable under CCAL version 2.0 : see CAreadme.txt

0 BFC CERTIFY CW

0 !KEYWORDS Bricklink 6152apx1, Set 7126, Star Wars


1 16 0 0 0 1 0 0 0 1 0 0 0 1 s\6152s01.dat
1 16 10 0 -10 0 0 -1 0 1 0 1 0 0 stud2.dat
1 16 -10 0 -10 0 0 -1 0 1 0 1 0 0 stud2.dat
0 // outside patternable surfaces
4 16 40 32 40 40 32 -20 40 28 -20 40 0 40
4 16 40 0 40 40 28 -20 20 28 -80 20 0 -20
4 16 -20 0 -20 -20 28 -80 -40 28 -20 -40 0 40
4 16 40 28 -20 40 32 -20 20 32 -80 20 28 -80
4 16 20 28 -80 20 32 -80 -20 32 -80 -20 28 -80
4 16 -20 28 -80 -20 32 -80 -40 32 -20 -40 28 -20
4 16 -40 28 -20 -40 32 -20 -40 32 40 -40 0 40
0 // Pattern
1 16 0 0 0 1 0 0 0 1 0 0 0 1 s\6152ps1s01.dat
1 16 0 0 0 -1 0 0 0 1 0 0 0 1 s\6152ps1s01.dat
0 // Bottom Tabs
0 BFC INVERTNEXT
1 16 30 32 -10 6 0 0 0 -4 0 0 0 6 4-4cyli.dat
0 BFC INVERTNEXT
1 16 -30 32 -10 6 0 0 0 -4 0 0 0 6 4-4cyli.dat
0 BFC INVERTNEXT
1 16 10 32 -70 6 0 0 0 -4 0 0 0 6 4-4cyli.dat
0 BFC INVERTNEXT
1 16 -10 32 -70 6 0 0 0 -4 0 0 0 6 4-4cyli.dat
4 16 24 32 -16 20 32 -80 20 32 -10 24 32 -10
4 16 24 32 -16 36 32 -16 40 32 -20 20 32 -80
1 16 30 32 -10 -6 0 0 0 -1 0 0 0 -6 3-4ndis.dat
1 16 30 32 -10 0 0 -2 0 -1 0 2 0 0 1-4ring3.dat
1 16 30 32 -10 0 0 -2 0 -1 0 2 0 0 1-4ring4.dat
1 16 33 32 -2 0 0 -3 0 -1 0 2 0 0 rect1.dat
1 16 30 28 -10 -6 0 0 0 1 0 0 0 -6 3-4ndis.dat
4 16 20 28 -10 20 28 -60 24 28 -16 24 28 -10
4 16 36 28 -16 24 28 -16 20 28 -60 36 28 -20
1 16 30 28 -10 0 0 -2 0 1 0 2 0 0 1-4ring3.dat
1 16 30 28 -10 0 0 -2 0 1 0 2 0 0 1-4ring4.dat
1 16 33 28 -2 0 0 3 0 1 0 2 0 0 rect1.dat
4 16 -20 32 -10 -20 32 -80 -24 32 -16 -24 32 -10
4 16 -36 32 -16 -24 32 -16 -20 32 -80 -40 32 -20
1 16 -30 32 -10 6 0 0 0 -1 0 0 0 -6 3-4ndis.dat
1 16 -30 32 -10 0 0 2 0 -1 0 2 0 0 1-4ring3.dat
1 16 -30 32 -10 0 0 2 0 -1 0 2 0 0 1-4ring4.dat
1 16 -33 32 -2 0 0 -3 0 -1 0 2 0 0 rect1.dat
1 16 -30 28 -10 6 0 0 0 1 0 0 0 -6 3-4ndis.dat
4 16 -24 28 -16 -20 28 -60 -20 28 -10 -24 28 -10
4 16 -20 28 -60 -24 28 -16 -36 28 -16 -36 28 -20
1 16 -30 28 -10 0 0 2 0 1 0 2 0 0 1-4ring3.dat
1 16 -30 28 -10 0 0 2 0 1 0 2 0 0 1-4ring4.dat
1 16 -33 28 -2 0 0 3 0 1 0 2 0 0 rect1.dat
1 16 30 28 -10 -10 0 0 0 4 0 0 0 10 1-4cyli.dat
1 16 -30 28 -10 10 0 0 0 4 0 0 0 10 1-4cyli.dat
1 16 33 30 0 3 0 0 0 0 -2 0 -1 0 rect1.dat
1 16 -33 30 0 -3 0 0 0 0 2 0 -1 0 rect1.dat
1 16 10 28 -70 6 0 0 0 1 0 0 0 6 2-4ndis.dat
3 16 36 28 -20 20 28 -60 19 28 -70
1 16 20 30 -35 0 1 0 -2 0 0 0 0 -25 rect3.dat
3 16 -36 28 -20 -19 28 -70 -20 28 -60
1 16 -10 28 -70 6 0 0 0 1 0 0 0 6 2-4ndis.dat
4 16 -16 28 -64 -20 28 -60 -19 28 -70 -16 28 -70
4 16 19 28 -70 20 28 -60 16 28 -64 16 28 -70
4 16 4 28 -70 4 28 -64 -4 28 -64 -4 28 -70
4 16 16 28 -64 20 28 -60 -20 28 -60 -16 28 -64
3 16 -20 32 -80 -16 32 -76 -4 32 -76
3 16 4 32 -76 16 32 -76 20 32 -80
3 16 -16 32 -64 -20 32 -60 -4 32 -64
3 16 16 32 -64 4 32 -64 20 32 -60
4 16 4 32 -64 -4 32 -64 -20 32 -60 20 32 -60
4 16 -20 32 -80 -4 32 -76 4 32 -76 20 32 -80
4 16 -4 32 -76 -4 32 -64 4 32 -64 4 32 -76
1 16 -20 30 -35 0 -1 0 2 0 0 0 0 -25 rect3.dat
1 16 0 30 -60 -20 0 0 0 0 2 0 -1 0 rect2p.dat
1 16 10 32 -70 6 0 0 0 -1 0 0 0 6 4-4ndis.dat
1 16 -10 32 -70 6 0 0 0 -1 0 0 0 6 4-4ndis.dat
4 16 -16 32 -64 -16 32 -76 -20 32 -80 -20 32 -60
4 16 16 32 -76 16 32 -64 20 32 -60 20 32 -80
1 16 30 28 -10 -10 0 0 0 1 0 0 0 10 1-4edge.dat
1 16 -30 28 -10 0 0 10 0 1 0 10 0 0 1-4edge.dat
1 16 -30 32 -10 0 0 10 0 1 0 10 0 0 1-4edge.dat
1 16 30 28 -10 6 0 0 0 1 0 0 0 6 4-4edge.dat
1 16 30 32 -10 6 0 0 0 1 0 0 0 6 4-4edge.dat
1 16 -30 28 -10 6 0 0 0 1 0 0 0 6 4-4edge.dat
1 16 -30 32 -10 6 0 0 0 1 0 0 0 6 4-4edge.dat
1 16 10 28 -70 6 0 0 0 -1 0 0 0 6 4-4edge.dat
1 16 10 32 -70 6 0 0 0 1 0 0 0 6 4-4edge.dat
1 16 -10 28 -70 6 0 0 0 1 0 0 0 6 4-4edge.dat
1 16 -10 32 -70 6 0 0 0 1 0 0 0 6 4-4edge.dat
1 16 10 28 -70 6 0 0 0 -1 0 0 0 -6 2-4disc.dat
1 16 -10 28 -70 6 0 0 0 -1 0 0 0 -6 2-4disc.dat
1 16 30 32 -10 -10 0 0 0 1 0 0 0 10 1-4edge.dat
2 24 -36 28 -20 -36 28 0
2 24 36 28 -20 36 28 0
0 // Inside
1 16 -27.5 16 -19.375 0 0 -8.5 -12 -1 0 25.625 0 25 rect3.dat
1 16 27.5 16 -19.375 0 0 8.5 12 -1 0 -25.625 0 25 rect3.dat
1 16 0 16 -44.375 0 0 -19 -12 -1 0 25.625 0 0 rect.dat
