0 Sticker  0.7 x  0.7 with Black Overhead Load Danger Sign on Yellow Background
0 Name: 6155286v.dat
0 Author: Evert-Jan Boer [ejboer]
0 !LDRAW_ORG Unofficial_Part 
0 !LICENSE Redistributable under CCAL version 2.0 : see CAreadme.txt

0 BFC CERTIFY CCW

0 !KEYWORDS Bucket Wheel Excavator, Set 42055


1 0 -4.7 -0.25 -4 -0.36955 0 -0.15307 0 1 0 0.15307 0 -0.36955 5-16rin2.dat
1 0 4.7 -0.25 -4 0.36955 0 0.15307 0 1 0 0.15307 0 -0.36955 5-16rin2.dat
1 14 -4.7 -0.25 -4 -0.36955 0 -0.15307 0 1 0 0.15307 0 -0.36955 5-16chrd.dat
1 14 4.7 -0.25 -4 0.36955 0 0.15307 0 1 0 0.15307 0 -0.36955 5-16chrd.dat
1 0 0 -0.25 4.2 0.36955 0 -0.15307 0 1 0 0.15307 0 0.36955 3-8ring2.dat
1 0 0 -0.25 4.2 0.36955 0 -0.15307 0 1 0 0.15307 0 0.36955 3-8ring1.dat
1 14 0 -0.25 4.2 0.36955 0 -0.15307 0 1 0 0.15307 0 0.36955 3-8chrd.dat
1 14 -6.5 -.25 6.5 0 0 -1 0 1 0 1 0 0 1-4chrd.dat
1 14 6.5 -.25 6.5 1 0 0 0 1 0 0 0 1 1-4chrd.dat
1 14 6.5 -0.25 -6.5 0 0 1 0 1 0 -1 0 0 1-4chrd.dat
1 14 -6.5 -0.25 -6.5 -1 0 0 0 1 0 0 0 -1 1-4chrd.dat
3 14 5.5486 -0.25 -4.8485 5.1592 -0.25 -5.1087 7.5 -0.25 -6.5
4 14 5.1592 -0.25 -5.1087 4.7 -0.25 -5.2 6.5 -0.25 -7.5 7.5 -0.25 -6.5
3 14 5.8086 -0.25 -4.4592 5.5486 -0.25 -4.8485 7.5 -0.25 -6.5
3 14 5.9 -0.25 -4 5.8086 -0.25 -4.4592 7.5 -0.25 -6.5
4 14 5.8087 -0.25 -3.5408 5.9 -0.25 -4 7.5 -0.25 -6.5 7.5 -0.25 6.5
4 14 -7.5 -0.25 -6.5 -5.9 -0.25 -4 -5.8087 -0.25 -3.5408 -7.5 -0.25 6.5
4 14 -6.5 -0.25 -7.5 -5.8086 -0.25 -4.4592 -5.9 -0.25 -4 -7.5 -0.25 -6.5
3 14 -5.8086 -0.25 -4.4592 -6.5 -0.25 -7.5 -5.5486 -0.25 -4.8485
3 14 -5.5486 -0.25 -4.8485 -6.5 -0.25 -7.5 -5.1592 -0.25 -5.1087
4 0 4.7 -0.25 -5.2 4.7 -0.25 -4.8 -4.7 -0.25 -4.8 -4.7 -0.25 -5.2
4 0 -1.1086 -0.25 4.6592 -5.8087 -0.25 -3.5408 -5.4391 -0.25 -3.6939 -0.7391 -0.25 4.5061
4 0 5.4391 -0.25 -3.6939 5.8087 -0.25 -3.5408 1.1087 -0.25 4.6592 0.7391 -0.25 4.5061
3 14 7.5 -0.25 6.5 1.1087 -0.25 4.6592 5.8087 -0.25 -3.5408
4 14 -1.1086 -0.25 4.6592 -6.5 -0.25 7.5 -7.5 -0.25 6.5 -5.8087 -0.25 -3.5408
3 14 -6.5 -0.25 7.5 -1.1086 -0.25 4.6592 -0.8486 -0.25 5.0485
3 14 -6.5 -0.25 7.5 -0.8486 -0.25 5.0485 -0.4592 -0.25 5.3087
4 14 0 -0.25 5.4 6.5 -0.25 7.5 -6.5 -0.25 7.5 -0.4592 -0.25 5.3087
4 14 7.5 -0.25 6.5 6.5 -0.25 7.5 0 -0.25 5.4 0.4592 -0.25 5.3086
3 14 7.5 -0.25 6.5 0.4592 -0.25 5.3086 0.8485 -0.25 5.0486
3 14 7.5 -0.25 6.5 0.8485 -0.25 5.0486 1.1087 -0.25 4.6592
4 0 -5.0696 -0.25 -3.8469 -0.3695 -0.25 4.3531 -0.7391 -0.25 4.5061 -5.4391 -0.25 -3.6939
4 0 0.7391 -0.25 4.5061 0.3696 -0.25 4.3531 5.0696 -0.25 -3.8469 5.4391 -0.25 -3.6939
3 14 -5.1592 -0.25 -5.1087 -6.5 -0.25 -7.5 -4.7 -0.25 -5.2
4 14 -4.7 -0.25 -5.2 -6.5 -0.25 -7.5 6.5 -0.25 -7.5 4.7 -0.25 -5.2
4 0 -0.4 -0.25 -0.3 -1.1 -0.25 -0.3 -1.2 -0.25 -0.55 -0.3 -0.25 -0.55
3 0 -0.3 -0.25 -0.55 -1.2 -0.25 -0.55 -1.2 -0.25 -0.8
4 0 -1.1 -0.25 -0.95 -0.35 -0.25 -0.8 -0.3 -0.25 -0.55 -1.2 -0.25 -0.8
3 0 -0.35 -0.25 -0.8 -1.1 -0.25 -0.95 -0.9 -0.25 -1.1
4 0 -0.9 -0.25 -1.1 -0.2 -0.25 -1.95 0.05 -0.25 -0.85 -0.35 -0.25 -0.8
4 0 0.05 -0.25 -0.85 -0.2 -0.25 -1.95 0.05 -0.25 -1.95 0.55 -0.25 -1.075
4 0 0.55 -0.25 -1.075 0.05 -0.25 -1.95 0.2 -0.25 -2.1 0.9 -0.25 -1.35
4 0 1.225 -0.25 -2.175 1.15 -0.25 -1.75 0.9 -0.25 -1.35 0.2 -0.25 -2.1
4 0 0.2 -0.25 -2.1 0.2 -0.25 -2.3 1.2 -0.25 -2.45 1.225 -0.25 -2.175
4 0 1.2 -0.25 -2.7 1.2 -0.25 -2.45 0.2 -0.25 -2.3 0.1 -0.25 -2.65
4 0 0.1 -0.25 -2.65 -0.2 -0.25 -3.25 1.35 -0.25 -2.85 1.2 -0.25 -2.7
4 0 0.95 -0.25 -3.65 1.35 -0.25 -2.85 -0.2 -0.25 -3.25 0.6 -0.25 -3.6
4 0 0.6 -0.25 -3.6 -0.2 -0.25 -3.25 0.05 -0.25 -3.8 0.25 -0.25 -3.75
4 0 0.05 -0.25 -3.8 -0.2 -0.25 -3.25 -0.25 -0.25 -3.55 -0.15 -0.25 -3.7
4 0 1.75 -0.25 -2.9 1.35 -0.25 -2.85 1.75 -0.25 -3.4 1.9 -0.25 -3.25
3 0 1.75 -0.25 -2.9 1.9 -0.25 -3.25 1.9 -0.25 -3.05
4 0 1.35 -0.25 -2.85 0.95 -0.25 -3.65 1.8 -0.25 -3.55 1.75 -0.25 -3.4
4 0 1.975 -0.25 -3.75 1.8 -0.25 -3.55 0.95 -0.25 -3.65 1.375 -0.25 -3.875
4 0 1.65 -0.25 -4.125 1.775 -0.25 -4.4 2.2 -0.25 -4 1.975 -0.25 -3.75
3 0 2.2 -0.25 -4 1.775 -0.25 -4.4 2.375 -0.25 -4.4
4 0 -0.2 -0.25 -1.95 -0.9 -0.25 -1.1 -0.9 -0.25 -1.25 -0.4 -0.25 -2.1
4 0 -1.425 -0.25 -2.275 -1.2 -0.25 -2.25 -0.4 -0.25 -2.1 -0.9 -0.25 -1.25
4 0 -0.9 -0.25 -1.25 -1.9 -0.25 -1.9 -1.6 -0.25 -2.4 -1.425 -0.25 -2.275
4 0 -2.05 -0.25 -2.05 -1.8 -0.25 -2.45 -1.6 -0.25 -2.4 -1.9 -0.25 -1.9
4 0 -2.1 -0.25 -2.2 -2 -0.25 -2.4 -1.8 -0.25 -2.45 -2.05 -0.25 -2.05
3 0 -0.4 -0.25 -2.1 -1.2 -0.25 -2.25 -1.025 -0.25 -3
4 0 -1.2 -0.25 -2.25 -1.45 -0.25 -2.5 -1.6 -0.25 -2.75 -1.025 -0.25 -3
3 0 -1.6 -0.25 -2.75 -1.65 -0.25 -3 -1.025 -0.25 -3
4 0 -1.5 -0.25 -3.2 -1.25 -0.25 -3.2 -1.025 -0.25 -3 -1.65 -0.25 -3
3 14 -1.1 -0.25 -0.3 -2.15 -0.25 -0.3 -1.2 -0.25 -0.55
3 14 -2.15 -0.25 -0.3 -1.2 -0.25 -0.8 -1.2 -0.25 -0.55
4 14 -2.05 -0.25 -2.05 -1.9 -0.25 -1.9 -1.2 -0.25 -0.8 -2.15 -0.25 -0.3
3 14 -1.2 -0.25 -0.8 -1.9 -0.25 -1.9 -1.1 -0.25 -0.95
4 14 -1.1 -0.25 -0.95 -1.9 -0.25 -1.9 -0.9 -0.25 -1.25 -0.9 -0.25 -1.1
3 14 -0.3 -0.25 -0.55 -0.35 -0.25 -0.8 0.05 -0.25 -0.85
3 14 2.1 -0.25 -0.3 -0.4 -0.25 -0.3 -0.3 -0.25 -0.55
4 14 -0.3 -0.25 -0.55 0.05 -0.25 -0.85 0.55 -0.25 -1.075 2.1 -0.25 -0.3
3 14 2.1 -0.25 -0.3 0.55 -0.25 -1.075 0.9 -0.25 -1.35
3 14 2.1 -0.25 -0.3 0.9 -0.25 -1.35 1.15 -0.25 -1.75
3 14 2.1 -0.25 -0.3 1.15 -0.25 -1.75 1.225 -0.25 -2.175
4 14 2.1 -0.25 -0.3 1.225 -0.25 -2.175 1.2 -0.25 -2.45 1.75 -0.25 -2.9
4 14 1.75 -0.25 -2.9 1.2 -0.25 -2.45 1.2 -0.25 -2.7 1.35 -0.25 -2.85
4 14 1.75 -0.25 -3.4 1.8 -0.25 -3.55 1.975 -0.25 -3.75 1.9 -0.25 -3.25
4 14 0.2 -0.25 -2.3 0.2 -0.25 -2.1 0.05 -0.25 -1.95 -0.2 -0.25 -1.95
4 14 0.1 -0.25 -2.65 0.2 -0.25 -2.3 -0.2 -0.25 -1.95 -0.4 -0.25 -2.1
3 14 -0.4 -0.25 -2.1 -1.025 -0.25 -3 0.1 -0.25 -2.65
4 14 -1.25 -0.25 -3.2 -0.2 -0.25 -3.25 0.1 -0.25 -2.65 -1.025 -0.25 -3
4 14 -1.5 -0.25 -3.2 -0.25 -0.25 -3.55 -0.2 -0.25 -3.25 -1.25 -0.25 -3.2
4 14 -1.6 -0.25 -2.75 -1.45 -0.25 -2.5 -1.425 -0.25 -2.275 -1.6 -0.25 -2.4
3 14 -1.2 -0.25 -2.25 -1.425 -0.25 -2.275 -1.45 -0.25 -2.5
4 14 -1.65 -0.25 -3 -1.6 -0.25 -2.75 -1.6 -0.25 -2.4 -1.8 -0.25 -2.45
3 0 1.975 -0.25 -3.75 1.375 -0.25 -3.875 1.65 -0.25 -4.125
4 14 2.1 -0.25 0.9 0.3696 -0.25 4.3531 -0.3695 -0.25 4.3531 -2.15 -0.25 0.9
3 14 0.3696 -0.25 4.3531 2.1 -0.25 0.9 5.0696 -0.25 -3.8469
4 14 2.1 -0.25 0.9 2.1 -0.25 -0.3 4.7 -0.25 -4.4 5.0696 -0.25 -3.8469
4 14 1.75 -0.25 -2.9 1.9 -0.25 -3.05 4.7 -0.25 -4.4 2.1 -0.25 -0.3
3 14 1.9 -0.25 -3.05 1.9 -0.25 -3.25 4.7 -0.25 -4.4
4 14 1.975 -0.25 -3.75 2.2 -0.25 -4 4.7 -0.25 -4.4 1.9 -0.25 -3.25
3 14 2.2 -0.25 -4 2.375 -0.25 -4.4 4.7 -0.25 -4.4
3 14 -0.3695 -0.25 4.3531 -5.0696 -0.25 -3.8469 -2.15 -0.25 0.9
4 14 -4.7 -0.25 -4.4 -2.15 -0.25 -0.3 -2.15 -0.25 0.9 -5.0696 -0.25 -3.8469
4 14 -4.7 -0.25 -4.4 -2.1 -0.25 -2.2 -2.05 -0.25 -2.05 -2.15 -0.25 -0.3
3 14 -2.1 -0.25 -2.2 -4.7 -0.25 -4.4 -2 -0.25 -2.4
4 14 -1.8 -0.25 -2.45 -2 -0.25 -2.4 -4.7 -0.25 -4.4 -1.65 -0.25 -3
3 14 -1.65 -0.25 -3 -4.7 -0.25 -4.4 -1.5 -0.25 -3.2
4 14 -1.5 -0.25 -3.2 -4.7 -0.25 -4.4 -0.15 -0.25 -3.7 -0.25 -0.25 -3.55
3 14 -0.15 -0.25 -3.7 -4.7 -0.25 -4.4 0.05 -0.25 -3.8
4 14 0.6 -0.25 -3.6 0.25 -0.25 -3.75 1.375 -0.25 -3.875 0.95 -0.25 -3.65
4 14 1.375 -0.25 -3.875 0.25 -0.25 -3.75 1.775 -0.25 -4.4 1.65 -0.25 -4.125
3 14 0.25 -0.25 -3.75 0.05 -0.25 -3.8 1.775 -0.25 -4.4
3 14 0.05 -0.25 -3.8 -4.7 -0.25 -4.4 1.775 -0.25 -4.4
4 0 -4.7 -0.25 -4.4 -4.7 -0.25 -4.8 4.7 -0.25 -4.8 1.775 -0.25 -4.4
3 0 2.375 -0.25 -4.4 1.775 -0.25 -4.4 4.7 -0.25 -4.8
3 0 2.375 -0.25 -4.4 4.7 -0.25 -4.8 4.7 -0.25 -4.4
1 0 -4.7 -0.25 -4 -0.36955 0 -0.15307 0 1 0 0.15307 0 -0.36955 5-16ring1.dat
1 0 4.7 -0.25 -4 0.36955 0 0.15307 0 1 0 0.15307 0 -0.36955 5-16ring1.dat

4 14 -.25 -.25 .65 -.25 -.25 .3 .05 -.25 .3 .05 -.25 .65
3 14 -.25 -.25 .3 -.35 -.25 .3 -.1 -.25 .1
3 14 .05 -.25 .3 -.25 -.25 .3 -.1 -.25 .1
3 14 .15 -.25 .3 .05 -.25 .3 -.1 -.25 .1
4 0 -.25 -.25 .65 .05 -.25 .65 2.1 -.25 .9 -2.15 -.25 .9
3 0 .05 -.25 .65 .05 -.25 .3 .15 -.25 .3
4 0 2.1 -.25 -.3 2.1 -.25 .9 .05 -.25 .65 .15 -.25 .3
4 0 -2.15 -.25 .9 -.35 -.25 .3 -.25 -.25 .3 -.25 -.25 .65
4 0 -2.15 -.25 .9 -2.15 -.25 -.3 -1.1 -.25 -.3 -.35 -.25 .3
4 0 -.1 -.25 .1 -.35 -.25 .3 -1.1 -.25 -.3 -.4 -.25 -.3
4 0 -.4 -.25 -.3 2.1 -.25 -.3 .15 -.25 .3 -.1 -.25 .1

1 16 -6.5 0 6.5 0 0 -1 0 -1 0 1 0 0 1-4chrd.dat
1 16 6.5 0 6.5 1 0 0 0 -1 0 0 0 1 1-4chrd.dat
1 16 6.5 0 -6.5 0 0 1 0 -1 0 -1 0 0 1-4chrd.dat
1 16 -6.5 0 -6.5 -1 0 0 0 -1 0 0 0 -1 1-4chrd.dat
4 16 7.5 0 6.5 -7.5 0 6.5 -6.5 0 7.5 6.5 0 7.5
4 16 7.5 0 -6.5 -7.5 0 -6.5 -7.5 0 6.5 7.5 0 6.5
4 16 -6.5 0 -7.5 -7.5 0 -6.5 7.5 0 -6.5 6.5 0 -7.5

1 16 -6.5 -0.25 6.5 0 0 -1 0 0.25 0 1 0 0 1-4cyli.dat
1 16 6.5 -0.25 6.5 1 0 0 0 0.25 0 0 0 1 1-4cyli.dat
1 16 6.5 -0.25 -6.5 0 0 1 0 0.25 0 -1 0 0 1-4cyli.dat
1 16 -6.5 -0.25 -6.5 -1 0 0 0 0.25 0 0 0 -1 1-4cyli.dat
4 16 -6.5 -0.25 -7.5 -6.5 0 -7.5 6.5 0 -7.5 6.5 -0.25 -7.5
4 16 7.5 -0.25 6.5 7.5 -0.25 -6.5 7.5 0 -6.5 7.5 0 6.5
4 16 -6.5 -0.25 7.5 6.5 -0.25 7.5 6.5 0 7.5 -6.5 0 7.5
4 16 -7.5 -0.25 -6.5 -7.5 -0.25 6.5 -7.5 0 6.5 -7.5 0 -6.5
