0 Sticker  0.7 x  0.7 with Black Exclamation Mark on Yellow Background
0 Name: 6155286u.dat
0 Author: Evert-Jan Boer [ejboer]
0 !LDRAW_ORG Unofficial_Part 
0 !LICENSE Redistributable under CCAL version 2.0 : see CAreadme.txt

0 BFC CERTIFY CCW

0 !KEYWORDS Bucket Wheel Excavator, Set 42055


1 0 0 -.25 1.7 .6 0 0 0 1 0 0 0 .6 2-4disc.dat
1 0 0 -.25 -1.7 -.4 0 0 0 1 0 0 0 -.4 2-4disc.dat
1 0 0 -.25 -3.1 .6 0 0 0 1 0 0 0 .6 4-4disc.dat
1 14 0 -.25 -3.1 .6 0 0 0 1 0 0 0 .6 4-4ndis.dat
1 14 0 -.25 1.7 .6 0 0 0 1 0 0 0 .6 2-4ndis.dat
1 14 0 -.25 -1.7 -.4 0 0 0 1 0 0 0 -.4 2-4ndis.dat
1 0 -4.7 -.25 -4 -.36955 0 -.15307 0 1 0 .15307 0 -.36955 5-16rin2.dat
1 0 -4.7 -.25 -4 -.36955 0 -.15307 0 1 0 .15307 0 -.36955 5-16ring1.dat
1 0 4.7 -.25 -4 .36955 0 .15307 0 1 0 .15307 0 -.36955 5-16rin2.dat
1 0 4.7 -.25 -4 .36955 0 .15307 0 1 0 .15307 0 -.36955 5-16ring1.dat
1 14 -6.5 -.25 6.5 0 0 -1 0 1 0 1 0 0 1-4chrd.dat
1 14 6.5 -.25 6.5 1 0 0 0 1 0 0 0 1 1-4chrd.dat
1 14 6.5 -.25 -6.5 0 0 1 0 1 0 -1 0 0 1-4chrd.dat
1 14 -6.5 -.25 -6.5 -1 0 0 0 1 0 0 0 -1 1-4chrd.dat
1 14 -4.7 -.25 -4 -.36955 0 -.15307 0 1 0 .15307 0 -.36955 5-16chrd.dat
1 14 4.7 -.25 -4 .36955 0 .15307 0 1 0 .15307 0 -.36955 5-16chrd.dat
1 0 0 -.25 4.2 .36955 0 -.15307 0 1 0 .15307 0 .36955 3-8ring2.dat
1 0 0 -.25 4.2 .36955 0 -.15307 0 1 0 .15307 0 .36955 3-8ring1.dat
1 14 0 -.25 4.2 .36955 0 -.15307 0 1 0 .15307 0 .36955 3-8chrd.dat
4 0 0 -.25 1.7 -.6 -.25 1.7 -.4 -.25 -1.7 0 -.25 -1.7
4 0 0 -.25 1.7 0 -.25 -1.7 .4 -.25 -1.7 .6 -.25 1.7
3 14 5.5486 -.25 -4.8485 5.1592 -.25 -5.1087 7.5 -.25 -6.5
4 14 4.7 -.25 -5.2 6.5 -.25 -7.5 7.5 -.25 -6.5 5.1592 -.25 -5.1087
3 14 5.8086 -.25 -4.4592 5.5486 -.25 -4.8485 7.5 -.25 -6.5
3 14 5.9 -.25 -4 5.8086 -.25 -4.4592 7.5 -.25 -6.5
4 14 7.5 -.25 6.5 5.8087 -.25 -3.5408 5.9 -.25 -4 7.5 -.25 -6.5
4 14 -5.9 -.25 -4 -5.8087 -.25 -3.5408 -7.5 -.25 6.5 -7.5 -.25 -6.5
4 14 -7.5 -.25 -6.5 -6.5 -.25 -7.5 -5.8086 -.25 -4.4592 -5.9 -.25 -4
3 14 -5.8086 -.25 -4.4592 -6.5 -.25 -7.5 -5.5486 -.25 -4.8485
3 14 -5.5486 -.25 -4.8485 -6.5 -.25 -7.5 -5.1592 -.25 -5.1087
4 14 0 -.25 -2.5 0 -.25 -2.1 -.4 -.25 -2.1 -.6 -.25 -2.5
4 14 .4 -.25 -2.1 0 -.25 -2.1 0 -.25 -2.5 .6 -.25 -2.5
4 0 4.7 -.25 -4.8 -4.7 -.25 -4.8 -4.7 -.25 -5.2 4.7 -.25 -5.2
4 0 4.7 -.25 -4.4 -4.7 -.25 -4.4 -4.7 -.25 -4.8 4.7 -.25 -4.8
4 0 -5.8087 -.25 -3.5408 -5.4391 -.25 -3.6939 -.7391 -.25 4.5061 -1.1086 -.25 4.6592
4 0 .7391 -.25 4.5061 5.4391 -.25 -3.6939 5.8087 -.25 -3.5408 1.1087 -.25 4.6592
3 14 7.5 -.25 6.5 1.1087 -.25 4.6592 5.8087 -.25 -3.5408
4 14 -5.8087 -.25 -3.5408 -1.1086 -.25 4.6592 -6.5 -.25 7.5 -7.5 -.25 6.5
3 14 -6.5 -.25 7.5 -1.1086 -.25 4.6592 -.8486 -.25 5.0485
3 14 -6.5 -.25 7.5 -.8486 -.25 5.0485 -.4592 -.25 5.3087
4 14 6.5 -.25 7.5 -6.5 -.25 7.5 -.4592 -.25 5.3087 0 -.25 5.4
3 14 6.5 -.25 7.5 0 -.25 5.4 .4592 -.25 5.3086
4 14 .4592 -.25 5.3086 .8485 -.25 5.0486 7.5 -.25 6.5 6.5 -.25 7.5
3 14 7.5 -.25 6.5 .8485 -.25 5.0486 1.1087 -.25 4.6592
4 14 -.6 -.25 -3.1 -.6 -.25 -2.5 -5.0696 -.25 -3.8469 -4.7 -.25 -4.4
3 14 -.6 -.25 -3.1 -4.7 -.25 -4.4 -.6 -.25 -3.7
3 14 .6 -.25 -2.5 .6 -.25 -3.1 5.0696 -.25 -3.8469
4 14 .6 -.25 -3.7 4.7 -.25 -4.4 5.0696 -.25 -3.8469 .6 -.25 -3.1
4 14 4.7 -.25 -4.4 0 -.25 -3.7 -.6 -.25 -3.7 -4.7 -.25 -4.4
3 14 .6 -.25 -3.7 0 -.25 -3.7 4.7 -.25 -4.4
4 14 -.6 -.25 -2.5 -.4 -.25 -2.1 -.4 -.25 -1.7 -5.0696 -.25 -3.8469
3 14 -.6 -.25 1.7 -5.0696 -.25 -3.8469 -.4 -.25 -1.7
4 14 .6 -.25 -2.5 5.0696 -.25 -3.8469 .4 -.25 -1.7 .4 -.25 -2.1
3 14 .6 -.25 1.7 .4 -.25 -1.7 5.0696 -.25 -3.8469
3 14 .6 -.25 2.3 .6 -.25 1.7 5.0696 -.25 -3.8469
3 14 -.6 -.25 2.3 -5.0696 -.25 -3.8469 -.6 -.25 1.7
4 0 -5.4391 -.25 -3.6939 -5.0696 -.25 -3.8469 -.3695 -.25 4.3531 -.7391 -.25 4.5061
4 0 5.4391 -.25 -3.6939 .7391 -.25 4.5061 .3696 -.25 4.3531 5.0696 -.25 -3.8469
3 14 -.3695 -.25 4.3531 -5.0696 -.25 -3.8469 -.6 -.25 2.3
3 14 -.3695 -.25 4.3531 -.6 -.25 2.3 0 -.25 2.3
4 14 .3696 -.25 4.3531 -.3695 -.25 4.3531 0 -.25 2.3 .6 -.25 2.3
3 14 .3696 -.25 4.3531 .6 -.25 2.3 5.0696 -.25 -3.8469
3 14 -5.1592 -.25 -5.1087 -6.5 -.25 -7.5 -4.7 -.25 -5.2
4 14 4.7 -.25 -5.2 -4.7 -.25 -5.2 -6.5 -.25 -7.5 6.5 -.25 -7.5

1 16 -6.5 0 6.5 0 0 -1 0 -1 0 1 0 0 1-4chrd.dat
1 16 6.5 0 6.5 1 0 0 0 -1 0 0 0 1 1-4chrd.dat
1 16 6.5 0 -6.5 0 0 1 0 -1 0 -1 0 0 1-4chrd.dat
1 16 -6.5 0 -6.5 -1 0 0 0 -1 0 0 0 -1 1-4chrd.dat
4 16 7.5 0 6.5 -7.5 0 6.5 -6.5 0 7.5 6.5 0 7.5
4 16 7.5 0 -6.5 -7.5 0 -6.5 -7.5 0 6.5 7.5 0 6.5
4 16 -6.5 0 -7.5 -7.5 0 -6.5 7.5 0 -6.5 6.5 0 -7.5

1 16 -6.5 -.25 6.5 0 0 -1 0 .25 0 1 0 0 1-4cyli.dat
1 16 6.5 -.25 6.5 1 0 0 0 .25 0 0 0 1 1-4cyli.dat
1 16 6.5 -.25 -6.5 0 0 1 0 .25 0 -1 0 0 1-4cyli.dat
1 16 -6.5 -.25 -6.5 -1 0 0 0 .25 0 0 0 -1 1-4cyli.dat
4 16 -6.5 -.25 -7.5 -6.5 0 -7.5 6.5 0 -7.5 6.5 -.25 -7.5
4 16 7.5 -.25 6.5 7.5 -.25 -6.5 7.5 0 -6.5 7.5 0 6.5
4 16 -6.5 -.25 7.5 6.5 -.25 7.5 6.5 0 7.5 -6.5 0 7.5
4 16 -7.5 -.25 -6.5 -7.5 -.25 6.5 -7.5 0 6.5 -7.5 0 -6.5
