0 Sticker  4.3 x  6.8 Trapezium with Yellow "MKIII", Dark Blue and Yellow Stripes Sloped Left
0 Name: 6155286g.dat
0 Author: Evert-Jan Boer [ejboer]
0 !LDRAW_ORG Unofficial_Part 
0 !LICENSE Redistributable under CCAL version 2.0 : see CAreadme.txt

0 BFC CERTIFY CCW

0 !KEYWORDS Bucket Wheel Excavator, Set 42055


1 15 -67.75 -.25 -28.5 -1 0 0 0 1 0 0 0 -1 1-4chrd.dat
1 15 -59 -.25 -30.5 1 0 0 0 -1 0 0 0 1 1-4ndis.dat
1 15 67.75 -.25 -28.5 0 0 1 0 1 0 -1 0 0 1-4chrd.dat
1 15 59 -.25 -30.5 0 0 -1 0 1 0 1 0 0 1-4ndis.dat
1 15 57 -.25 -42.75 0 0 1 0 1 0 -1 0 0 1-4chrd.dat
1 15 -57 -.25 -42.75 -1 0 0 0 1 0 0 0 -1 1-4chrd.dat
1 15 -67.75 -.25 9.2 -1 0 0 0 1 0 0 0 1 3-16chrd.dat
1 15 67.75 -.25 42.5 1 0 0 0 1 0 0 0 1 5-16chrd.dat
4 272 48.7 -.25 5.4 48.7 -.25 -9.3 68.75 -.25 -9.3 68.75 -.25 5.4
4 272 -46.4 -.25 5.4 -68.75 -.25 5.4 -68.75 -.25 -9.3 -46.4 -.25 -9.3
4 15 68.75 -.25 -13.5 68.75 -.25 -9.3 48.7 -.25 -9.3 47.6 -.25 -10.7
3 272 -68.75 -.25 -20.5 -68.75 -.25 -27.5 -58 -.25 -27.5
4 0 68.75 -.25 -15 0 -.25 -13.5 -68.75 -.25 -13.5 -68.75 -.25 -15
3 272 68.75 -.25 -20.5 58 -.25 -27.5 68.75 -.25 -27.5
3 0 68.75 -.25 -13.5 0 -.25 -13.5 68.75 -.25 -15
4 15 -68.75 -.25 -9.3 -68.75 -.25 -13.5 -45.3 -.25 -10.7 -46.4 -.25 -9.3
3 15 -36.6 -.25 -10.7 -45.3 -.25 -10.7 -68.75 -.25 -13.5
4 15 -23 -.25 -10.7 -36.6 -.25 -10.7 -68.75 -.25 -13.5 0 -.25 -13.5
3 15 2.3 -.25 -10.7 -3.5 -.25 -10.7 0 -.25 -13.5
3 15 -3.5 -.25 -10.7 -12.4 -.25 -10.7 0 -.25 -13.5
3 15 -12.4 -.25 -10.7 -14.3 -.25 -10.7 0 -.25 -13.5
3 15 -14.3 -.25 -10.7 -23 -.25 -10.7 0 -.25 -13.5
3 15 15.6 -.25 -10.7 2.3 -.25 -10.7 0 -.25 -13.5
3 15 20.5 -.25 -10.7 15.6 -.25 -10.7 0 -.25 -13.5
4 14 -33.1 -.25 10 -43.7 -.25 10 -37.3 -.25 5.2 -29.8 -.25 2.8
3 14 -43.7 -.25 10 -38.2 -.25 5.2 -37.3 -.25 5.2
4 14 -43.7 -.25 10 -43.7 -.25 -9.2 -38.2 -.25 -9.2 -38.2 -.25 5.2
4 0 -44.1 -.25 10.4 -43.7 -.25 10 -33.1 -.25 10 -32.7 -.25 10.4
4 0 -33.1 -.25 10 -29.8 -.25 2.8 -29.8 -.25 3.8 -32.7 -.25 10.4
4 0 -37.3 -.25 5.2 -38.2 -.25 5.2 -37.8 -.25 4.8 -37.6 -.25 4.8
4 0 -37.3 -.25 5.2 -37.6 -.25 4.8 -33.8 -.25 -2.4 -33.4 -.25 -2
4 0 -37.8 -.25 -9.6 -37.8 -.25 4.8 -38.2 -.25 5.2 -38.2 -.25 -9.2
4 0 -43.7 -.25 -9.2 -44.1 -.25 -9.6 -37.8 -.25 -9.6 -38.2 -.25 -9.2
4 0 -43.7 -.25 -9.2 -43.7 -.25 10 -44.1 -.25 10.4 -44.1 -.25 -9.6
4 272 -44.1 -.25 -9.6 -44.1 -.25 10.4 -45.3 -.25 11.5 -45.3 -.25 -10.7
4 272 -36.6 -.25 -10.7 -37.8 -.25 -9.6 -44.1 -.25 -9.6 -45.3 -.25 -10.7
4 272 -37.8 -.25 -9.6 -36.6 -.25 -10.7 -36.6 -.25 .9 -37.8 -.25 4.8
3 272 -37.6 -.25 4.8 -37.8 -.25 4.8 -33.8 -.25 -2.4
4 272 -34.5 -.25 -3.4 -33.8 -.25 -2.4 -37.8 -.25 4.8 -36.6 -.25 .9
4 272 -45.3 -.25 11.5 -44.1 -.25 10.4 -32.7 -.25 10.4 -32.1 -.25 11.5
4 272 -29.8 -.25 6 -32.1 -.25 11.5 -32.7 -.25 10.4 -29.8 -.25 3.8
4 14 -22.3 -.25 5.2 -26.5 -.25 10 -29.8 -.25 2.8 -26.2 -.25 -2
4 14 -22.3 -.25 5.2 -21.4 -.25 5.2 -15.9 -.25 10 -26.5 -.25 10
4 14 -21.4 -.25 -9.2 -15.9 -.25 -9.2 -15.9 -.25 10 -21.4 -.25 5.2
4 0 -26.5 -.25 10 -15.9 -.25 10 -15.5 -.25 10.4 -26.9 -.25 10.4
4 0 -26.5 -.25 10 -26.9 -.25 10.4 -29.8 -.25 3.8 -29.8 -.25 2.8
4 0 -21.8 -.25 4.8 -21.4 -.25 5.2 -22.3 -.25 5.2 -22 -.25 4.8
4 0 -25.8 -.25 -2.4 -22 -.25 4.8 -22.3 -.25 5.2 -26.2 -.25 -2
4 0 -21.4 -.25 5.2 -21.8 -.25 4.8 -21.8 -.25 -9.6 -21.4 -.25 -9.2
4 0 -21.8 -.25 -9.6 -15.5 -.25 -9.6 -15.9 -.25 -9.2 -21.4 -.25 -9.2
4 0 -15.9 -.25 -9.2 -15.5 -.25 -9.6 -15.5 -.25 10.4 -15.9 -.25 10
4 272 -15.5 -.25 -9.6 -14.3 -.25 -10.7 -14.3 -.25 11.5 -15.5 -.25 10.4
4 272 -15.5 -.25 -9.6 -21.8 -.25 -9.6 -23 -.25 -10.7 -14.3 -.25 -10.7
4 272 -23 -.25 .9 -23 -.25 -10.7 -21.8 -.25 -9.6 -21.8 -.25 4.8
3 272 -21.8 -.25 4.8 -22 -.25 4.8 -25.8 -.25 -2.4
4 272 -21.8 -.25 4.8 -25.8 -.25 -2.4 -25.1 -.25 -3.4 -23 -.25 .9
4 272 -14.3 -.25 11.5 -27.5 -.25 11.5 -26.9 -.25 10.4 -15.5 -.25 10.4
4 272 -29.8 -.25 6 -29.8 -.25 3.8 -26.9 -.25 10.4 -27.5 -.25 11.5
4 0 -5.1 -.25 2.8 -4.7 -.25 3.7 -4.7 -.25 10.4 -5.1 -.25 10
4 272 -3.5 -.25 11.5 -4.7 -.25 10.4 -4.7 -.25 3.7 -3.5 -.25 6.3
4 0 -5.1 -.25 10 -4.7 -.25 10.4 -11.2 -.25 10.4 -10.8 -.25 10
4 272 -3.5 -.25 11.5 -12.4 -.25 11.5 -11.2 -.25 10.4 -4.7 -.25 10.4
4 0 2.5 -.25 10.4 2.8 -.25 10 11.7 -.25 10 12.9 -.25 10.4
4 272 12.9 -.25 10.4 15.6 -.25 11.5 2.3 -.25 11.5 2.5 -.25 10.4
4 272 -4.7 -.25 3.7 2.5 -.25 10.4 2.3 -.25 11.5 -3.5 -.25 6.3
4 0 -5.1 -.25 2.8 2.8 -.25 10 2.5 -.25 10.4 -4.7 -.25 3.7
4 0 11.7 -.25 10 .6 -.25 .4 1.3 -.25 .4 12.9 -.25 10.4
4 272 12.9 -.25 10.4 1.3 -.25 .4 3 -.25 .4 15.6 -.25 11.5
4 14 -5.1 -.25 -2 .6 -.25 .4 11.7 -.25 10 -5.1 -.25 2.8
3 14 11.7 -.25 10 2.8 -.25 10 -5.1 -.25 2.8
4 0 -4.7 -.25 -9.6 -4.7 -.25 -2.9 -5.1 -.25 -2 -5.1 -.25 -9.2
4 272 -3.5 -.25 -10.7 -3.5 -.25 -5.5 -4.7 -.25 -2.9 -4.7 -.25 -9.6
4 0 -11.2 -.25 -9.6 -4.7 -.25 -9.6 -5.1 -.25 -9.2 -10.8 -.25 -9.2
4 272 -3.5 -.25 -10.7 -4.7 -.25 -9.6 -11.2 -.25 -9.6 -12.4 -.25 -10.7
4 0 2.5 -.25 -9.6 12.9 -.25 -9.6 11.7 -.25 -9.2 2.8 -.25 -9.2
4 272 12.9 -.25 -9.6 2.5 -.25 -9.6 2.3 -.25 -10.7 15.6 -.25 -10.7
4 272 -4.7 -.25 -2.9 -3.5 -.25 -5.5 2.3 -.25 -10.7 2.5 -.25 -9.6
4 0 -5.1 -.25 -2 -4.7 -.25 -2.9 2.5 -.25 -9.6 2.8 -.25 -9.2
4 0 11.7 -.25 -9.2 12.9 -.25 -9.6 1.3 -.25 .4 .6 -.25 .4
4 272 3 -.25 .4 1.3 -.25 .4 12.9 -.25 -9.6 15.6 -.25 -10.7
4 14 .6 -.25 .4 -5.1 -.25 -2 2.8 -.25 -9.2 11.7 -.25 -9.2
4 0 21.7 -.25 10.4 22.1 -.25 10 28.2 -.25 10 28.6 -.25 10.4
4 0 21.7 -.25 -9.6 28.6 -.25 -9.6 28.2 -.25 -9.2 22.1 -.25 -9.2
4 272 20.5 -.25 -10.7 21.7 -.25 -9.6 21.7 -.25 10.4 20.5 -.25 11.5
4 0 22.1 -.25 -9.2 22.1 -.25 10 21.7 -.25 10.4 21.7 -.25 -9.6
4 0 28.6 -.25 -9.6 28.6 -.25 10.4 28.2 -.25 10 28.2 -.25 -9.2
4 14 22.1 -.25 -9.2 28.2 -.25 -9.2 28.2 -.25 10 22.1 -.25 10
4 0 37 -.25 10 37.4 -.25 10.4 30.5 -.25 10.4 30.9 -.25 10
4 0 37 -.25 -9.2 30.9 -.25 -9.2 30.5 -.25 -9.6 37.4 -.25 -9.6
4 0 30.9 -.25 -9.2 30.9 -.25 10 30.5 -.25 10.4 30.5 -.25 -9.6
4 0 37.4 -.25 -9.6 37.4 -.25 10.4 37 -.25 10 37 -.25 -9.2
4 14 30.9 -.25 -9.2 37 -.25 -9.2 37 -.25 10 30.9 -.25 10
4 0 46 -.25 10 46.4 -.25 10.4 39.5 -.25 10.4 39.9 -.25 10
4 0 39.5 -.25 -9.6 46.4 -.25 -9.6 46 -.25 -9.2 39.9 -.25 -9.2
4 0 39.9 -.25 -9.2 39.9 -.25 10 39.5 -.25 10.4 39.5 -.25 -9.6
4 0 46 -.25 10 46 -.25 -9.2 46.4 -.25 -9.6 46.4 -.25 10.4
4 14 46 -.25 10 39.9 -.25 10 39.9 -.25 -9.2 46 -.25 -9.2
4 272 28.6 -.25 -9.6 30.5 -.25 -9.6 30.5 -.25 10.4 28.6 -.25 10.4
4 272 37.4 -.25 -9.6 39.5 -.25 -9.6 39.5 -.25 10.4 37.4 -.25 10.4
3 272 20.5 -.25 11.5 21.7 -.25 10.4 28.6 -.25 10.4
3 272 47.6 -.25 11.5 39.5 -.25 10.4 46.4 -.25 10.4
4 272 46.4 -.25 -9.6 47.6 -.25 -10.7 47.6 -.25 11.5 46.4 -.25 10.4
3 272 28.6 -.25 -9.6 21.7 -.25 -9.6 20.5 -.25 -10.7
4 272 4.7 -.25 .5 16.1 -.25 -9.3 19.3 -.25 5.4 10.5 -.25 5.4
3 272 19.3 -.25 5.4 16.1 -.25 -9.3 19.3 -.25 -9.3
3 272 -2.7 -.25 -7.3 -2.7 -.25 -9.3 -.2 -.25 -9.3
3 272 -35.6 -.25 -3.4 -35.6 -.25 -9.4 -35.1 -.25 -4.5
3 272 -24 -.25 -3.4 -24.5 -.25 -4.5 -24 -.25 -9.4
3 15 -27.5 -.25 11.5 -32.1 -.25 11.5 -29.8 -.25 6
3 15 2.3 -.25 11.5 -3.5 -.25 11.5 -3.5 -.25 6.3
4 15 15.6 -.25 11.5 10.5 -.25 5.4 19.3 -.25 5.4 20.5 -.25 11.5
4 15 20.5 -.25 11.5 19.3 -.25 5.4 19.3 -.25 -9.3 20.5 -.25 -10.7
4 15 16.1 -.25 -9.3 15.6 -.25 -10.7 20.5 -.25 -10.7 19.3 -.25 -9.3
4 15 4.7 -.25 .5 3 -.25 .4 15.6 -.25 -10.7 16.1 -.25 -9.3
4 15 3 -.25 .4 4.7 -.25 .5 10.5 -.25 5.4 15.6 -.25 11.5
4 15 -3.5 -.25 -5.5 -3.5 -.25 -10.7 -2.7 -.25 -9.3 -2.7 -.25 -7.3
4 15 -3.5 -.25 -5.5 -2.7 -.25 -7.3 -.2 -.25 -9.3 2.3 -.25 -10.7
4 15 2.3 -.25 -10.7 -.2 -.25 -9.3 -2.7 -.25 -9.3 -3.5 -.25 -10.7
4 15 -24 -.25 -3.4 -24 -.25 -9.4 -23 -.25 -10.7 -23 -.25 .9
4 15 -25.1 -.25 -3.4 -24.5 -.25 -4.5 -24 -.25 -3.4 -23 -.25 .9
4 15 -34.5 -.25 -3.4 -36.6 -.25 .9 -35.6 -.25 -3.4 -35.1 -.25 -4.5
4 15 -36.6 -.25 -10.7 -35.6 -.25 -9.4 -35.6 -.25 -3.4 -36.6 -.25 .9
4 15 -46.4 -.25 5.4 -46.4 -.25 -9.3 -45.3 -.25 -10.7 -45.3 -.25 11.5
4 15 48.7 -.25 5.4 47.6 -.25 11.5 47.6 -.25 -10.7 48.7 -.25 -9.3
4 0 -33.4 -.25 -2 -33.8 -.25 -2.4 -25.8 -.25 -2.4 -26.2 -.25 -2
4 272 -25.8 -.25 -2.4 -33.8 -.25 -2.4 -34.5 -.25 -3.4 -25.1 -.25 -3.4
4 14 -33.4 -.25 -2 -26.2 -.25 -2 -29.8 -.25 2.8 -37.3 -.25 5.2
4 15 -34.5 -.25 -3.4 -35.1 -.25 -4.5 -24.5 -.25 -4.5 -25.1 -.25 -3.4
4 272 -24 -.25 -9.4 -24.5 -.25 -4.5 -35.1 -.25 -4.5 -35.6 -.25 -9.4
4 0 -11.2 -.25 10.4 -11.2 -.25 -9.6 -10.8 -.25 -9.2 -10.8 -.25 10
4 272 -11.2 -.25 -9.6 -11.2 -.25 10.4 -12.4 -.25 11.5 -12.4 -.25 -10.7
4 15 -12.4 -.25 11.5 -14.3 -.25 11.5 -14.3 -.25 -10.7 -12.4 -.25 -10.7
3 14 -5.1 -.25 10 -10.8 -.25 10 -5.1 -.25 2.8
4 14 -5.1 -.25 -2 -5.1 -.25 2.8 -10.8 -.25 10 -10.8 -.25 -9.2
3 14 -5.1 -.25 -2 -10.8 -.25 -9.2 -5.1 -.25 -9.2
3 272 47.6 -.25 11.5 30.5 -.25 10.4 37.4 -.25 10.4
4 272 28.6 -.25 10.4 30.5 -.25 10.4 47.6 -.25 11.5 20.5 -.25 11.5
3 272 47.6 -.25 11.5 37.4 -.25 10.4 39.5 -.25 10.4
4 272 28.6 -.25 -9.6 20.5 -.25 -10.7 47.6 -.25 -10.7 30.5 -.25 -9.6
3 272 37.4 -.25 -9.6 30.5 -.25 -9.6 47.6 -.25 -10.7
3 272 39.5 -.25 -9.6 37.4 -.25 -9.6 47.6 -.25 -10.7
3 272 46.4 -.25 -9.6 39.5 -.25 -9.6 47.6 -.25 -10.7
4 272 -58 -.25 -27.5 58 -.25 -27.5 68.75 -.25 -20.5 -68.75 -.25 -20.5
4 15 68.75 -.25 -13.5 47.6 -.25 -10.7 20.5 -.25 -10.7 0 -.25 -13.5
4 15 -68.75 -.25 -27.5 -68.75 -.25 -28.5 -67.75 -.25 -29.5 -58 -.25 -27.5
3 15 -58 -.25 -27.5 -67.75 -.25 -29.5 -59 -.25 -29.5
3 15 -58 -.25 -27.5 -59 -.25 -29.5 -58 -.25 -29.5
4 15 59 -.25 -29.5 67.75 -.25 -29.5 68.75 -.25 -28.5 58 -.25 -27.5
3 15 68.75 -.25 -27.5 58 -.25 -27.5 68.75 -.25 -28.5
4 15 58 -.25 -30.5 58 -.25 -29.5 -58 -.25 -29.5 -58 -.25 -30.5
4 15 58 -.25 -27.5 -58 -.25 -27.5 -58 -.25 -29.5 58 -.25 -29.5
3 15 58 -.25 -27.5 58 -.25 -29.5 59 -.25 -29.5
4 15 58 -.25 -30.5 -58 -.25 -30.5 -58 -.25 -42.75 58 -.25 -42.75
4 15 58 -.25 -42.75 -58 -.25 -42.75 -57 -.25 -43.75 57 -.25 -43.75
4 15 -68.1327 -.25 10.1239 -68.75 -.25 9.2 -68.75 -.25 5.4 -46.4 -.25 5.4
3 15 -45.3 -.25 11.5 -68.1327 -.25 10.1239 -46.4 -.25 5.4
4 15 20.5 -.25 11.5 47.6 -.25 11.5 68.75 -.25 42.5 67.3673 -.25 43.4239
4 15 48.7 -.25 5.4 68.75 -.25 5.4 68.75 -.25 42.5 47.6 -.25 11.5
3 15 67.3673 -.25 43.4239 15.6 -.25 11.5 20.5 -.25 11.5
3 15 67.3673 -.25 43.4239 2.3 -.25 11.5 15.6 -.25 11.5
3 15 67.3673 -.25 43.4239 -3.5 -.25 11.5 2.3 -.25 11.5
3 15 67.3673 -.25 43.4239 -12.4 -.25 11.5 -3.5 -.25 11.5
3 15 67.3673 -.25 43.4239 -68.1327 -.25 10.1239 -45.3 -.25 11.5
3 15 67.3673 -.25 43.4239 -45.3 -.25 11.5 -32.1 -.25 11.5
3 15 67.3673 -.25 43.4239 -32.1 -.25 11.5 -27.5 -.25 11.5
3 15 67.3673 -.25 43.4239 -27.5 -.25 11.5 -14.3 -.25 11.5
3 15 67.3673 -.25 43.4239 -14.3 -.25 11.5 -12.4 -.25 11.5
4 14 68.75 -.25 -20.5 68.75 -.25 -15 -68.75 -.25 -15 -68.75 -.25 -20.5
4 15 -24 -.25 -9.4 -35.6 -.25 -9.4 -36.6 -.25 -10.7 -23 -.25 -10.7

1 16 -67.75 0 -28.5 -1 0 0 0 -1 0 0 0 -1 1-4chrd.dat
1 16 -59 0 -30.5 1 0 0 0 -1 0 0 0 1 1-4ndis.dat
1 16 67.75 0 -28.5 0 0 1 0 -1 0 -1 0 0 1-4chrd.dat
1 16 59 0 -30.5 0 0 -1 0 -1 0 1 0 0 1-4ndis.dat
1 16 57 0 -42.75 0 0 1 0 -1 0 -1 0 0 1-4chrd.dat
1 16 -57 0 -42.75 -1 0 0 0 -1 0 0 0 -1 1-4chrd.dat
1 16 -67.75 0 9.2 -1 0 0 0 -1 0 0 0 1 3-16chrd.dat
1 16 67.75 0 42.5 1 0 0 0 -1 0 0 0 1 5-16chrd.dat
4 16 -67.75 0 -29.5 -68.75 0 -28.5 -68.75 0 9.2 -68.1327 0 10.1239
3 16 -67.75 0 -29.5 -68.1327 0 10.1239 -59 0 -29.5
4 16 -59 0 -29.5 -68.1327 0 10.1239 67.3673 0 43.4239 -58 0 -29.5
4 16 58 0 -29.5 -58 0 -29.5 67.3673 0 43.4239 68.75 0 42.5
3 16 58 0 -29.5 68.75 0 42.5 59 0 -29.5
4 16 68.75 0 -28.5 67.75 0 -29.5 59 0 -29.5 68.75 0 42.5
4 16 58 0 -30.5 -58 0 -30.5 -58 0 -29.5 58 0 -29.5
4 16 -58 0 -30.5 58 0 -30.5 58 0 -42.75 -58 0 -42.75
4 16 57 0 -43.75 -57 0 -43.75 -58 0 -42.75 58 0 -42.75

1 16 -67.75 -.25 -28.5 -1 0 0 0 .25 0 0 0 -1 1-4cyli.dat
0 BFC INVERTNEXT
1 16 -59 -.25 -30.5 1 0 0 0 .25 0 0 0 1 1-4cyli.dat
1 16 67.75 -.25 -28.5 0 0 1 0 .25 0 -1 0 0 1-4cyli.dat
0 BFC INVERTNEXT
1 16 59 -.25 -30.5 0 0 -1 0 .25 0 1 0 0 1-4cyli.dat
1 16 57 -.25 -42.75 0 0 1 0 .25 0 -1 0 0 1-4cyli.dat
1 16 -57 -.25 -42.75 -1 0 0 0 .25 0 0 0 -1 1-4cyli.dat
1 16 -67.75 -.25 9.2 -1 0 0 0 .25 0 0 0 1 3-16cyli.dat
1 16 67.75 -.25 42.5 1 0 0 0 .25 0 0 0 1 5-16cyli.dat
4 16 -58 0 -42.75 -58 -.25 -42.75 -58 -.25 -30.5 -58 0 -30.5
4 16 -59 -.25 -29.5 -67.75 -.25 -29.5 -67.75 0 -29.5 -59 0 -29.5
4 16 -68.75 0 -28.5 -68.75 -.25 -28.5 -68.75 -.25 9.2 -68.75 0 9.2
4 16 -68.1327 0 10.1239 -68.1327 -.25 10.1239 67.3673 -.25 43.4239 67.3673 0 43.4239
4 16 68.75 0 42.5 68.75 -.25 42.5 68.75 -.25 -28.5 68.75 0 -28.5
4 16 67.75 0 -29.5 67.75 -.25 -29.5 59 -.25 -29.5 59 0 -29.5
4 16 58 0 -30.5 58 -.25 -30.5 58 -.25 -42.75 58 0 -42.75
4 16 57 0 -43.75 57 -.25 -43.75 -57 -.25 -43.75 -57 0 -43.75
