0 Sticker  4.3 x  6.8 Trapezium with Yellow "MKIII", Dark Blue and Yellow Stripes Sloped Right
0 Name: 6155286f.dat
0 Author: Evert-Jan Boer [ejboer]
0 !LDRAW_ORG Unofficial_Part 
0 !LICENSE Redistributable under CCAL version 2.0 : see CAreadme.txt

0 BFC CERTIFY CCW

0 !KEYWORDS Bucket Wheel Excavator, Set 42055


1 15 -67.75 -0.25 -28.5 -1 0 0 0 1 0 0 0 -1 1-4chrd.dat
1 15 -56.95 -0.25 -42.7 -1 0 0 0 1 0 0 0 -1 1-4chrd.dat
1 15 -59 -0.25 -30.5 1 0 0 0 1 0 0 0 1 1-4ndis.dat
1 15 59 -0.25 -30.5 0 0 -1 0 1 0 1 0 0 1-4ndis.dat
1 15 57 -0.25 -42.75 0 0 1 0 1 0 -1 0 0 1-4chrd.dat
1 15 67.75 -0.25 -28.5 0 0 1 0 1 0 -1 0 0 1-4chrd.dat
1 15 -67.75 -0.25 42.5 0.25882 0 -0.96593 0 1 0 0.96593 0 0.25882 5-16chrd.dat
1 15 67.75 -0.25 9.2 1 0 0 0 1 0 0 0 1 3-16chrd.dat
4 14 -33.1 -0.25 2.8 -36.4 -0.25 10 -47 -0.25 10 -40.6 -0.25 5.2
3 14 -47 -0.25 10 -41.5 -0.25 5.2 -40.6 -0.25 5.2
4 14 -47 -0.25 -9.2 -41.5 -0.25 -9.2 -41.5 -0.25 5.2 -47 -0.25 10
4 0 -47 -0.25 10 -36.4 -0.25 10 -36 -0.25 10.4 -47.4 -0.25 10.4
4 0 -36 -0.25 10.4 -36.4 -0.25 10 -33.1 -0.25 2.8 -33.1 -0.25 3.8
4 0 -40.9 -0.25 4.8 -40.6 -0.25 5.2 -41.5 -0.25 5.2 -41.1 -0.25 4.8
4 0 -36.7 -0.25 -2 -40.6 -0.25 5.2 -40.9 -0.25 4.8 -37.1 -0.25 -2.4
4 0 -41.5 -0.25 -9.2 -41.1 -0.25 -9.6 -41.1 -0.25 4.8 -41.5 -0.25 5.2
4 0 -47.4 -0.25 -9.6 -41.1 -0.25 -9.6 -41.5 -0.25 -9.2 -47 -0.25 -9.2
4 0 -47 -0.25 10 -47.4 -0.25 10.4 -47.4 -0.25 -9.6 -47 -0.25 -9.2
4 272 -48.6 -0.25 -10.7 -47.4 -0.25 -9.6 -47.4 -0.25 10.4 -48.6 -0.25 11.5
4 272 -48.6 -0.25 -10.7 -39.9 -0.25 -10.7 -41.1 -0.25 -9.6 -47.4 -0.25 -9.6
4 272 -41.1 -0.25 4.8 -41.1 -0.25 -9.6 -39.9 -0.25 -10.7 -39.9 -0.25 0.9
4 272 -37.1 -0.25 -2.4 -40.9 -0.25 4.8 -41.1 -0.25 4.8 -39.9 -0.25 0.9
3 272 -39.9 -0.25 0.9 -37.8 -0.25 -3.4 -37.1 -0.25 -2.4
4 272 -47.4 -0.25 10.4 -36 -0.25 10.4 -35.4 -0.25 11.5 -48.6 -0.25 11.5
4 272 -35.4 -0.25 11.5 -36 -0.25 10.4 -33.1 -0.25 3.8 -33.1 -0.25 6
4 14 -29.8 -0.25 10 -33.1 -0.25 2.8 -29.5 -0.25 -2 -25.6 -0.25 5.2
4 14 -29.8 -0.25 10 -25.6 -0.25 5.2 -24.7 -0.25 5.2 -19.2 -0.25 10
4 14 -19.2 -0.25 -9.2 -19.2 -0.25 10 -24.7 -0.25 5.2 -24.7 -0.25 -9.2
4 0 -19.2 -0.25 10 -18.8 -0.25 10.4 -30.2 -0.25 10.4 -29.8 -0.25 10
4 0 -30.2 -0.25 10.4 -33.1 -0.25 3.8 -33.1 -0.25 2.8 -29.8 -0.25 10
4 0 -25.3 -0.25 4.8 -25.1 -0.25 4.8 -24.7 -0.25 5.2 -25.6 -0.25 5.2
4 0 -29.5 -0.25 -2 -29.1 -0.25 -2.4 -25.3 -0.25 4.8 -25.6 -0.25 5.2
4 0 -24.7 -0.25 -9.2 -24.7 -0.25 5.2 -25.1 -0.25 4.8 -25.1 -0.25 -9.6
4 0 -18.8 -0.25 -9.6 -19.2 -0.25 -9.2 -24.7 -0.25 -9.2 -25.1 -0.25 -9.6
4 0 -18.8 -0.25 -9.6 -18.8 -0.25 10.4 -19.2 -0.25 10 -19.2 -0.25 -9.2
4 272 -17.6 -0.25 -10.7 -17.6 -0.25 11.5 -18.8 -0.25 10.4 -18.8 -0.25 -9.6
4 272 -17.6 -0.25 -10.7 -18.8 -0.25 -9.6 -25.1 -0.25 -9.6 -26.3 -0.25 -10.7
4 272 -26.3 -0.25 -10.7 -25.1 -0.25 -9.6 -25.1 -0.25 4.8 -26.3 -0.25 0.9
4 272 -29.1 -0.25 -2.4 -26.3 -0.25 0.9 -25.1 -0.25 4.8 -25.3 -0.25 4.8
3 272 -26.3 -0.25 0.9 -29.1 -0.25 -2.4 -28.4 -0.25 -3.4
4 272 -18.8 -0.25 10.4 -17.6 -0.25 11.5 -30.8 -0.25 11.5 -30.2 -0.25 10.4
4 272 -30.8 -0.25 11.5 -33.1 -0.25 6 -33.1 -0.25 3.8 -30.2 -0.25 10.4
4 0 -8.4 -0.25 10 -8.4 -0.25 2.8 -8 -0.25 3.7 -8 -0.25 10.4
4 272 -6.8 -0.25 6.3 -6.8 -0.25 11.5 -8 -0.25 10.4 -8 -0.25 3.7
4 0 -14.1 -0.25 10 -8.4 -0.25 10 -8 -0.25 10.4 -14.5 -0.25 10.4
4 272 -8 -0.25 10.4 -6.8 -0.25 11.5 -15.7 -0.25 11.5 -14.5 -0.25 10.4
4 0 -0.5 -0.25 10 8.4 -0.25 10 9.6 -0.25 10.4 -0.8 -0.25 10.4
4 272 -0.8 -0.25 10.4 9.6 -0.25 10.4 12.3 -0.25 11.5 -1 -0.25 11.5
4 272 -0.8 -0.25 10.4 -1 -0.25 11.5 -6.8 -0.25 6.3 -8 -0.25 3.7
4 0 -8 -0.25 3.7 -8.4 -0.25 2.8 -0.5 -0.25 10 -0.8 -0.25 10.4
4 0 -2.7 -0.25 0.4 -2 -0.25 0.4 9.6 -0.25 10.4 8.4 -0.25 10
4 272 -2 -0.25 0.4 -0.3 -0.25 0.4 12.3 -0.25 11.5 9.6 -0.25 10.4
4 14 -8.4 -0.25 2.8 -2.7 -0.25 0.4 8.4 -0.25 10 -0.5 -0.25 10
4 0 -8 -0.25 -2.9 -8.4 -0.25 -2 -8.4 -0.25 -9.2 -8 -0.25 -9.6
4 272 -8 -0.25 -9.6 -6.8 -0.25 -10.7 -6.8 -0.25 -5.5 -8 -0.25 -2.9
4 0 -14.1 -0.25 -9.2 -14.5 -0.25 -9.6 -8 -0.25 -9.6 -8.4 -0.25 -9.2
4 272 -15.7 -0.25 -10.7 -6.8 -0.25 -10.7 -8 -0.25 -9.6 -14.5 -0.25 -9.6
4 0 -0.5 -0.25 -9.2 -0.8 -0.25 -9.6 9.6 -0.25 -9.6 8.4 -0.25 -9.2
4 272 -0.8 -0.25 -9.6 -1 -0.25 -10.7 12.3 -0.25 -10.7 9.6 -0.25 -9.6
4 272 -6.8 -0.25 -5.5 -1 -0.25 -10.7 -0.8 -0.25 -9.6 -8 -0.25 -2.9
4 0 -0.5 -0.25 -9.2 -8.4 -0.25 -2 -8 -0.25 -2.9 -0.8 -0.25 -9.6
4 0 -2.7 -0.25 0.4 8.4 -0.25 -9.2 9.6 -0.25 -9.6 -2 -0.25 0.4
4 272 12.3 -0.25 -10.7 -0.3 -0.25 0.4 -2 -0.25 0.4 9.6 -0.25 -9.6
4 14 8.4 -0.25 -9.2 -2.7 -0.25 0.4 -8.4 -0.25 -2 -0.5 -0.25 -9.2
4 0 18.8 -0.25 10 24.9 -0.25 10 25.3 -0.25 10.4 18.4 -0.25 10.4
4 0 18.8 -0.25 -9.2 18.4 -0.25 -9.6 25.3 -0.25 -9.6 24.9 -0.25 -9.2
4 272 17.2 -0.25 11.5 17.2 -0.25 -10.7 18.4 -0.25 -9.6 18.4 -0.25 10.4
4 0 18.4 -0.25 -9.6 18.8 -0.25 -9.2 18.8 -0.25 10 18.4 -0.25 10.4
4 0 24.9 -0.25 -9.2 25.3 -0.25 -9.6 25.3 -0.25 10.4 24.9 -0.25 10
4 14 18.8 -0.25 10 18.8 -0.25 -9.2 24.9 -0.25 -9.2 24.9 -0.25 10
4 0 27.6 -0.25 10 33.7 -0.25 10 34.1 -0.25 10.4 27.2 -0.25 10.4
4 0 27.6 -0.25 -9.2 27.2 -0.25 -9.6 34.1 -0.25 -9.6 33.7 -0.25 -9.2
4 0 27.6 -0.25 10 27.2 -0.25 10.4 27.2 -0.25 -9.6 27.6 -0.25 -9.2
4 0 33.7 -0.25 -9.2 34.1 -0.25 -9.6 34.1 -0.25 10.4 33.7 -0.25 10
4 14 27.6 -0.25 10 27.6 -0.25 -9.2 33.7 -0.25 -9.2 33.7 -0.25 10
4 0 36.6 -0.25 10 42.7 -0.25 10 43.1 -0.25 10.4 36.2 -0.25 10.4
4 0 43.1 -0.25 -9.6 42.7 -0.25 -9.2 36.6 -0.25 -9.2 36.2 -0.25 -9.6
4 0 36.2 -0.25 -9.6 36.6 -0.25 -9.2 36.6 -0.25 10 36.2 -0.25 10.4
4 0 42.7 -0.25 -9.2 43.1 -0.25 -9.6 43.1 -0.25 10.4 42.7 -0.25 10
4 14 36.6 -0.25 10 36.6 -0.25 -9.2 42.7 -0.25 -9.2 42.7 -0.25 10
4 272 27.2 -0.25 -9.6 27.2 -0.25 10.4 25.3 -0.25 10.4 25.3 -0.25 -9.6
4 272 34.1 -0.25 10.4 34.1 -0.25 -9.6 36.2 -0.25 -9.6 36.2 -0.25 10.4
3 272 17.2 -0.25 11.5 18.4 -0.25 10.4 25.3 -0.25 10.4
3 272 44.3 -0.25 11.5 36.2 -0.25 10.4 43.1 -0.25 10.4
4 272 43.1 -0.25 10.4 43.1 -0.25 -9.6 44.3 -0.25 -10.7 44.3 -0.25 11.5
3 272 25.3 -0.25 -9.6 18.4 -0.25 -9.6 17.2 -0.25 -10.7
4 272 45.4 -0.25 5.4 45.4 -0.25 -9.3 68.75 -0.25 -9.3 68.75 -0.25 5.4
4 272 7.2 -0.25 5.4 1.4 -0.25 0.5 12.8 -0.25 -9.3 16 -0.25 5.4
3 272 16 -0.25 5.4 12.8 -0.25 -9.3 16 -0.25 -9.3
3 272 -6 -0.25 -7.3 -6 -0.25 -9.3 -3.5 -0.25 -9.3
3 272 -38.9 -0.25 -3.4 -38.9 -0.25 -9.4 -38.4 -0.25 -4.5
3 272 -27.3 -0.25 -3.4 -27.8 -0.25 -4.5 -27.3 -0.25 -9.4
4 272 -68.75 -0.25 -9.3 -49.7 -0.25 -9.3 -49.7 -0.25 5.4 -68.75 -0.25 5.4
3 15 -30.8 -0.25 11.5 -35.4 -0.25 11.5 -33.1 -0.25 6
3 15 -1 -0.25 11.5 -6.8 -0.25 11.5 -6.8 -0.25 6.3
4 15 7.2 -0.25 5.4 16 -0.25 5.4 17.2 -0.25 11.5 12.3 -0.25 11.5
4 15 16 -0.25 5.4 16 -0.25 -9.3 17.2 -0.25 -10.7 17.2 -0.25 11.5
4 15 12.3 -0.25 -10.7 17.2 -0.25 -10.7 16 -0.25 -9.3 12.8 -0.25 -9.3
4 15 12.8 -0.25 -9.3 1.4 -0.25 0.5 -0.3 -0.25 0.4 12.3 -0.25 -10.7
4 15 1.4 -0.25 0.5 7.2 -0.25 5.4 12.3 -0.25 11.5 -0.3 -0.25 0.4
4 15 -6.8 -0.25 -10.7 -6 -0.25 -9.3 -6 -0.25 -7.3 -6.8 -0.25 -5.5
4 15 -6 -0.25 -7.3 -3.5 -0.25 -9.3 -1 -0.25 -10.7 -6.8 -0.25 -5.5
4 15 -3.5 -0.25 -9.3 -6 -0.25 -9.3 -6.8 -0.25 -10.7 -1 -0.25 -10.7
4 15 -27.3 -0.25 -9.4 -26.3 -0.25 -10.7 -26.3 -0.25 0.9 -27.3 -0.25 -3.4
4 15 -26.3 -0.25 0.9 -28.4 -0.25 -3.4 -27.8 -0.25 -4.5 -27.3 -0.25 -3.4
4 15 -38.4 -0.25 -4.5 -37.8 -0.25 -3.4 -39.9 -0.25 0.9 -38.9 -0.25 -3.4
4 15 -39.9 -0.25 0.9 -39.9 -0.25 -10.7 -38.9 -0.25 -9.4 -38.9 -0.25 -3.4
4 15 -49.7 -0.25 -9.3 -48.6 -0.25 -10.7 -48.6 -0.25 11.5 -49.7 -0.25 5.4
4 15 44.3 -0.25 11.5 44.3 -0.25 -10.7 45.4 -0.25 -9.3 45.4 -0.25 5.4
4 15 45.4 -0.25 -9.3 44.3 -0.25 -10.7 68.75 -0.25 -13.5 68.75 -0.25 -9.3
4 0 -68.75 -0.25 -13.5 -68.75 -0.25 -15 0 -0.25 -15 0 -0.25 -13.5
3 14 68.75 -0.25 -15 0 -0.25 -15 68.75 -0.25 -20.5
4 0 68.75 -0.25 -13.5 0 -0.25 -13.5 0 -0.25 -15 68.75 -0.25 -15
4 15 -68.75 -0.25 -9.3 -68.75 -0.25 -13.5 -48.6 -0.25 -10.7 -49.7 -0.25 -9.3
4 15 -48.6 -0.25 -10.7 -68.75 -0.25 -13.5 0 -0.25 -13.5 -39.9 -0.25 -10.7
3 15 -1 -0.25 -10.7 -6.8 -0.25 -10.7 0 -0.25 -13.5
3 15 -6.8 -0.25 -10.7 -15.7 -0.25 -10.7 0 -0.25 -13.5
3 15 -15.7 -0.25 -10.7 -17.6 -0.25 -10.7 0 -0.25 -13.5
3 15 -17.6 -0.25 -10.7 -26.3 -0.25 -10.7 0 -0.25 -13.5
3 15 12.3 -0.25 -10.7 -1 -0.25 -10.7 0 -0.25 -13.5
3 15 17.2 -0.25 -10.7 12.3 -0.25 -10.7 0 -0.25 -13.5
3 14 -8.4 -0.25 2.8 -8.4 -0.25 -2 -2.7 -0.25 0.4
4 0 -37.1 -0.25 -2.4 -29.1 -0.25 -2.4 -29.5 -0.25 -2 -36.7 -0.25 -2
4 272 -37.1 -0.25 -2.4 -37.8 -0.25 -3.4 -28.4 -0.25 -3.4 -29.1 -0.25 -2.4
4 14 -40.6 -0.25 5.2 -36.7 -0.25 -2 -29.5 -0.25 -2 -33.1 -0.25 2.8
4 15 -38.4 -0.25 -4.5 -27.8 -0.25 -4.5 -28.4 -0.25 -3.4 -37.8 -0.25 -3.4
4 15 0 -0.25 -13.5 -26.3 -0.25 -10.7 -38.9 -0.25 -9.4 -39.9 -0.25 -10.7
3 15 -27.3 -0.25 -9.4 -38.9 -0.25 -9.4 -26.3 -0.25 -10.7
4 272 -38.9 -0.25 -9.4 -27.3 -0.25 -9.4 -27.8 -0.25 -4.5 -38.4 -0.25 -4.5
4 0 -14.1 -0.25 10 -14.5 -0.25 10.4 -14.5 -0.25 -9.6 -14.1 -0.25 -9.2
4 272 -14.5 -0.25 10.4 -15.7 -0.25 11.5 -15.7 -0.25 -10.7 -14.5 -0.25 -9.6
4 15 -17.6 -0.25 11.5 -17.6 -0.25 -10.7 -15.7 -0.25 -10.7 -15.7 -0.25 11.5
3 14 -8.4 -0.25 10 -14.1 -0.25 10 -8.4 -0.25 2.8
4 14 -8.4 -0.25 2.8 -14.1 -0.25 10 -14.1 -0.25 -9.2 -8.4 -0.25 -2
3 14 -8.4 -0.25 -2 -14.1 -0.25 -9.2 -8.4 -0.25 -9.2
4 14 -68.75 -0.25 -15 -68.75 -0.25 -20.5 68.75 -0.25 -20.5 0 -0.25 -15
4 15 -68.75 -0.25 -28.5 -67.75 -0.25 -29.5 -59 -0.25 -29.5 -68.75 -0.25 -27.5
3 15 -68.75 -0.25 -27.5 -59 -0.25 -29.5 -58 -0.25 -29.5
4 15 -57.95 -0.25 -42.7 -56.95 -0.25 -43.7 57 -0.25 -43.75 -58 -0.25 -30.5
4 15 -58 -0.25 -30.5 57 -0.25 -43.75 58 -0.25 -42.75 58 -0.25 -30.5
4 272 -68.75 -0.25 -27.5 68.75 -0.25 -27.5 68.75 -0.25 -20.5 -68.75 -0.25 -20.5
3 15 68.75 -0.25 -27.5 58 -0.25 -29.5 59 -0.25 -29.5
4 15 59 -0.25 -29.5 67.75 -0.25 -29.5 68.75 -0.25 -28.5 68.75 -0.25 -27.5
4 15 68.75 -.25 9.2 68.1327 -.25 10.1239 44.3 -.25 11.5 45.4 -.25 5.4
3 15 68.75 -0.25 9.2 45.4 -0.25 5.4 68.75 -0.25 5.4
4 15 -68.75 -.25 5.4 -48.6 -.25 11.5 -67.49118 -.25 43.46593 -68.74 -.25 42.37
3 15 -48.6 -0.25 11.5 -68.75 -0.25 5.4 -49.7 -0.25 5.4
3 15 -67.49118 -.25 43.46593 -48.6 -.25 11.5 -35.4 -.25 11.5
3 15 -67.49118 -.25 43.46593 -35.4 -.25 11.5 -30.8 -.25 11.5
3 15 -67.49118 -.25 43.46593 -30.8 -.25 11.5 -17.6 -.25 11.5
3 15 -67.49118 -.25 43.46593 -17.6 -.25 11.5 -15.7 -.25 11.5
3 15 -67.49118 -.25 43.46593 -15.7 -.25 11.5 -6.8 -.25 11.5
3 15 -67.49118 -.25 43.46593 -6.8 -.25 11.5 -1 -.25 11.5
3 15 -67.49118 -.25 43.46593 -1 -.25 11.5 12.3 -.25 11.5
3 15 -67.49118 -.25 43.46593 12.3 -.25 11.5 17.2 -.25 11.5
3 15 -67.49118 -.25 43.46593 44.3 -.25 11.5 68.1327 -.25 10.1239
4 15 68.75 -0.25 -27.5 -68.75 -0.25 -27.5 -58 -0.25 -29.5 58 -0.25 -29.5
4 15 -58 -0.25 -30.5 58 -0.25 -30.5 58 -0.25 -29.5 -58 -0.25 -29.5
3 272 17.2 -0.25 11.5 25.3 -0.25 10.4 27.2 -0.25 10.4
4 272 27.2 -0.25 10.4 34.1 -0.25 10.4 44.3 -0.25 11.5 17.2 -0.25 11.5
3 272 44.3 -0.25 11.5 34.1 -0.25 10.4 36.2 -0.25 10.4
3 15 -67.49118 -.25 43.46593 17.2 -.25 11.5 44.3 -.25 11.5
4 15 17.2 -0.25 -10.7 0 -0.25 -13.5 68.75 -0.25 -13.5 44.3 -0.25 -10.7
3 272 27.2 -0.25 -9.6 25.3 -0.25 -9.6 17.2 -0.25 -10.7
4 272 27.2 -0.25 -9.6 17.2 -0.25 -10.7 44.3 -0.25 -10.7 34.1 -0.25 -9.6
3 272 36.2 -0.25 -9.6 34.1 -0.25 -9.6 44.3 -0.25 -10.7
3 272 43.1 -0.25 -9.6 36.2 -0.25 -9.6 44.3 -0.25 -10.7

1 16 -67.75 0 -28.5 -1 0 0 0 -1 0 0 0 -1 1-4chrd.dat
1 16 -56.95 0 -42.7 -1 0 0 0 -1 0 0 0 -1 1-4chrd.dat
1 16 -59 0 -30.5 1 0 0 0 -1 0 0 0 1 1-4ndis.dat
1 16 59 0 -30.5 0 0 -1 0 -1 0 1 0 0 1-4ndis.dat
1 16 57 0 -42.75 0 0 1 0 -1 0 -1 0 0 1-4chrd.dat
1 16 67.75 0 -28.5 0 0 1 0 -1 0 -1 0 0 1-4chrd.dat
1 16 -67.75 0 42.5 0.25882 0 -0.96593 0 -1 0 0.96593 0 0.25882 5-16chrd.dat
1 16 67.75 0 9.2 1 0 0 0 -1 0 0 0 1 3-16chrd.dat
4 16 68.1327 0 10.1239 68.75 0 9.2 68.75 0 -28.5 -58 0 -29.5
4 16 58 0 -29.5 58 0 -30.5 -58 0 -30.5 -58 0 -29.5
4 16 58 0 -30.5 58 0 -42.75 57 0 -43.75 -58 0 -30.5
4 16 57 0 -43.75 -56.95 0 -43.7 -57.95 0 -42.7 -58 0 -30.5
3 16 59 0 -29.5 58 0 -29.5 68.75 0 -28.5
3 16 59 0 -29.5 68.75 0 -28.5 67.75 0 -29.5
3 16 68.75 0 -28.5 58 0 -29.5 -58 0 -29.5

1 16 -67.75 -0.25 -28.5 -1 0 0 0 0.25 0 0 0 -1 1-4cyli.dat
1 16 -56.95 -0.25 -42.7 -1 0 0 0 0.25 0 0 0 -1 1-4cyli.dat
0 BFC INVERTNEXT
1 16 -59 -0.25 -30.5 1 0 0 0 0.25 0 0 0 1 1-4cyli.dat
0 BFC INVERTNEXT
1 16 59 -0.25 -30.5 0 0 -1 0 0.25 0 1 0 0 1-4cyli.dat
1 16 57 -0.25 -42.75 0 0 1 0 0.25 0 -1 0 0 1-4cyli.dat
1 16 67.75 -0.25 -28.5 0 0 1 0 0.25 0 -1 0 0 1-4cyli.dat
1 16 -67.75 -.25 42.5 .25882 0 -.96593 0 .25 0 .96593 0 .25882 5-16cyli.dat
1 16 67.75 -.25 9.2 1 0 0 0 .25 0 0 0 1 3-16cyli.dat
4 16 -57.95 0 -42.7 -57.95 -0.25 -42.7 -58 -0.25 -30.5 -58 0 -30.5
4 16 -59 0 -29.5 -59 -0.25 -29.5 -67.75 -0.25 -29.5 -67.75 0 -29.5
4 16 -68.75 0 -28.5 -68.75 -0.25 -28.5 -68.7415 -0.25 42.3695 -68.7415 0 42.3695
4 16 68.75 0 9.2 68.75 -0.25 9.2 68.75 -0.25 -28.5 68.75 0 -28.5
4 16 67.75 0 -29.5 67.75 -0.25 -29.5 59 -0.25 -29.5 59 0 -29.5
4 16 58 0 -30.5 58 -0.25 -30.5 58 -0.25 -42.75 58 0 -42.75
4 16 57 0 -43.75 57 -0.25 -43.75 -56.95 -0.25 -43.7 -56.95 0 -43.7
4 16 -67.49118 0 43.46593 -67.49118 -.25 43.46593 68.1327 -.25 10.1239 68.1327 0 10.1239
3 16 -68.7415 0 42.3695 -67.49118 0 43.46593 -68.75 0 -28.5
4 16 68.1327 0 10.1239 -58 0 -29.5 -59 0 -29.5 -67.49118 0 43.46593
4 16 -67.75 0 -29.5 -68.75 0 -28.5 -67.49118 0 43.46593 -59 0 -29.5
