0 Sticker  5.7 x  2.7 with  2 White Letters "N",  3 Straight Arrows and Air Outlet Grilles
0 Name: 6155286j.dat
0 Author: Evert-Jan Boer [ejboer]
0 !LDRAW_ORG Unofficial_Part 
0 !LICENSE Redistributable under CCAL version 2.0 : see CAreadme.txt

0 BFC CERTIFY CCW

0 !KEYWORDS Bucket Wheel Excavator, Set 42055


1 72 -26.5 -.25 56.5 0 0 -1 0 1 0 1 0 0 1-4chrd.dat
1 72 26.5 -.25 56.5 1 0 0 0 1 0 0 0 1 1-4chrd.dat
1 72 -26.5 -.25 -56.5 -1 0 0 0 1 0 0 0 -1 1-4chrd.dat
1 72 26.5 -.25 -56.5 0 0 1 0 1 0 -1 0 0 1-4chrd.dat
4 0 -24.45 -.25 51.2 -24.45 -.25 49.95 -24.05 -.25 50.35 -24.25 -.25 51.2
4 0 -23.8 -.25 49.85 -24.05 -.25 50.35 -24.45 -.25 49.95 -24.4 -.25 49.35
4 0 -24.4 -.25 49.35 -24.25 -.25 48.9 -23.45 -.25 49.55 -23.8 -.25 49.85
4 0 -23.6 -.25 48.6 -23.45 -.25 49.55 -24.25 -.25 48.9 -23.95 -.25 48.65
3 0 -23.45 -.25 49.55 -23.6 -.25 48.6 -22.95 -.25 49.45
4 72 -24.4 -.25 49.35 -24.45 -.25 47.9 -24.25 -.25 47.9 -24.25 -.25 48.9
3 72 -24.25 -.25 48.9 -24.25 -.25 47.9 -23.95 -.25 48.65
3 72 -23.95 -.25 48.65 -24.25 -.25 47.9 -23.6 -.25 48.6
4 72 -23.8 -.25 46.55 -23.6 -.25 48.6 -24.25 -.25 47.9 -24.05 -.25 47.05
4 72 -23.8 -.25 46.55 -23.45 -.25 46.25 -22.95 -.25 46.15 -23.6 -.25 48.6
4 0 -24.45 -.25 47.9 -24.45 -.25 46.65 -24.05 -.25 47.05 -24.25 -.25 47.9
4 0 -23.8 -.25 46.55 -24.05 -.25 47.05 -24.45 -.25 46.65 -24.4 -.25 46.05
4 0 -23.45 -.25 46.25 -23.8 -.25 46.55 -24.4 -.25 46.05 -24.25 -.25 45.6
4 0 -24.25 -.25 45.6 -23.95 -.25 45.35 -23.6 -.25 45.3 -23.45 -.25 46.25
3 0 -23.45 -.25 46.25 -23.6 -.25 45.3 -22.95 -.25 46.15
4 72 -27.5 -.25 32.5 -24.45 -.25 44.6 -24.4 -.25 46.05 -24.45 -.25 46.65
3 72 -24.4 -.25 46.05 -24.45 -.25 44.6 -24.25 -.25 45.6
4 72 -23.95 -.25 45.35 -24.25 -.25 45.6 -24.45 -.25 44.6 -24.25 -.25 44.6
3 72 -23.95 -.25 45.35 -24.25 -.25 44.6 -23.6 -.25 45.3
4 72 -23.8 -.25 43.25 -23.6 -.25 45.3 -24.25 -.25 44.6 -24.05 -.25 43.75
4 72 -22.95 -.25 42.85 -23.6 -.25 45.3 -23.8 -.25 43.25 -23.45 -.25 42.95
4 0 -24.45 -.25 44.6 -24.45 -.25 43.35 -24.05 -.25 43.75 -24.25 -.25 44.6
4 0 -24.45 -.25 43.35 -24.4 -.25 42.75 -23.8 -.25 43.25 -24.05 -.25 43.75
4 0 -23.45 -.25 42.95 -23.8 -.25 43.25 -24.4 -.25 42.75 -24.25 -.25 42.3
4 0 -24.25 -.25 42.3 -23.95 -.25 42.05 -23.6 -.25 42 -23.45 -.25 42.95
3 0 -23.45 -.25 42.95 -23.6 -.25 42 -22.95 -.25 42.85
4 72 -24.4 -.25 42.75 -24.45 -.25 41.3 -24.25 -.25 41.3 -24.25 -.25 42.3
3 72 -24.25 -.25 42.3 -24.25 -.25 41.3 -23.95 -.25 42.05
4 72 -23.95 -.25 42.05 -24.25 -.25 41.3 -24.05 -.25 40.45 -23.6 -.25 42
4 72 -23.45 -.25 39.65 -23.6 -.25 42 -24.05 -.25 40.45 -23.8 -.25 39.95
4 72 -10.85 -.25 39.55 -23.6 -.25 42 -23.45 -.25 39.65 -22.95 -.25 39.55
4 0 -24.05 -.25 40.45 -24.25 -.25 41.3 -24.45 -.25 41.3 -24.45 -.25 40.05
4 0 -23.8 -.25 39.95 -24.05 -.25 40.45 -24.45 -.25 40.05 -24.4 -.25 39.45
4 0 -24.4 -.25 39.45 -24.25 -.25 39 -23.45 -.25 39.65 -23.8 -.25 39.95
4 0 -24.25 -.25 39 -23.95 -.25 38.75 -23.6 -.25 38.7 -23.45 -.25 39.65
3 0 -23.45 -.25 39.65 -23.6 -.25 38.7 -22.95 -.25 39.55
3 0 -9.35 -.25 51.2 -9.55 -.25 51.2 -9.35 -.25 49.95
4 0 -9.4 -.25 49.35 -9.35 -.25 49.95 -9.55 -.25 51.2 -9.75 -.25 50.35
4 0 -9.55 -.25 48.9 -9.4 -.25 49.35 -9.75 -.25 50.35 -10 -.25 49.85
4 0 -9.85 -.25 48.65 -9.55 -.25 48.9 -10 -.25 49.85 -10.35 -.25 49.55
4 0 -9.85 -.25 48.65 -10.35 -.25 49.55 -10.85 -.25 49.45 -10.2 -.25 48.6
4 72 -9.4 -.25 49.35 -9.35 -.25 47.9 -7.45 -.25 49.95 -9.35 -.25 49.95
3 72 -9.4 -.25 49.35 -9.55 -.25 48.9 -9.35 -.25 47.9
4 72 -9.35 -.25 47.9 -9.55 -.25 48.9 -9.85 -.25 48.65 -9.55 -.25 47.9
4 72 -9.75 -.25 47.05 -9.55 -.25 47.9 -9.85 -.25 48.65 -10.2 -.25 48.6
3 72 -10.2 -.25 48.6 -10 -.25 46.55 -9.75 -.25 47.05
4 72 -10.85 -.25 46.15 -10.35 -.25 46.25 -10 -.25 46.55 -10.2 -.25 48.6
4 0 -9.35 -.25 47.9 -9.55 -.25 47.9 -9.75 -.25 47.05 -9.35 -.25 46.65
4 0 -10 -.25 46.55 -9.4 -.25 46.05 -9.35 -.25 46.65 -9.75 -.25 47.05
3 0 -10 -.25 46.55 -9.55 -.25 45.6 -9.4 -.25 46.05
4 0 -9.85 -.25 45.35 -9.55 -.25 45.6 -10 -.25 46.55 -10.35 -.25 46.25
4 0 -9.85 -.25 45.35 -10.35 -.25 46.25 -10.85 -.25 46.15 -10.2 -.25 45.3
4 72 -7.45 -.25 46.65 -9.35 -.25 46.65 -9.4 -.25 46.05 -9.35 -.25 44.6
3 72 -9.4 -.25 46.05 -9.55 -.25 45.6 -9.35 -.25 44.6
4 72 -9.35 -.25 44.6 -9.55 -.25 45.6 -9.85 -.25 45.35 -9.55 -.25 44.6
3 72 -9.85 -.25 45.35 -10.2 -.25 45.3 -9.55 -.25 44.6
4 72 -10 -.25 43.25 -9.75 -.25 43.75 -9.55 -.25 44.6 -10.2 -.25 45.3
4 72 -10 -.25 43.25 -10.2 -.25 45.3 -10.85 -.25 42.85 -10.35 -.25 42.95
4 0 -9.35 -.25 44.6 -9.55 -.25 44.6 -9.75 -.25 43.75 -9.35 -.25 43.35
4 0 -9.35 -.25 43.35 -9.75 -.25 43.75 -10 -.25 43.25 -9.4 -.25 42.75
4 0 -10.35 -.25 42.95 -9.55 -.25 42.3 -9.4 -.25 42.75 -10 -.25 43.25
4 0 -9.55 -.25 42.3 -10.35 -.25 42.95 -10.2 -.25 42 -9.85 -.25 42.05
3 0 -10.35 -.25 42.95 -10.85 -.25 42.85 -10.2 -.25 42
4 72 -9.4 -.25 42.75 -9.35 -.25 41.3 -7.45 -.25 43.35 -9.35 -.25 43.35
3 72 -9.4 -.25 42.75 -9.55 -.25 42.3 -9.35 -.25 41.3
4 72 -9.85 -.25 42.05 -9.55 -.25 41.3 -9.35 -.25 41.3 -9.55 -.25 42.3
3 72 -9.85 -.25 42.05 -10.2 -.25 42 -9.55 -.25 41.3
4 72 -9.55 -.25 41.3 -10.2 -.25 42 -10 -.25 39.95 -9.75 -.25 40.45
3 72 -10.2 -.25 42 -10.35 -.25 39.65 -10 -.25 39.95
4 72 -23.6 -.25 42 -10.85 -.25 39.55 -10.35 -.25 39.65 -10.2 -.25 42
4 0 -9.75 -.25 40.45 -9.35 -.25 40.05 -9.35 -.25 41.3 -9.55 -.25 41.3
4 0 -9.35 -.25 40.05 -9.75 -.25 40.45 -10 -.25 39.95 -9.4 -.25 39.45
4 0 -10.35 -.25 39.65 -9.55 -.25 39 -9.4 -.25 39.45 -10 -.25 39.95
4 0 -9.55 -.25 39 -10.35 -.25 39.65 -10.2 -.25 38.7 -9.85 -.25 38.75
3 0 -10.35 -.25 39.65 -10.85 -.25 39.55 -10.2 -.25 38.7
4 72 -24.25 -.25 51.2 -24.05 -.25 50.35 -9.75 -.25 50.35 -9.55 -.25 51.2
4 72 -23.8 -.25 49.85 -10 -.25 49.85 -9.75 -.25 50.35 -24.05 -.25 50.35
4 72 -23.8 -.25 49.85 -23.45 -.25 49.55 -10.35 -.25 49.55 -10 -.25 49.85
4 0 -7.05 -.25 50.35 -7.25 -.25 51.2 -7.45 -.25 51.2 -7.45 -.25 49.95
4 0 -6.8 -.25 49.85 -7.05 -.25 50.35 -7.45 -.25 49.95 -7.4 -.25 49.35
4 0 -6.45 -.25 49.55 -6.8 -.25 49.85 -7.4 -.25 49.35 -7.25 -.25 48.9
4 0 -6.6 -.25 48.6 -6.45 -.25 49.55 -7.25 -.25 48.9 -6.95 -.25 48.65
3 0 -6.45 -.25 49.55 -6.6 -.25 48.6 -5.95 -.25 49.45
4 72 -7.4 -.25 49.35 -7.45 -.25 49.95 -9.35 -.25 47.9 -7.45 -.25 47.9
4 72 -7.4 -.25 49.35 -7.45 -.25 47.9 -7.25 -.25 47.9 -7.25 -.25 48.9
3 72 -7.25 -.25 48.9 -7.25 -.25 47.9 -6.95 -.25 48.65
3 72 -6.95 -.25 48.65 -7.25 -.25 47.9 -6.6 -.25 48.6
4 72 -6.8 -.25 46.55 -6.6 -.25 48.6 -7.25 -.25 47.9 -7.05 -.25 47.05
4 72 -5.95 -.25 46.15 -6.6 -.25 48.6 -6.8 -.25 46.55 -6.45 -.25 46.25
4 0 -7.45 -.25 47.9 -7.45 -.25 46.65 -7.05 -.25 47.05 -7.25 -.25 47.9
4 0 -7.45 -.25 46.65 -7.4 -.25 46.05 -6.8 -.25 46.55 -7.05 -.25 47.05
4 0 -7.4 -.25 46.05 -7.25 -.25 45.6 -6.45 -.25 46.25 -6.8 -.25 46.55
4 0 -6.6 -.25 45.3 -6.45 -.25 46.25 -7.25 -.25 45.6 -6.95 -.25 45.35
3 0 -6.45 -.25 46.25 -6.6 -.25 45.3 -5.95 -.25 46.15
4 72 -9.35 -.25 44.6 -7.45 -.25 44.6 -7.4 -.25 46.05 -7.45 -.25 46.65
3 72 -7.4 -.25 46.05 -7.45 -.25 44.6 -7.25 -.25 45.6
4 72 -6.95 -.25 45.35 -7.25 -.25 45.6 -7.45 -.25 44.6 -7.25 -.25 44.6
4 72 -7.05 -.25 43.75 -6.6 -.25 45.3 -6.95 -.25 45.35 -7.25 -.25 44.6
4 72 -7.05 -.25 43.75 -6.8 -.25 43.25 -6.45 -.25 42.95 -6.6 -.25 45.3
4 0 -7.45 -.25 44.6 -7.45 -.25 43.35 -7.05 -.25 43.75 -7.25 -.25 44.6
4 0 -6.8 -.25 43.25 -7.05 -.25 43.75 -7.45 -.25 43.35 -7.4 -.25 42.75
4 0 -6.45 -.25 42.95 -6.8 -.25 43.25 -7.4 -.25 42.75 -7.25 -.25 42.3
4 0 -6.6 -.25 42 -6.45 -.25 42.95 -7.25 -.25 42.3 -6.95 -.25 42.05
3 0 -6.45 -.25 42.95 -6.6 -.25 42 -5.95 -.25 42.85
4 72 -9.35 -.25 41.3 -7.45 -.25 41.3 -7.4 -.25 42.75 -7.45 -.25 43.35
4 72 -7.25 -.25 41.3 -7.25 -.25 42.3 -7.4 -.25 42.75 -7.45 -.25 41.3
3 72 -7.25 -.25 42.3 -7.25 -.25 41.3 -6.95 -.25 42.05
4 72 -6.95 -.25 42.05 -7.25 -.25 41.3 -7.05 -.25 40.45 -6.6 -.25 42
4 72 -6.45 -.25 39.65 -6.6 -.25 42 -7.05 -.25 40.45 -6.8 -.25 39.95
4 0 -7.05 -.25 40.45 -7.25 -.25 41.3 -7.45 -.25 41.3 -7.45 -.25 40.05
4 0 -6.8 -.25 39.95 -7.05 -.25 40.45 -7.45 -.25 40.05 -7.4 -.25 39.45
4 0 -7.4 -.25 39.45 -7.25 -.25 39 -6.45 -.25 39.65 -6.8 -.25 39.95
4 0 -7.25 -.25 39 -6.95 -.25 38.75 -6.6 -.25 38.7 -6.45 -.25 39.65
3 0 -6.45 -.25 39.65 -6.6 -.25 38.7 -5.95 -.25 39.55
4 0 7.25 -.25 50.35 7.65 -.25 49.95 7.65 -.25 51.2 7.45 -.25 51.2
4 0 7 -.25 49.85 7.6 -.25 49.35 7.65 -.25 49.95 7.25 -.25 50.35
4 0 7.6 -.25 49.35 7 -.25 49.85 6.65 -.25 49.55 7.45 -.25 48.9
3 0 6.65 -.25 49.55 7.15 -.25 48.65 7.45 -.25 48.9
4 0 7.15 -.25 48.65 6.65 -.25 49.55 6.15 -.25 49.45 6.8 -.25 48.6
4 72 7.6 -.25 49.35 7.65 -.25 47.9 9.75 -.25 47.9 7.65 -.25 49.95
3 72 7.6 -.25 49.35 7.45 -.25 48.9 7.65 -.25 47.9
4 72 7.65 -.25 47.9 7.45 -.25 48.9 7.15 -.25 48.65 7.45 -.25 47.9
3 72 7.15 -.25 48.65 6.8 -.25 48.6 7.45 -.25 47.9
4 72 7.45 -.25 47.9 6.8 -.25 48.6 7 -.25 46.55 7.25 -.25 47.05
4 72 6.15 -.25 46.15 6.65 -.25 46.25 7 -.25 46.55 6.8 -.25 48.6
4 0 7.65 -.25 47.9 7.45 -.25 47.9 7.25 -.25 47.05 7.65 -.25 46.65
4 0 7 -.25 46.55 7.6 -.25 46.05 7.65 -.25 46.65 7.25 -.25 47.05
3 0 7 -.25 46.55 7.45 -.25 45.6 7.6 -.25 46.05
4 0 7.15 -.25 45.35 7.45 -.25 45.6 7 -.25 46.55 6.65 -.25 46.25
4 0 6.15 -.25 46.15 6.8 -.25 45.3 7.15 -.25 45.35 6.65 -.25 46.25
4 72 9.75 -.25 44.6 7.65 -.25 46.65 7.6 -.25 46.05 7.65 -.25 44.6
3 72 7.6 -.25 46.05 7.45 -.25 45.6 7.65 -.25 44.6
4 72 7.65 -.25 44.6 7.45 -.25 45.6 7.15 -.25 45.35 7.45 -.25 44.6
3 72 7.15 -.25 45.35 6.8 -.25 45.3 7.45 -.25 44.6
4 72 7 -.25 43.25 7.25 -.25 43.75 7.45 -.25 44.6 6.8 -.25 45.3
4 72 7 -.25 43.25 6.8 -.25 45.3 6.15 -.25 42.85 6.65 -.25 42.95
4 0 7.65 -.25 44.6 7.45 -.25 44.6 7.25 -.25 43.75 7.65 -.25 43.35
4 0 7 -.25 43.25 7.6 -.25 42.75 7.65 -.25 43.35 7.25 -.25 43.75
4 0 7.6 -.25 42.75 7 -.25 43.25 6.65 -.25 42.95 7.45 -.25 42.3
3 0 6.65 -.25 42.95 7.15 -.25 42.05 7.45 -.25 42.3
4 0 7.15 -.25 42.05 6.65 -.25 42.95 6.15 -.25 42.85 6.8 -.25 42
4 72 9.75 -.25 41.3 7.65 -.25 43.35 7.6 -.25 42.75 7.65 -.25 41.3
3 72 7.6 -.25 42.75 7.45 -.25 42.3 7.65 -.25 41.3
4 72 7.15 -.25 42.05 7.45 -.25 41.3 7.65 -.25 41.3 7.45 -.25 42.3
4 72 7.15 -.25 42.05 6.8 -.25 42 7.25 -.25 40.45 7.45 -.25 41.3
4 72 6.65 -.25 39.65 7 -.25 39.95 7.25 -.25 40.45 6.8 -.25 42
4 72 -6.6 -.25 42 6.15 -.25 39.55 6.65 -.25 39.65 6.8 -.25 42
4 0 7.25 -.25 40.45 7.65 -.25 40.05 7.65 -.25 41.3 7.45 -.25 41.3
4 0 7 -.25 39.95 7.6 -.25 39.45 7.65 -.25 40.05 7.25 -.25 40.45
4 0 6.65 -.25 39.65 7.45 -.25 39 7.6 -.25 39.45 7 -.25 39.95
3 0 6.65 -.25 39.65 7.15 -.25 38.75 7.45 -.25 39
4 0 7.15 -.25 38.75 6.65 -.25 39.65 6.15 -.25 39.55 6.8 -.25 38.7
4 72 7.25 -.25 50.35 7.45 -.25 51.2 -7.25 -.25 51.2 -7.05 -.25 50.35
4 72 -6.8 -.25 49.85 7 -.25 49.85 7.25 -.25 50.35 -7.05 -.25 50.35
4 72 -6.8 -.25 49.85 -6.45 -.25 49.55 6.65 -.25 49.55 7 -.25 49.85
4 0 9.75 -.25 51.2 9.75 -.25 49.95 10.15 -.25 50.35 9.95 -.25 51.2
4 0 10.4 -.25 49.85 10.15 -.25 50.35 9.75 -.25 49.95 9.8 -.25 49.35
4 0 10.75 -.25 49.55 10.4 -.25 49.85 9.8 -.25 49.35 9.95 -.25 48.9
4 0 10.6 -.25 48.6 10.75 -.25 49.55 9.95 -.25 48.9 10.25 -.25 48.65
3 0 10.75 -.25 49.55 10.6 -.25 48.6 11.25 -.25 49.45
4 72 9.8 -.25 49.35 9.75 -.25 49.95 7.65 -.25 49.95 9.75 -.25 47.9
4 72 9.8 -.25 49.35 9.75 -.25 47.9 9.95 -.25 47.9 9.95 -.25 48.9
3 72 9.95 -.25 48.9 9.95 -.25 47.9 10.25 -.25 48.65
3 72 10.25 -.25 48.65 9.95 -.25 47.9 10.6 -.25 48.6
4 72 10.4 -.25 46.55 10.6 -.25 48.6 9.95 -.25 47.9 10.15 -.25 47.05
4 72 10.4 -.25 46.55 10.75 -.25 46.25 11.25 -.25 46.15 10.6 -.25 48.6
4 0 10.15 -.25 47.05 9.95 -.25 47.9 9.75 -.25 47.9 9.75 -.25 46.65
4 0 10.4 -.25 46.55 10.15 -.25 47.05 9.75 -.25 46.65 9.8 -.25 46.05
4 0 10.75 -.25 46.25 10.4 -.25 46.55 9.8 -.25 46.05 9.95 -.25 45.6
4 0 9.95 -.25 45.6 10.25 -.25 45.35 10.6 -.25 45.3 10.75 -.25 46.25
3 0 10.75 -.25 46.25 10.6 -.25 45.3 11.25 -.25 46.15
4 72 7.65 -.25 46.65 9.75 -.25 44.6 9.8 -.25 46.05 9.75 -.25 46.65
3 72 9.8 -.25 46.05 9.75 -.25 44.6 9.95 -.25 45.6
4 72 10.25 -.25 45.35 9.95 -.25 45.6 9.75 -.25 44.6 9.95 -.25 44.6
4 72 10.25 -.25 45.35 9.95 -.25 44.6 10.15 -.25 43.75 10.6 -.25 45.3
4 72 10.75 -.25 42.95 10.6 -.25 45.3 10.15 -.25 43.75 10.4 -.25 43.25
3 72 10.6 -.25 45.3 10.75 -.25 42.95 11.25 -.25 42.85
4 0 9.75 -.25 44.6 9.75 -.25 43.35 10.15 -.25 43.75 9.95 -.25 44.6
4 0 9.75 -.25 43.35 9.8 -.25 42.75 10.4 -.25 43.25 10.15 -.25 43.75
4 0 10.75 -.25 42.95 10.4 -.25 43.25 9.8 -.25 42.75 9.95 -.25 42.3
4 0 10.6 -.25 42 10.75 -.25 42.95 9.95 -.25 42.3 10.25 -.25 42.05
3 0 10.75 -.25 42.95 10.6 -.25 42 11.25 -.25 42.85
4 72 7.65 -.25 43.35 9.75 -.25 41.3 9.8 -.25 42.75 9.75 -.25 43.35
4 72 9.8 -.25 42.75 9.75 -.25 41.3 9.95 -.25 41.3 9.95 -.25 42.3
3 72 9.95 -.25 42.3 9.95 -.25 41.3 10.25 -.25 42.05
4 72 10.25 -.25 42.05 9.95 -.25 41.3 10.15 -.25 40.45 10.6 -.25 42
4 72 10.75 -.25 39.65 10.6 -.25 42 10.15 -.25 40.45 10.4 -.25 39.95
3 72 10.6 -.25 42 10.75 -.25 39.65 11.25 -.25 39.55
4 0 9.75 -.25 41.3 9.75 -.25 40.05 10.15 -.25 40.45 9.95 -.25 41.3
4 0 10.4 -.25 39.95 10.15 -.25 40.45 9.75 -.25 40.05 9.8 -.25 39.45
4 0 10.75 -.25 39.65 10.4 -.25 39.95 9.8 -.25 39.45 9.95 -.25 39
4 0 9.95 -.25 39 10.25 -.25 38.75 10.6 -.25 38.7 10.75 -.25 39.65
3 0 10.75 -.25 39.65 10.6 -.25 38.7 11.25 -.25 39.55
4 0 24.45 -.25 50.35 24.85 -.25 49.95 24.85 -.25 51.2 24.65 -.25 51.2
4 0 24.85 -.25 49.95 24.45 -.25 50.35 24.2 -.25 49.85 24.8 -.25 49.35
4 0 24.8 -.25 49.35 24.2 -.25 49.85 23.85 -.25 49.55 24.65 -.25 48.9
3 0 23.85 -.25 49.55 24.35 -.25 48.65 24.65 -.25 48.9
4 0 24.35 -.25 48.65 23.85 -.25 49.55 23.35 -.25 49.45 24 -.25 48.6
3 72 24.8 -.25 49.35 24.65 -.25 48.9 24.85 -.25 47.9
4 72 24.35 -.25 48.65 24.65 -.25 47.9 24.85 -.25 47.9 24.65 -.25 48.9
3 72 24.35 -.25 48.65 24 -.25 48.6 24.65 -.25 47.9
4 72 24.65 -.25 47.9 24 -.25 48.6 24.2 -.25 46.55 24.45 -.25 47.05
4 72 24.2 -.25 46.55 24 -.25 48.6 23.35 -.25 46.15 23.85 -.25 46.25
4 0 24.45 -.25 47.05 24.85 -.25 46.65 24.85 -.25 47.9 24.65 -.25 47.9
4 0 24.85 -.25 46.65 24.45 -.25 47.05 24.2 -.25 46.55 24.8 -.25 46.05
4 0 23.85 -.25 46.25 24.65 -.25 45.6 24.8 -.25 46.05 24.2 -.25 46.55
3 0 23.85 -.25 46.25 24.35 -.25 45.35 24.65 -.25 45.6
4 0 23.35 -.25 46.15 24 -.25 45.3 24.35 -.25 45.35 23.85 -.25 46.25
3 72 24.8 -.25 46.05 24.65 -.25 45.6 24.85 -.25 44.6
4 72 24.35 -.25 45.35 24.65 -.25 44.6 24.85 -.25 44.6 24.65 -.25 45.6
3 72 24.35 -.25 45.35 24 -.25 45.3 24.65 -.25 44.6
4 72 24.2 -.25 43.25 24.45 -.25 43.75 24.65 -.25 44.6 24 -.25 45.3
4 72 23.35 -.25 42.85 23.85 -.25 42.95 24.2 -.25 43.25 24 -.25 45.3
4 0 24.85 -.25 44.6 24.65 -.25 44.6 24.45 -.25 43.75 24.85 -.25 43.35
4 0 24.2 -.25 43.25 24.8 -.25 42.75 24.85 -.25 43.35 24.45 -.25 43.75
4 0 24.8 -.25 42.75 24.2 -.25 43.25 23.85 -.25 42.95 24.65 -.25 42.3
3 0 23.85 -.25 42.95 24.35 -.25 42.05 24.65 -.25 42.3
4 0 24.35 -.25 42.05 23.85 -.25 42.95 23.35 -.25 42.85 24 -.25 42
4 72 27.5 -.25 32.5 24.85 -.25 43.35 24.8 -.25 42.75 24.85 -.25 41.3
3 72 24.8 -.25 42.75 24.65 -.25 42.3 24.85 -.25 41.3
4 72 24.85 -.25 41.3 24.65 -.25 42.3 24.35 -.25 42.05 24.65 -.25 41.3
3 72 24.35 -.25 42.05 24 -.25 42 24.65 -.25 41.3
4 72 24.2 -.25 39.95 24.45 -.25 40.45 24.65 -.25 41.3 24 -.25 42
4 72 23.35 -.25 39.55 23.85 -.25 39.65 24.2 -.25 39.95 24 -.25 42
4 0 24.85 -.25 41.3 24.65 -.25 41.3 24.45 -.25 40.45 24.85 -.25 40.05
4 0 24.2 -.25 39.95 24.8 -.25 39.45 24.85 -.25 40.05 24.45 -.25 40.45
3 0 24.2 -.25 39.95 24.65 -.25 39 24.8 -.25 39.45
4 0 24.35 -.25 38.75 24.65 -.25 39 24.2 -.25 39.95 23.85 -.25 39.65
4 0 24.35 -.25 38.75 23.85 -.25 39.65 23.35 -.25 39.55 24 -.25 38.7
4 72 24.45 -.25 50.35 24.65 -.25 51.2 9.95 -.25 51.2 10.15 -.25 50.35
4 72 24.45 -.25 50.35 10.15 -.25 50.35 10.4 -.25 49.85 24.2 -.25 49.85
4 72 10.4 -.25 49.85 10.75 -.25 49.55 23.85 -.25 49.55 24.2 -.25 49.85
4 72 -7.45 -.25 49.95 -7.45 -.25 51.2 -9.35 -.25 51.2 -9.35 -.25 49.95
4 72 -7.45 -.25 46.65 -7.45 -.25 47.9 -9.35 -.25 47.9 -9.35 -.25 46.65
4 72 -7.45 -.25 43.35 -7.45 -.25 44.6 -9.35 -.25 44.6 -9.35 -.25 43.35
4 72 -9.35 -.25 41.3 -9.35 -.25 40.05 -7.45 -.25 40.05 -7.45 -.25 41.3
4 72 -7.4 -.25 39.45 -7.45 -.25 40.05 -9.35 -.25 40.05 -9.4 -.25 39.45
4 72 -9.4 -.25 39.45 -9.55 -.25 39 -7.25 -.25 39 -7.4 -.25 39.45
4 72 -9.85 -.25 38.75 -6.95 -.25 38.75 -7.25 -.25 39 -9.55 -.25 39
4 72 -6.95 -.25 38.75 -9.85 -.25 38.75 -10.2 -.25 38.7 -6.6 -.25 38.7
4 72 6.8 -.25 38.7 10.6 -.25 38.7 10.25 -.25 38.75 7.15 -.25 38.75
4 72 7.15 -.25 38.75 10.25 -.25 38.75 9.95 -.25 39 7.45 -.25 39
4 72 9.8 -.25 39.45 7.6 -.25 39.45 7.45 -.25 39 9.95 -.25 39
4 72 7.6 -.25 39.45 9.8 -.25 39.45 9.75 -.25 40.05 7.65 -.25 40.05
4 72 7.65 -.25 40.05 9.75 -.25 40.05 9.75 -.25 41.3 7.65 -.25 41.3
4 72 7.65 -.25 43.35 9.75 -.25 43.35 9.75 -.25 44.6 7.65 -.25 44.6
4 72 7.65 -.25 46.65 9.75 -.25 46.65 9.75 -.25 47.9 7.65 -.25 47.9
4 72 9.75 -.25 49.95 9.75 -.25 51.2 7.65 -.25 51.2 7.65 -.25 49.95
3 15 -17.7 -.25 28 -21.7 -.25 24.1 -18.3 -.25 24.1
3 15 -17.7 -.25 28 -17.1 -.25 24.1 -13.7 -.25 24.1
4 15 -17.7 -.25 28 -18.3 -.25 24.1 -18.3 -.25 16.1 -17.1 -.25 24.1
3 15 -17.1 -.25 24.1 -18.3 -.25 16.1 -17.1 -.25 16.1
3 15 17.1 -.25 29.1 13.1 -.25 25.2 16.5 -.25 25.2
3 15 17.1 -.25 29.1 17.7 -.25 25.2 21.1 -.25 25.2
4 15 17.1 -.25 29.1 16.5 -.25 25.2 16.5 -.25 19 17.7 -.25 25.2
3 15 16.5 -.25 19 13.1 -.25 19 17.1 -.25 15.1
3 15 21.1 -.25 19 17.7 -.25 19 17.1 -.25 15.1
4 15 17.1 -.25 15.1 17.7 -.25 19 17.7 -.25 25.2 16.5 -.25 19
3 15 -18.3 -.25 -25.9 -21.7 -.25 -25.9 -17.7 -.25 -29.8
3 15 -13.7 -.25 -25.9 -17.1 -.25 -25.9 -17.7 -.25 -29.8
4 15 -17.1 -.25 -17.9 -18.3 -.25 -17.9 -18.3 -.25 -25.9 -17.1 -.25 -25.9
3 15 -17.1 -.25 -25.9 -18.3 -.25 -25.9 -17.7 -.25 -29.8
4 15 -21.2 -.25 3.2 -21.2 -.25 -5 -19.6 -.25 -5 -19.6 -.25 .9
4 15 -21.2 -.25 3.2 -19.6 -.25 .9 -15.9 -.25 -2.9 -19.3 -.25 3.2
4 15 -14.4 -.25 -5 -15.9 -.25 -2.9 -19.6 -.25 .9 -16.2 -.25 -5
4 15 -15.9 -.25 -2.9 -14.4 -.25 -5 -14.4 -.25 3.2 -15.9 -.25 3.2
4 15 15.4 -.25 -5 15.4 -.25 .9 13.8 -.25 3.2 13.8 -.25 -5
4 15 19.1 -.25 -2.9 15.7 -.25 3.2 13.8 -.25 3.2 15.4 -.25 .9
4 15 20.6 -.25 -5 19.1 -.25 -2.9 15.4 -.25 .9 18.8 -.25 -5
4 15 19.1 -.25 -2.9 20.6 -.25 -5 20.6 -.25 3.2 19.1 -.25 3.2
3 4 -7.5 -.25 32.5 -27.5 -.25 32.5 -17.7 -.25 28
4 4 -13.7 -.25 24.1 -7.5 -.25 26 -7.5 -.25 32.5 -17.7 -.25 28
4 4 -13.7 -.25 24.1 -7.5 -.25 23.7 7.5 -.25 26 -7.5 -.25 26
3 4 17.1 -.25 29.1 7.5 -.25 26 13.1 -.25 25.2
4 4 7.5 -.25 26 17.1 -.25 29.1 27.5 -.25 32.5 7.5 -.25 32.5
4 4 -7.5 -.25 23.7 -13.7 -.25 24.1 -17.1 -.25 16.1 -7.5 -.25 13
3 4 -13.7 -.25 24.1 -17.1 -.25 24.1 -17.1 -.25 16.1
3 4 -27.5 -.25 32.5 -21.7 -.25 24.1 -17.7 -.25 28
3 4 -27.5 -.25 32.5 -27.5 -.25 13 -21.7 -.25 24.1
3 4 -18.3 -.25 24.1 -21.7 -.25 24.1 -27.5 -.25 13
4 4 -18.8 -.25 13 -18.3 -.25 16.1 -18.3 -.25 24.1 -27.5 -.25 13
4 4 -16.3 -.25 13 -17.1 -.25 16.1 -18.3 -.25 16.1 -18.8 -.25 13
3 4 -17.1 -.25 16.1 -16.3 -.25 13 -7.5 -.25 13
4 4 -7.5 -.25 23.7 7.5 -.25 23.7 13.1 -.25 25.2 7.5 -.25 26
4 4 7.5 -.25 23.7 13.1 -.25 19 16.5 -.25 25.2 13.1 -.25 25.2
3 4 16.5 -.25 25.2 13.1 -.25 19 16.5 -.25 19
4 4 17.7 -.25 25.2 17.7 -.25 19 21.1 -.25 19 21.1 -.25 25.2
4 4 7.5 -.25 23.7 7.5 -.25 13 17.1 -.25 15.1 13.1 -.25 19
3 4 17.1 -.25 15.1 7.5 -.25 13 27.5 -.25 13
3 4 21.1 -.25 19 17.1 -.25 15.1 27.5 -.25 13
4 4 21.1 -.25 25.2 21.1 -.25 19 27.5 -.25 13 27.5 -.25 32.5
3 4 27.5 -.25 32.5 17.1 -.25 29.1 21.1 -.25 25.2
3 4 -15.9 -.25 3.2 -19.3 -.25 3.2 -15.9 -.25 -2.9
4 4 -16.3 -.25 7 -18.8 -.25 7 -19.3 -.25 3.2 -15.9 -.25 3.2
3 4 -19.6 -.25 .9 -19.6 -.25 -5 -16.2 -.25 -5
4 4 -18.8 -.25 -7.5 -16.3 -.25 -7.5 -16.2 -.25 -5 -19.6 -.25 -5
4 4 -27.5 -.25 7 -21.2 -.25 3.2 -19.3 -.25 3.2 -18.8 -.25 7
4 4 -7.5 -.25 7 -16.3 -.25 7 -15.9 -.25 3.2 -14.4 -.25 3.2
4 4 -7.5 -.25 -7.5 -7.5 -.25 7 -14.4 -.25 3.2 -14.4 -.25 -5
4 4 -16.2 -.25 -5 -16.3 -.25 -7.5 -7.5 -.25 -7.5 -14.4 -.25 -5
4 4 -27.5 -.25 -7.5 -18.8 -.25 -7.5 -19.6 -.25 -5 -21.2 -.25 -5
4 4 -21.2 -.25 -5 -21.2 -.25 3.2 -27.5 -.25 7 -27.5 -.25 -7.5
4 4 -16.3 -.25 13 -18.8 -.25 13 -18.8 -.25 7 -16.3 -.25 7
4 4 7.5 -.25 -7.5 13.8 -.25 -5 13.8 -.25 3.2 7.5 -.25 7
3 4 15.4 -.25 -5 13.8 -.25 -5 7.5 -.25 -7.5
4 4 18.8 -.25 -5 15.4 -.25 -5 7.5 -.25 -7.5 27.5 -.25 -7.5
3 4 15.4 -.25 .9 15.4 -.25 -5 18.8 -.25 -5
3 4 19.1 -.25 3.2 15.7 -.25 3.2 19.1 -.25 -2.9
3 4 7.5 -.25 7 13.8 -.25 3.2 15.7 -.25 3.2
4 4 15.7 -.25 3.2 19.1 -.25 3.2 27.5 -.25 7 7.5 -.25 7
3 4 27.5 -.25 7 19.1 -.25 3.2 20.6 -.25 3.2
4 4 20.6 -.25 3.2 20.6 -.25 -5 27.5 -.25 -7.5 27.5 -.25 7
3 4 20.6 -.25 -5 18.8 -.25 -5 27.5 -.25 -7.5
4 4 -17.1 -.25 -17.9 -18.8 -.25 -13.5 -27.5 -.25 -13.5 -18.3 -.25 -17.9
4 4 -17.1 -.25 -17.9 -16.3 -.25 -13.5 -16.3 -.25 -7.5 -18.8 -.25 -13.5
3 4 -16.3 -.25 -7.5 -18.8 -.25 -7.5 -18.8 -.25 -13.5
4 4 -16.3 -.25 -13.5 -17.1 -.25 -17.9 -17.1 -.25 -25.9 -7.5 -.25 -13.5
3 4 -7.5 -.25 -13.5 -17.1 -.25 -25.9 -13.7 -.25 -25.9
3 4 -18.3 -.25 -17.9 -21.7 -.25 -25.9 -18.3 -.25 -25.9
4 4 -27.5 -.25 -33 -21.7 -.25 -25.9 -18.3 -.25 -17.9 -27.5 -.25 -13.5
3 4 -21.7 -.25 -25.9 -27.5 -.25 -33 -17.7 -.25 -29.8
3 4 -17.7 -.25 -29.8 -27.5 -.25 -33 -7.5 -.25 -33
3 4 -13.7 -.25 -25.9 -17.7 -.25 -29.8 -7.5 -.25 -33
3 4 -7.5 -.25 -13.5 -13.7 -.25 -25.9 -7.5 -.25 -33
4 0 -24.45 -.25 -38.8 -24.45 -.25 -40.05 -24.05 -.25 -39.65 -24.25 -.25 -38.8
4 0 -23.8 -.25 -40.15 -24.05 -.25 -39.65 -24.45 -.25 -40.05 -24.4 -.25 -40.65
4 0 -24.4 -.25 -40.65 -24.25 -.25 -41.1 -23.45 -.25 -40.45 -23.8 -.25 -40.15
4 0 -24.25 -.25 -41.1 -23.95 -.25 -41.35 -23.6 -.25 -41.4 -23.45 -.25 -40.45
3 0 -23.45 -.25 -40.45 -23.6 -.25 -41.4 -22.95 -.25 -40.55
4 72 -27.5 -.25 -33 -24.45 -.25 -42.1 -24.4 -.25 -40.65 -24.45 -.25 -40.05
3 72 -24.4 -.25 -40.65 -24.45 -.25 -42.1 -24.25 -.25 -41.1
4 72 -24.45 -.25 -42.1 -24.25 -.25 -42.1 -23.95 -.25 -41.35 -24.25 -.25 -41.1
4 72 -24.05 -.25 -42.95 -23.6 -.25 -41.4 -23.95 -.25 -41.35 -24.25 -.25 -42.1
4 72 -23.45 -.25 -43.75 -23.6 -.25 -41.4 -24.05 -.25 -42.95 -23.8 -.25 -43.45
4 0 -24.45 -.25 -42.1 -24.45 -.25 -43.35 -24.05 -.25 -42.95 -24.25 -.25 -42.1
4 0 -24.45 -.25 -43.35 -24.4 -.25 -43.95 -23.8 -.25 -43.45 -24.05 -.25 -42.95
4 0 -23.45 -.25 -43.75 -23.8 -.25 -43.45 -24.4 -.25 -43.95 -24.25 -.25 -44.4
4 0 -23.6 -.25 -44.7 -23.45 -.25 -43.75 -24.25 -.25 -44.4 -23.95 -.25 -44.65
3 0 -23.45 -.25 -43.75 -23.6 -.25 -44.7 -22.95 -.25 -43.85
4 72 -24.25 -.25 -45.4 -24.25 -.25 -44.4 -24.4 -.25 -43.95 -24.45 -.25 -45.4
3 72 -24.25 -.25 -44.4 -24.25 -.25 -45.4 -23.95 -.25 -44.65
4 72 -23.95 -.25 -44.65 -24.25 -.25 -45.4 -24.05 -.25 -46.25 -23.6 -.25 -44.7
4 72 -24.05 -.25 -46.25 -23.8 -.25 -46.75 -23.45 -.25 -47.05 -23.6 -.25 -44.7
4 0 -24.45 -.25 -45.4 -24.45 -.25 -46.65 -24.05 -.25 -46.25 -24.25 -.25 -45.4
4 0 -23.8 -.25 -46.75 -24.05 -.25 -46.25 -24.45 -.25 -46.65 -24.4 -.25 -47.25
4 0 -24.4 -.25 -47.25 -24.25 -.25 -47.7 -23.45 -.25 -47.05 -23.8 -.25 -46.75
4 0 -23.6 -.25 -48 -23.45 -.25 -47.05 -24.25 -.25 -47.7 -23.95 -.25 -47.95
3 0 -23.45 -.25 -47.05 -23.6 -.25 -48 -22.95 -.25 -47.15
4 72 -27.5 -.25 -56.5 -24.45 -.25 -48.7 -24.4 -.25 -47.25 -24.45 -.25 -46.65
4 72 -24.4 -.25 -47.25 -24.45 -.25 -48.7 -24.25 -.25 -48.7 -24.25 -.25 -47.7
3 72 -24.25 -.25 -47.7 -24.25 -.25 -48.7 -23.95 -.25 -47.95
3 72 -23.95 -.25 -47.95 -24.25 -.25 -48.7 -23.6 -.25 -48
4 72 -24.25 -.25 -48.7 -24.05 -.25 -49.55 -23.8 -.25 -50.05 -23.6 -.25 -48
4 72 -22.95 -.25 -50.45 -23.6 -.25 -48 -23.8 -.25 -50.05 -23.45 -.25 -50.35
4 0 -24.45 -.25 -48.7 -24.45 -.25 -49.95 -24.05 -.25 -49.55 -24.25 -.25 -48.7
4 0 -23.8 -.25 -50.05 -24.05 -.25 -49.55 -24.45 -.25 -49.95 -24.4 -.25 -50.55
4 0 -24.4 -.25 -50.55 -24.25 -.25 -51 -23.45 -.25 -50.35 -23.8 -.25 -50.05
4 0 -24.25 -.25 -51 -23.95 -.25 -51.25 -23.6 -.25 -51.3 -23.45 -.25 -50.35
3 0 -23.45 -.25 -50.35 -23.6 -.25 -51.3 -22.95 -.25 -50.45
4 0 -9.35 -.25 -38.8 -9.55 -.25 -38.8 -9.75 -.25 -39.65 -9.35 -.25 -40.05
4 0 -10 -.25 -40.15 -9.4 -.25 -40.65 -9.35 -.25 -40.05 -9.75 -.25 -39.65
4 0 -9.4 -.25 -40.65 -10 -.25 -40.15 -10.35 -.25 -40.45 -9.55 -.25 -41.1
3 0 -10.35 -.25 -40.45 -9.85 -.25 -41.35 -9.55 -.25 -41.1
4 0 -9.85 -.25 -41.35 -10.35 -.25 -40.45 -10.85 -.25 -40.55 -10.2 -.25 -41.4
4 72 -9.4 -.25 -40.65 -9.35 -.25 -42.1 -7.45 -.25 -40.05 -9.35 -.25 -40.05
4 72 -9.4 -.25 -40.65 -9.55 -.25 -41.1 -9.55 -.25 -42.1 -9.35 -.25 -42.1
3 72 -9.55 -.25 -41.1 -9.85 -.25 -41.35 -9.55 -.25 -42.1
3 72 -9.85 -.25 -41.35 -10.2 -.25 -41.4 -9.55 -.25 -42.1
4 72 -10 -.25 -43.45 -9.75 -.25 -42.95 -9.55 -.25 -42.1 -10.2 -.25 -41.4
4 72 -10 -.25 -43.45 -10.2 -.25 -41.4 -10.85 -.25 -43.85 -10.35 -.25 -43.75
4 0 -9.35 -.25 -42.1 -9.55 -.25 -42.1 -9.75 -.25 -42.95 -9.35 -.25 -43.35
4 0 -9.35 -.25 -43.35 -9.75 -.25 -42.95 -10 -.25 -43.45 -9.4 -.25 -43.95
4 0 -10.35 -.25 -43.75 -9.55 -.25 -44.4 -9.4 -.25 -43.95 -10 -.25 -43.45
3 0 -10.35 -.25 -43.75 -9.85 -.25 -44.65 -9.55 -.25 -44.4
4 0 -9.85 -.25 -44.65 -10.35 -.25 -43.75 -10.85 -.25 -43.85 -10.2 -.25 -44.7
4 72 -9.4 -.25 -43.95 -9.35 -.25 -45.4 -7.45 -.25 -43.35 -9.35 -.25 -43.35
3 72 -9.4 -.25 -43.95 -9.55 -.25 -44.4 -9.35 -.25 -45.4
4 72 -9.35 -.25 -45.4 -9.55 -.25 -44.4 -9.85 -.25 -44.65 -9.55 -.25 -45.4
4 72 -9.85 -.25 -44.65 -10.2 -.25 -44.7 -9.75 -.25 -46.25 -9.55 -.25 -45.4
4 72 -10.35 -.25 -47.05 -10 -.25 -46.75 -9.75 -.25 -46.25 -10.2 -.25 -44.7
4 72 -23.6 -.25 -44.7 -10.85 -.25 -47.15 -10.35 -.25 -47.05 -10.2 -.25 -44.7
4 0 -9.35 -.25 -45.4 -9.55 -.25 -45.4 -9.75 -.25 -46.25 -9.35 -.25 -46.65
4 0 -10 -.25 -46.75 -9.4 -.25 -47.25 -9.35 -.25 -46.65 -9.75 -.25 -46.25
4 0 -10.35 -.25 -47.05 -9.55 -.25 -47.7 -9.4 -.25 -47.25 -10 -.25 -46.75
3 0 -10.35 -.25 -47.05 -9.85 -.25 -47.95 -9.55 -.25 -47.7
4 0 -10.85 -.25 -47.15 -10.2 -.25 -48 -9.85 -.25 -47.95 -10.35 -.25 -47.05
4 72 -9.4 -.25 -47.25 -9.35 -.25 -48.7 -7.45 -.25 -46.65 -9.35 -.25 -46.65
4 72 -9.4 -.25 -47.25 -9.55 -.25 -47.7 -9.55 -.25 -48.7 -9.35 -.25 -48.7
3 72 -9.55 -.25 -47.7 -9.85 -.25 -47.95 -9.55 -.25 -48.7
3 72 -9.85 -.25 -47.95 -10.2 -.25 -48 -9.55 -.25 -48.7
4 72 -9.55 -.25 -48.7 -10.2 -.25 -48 -10 -.25 -50.05 -9.75 -.25 -49.55
4 72 -10.85 -.25 -50.45 -10.35 -.25 -50.35 -10 -.25 -50.05 -10.2 -.25 -48
4 0 -9.35 -.25 -48.7 -9.55 -.25 -48.7 -9.75 -.25 -49.55 -9.35 -.25 -49.95
4 0 -10 -.25 -50.05 -9.4 -.25 -50.55 -9.35 -.25 -49.95 -9.75 -.25 -49.55
4 0 -9.4 -.25 -50.55 -10 -.25 -50.05 -10.35 -.25 -50.35 -9.55 -.25 -51
3 0 -10.35 -.25 -50.35 -9.85 -.25 -51.25 -9.55 -.25 -51
4 0 -9.85 -.25 -51.25 -10.35 -.25 -50.35 -10.85 -.25 -50.45 -10.2 -.25 -51.3
4 72 -24.25 -.25 -38.8 -24.05 -.25 -39.65 -9.75 -.25 -39.65 -9.55 -.25 -38.8
4 72 -9.75 -.25 -39.65 -24.05 -.25 -39.65 -23.8 -.25 -40.15 -10 -.25 -40.15
4 72 -10.35 -.25 -40.45 -10 -.25 -40.15 -23.8 -.25 -40.15 -23.45 -.25 -40.45
4 0 -7.05 -.25 -39.65 -7.25 -.25 -38.8 -7.45 -.25 -38.8 -7.45 -.25 -40.05
4 0 -7.45 -.25 -40.05 -7.4 -.25 -40.65 -6.8 -.25 -40.15 -7.05 -.25 -39.65
4 0 -6.45 -.25 -40.45 -6.8 -.25 -40.15 -7.4 -.25 -40.65 -7.25 -.25 -41.1
4 0 -6.6 -.25 -41.4 -6.45 -.25 -40.45 -7.25 -.25 -41.1 -6.95 -.25 -41.35
3 0 -6.45 -.25 -40.45 -6.6 -.25 -41.4 -5.95 -.25 -40.55
4 72 -7.4 -.25 -40.65 -7.45 -.25 -40.05 -9.35 -.25 -42.1 -7.45 -.25 -42.1
3 72 -7.4 -.25 -40.65 -7.45 -.25 -42.1 -7.25 -.25 -41.1
4 72 -7.45 -.25 -42.1 -7.25 -.25 -42.1 -6.95 -.25 -41.35 -7.25 -.25 -41.1
4 72 -6.95 -.25 -41.35 -7.25 -.25 -42.1 -7.05 -.25 -42.95 -6.6 -.25 -41.4
4 72 -6.45 -.25 -43.75 -6.6 -.25 -41.4 -7.05 -.25 -42.95 -6.8 -.25 -43.45
4 0 -7.45 -.25 -42.1 -7.45 -.25 -43.35 -7.05 -.25 -42.95 -7.25 -.25 -42.1
4 0 -6.8 -.25 -43.45 -7.05 -.25 -42.95 -7.45 -.25 -43.35 -7.4 -.25 -43.95
4 0 -6.45 -.25 -43.75 -6.8 -.25 -43.45 -7.4 -.25 -43.95 -7.25 -.25 -44.4
4 0 -6.6 -.25 -44.7 -6.45 -.25 -43.75 -7.25 -.25 -44.4 -6.95 -.25 -44.65
3 0 -6.45 -.25 -43.75 -6.6 -.25 -44.7 -5.95 -.25 -43.85
4 72 -7.4 -.25 -43.95 -7.45 -.25 -43.35 -9.35 -.25 -45.4 -7.45 -.25 -45.4
4 72 -7.4 -.25 -43.95 -7.45 -.25 -45.4 -7.25 -.25 -45.4 -7.25 -.25 -44.4
3 72 -7.25 -.25 -44.4 -7.25 -.25 -45.4 -6.95 -.25 -44.65
4 72 -6.95 -.25 -44.65 -7.25 -.25 -45.4 -7.05 -.25 -46.25 -6.6 -.25 -44.7
4 72 -7.05 -.25 -46.25 -6.8 -.25 -46.75 -6.45 -.25 -47.05 -6.6 -.25 -44.7
4 72 6.15 -.25 -47.15 -6.6 -.25 -44.7 -6.45 -.25 -47.05 -5.95 -.25 -47.15
4 0 -7.45 -.25 -45.4 -7.45 -.25 -46.65 -7.05 -.25 -46.25 -7.25 -.25 -45.4
4 0 -6.8 -.25 -46.75 -7.05 -.25 -46.25 -7.45 -.25 -46.65 -7.4 -.25 -47.25
4 0 -7.4 -.25 -47.25 -7.25 -.25 -47.7 -6.45 -.25 -47.05 -6.8 -.25 -46.75
4 0 -7.25 -.25 -47.7 -6.95 -.25 -47.95 -6.6 -.25 -48 -6.45 -.25 -47.05
3 0 -6.45 -.25 -47.05 -6.6 -.25 -48 -5.95 -.25 -47.15
4 72 -7.4 -.25 -47.25 -7.45 -.25 -46.65 -9.35 -.25 -48.7 -7.45 -.25 -48.7
4 72 -7.25 -.25 -48.7 -7.25 -.25 -47.7 -7.4 -.25 -47.25 -7.45 -.25 -48.7
3 72 -7.25 -.25 -47.7 -7.25 -.25 -48.7 -6.95 -.25 -47.95
4 72 -7.05 -.25 -49.55 -6.6 -.25 -48 -6.95 -.25 -47.95 -7.25 -.25 -48.7
4 72 -6.45 -.25 -50.35 -6.6 -.25 -48 -7.05 -.25 -49.55 -6.8 -.25 -50.05
4 0 -7.05 -.25 -49.55 -7.25 -.25 -48.7 -7.45 -.25 -48.7 -7.45 -.25 -49.95
4 0 -7.45 -.25 -49.95 -7.4 -.25 -50.55 -6.8 -.25 -50.05 -7.05 -.25 -49.55
4 0 -7.4 -.25 -50.55 -7.25 -.25 -51 -6.45 -.25 -50.35 -6.8 -.25 -50.05
4 0 -6.6 -.25 -51.3 -6.45 -.25 -50.35 -7.25 -.25 -51 -6.95 -.25 -51.25
3 0 -6.45 -.25 -50.35 -6.6 -.25 -51.3 -5.95 -.25 -50.45
3 0 7.65 -.25 -38.8 7.45 -.25 -38.8 7.65 -.25 -40.05
4 0 7.6 -.25 -40.65 7.65 -.25 -40.05 7.45 -.25 -38.8 7.25 -.25 -39.65
4 0 7.25 -.25 -39.65 7 -.25 -40.15 7.45 -.25 -41.1 7.6 -.25 -40.65
4 0 7.15 -.25 -41.35 7.45 -.25 -41.1 7 -.25 -40.15 6.65 -.25 -40.45
4 0 6.15 -.25 -40.55 6.8 -.25 -41.4 7.15 -.25 -41.35 6.65 -.25 -40.45
4 72 9.75 -.25 -42.1 7.65 -.25 -40.05 7.6 -.25 -40.65 7.65 -.25 -42.1
3 72 7.6 -.25 -40.65 7.45 -.25 -41.1 7.65 -.25 -42.1
4 72 7.15 -.25 -41.35 7.45 -.25 -42.1 7.65 -.25 -42.1 7.45 -.25 -41.1
3 72 7.15 -.25 -41.35 6.8 -.25 -41.4 7.45 -.25 -42.1
4 72 7.45 -.25 -42.1 6.8 -.25 -41.4 7 -.25 -43.45 7.25 -.25 -42.95
4 72 6.15 -.25 -43.85 6.65 -.25 -43.75 7 -.25 -43.45 6.8 -.25 -41.4
4 0 7.25 -.25 -42.95 7.65 -.25 -43.35 7.65 -.25 -42.1 7.45 -.25 -42.1
4 0 7.65 -.25 -43.35 7.25 -.25 -42.95 7 -.25 -43.45 7.6 -.25 -43.95
4 0 6.65 -.25 -43.75 7.45 -.25 -44.4 7.6 -.25 -43.95 7 -.25 -43.45
3 0 6.65 -.25 -43.75 7.15 -.25 -44.65 7.45 -.25 -44.4
4 0 7.15 -.25 -44.65 6.65 -.25 -43.75 6.15 -.25 -43.85 6.8 -.25 -44.7
4 72 7.6 -.25 -43.95 7.65 -.25 -45.4 9.75 -.25 -45.4 7.65 -.25 -43.35
3 72 7.6 -.25 -43.95 7.45 -.25 -44.4 7.65 -.25 -45.4
4 72 7.65 -.25 -45.4 7.45 -.25 -44.4 7.15 -.25 -44.65 7.45 -.25 -45.4
4 72 7.25 -.25 -46.25 7.45 -.25 -45.4 7.15 -.25 -44.65 6.8 -.25 -44.7
4 72 6.65 -.25 -47.05 7 -.25 -46.75 7.25 -.25 -46.25 6.8 -.25 -44.7
4 72 -6.6 -.25 -44.7 6.15 -.25 -47.15 6.65 -.25 -47.05 6.8 -.25 -44.7
4 0 7.25 -.25 -46.25 7.65 -.25 -46.65 7.65 -.25 -45.4 7.45 -.25 -45.4
4 0 7 -.25 -46.75 7.6 -.25 -47.25 7.65 -.25 -46.65 7.25 -.25 -46.25
4 0 7.6 -.25 -47.25 7 -.25 -46.75 6.65 -.25 -47.05 7.45 -.25 -47.7
3 0 6.65 -.25 -47.05 7.15 -.25 -47.95 7.45 -.25 -47.7
4 0 6.15 -.25 -47.15 6.8 -.25 -48 7.15 -.25 -47.95 6.65 -.25 -47.05
4 72 7.6 -.25 -47.25 7.65 -.25 -48.7 9.75 -.25 -48.7 7.65 -.25 -46.65
3 72 7.6 -.25 -47.25 7.45 -.25 -47.7 7.65 -.25 -48.7
4 72 7.15 -.25 -47.95 7.45 -.25 -48.7 7.65 -.25 -48.7 7.45 -.25 -47.7
3 72 7.15 -.25 -47.95 6.8 -.25 -48 7.45 -.25 -48.7
4 72 7 -.25 -50.05 7.25 -.25 -49.55 7.45 -.25 -48.7 6.8 -.25 -48
4 72 7 -.25 -50.05 6.8 -.25 -48 6.15 -.25 -50.45 6.65 -.25 -50.35
4 0 7.65 -.25 -48.7 7.45 -.25 -48.7 7.25 -.25 -49.55 7.65 -.25 -49.95
3 0 7.25 -.25 -49.55 7.6 -.25 -50.55 7.65 -.25 -49.95
4 0 7.25 -.25 -49.55 7 -.25 -50.05 7.45 -.25 -51 7.6 -.25 -50.55
4 0 7.15 -.25 -51.25 7.45 -.25 -51 7 -.25 -50.05 6.65 -.25 -50.35
4 0 6.15 -.25 -50.45 6.8 -.25 -51.3 7.15 -.25 -51.25 6.65 -.25 -50.35
4 72 -7.25 -.25 -38.8 -7.05 -.25 -39.65 7.25 -.25 -39.65 7.45 -.25 -38.8
4 72 -6.8 -.25 -40.15 7 -.25 -40.15 7.25 -.25 -39.65 -7.05 -.25 -39.65
4 72 6.65 -.25 -40.45 7 -.25 -40.15 -6.8 -.25 -40.15 -6.45 -.25 -40.45
4 0 9.75 -.25 -38.8 9.75 -.25 -40.05 10.15 -.25 -39.65 9.95 -.25 -38.8
4 0 10.4 -.25 -40.15 10.15 -.25 -39.65 9.75 -.25 -40.05 9.8 -.25 -40.65
4 0 9.8 -.25 -40.65 9.95 -.25 -41.1 10.75 -.25 -40.45 10.4 -.25 -40.15
4 0 9.95 -.25 -41.1 10.25 -.25 -41.35 10.6 -.25 -41.4 10.75 -.25 -40.45
3 0 10.75 -.25 -40.45 10.6 -.25 -41.4 11.25 -.25 -40.55
4 72 7.65 -.25 -40.05 9.75 -.25 -42.1 9.8 -.25 -40.65 9.75 -.25 -40.05
3 72 9.8 -.25 -40.65 9.75 -.25 -42.1 9.95 -.25 -41.1
4 72 9.75 -.25 -42.1 9.95 -.25 -42.1 10.25 -.25 -41.35 9.95 -.25 -41.1
4 72 10.25 -.25 -41.35 9.95 -.25 -42.1 10.15 -.25 -42.95 10.6 -.25 -41.4
4 72 10.75 -.25 -43.75 10.6 -.25 -41.4 10.15 -.25 -42.95 10.4 -.25 -43.45
3 72 10.6 -.25 -41.4 10.75 -.25 -43.75 11.25 -.25 -43.85
4 0 10.15 -.25 -42.95 9.95 -.25 -42.1 9.75 -.25 -42.1 9.75 -.25 -43.35
4 0 9.75 -.25 -43.35 9.8 -.25 -43.95 10.4 -.25 -43.45 10.15 -.25 -42.95
4 0 10.75 -.25 -43.75 10.4 -.25 -43.45 9.8 -.25 -43.95 9.95 -.25 -44.4
4 0 9.95 -.25 -44.4 10.25 -.25 -44.65 10.6 -.25 -44.7 10.75 -.25 -43.75
3 0 10.75 -.25 -43.75 10.6 -.25 -44.7 11.25 -.25 -43.85
4 72 7.65 -.25 -43.35 9.75 -.25 -45.4 9.8 -.25 -43.95 9.75 -.25 -43.35
4 72 9.95 -.25 -45.4 9.95 -.25 -44.4 9.8 -.25 -43.95 9.75 -.25 -45.4
3 72 9.95 -.25 -44.4 9.95 -.25 -45.4 10.25 -.25 -44.65
4 72 10.15 -.25 -46.25 10.6 -.25 -44.7 10.25 -.25 -44.65 9.95 -.25 -45.4
4 72 10.15 -.25 -46.25 10.4 -.25 -46.75 10.75 -.25 -47.05 10.6 -.25 -44.7
3 72 10.6 -.25 -44.7 10.75 -.25 -47.05 11.25 -.25 -47.15
4 0 10.15 -.25 -46.25 9.95 -.25 -45.4 9.75 -.25 -45.4 9.75 -.25 -46.65
4 0 10.4 -.25 -46.75 10.15 -.25 -46.25 9.75 -.25 -46.65 9.8 -.25 -47.25
4 0 10.75 -.25 -47.05 10.4 -.25 -46.75 9.8 -.25 -47.25 9.95 -.25 -47.7
4 0 10.6 -.25 -48 10.75 -.25 -47.05 9.95 -.25 -47.7 10.25 -.25 -47.95
3 0 10.75 -.25 -47.05 10.6 -.25 -48 11.25 -.25 -47.15
4 72 9.8 -.25 -47.25 9.75 -.25 -46.65 7.65 -.25 -46.65 9.75 -.25 -48.7
3 72 9.8 -.25 -47.25 9.75 -.25 -48.7 9.95 -.25 -47.7
4 72 9.75 -.25 -48.7 9.95 -.25 -48.7 10.25 -.25 -47.95 9.95 -.25 -47.7
3 72 10.25 -.25 -47.95 9.95 -.25 -48.7 10.6 -.25 -48
4 72 10.4 -.25 -50.05 10.6 -.25 -48 9.95 -.25 -48.7 10.15 -.25 -49.55
4 72 10.4 -.25 -50.05 10.75 -.25 -50.35 11.25 -.25 -50.45 10.6 -.25 -48
4 0 10.15 -.25 -49.55 9.95 -.25 -48.7 9.75 -.25 -48.7 9.75 -.25 -49.95
4 0 10.4 -.25 -50.05 10.15 -.25 -49.55 9.75 -.25 -49.95 9.8 -.25 -50.55
4 0 9.8 -.25 -50.55 9.95 -.25 -51 10.75 -.25 -50.35 10.4 -.25 -50.05
4 0 9.95 -.25 -51 10.25 -.25 -51.25 10.6 -.25 -51.3 10.75 -.25 -50.35
3 0 10.75 -.25 -50.35 10.6 -.25 -51.3 11.25 -.25 -50.45
4 0 24.45 -.25 -39.65 24.85 -.25 -40.05 24.85 -.25 -38.8 24.65 -.25 -38.8
4 0 24.85 -.25 -40.05 24.45 -.25 -39.65 24.2 -.25 -40.15 24.8 -.25 -40.65
4 0 24.8 -.25 -40.65 24.2 -.25 -40.15 23.85 -.25 -40.45 24.65 -.25 -41.1
3 0 23.85 -.25 -40.45 24.35 -.25 -41.35 24.65 -.25 -41.1
4 0 24.35 -.25 -41.35 23.85 -.25 -40.45 23.35 -.25 -40.55 24 -.25 -41.4
3 72 24.8 -.25 -40.65 24.65 -.25 -41.1 24.85 -.25 -42.1
4 72 24.85 -.25 -42.1 24.65 -.25 -41.1 24.35 -.25 -41.35 24.65 -.25 -42.1
3 72 24.35 -.25 -41.35 24 -.25 -41.4 24.65 -.25 -42.1
4 72 24.65 -.25 -42.1 24 -.25 -41.4 24.2 -.25 -43.45 24.45 -.25 -42.95
4 72 23.35 -.25 -43.85 23.85 -.25 -43.75 24.2 -.25 -43.45 24 -.25 -41.4
4 0 24.45 -.25 -42.95 24.85 -.25 -43.35 24.85 -.25 -42.1 24.65 -.25 -42.1
4 0 24.2 -.25 -43.45 24.8 -.25 -43.95 24.85 -.25 -43.35 24.45 -.25 -42.95
3 0 24.2 -.25 -43.45 24.65 -.25 -44.4 24.8 -.25 -43.95
4 0 24.35 -.25 -44.65 24.65 -.25 -44.4 24.2 -.25 -43.45 23.85 -.25 -43.75
4 0 23.35 -.25 -43.85 24 -.25 -44.7 24.35 -.25 -44.65 23.85 -.25 -43.75
3 72 24.8 -.25 -43.95 24.65 -.25 -44.4 24.85 -.25 -45.4
4 72 24.85 -.25 -45.4 24.65 -.25 -44.4 24.35 -.25 -44.65 24.65 -.25 -45.4
3 72 24.35 -.25 -44.65 24 -.25 -44.7 24.65 -.25 -45.4
4 72 24.65 -.25 -45.4 24 -.25 -44.7 24.2 -.25 -46.75 24.45 -.25 -46.25
4 72 23.35 -.25 -47.15 23.85 -.25 -47.05 24.2 -.25 -46.75 24 -.25 -44.7
4 0 24.85 -.25 -45.4 24.65 -.25 -45.4 24.45 -.25 -46.25 24.85 -.25 -46.65
3 0 24.45 -.25 -46.25 24.8 -.25 -47.25 24.85 -.25 -46.65
4 0 24.65 -.25 -47.7 24.8 -.25 -47.25 24.45 -.25 -46.25 24.2 -.25 -46.75
4 0 24.35 -.25 -47.95 24.65 -.25 -47.7 24.2 -.25 -46.75 23.85 -.25 -47.05
4 0 24.35 -.25 -47.95 23.85 -.25 -47.05 23.35 -.25 -47.15 24 -.25 -48
4 72 27.5 -.25 -56.5 24.85 -.25 -46.65 24.8 -.25 -47.25 24.85 -.25 -48.7
3 72 24.8 -.25 -47.25 24.65 -.25 -47.7 24.85 -.25 -48.7
4 72 24.85 -.25 -48.7 24.65 -.25 -47.7 24.35 -.25 -47.95 24.65 -.25 -48.7
3 72 24.35 -.25 -47.95 24 -.25 -48 24.65 -.25 -48.7
4 72 24.2 -.25 -50.05 24.45 -.25 -49.55 24.65 -.25 -48.7 24 -.25 -48
4 72 23.35 -.25 -50.45 23.85 -.25 -50.35 24.2 -.25 -50.05 24 -.25 -48
4 0 24.45 -.25 -49.55 24.85 -.25 -49.95 24.85 -.25 -48.7 24.65 -.25 -48.7
4 0 24.85 -.25 -49.95 24.45 -.25 -49.55 24.2 -.25 -50.05 24.8 -.25 -50.55
3 0 24.2 -.25 -50.05 24.65 -.25 -51 24.8 -.25 -50.55
4 0 24.35 -.25 -51.25 24.65 -.25 -51 24.2 -.25 -50.05 23.85 -.25 -50.35
4 0 23.35 -.25 -50.45 24 -.25 -51.3 24.35 -.25 -51.25 23.85 -.25 -50.35
4 72 24.45 -.25 -39.65 24.65 -.25 -38.8 9.95 -.25 -38.8 10.15 -.25 -39.65
4 72 24.45 -.25 -39.65 10.15 -.25 -39.65 10.4 -.25 -40.15 24.2 -.25 -40.15
4 72 23.85 -.25 -40.45 24.2 -.25 -40.15 10.4 -.25 -40.15 10.75 -.25 -40.45
3 72 -7.45 -.25 -38.8 -9.35 -.25 -40.05 -7.45 -.25 -40.05
4 72 -9.35 -.25 -42.1 -9.35 -.25 -43.35 -7.45 -.25 -43.35 -7.45 -.25 -42.1
4 72 -7.45 -.25 -46.65 -7.45 -.25 -45.4 -9.35 -.25 -45.4 -9.35 -.25 -46.65
4 72 -9.35 -.25 -48.7 -9.35 -.25 -49.95 -7.45 -.25 -49.95 -7.45 -.25 -48.7
4 72 -9.35 -.25 -49.95 -9.4 -.25 -50.55 -7.4 -.25 -50.55 -7.45 -.25 -49.95
4 72 -7.25 -.25 -51 -7.4 -.25 -50.55 -9.4 -.25 -50.55 -9.55 -.25 -51
4 72 -9.85 -.25 -51.25 -6.95 -.25 -51.25 -7.25 -.25 -51 -9.55 -.25 -51
4 72 -10.2 -.25 -51.3 -6.6 -.25 -51.3 -6.95 -.25 -51.25 -9.85 -.25 -51.25
3 72 10.25 -.25 -51.25 7.15 -.25 -51.25 10.6 -.25 -51.3
4 72 7.15 -.25 -51.25 10.25 -.25 -51.25 9.95 -.25 -51 7.45 -.25 -51
4 72 9.8 -.25 -50.55 7.6 -.25 -50.55 7.45 -.25 -51 9.95 -.25 -51
4 72 9.75 -.25 -49.95 7.65 -.25 -49.95 7.6 -.25 -50.55 9.8 -.25 -50.55
4 72 7.65 -.25 -49.95 9.75 -.25 -49.95 9.75 -.25 -48.7 7.65 -.25 -48.7
4 72 7.65 -.25 -46.65 9.75 -.25 -46.65 9.75 -.25 -45.4 7.65 -.25 -45.4
4 72 7.65 -.25 -43.35 9.75 -.25 -43.35 9.75 -.25 -42.1 7.65 -.25 -42.1
4 72 7.65 -.25 -38.8 7.65 -.25 -40.05 9.75 -.25 -40.05 9.75 -.25 -38.8
3 72 24.8 -.25 39.45 24.65 -.25 39 27.5 -.25 32.5
3 72 24.65 -.25 39 24.35 -.25 38.75 27.5 -.25 32.5
3 72 24.35 -.25 38.75 24 -.25 38.7 27.5 -.25 32.5
3 72 10.6 -.25 38.7 6.8 -.25 38.7 7.5 -.25 32.5
3 72 -6.6 -.25 38.7 -10.2 -.25 38.7 -7.5 -.25 32.5
4 72 -10.2 -.25 38.7 -23.6 -.25 38.7 -27.5 -.25 32.5 -7.5 -.25 32.5
3 72 -24.25 -.25 39 -27.5 -.25 32.5 -23.95 -.25 38.75
3 72 -23.95 -.25 38.75 -27.5 -.25 32.5 -23.6 -.25 38.7
3 72 7.5 -.25 23.7 -7.5 -.25 23.7 -7.5 -.25 13
4 72 -7.5 -.25 7 7.5 -.25 13 7.5 -.25 23.7 -7.5 -.25 13
4 72 -18.8 -.25 7 -18.8 -.25 13 -27.5 -.25 13 -27.5 -.25 7
4 72 -16.3 -.25 13 -16.3 -.25 7 -7.5 -.25 7 -7.5 -.25 13
4 72 7.5 -.25 13 7.5 -.25 7 27.5 -.25 7 27.5 -.25 13
4 72 7.5 -.25 13 -7.5 -.25 7 -7.5 -.25 -7.5 7.5 -.25 7
4 72 -7.5 -.25 -13.5 7.5 -.25 -7.5 7.5 -.25 7 -7.5 -.25 -7.5
4 72 -27.5 -.25 -7.5 -27.5 -.25 -13.5 -18.8 -.25 -13.5 -18.8 -.25 -7.5
4 72 -7.5 -.25 -13.5 -7.5 -.25 -7.5 -16.3 -.25 -7.5 -16.3 -.25 -13.5
4 72 -7.5 -.25 -33 27.5 -.25 -7.5 7.5 -.25 -7.5 -7.5 -.25 -13.5
3 72 -27.5 -.25 -33 -24.45 -.25 -38.8 -24.25 -.25 -38.8
4 72 -9.55 -.25 -38.8 -7.5 -.25 -33 -27.5 -.25 -33 -24.25 -.25 -38.8
3 72 -7.5 -.25 -33 -9.55 -.25 -38.8 -9.35 -.25 -38.8
4 72 -9.35 -.25 -40.05 -7.45 -.25 -38.8 -7.5 -.25 -33 -9.35 -.25 -38.8
3 72 -7.5 -.25 -33 -7.45 -.25 -38.8 -7.25 -.25 -38.8
3 72 -7.5 -.25 -33 -7.25 -.25 -38.8 7.45 -.25 -38.8
3 72 -7.5 -.25 -33 7.45 -.25 -38.8 7.65 -.25 -38.8
4 72 9.75 -.25 -38.8 27.5 -.25 -7.5 -7.5 -.25 -33 7.65 -.25 -38.8
3 72 27.5 -.25 -7.5 9.75 -.25 -38.8 9.95 -.25 -38.8
3 72 27.5 -.25 -7.5 9.95 -.25 -38.8 24.65 -.25 -38.8
3 72 27.5 -.25 -7.5 24.65 -.25 -38.8 24.85 -.25 -38.8
4 0 -22.95 -.25 49.45 -23.6 -.25 48.6 -10.2 -.25 48.6 -10.85 -.25 49.45
4 0 -22.95 -.25 46.15 -23.6 -.25 45.3 -10.2 -.25 45.3 -10.85 -.25 46.15
4 0 -10.2 -.25 42 -10.85 -.25 42.85 -22.95 -.25 42.85 -23.6 -.25 42
4 0 -22.95 -.25 39.55 -23.6 -.25 38.7 -10.2 -.25 38.7 -10.85 -.25 39.55
4 0 -5.95 -.25 49.45 -6.6 -.25 48.6 6.8 -.25 48.6 6.15 -.25 49.45
4 0 6.8 -.25 45.3 6.15 -.25 46.15 -5.95 -.25 46.15 -6.6 -.25 45.3
4 0 -5.95 -.25 42.85 -6.6 -.25 42 6.8 -.25 42 6.15 -.25 42.85
4 0 6.8 -.25 38.7 6.15 -.25 39.55 -5.95 -.25 39.55 -6.6 -.25 38.7
4 0 11.25 -.25 49.45 10.6 -.25 48.6 24 -.25 48.6 23.35 -.25 49.45
4 0 24 -.25 45.3 23.35 -.25 46.15 11.25 -.25 46.15 10.6 -.25 45.3
4 0 11.25 -.25 42.85 10.6 -.25 42 24 -.25 42 23.35 -.25 42.85
4 0 24 -.25 38.7 23.35 -.25 39.55 11.25 -.25 39.55 10.6 -.25 38.7
4 72 -22.95 -.25 49.45 -10.85 -.25 49.45 -10.35 -.25 49.55 -23.45 -.25 49.55
4 72 -6.45 -.25 49.55 -5.95 -.25 49.45 6.15 -.25 49.45 6.65 -.25 49.55
4 72 23.85 -.25 49.55 10.75 -.25 49.55 11.25 -.25 49.45 23.35 -.25 49.45
4 72 -10.2 -.25 48.6 -23.6 -.25 48.6 -22.95 -.25 46.15 -10.85 -.25 46.15
4 72 -22.95 -.25 42.85 -10.85 -.25 42.85 -10.2 -.25 45.3 -23.6 -.25 45.3
4 72 -5.95 -.25 46.15 6.15 -.25 46.15 6.8 -.25 48.6 -6.6 -.25 48.6
4 72 -6.45 -.25 42.95 -5.95 -.25 42.85 6.15 -.25 42.85 -6.6 -.25 45.3
3 72 6.8 -.25 45.3 -6.6 -.25 45.3 6.15 -.25 42.85
4 72 -6.45 -.25 39.65 -5.95 -.25 39.55 6.15 -.25 39.55 -6.6 -.25 42
4 72 11.25 -.25 46.15 23.35 -.25 46.15 24 -.25 48.6 10.6 -.25 48.6
4 72 24 -.25 45.3 10.6 -.25 45.3 11.25 -.25 42.85 23.35 -.25 42.85
4 72 -24.45 -.25 49.95 -24.45 -.25 51.2 -26.5 -.25 57.5 -27.5 -.25 56.5
3 72 -26.5 -.25 57.5 -24.45 -.25 51.2 -24.25 -.25 51.2
3 72 -26.5 -.25 57.5 -24.25 -.25 51.2 -9.55 -.25 51.2
3 72 -26.5 -.25 57.5 -9.55 -.25 51.2 -9.35 -.25 51.2
3 72 -26.5 -.25 57.5 -9.35 -.25 51.2 -7.45 -.25 51.2
3 72 -26.5 -.25 57.5 -7.45 -.25 51.2 -7.25 -.25 51.2
3 72 -26.5 -.25 57.5 -7.25 -.25 51.2 7.45 -.25 51.2
4 72 24.65 -.25 51.2 24.85 -.25 51.2 27.5 -.25 56.5 26.5 -.25 57.5
3 72 26.5 -.25 57.5 9.95 -.25 51.2 24.65 -.25 51.2
3 72 26.5 -.25 57.5 9.75 -.25 51.2 9.95 -.25 51.2
3 72 26.5 -.25 57.5 7.65 -.25 51.2 9.75 -.25 51.2
4 72 -26.5 -.25 57.5 7.45 -.25 51.2 7.65 -.25 51.2 26.5 -.25 57.5
3 72 24.85 -.25 40.05 24.8 -.25 39.45 27.5 -.25 32.5
3 72 24.85 -.25 41.3 24.85 -.25 40.05 27.5 -.25 32.5
3 72 24.85 -.25 44.6 24.85 -.25 43.35 27.5 -.25 32.5
4 72 24.8 -.25 46.05 24.85 -.25 44.6 27.5 -.25 32.5 24.85 -.25 46.65
4 72 24.85 -.25 46.65 27.5 -.25 32.5 27.5 -.25 56.5 24.85 -.25 47.9
4 72 24.8 -.25 49.35 24.85 -.25 47.9 27.5 -.25 56.5 24.85 -.25 49.95
3 72 27.5 -.25 56.5 24.85 -.25 51.2 24.85 -.25 49.95
4 72 24 -.25 42 10.6 -.25 42 11.25 -.25 39.55 23.35 -.25 39.55
4 72 10.6 -.25 38.7 7.5 -.25 32.5 27.5 -.25 32.5 24 -.25 38.7
4 72 7.5 -.25 32.5 6.8 -.25 38.7 -6.6 -.25 38.7 -7.5 -.25 32.5
4 72 -7.5 -.25 26 7.5 -.25 26 7.5 -.25 32.5 -7.5 -.25 32.5
3 72 -24.4 -.25 39.45 -27.5 -.25 32.5 -24.25 -.25 39
3 72 -24.45 -.25 40.05 -27.5 -.25 32.5 -24.4 -.25 39.45
3 72 -24.45 -.25 41.3 -27.5 -.25 32.5 -24.45 -.25 40.05
4 72 -24.4 -.25 42.75 -24.45 -.25 43.35 -27.5 -.25 32.5 -24.45 -.25 41.3
3 72 -24.45 -.25 44.6 -27.5 -.25 32.5 -24.45 -.25 43.35
4 72 -27.5 -.25 56.5 -27.5 -.25 32.5 -24.45 -.25 46.65 -24.45 -.25 47.9
4 72 -24.4 -.25 49.35 -24.45 -.25 49.95 -27.5 -.25 56.5 -24.45 -.25 47.9
4 0 -10.2 -.25 -41.4 -10.85 -.25 -40.55 -22.95 -.25 -40.55 -23.6 -.25 -41.4
4 0 -22.95 -.25 -43.85 -23.6 -.25 -44.7 -10.2 -.25 -44.7 -10.85 -.25 -43.85
4 0 -23.6 -.25 -48 -10.2 -.25 -48 -10.85 -.25 -47.15 -22.95 -.25 -47.15
4 0 -23.6 -.25 -51.3 -10.2 -.25 -51.3 -10.85 -.25 -50.45 -22.95 -.25 -50.45
4 0 -6.6 -.25 -41.4 6.8 -.25 -41.4 6.15 -.25 -40.55 -5.95 -.25 -40.55
4 0 -6.6 -.25 -44.7 6.8 -.25 -44.7 6.15 -.25 -43.85 -5.95 -.25 -43.85
4 0 -6.6 -.25 -48 6.8 -.25 -48 6.15 -.25 -47.15 -5.95 -.25 -47.15
4 0 6.15 -.25 -50.45 -5.95 -.25 -50.45 -6.6 -.25 -51.3 6.8 -.25 -51.3
4 0 23.35 -.25 -40.55 11.25 -.25 -40.55 10.6 -.25 -41.4 24 -.25 -41.4
4 0 10.6 -.25 -44.7 24 -.25 -44.7 23.35 -.25 -43.85 11.25 -.25 -43.85
4 0 23.35 -.25 -47.15 11.25 -.25 -47.15 10.6 -.25 -48 24 -.25 -48
4 0 23.35 -.25 -50.45 11.25 -.25 -50.45 10.6 -.25 -51.3 24 -.25 -51.3
4 72 23.85 -.25 -40.45 10.75 -.25 -40.45 11.25 -.25 -40.55 23.35 -.25 -40.55
4 72 24 -.25 -41.4 10.6 -.25 -41.4 11.25 -.25 -43.85 23.35 -.25 -43.85
4 72 24 -.25 -44.7 10.6 -.25 -44.7 11.25 -.25 -47.15 23.35 -.25 -47.15
4 72 11.25 -.25 -50.45 23.35 -.25 -50.45 24 -.25 -48 10.6 -.25 -48
4 72 6.65 -.25 -40.45 -6.45 -.25 -40.45 -5.95 -.25 -40.55 6.15 -.25 -40.55
4 72 -6.45 -.25 -43.75 -5.95 -.25 -43.85 6.15 -.25 -43.85 -6.6 -.25 -41.4
3 72 6.8 -.25 -41.4 -6.6 -.25 -41.4 6.15 -.25 -43.85
4 72 -6.45 -.25 -50.35 -5.95 -.25 -50.45 6.15 -.25 -50.45 -6.6 -.25 -48
3 72 6.8 -.25 -48 -6.6 -.25 -48 6.15 -.25 -50.45
4 72 -10.35 -.25 -40.45 -23.45 -.25 -40.45 -22.95 -.25 -40.55 -10.85 -.25 -40.55
4 72 -23.45 -.25 -43.75 -22.95 -.25 -43.85 -10.85 -.25 -43.85 -23.6 -.25 -41.4
3 72 -10.2 -.25 -41.4 -23.6 -.25 -41.4 -10.85 -.25 -43.85
4 72 -23.45 -.25 -47.05 -22.95 -.25 -47.15 -10.85 -.25 -47.15 -23.6 -.25 -44.7
4 72 -22.95 -.25 -50.45 -10.85 -.25 -50.45 -10.2 -.25 -48 -23.6 -.25 -48
4 72 -26.5 -.25 -57.5 -23.95 -.25 -51.25 -24.25 -.25 -51 -27.5 -.25 -56.5
3 72 -23.95 -.25 -51.25 -26.5 -.25 -57.5 -23.6 -.25 -51.3
3 72 -10.2 -.25 -51.3 -23.6 -.25 -51.3 -26.5 -.25 -57.5
3 72 -6.6 -.25 -51.3 -10.2 -.25 -51.3 -26.5 -.25 -57.5
4 72 -6.6 -.25 -51.3 -26.5 -.25 -57.5 26.5 -.25 -57.5 6.8 -.25 -51.3
4 72 7.15 -.25 -51.25 6.8 -.25 -51.3 26.5 -.25 -57.5 10.6 -.25 -51.3
3 72 24 -.25 -51.3 10.6 -.25 -51.3 26.5 -.25 -57.5
4 72 27.5 -.25 -56.5 24.35 -.25 -51.25 24 -.25 -51.3 26.5 -.25 -57.5
3 72 24.65 -.25 -51 24.35 -.25 -51.25 27.5 -.25 -56.5
3 72 -27.5 -.25 -33 -24.45 -.25 -40.05 -24.45 -.25 -38.8
3 72 -27.5 -.25 -33 -24.45 -.25 -43.35 -24.45 -.25 -42.1
4 72 -24.4 -.25 -43.95 -24.45 -.25 -43.35 -27.5 -.25 -33 -24.45 -.25 -45.4
4 72 -27.5 -.25 -33 -27.5 -.25 -56.5 -24.45 -.25 -46.65 -24.45 -.25 -45.4
3 72 -24.45 -.25 -48.7 -27.5 -.25 -56.5 -24.45 -.25 -49.95
3 72 -24.45 -.25 -49.95 -27.5 -.25 -56.5 -24.4 -.25 -50.55
3 72 -24.4 -.25 -50.55 -27.5 -.25 -56.5 -24.25 -.25 -51
3 72 24.8 -.25 -50.55 24.65 -.25 -51 27.5 -.25 -56.5
3 72 24.85 -.25 -49.95 24.8 -.25 -50.55 27.5 -.25 -56.5
3 72 24.85 -.25 -48.7 24.85 -.25 -49.95 27.5 -.25 -56.5
3 72 24.85 -.25 -45.4 24.85 -.25 -46.65 27.5 -.25 -56.5
4 72 24.8 -.25 -43.95 24.85 -.25 -45.4 27.5 -.25 -56.5 24.85 -.25 -43.35
3 72 24.85 -.25 -42.1 24.85 -.25 -43.35 27.5 -.25 -56.5
4 72 24.8 -.25 -40.65 24.85 -.25 -42.1 27.5 -.25 -56.5 24.85 -.25 -40.05
4 72 27.5 -.25 -7.5 24.85 -.25 -38.8 24.85 -.25 -40.05 27.5 -.25 -56.5

1 16 -26.5 0 56.5 0 0 -1 0 -1 0 1 0 0 1-4chrd.dat
1 16 26.5 0 56.5 1 0 0 0 -1 0 0 0 1 1-4chrd.dat
1 16 -26.5 0 -56.5 -1 0 0 0 -1 0 0 0 -1 1-4chrd.dat
1 16 26.5 0 -56.5 0 0 1 0 -1 0 -1 0 0 1-4chrd.dat
4 16 -27.5 0 56.5 -26.5 0 57.5 26.5 0 57.5 27.5 0 56.5
4 16 26.5 0 -57.5 -26.5 0 -57.5 -27.5 0 -56.5 27.5 0 -56.5
4 16 27.5 0 56.5 27.5 0 -56.5 -27.5 0 -56.5 -27.5 0 56.5

1 16 -26.5 -.25 56.5 0 0 -1 0 .25 0 1 0 0 1-4cyli.dat
1 16 26.5 -.25 56.5 1 0 0 0 .25 0 0 0 1 1-4cyli.dat
1 16 -26.5 -.25 -56.5 -1 0 0 0 .25 0 0 0 -1 1-4cyli.dat
1 16 26.5 -.25 -56.5 0 0 1 0 .25 0 -1 0 0 1-4cyli.dat
4 16 26.5 -.25 -57.5 -26.5 -.25 -57.5 -26.5 0 -57.5 26.5 0 -57.5
4 16 27.5 -.25 56.5 27.5 -.25 -56.5 27.5 0 -56.5 27.5 0 56.5
4 16 -26.5 -.25 57.5 26.5 -.25 57.5 26.5 0 57.5 -26.5 0 57.5
4 16 -27.5 -.25 -56.5 -27.5 -.25 56.5 -27.5 0 56.5 -27.5 0 -56.5
