0 Sticker  0.7 x  1.7 with Queasy Rider and Seagull
0 Name: 6234010i.dat
0 Author: Evert-Jan Boer [ejboer]
0 !LDRAW_ORG Unofficial_Part 
0 !LICENSE Redistributable under CCAL version 2.0 : see CAreadme.txt

0 BFC CERTIFY CCW

0 !KEYWORDS Set 10261, Roller Coaster


1 15 16.5 -.25 -6.5 0 0 1 0 1 0 -1 0 0 1-4chrd.dat
1 73 -16.5 -.25 -6.5 -1 0 0 0 1 0 0 0 -1 1-4chrd.dat
1 15 -16.5 -.25 6.5 0 0 -1 0 1 0 1 0 0 1-4chrd.dat
1 15 16.5 -.25 6.5 1 0 0 0 1 0 0 0 1 1-8chrd.dat
1 0 16.5 -.25 6.5 .70711 0 -.70711 0 1 0 .70711 0 .70711 1-8chrd.dat
4 14 -2.65 -.25 -2.65 -2.75 -.25 -4.95 -1.65 -.25 -4.9 -1.55 -.25 -2.1
4 14 -.25 -.25 -4.7 1 -.25 -4.35 -1.55 -.25 -2.1 -1.65 -.25 -4.9
4 14 1 -.25 -4.35 2.3 -.25 -3.85 -.1 -.25 -1.55 -1.55 -.25 -2.1
4 14 -.1 -.25 -1.55 2.3 -.25 -3.85 3.25 -.25 -3.4 1.5 -.25 -.95
3 14 2.4 -.25 -.6 1.5 -.25 -.95 3.25 -.25 -3.4
4 14 3.25 -.25 -3.4 4.15 -.25 -3.1 2.9 -.25 -.35 2.4 -.25 -.6
3 14 2.9 -.25 -.35 4.15 -.25 -3.1 4.65 -.25 -3
4 14 4.5 -.25 -.4 2.9 -.25 -.35 4.65 -.25 -3 5.45 -.25 -.8
4 14 2.9 -.25 -.35 4.5 -.25 -.4 3.95 -.25 -.1 3.25 -.25 -.05
3 14 3.45 -.25 .2 3.25 -.25 -.05 3.95 -.25 -.1
4 14 5.45 -.25 -.8 4.65 -.25 -3 5 -.25 -3.05 6.2 -.25 -.9
4 14 6.2 -.25 -.9 5 -.25 -3.05 5.25 -.25 -3.3 7.15 -.25 -.8
4 14 5.25 -.25 -3.3 5.35 -.25 -3.6 7.2 -.25 -1.6 7.15 -.25 -.8
4 14 7.4 -.25 -2.55 7.2 -.25 -1.6 5.35 -.25 -3.6 5.35 -.25 -4
3 14 7.4 -.25 -2.55 5.35 -.25 -4 7.75 -.25 -3.35
4 14 7.65 -.25 -5.45 7.75 -.25 -3.35 5.35 -.25 -4 5.15 -.25 -4.45
4 14 8.15 -.25 -4.9 8.2 -.25 -4 7.75 -.25 -3.35 7.65 -.25 -5.45
3 14 8.2 -.25 -4 8.15 -.25 -4.9 8.6 -.25 -4.4
4 14 6.75 -.25 -6.2 7.65 -.25 -5.45 5.15 -.25 -4.45 4.5 -.25 -5.2
4 14 5.7 -.25 -6.9 6.75 -.25 -6.2 4.5 -.25 -5.2 3.6 -.25 -6.15
4 14 4.75 -.25 -7.5 5.7 -.25 -6.9 3.6 -.25 -6.15 2.85 -.25 -6.8
4 14 -2.75 -.25 -4.95 -2.65 -.25 -2.65 -3.45 -.25 -3.25 -3.9 -.25 -3.7
4 14 -2.75 -.25 -4.95 -3.9 -.25 -3.7 -4.2 -.25 -4.15 -3.2 -.25 -5.1
4 14 -4.45 -.25 -4.7 -3.45 -.25 -5.25 -3.2 -.25 -5.1 -4.2 -.25 -4.15
3 14 -4.45 -.25 -4.7 -4.5 -.25 -5.15 -4.4 -.25 -5.5
3 14 -3.45 -.25 -5.25 -4.25 -.25 -5.85 -3.55 -.25 -5.5
4 14 -4.45 -.25 -4.7 -4.4 -.25 -5.5 -4.25 -.25 -5.85 -3.45 -.25 -5.25
4 14 -3.6 -.25 -5.85 -3.55 -.25 -5.5 -4.25 -.25 -5.85 -4 -.25 -6.05
4 14 -3.75 -.25 -6.1 -3.6 -.25 -6.1 -3.6 -.25 -5.85 -4 -.25 -6.05
4 71 11.2 -.25 -3.1 10.9 -.25 -3 10.75 -.25 -3.25 11.5 -.25 -3.6
4 71 11.5 -.25 -3.6 10.75 -.25 -3.25 11.35 -.25 -4.35 12 -.25 -4.15
3 71 12.6 -.25 -3.85 12.35 -.25 -4.1 12.85 -.25 -4.35
4 71 12.6 -.25 -3.85 12.85 -.25 -4.35 13.15 -.25 -3.75 12.8 -.25 -3.45
4 71 13.5 -.25 -3.95 13.15 -.25 -3.75 12.85 -.25 -4.35 13.45 -.25 -4.5
4 71 13.9 -.25 -4.05 13.5 -.25 -3.95 13.45 -.25 -4.5 13.85 -.25 -4.6
4 71 14.25 -.25 -4.6 14.45 -.25 -4.4 13.9 -.25 -4.05 13.85 -.25 -4.6
4 71 14.55 -.25 -4.05 14.55 -.25 -3.65 13.9 -.25 -4.05 14.45 -.25 -4.4
4 71 14.85 -.25 -3.2 14 -.25 -3.55 13.9 -.25 -4.05 14.55 -.25 -3.65
3 71 14.3 -.25 -3.05 14 -.25 -3.55 14.85 -.25 -3.2
4 71 14.3 -.25 -3.05 14 -.25 -2.9 13.75 -.25 -3.1 14 -.25 -3.55
4 71 15.05 -.25 -3.75 15.3 -.25 -3.2 14.85 -.25 -3.2 14.55 -.25 -3.65
4 71 15.3 -.25 -3.2 15.05 -.25 -3.75 15.5 -.25 -3.75 15.8 -.25 -3.7
4 71 15.3 -.25 -3.2 15.8 -.25 -3.7 15.9 -.25 -3.5 15.9 -.25 -3.2
3 71 15.8 -.25 -2.9 15.3 -.25 -3.2 15.9 -.25 -3.2
4 71 15.1 -.25 -2.8 15.3 -.25 -3.2 15.8 -.25 -2.9 15.65 -.25 -2.4
4 71 16.1 -.25 -2.85 16.4 -.25 -2.7 15.65 -.25 -2.4 15.8 -.25 -2.9
4 71 15.8 -.25 -1.95 15.65 -.25 -2.4 16.4 -.25 -2.7 16.4 -.25 -2.5
3 71 15.8 -.25 -1.95 16.4 -.25 -2.5 16.35 -.25 -2.3
4 71 15.8 -.25 -1.95 15.85 -.25 -1.4 15 -.25 -1.75 15.65 -.25 -2.4
4 71 16.4 -.25 -1.65 16.8 -.25 -1.3 15.85 -.25 -1.4 15.8 -.25 -1.95
3 71 16.9 -.25 -1.1 15.85 -.25 -1.4 16.8 -.25 -1.3
4 71 16.8 -.25 -.85 16.6 -.25 -.8 15.85 -.25 -1.4 16.9 -.25 -1.1
4 71 16.1 -.25 -.85 15.55 -.25 -1.25 15.85 -.25 -1.4 16.6 -.25 -.8
4 71 15.55 -.25 -1.25 16.1 -.25 -.85 15.45 -.25 -.8 15.2 -.25 -1.1
4 71 15.45 -.25 -.8 15 -.25 -.7 14.85 -.25 -.85 15.2 -.25 -1.1
4 73 -16.95 -.25 2.5 -14.4 -.25 -5.8 -13.85 -.25 -4.05 -16.25 -.25 3.7
3 73 -16.25 -.25 3.7 -13.85 -.25 -4.05 -13.25 -.25 -2.4
3 73 -16.25 -.25 3.7 -13.25 -.25 -2.4 -12.45 -.25 -.55
4 73 -12.45 -.25 -.55 -11.6 -.25 1.25 -15.35 -.25 4.95 -16.25 -.25 3.7
4 73 -13.85 -.25 4.7 -15.35 -.25 4.95 -11.6 -.25 1.25 -10.85 -.25 2.6
4 73 -11.55 -.25 4.3 -13.85 -.25 4.7 -10.85 -.25 2.6 -10.4 -.25 3.5
4 73 -10.4 -.25 3.5 -10.35 -.25 3.95 -10.6 -.25 4.1 -11.55 -.25 4.3
3 73 -13.4 -.25 -4.1 -13.85 -.25 -5.55 -14.1 -.25 -6.7
4 73 -14.1 -.25 -6.7 -13.5 -.25 -6.35 -12.15 -.25 -4.6 -13.4 -.25 -4.1
3 73 -12.15 -.25 -4.6 -13.5 -.25 -6.35 -12.85 -.25 -6.1
4 73 -12.15 -.25 -4.6 -11.4 -.25 -2.95 -12.75 -.25 -2.4 -13.4 -.25 -4.1
4 73 -11.4 -.25 -2.95 -10.7 -.25 -1.65 -12.1 -.25 -.85 -12.75 -.25 -2.4
3 73 -10.2 -.25 -.7 -12.1 -.25 -.85 -10.7 -.25 -1.65
4 73 -12.1 -.25 -.85 -10.2 -.25 -.7 -10.3 -.25 -.05 -11.4 -.25 .7
4 73 -10.85 -.25 1.75 -11.4 -.25 .7 -10.3 -.25 -.05 -10.45 -.25 1.2
3 73 -10.55 -.25 2.3 -10.85 -.25 1.75 -10.45 -.25 1.2
3 73 -10.4 -.25 -3.4 -11.8 -.25 -5.6 -11.4 -.25 -5.45
4 73 -10.4 -.25 -3.4 -10.45 -.25 -2.75 -10.85 -.25 -2.85 -11.35 -.25 -3.95
3 73 -10.4 -.25 -2.1 -10.85 -.25 -2.85 -10.45 -.25 -2.75
4 73 -11.4 -.25 -5.45 -10.75 -.25 -5.5 -10.2 -.25 -3.95 -10.4 -.25 -3.4
4 73 -9.85 -.25 -4.55 -10.2 -.25 -3.95 -10.75 -.25 -5.5 -10.05 -.25 -5.65
4 73 -9.4 -.25 -4.9 -9.85 -.25 -4.55 -10.05 -.25 -5.65 -9.2 -.25 -5.9
3 73 -9.4 -.25 -4.9 -9.2 -.25 -5.9 -8.95 -.25 -5.15
4 73 -1.65 -.25 -7.3 -.55 -.25 -7.5 -.95 -.25 -6.65 -1.5 -.25 -6.7
4 73 1.15 -.25 -7.5 -.4 -.25 -6.5 -.95 -.25 -6.65 -.55 -.25 -7.5
4 73 1.15 -.25 -7.5 1.6 -.25 -7.1 .4 -.25 -5.7 .05 -.25 -6.15
4 73 .75 -.25 -5.2 .4 -.25 -5.7 1.6 -.25 -7.1 2.4 -.25 -6.5
4 73 2.4 -.25 -6.5 3.25 -.25 -5.8 .9 -.25 -4.9 .75 -.25 -5.2
4 73 3.25 -.25 -5.8 3.95 -.25 -5.1 1.95 -.25 -4.6 .9 -.25 -4.9
4 73 2.85 -.25 -4.2 1.95 -.25 -4.6 3.95 -.25 -5.1 4.45 -.25 -4.55
3 73 3.75 -.25 -3.75 2.85 -.25 -4.2 4.45 -.25 -4.55
4 73 4.3 -.25 -3.55 3.75 -.25 -3.75 4.45 -.25 -4.55 4.7 -.25 -4.15
3 73 4.55 -.25 -3.5 4.3 -.25 -3.55 4.75 -.25 -3.6
4 73 4.3 -.25 -3.55 4.7 -.25 -4.15 4.85 -.25 -3.8 4.75 -.25 -3.6
4 73 6.3 -.25 -7.1 5.6 -.25 -7.5 8.6 -.25 -7.5 8.7 -.25 -6.9
4 73 7.3 -.25 -6.4 6.3 -.25 -7.1 8.7 -.25 -6.9 8.8 -.25 -6.2
4 73 8.8 -.25 -6.2 8.85 -.25 -5.6 7.95 -.25 -5.8 7.3 -.25 -6.4
3 73 8.4 -.25 -5.35 7.95 -.25 -5.8 8.85 -.25 -5.6
4 73 8.85 -.25 -5.6 8.8 -.25 -5.25 8.6 -.25 -5.2 8.4 -.25 -5.35
3 73 .05 -.25 -6.15 -.4 -.25 -6.5 1.15 -.25 -7.5
4 14 2.2 -.25 -7.3 2 -.25 -7.5 4.75 -.25 -7.5 2.85 -.25 -6.8
3 2 -9.6 -.25 -6.95 -8.6 -.25 -7.15 -9.25 -.25 -7
3 2 -9.6 -.25 -7.25 -9.25 -.25 -7.4 -8.95 -.25 -7.5
4 2 -9.6 -.25 -6.95 -9.6 -.25 -7.25 -8.95 -.25 -7.5 -8.6 -.25 -7.15
3 2 -8.6 -.25 -7.15 -8.95 -.25 -7.5 -7.55 -.25 -7.5
4 484 -8.45 -.25 -2.95 -8.9 -.25 -2.85 -8.6 -.25 -3.2 -8.2 -.25 -3.35
4 484 -8.6 -.25 -2.6 -9.15 -.25 -2.4 -8.9 -.25 -2.85 -8.45 -.25 -2.95
4 484 -9.15 -.25 -2.4 -8.6 -.25 -2.6 -8.7 -.25 -2.2 -9.25 -.25 -2
4 484 -8.75 -.25 -1.8 -9.3 -.25 -1.55 -9.25 -.25 -2 -8.7 -.25 -2.2
4 484 -9.25 -.25 -1.15 -9.3 -.25 -1.55 -8.75 -.25 -1.8 -8.7 -.25 -1.35
4 484 -9.1 -.25 -.8 -9.25 -.25 -1.15 -8.7 -.25 -1.35 -8.55 -.25 -1
4 484 -8.75 -.25 -.4 -9.1 -.25 -.8 -8.55 -.25 -1 -8.3 -.25 -.65
4 484 -8.4 -.25 -.15 -8.75 -.25 -.4 -8.3 -.25 -.65 -8 -.25 -.35
4 484 -8 -.25 -.35 -7.85 -.25 -.2 -8.05 -.25 -.05 -8.4 -.25 -.15
3 484 -7.75 -.25 -.05 -8.05 -.25 -.05 -7.85 -.25 -.2
4 15 -2.915 -.25 -1.215 -2.75 -.25 -1.283 -2.915 -.25 -.885 -2.983 -.25 -1.05
4 15 -2.75 -.25 -1.283 -2.585 -.25 -.885 -2.75 -.25 -.817 -2.915 -.25 -.885
4 15 -2.585 -.25 -1.215 -2.517 -.25 -1.05 -2.585 -.25 -.885 -2.75 -.25 -1.283
3 15 -5.883 -.25 -.5 -5.815 -.25 -.665 -5.65 -.25 -.733
3 15 -5.65 -.25 -.267 -5.815 -.25 -.335 -5.485 -.25 -.335
4 15 -5.883 -.25 -.5 -5.65 -.25 -.733 -5.485 -.25 -.335 -5.815 -.25 -.335
4 15 -5.485 -.25 -.665 -5.417 -.25 -.5 -5.485 -.25 -.335 -5.65 -.25 -.733
4 0 -6.6 -.25 -.6 -6.95 -.25 -.55 -6.95 -.25 -.75 -6.65 -.25 -.85
4 0 -5.55 -.25 -1.6 -5.35 -.25 -1.55 -5.5 -.25 -1.35 -5.85 -.25 -1.35
4 0 -5.4 -.25 -1.8 -5.3 -.25 -1.75 -5.35 -.25 -1.55 -5.55 -.25 -1.6
4 0 -5.883 -.25 -.5 -5.815 -.25 -.335 -6.1 -.25 -.2 -6.25 -.25 -.45
4 0 -5.815 -.25 -.335 -5.7 -.25 0 -5.95 -.25 -.1 -6.1 -.25 -.2
4 0 -5.65 -.25 -.267 -5.4 -.25 -.05 -5.7 -.25 0 -5.815 -.25 -.335
4 0 -5.4 -.25 -.05 -5.65 -.25 -.267 -5.485 -.25 -.335 -5.2 -.25 -.25
4 0 -5.2 -.25 -.25 -5.485 -.25 -.335 -5.417 -.25 -.5 -5.15 -.25 -.5
4 0 -3.45 -.25 -2.15 -3.15 -.25 -1.95 -3.45 -.25 -2 -3.55 -.25 -2.1
3 0 -3.2 -.25 -1.8 -3.45 -.25 -2 -3.15 -.25 -1.95
4 0 -3.2 -.25 -1.8 -3.15 -.25 -1.95 -2.85 -.25 -1.95 -2.75 -.25 -1.283
4 0 -2.915 -.25 -1.215 -3.35 -.25 -1.5 -3.2 -.25 -1.8 -2.75 -.25 -1.283
3 0 -3.4 -.25 -1.15 -3.35 -.25 -1.5 -2.915 -.25 -1.215
4 0 -2.983 -.25 -1.05 -3.35 -.25 -.9 -3.4 -.25 -1.15 -2.915 -.25 -1.215
4 0 -3.35 -.25 -.9 -2.983 -.25 -1.05 -2.915 -.25 -.885 -3.2 -.25 -.7
4 0 -2.915 -.25 -.885 -2.75 -.25 -.817 -2.9 -.25 -.55 -3.2 -.25 -.7
4 0 -2.65 -.25 -.55 -2.9 -.25 -.55 -2.75 -.25 -.817 -2.4 -.25 -.7
4 0 -2.585 -.25 -.885 -2.25 -.25 -.9 -2.4 -.25 -.7 -2.75 -.25 -.817
4 0 -2.517 -.25 -1.05 -2.2 -.25 -1.15 -2.25 -.25 -.9 -2.585 -.25 -.885
4 0 -2.2 -.25 -1.15 -2.517 -.25 -1.05 -2.585 -.25 -1.215 -2.2 -.25 -1.55
4 0 -2.75 -.25 -1.283 -2.85 -.25 -1.95 -2.2 -.25 -1.55 -2.585 -.25 -1.215
4 0 -2.85 -.25 -2.1 -2.65 -.25 -2.65 -1.55 -.25 -2.1 -2.85 -.25 -1.95
4 0 -1.55 -.25 -2.1 -1.55 -.25 -1.5 -2.2 -.25 -1.55 -2.85 -.25 -1.95
4 0 -1.55 -.25 -1.5 -1.55 -.25 -2.1 -.1 -.25 -1.55 -.7 -.25 -1.15
4 0 .25 -.25 -.8 -.7 -.25 -1.15 -.1 -.25 -1.55 1.5 -.25 -.95
4 0 -3.15 -.25 -2.3 -3.5 -.25 -2.55 -3.75 -.25 -2.8 -2.65 -.25 -2.65
4 0 -5.3 -.25 -2.25 -5.35 -.25 -2.35 -5.25 -.25 -2.8 -4.9 -.25 -2.8
3 0 -5.25 -.25 -2.8 -5.35 -.25 -3 -5.2 -.25 -3.25
4 0 -4.9 -.25 -2.8 -5.25 -.25 -2.8 -5.2 -.25 -3.25 -5.05 -.25 -3.1
4 0 -5.5 -.25 -3.15 -5.3 -.25 -3.35 -5.2 -.25 -3.25 -5.35 -.25 -3
4 0 -5.55 -.25 -3.3 -5.45 -.25 -3.55 -5.3 -.25 -3.35 -5.5 -.25 -3.15
4 0 -5.05 -.25 -3.1 -4.45 -.25 -3.1 -4.25 -.25 -2.8 -4.9 -.25 -2.8
4 0 -2.65 -.25 -2.65 -3.75 -.25 -2.8 -4.45 -.25 -3.1 -3.45 -.25 -3.25
3 0 -3.75 -.25 -2.8 -4 -.25 -2.8 -4.45 -.25 -3.1
4 0 -3.45 -.25 -3.25 -4.45 -.25 -3.1 -4.35 -.25 -3.3 -3.9 -.25 -3.7
4 0 -4.5 -.25 -3.5 -4.65 -.25 -3.75 -3.9 -.25 -3.7 -4.35 -.25 -3.3
4 0 -4.65 -.25 -3.75 -4.8 -.25 -4.05 -4.2 -.25 -4.15 -3.9 -.25 -3.7
4 0 -4.8 -.25 -4.05 -4.95 -.25 -4.55 -4.45 -.25 -4.7 -4.2 -.25 -4.15
4 484 -5.3 -.25 -3.35 -5.45 -.25 -3.55 -5.45 -.25 -3.7 -5.05 -.25 -3.35
3 484 -5.05 -.25 -3.35 -5.45 -.25 -3.7 -4.75 -.25 -3.4
4 484 -5.25 -.25 -3.9 -4.65 -.25 -3.75 -4.75 -.25 -3.4 -5.45 -.25 -3.7
3 484 -4.65 -.25 -3.75 -5.25 -.25 -3.9 -4.8 -.25 -4.05
3 484 -4.75 -.25 -3.4 -4.65 -.25 -3.75 -4.5 -.25 -3.5
4 0 -6.65 -.25 1.5 -6.9 -.25 1.25 -6.75 -.25 1.15 -6.4 -.25 1.35
4 0 -6.25 -.25 1.8 -6.65 -.25 1.5 -6.4 -.25 1.35 -6 -.25 1.5
4 0 -6 -.25 1.5 -5.6 -.25 1.55 -5.85 -.25 1.95 -6.25 -.25 1.8
4 0 -5.4 -.25 2 -5.85 -.25 1.95 -5.6 -.25 1.55 -5.05 -.25 1.95
4 0 -5.05 -.25 1.5 -4.65 -.25 1.75 -5.05 -.25 1.95 -5.6 -.25 1.55
3 0 -4.7 -.25 1.4 -4.45 -.25 1.25 -4.25 -.25 1.35
4 0 -5.05 -.25 1.5 -4.7 -.25 1.4 -4.25 -.25 1.35 -4.65 -.25 1.75
4 0 -3.3 -.25 1 -2.75 -.25 1.35 -3.15 -.25 1.3 -3.4 -.25 1.15
4 0 -2.75 -.25 1.35 -3.3 -.25 1 -2.35 -.25 1 -2.25 -.25 1.3
4 0 -1.85 -.25 1.15 -2.25 -.25 1.3 -2.35 -.25 1 -2 -.25 .85
4 0 -1.5 -.25 .9 -1.85 -.25 1.15 -2 -.25 .85 -1.65 -.25 .55
4 0 -1.15 -.25 .45 -1.5 -.25 .9 -1.65 -.25 .55 -1.4 -.25 .25
4 0 -1.25 -.25 0 -1.05 -.25 .05 -1.15 -.25 .45 -1.4 -.25 .25
3 484 -4.25 -.25 2.15 -4.2 -.25 1.85 -3.825 -.25 2.125
4 484 -4.2 -.25 1.85 -3.95 -.25 1.5 -3.85 -.25 1.75 -3.825 -.25 2.125
4 484 -3.825 -.25 2.125 -3.85 -.25 1.75 -3.55 -.25 1.7 -3.375 -.25 2.075
3 484 -3.375 -.25 2.075 -3.2 -.25 1.65 -2.9 -.25 2
3 484 -3.55 -.25 1.7 -3.6 -.25 1.55 -3.5 -.25 1.5
4 484 -3.375 -.25 2.075 -3.55 -.25 1.7 -3.5 -.25 1.5 -3.2 -.25 1.65
4 14 -3.05 -.25 -5.8 -2.25 -.25 -6 -2.4 -.25 -5.45 -3 -.25 -5.55
4 14 -2.25 -.25 -6 -1.65 -.25 -6.1 -1.65 -.25 -5.35 -2.4 -.25 -5.45
4 14 -1.65 -.25 -5.35 -1.65 -.25 -6.1 -1.15 -.25 -6.1 -.7 -.25 -5.95
4 14 -.7 -.25 -5.95 -.35 -.25 -5.7 -1 -.25 -5.3 -1.65 -.25 -5.35
4 14 -.35 -.25 -5.7 -.15 -.25 -5.5 -.45 -.25 -5.25 -1 -.25 -5.3
3 14 .05 -.25 -5.15 -.45 -.25 -5.25 -.15 -.25 -5.5
4 14 -4.7 -.25 -6.1 -8.35 -.25 -5.35 -8.55 -.25 -5.9 -4.35 -.25 -6.45
4 14 -3.8 -.25 -6.9 -3.9 -.25 -6.65 -4.35 -.25 -6.45 -8.55 -.25 -5.9
4 14 -3.8 -.25 -6.9 -2.25 -.25 -7.2 -3.55 -.25 -6.65 -3.9 -.25 -6.65
4 14 -3.35 -.25 -6.55 -3.55 -.25 -6.65 -2.25 -.25 -7.2 -2.1 -.25 -6.6
3 14 -3.2 -.25 -6.4 -3.35 -.25 -6.55 -2.1 -.25 -6.6
3 14 -5.2 -.25 -3.25 -5.3 -.25 -3.35 -5.05 -.25 -3.35
4 14 -5.05 -.25 -3.35 -4.75 -.25 -3.4 -5.05 -.25 -3.1 -5.2 -.25 -3.25
3 14 -4.45 -.25 -3.1 -5.05 -.25 -3.1 -4.35 -.25 -3.3
4 14 -5.05 -.25 -3.1 -4.75 -.25 -3.4 -4.5 -.25 -3.5 -4.35 -.25 -3.3
4 0 -4.5 -.25 -5.15 -4.45 -.25 -4.7 -4.95 -.25 -4.55 -5 -.25 -5
4 0 -4.5 -.25 -5.15 -5 -.25 -5 -5 -.25 -5.35 -4.4 -.25 -5.5
4 0 -4.4 -.25 -5.5 -5 -.25 -5.35 -4.7 -.25 -6.1 -4.25 -.25 -5.85
4 0 -4.25 -.25 -5.85 -4.7 -.25 -6.1 -4.35 -.25 -6.45 -4 -.25 -6.05
4 0 -4 -.25 -6.05 -4.35 -.25 -6.45 -3.9 -.25 -6.65 -3.75 -.25 -6.1
4 0 -3.75 -.25 -6.1 -3.9 -.25 -6.65 -3.55 -.25 -6.65 -3.6 -.25 -6.1
4 0 -3.35 -.25 -6.55 -3.2 -.25 -6.4 -3.6 -.25 -6.1 -3.55 -.25 -6.65
4 0 -3.05 -.25 -5.8 -3.6 -.25 -6.1 -3.2 -.25 -6.4 -2.25 -.25 -6
4 0 -3.6 -.25 -5.85 -3.6 -.25 -6.1 -3.05 -.25 -5.8 -3.55 -.25 -5.5
3 0 -3.2 -.25 -5.1 -3.45 -.25 -5.25 -3.55 -.25 -5.5
4 0 -3.05 -.25 -5.8 -3 -.25 -5.55 -3.2 -.25 -5.1 -3.55 -.25 -5.5
4 0 -2.75 -.25 -4.95 -3.2 -.25 -5.1 -3 -.25 -5.55 -2.4 -.25 -5.45
4 0 -1.65 -.25 -4.9 -2.75 -.25 -4.95 -2.4 -.25 -5.45 -1.65 -.25 -5.35
3 0 -.25 -.25 -4.7 -1.65 -.25 -4.9 -1.65 -.25 -5.35
4 0 .05 -.25 -5.15 -.25 -.25 -4.7 -1.65 -.25 -5.35 -1 -.25 -5.3
3 0 .05 -.25 -5.15 -1 -.25 -5.3 -.45 -.25 -5.25
4 0 .9 -.25 -4.9 1 -.25 -4.35 -.25 -.25 -4.7 .05 -.25 -5.15
4 0 1.95 -.25 -4.6 2.3 -.25 -3.85 1 -.25 -4.35 .9 -.25 -4.9
4 0 2.3 -.25 -3.85 1.95 -.25 -4.6 2.85 -.25 -4.2 3.25 -.25 -3.4
4 0 3.25 -.25 -3.4 2.85 -.25 -4.2 3.75 -.25 -3.75 4.15 -.25 -3.1
3 0 4.15 -.25 -3.1 3.75 -.25 -3.75 4.3 -.25 -3.55
4 0 4.55 -.25 -3.5 4.65 -.25 -3 4.15 -.25 -3.1 4.3 -.25 -3.55
4 0 5 -.25 -3.05 4.65 -.25 -3 4.55 -.25 -3.5 4.75 -.25 -3.6
4 0 4.75 -.25 -3.6 5.35 -.25 -3.6 5.25 -.25 -3.3 5 -.25 -3.05
4 0 4.85 -.25 -3.8 5.35 -.25 -4 5.35 -.25 -3.6 4.75 -.25 -3.6
4 0 4.85 -.25 -3.8 4.7 -.25 -4.15 5.15 -.25 -4.45 5.35 -.25 -4
3 0 4.7 -.25 -4.15 4.45 -.25 -4.55 5.15 -.25 -4.45
4 0 4.45 -.25 -4.55 3.95 -.25 -5.1 4.5 -.25 -5.2 5.15 -.25 -4.45
4 0 3.95 -.25 -5.1 3.25 -.25 -5.8 3.6 -.25 -6.15 4.5 -.25 -5.2
4 0 3.25 -.25 -5.8 2.4 -.25 -6.5 2.85 -.25 -6.8 3.6 -.25 -6.15
4 0 2.4 -.25 -6.5 1.6 -.25 -7.1 2.2 -.25 -7.3 2.85 -.25 -6.8
4 0 1.6 -.25 -7.1 1.15 -.25 -7.5 2 -.25 -7.5 2.2 -.25 -7.3
4 0 5.7 -.25 -6.9 4.75 -.25 -7.5 5.6 -.25 -7.5 6.3 -.25 -7.1
4 0 6.75 -.25 -6.2 5.7 -.25 -6.9 6.3 -.25 -7.1 7.3 -.25 -6.4
4 0 7.65 -.25 -5.45 6.75 -.25 -6.2 7.3 -.25 -6.4 7.95 -.25 -5.8
4 0 7.65 -.25 -5.45 7.95 -.25 -5.8 8.4 -.25 -5.35 8.15 -.25 -4.9
4 0 8.15 -.25 -4.9 8.4 -.25 -5.35 8.6 -.25 -5.2 8.6 -.25 -4.4
4 0 8.6 -.25 -4.4 8.6 -.25 -5.2 8.8 -.25 -5.25 9.15 -.25 -4.55
4 0 -2.25 -.25 -6 -3.2 -.25 -6.4 -2.1 -.25 -6.6 -1.65 -.25 -6.1
4 0 -1.65 -.25 -6.1 -2.1 -.25 -6.6 -1.5 -.25 -6.7 -1.15 -.25 -6.1
4 0 -.95 -.25 -6.65 -.7 -.25 -5.95 -1.15 -.25 -6.1 -1.5 -.25 -6.7
4 0 -.7 -.25 -5.95 -.95 -.25 -6.65 -.4 -.25 -6.5 -.35 -.25 -5.7
4 0 -.35 -.25 -5.7 -.4 -.25 -6.5 .05 -.25 -6.15 -.15 -.25 -5.5
4 0 -.15 -.25 -5.5 .05 -.25 -6.15 .4 -.25 -5.7 .05 -.25 -5.15
4 0 .05 -.25 -5.15 .4 -.25 -5.7 .75 -.25 -5.2 .9 -.25 -4.9
4 0 -2.1 -.25 -6.6 -2.25 -.25 -7.2 -1.65 -.25 -7.3 -1.5 -.25 -6.7
4 0 -8.95 -.25 -5.15 -9.2 -.25 -5.9 -8.55 -.25 -5.9 -8.35 -.25 -5.35
4 0 -9.8 -.25 -2.35 -10.4 -.25 -2.1 -10.45 -.25 -2.75 -9.85 -.25 -2.9
4 0 -10.4 -.25 -3.4 -9.75 -.25 -3.45 -9.85 -.25 -2.9 -10.45 -.25 -2.75
4 0 -9.75 -.25 -3.45 -10.4 -.25 -3.4 -10.2 -.25 -3.95 -9.45 -.25 -3.95
4 0 -9.45 -.25 -3.95 -10.2 -.25 -3.95 -9.85 -.25 -4.55 -9.1 -.25 -4.3
4 0 -9.4 -.25 -4.9 -8.65 -.25 -4.6 -9.1 -.25 -4.3 -9.85 -.25 -4.55
4 0 -8.65 -.25 -4.6 -9.4 -.25 -4.9 -8.95 -.25 -5.15 -8.15 -.25 -4.8
3 0 -8.15 -.25 -4.8 -8.95 -.25 -5.15 -8.35 -.25 -5.35
4 0 -5 -.25 -5.35 -8.15 -.25 -4.8 -8.35 -.25 -5.35 -4.7 -.25 -6.1
4 0 -12.15 -.25 -4.6 -12.85 -.25 -6.1 -12.25 -.25 -5.95 -11.85 -.25 -5.05
4 0 -12.15 -.25 -4.6 -11.85 -.25 -5.05 -11.35 -.25 -3.95 -11.4 -.25 -2.95
4 0 -11.4 -.25 -2.95 -11.35 -.25 -3.95 -10.85 -.25 -2.85 -10.7 -.25 -1.65
4 0 -10.7 -.25 -1.65 -10.85 -.25 -2.85 -10.4 -.25 -2.1 -10.2 -.25 -.7
4 0 -14.1 -.25 -6.7 -13.85 -.25 -5.55 -14.4 -.25 -5.8 -14.65 -.25 -6.75
4 0 -13.85 -.25 -5.55 -13.4 -.25 -4.1 -13.85 -.25 -4.05 -14.4 -.25 -5.8
4 0 -13.25 -.25 -2.4 -13.85 -.25 -4.05 -13.4 -.25 -4.1 -12.75 -.25 -2.4
4 0 -12.75 -.25 -2.4 -12.1 -.25 -.85 -12.45 -.25 -.55 -13.25 -.25 -2.4
4 0 -11.6 -.25 1.25 -12.45 -.25 -.55 -12.1 -.25 -.85 -11.4 -.25 .7
4 0 -11.6 -.25 1.25 -11.4 -.25 .7 -10.85 -.25 1.75 -10.85 -.25 2.6
4 0 -10.85 -.25 2.6 -10.85 -.25 1.75 -10.55 -.25 2.3 -10.4 -.25 3.5
4 0 -14.65 -.25 -6.75 -14.7 -.25 -7.25 -14.45 -.25 -7.3 -14.1 -.25 -6.7
4 0 -9.8 -.25 -2.35 -9.6 -.25 -1.35 -10.2 -.25 -.7 -10.4 -.25 -2.1
3 0 -10.2 -.25 -.7 -9.6 -.25 -1.35 -9.4 -.25 -.9
3 0 -10.2 -.25 -.7 -9.4 -.25 -.9 -9.1 -.25 -.8
4 0 4.65 -.25 .1 4.05 -.25 .45 3.95 -.25 -.1 4.5 -.25 -.4
4 0 5.35 -.25 -.2 4.65 -.25 .1 4.5 -.25 -.4 5.45 -.25 -.8
4 0 6 -.25 -.35 5.35 -.25 -.2 5.45 -.25 -.8 6.2 -.25 -.9
4 0 6.6 -.25 -.4 6 -.25 -.35 6.2 -.25 -.9 7.15 -.25 -.8
4 0 7.15 -.25 -.8 7.65 -.25 -.65 7.2 -.25 -.3 6.6 -.25 -.4
4 0 7.5 -.25 -.15 7.2 -.25 -.3 7.65 -.25 -.65 7.7 -.25 -.25
3 0 7.75 -.25 0 7.5 -.25 -.15 7.7 -.25 -.25
4 0 7.65 -.25 -.65 7.15 -.25 -.8 7.2 -.25 -1.6 7.65 -.25 -1.45
4 0 7.4 -.25 -2.55 7.8 -.25 -2.35 7.65 -.25 -1.45 7.2 -.25 -1.6
4 0 7.8 -.25 -2.35 7.4 -.25 -2.55 7.75 -.25 -3.35 8.1 -.25 -3.1
4 0 8.2 -.25 -4 8.55 -.25 -3.65 8.1 -.25 -3.1 7.75 -.25 -3.35
4 0 8.6 -.25 -4.4 8.95 -.25 -4.1 8.55 -.25 -3.65 8.2 -.25 -4
3 0 8.95 -.25 -4.1 8.6 -.25 -4.4 9.15 -.25 -4.55
4 0 8.8 -.25 -5.25 8.85 -.25 -5.6 9.25 -.25 -5.05 9.15 -.25 -4.55
4 0 8.85 -.25 -5.6 8.8 -.25 -6.2 9.25 -.25 -5.75 9.25 -.25 -5.05
4 0 9.2 -.25 -6.5 9.25 -.25 -5.75 8.8 -.25 -6.2 8.7 -.25 -6.9
4 0 8.7 -.25 -6.9 8.6 -.25 -7.5 9.05 -.25 -7.5 9.2 -.25 -6.5
4 0 3.45 -.25 .2 3.95 -.25 -.1 4.05 -.25 .45 3.6 -.25 .8
4 0 2.4 -.25 1.25 2.15 -.25 .4 3.45 -.25 .2 3.4 -.25 1.25
3 0 3.4 -.25 1.25 3.45 -.25 .2 3.6 -.25 .8
4 0 -17.5 -.25 2.85 -17.5 -.25 1.3 -16.95 -.25 2.5 -16.85 -.25 4
4 0 -16.25 -.25 3.7 -16.05 -.25 5.15 -16.85 -.25 4 -16.95 -.25 2.5
3 0 -16.05 -.25 5.15 -16.25 -.25 3.7 -15.35 -.25 4.95
4 0 -15.65 -.25 5.65 -16.05 -.25 5.15 -15.35 -.25 4.95 -14.1 -.25 5.4
4 0 -13.85 -.25 4.7 -11.85 -.25 5 -14.1 -.25 5.4 -15.35 -.25 4.95
3 0 -11.85 -.25 5 -13.85 -.25 4.7 -11.55 -.25 4.3
3 0 -11.85 -.25 5 -11.55 -.25 4.3 -10.6 -.25 4.1
4 0 -9.15 -.25 4.3 -10.6 -.25 7.5 -11.85 -.25 5 -10.6 -.25 4.1
4 15 7.169 -.25 2.4 7.405 -.25 2.225 7.028 -.25 2.924 7.037 -.25 2.645
3 15 7.369 -.25 3.412 7.145 -.25 3.193 7.028 -.25 2.924
4 15 7.028 -.25 2.924 7.405 -.25 2.225 8.034 -.25 2.178 7.369 -.25 3.412
3 15 7.405 -.25 2.225 7.708 -.25 2.147 8.034 -.25 2.178
4 15 7.369 -.25 3.412 8.034 -.25 2.178 8.331 -.25 2.314 7.667 -.25 3.548
4 15 7.992 -.25 3.579 7.667 -.25 3.548 8.331 -.25 2.314 8.555 -.25 2.533
4 15 8.295 -.25 3.501 7.992 -.25 3.579 8.555 -.25 2.533 8.672 -.25 2.802
4 15 8.295 -.25 3.501 8.672 -.25 2.802 8.663 -.25 3.081 8.531 -.25 3.326
4 0 7.145 -.25 3.193 7.369 -.25 3.412 6.838 -.25 4.227 6.143 -.25 3.648
4 0 7.687 -.25 4.539 6.838 -.25 4.227 7.369 -.25 3.412 7.667 -.25 3.548
3 0 7.687 -.25 4.539 7.667 -.25 3.548 7.992 -.25 3.579
4 0 8.562 -.25 4.534 7.687 -.25 4.539 7.992 -.25 3.579 8.295 -.25 3.501
4 0 8.295 -.25 3.501 8.531 -.25 3.326 9.329 -.25 4.214 8.562 -.25 4.534
4 0 8.531 -.25 3.326 8.663 -.25 3.081 9.873 -.25 3.628 9.329 -.25 4.214
4 0 8.663 -.25 3.081 8.672 -.25 2.802 10.109 -.25 2.864 9.873 -.25 3.628
4 0 8.672 -.25 2.802 8.555 -.25 2.533 10.002 -.25 2.04 10.109 -.25 2.864
4 0 9.568 -.25 1.28 10.002 -.25 2.04 8.555 -.25 2.533 8.331 -.25 2.314
4 0 9.568 -.25 1.28 8.331 -.25 2.314 8.034 -.25 2.178 8.874 -.25 .7
4 0 8.874 -.25 .7 8.034 -.25 2.178 7.708 -.25 2.147 8.025 -.25 .388
4 0 8.025 -.25 .388 7.708 -.25 2.147 6.382 -.25 .713 7.15 -.25 .393
4 0 6.382 -.25 .713 7.708 -.25 2.147 7.405 -.25 2.225 5.839 -.25 1.299
4 0 5.839 -.25 1.299 7.405 -.25 2.225 7.169 -.25 2.4 5.603 -.25 2.063
4 0 5.603 -.25 2.063 7.169 -.25 2.4 7.037 -.25 2.645 5.71 -.25 2.887
4 0 5.71 -.25 2.887 7.037 -.25 2.645 7.028 -.25 2.924 6.143 -.25 3.648
3 0 6.143 -.25 3.648 7.028 -.25 2.924 7.145 -.25 3.193
4 71 -13.55 -.25 -7.1 -13.85 -.25 -7.5 -12.8 -.25 -7.5 -13.15 -.25 -6.9
4 71 -13.15 -.25 -6.9 -12.8 -.25 -7.5 -12.6 -.25 -7.05 -12.6 -.25 -6.8
3 71 -9.85 -.25 -6.7 -10.8 -.25 -7.5 -9.95 -.25 -7.5
4 71 -10.8 -.25 -7.5 -9.85 -.25 -6.7 -10.35 -.25 -6.65 -10.6 -.25 -7.1
4 71 -12.1 -.25 -7.5 -11.1 -.25 -7.5 -11.25 -.25 -7.25 -11.55 -.25 -7.05
3 71 -11.25 -.25 -7.25 -11.1 -.25 -7.5 -11 -.25 -7.3
3 71 -11.75 -.25 -6.6 -12.1 -.25 -7.5 -11.55 -.25 -7.05
3 71 -11.4 -.25 -6.15 -11.6 -.25 -6.3 -11.75 -.25 -6.6
4 71 -11.55 -.25 -7.05 -11.4 -.25 -6.95 -11.4 -.25 -6.15 -11.75 -.25 -6.6
4 71 -11.05 -.25 -6.15 -11.4 -.25 -6.15 -11.4 -.25 -6.95 -10.7 -.25 -6.6
4 71 -10.7 -.25 -6.6 -11.4 -.25 -6.95 -11.1 -.25 -7.05 -10.85 -.25 -7
4 71 -11.05 -.25 -6.15 -10.7 -.25 -6.6 -10.35 -.25 -6.65 -10.3 -.25 -6.25
4 71 -10.3 -.25 -6.25 -10.35 -.25 -6.65 -9.85 -.25 -6.7 -9.4 -.25 -6.45
4 71 -9.4 -.25 -6.45 -9.85 -.25 -6.7 -9.25 -.25 -6.8 -8 -.25 -6.75
4 71 -7.9 -.25 -7.1 -6.85 -.25 -7 -8 -.25 -6.75 -9.25 -.25 -6.8
4 71 -6.85 -.25 -7 -7.9 -.25 -7.1 -6.1 -.25 -7.5 -4.35 -.25 -7.5
3 0 -14.45 -.25 -7.3 -14.55 -.25 -7.5 -13.85 -.25 -7.5
4 0 -13.85 -.25 -7.5 -13.55 -.25 -7.1 -14.1 -.25 -6.7 -14.45 -.25 -7.3
4 0 -13.55 -.25 -7.1 -13.15 -.25 -6.9 -13.5 -.25 -6.35 -14.1 -.25 -6.7
4 0 -12.85 -.25 -6.1 -13.5 -.25 -6.35 -13.15 -.25 -6.9 -12.6 -.25 -6.8
4 0 -12.25 -.25 -5.95 -12.85 -.25 -6.1 -12.6 -.25 -6.8 -11.75 -.25 -6.6
3 0 -12.25 -.25 -5.95 -11.75 -.25 -6.6 -11.6 -.25 -6.3
4 0 -11.6 -.25 -6.3 -11.4 -.25 -6.15 -11.8 -.25 -5.6 -12.25 -.25 -5.95
4 0 -11.4 -.25 -5.45 -11.8 -.25 -5.6 -11.4 -.25 -6.15 -10.75 -.25 -5.5
4 0 -10.75 -.25 -5.5 -11.4 -.25 -6.15 -11.05 -.25 -6.15 -10.05 -.25 -5.65
3 0 -10.05 -.25 -5.65 -11.05 -.25 -6.15 -9.2 -.25 -5.9
4 0 -11.05 -.25 -6.15 -10.3 -.25 -6.25 -8.55 -.25 -5.9 -9.2 -.25 -5.9
4 0 -10.3 -.25 -6.25 -9.4 -.25 -6.45 -8 -.25 -6.75 -8.55 -.25 -5.9
4 0 -11.25 -.25 -7.25 -11.1 -.25 -7.05 -11.4 -.25 -6.95 -11.55 -.25 -7.05
4 0 -11 -.25 -7.3 -10.85 -.25 -7 -11.1 -.25 -7.05 -11.25 -.25 -7.25
4 0 -11 -.25 -7.3 -11.1 -.25 -7.5 -10.8 -.25 -7.5 -10.6 -.25 -7.1
3 0 -10.7 -.25 -6.6 -10.85 -.25 -7 -10.35 -.25 -6.65
4 0 -11 -.25 -7.3 -10.6 -.25 -7.1 -10.35 -.25 -6.65 -10.85 -.25 -7
3 0 -11.75 -.25 -6.6 -12.6 -.25 -6.8 -12.6 -.25 -7.05
4 0 -12.6 -.25 -7.05 -12.8 -.25 -7.5 -12.1 -.25 -7.5 -11.75 -.25 -6.6
4 0 -9.25 -.25 -7 -9.25 -.25 -6.8 -9.85 -.25 -6.7 -9.6 -.25 -6.95
4 0 -9.25 -.25 -6.8 -9.25 -.25 -7 -8.6 -.25 -7.15 -7.9 -.25 -7.1
4 0 -7.55 -.25 -7.5 -6.1 -.25 -7.5 -7.9 -.25 -7.1 -8.6 -.25 -7.15
4 0 -9.85 -.25 -6.7 -9.95 -.25 -7.5 -9.6 -.25 -7.25 -9.6 -.25 -6.95
3 0 -9.6 -.25 -7.25 -9.95 -.25 -7.5 -9.25 -.25 -7.4
3 0 -9.25 -.25 -7.4 -9.95 -.25 -7.5 -8.95 -.25 -7.5
4 0 -8 -.25 -6.75 -6.85 -.25 -7 -4.35 -.25 -7.5 -8.55 -.25 -5.9
3 0 -8.55 -.25 -5.9 -4.35 -.25 -7.5 -3.8 -.25 -6.9
3 0 -3.8 -.25 -6.9 -4.35 -.25 -7.5 -2.25 -.25 -7.2
4 71 -7.3 -.25 6 -7.9 -.25 5.5 -7.05 -.25 5.85 -6.35 -.25 6.4
3 71 -6.35 -.25 6.4 -7.05 -.25 5.85 -6 -.25 6.15
4 71 -6 -.25 6.15 -4.8 -.25 6.3 -5.1 -.25 6.6 -6.35 -.25 6.4
4 71 -4 -.25 6.65 -5.1 -.25 6.6 -4.8 -.25 6.3 -3.75 -.25 6.35
4 71 -2.85 -.25 6.55 -4 -.25 6.65 -3.75 -.25 6.35 -2.7 -.25 6.2
4 71 -2.7 -.25 6.2 -1.6 -.25 5.85 -1.75 -.25 6.25 -2.85 -.25 6.55
4 71 -.6 -.25 5.7 -1.75 -.25 6.25 -1.6 -.25 5.85 -.6 -.25 5.4
4 71 -.6 -.25 5.4 .3 -.25 4.85 .25 -.25 5.15 -.6 -.25 5.7
4 71 .9 -.25 4.6 .25 -.25 5.15 .3 -.25 4.85 .95 -.25 4.2
4 71 1.3 -.25 4 .9 -.25 4.6 .95 -.25 4.2 1.5 -.25 3.5
4 71 -9.2 -.25 4.05 -9 -.25 3.95 -8.8 -.25 4.2 -9.15 -.25 4.3
4 71 -8.85 -.25 4.6 -9.15 -.25 4.3 -8.8 -.25 4.2 -8.55 -.25 4.4
4 71 -8.1 -.25 4.95 -8.85 -.25 4.6 -8.55 -.25 4.4 -7.95 -.25 4.65
4 71 -7.25 -.25 5.1 -8.1 -.25 4.95 -7.95 -.25 4.65 -6.65 -.25 4.75
4 71 -5.65 -.25 5.15 -7.25 -.25 5.1 -6.65 -.25 4.75 -4.9 -.25 4.75
4 71 -4.9 -.25 4.75 -3.6 -.25 4.65 -3.85 -.25 5.05 -5.65 -.25 5.15
4 71 -2.6 -.25 4.85 -3.85 -.25 5.05 -3.6 -.25 4.65 -2.45 -.25 4.4
4 71 -2.45 -.25 4.4 -1.25 -.25 4.1 -1.55 -.25 4.6 -2.6 -.25 4.85
4 71 -.3 -.25 4.15 -1.55 -.25 4.6 -1.25 -.25 4.1 -.3 -.25 3.75
4 71 .55 -.25 3.75 -.3 -.25 4.15 -.3 -.25 3.75 .2 -.25 3.45
4 71 -8.8 -.25 4.2 -9 -.25 3.95 -8.45 -.25 3.9 -8.25 -.25 4.3
3 71 -8.25 -.25 4.3 -8.45 -.25 3.9 -7.45 -.25 4.05
4 71 -7.45 -.25 4.05 -5.7 -.25 4 -6.3 -.25 4.4 -8.25 -.25 4.3
4 71 -5.7 -.25 4 -4 -.25 3.9 -4.5 -.25 4.3 -6.3 -.25 4.4
4 71 -2.6 -.25 4.05 -4.5 -.25 4.3 -4 -.25 3.9 -2.2 -.25 3.55
4 71 -2.2 -.25 3.55 -.5 -.25 3.15 -1.1 -.25 3.75 -2.6 -.25 4.05
4 71 .2 -.25 3.45 -1.1 -.25 3.75 -.5 -.25 3.15 .45 -.25 2.9
4 71 .55 -.25 3.75 .2 -.25 3.45 .45 -.25 2.9 1.15 -.25 3.3
4 71 1.15 -.25 3.3 .45 -.25 2.9 1 -.25 2.65 1.5 -.25 2.85
4 71 1.4 -.25 2.3 1.8 -.25 2.75 1.5 -.25 2.85 1 -.25 2.65
4 71 2.05 -.25 2.5 1.8 -.25 2.75 1.4 -.25 2.3 1.8 -.25 2.25
4 71 2.3 -.25 2.15 2.05 -.25 2.5 1.8 -.25 2.25 2.1 -.25 1.85
4 71 2.2 -.25 1.55 2.4 -.25 1.65 2.3 -.25 2.15 2.1 -.25 1.85
3 71 2.4 -.25 1.65 2.2 -.25 1.55 2.4 -.25 1.25
4 71 -8.45 -.25 2.4 -7.8 -.25 2.55 -6.25 -.25 3 -7.4 -.25 2.85
4 71 -7.8 -.25 2.55 -7 -.25 2.55 -6 -.25 2.65 -6.25 -.25 3
4 71 -6 -.25 2.65 -4.45 -.25 2.7 -4.85 -.25 3.05 -6.25 -.25 3
4 71 -3.2 -.25 2.95 -4.85 -.25 3.05 -4.45 -.25 2.7 -2.9 -.25 2.6
4 71 -2.9 -.25 2.6 -1.6 -.25 2.4 -2 -.25 2.8 -3.2 -.25 2.95
4 71 -1.6 -.25 2.4 -.55 -.25 2.1 -.7 -.25 2.45 -2 -.25 2.8
4 71 -.55 -.25 2.1 .45 -.25 1.75 .45 -.25 2.05 -.7 -.25 2.45
4 71 .95 -.25 1.8 .45 -.25 2.05 .45 -.25 1.75 .85 -.25 1.5
4 71 1.3 -.25 1.65 .95 -.25 1.8 .85 -.25 1.5 1.15 -.25 1.2
4 71 1.75 -.25 1.55 1.3 -.25 1.65 1.15 -.25 1.2 1.5 -.25 .8
4 71 1.75 -.25 1.55 1.8 -.25 2.25 1.4 -.25 2.3 1.3 -.25 1.65
4 71 1.5 -.25 .8 1.75 -.25 .7 1.85 -.25 1.1 1.75 -.25 1.55
3 71 1.75 -.25 .7 1.95 -.25 .4 2.15 -.25 .4
4 71 1.85 -.25 1.1 1.75 -.25 .7 2.15 -.25 .4 2.05 -.25 .75
4 71 1.05 -.25 .85 1.25 -.25 .65 1.5 -.25 .8 1.15 -.25 1.2
4 71 .95 -.25 .35 1.25 -.25 .4 1.25 -.25 .65 1.05 -.25 .85
4 71 1.15 -.25 .1 1.4 -.25 .15 1.25 -.25 .4 .95 -.25 .35
4 71 1.15 -.25 .1 .95 -.25 .35 .9 -.25 -.35 1.05 -.25 -.3
4 71 1.4 -.25 .15 1.15 -.25 .1 1.4 -.25 -.25 1.55 -.25 -.25
4 71 -9 -.25 2.2 -8.65 -.25 2.65 -9.4 -.25 2.2 -9.8 -.25 1.8
4 71 -8.45 -.25 2.4 -8.05 -.25 2.8 -8.65 -.25 2.65 -9 -.25 2.2
3 71 -7.4 -.25 2.85 -8.05 -.25 2.8 -8.45 -.25 2.4
3 71 -8.95 -.25 1.2 -9.2 -.25 1.05 -9.15 -.25 .5
4 71 -8.95 -.25 1.2 -8.75 -.25 1.65 -9.05 -.25 1.6 -9.2 -.25 1.05
4 71 -8.75 -.25 1.65 -8.5 -.25 1.95 -8.75 -.25 2.05 -9.05 -.25 1.6
4 71 -8.5 -.25 1.95 -8.05 -.25 2.25 -8.3 -.25 2.35 -8.75 -.25 2.05
4 71 -8.05 -.25 2.25 -7 -.25 2.55 -7.8 -.25 2.55 -8.3 -.25 2.35
3 0 -6.75 -.25 7.15 -7.9 -.25 5.5 -7.3 -.25 6
4 0 -6.6 -.25 7.5 -10.6 -.25 7.5 -7.9 -.25 5.5 -6.75 -.25 7.15
3 0 -6.75 -.25 7.15 -7.3 -.25 6 -6.35 -.25 6.4
4 0 -6.35 -.25 6.4 -5.1 -.25 6.6 -5.9 -.25 7.35 -6.75 -.25 7.15
4 0 -4.8 -.25 7.5 -5.9 -.25 7.35 -5.1 -.25 6.6 -4 -.25 6.65
4 0 -4 -.25 6.65 -2.85 -.25 7.35 -3.75 -.25 7.5 -4.8 -.25 7.5
4 0 -2.85 -.25 7.35 -4 -.25 6.65 -2.85 -.25 6.55 -1.8 -.25 7
4 0 -1.75 -.25 6.25 -.85 -.25 6.55 -1.8 -.25 7 -2.85 -.25 6.55
4 0 -.6 -.25 5.7 -.05 -.25 6.25 -.85 -.25 6.55 -1.75 -.25 6.25
4 0 .25 -.25 5.15 5.85 -.25 5.3 -.05 -.25 6.25 -.6 -.25 5.7
3 0 5.85 -.25 5.3 .25 -.25 5.15 .9 -.25 4.6
4 0 5.2 -.25 4 5.85 -.25 5.3 .9 -.25 4.6 1.3 -.25 4
4 0 5.85 -.25 5.3 5.2 -.25 4 6.3 -.25 4.65 6.45 -.25 5.4
4 0 7.4 -.25 5.25 7.65 -.25 5.95 6.45 -.25 5.4 6.3 -.25 4.65
4 0 7.65 -.25 5.95 7.4 -.25 5.25 8.65 -.25 5.75 9 -.25 6.5
4 0 9 -.25 6.5 8.65 -.25 5.75 9.95 -.25 6.15 10.2 -.25 6.85
4 0 11.05 -.25 6.45 11.7 -.25 7.1 10.2 -.25 6.85 9.95 -.25 6.15
4 0 11.7 -.25 7.1 11.05 -.25 6.45 12.35 -.25 6.6 13.25 -.25 7.2
3 0 13.25 -.25 7.2 12.35 -.25 6.6 14.3 -.25 6.55
4 0 16.75 -.25 6.1 15.65 -.25 6.1 16.5 -.25 5.5 17.2 -.25 5.7
4 0 17.2 -.25 5.7 16.5 -.25 5.5 17.1 -.25 4.9 17.5 -.25 5.35
3 0 17.5 -.25 5.35 17.1 -.25 4.9 17.5 -.25 4.4
4 0 1.5 -.25 2.85 1.8 -.25 2.75 1.5 -.25 3.5 1.15 -.25 3.3
4 0 1.3 -.25 4 1.5 -.25 3.5 4.45 -.25 3.4 5.2 -.25 4
4 0 3.85 -.25 2.75 4.45 -.25 3.4 1.5 -.25 3.5 1.8 -.25 2.75
4 0 3.55 -.25 2.2 3.85 -.25 2.75 1.8 -.25 2.75 2.05 -.25 2.5
4 0 3.4 -.25 1.7 3.55 -.25 2.2 2.05 -.25 2.5 2.3 -.25 2.15
3 0 2.4 -.25 1.65 2.4 -.25 1.25 3.4 -.25 1.25
4 0 2.3 -.25 2.15 2.4 -.25 1.65 3.4 -.25 1.25 3.4 -.25 1.7
4 0 3.25 -.25 -.05 3.45 -.25 .2 2.15 -.25 .4 2.9 -.25 -.35
4 0 2.15 -.25 .4 1.55 -.25 -.25 2.4 -.25 -.6 2.9 -.25 -.35
4 0 -10.2 -.25 -.7 -9.1 -.25 -.8 -8.9 -.25 -.3 -10.3 -.25 -.05
4 0 -9.15 -.25 .5 -10.45 -.25 1.2 -10.3 -.25 -.05 -8.9 -.25 -.3
4 0 -9.15 -.25 .5 -8.9 -.25 -.3 -8.3 -.25 1.15 -8.95 -.25 1.2
4 0 -8.95 -.25 1.2 -8.3 -.25 1.15 -8.1 -.25 1.55 -8.75 -.25 1.65
4 0 -8.75 -.25 1.65 -8.1 -.25 1.55 -7.8 -.25 1.8 -8.5 -.25 1.95
4 0 -7.35 -.25 2 -8.05 -.25 2.25 -8.5 -.25 1.95 -7.8 -.25 1.8
4 0 -6.4 -.25 2.1 -7 -.25 2.55 -8.05 -.25 2.25 -7.35 -.25 2
4 0 -6 -.25 2.65 -7 -.25 2.55 -6.4 -.25 2.1 -5.3 -.25 2.15
4 0 -4.45 -.25 2.7 -6 -.25 2.65 -5.3 -.25 2.15 -4.25 -.25 2.15
4 0 -3.825 -.25 2.125 -2.9 -.25 2.6 -4.45 -.25 2.7 -4.25 -.25 2.15
4 0 -3.825 -.25 2.125 -3.375 -.25 2.075 -1.6 -.25 2.4 -2.9 -.25 2.6
4 0 -3.375 -.25 2.075 -2.9 -.25 2 -.55 -.25 2.1 -1.6 -.25 2.4
4 0 -2.9 -.25 2 -1.9 -.25 1.8 .45 -.25 1.75 -.55 -.25 2.1
4 0 -1.9 -.25 1.8 -.75 -.25 1.5 .85 -.25 1.5 .45 -.25 1.75
4 0 1.15 -.25 1.2 .85 -.25 1.5 -.75 -.25 1.5 0 -.25 1.25
3 0 0 -.25 1.25 .25 -.25 1.05 1.15 -.25 1.2
4 0 .25 -.25 1.05 .3 -.25 .75 1.05 -.25 .85 1.15 -.25 1.2
3 0 .95 -.25 .35 .25 -.25 -.8 .9 -.25 -.35
4 0 1.05 -.25 .85 .3 -.25 .75 .25 -.25 -.8 .95 -.25 .35
4 0 .9 -.25 -.35 .25 -.25 -.8 1.5 -.25 -.95 1.05 -.25 -.3
4 0 1.55 -.25 -.25 1.4 -.25 -.25 1.5 -.25 -.95 2.4 -.25 -.6
4 0 1.05 -.25 -.3 1.5 -.25 -.95 1.4 -.25 -.25 1.15 -.25 .1
4 0 1.5 -.25 .8 1.25 -.25 .65 1.25 -.25 .4 1.75 -.25 .7
4 0 1.75 -.25 .7 1.25 -.25 .4 1.4 -.25 .15 1.95 -.25 .4
4 0 1.95 -.25 .4 1.4 -.25 .15 1.55 -.25 -.25 2.15 -.25 .4
4 0 2.1 -.25 1.85 1.8 -.25 2.25 1.75 -.25 1.55 2.2 -.25 1.55
4 0 2.2 -.25 1.55 1.75 -.25 1.55 1.85 -.25 1.1 2.05 -.25 .75
4 0 2.15 -.25 .4 2.4 -.25 1.25 2.2 -.25 1.55 2.05 -.25 .75
4 0 -8.25 -.25 4.3 -7.95 -.25 4.65 -8.55 -.25 4.4 -8.8 -.25 4.2
4 0 -8.25 -.25 4.3 -6.3 -.25 4.4 -6.65 -.25 4.75 -7.95 -.25 4.65
4 0 -6.3 -.25 4.4 -4.5 -.25 4.3 -4.9 -.25 4.75 -6.65 -.25 4.75
4 0 -4.5 -.25 4.3 -2.6 -.25 4.05 -3.6 -.25 4.65 -4.9 -.25 4.75
4 0 -2.45 -.25 4.4 -3.6 -.25 4.65 -2.6 -.25 4.05 -1.25 -.25 4.1
4 0 -1.25 -.25 4.1 -2.6 -.25 4.05 -1.1 -.25 3.75 -.3 -.25 3.75
3 0 -.3 -.25 3.75 -1.1 -.25 3.75 .2 -.25 3.45
4 0 -8.45 -.25 3.9 -9 -.25 3.95 -8.65 -.25 2.65 -8.05 -.25 2.8
4 0 -8.05 -.25 2.8 -7.4 -.25 2.85 -7.45 -.25 4.05 -8.45 -.25 3.9
4 0 -6.25 -.25 3 -5.7 -.25 4 -7.45 -.25 4.05 -7.4 -.25 2.85
4 0 -5.7 -.25 4 -6.25 -.25 3 -4.85 -.25 3.05 -4 -.25 3.9
4 0 -4 -.25 3.9 -4.85 -.25 3.05 -3.2 -.25 2.95 -2.2 -.25 3.55
4 0 -2 -.25 2.8 -.5 -.25 3.15 -2.2 -.25 3.55 -3.2 -.25 2.95
4 0 -.7 -.25 2.45 .45 -.25 2.9 -.5 -.25 3.15 -2 -.25 2.8
4 0 .45 -.25 2.9 -.7 -.25 2.45 .45 -.25 2.05 1 -.25 2.65
4 0 1 -.25 2.65 .45 -.25 2.05 .95 -.25 1.8 1.4 -.25 2.3
3 0 1.4 -.25 2.3 .95 -.25 1.8 1.3 -.25 1.65
4 0 -8.65 -.25 2.65 -9 -.25 3.95 -9.2 -.25 4.05 -9.4 -.25 2.2
4 0 -9.15 -.25 4.3 -10.35 -.25 3.95 -10.4 -.25 3.5 -9.2 -.25 4.05
4 0 -9.2 -.25 4.05 -10.4 -.25 3.5 -10.55 -.25 2.3 -9.4 -.25 2.2
4 0 -10.55 -.25 2.3 -10.45 -.25 1.2 -9.8 -.25 1.8 -9.4 -.25 2.2
4 0 -10.45 -.25 1.2 -9.15 -.25 .5 -9.2 -.25 1.05 -9.8 -.25 1.8
4 0 -9.8 -.25 1.8 -9.2 -.25 1.05 -9.05 -.25 1.6 -9 -.25 2.2
3 0 -9 -.25 2.2 -9.05 -.25 1.6 -8.75 -.25 2.05
4 0 -8.45 -.25 2.4 -9 -.25 2.2 -8.75 -.25 2.05 -8.3 -.25 2.35
3 0 -7.8 -.25 2.55 -8.45 -.25 2.4 -8.3 -.25 2.35
3 0 -9.15 -.25 4.3 -10.6 -.25 4.1 -10.35 -.25 3.95
3 0 -10.6 -.25 7.5 -9.15 -.25 4.3 -8.85 -.25 4.6
3 0 -10.6 -.25 7.5 -8.85 -.25 4.6 -7.9 -.25 5.5
4 0 -8.85 -.25 4.6 -8.1 -.25 4.95 -7.05 -.25 5.85 -7.9 -.25 5.5
3 0 -6 -.25 6.15 -7.25 -.25 5.1 -5.65 -.25 5.15
4 0 -8.1 -.25 4.95 -7.25 -.25 5.1 -6 -.25 6.15 -7.05 -.25 5.85
4 0 -4.8 -.25 6.3 -6 -.25 6.15 -5.65 -.25 5.15 -3.85 -.25 5.05
4 0 -3.85 -.25 5.05 -2.7 -.25 6.2 -3.75 -.25 6.35 -4.8 -.25 6.3
4 0 -2.7 -.25 6.2 -3.85 -.25 5.05 -2.6 -.25 4.85 -1.6 -.25 5.85
4 0 -1.6 -.25 5.85 -2.6 -.25 4.85 -1.55 -.25 4.6 -.6 -.25 5.4
4 0 -.6 -.25 5.4 -1.55 -.25 4.6 -.3 -.25 4.15 .3 -.25 4.85
4 0 .3 -.25 4.85 -.3 -.25 4.15 .55 -.25 3.75 .95 -.25 4.2
4 0 1.15 -.25 3.3 1.5 -.25 3.5 .95 -.25 4.2 .55 -.25 3.75
3 14 -9.1 -.25 -.8 -9.4 -.25 -.9 -9.25 -.25 -1.15
4 14 -9.25 -.25 -1.15 -9.4 -.25 -.9 -9.6 -.25 -1.35 -9.3 -.25 -1.55
4 14 -9.3 -.25 -1.55 -9.6 -.25 -1.35 -9.8 -.25 -2.35 -9.25 -.25 -2
3 14 -9.25 -.25 -2 -9.8 -.25 -2.35 -9.15 -.25 -2.4
4 14 -9.8 -.25 -2.35 -9.85 -.25 -2.9 -8.9 -.25 -2.85 -9.15 -.25 -2.4
4 14 -8.6 -.25 -3.2 -8.9 -.25 -2.85 -9.85 -.25 -2.9 -9.75 -.25 -3.45
4 14 -9.75 -.25 -3.45 -9.45 -.25 -3.95 -8.2 -.25 -3.35 -8.6 -.25 -3.2
3 14 -9.1 -.25 -4.3 -8.65 -.25 -4.6 -8.15 -.25 -4.8
4 14 -9.45 -.25 -3.95 -9.1 -.25 -4.3 -8.15 -.25 -4.8 -8.2 -.25 -3.35
3 14 -5.55 -.25 -3.3 -8.2 -.25 -3.35 -5.45 -.25 -3.55
4 14 -8.2 -.25 -3.35 -8.15 -.25 -4.8 -5.45 -.25 -3.7 -5.45 -.25 -3.55
3 14 -5.45 -.25 -3.7 -4.95 -.25 -4.55 -5.25 -.25 -3.9
3 14 -5.25 -.25 -3.9 -4.95 -.25 -4.55 -4.8 -.25 -4.05
4 14 -5.45 -.25 -3.7 -8.15 -.25 -4.8 -5 -.25 -5 -4.95 -.25 -4.55
3 14 -8.15 -.25 -4.8 -5 -.25 -5.35 -5 -.25 -5
4 14 -9.1 -.25 -.8 -8.75 -.25 -.4 -8.3 -.25 1.15 -8.9 -.25 -.3
3 14 -8.1 -.25 1.55 -8.4 -.25 -.15 -8.05 -.25 -.05
4 14 -8.75 -.25 -.4 -8.4 -.25 -.15 -8.1 -.25 1.55 -8.3 -.25 1.15
4 14 -8.05 -.25 -.05 -7.75 -.25 -.05 -7.8 -.25 1.8 -8.1 -.25 1.55
4 14 -7.35 -.25 2 -7.8 -.25 1.8 -6.9 -.25 1.25 -6.65 -.25 1.5
4 14 -6.65 -.25 1.5 -6.25 -.25 1.8 -6.4 -.25 2.1 -7.35 -.25 2
3 14 -6.4 -.25 2.1 -6.25 -.25 1.8 -5.85 -.25 1.95
4 14 -5.4 -.25 2 -5.3 -.25 2.15 -6.4 -.25 2.1 -5.85 -.25 1.95
4 14 -5.3 -.25 2.15 -5.4 -.25 2 -5.05 -.25 1.95 -4.25 -.25 2.15
4 14 -4.65 -.25 1.75 -4.2 -.25 1.85 -4.25 -.25 2.15 -5.05 -.25 1.95
4 14 -4.25 -.25 1.35 -3.95 -.25 1.5 -4.2 -.25 1.85 -4.65 -.25 1.75
4 14 -3.6 -.25 1.55 -3.55 -.25 1.7 -3.85 -.25 1.75 -3.95 -.25 1.5
4 14 -3.15 -.25 1.3 -3.2 -.25 1.65 -3.5 -.25 1.5 -3.4 -.25 1.15
4 14 -3.2 -.25 1.65 -3.15 -.25 1.3 -2.75 -.25 1.35 -2.9 -.25 2
4 14 -2.25 -.25 1.3 -1.9 -.25 1.8 -2.9 -.25 2 -2.75 -.25 1.35
4 14 -1.85 -.25 1.15 -.75 -.25 1.5 -1.9 -.25 1.8 -2.25 -.25 1.3
4 14 -.75 -.25 1.5 -1.85 -.25 1.15 -1.5 -.25 .9 0 -.25 1.25
4 14 -1.15 -.25 .45 .25 -.25 1.05 0 -.25 1.25 -1.5 -.25 .9
4 14 .3 -.25 .75 .25 -.25 1.05 -1.15 -.25 .45 -1.05 -.25 .05
4 14 -1.05 -.25 .05 -.7 -.25 -1.15 .25 -.25 -.8 .3 -.25 .75
4 14 -.7 -.25 -1.15 -1.05 -.25 .05 -1.25 -.25 0 -1.55 -.25 -1.5
3 14 -1.25 -.25 0 -2.25 -.25 -.9 -2.2 -.25 -1.15
4 14 -1.55 -.25 -1.5 -1.25 -.25 0 -2.2 -.25 -1.15 -2.2 -.25 -1.55
3 14 -1.25 -.25 0 -2.4 -.25 -.7 -2.25 -.25 -.9
4 14 -1.4 -.25 .25 -2.65 -.25 -.55 -2.4 -.25 -.7 -1.25 -.25 0
4 14 -2.9 -.25 -.55 -2.65 -.25 -.55 -1.4 -.25 .25 -2 -.25 .85
3 14 -2 -.25 .85 -1.4 -.25 .25 -1.65 -.25 .55
4 14 -3.2 -.25 -.7 -2.9 -.25 -.55 -2 -.25 .85 -2.35 -.25 1
4 14 -5.15 -.25 -.5 -3.2 -.25 -.7 -2.35 -.25 1 -3.3 -.25 1
4 14 -5.15 -.25 -.5 -3.3 -.25 1 -4.25 -.25 1.35 -5.2 -.25 -.25
4 14 -4.25 -.25 1.35 -3.3 -.25 1 -3.4 -.25 1.15 -3.95 -.25 1.5
4 14 -3.95 -.25 1.5 -3.4 -.25 1.15 -3.5 -.25 1.5 -3.6 -.25 1.55
4 14 -5.95 -.25 -.1 -6.4 -.25 1.35 -6.75 -.25 1.15 -6.1 -.25 -.2
4 14 -5.95 -.25 -.1 -5.7 -.25 0 -6 -.25 1.5 -6.4 -.25 1.35
4 14 -5.7 -.25 0 -5.05 -.25 1.5 -5.6 -.25 1.55 -6 -.25 1.5
4 14 -5.4 -.25 -.05 -4.7 -.25 1.4 -5.05 -.25 1.5 -5.7 -.25 0
3 14 -4.7 -.25 1.4 -5.4 -.25 -.05 -4.45 -.25 1.25
4 14 -4.25 -.25 1.35 -4.45 -.25 1.25 -5.4 -.25 -.05 -5.2 -.25 -.25
3 14 -7.75 -.25 -.05 -6.6 -.25 -.6 -6.3 -.25 -.7
4 14 -6.3 -.25 -.7 -6.25 -.25 -.45 -6.75 -.25 1.15 -7.75 -.25 -.05
3 14 -6.75 -.25 1.15 -6.25 -.25 -.45 -6.1 -.25 -.2
4 14 -6.95 -.25 -.75 -6.95 -.25 -.55 -7.85 -.25 -.2 -8 -.25 -.35
4 14 -7.75 -.25 -.05 -7.85 -.25 -.2 -6.95 -.25 -.55 -6.6 -.25 -.6
4 14 -8.75 -.25 -1.8 -6.95 -.25 -.75 -8 -.25 -.35 -8.55 -.25 -1
3 14 -8 -.25 -.35 -8.3 -.25 -.65 -8.55 -.25 -1
3 14 -8.55 -.25 -1 -8.7 -.25 -1.35 -8.75 -.25 -1.8
4 14 -8.7 -.25 -2.2 -6.2 -.25 -1.1 -6.95 -.25 -.75 -8.75 -.25 -1.8
3 14 -6.95 -.25 -.75 -6.2 -.25 -1.1 -6.65 -.25 -.85
3 14 -8.7 -.25 -2.2 -8.6 -.25 -2.6 -8.45 -.25 -2.95
4 14 -8.7 -.25 -2.2 -8.45 -.25 -2.95 -5.85 -.25 -1.35 -6.2 -.25 -1.1
3 14 -5.85 -.25 -1.35 -5.4 -.25 -1.8 -5.55 -.25 -1.6
4 14 -8.45 -.25 -2.95 -8.2 -.25 -3.35 -5.4 -.25 -1.8 -5.85 -.25 -1.35
4 14 -5.4 -.25 -1.8 -8.2 -.25 -3.35 -5.35 -.25 -2.35 -5.3 -.25 -2.25
4 14 -3.55 -.25 -2.1 -5.3 -.25 -1.75 -5.4 -.25 -1.8 -4.1 -.25 -2.6
4 14 -4.9 -.25 -2.8 -4.1 -.25 -2.6 -5.4 -.25 -1.8 -5.3 -.25 -2.25
4 14 -5.5 -.25 -3.15 -5.35 -.25 -2.35 -8.2 -.25 -3.35 -5.55 -.25 -3.3
4 14 -5.35 -.25 -2.35 -5.5 -.25 -3.15 -5.35 -.25 -3 -5.25 -.25 -2.8
3 14 -4.1 -.25 -2.6 -4.9 -.25 -2.8 -4.25 -.25 -2.8
4 14 -3.35 -.25 -1.5 -5.35 -.25 -1.55 -5.3 -.25 -1.75 -3.45 -.25 -2
3 14 -3.35 -.25 -1.5 -3.45 -.25 -2 -3.2 -.25 -1.8
4 14 -5.3 -.25 -1.2 -5.5 -.25 -1.35 -5.35 -.25 -1.55 -3.35 -.25 -1.5
4 14 -5.3 -.25 -1.2 -3.35 -.25 -1.5 -3.4 -.25 -1.15 -5.2 -.25 -1
4 14 -3.35 -.25 -.9 -5.15 -.25 -.75 -5.2 -.25 -1 -3.4 -.25 -1.15
4 14 -3.35 -.25 -.9 -3.2 -.25 -.7 -5.15 -.25 -.5 -5.15 -.25 -.75
4 14 -3.75 -.25 -2.8 -3.5 -.25 -2.55 -4.1 -.25 -2.6 -4 -.25 -2.8
4 14 -3.15 -.25 -2.3 -3.15 -.25 -1.95 -3.45 -.25 -2.15 -3.5 -.25 -2.55
4 14 -2.85 -.25 -2.1 -2.85 -.25 -1.95 -3.15 -.25 -1.95 -3.15 -.25 -2.3
3 15 -6.6 -.25 7.5 -6.75 -.25 7.15 -5.9 -.25 7.35
3 15 -4.8 -.25 7.5 -6.6 -.25 7.5 -5.9 -.25 7.35
3 15 0 -.25 7.5 -3.75 -.25 7.5 -2.85 -.25 7.35
3 15 0 -.25 7.5 -2.85 -.25 7.35 -1.8 -.25 7
4 15 0 -.25 7.5 -1.8 -.25 7 -.85 -.25 6.55 -.05 -.25 6.25
4 15 5.85 -.25 5.3 6.45 -.25 5.4 0 -.25 7.5 -.05 -.25 6.25
3 15 0 -.25 7.5 6.45 -.25 5.4 7.65 -.25 5.95
3 15 0 -.25 7.5 7.65 -.25 5.95 9 -.25 6.5
3 15 0 -.25 7.5 9 -.25 6.5 10.2 -.25 6.85
3 15 13.45 -.25 7.5 11.7 -.25 7.1 13.25 -.25 7.2
4 15 0 -.25 7.5 10.2 -.25 6.85 11.7 -.25 7.1 13.45 -.25 7.5
3 15 14.55 -.25 -3.65 14.55 -.25 -4.05 15.05 -.25 -3.75
4 15 15.8 -.25 -3.7 15.5 -.25 -3.75 14.55 -.25 -4.05 14.45 -.25 -4.4
3 15 15.5 -.25 -3.75 15.05 -.25 -3.75 14.55 -.25 -4.05
3 15 16.1 -.25 -2.85 15.8 -.25 -2.9 15.9 -.25 -3.2
4 15 15.9 -.25 -3.2 15.9 -.25 -3.5 16.4 -.25 -2.7 16.1 -.25 -2.85
3 15 16.4 -.25 -1.65 15.8 -.25 -1.95 16.35 -.25 -2.3
4 15 16.8 -.25 -1.3 16.4 -.25 -1.65 16.35 -.25 -2.3 16.4 -.25 -2.5
4 15 6.143 -.25 3.648 6.3 -.25 4.65 5.2 -.25 4 5.71 -.25 2.887
4 15 6.838 -.25 4.227 7.4 -.25 5.25 6.3 -.25 4.65 6.143 -.25 3.648
3 15 7.4 -.25 5.25 6.838 -.25 4.227 7.687 -.25 4.539
4 15 7.687 -.25 4.539 8.562 -.25 4.534 8.65 -.25 5.75 7.4 -.25 5.25
3 15 8.65 -.25 5.75 8.562 -.25 4.534 9.329 -.25 4.214
4 15 8.65 -.25 5.75 9.329 -.25 4.214 9.873 -.25 3.628 9.95 -.25 6.15
4 15 9.95 -.25 6.15 9.873 -.25 3.628 10.109 -.25 2.864 11.05 -.25 6.45
3 15 12.35 -.25 6.6 14.95 -.25 6.4 14.3 -.25 6.55
4 15 11.05 -.25 6.45 10.109 -.25 2.864 14.95 -.25 6.4 12.35 -.25 6.6
4 15 10.109 -.25 2.864 16.5 -.25 5.5 15.65 -.25 6.1 14.95 -.25 6.4
4 15 10.109 -.25 2.864 17.5 -.25 4.4 17.1 -.25 4.9 16.5 -.25 5.5
4 15 15 -.25 -.7 15.45 -.25 -.8 17.5 -.25 4.4 10.109 -.25 2.864
4 15 10.002 -.25 2.04 14.85 -.25 -.85 15 -.25 -.7 10.109 -.25 2.864
4 15 5.71 -.25 2.887 5.2 -.25 4 4.45 -.25 3.4 3.85 -.25 2.75
4 15 3.85 -.25 2.75 3.55 -.25 2.2 5.603 -.25 2.063 5.71 -.25 2.887
4 15 5.603 -.25 2.063 3.55 -.25 2.2 3.4 -.25 1.7 3.4 -.25 1.25
4 15 5.603 -.25 2.063 3.4 -.25 1.25 3.6 -.25 .8 5.839 -.25 1.299
4 15 5.35 -.25 -.2 5.839 -.25 1.299 3.6 -.25 .8 4.05 -.25 .45
3 15 4.05 -.25 .45 4.65 -.25 .1 5.35 -.25 -.2
4 15 6.382 -.25 .713 5.839 -.25 1.299 5.35 -.25 -.2 6 -.25 -.35
4 15 6.6 -.25 -.4 7.15 -.25 .393 6.382 -.25 .713 6 -.25 -.35
4 15 7.2 -.25 -.3 7.5 -.25 -.15 7.15 -.25 .393 6.6 -.25 -.4
4 15 7.75 -.25 0 8.025 -.25 .388 7.15 -.25 .393 7.5 -.25 -.15
4 15 16.1 -.25 -.85 16.6 -.25 -.8 17.5 -.25 4.4 15.45 -.25 -.8
3 15 17.5 -.25 4.4 16.6 -.25 -.8 16.8 -.25 -.85
3 15 17.5 -.25 4.4 16.8 -.25 -.85 16.9 -.25 -1.1
4 71 12 -.25 -4.15 11.35 -.25 -4.35 11.7 -.25 -4.75 12.05 -.25 -4.85
4 71 12.3 -.25 -4.8 12.35 -.25 -4.1 12 -.25 -4.15 12.05 -.25 -4.85
4 71 12.6 -.25 -4.6 12.85 -.25 -4.35 12.35 -.25 -4.1 12.3 -.25 -4.8
4 15 12.35 -.25 -4.1 12.6 -.25 -3.85 11.5 -.25 -3.6 12 -.25 -4.15
4 15 11.5 -.25 -3.6 12.6 -.25 -3.85 12.8 -.25 -3.45 11.2 -.25 -3.1
4 15 12.8 -.25 -3.45 13.15 -.25 -3.75 14 -.25 -3.55 13.75 -.25 -3.1
4 15 13.15 -.25 -3.75 13.5 -.25 -3.95 13.9 -.25 -4.05 14 -.25 -3.55
4 15 15.3 -.25 -3.2 15.1 -.25 -2.8 14 -.25 -2.9 14.85 -.25 -3.2
3 15 14 -.25 -2.9 14.3 -.25 -3.05 14.85 -.25 -3.2
4 15 15 -.25 -1.75 11.2 -.25 -3.1 14 -.25 -2.9 15.1 -.25 -2.8
3 15 15 -.25 -1.75 15.1 -.25 -2.8 15.65 -.25 -2.4
4 15 10.9 -.25 -3 15 -.25 -1.75 15.2 -.25 -1.1 14.85 -.25 -.85
3 15 15 -.25 -1.75 10.9 -.25 -3 11.2 -.25 -3.1
4 15 15.55 -.25 -1.25 15.2 -.25 -1.1 15 -.25 -1.75 15.85 -.25 -1.4
4 15 11.2 -.25 -3.1 12.8 -.25 -3.45 13.75 -.25 -3.1 14 -.25 -2.9
4 15 10.002 -.25 2.04 9.568 -.25 1.28 10.9 -.25 -3 14.85 -.25 -.85
3 15 9.568 -.25 1.28 8.874 -.25 .7 10.9 -.25 -3
4 15 8.025 -.25 .388 7.75 -.25 0 10.9 -.25 -3 8.874 -.25 .7
4 15 7.75 -.25 0 7.7 -.25 -.25 7.65 -.25 -1.45 10.9 -.25 -3
3 15 7.7 -.25 -.25 7.65 -.25 -.65 7.65 -.25 -1.45
3 15 7.65 -.25 -1.45 7.8 -.25 -2.35 8.1 -.25 -3.1
3 15 10.9 -.25 -3 8.55 -.25 -3.65 10.75 -.25 -3.25
4 15 7.65 -.25 -1.45 8.1 -.25 -3.1 8.55 -.25 -3.65 10.9 -.25 -3
4 15 10.75 -.25 -3.25 8.55 -.25 -3.65 8.95 -.25 -4.1 11.35 -.25 -4.35
3 15 9.15 -.25 -4.55 9.25 -.25 -5.05 11.7 -.25 -4.75
4 15 8.95 -.25 -4.1 9.15 -.25 -4.55 11.7 -.25 -4.75 11.35 -.25 -4.35
4 15 12.3 -.25 -4.8 12.05 -.25 -4.85 9.25 -.25 -5.75 9.2 -.25 -6.5
4 15 9.25 -.25 -5.05 9.25 -.25 -5.75 12.05 -.25 -4.85 11.7 -.25 -4.75
3 15 12.85 -.25 -4.35 12.6 -.25 -4.6 13.45 -.25 -4.5
4 15 12.3 -.25 -4.8 13.85 -.25 -4.6 13.45 -.25 -4.5 12.6 -.25 -4.6
4 0 -6.65 -.25 -.85 -6.2 -.25 -1.1 -6.3 -.25 -.7 -6.6 -.25 -.6
4 0 -5.815 -.25 -.665 -6.25 -.25 -.45 -6.3 -.25 -.7 -6.2 -.25 -1.1
3 0 -6.25 -.25 -.45 -5.815 -.25 -.665 -5.883 -.25 -.5
4 0 -5.417 -.25 -.5 -5.485 -.25 -.665 -5.15 -.25 -.75 -5.15 -.25 -.5
4 0 -5.3 -.25 -1.2 -5.15 -.25 -.75 -5.485 -.25 -.665 -5.65 -.25 -.733
3 0 -5.15 -.25 -.75 -5.3 -.25 -1.2 -5.2 -.25 -1
4 0 -5.5 -.25 -1.35 -5.3 -.25 -1.2 -5.65 -.25 -.733 -5.85 -.25 -1.35
4 0 -5.815 -.25 -.665 -6.2 -.25 -1.1 -5.85 -.25 -1.35 -5.65 -.25 -.733
4 15 -17.5 -.25 2.85 -16.85 -.25 4 -16.5 -.25 7.5 -17.5 -.25 6.5
3 15 -16.5 -.25 7.5 -16.85 -.25 4 -16.05 -.25 5.15
3 15 -16.5 -.25 7.5 -16.05 -.25 5.15 -15.65 -.25 5.65
4 15 -11.85 -.25 5 -10.6 -.25 7.5 -16.5 -.25 7.5 -14.1 -.25 5.4
3 15 -16.5 -.25 7.5 -15.65 -.25 5.65 -14.1 -.25 5.4
4 73 -14.55 -.25 -7.5 -14.45 -.25 -7.3 -14.7 -.25 -7.25 -16.5 -.25 -7.5
3 73 -14.65 -.25 -6.75 -16.5 -.25 -7.5 -14.7 -.25 -7.25
4 73 -14.65 -.25 -6.75 -14.4 -.25 -5.8 -17.5 -.25 -6.5 -16.5 -.25 -7.5
4 73 -14.4 -.25 -5.8 -16.95 -.25 2.5 -17.5 -.25 1.3 -17.5 -.25 -6.5
4 15 9.05 -.25 -7.5 16.5 -.25 -7.5 12.3 -.25 -4.8 9.2 -.25 -6.5
4 15 12.3 -.25 -4.8 16.5 -.25 -7.5 17.5 -.25 -6.5 13.85 -.25 -4.6
3 15 14.25 -.25 -4.6 13.85 -.25 -4.6 17.5 -.25 -6.5
4 15 15.8 -.25 -3.7 14.45 -.25 -4.4 14.25 -.25 -4.6 17.5 -.25 -6.5
4 15 17.5 -.25 -6.5 16.4 -.25 -2.7 15.9 -.25 -3.5 15.8 -.25 -3.7
4 15 16.8 -.25 -1.3 16.4 -.25 -2.5 16.4 -.25 -2.7 17.5 -.25 -6.5
3 15 16.9 -.25 -1.1 16.8 -.25 -1.3 17.5 -.25 -6.5
3 15 17.5 -.25 4.4 16.9 -.25 -1.1 17.5 -.25 -6.5
4 0 17.2071 -.25 7.2071 16.5 -.25 7.5 15.65 -.25 6.1 16.75 -.25 6.1
3 0 16.5 -.25 7.5 14.95 -.25 6.4 15.65 -.25 6.1
4 0 16.5 -.25 7.5 13.45 -.25 7.5 13.25 -.25 7.2 14.3 -.25 6.55
3 0 16.5 -.25 7.5 14.3 -.25 6.55 14.95 -.25 6.4
4 15 17.2071 -.25 7.2071 16.75 -.25 6.1 17.2 -.25 5.7 17.5 -.25 6.5
3 15 17.5 -.25 6.5 17.2 -.25 5.7 17.5 -.25 5.35
4 14 -7.8 -.25 1.8 -7.75 -.25 -.05 -6.75 -.25 1.15 -6.9 -.25 1.25
3 14 -5.3 -.25 -1.75 -3.55 -.25 -2.1 -3.45 -.25 -2
4 14 -3.45 -.25 -2.15 -3.55 -.25 -2.1 -4.1 -.25 -2.6 -3.5 -.25 -2.55
3 0 -2.85 -.25 -2.1 -3.15 -.25 -2.3 -2.65 -.25 -2.65
4 0 -4.45 -.25 -3.1 -4 -.25 -2.8 -4.1 -.25 -2.6 -4.25 -.25 -2.8
4 0 -.55 -.25 -7.5 -1.65 -.25 -7.3 -2.25 -.25 -7.2 -4.35 -.25 -7.5
3 73 -11.85 -.25 -5.05 -12.25 -.25 -5.95 -11.8 -.25 -5.6
4 73 -10.4 -.25 -3.4 -11.35 -.25 -3.95 -11.85 -.25 -5.05 -11.8 -.25 -5.6

1 16 16.5 0 6.5 1 0 0 0 -1 0 0 0 1 1-4chrd.dat
1 16 16.5 0 -6.5 0 0 1 0 -1 0 -1 0 0 1-4chrd.dat
1 16 -16.5 0 -6.5 -1 0 0 0 -1 0 0 0 -1 1-4chrd.dat
1 16 -16.5 0 6.5 0 0 -1 0 -1 0 1 0 0 1-4chrd.dat
4 16 16.5 0 -7.5 -16.5 0 -7.5 -17.5 0 -6.5 17.5 0 -6.5
4 16 17.5 0 6.5 17.5 0 -6.5 -17.5 0 -6.5 -17.5 0 6.5
4 16 17.5 0 6.5 -17.5 0 6.5 -16.5 0 7.5 16.5 0 7.5

1 16 16.5 -.25 6.5 1 0 0 0 .25 0 0 0 1 1-4cyli.dat
1 16 -16.5 -.25 6.5 0 0 -1 0 .25 0 1 0 0 1-4cyli.dat
1 16 -16.5 -.25 -6.5 -1 0 0 0 .25 0 0 0 -1 1-4cyli.dat
1 16 16.5 -.25 -6.5 0 0 1 0 .25 0 -1 0 0 1-4cyli.dat
4 16 16.5 -.25 -7.5 -16.5 -.25 -7.5 -16.5 0 -7.5 16.5 0 -7.5
4 16 17.5 -.25 6.5 17.5 -.25 -6.5 17.5 0 -6.5 17.5 0 6.5
4 16 -16.5 -.25 7.5 16.5 -.25 7.5 16.5 0 7.5 -16.5 0 7.5
4 16 -17.5 -.25 -6.5 -17.5 -.25 6.5 -17.5 0 6.5 -17.5 0 -6.5
