0 Sticker  0.7 x  1.7 with Cool Guy with Sunglasses
0 Name: 6234010l.dat
0 Author: Evert-Jan Boer [ejboer]
0 !LDRAW_ORG Unofficial_Part 
0 !LICENSE Redistributable under CCAL version 2.0 : see CAreadme.txt

0 BFC CERTIFY CCW

0 !KEYWORDS Set 10261, Roller Coaster


1 15 16.5 -.25 -6.5 0 0 1 0 1 0 -1 0 0 1-4chrd.dat
1 15 -16.5 -.25 6.5 0 0 -1 0 1 0 1 0 0 1-4chrd.dat
1 15 16.5 -.25 6.5 1 0 0 0 1 0 0 0 1 1-8chrd.dat
1 0 16.5 -.25 6.5 .70711 0 -.70711 0 1 0 .70711 0 .70711 1-8chrd.dat
1 71 -16.5 -.25 -6.5 -.70711 0 .70711 0 -1 0 -.70711 0 -.70711 1-8chrd.dat
1 0 -16.5 -.25 -6.5 -1 0 0 0 -1 0 0 0 -1 1-8chrd.dat
4 0 -17.5 -.25 1.15 -16.725 -.25 2.7 -16.6 -.25 4.275 -17.5 -.25 2.7
4 0 -16.725 -.25 2.7 -16 -.25 3.975 -15.525 -.25 5.875 -16.6 -.25 4.275
4 0 -15.125 -.25 6.375 -15.525 -.25 5.875 -16 -.25 3.975 -14.825 -.25 5.675
4 0 -13.325 -.25 5.425 -13.575 -.25 6.125 -15.125 -.25 6.375 -14.825 -.25 5.675
4 0 -12.075 -.25 5.2 -11.275 -.25 5.7 -13.575 -.25 6.125 -13.325 -.25 5.425
3 15 -10.6 -.25 7.5 -13.575 -.25 6.125 -11.275 -.25 5.7
4 15 -15.125 -.25 6.375 -13.575 -.25 6.125 -10.6 -.25 7.5 -16.5 -.25 7.5
4 73 -13.325 -.25 5.425 -12.025 -.25 .125 -11.2 -.25 1.95 -12.075 -.25 5.2
4 0 16.275 -.25 1.6 14.75 -.25 1.825 12.6 -.25 1.5 15.625 -.25 1.05
3 0 16.275 -.25 1.6 15.625 -.25 1.05 15.625 -.25 -3.7
4 0 15.325 -.25 -6.475 15.625 -.25 -5.775 16.275 -.25 1.6 15.625 -.25 -3.7
4 0 14.225 -.25 -7.5 15 -.25 -7.5 15.325 -.25 -6.475 14.75 -.25 -5.925
4 0 14.75 -.25 -5.925 15.325 -.25 -6.475 15.625 -.25 -3.7 15.275 -.25 -4.45
4 0 12.875 -.25 -5.7 12.25 -.25 -6.075 11.95 -.25 -7.5 12.45 -.25 -7.5
4 0 12.25 -.25 -6.075 12.875 -.25 -5.7 13.325 -.25 -4.25 12.675 -.25 -4.575
4 0 13.875 -.25 -2.6 13.275 -.25 -2.9 12.675 -.25 -4.575 13.325 -.25 -4.25
4 0 14.375 -.25 -1.375 13.825 -.25 -1.525 13.275 -.25 -2.9 13.875 -.25 -2.6
4 0 14.85 -.25 -.2 14.25 -.25 -.5 13.825 -.25 -1.525 14.375 -.25 -1.375
4 0 14.25 -.25 -.5 14.85 -.25 -.2 14.75 -.25 .375 14.6 -.25 .225
4 0 14.85 -.25 -.2 15 -.25 .175 14.95 -.25 .325 14.75 -.25 .375
3 73 15.625 -.25 1.05 14.95 -.25 .325 15 -.25 .175
4 73 14.85 -.25 -.2 15.625 -.25 -3.7 15.625 -.25 1.05 15 -.25 .175
4 73 14.375 -.25 -1.375 15.275 -.25 -4.45 15.625 -.25 -3.7 14.85 -.25 -.2
4 73 14.75 -.25 -5.925 15.275 -.25 -4.45 14.375 -.25 -1.375 13.875 -.25 -2.6
4 73 13.875 -.25 -2.6 13.325 -.25 -4.25 12.875 -.25 -5.7 14.75 -.25 -5.925
4 73 14.75 -.25 -5.925 12.875 -.25 -5.7 12.45 -.25 -7.5 14.225 -.25 -7.5
4 0 -10.65 -.25 2 -11.2 -.25 1.95 -12.025 -.25 .125 -11.525 -.25 .15
4 0 -11.2 -.25 1.95 -10.65 -.25 2 -10 -.25 3.15 -10.15 -.25 3.8
4 73 -10.6 -.25 4.95 -12.075 -.25 5.2 -11.2 -.25 1.95 -10.15 -.25 3.8
3 73 -10.6 -.25 4.95 -10.15 -.25 3.8 -9.6 -.25 4.75
4 73 13.825 -.25 -1.525 14.25 -.25 -.5 12.6 -.25 1.5 9.8 -.25 1.95
3 73 12.6 -.25 1.5 14.25 -.25 -.5 14.6 -.25 .225
3 73 12.6 -.25 1.5 14.6 -.25 .225 14.75 -.25 .375
4 73 12.6 -.25 1.5 14.75 -.25 .375 14.95 -.25 .325 15.625 -.25 1.05
3 0 -11.275 -.25 5.7 -12.075 -.25 5.2 -10.6 -.25 4.95
4 0 -11.275 -.25 5.7 -10.6 -.25 4.95 -9.6 -.25 4.75 -10.6 -.25 7.5
4 0 9.5 -.25 5.55 9.8 -.25 1.95 12.6 -.25 1.5 12.45 -.25 5.225
3 0 12.45 -.25 5.225 12.6 -.25 1.5 14.75 -.25 1.825
4 73 -12.025 -.25 .125 -13.325 -.25 5.425 -14.825 -.25 5.675 -16 -.25 3.975
4 73 -17.5 -.25 1.15 -12.025 -.25 .125 -16 -.25 3.975 -16.725 -.25 2.7
4 73 13.825 -.25 -1.525 9.8 -.25 1.95 9.35 -.25 1.2 13.275 -.25 -2.9
4 73 8.6 -.25 -.5 13.275 -.25 -2.9 9.35 -.25 1.2 8.95 -.25 .35
3 73 8.6 -.25 -.5 12.675 -.25 -4.575 13.275 -.25 -2.9
4 73 12.675 -.25 -4.575 8.6 -.25 -.5 8.15 -.25 -1 12.25 -.25 -6.075
3 73 -17.5 -.25 1.15 -12.55 -.25 -1.35 -12.025 -.25 .125
4 73 -12.55 -.25 -1.35 -17.5 -.25 1.15 -13.75 -.25 -3.35 -13.15 -.25 -3.2
3 73 -17.5 -.25 1.15 -14.3 -.25 -3.65 -13.75 -.25 -3.35
3 73 -17.5 -.25 1.15 -15 -.25 -4.2 -14.3 -.25 -3.65
4 0 -12.025 -.25 .125 -12.55 -.25 -1.35 -12.2 -.25 -1.7 -11.525 -.25 .15
4 0 -12.55 -.25 -1.35 -13.15 -.25 -3.2 -12.65 -.25 -3.15 -12.2 -.25 -1.7
3 73 -10 -.25 3.15 -10.65 -.25 2 -10.05 -.25 2.5
4 73 -11.525 -.25 .15 -9.95 -.25 1.85 -10.05 -.25 2.5 -10.65 -.25 2
3 73 -9.95 -.25 1.85 -11.525 -.25 .15 -9.75 -.25 1.4
4 73 -11.5 -.25 -3.1 -9.45 -.25 1.05 -9.75 -.25 1.4 -11.525 -.25 .15
4 73 -12.65 -.25 -3.15 -11.5 -.25 -3.1 -11.525 -.25 .15 -12.2 -.25 -1.7
4 73 -9.45 -.25 -1.05 -9.55 -.25 -.45 -9.75 -.25 -.4 -10.75 -.25 -2.6
4 73 -10.75 -.25 -2.6 -10 -.25 -2.65 -9.2 -.25 -1.6 -9.45 -.25 -1.05
4 73 -10 -.25 -2.65 -9.2 -.25 -2.775 -8.75 -.25 -2.1 -9.2 -.25 -1.6
4 73 -9.2 -.25 -2.775 -8.3 -.25 -2.95 -8.2 -.25 -2.45 -8.75 -.25 -2.1
4 73 -.85 -.25 -4.4 -.95 -.25 -4.875 0 -.25 -5.1 -.1 -.25 -4.3
4 73 -.1 -.25 -4.3 0 -.25 -5.1 .75 -.25 -5.35 .35 -.25 -4.1
4 73 .35 -.25 -4.1 .75 -.25 -5.35 1.35 -.25 -5.65 .75 -.25 -3.9
4 73 .75 -.25 -3.9 1.35 -.25 -5.65 6.5 -.25 -4.65 1.15 -.25 -3.5
3 73 1.5 -.25 -2.95 1.15 -.25 -3.5 6.5 -.25 -4.65
4 73 2.7 -.25 -6.25 6.5 -.25 -4.65 1.35 -.25 -5.65 1.65 -.25 -6
3 73 6.5 -.25 -4.65 2.7 -.25 -6.25 3.5 -.25 -6.55
4 73 3.5 -.25 -6.55 4.2 -.25 -7 6.1 -.25 -6.1 6.5 -.25 -4.65
4 73 4.2 -.25 -7 4.85 -.25 -7.5 5.8 -.25 -7.5 6.1 -.25 -6.1
4 73 1.5 -.25 -2.95 6.5 -.25 -4.65 6.9 -.25 -3.3 1.9 -.25 -1.7
4 73 1.9 -.25 -1.7 6.9 -.25 -3.3 7.25 -.25 -2.2 2.15 -.25 -1.55
4 73 7.8 -.25 -.85 2.35 -.25 -1.25 2.15 -.25 -1.55 7.25 -.25 -2.2
4 73 2.35 -.25 -1.25 7.8 -.25 -.85 4.65 -.25 0 2.95 -.25 .2
3 73 4.65 -.25 0 7.8 -.25 -.85 6.8 -.25 -.275
4 73 8.05 -.25 -.8 7.975 -.25 -.425 6.8 -.25 -.275 7.8 -.25 -.85
4 73 8.15 -.25 -1 8.6 -.25 -.5 7.975 -.25 -.425 8.05 -.25 -.8
4 73 7.7 -.25 -2.25 11.95 -.25 -7.5 12.25 -.25 -6.075 8.15 -.25 -1
4 73 6.95 -.25 -4.7 11.95 -.25 -7.5 7.7 -.25 -2.25 7.3 -.25 -3.5
4 73 6.45 -.25 -6.8 11.95 -.25 -7.5 6.95 -.25 -4.7 6.65 -.25 -5.9
3 73 6.45 -.25 -6.8 6.35 -.25 -7.5 11.95 -.25 -7.5
4 0 6.1 -.25 -6.1 5.8 -.25 -7.5 6.35 -.25 -7.5 6.45 -.25 -6.8
4 0 6.5 -.25 -4.65 6.1 -.25 -6.1 6.45 -.25 -6.8 6.65 -.25 -5.9
4 0 6.9 -.25 -3.3 6.5 -.25 -4.65 6.65 -.25 -5.9 6.95 -.25 -4.7
4 0 6.95 -.25 -4.7 7.3 -.25 -3.5 7.25 -.25 -2.2 6.9 -.25 -3.3
4 0 7.8 -.25 -.85 7.25 -.25 -2.2 7.3 -.25 -3.5 7.7 -.25 -2.25
4 0 7.7 -.25 -2.25 8.15 -.25 -1 8.05 -.25 -.8 7.8 -.25 -.85
4 15 3.25 -.25 .85 8.15 -.25 .15 8.4 -.25 .65 3.75 -.25 2
3 15 3.75 -.25 2 8.4 -.25 .65 8.725 -.25 1.25
4 0 2.95 -.25 .2 4.65 -.25 0 8.15 -.25 .15 3.25 -.25 .85
3 0 8.15 -.25 .15 4.65 -.25 0 6.8 -.25 -.275
4 0 6.8 -.25 -.275 7.975 -.25 -.425 8.6 -.25 -.5 8.15 -.25 .15
4 0 8.4 -.25 .65 8.15 -.25 .15 8.6 -.25 -.5 8.95 -.25 .35
4 0 8.95 -.25 .35 9.35 -.25 1.2 8.725 -.25 1.25 8.4 -.25 .65
4 0 3.75 -.25 2 8.725 -.25 1.25 9.35 -.25 1.2 9.8 -.25 1.95
4 0 3.75 -.25 2 9.8 -.25 1.95 9.5 -.25 5.55 4.925 -.25 6.3
4 0 -13.85 -.25 -4.15 -14.3 -.25 -3.65 -15 -.25 -4.2 -14.4 -.25 -4.6
4 0 -14.3 -.25 -3.65 -13.85 -.25 -4.15 -13.4 -.25 -3.9 -13.75 -.25 -3.35
4 0 -13.75 -.25 -3.35 -13.4 -.25 -3.9 -12.95 -.25 -3.75 -13.15 -.25 -3.2
4 0 -13.15 -.25 -3.2 -12.95 -.25 -3.75 -11.6 -.25 -3.7 -12.65 -.25 -3.15
4 0 -10.6 -.25 -3.2 -11.5 -.25 -3.1 -12.65 -.25 -3.15 -11.6 -.25 -3.7
4 0 -11.5 -.25 -3.1 -10.6 -.25 -3.2 -10 -.25 -2.65 -10.75 -.25 -2.6
4 0 -13.45 -.25 -7.5 -12.6 -.25 -7.5 -10.6 -.25 -3.2 -11.6 -.25 -3.7
4 0 -9.45 -.25 1.05 -11.5 -.25 -3.1 -10.75 -.25 -2.6 -9.75 -.25 -.4
3 0 -9.45 -.25 1.05 -9.75 -.25 -.4 -9.55 -.25 -.45
4 0 -10.6 -.25 -3.2 -9.75 -.25 -3.35 -9.2 -.25 -2.775 -10 -.25 -2.65
4 0 -9.75 -.25 -3.35 -8.95 -.25 -3.55 -8.3 -.25 -2.95 -9.2 -.25 -2.775
4 0 -8.95 -.25 -3.55 -8.35 -.25 -3.7 -7.65 -.25 -3.15 -8.3 -.25 -2.95
4 0 -7.525 -.25 -2.65 -8.2 -.25 -2.45 -8.3 -.25 -2.95 -7.65 -.25 -3.15
4 0 -7.975 -.25 -1.8 -8.2 -.25 -2.45 -7.525 -.25 -2.65 -7.475 -.25 -2
4 0 -.95 -.25 -4.875 -.85 -.25 -4.4 -1.5 -.25 -4.225 -1.6 -.25 -4.725
4 14 -7.65 -.25 -3.15 -1.6 -.25 -4.725 -1.5 -.25 -4.225 -7.525 -.25 -2.65
4 71 -13.85 -.25 -4.15 -13.45 -.25 -7.5 -12.95 -.25 -3.75 -13.4 -.25 -3.9
3 71 -11.6 -.25 -3.7 -12.95 -.25 -3.75 -13.45 -.25 -7.5
4 71 1.6 -.25 -6.7 1.5 -.25 -7.5 2.8 -.25 -7 2.2 -.25 -6.8
4 71 2.8 -.25 -7 1.5 -.25 -7.5 3.55 -.25 -7.5 3.25 -.25 -7.25
4 0 2.7 -.25 -6.25 1.65 -.25 -6 1.6 -.25 -6.7 2.2 -.25 -6.8
4 0 2.2 -.25 -6.8 2.8 -.25 -7 3.5 -.25 -6.55 2.7 -.25 -6.25
4 0 4.2 -.25 -7 3.5 -.25 -6.55 2.8 -.25 -7 3.25 -.25 -7.25
4 0 3.25 -.25 -7.25 3.55 -.25 -7.5 4.85 -.25 -7.5 4.2 -.25 -7
4 0 -10.35 -.25 -4.15 -10.6 -.25 -3.9 -10.75 -.25 -4.05 -10.65 -.25 -4.3
4 0 -10.25 -.25 -4.8 -10.15 -.25 -4.45 -10.35 -.25 -4.15 -10.65 -.25 -4.3
4 0 -10.15 -.25 -4.45 -10.25 -.25 -4.8 -10 -.25 -5.15 -9.75 -.25 -4.95
4 0 -9.75 -.25 -4.95 -10 -.25 -5.15 -9.85 -.25 -5.55 -9.55 -.25 -5.35
4 0 -9.9 -.25 -6.25 -9.45 -.25 -5.7 -9.55 -.25 -5.35 -9.85 -.25 -5.55
4 0 -9.6 -.25 -6.45 -9.4 -.25 -6.075 -9.45 -.25 -5.7 -9.9 -.25 -6.25
4 72 -9.6 -.25 -7 -10 -.25 -7 -10.2 -.25 -7.5 -9.8 -.25 -7.5
4 72 -10 -.25 -7 -9.6 -.25 -7 -9.5 -.25 -6.65 -9.8 -.25 -6.55
3 72 -9.6 -.25 -6.45 -9.8 -.25 -6.55 -9.5 -.25 -6.65
3 0 -9.9 -.25 -6.25 -9.8 -.25 -6.55 -9.6 -.25 -6.45
4 0 -9.6 -.25 -6.45 -9.5 -.25 -6.65 -9.15 -.25 -6.25 -9.4 -.25 -6.075
4 0 -9.125 -.25 -6.725 -9.15 -.25 -6.25 -9.5 -.25 -6.65 -9.35 -.25 -6.7
4 0 -9.45 -.25 -7.1 -9.35 -.25 -6.7 -9.5 -.25 -6.65 -9.6 -.25 -7
4 0 -9.6 -.25 -7.5 -9.45 -.25 -7.1 -9.6 -.25 -7 -9.8 -.25 -7.5
4 0 -10.2 -.25 -7.5 -10 -.25 -7 -10.15 -.25 -6.9 -10.4 -.25 -7.5
4 0 -9.9 -.25 -6.25 -10.15 -.25 -6.9 -10 -.25 -7 -9.8 -.25 -6.55
4 0 -5.3 -.25 -.4 -5.25 -.25 -.65 -4.85 -.25 -.6 -4.95 -.25 -.35
4 0 -4.95 -.25 -.35 -4.85 -.25 -.6 -4.25 -.25 -.7 -4.4 -.25 -.35
4 0 -4.4 -.25 -.35 -4.25 -.25 -.7 -3.75 -.25 -.8 -3.95 -.25 -.45
4 0 -3.4 -.25 -.95 -3.55 -.25 -.55 -3.95 -.25 -.45 -3.75 -.25 -.8
4 0 -3 -.25 -1.05 -3.15 -.25 -.75 -3.55 -.25 -.55 -3.4 -.25 -.95
4 0 -1.95 -.25 -1.05 -2.8 -.25 -.8 -3.15 -.25 -.75 -3 -.25 -1.05
3 0 -1.95 -.25 -.8 -2.8 -.25 -.8 -1.95 -.25 -1.05
4 2 -8.5 -.25 -4.4 -8.4 -.25 -4.8 -7.8 -.25 -4.45 -8.25 -.25 -4.35
4 2 -7.05 -.25 -4.65 -7.8 -.25 -4.45 -8.4 -.25 -4.8 -8.1 -.25 -5.05
4 2 -8.1 -.25 -5.05 -7.5 -.25 -5.35 -7.05 -.25 -5.5 -7.05 -.25 -4.65
4 2 -6.4 -.25 -5.25 -6.45 -.25 -4.95 -7.05 -.25 -4.65 -7.05 -.25 -5.5
3 2 -6.4 -.25 -5.25 -7.05 -.25 -5.5 -6.4 -.25 -5.55
4 2 -8.05 -.25 -6.35 -7.95 -.25 -5.75 -8.3 -.25 -5.55 -8.325 -.25 -5.925
4 2 -7.55 -.25 -6.55 -7.45 -.25 -6 -7.95 -.25 -5.75 -8.05 -.25 -6.35
4 2 -7 -.25 -6.7 -6.9 -.25 -6.25 -7.45 -.25 -6 -7.55 -.25 -6.55
4 2 -6.9 -.25 -6.25 -7 -.25 -6.7 -6.45 -.25 -6.775 -6.4 -.25 -6.45
3 2 -8.325 -.25 -5.925 -8.4 -.25 -6.15 -8.05 -.25 -6.35
3 2 -8.6 -.25 -6.85 -8.6 -.25 -7.5 -8.35 -.25 -7
3 2 -8.35 -.25 -7 -8.6 -.25 -7.5 -7.9 -.25 -7.2
3 2 -7.9 -.25 -7.2 -8.6 -.25 -7.5 -7.35 -.25 -7.35
3 2 -7.35 -.25 -7.35 -8.6 -.25 -7.5 -6.7 -.25 -7.5
4 2 -4.8 -.25 -7.1 -4.65 -.25 -6.7 -5.05 -.25 -6.45 -5.25 -.25 -6.825
4 2 -4.375 -.25 -7.325 -4.225 -.25 -6.925 -4.65 -.25 -6.7 -4.8 -.25 -7.1
4 2 -3.2 -.25 -5.775 -3.6 -.25 -6.4 -2.65 -.25 -5.8 -3.05 -.25 -5.75
4 2 -3.6 -.25 -6.4 -2.95 -.25 -6.6 -2.15 -.25 -6.7 -2.65 -.25 -5.8
4 2 -1.25 -.25 -6.7 -1.95 -.25 -5.9 -2.65 -.25 -5.8 -2.15 -.25 -6.7
4 2 -1.05 -.25 -6.2 -1.3 -.25 -6.1 -1.95 -.25 -5.9 -1.25 -.25 -6.7
4 2 -3.85 -.25 -7.5 -3.15 -.25 -7.2 -3.9 -.25 -7.05 -4.05 -.25 -7.425
3 2 -3.15 -.25 -7.2 -3.85 -.25 -7.5 -2.5 -.25 -7.3
4 2 -1.7 -.25 -7.5 -1.65 -.25 -7.4 -2.5 -.25 -7.3 -3.85 -.25 -7.5
4 0 -8.35 -.25 -3.7 -3.875 -.25 -4.8 -1.6 -.25 -4.725 -7.65 -.25 -3.15
4 0 -1.275 -.25 -5.525 -.95 -.25 -4.875 -1.6 -.25 -4.725 -3.875 -.25 -4.8
4 0 -1.275 -.25 -5.525 .05 -.25 -5.8 0 -.25 -5.1 -.95 -.25 -4.875
4 0 .575 -.25 -5.975 .75 -.25 -5.35 0 -.25 -5.1 .05 -.25 -5.8
4 0 .75 -.25 -5.35 .575 -.25 -5.975 .825 -.25 -6.125 1.35 -.25 -5.65
4 0 .925 -.25 -6.325 1.65 -.25 -6 1.35 -.25 -5.65 .825 -.25 -6.125
4 0 .85 -.25 -6.9 1.6 -.25 -6.7 1.65 -.25 -6 .925 -.25 -6.325
4 0 .8 -.25 -7.5 1.5 -.25 -7.5 1.6 -.25 -6.7 .85 -.25 -6.9
4 0 -8.6 -.25 -6.85 -8.925 -.25 -6.35 -9.15 -.25 -6.25 -9.125 -.25 -6.725
4 0 -8.6 -.25 -6.85 -8.55 -.25 -6.525 -8.75 -.25 -6.125 -8.925 -.25 -6.35
4 0 -8.55 -.25 -6.525 -8.4 -.25 -6.15 -8.625 -.25 -5.8 -8.75 -.25 -6.125
4 0 -8.3 -.25 -5.55 -8.625 -.25 -5.8 -8.4 -.25 -6.15 -8.325 -.25 -5.925
4 0 -8.625 -.25 -5.8 -8.3 -.25 -5.55 -8.325 -.25 -5.15 -8.6 -.25 -5.375
4 0 -8.725 -.25 -4.725 -8.6 -.25 -5.375 -8.325 -.25 -5.15 -8.4 -.25 -4.8
4 0 -8.95 -.25 -4.275 -8.725 -.25 -4.725 -8.4 -.25 -4.8 -8.5 -.25 -4.4
4 0 -8.55 -.25 -3.95 -9.075 -.25 -3.825 -8.95 -.25 -4.275 -8.5 -.25 -4.4
3 0 -8.55 -.25 -3.95 -8.5 -.25 -4.4 -8.25 -.25 -4.35
4 0 -8.25 -.25 -4.35 -7.8 -.25 -4.45 -7.725 -.25 -4.075 -8.55 -.25 -3.95
4 0 -7.05 -.25 -4.65 -7.075 -.25 -4.325 -7.725 -.25 -4.075 -7.8 -.25 -4.45
4 0 -6.45 -.25 -4.95 -6.4 -.25 -4.5 -7.075 -.25 -4.325 -7.05 -.25 -4.65
4 0 -6.45 -.25 -4.95 -6.175 -.25 -5 -6.025 -.25 -4.6 -6.4 -.25 -4.5
3 0 -6.45 -.25 -4.95 -6.4 -.25 -5.25 -6.175 -.25 -5
3 0 -6.175 -.25 -5 -6.4 -.25 -5.25 -6.4 -.25 -5.55
4 0 -9.125 -.25 -6.725 -9.125 -.25 -7.175 -8.6 -.25 -7.5 -8.6 -.25 -6.85
3 0 -9.125 -.25 -7.175 -9.1 -.25 -7.5 -8.6 -.25 -7.5
4 0 -6.175 -.25 -6.6 -6.175 -.25 -5 -6.4 -.25 -5.55 -6.4 -.25 -6.45
4 0 -6.2 -.25 -6.875 -6.175 -.25 -6.6 -6.4 -.25 -6.45 -6.45 -.25 -6.775
4 0 -6.45 -.25 -6.775 -6.55 -.25 -6.975 -6.275 -.25 -7.05 -6.2 -.25 -6.875
4 0 -6.55 -.25 -6.975 -6.625 -.25 -7.25 -6.35 -.25 -7.325 -6.275 -.25 -7.05
4 0 -6.375 -.25 -7.5 -6.35 -.25 -7.325 -6.625 -.25 -7.25 -6.7 -.25 -7.5
4 71 -9.9 -.25 -6.25 -12.6 -.25 -7.5 -10.4 -.25 -7.5 -10.15 -.25 -6.9
4 71 -10 -.25 -5.15 -12.6 -.25 -7.5 -9.9 -.25 -6.25 -9.85 -.25 -5.55
4 71 -10.65 -.25 -4.3 -12.6 -.25 -7.5 -10 -.25 -5.15 -10.25 -.25 -4.8
3 71 -10.75 -.25 -4.05 -12.6 -.25 -7.5 -10.65 -.25 -4.3
3 71 -10.6 -.25 -3.2 -10.75 -.25 -4.05 -10.6 -.25 -3.9
4 71 -10.35 -.25 -4.15 -9.75 -.25 -3.35 -10.6 -.25 -3.2 -10.6 -.25 -3.9
4 71 -8.55 -.25 -3.95 -8.95 -.25 -3.55 -9.75 -.25 -3.35 -9.075 -.25 -3.825
3 71 -10.6 -.25 -3.2 -12.6 -.25 -7.5 -10.75 -.25 -4.05
4 71 -9.75 -.25 -3.35 -10.35 -.25 -4.15 -10.15 -.25 -4.45 -9.075 -.25 -3.825
4 71 -9.75 -.25 -4.95 -8.95 -.25 -4.275 -9.075 -.25 -3.825 -10.15 -.25 -4.45
4 71 -9.55 -.25 -5.35 -8.725 -.25 -4.725 -8.95 -.25 -4.275 -9.75 -.25 -4.95
4 71 -9.45 -.25 -5.7 -8.6 -.25 -5.375 -8.725 -.25 -4.725 -9.55 -.25 -5.35
4 71 -8.75 -.25 -6.125 -8.625 -.25 -5.8 -8.6 -.25 -5.375 -9.45 -.25 -5.7
4 71 -9.15 -.25 -6.25 -8.75 -.25 -6.125 -9.45 -.25 -5.7 -9.4 -.25 -6.075
3 71 -8.75 -.25 -6.125 -9.15 -.25 -6.25 -8.925 -.25 -6.35
4 71 -8.95 -.25 -3.55 -8.55 -.25 -3.95 -7.725 -.25 -4.075 -8.35 -.25 -3.7
4 0 -.65 -.25 -7.5 -.05 -.25 -7.5 .225 -.25 -7.275 -.275 -.25 -7.125
4 0 .525 -.25 -7.075 .175 -.25 -6.825 -.275 -.25 -7.125 .225 -.25 -7.275
4 0 .175 -.25 -6.825 .525 -.25 -7.075 .6 -.25 -6.7 .425 -.25 -6.7
3 0 .6 -.25 -6.7 .525 -.25 -7.075 .625 -.25 -6.925
4 0 -4.375 -.25 -7.325 -4.05 -.25 -7.425 -3.9 -.25 -7.05 -4.225 -.25 -6.925
4 0 -4.075 -.25 -7.5 -4.05 -.25 -7.425 -4.375 -.25 -7.325 -4.45 -.25 -7.5
4 0 -4.225 -.25 -6.925 -3.9 -.25 -7.05 -3.6 -.25 -6.4 -3.875 -.25 -6.225
4 0 -3.575 -.25 -5.75 -3.725 -.25 -6.025 -3.6 -.25 -6.4 -3.2 -.25 -5.775
4 0 -3.575 -.25 -5.75 -3.2 -.25 -5.775 -3.05 -.25 -5.75 -3.575 -.25 -5.55
4 0 -3.7 -.25 -5.425 -3.575 -.25 -5.55 -3.05 -.25 -5.75 -3.175 -.25 -5.3
4 0 -2.575 -.25 -5.525 -3.175 -.25 -5.3 -3.05 -.25 -5.75 -2.65 -.25 -5.8
4 0 -6.2 -.25 -7.5 -5.65 -.25 -7.5 -5.45 -.25 -7.2 -5.925 -.25 -7.175
4 0 -5.6 -.25 -6.725 -5.925 -.25 -7.175 -5.45 -.25 -7.2 -5.25 -.25 -6.825
4 0 -5.35 -.25 -6.25 -5.6 -.25 -6.725 -5.25 -.25 -6.825 -5.05 -.25 -6.45
4 0 -5.1 -.25 -5.625 -5.35 -.25 -6.25 -5.05 -.25 -6.45 -4.875 -.25 -5.9
4 0 -5.075 -.25 -5.35 -5.1 -.25 -5.625 -4.875 -.25 -5.9 -4.7 -.25 -5.6
4 0 -4.7 -.25 -5.6 -4.525 -.25 -5.425 -4.625 -.25 -4.9 -5.075 -.25 -5.35
4 0 -6.175 -.25 -5 -5.725 -.25 -4.975 -5.225 -.25 -4.75 -6.025 -.25 -4.6
4 0 -4.625 -.25 -4.9 -5.225 -.25 -4.75 -5.725 -.25 -4.975 -5.25 -.25 -5.025
3 0 -4.625 -.25 -4.9 -5.25 -.25 -5.025 -5.1 -.25 -5.175
3 0 -4.625 -.25 -4.9 -5.1 -.25 -5.175 -5.075 -.25 -5.35
4 0 -3.925 -.25 -5.05 -4.625 -.25 -4.9 -4.525 -.25 -5.425 -4.275 -.25 -5.35
4 0 -4.275 -.25 -5.35 -3.95 -.25 -5.35 -3.5 -.25 -5.175 -3.925 -.25 -5.05
4 0 -3.7 -.25 -5.425 -3.175 -.25 -5.3 -3.5 -.25 -5.175 -3.95 -.25 -5.35
4 0 -2.65 -.25 -5.8 -1.95 -.25 -5.9 -1.8 -.25 -5.625 -2.575 -.25 -5.525
4 0 -1.8 -.25 -5.625 -1.95 -.25 -5.9 -1.3 -.25 -6.1 -1.275 -.25 -5.75
4 0 -.925 -.25 -5.85 -1.275 -.25 -5.75 -1.3 -.25 -6.1 -1.05 -.25 -6.2
4 0 -.65 -.25 -6.15 -.75 -.25 -5.975 -.925 -.25 -5.85 -1.05 -.25 -6.2
4 0 -.75 -.25 -6.65 -.65 -.25 -6.4 -.65 -.25 -6.15 -1.05 -.25 -6.2
3 0 -1.65 -.25 -7.4 -1.7 -.25 -7.5 -1.225 -.25 -7.5
4 71 .525 -.25 -7.075 .225 -.25 -7.275 -.05 -.25 -7.5 .8 -.25 -7.5
4 71 .525 -.25 -7.075 .8 -.25 -7.5 .85 -.25 -6.9 .625 -.25 -6.925
4 71 .625 -.25 -6.925 .85 -.25 -6.9 .925 -.25 -6.325 .6 -.25 -6.7
4 71 .575 -.25 -5.975 .6 -.25 -6.7 .925 -.25 -6.325 .825 -.25 -6.125
4 71 .05 -.25 -5.8 .425 -.25 -6.7 .6 -.25 -6.7 .575 -.25 -5.975
4 71 .425 -.25 -6.7 .05 -.25 -5.8 -.65 -.25 -6.15 .175 -.25 -6.825
3 71 -.65 -.25 -6.15 -.65 -.25 -6.4 .175 -.25 -6.825
4 71 -.275 -.25 -7.125 .175 -.25 -6.825 -.65 -.25 -6.4 -.75 -.25 -6.65
4 71 -.65 -.25 -7.5 -.275 -.25 -7.125 -.75 -.25 -6.65 -.975 -.25 -7.05
3 71 -.975 -.25 -7.05 -1.225 -.25 -7.5 -.65 -.25 -7.5
4 71 -1.275 -.25 -5.75 -.925 -.25 -5.85 .05 -.25 -5.8 -1.275 -.25 -5.525
3 71 .05 -.25 -5.8 -.925 -.25 -5.85 -.75 -.25 -5.975
3 71 .05 -.25 -5.8 -.75 -.25 -5.975 -.65 -.25 -6.15
3 71 -1.275 -.25 -5.525 -1.8 -.25 -5.625 -1.275 -.25 -5.75
4 71 -1.8 -.25 -5.625 -1.275 -.25 -5.525 -3.175 -.25 -5.3 -2.575 -.25 -5.525
3 71 -3.875 -.25 -4.8 -3.925 -.25 -5.05 -3.5 -.25 -5.175
4 71 -1.275 -.25 -5.525 -3.875 -.25 -4.8 -3.5 -.25 -5.175 -3.175 -.25 -5.3
4 71 -5.225 -.25 -4.75 -3.875 -.25 -4.8 -8.35 -.25 -3.7 -7.725 -.25 -4.075
4 71 -3.925 -.25 -5.05 -3.875 -.25 -4.8 -5.225 -.25 -4.75 -4.625 -.25 -4.9
3 71 -7.725 -.25 -4.075 -7.075 -.25 -4.325 -6.4 -.25 -4.5
4 71 -6.4 -.25 -4.5 -6.025 -.25 -4.6 -5.225 -.25 -4.75 -7.725 -.25 -4.075
4 71 -9.125 -.25 -7.175 -9.125 -.25 -6.725 -9.35 -.25 -6.7 -9.45 -.25 -7.1
4 71 -9.1 -.25 -7.5 -9.125 -.25 -7.175 -9.45 -.25 -7.1 -9.6 -.25 -7.5
4 0 -4.575 -.25 -5.725 -4.575 -.25 -5.875 -4.1 -.25 -5.775 -4.35 -.25 -5.7
4 0 -4.575 -.25 -5.875 -4.25 -.25 -6.1 -3.875 -.25 -5.9 -4.1 -.25 -5.775
3 0 -3.875 -.25 -5.9 -4.25 -.25 -6.1 -3.875 -.25 -6.225
4 0 -3.6 -.25 -6.4 -3.725 -.25 -6.025 -3.875 -.25 -5.9 -3.875 -.25 -6.225
4 0 -5.886 -.25 -5.475 -5.802 -.25 -5.677 -5.6 -.25 -5.761 -5.802 -.25 -5.273
4 0 -5.802 -.25 -5.273 -5.6 -.25 -5.761 -5.398 -.25 -5.273 -5.6 -.25 -5.189
4 0 -5.6 -.25 -5.761 -5.398 -.25 -5.677 -5.314 -.25 -5.475 -5.398 -.25 -5.273
4 0 -6.038 -.25 -6.625 -5.998 -.25 -6.723 -5.9 -.25 -6.763 -5.998 -.25 -6.527
4 0 -5.998 -.25 -6.527 -5.9 -.25 -6.763 -5.802 -.25 -6.527 -5.9 -.25 -6.487
4 0 -5.9 -.25 -6.763 -5.802 -.25 -6.723 -5.762 -.25 -6.625 -5.802 -.25 -6.527
4 2 -4.7 -.25 -5.6 -4.575 -.25 -5.725 -4.35 -.25 -5.7 -4.525 -.25 -5.425
4 2 -3.95 -.25 -5.35 -4.275 -.25 -5.35 -4.525 -.25 -5.425 -4.35 -.25 -5.7
4 2 -4.35 -.25 -5.7 -4.1 -.25 -5.775 -3.7 -.25 -5.425 -3.95 -.25 -5.35
4 2 -3.575 -.25 -5.75 -3.575 -.25 -5.55 -3.7 -.25 -5.425 -4.1 -.25 -5.775
3 2 -3.575 -.25 -5.75 -4.1 -.25 -5.775 -3.875 -.25 -5.9
3 2 -3.575 -.25 -5.75 -3.875 -.25 -5.9 -3.725 -.25 -6.025
4 15 -8.05 -.25 -6.35 -8.55 -.25 -6.525 -8.6 -.25 -6.85 -8.35 -.25 -7
3 15 -8.4 -.25 -6.15 -8.55 -.25 -6.525 -8.05 -.25 -6.35
4 15 -8.35 -.25 -7 -7.9 -.25 -7.2 -7.55 -.25 -6.55 -8.05 -.25 -6.35
4 15 -7 -.25 -6.7 -7.55 -.25 -6.55 -7.9 -.25 -7.2 -7.35 -.25 -7.35
4 15 -6.7 -.25 -7.5 -6.625 -.25 -7.25 -7 -.25 -6.7 -7.35 -.25 -7.35
3 15 -7 -.25 -6.7 -6.625 -.25 -7.25 -6.55 -.25 -6.975
3 15 -7 -.25 -6.7 -6.55 -.25 -6.975 -6.45 -.25 -6.775
3 15 -8.4 -.25 -4.8 -8.325 -.25 -5.15 -8.1 -.25 -5.05
4 15 -8.325 -.25 -5.15 -8.3 -.25 -5.55 -7.95 -.25 -5.75 -8.1 -.25 -5.05
4 15 -8.1 -.25 -5.05 -7.95 -.25 -5.75 -7.45 -.25 -6 -7.5 -.25 -5.35
4 15 -6.9 -.25 -6.25 -7.05 -.25 -5.5 -7.5 -.25 -5.35 -7.45 -.25 -6
4 15 -6.4 -.25 -6.45 -6.4 -.25 -5.55 -7.05 -.25 -5.5 -6.9 -.25 -6.25
4 15 -5.725 -.25 -4.975 -6.175 -.25 -5 -5.886 -.25 -5.475 -5.802 -.25 -5.273
4 15 -5.802 -.25 -5.273 -5.6 -.25 -5.189 -5.25 -.25 -5.025 -5.725 -.25 -4.975
4 15 -5.6 -.25 -5.189 -5.398 -.25 -5.273 -5.1 -.25 -5.175 -5.25 -.25 -5.025
4 15 -5.398 -.25 -5.273 -5.314 -.25 -5.475 -5.075 -.25 -5.35 -5.1 -.25 -5.175
4 15 -5.398 -.25 -5.677 -5.1 -.25 -5.625 -5.075 -.25 -5.35 -5.314 -.25 -5.475
4 15 -5.6 -.25 -5.761 -5.35 -.25 -6.25 -5.1 -.25 -5.625 -5.398 -.25 -5.677
4 15 -5.35 -.25 -6.25 -5.6 -.25 -5.761 -5.9 -.25 -6.487 -5.802 -.25 -6.527
4 15 -5.6 -.25 -5.761 -5.802 -.25 -5.677 -5.998 -.25 -6.527 -5.9 -.25 -6.487
4 15 -5.802 -.25 -5.677 -5.886 -.25 -5.475 -6.175 -.25 -5 -5.998 -.25 -6.527
4 15 -6.175 -.25 -5 -6.175 -.25 -6.6 -6.038 -.25 -6.625 -5.998 -.25 -6.527
4 15 -5.998 -.25 -6.723 -6.038 -.25 -6.625 -6.175 -.25 -6.6 -6.2 -.25 -6.875
4 15 -6.275 -.25 -7.05 -5.925 -.25 -7.175 -5.998 -.25 -6.723 -6.2 -.25 -6.875
3 15 -5.998 -.25 -6.723 -5.925 -.25 -7.175 -5.9 -.25 -6.763
4 15 -5.9 -.25 -6.763 -5.925 -.25 -7.175 -5.6 -.25 -6.725 -5.802 -.25 -6.723
4 15 -5.802 -.25 -6.723 -5.6 -.25 -6.725 -5.35 -.25 -6.25 -5.762 -.25 -6.625
3 15 -5.35 -.25 -6.25 -5.802 -.25 -6.527 -5.762 -.25 -6.625
4 15 -6.2 -.25 -7.5 -5.925 -.25 -7.175 -6.275 -.25 -7.05 -6.35 -.25 -7.325
3 15 -6.35 -.25 -7.325 -6.375 -.25 -7.5 -6.2 -.25 -7.5
3 15 -5.25 -.25 -6.825 -5.45 -.25 -7.2 -4.8 -.25 -7.1
4 15 -5.45 -.25 -7.2 -5.65 -.25 -7.5 -4.45 -.25 -7.5 -4.8 -.25 -7.1
3 15 -4.8 -.25 -7.1 -4.45 -.25 -7.5 -4.375 -.25 -7.325
3 15 -4.05 -.25 -7.425 -4.075 -.25 -7.5 -3.85 -.25 -7.5
4 15 -4.875 -.25 -5.9 -4.575 -.25 -5.875 -4.575 -.25 -5.725 -4.7 -.25 -5.6
4 15 -4.875 -.25 -5.9 -5.05 -.25 -6.45 -4.65 -.25 -6.7 -4.575 -.25 -5.875
4 15 -4.575 -.25 -5.875 -4.65 -.25 -6.7 -4.225 -.25 -6.925 -4.25 -.25 -6.1
3 15 -4.25 -.25 -6.1 -4.225 -.25 -6.925 -3.875 -.25 -6.225
4 15 -3.9 -.25 -7.05 -3.15 -.25 -7.2 -2.95 -.25 -6.6 -3.6 -.25 -6.4
4 15 -3.15 -.25 -7.2 -2.5 -.25 -7.3 -2.15 -.25 -6.7 -2.95 -.25 -6.6
4 15 -1.25 -.25 -6.7 -2.15 -.25 -6.7 -2.5 -.25 -7.3 -1.65 -.25 -7.4
4 15 12.45 -.25 5.225 13.45 -.25 7.5 4.925 -.25 6.3 9.5 -.25 5.55
4 484 -8.525 -.25 2.175 -8.975 -.25 2.025 -8.9 -.25 1.8 -8.725 -.25 1.825
4 484 -8.975 -.25 2.025 -8.525 -.25 2.175 -8.65 -.25 2.825 -8.8 -.25 2.525
4 484 -8.475 -.25 2.9 -8.65 -.25 2.825 -8.525 -.25 2.175 -8.35 -.25 2.55
3 484 -8.475 -.25 2.9 -8.35 -.25 2.55 -8.325 -.25 2.8
4 484 -8.975 -.25 3.675 -9.1 -.25 3.4 -9.125 -.25 3.025 -8.9 -.25 3.075
4 484 -8.775 -.25 3.85 -8.975 -.25 3.675 -8.9 -.25 3.075 -8.725 -.25 3.35
4 484 -8.525 -.25 3.875 -8.775 -.25 3.85 -8.725 -.25 3.35 -8.525 -.25 3.475
3 484 -8.525 -.25 3.875 -8.525 -.25 3.475 -8.425 -.25 3.75
4 484 -8.275 -.25 3.125 -8.025 -.25 3.2 -7.9 -.25 3.475 -8.375 -.25 3.275
4 484 -7.875 -.25 3.75 -8.2 -.25 3.575 -8.375 -.25 3.275 -7.9 -.25 3.475
4 484 -8.2 -.25 3.575 -7.875 -.25 3.75 -8.075 -.25 3.95 -8.15 -.25 3.8
3 484 -7.925 -.25 3.95 -8.075 -.25 3.95 -7.875 -.25 3.75
4 484 -8.9 -.25 4.325 -8.6 -.25 4.375 -8.35 -.25 4.575 -8.875 -.25 4.75
4 484 -8.825 -.25 5.075 -8.875 -.25 4.75 -8.35 -.25 4.575 -8.2 -.25 4.875
4 484 -8.425 -.25 5.6 -8.675 -.25 5.375 -8.825 -.25 5.075 -8.2 -.25 4.875
4 484 -8.1 -.25 5.775 -8.425 -.25 5.6 -8.2 -.25 4.875 -8 -.25 5.2
4 484 -8 -.25 5.2 -7.825 -.25 5.45 -7.775 -.25 5.825 -8.1 -.25 5.775
4 484 -7.825 -.25 5.45 -7.65 -.25 5.475 -7.525 -.25 5.775 -7.775 -.25 5.825
4 484 -7.525 -.25 5.775 -7.65 -.25 5.475 -7.425 -.25 5.475 -7.375 -.25 5.6
4 484 -8.025 -.25 4.6 -8.3 -.25 4.25 -8.2 -.25 4.15 -7.75 -.25 4.275
4 484 -7.75 -.25 4.275 -7.55 -.25 4.6 -7.875 -.25 4.875 -8.025 -.25 4.6
4 484 -7.675 -.25 5.25 -7.875 -.25 4.875 -7.55 -.25 4.6 -7.425 -.25 4.975
3 484 -7.425 -.25 5.25 -7.675 -.25 5.25 -7.425 -.25 4.975
4 484 -8.6 -.25 5.775 -8.25 -.25 5.975 -8.475 -.25 6.45 -8.625 -.25 6.175
4 484 -7.925 -.25 6.2 -8.15 -.25 6.575 -8.475 -.25 6.45 -8.25 -.25 5.975
4 484 -8.15 -.25 6.575 -7.925 -.25 6.2 -7.725 -.25 6.375 -7.825 -.25 6.6
4 484 -8.075 -.25 6.975 -8.425 -.25 7.4 -8.675 -.25 7.225 -8.725 -.25 6.975
4 484 -7.85 -.25 7.325 -8.125 -.25 7.375 -8.425 -.25 7.4 -8.075 -.25 6.975
4 484 -7.625 -.25 7.5 -7.85 -.25 7.325 -8.075 -.25 6.975 -7.7 -.25 7.175
3 484 -8.075 -.25 6.975 -8.725 -.25 6.975 -8.45 -.25 6.875
4 484 -6.525 -.25 7.5 -7.625 -.25 7.5 -7.7 -.25 7.175 -7.375 -.25 7.25
4 484 -7.65 -.25 6.875 -7.275 -.25 6.575 -7.025 -.25 6.875 -7.375 -.25 6.95
4 484 -6.975 -.25 6.225 -6.725 -.25 6.675 -7.025 -.25 6.875 -7.275 -.25 6.575
4 484 -6.725 -.25 6.675 -6.975 -.25 6.225 -6.775 -.25 5.9 -6.475 -.25 6.3
4 484 -6.55 -.25 5.625 -6.35 -.25 5.95 -6.475 -.25 6.3 -6.775 -.25 5.9
4 484 -6.55 -.25 5.625 -6.375 -.25 5.525 -6.25 -.25 5.65 -6.35 -.25 5.95
4 484 -7.35 -.25 5.925 -7.25 -.25 6.175 -7.5 -.25 6.3 -7.6 -.25 6.15
4 484 -7.15 -.25 5.675 -6.95 -.25 5.85 -7.25 -.25 6.175 -7.35 -.25 5.925
4 484 -7.025 -.25 5.4 -6.8 -.25 5.475 -6.95 -.25 5.85 -7.15 -.25 5.675
4 484 -7.375 -.25 7.25 -6.975 -.25 7.125 -6.325 -.25 7.15 -6.525 -.25 7.5
4 484 -6.975 -.25 7.125 -6.575 -.25 6.85 -6.1 -.25 6.65 -6.325 -.25 7.15
4 484 -6.575 -.25 6.85 -6.325 -.25 6.475 -5.9 -.25 6.05 -6.1 -.25 6.65
4 484 -5.925 -.25 5.675 -5.9 -.25 6.05 -6.325 -.25 6.475 -6.125 -.25 5.925
4 484 -5.925 -.25 5.675 -5.475 -.25 5.6 -5.65 -.25 6.1 -5.9 -.25 6.05
4 484 -5.35 -.25 7.5 -6.225 -.25 7.5 -6.075 -.25 7.175 -5.625 -.25 7.15
4 484 -5.95 -.25 6.825 -5.8 -.25 6.825 -5.625 -.25 7.15 -6.075 -.25 7.175
4 484 -4.725 -.25 6.2 -5.475 -.25 5.6 -4.925 -.25 5.5 -4.65 -.25 5.875
3 484 -4.65 -.25 5.875 -4.925 -.25 5.5 -4.525 -.25 5.4
4 484 -5.475 -.25 5.6 -4.725 -.25 6.2 -5.6 -.25 6.475 -5.65 -.25 6.1
4 484 -4.775 -.25 6.6 -5.45 -.25 6.875 -5.6 -.25 6.475 -4.725 -.25 6.2
4 484 -5.45 -.25 6.875 -4.775 -.25 6.6 -4.725 -.25 6.925 -5.325 -.25 7.125
4 484 -4.55 -.25 7.225 -5.05 -.25 7.5 -5.325 -.25 7.125 -4.725 -.25 6.925
3 484 -4.225 -.25 7.5 -5.05 -.25 7.5 -4.55 -.25 7.225
4 484 -4.5 -.25 6.55 -4.45 -.25 6.175 -4.3 -.25 5.85 -4.125 -.25 6.375
4 484 -4.5 -.25 6.55 -4.125 -.25 6.375 -4.2 -.25 7.175 -4.425 -.25 6.825
4 484 -3.825 -.25 7.5 -4.2 -.25 7.175 -4.125 -.25 6.375 -3.925 -.25 6.75
3 484 -3.825 -.25 7.5 -3.925 -.25 6.75 -3.625 -.25 7.175
3 484 -3.275 -.25 7.5 -3.825 -.25 7.5 -3.625 -.25 7.175
4 484 -3.075 -.25 7.05 -3.35 -.25 6.7 -3.45 -.25 6.4 -3.2 -.25 6.55
4 484 -3.2 -.25 6.55 -2.8 -.25 6.825 -2.7 -.25 7.325 -3.075 -.25 7.05
4 484 -2.3 -.25 7.5 -2.7 -.25 7.325 -2.8 -.25 6.825 -2.35 -.25 7.05
3 484 -2.3 -.25 7.5 -2.35 -.25 7.05 -1.925 -.25 7.225
4 484 -1.925 -.25 7.225 -1.45 -.25 7.275 -.625 -.25 7.5 -2.3 -.25 7.5
4 484 -.1 -.25 7.25 -.625 -.25 7.5 -1.45 -.25 7.275 -.925 -.25 7.175
3 484 -.1 -.25 7.25 -.925 -.25 7.175 -.425 -.25 6.95
4 484 -.425 -.25 6.95 -.15 -.25 6.725 .625 -.25 6.725 -.1 -.25 7.25
4 484 -.25 -.25 6.6 .65 -.25 6.2 .625 -.25 6.725 -.15 -.25 6.725
4 484 .625 -.25 6.725 .65 -.25 6.2 .975 -.25 5.775 1.275 -.25 6.375
4 484 1.3 -.25 5.275 1.65 -.25 5.875 1.275 -.25 6.375 .975 -.25 5.775
4 484 1.3 -.25 5.275 1.8 -.25 5.275 2.2 -.25 5.625 1.65 -.25 5.875
4 484 2.6 -.25 5.575 2.2 -.25 5.625 1.8 -.25 5.275 2.225 -.25 5.375
4 484 2.225 -.25 5.375 2.5 -.25 5.275 2.85 -.25 5.425 2.6 -.25 5.575
4 484 2.725 -.25 5.075 2.85 -.25 5.425 2.5 -.25 5.275 2.55 -.25 5.125
3 484 2.85 -.25 5.425 2.725 -.25 5.075 2.95 -.25 5.2
4 484 -2.275 -.25 6.65 -2.075 -.25 6.4 -1.575 -.25 6.475 -1.8 -.25 6.85
4 484 -1.8 -.25 6.85 -1.575 -.25 6.475 -.775 -.25 6.8 -1.325 -.25 6.875
4 484 -1.575 -.25 6.475 -.95 -.25 6.425 -.25 -.25 6.6 -.775 -.25 6.8
3 484 -.25 -.25 6.6 -.95 -.25 6.425 -.375 -.25 6.2
4 484 .65 -.25 6.2 -.25 -.25 6.6 -.375 -.25 6.2 .475 -.25 6.1
4 484 -.375 -.25 6.2 .1 -.25 5.875 .725 -.25 5.725 .475 -.25 6.1
4 484 1.025 -.25 5.2 .725 -.25 5.725 .1 -.25 5.875 .5 -.25 5.375
4 484 .5 -.25 5.375 .825 -.25 4.8 1.325 -.25 4.85 1.025 -.25 5.2
4 484 .825 -.25 4.8 1.1 -.25 4.3 1.325 -.25 4.15 1.325 -.25 4.85
4 484 1.325 -.25 4.85 1.325 -.25 4.15 1.725 -.25 4.05 1.575 -.25 4.85
4 484 1.725 -.25 4.05 2.125 -.25 4.075 2.425 -.25 4.225 1.575 -.25 4.85
4 484 1.575 -.25 4.85 2.425 -.25 4.225 2 -.25 5.075 1.725 -.25 4.975
4 484 2.475 -.25 4.775 2.3 -.25 4.975 2 -.25 5.075 2.425 -.25 4.225
3 484 2.475 -.25 4.775 2.425 -.25 4.225 2.525 -.25 4.475
4 484 -2.6 -.25 6.15 -2.075 -.25 6.4 -2.275 -.25 6.65 -2.75 -.25 6.375
4 484 -3.05 -.25 5.775 -2.6 -.25 6.15 -2.75 -.25 6.375 -3.2 -.25 6
4 484 -3.275 -.25 5.475 -3.05 -.25 5.775 -3.2 -.25 6 -3.475 -.25 5.6
4 484 -3.475 -.25 5.6 -3.575 -.25 5.2 -3.275 -.25 5.3 -3.275 -.25 5.475
4 484 -3.575 -.25 5.2 -3.5 -.25 4.925 -3.35 -.25 4.725 -3.275 -.25 5.3
4 484 -3.025 -.25 4.625 -3.15 -.25 5.125 -3.275 -.25 5.3 -3.35 -.25 4.725
4 484 -2.725 -.25 4.55 -2.875 -.25 5.05 -3.15 -.25 5.125 -3.025 -.25 4.625
4 484 -2.35 -.25 5.425 -2.7 -.25 5.25 -2.875 -.25 5.05 -2.725 -.25 4.55
4 484 -2.35 -.25 5.425 -2.725 -.25 4.55 -2.4 -.25 4.325 -1.825 -.25 5.5
4 484 -1.3 -.25 4.2 -1.825 -.25 5.5 -2.4 -.25 4.325 -2 -.25 4.225
4 484 -.875 -.25 5.35 -1.3 -.25 5.45 -1.825 -.25 5.5 -1.3 -.25 4.2
4 484 -.875 -.25 5.35 -1.3 -.25 4.2 -.325 -.25 4.85 -.525 -.25 5.125
4 484 -1.3 -.25 4.2 -.65 -.25 4.25 -.175 -.25 4.475 -.325 -.25 4.85
3 484 -.175 -.25 4.475 -.65 -.25 4.25 -.3 -.25 4.175
3 484 -.175 -.25 4.475 -.3 -.25 4.175 -.125 -.25 4.05
4 484 -2.825 -.25 5.525 -2.375 -.25 5.7 -2.15 -.25 6.125 -2.575 -.25 5.9
4 484 -1.625 -.25 6.2 -2.15 -.25 6.125 -2.375 -.25 5.7 -1.975 -.25 5.8
4 484 -1.975 -.25 5.8 -1.475 -.25 5.825 -1.075 -.25 6.15 -1.625 -.25 6.2
4 484 -.65 -.25 6.025 -1.075 -.25 6.15 -1.475 -.25 5.825 -1.025 -.25 5.75
4 484 -1.025 -.25 5.75 -.675 -.25 5.575 -.25 -.25 5.825 -.65 -.25 6.025
4 484 -.675 -.25 5.575 -.35 -.25 5.3 .125 -.25 5.475 -.25 -.25 5.825
4 484 -.35 -.25 5.3 -.075 -.25 4.9 .45 -.25 4.925 .125 -.25 5.475
4 484 .7 -.25 4.45 .45 -.25 4.925 -.075 -.25 4.9 .125 -.25 4.475
4 484 .675 -.25 3.775 .7 -.25 4.45 .125 -.25 4.475 .375 -.25 4.1
4 484 1.025 -.25 3.575 .95 -.25 4.125 .7 -.25 4.45 .675 -.25 3.775
4 484 1.5 -.25 3.475 1.275 -.25 3.875 .95 -.25 4.125 1.025 -.25 3.575
3 484 1.275 -.25 3.875 1.5 -.25 3.475 1.7 -.25 3.775
4 484 .075 -.25 7.5 .675 -.25 7.1 1.55 -.25 7.175 .875 -.25 7.5
4 484 .675 -.25 7.1 1.425 -.25 6.65 2.125 -.25 6.85 1.55 -.25 7.175
4 484 1.425 -.25 6.65 2.05 -.25 6.425 2.25 -.25 6.475 2.125 -.25 6.85
3 484 2.125 -.25 6.85 2.25 -.25 6.475 2.35 -.25 6.675
4 484 2.925 -.25 5.85 2.775 -.25 6.225 2.275 -.25 6.075 2.4 -.25 5.9
4 484 2.775 -.25 6.225 2.925 -.25 5.85 3.125 -.25 6.425 2.925 -.25 6.4
4 484 3.375 -.25 6.025 3.3 -.25 6.3 3.125 -.25 6.425 2.925 -.25 5.85
3 484 3.375 -.25 6.025 2.925 -.25 5.85 3.075 -.25 5.725
4 484 3.2 -.25 5.05 3.4 -.25 5.325 3.375 -.25 6.025 3.075 -.25 5.725
4 484 3.275 -.25 4.55 3.475 -.25 4.875 3.4 -.25 5.325 3.2 -.25 5.05
3 484 3.475 -.25 4.875 3.275 -.25 4.55 3.725 -.25 4.4
4 484 3.275 -.25 4.55 3.05 -.25 4.425 3.85 -.25 4.1 3.725 -.25 4.4
4 484 3.85 -.25 4.1 3.05 -.25 4.425 2.875 -.25 4.35 3.9 -.25 3.725
4 484 2.775 -.25 3.8 3.9 -.25 3.725 2.875 -.25 4.35 2.775 -.25 4.1
4 484 3.825 -.25 3.4 3.9 -.25 3.725 2.775 -.25 3.8 3.175 -.25 3.425
4 484 3.25 -.25 3.1 3.65 -.25 3.125 3.825 -.25 3.4 3.175 -.25 3.425
4 484 3.25 -.25 3.1 3.225 -.25 2.8 3.55 -.25 2.875 3.65 -.25 3.125
3 484 1 -.25 3.3 1.125 -.25 2.8 1.375 -.25 3.25
4 484 1.125 -.25 2.8 1.2 -.25 2.275 1.65 -.25 3.275 1.375 -.25 3.25
4 484 1.65 -.25 3.275 2.225 -.25 2.5 2.475 -.25 2.9 1.875 -.25 3.45
4 484 1.875 -.25 3.45 2.475 -.25 2.9 2.4 -.25 3.625 2.125 -.25 3.55
4 484 2.775 -.25 3.075 2.6 -.25 3.575 2.4 -.25 3.625 2.475 -.25 2.9
4 484 2.975 -.25 3.3 2.875 -.25 3.45 2.6 -.25 3.575 2.775 -.25 3.075
3 484 2.975 -.25 3.3 2.775 -.25 3.075 2.975 -.25 3.125
4 484 1.65 -.25 3.275 1.2 -.25 2.275 2.025 -.25 2.025 2.225 -.25 2.5
4 484 1.425 -.25 1.65 2.025 -.25 2.025 1.2 -.25 2.275 1.325 -.25 1.9
4 484 1.775 -.25 1.55 1.9 -.25 1.725 2.025 -.25 2.025 1.425 -.25 1.65
3 484 1.425 -.25 1.65 1.575 -.25 1.525 1.775 -.25 1.55
4 484 2.825 -.25 1.425 2.275 -.25 .8 2.2 -.25 .225 2.55 -.25 .8
4 484 2.925 -.25 1.925 2.25 -.25 1.15 2.275 -.25 .8 2.825 -.25 1.425
4 484 2.25 -.25 1.15 2.925 -.25 1.925 2.15 -.25 1.725 2.15 -.25 1.425
4 484 2.15 -.25 1.725 2.925 -.25 1.925 2.95 -.25 2.475 2.375 -.25 2
4 484 2.675 -.25 2.725 2.5 -.25 2.325 2.375 -.25 2 2.95 -.25 2.475
3 484 2.925 -.25 2.75 2.675 -.25 2.725 2.95 -.25 2.475
4 484 1.575 -.25 .9 2 -.25 1.025 1.825 -.25 1.275 1.55 -.25 1.2
4 484 1.55 -.25 .625 1.95 -.25 .775 2 -.25 1.025 1.575 -.25 .9
3 484 1.95 -.25 .775 1.55 -.25 .625 1.85 -.25 .6
4 484 1.725 -.25 -.35 1.775 -.25 .05 1.525 -.25 .075 1.4 -.25 -.275
4 484 1.7 -.25 -.675 1.725 -.25 -.35 1.4 -.25 -.275 1.35 -.25 -.625
4 484 1.725 -.25 -.9 1.7 -.25 -.675 1.35 -.25 -.625 1.4 -.25 -.975
4 0 .875 -.25 7.5 1.55 -.25 7.175 3.2 -.25 7.325 2.8 -.25 7.5
3 0 3.2 -.25 7.325 1.55 -.25 7.175 2.125 -.25 6.85
4 0 3.425 -.25 7.025 3.2 -.25 7.325 2.125 -.25 6.85 2.35 -.25 6.675
4 0 2.35 -.25 6.675 2.925 -.25 6.4 3.125 -.25 6.425 3.425 -.25 7.025
4 0 3.3 -.25 6.3 3.675 -.25 6.875 3.425 -.25 7.025 3.125 -.25 6.425
4 0 3.9 -.25 6.45 3.825 -.25 6.675 3.675 -.25 6.875 3.3 -.25 6.3
3 0 3.9 -.25 6.45 3.3 -.25 6.3 3.375 -.25 6.025
4 0 3.4 -.25 5.325 4.925 -.25 6.3 3.9 -.25 6.45 3.375 -.25 6.025
3 0 4.925 -.25 6.3 3.725 -.25 4.4 3.85 -.25 4.1
4 0 .675 -.25 7.1 .075 -.25 7.5 -.625 -.25 7.5 -.1 -.25 7.25
4 0 -.1 -.25 7.25 .625 -.25 6.725 1.425 -.25 6.65 .675 -.25 7.1
3 0 -2.3 -.25 7.5 -3.275 -.25 7.5 -2.7 -.25 7.325
4 0 -3.625 -.25 7.175 -3.075 -.25 7.05 -2.7 -.25 7.325 -3.275 -.25 7.5
3 0 -3.825 -.25 7.5 -4.225 -.25 7.5 -4.2 -.25 7.175
4 0 -5.05 -.25 7.5 -5.35 -.25 7.5 -5.625 -.25 7.15 -5.325 -.25 7.125
4 0 -6.525 -.25 7.5 -6.325 -.25 7.15 -6.075 -.25 7.175 -6.225 -.25 7.5
3 0 -7.625 -.25 7.5 -8.125 -.25 7.375 -7.85 -.25 7.325
3 0 -10.6 -.25 7.5 -8.675 -.25 7.225 -8.425 -.25 7.4
3 0 -7.625 -.25 7.5 -8.425 -.25 7.4 -8.125 -.25 7.375
3 0 -7.625 -.25 7.5 -10.6 -.25 7.5 -8.425 -.25 7.4
4 0 -9.6 -.25 4.75 -8.725 -.25 6.975 -8.675 -.25 7.225 -10.6 -.25 7.5
4 0 -8.625 -.25 6.175 -8.475 -.25 6.45 -8.45 -.25 6.875 -8.725 -.25 6.975
4 0 -8.25 -.25 5.975 -8.6 -.25 5.775 -8.675 -.25 5.375 -8.425 -.25 5.6
4 0 -8.425 -.25 5.6 -8.1 -.25 5.775 -7.925 -.25 6.2 -8.25 -.25 5.975
3 0 -8.825 -.25 5.075 -9.6 -.25 4.75 -8.875 -.25 4.75
4 0 -8.825 -.25 5.075 -8.675 -.25 5.375 -8.6 -.25 5.775 -9.6 -.25 4.75
4 0 -8.725 -.25 6.975 -9.6 -.25 4.75 -8.6 -.25 5.775 -8.625 -.25 6.175
4 0 -10.15 -.25 3.8 -8.9 -.25 4.325 -8.875 -.25 4.75 -9.6 -.25 4.75
4 0 -8.775 -.25 3.85 -8.9 -.25 4.325 -10.15 -.25 3.8 -8.975 -.25 3.675
4 0 -8.525 -.25 3.875 -8.6 -.25 4.375 -8.9 -.25 4.325 -8.775 -.25 3.85
4 0 -8.35 -.25 4.575 -8.6 -.25 4.375 -8.525 -.25 3.875 -8.3 -.25 4.25
4 0 -8.3 -.25 4.25 -8.025 -.25 4.6 -8.2 -.25 4.875 -8.35 -.25 4.575
4 0 -8 -.25 5.2 -8.2 -.25 4.875 -8.025 -.25 4.6 -7.875 -.25 4.875
4 0 -7.875 -.25 4.875 -7.675 -.25 5.25 -7.825 -.25 5.45 -8 -.25 5.2
4 0 -7.425 -.25 5.475 -7.65 -.25 5.475 -7.825 -.25 5.45 -7.675 -.25 5.25
4 0 -7.025 -.25 5.4 -7.425 -.25 5.475 -7.675 -.25 5.25 -7.425 -.25 5.25
4 0 -7.15 -.25 5.675 -7.375 -.25 5.6 -7.425 -.25 5.475 -7.025 -.25 5.4
4 0 -7.525 -.25 5.775 -7.375 -.25 5.6 -7.15 -.25 5.675 -7.35 -.25 5.925
4 0 -7.775 -.25 5.825 -7.525 -.25 5.775 -7.35 -.25 5.925 -7.6 -.25 6.15
3 0 -7.925 -.25 6.2 -8.1 -.25 5.775 -7.775 -.25 5.825
4 0 -7.775 -.25 5.825 -7.6 -.25 6.15 -7.725 -.25 6.375 -7.925 -.25 6.2
3 0 -7.725 -.25 6.375 -7.6 -.25 6.15 -7.5 -.25 6.3
4 0 -7.5 -.25 6.3 -7.275 -.25 6.575 -7.65 -.25 6.875 -7.725 -.25 6.375
3 0 -7.65 -.25 6.875 -7.825 -.25 6.6 -7.725 -.25 6.375
4 0 -7.65 -.25 6.875 -8.075 -.25 6.975 -8.15 -.25 6.575 -7.825 -.25 6.6
4 0 -8.075 -.25 6.975 -8.45 -.25 6.875 -8.475 -.25 6.45 -8.15 -.25 6.575
4 0 -7.375 -.25 7.25 -7.7 -.25 7.175 -8.075 -.25 6.975 -7.65 -.25 6.875
4 0 -7.65 -.25 6.875 -7.375 -.25 6.95 -6.975 -.25 7.125 -7.375 -.25 7.25
4 0 -6.575 -.25 6.85 -6.975 -.25 7.125 -7.375 -.25 6.95 -7.025 -.25 6.875
4 0 -6.325 -.25 6.475 -6.575 -.25 6.85 -7.025 -.25 6.875 -6.725 -.25 6.675
4 0 -6.125 -.25 5.925 -6.325 -.25 6.475 -6.725 -.25 6.675 -6.475 -.25 6.3
3 0 -6.475 -.25 6.3 -6.35 -.25 5.95 -6.125 -.25 5.925
4 0 -5.925 -.25 5.675 -6.125 -.25 5.925 -6.35 -.25 5.95 -6.25 -.25 5.65
4 0 -6.975 -.25 6.225 -7.275 -.25 6.575 -7.5 -.25 6.3 -7.25 -.25 6.175
4 0 -6.775 -.25 5.9 -6.975 -.25 6.225 -7.25 -.25 6.175 -6.95 -.25 5.85
4 0 -6.55 -.25 5.625 -6.775 -.25 5.9 -6.95 -.25 5.85 -6.8 -.25 5.475
3 0 -6.55 -.25 5.625 -6.8 -.25 5.475 -6.375 -.25 5.525
4 0 -6.1 -.25 6.65 -5.95 -.25 6.825 -6.075 -.25 7.175 -6.325 -.25 7.15
4 0 -5.6 -.25 6.475 -5.8 -.25 6.825 -5.95 -.25 6.825 -6.1 -.25 6.65
4 0 -6.1 -.25 6.65 -5.9 -.25 6.05 -5.65 -.25 6.1 -5.6 -.25 6.475
3 0 -5.45 -.25 6.875 -5.8 -.25 6.825 -5.6 -.25 6.475
4 0 -5.8 -.25 6.825 -5.45 -.25 6.875 -5.325 -.25 7.125 -5.625 -.25 7.15
4 0 -4.225 -.25 7.5 -4.55 -.25 7.225 -4.425 -.25 6.825 -4.2 -.25 7.175
4 0 -4.725 -.25 6.2 -4.5 -.25 6.55 -4.725 -.25 6.925 -4.775 -.25 6.6
4 0 -4.55 -.25 7.225 -4.725 -.25 6.925 -4.5 -.25 6.55 -4.425 -.25 6.825
4 0 -4.65 -.25 5.875 -4.45 -.25 6.175 -4.5 -.25 6.55 -4.725 -.25 6.2
4 0 -4.525 -.25 5.4 -4.3 -.25 5.85 -4.45 -.25 6.175 -4.65 -.25 5.875
4 0 -3.475 -.25 5.6 -4.3 -.25 5.85 -4.525 -.25 5.4 -3.575 -.25 5.2
4 0 -4.3 -.25 5.85 -3.475 -.25 5.6 -3.45 -.25 6.4 -4.125 -.25 6.375
4 0 -4.125 -.25 6.375 -3.45 -.25 6.4 -3.35 -.25 6.7 -3.925 -.25 6.75
4 0 -3.925 -.25 6.75 -3.35 -.25 6.7 -3.075 -.25 7.05 -3.625 -.25 7.175
4 0 -3.475 -.25 5.6 -3.2 -.25 6 -3.2 -.25 6.55 -3.45 -.25 6.4
4 0 -3.2 -.25 6 -2.75 -.25 6.375 -2.8 -.25 6.825 -3.2 -.25 6.55
4 0 -2.35 -.25 7.05 -2.8 -.25 6.825 -2.75 -.25 6.375 -2.275 -.25 6.65
4 0 -1.8 -.25 6.85 -1.925 -.25 7.225 -2.35 -.25 7.05 -2.275 -.25 6.65
4 0 -1.325 -.25 6.875 -1.45 -.25 7.275 -1.925 -.25 7.225 -1.8 -.25 6.85
4 0 -1.45 -.25 7.275 -1.325 -.25 6.875 -.775 -.25 6.8 -.925 -.25 7.175
4 0 -.25 -.25 6.6 -.425 -.25 6.95 -.925 -.25 7.175 -.775 -.25 6.8
3 0 -.425 -.25 6.95 -.25 -.25 6.6 -.15 -.25 6.725
4 0 .625 -.25 6.725 1.275 -.25 6.375 2.05 -.25 6.425 1.425 -.25 6.65
4 0 2.275 -.25 6.075 2.05 -.25 6.425 1.275 -.25 6.375 1.65 -.25 5.875
4 0 2.05 -.25 6.425 2.275 -.25 6.075 2.775 -.25 6.225 2.25 -.25 6.475
4 0 2.925 -.25 6.4 2.35 -.25 6.675 2.25 -.25 6.475 2.775 -.25 6.225
4 0 1.65 -.25 5.875 2.2 -.25 5.625 2.4 -.25 5.9 2.275 -.25 6.075
4 0 2.925 -.25 5.85 2.4 -.25 5.9 2.2 -.25 5.625 2.6 -.25 5.575
4 0 2.6 -.25 5.575 2.85 -.25 5.425 3.075 -.25 5.725 2.925 -.25 5.85
4 0 2.85 -.25 5.425 2.95 -.25 5.2 3.2 -.25 5.05 3.075 -.25 5.725
4 0 2.95 -.25 5.2 3.05 -.25 4.425 3.275 -.25 4.55 3.2 -.25 5.05
4 0 .675 -.25 3.775 1 -.25 3.3 1.375 -.25 3.25 1.025 -.25 3.575
4 0 1.025 -.25 3.575 1.375 -.25 3.25 1.65 -.25 3.275 1.5 -.25 3.475
4 0 1.7 -.25 3.775 1.5 -.25 3.475 1.65 -.25 3.275 1.875 -.25 3.45
3 0 1.7 -.25 3.775 1.875 -.25 3.45 2.125 -.25 3.55
4 0 2.425 -.25 4.225 2.125 -.25 4.075 2.125 -.25 3.55 2.4 -.25 3.625
4 0 2.425 -.25 4.225 2.4 -.25 3.625 2.775 -.25 3.8 2.775 -.25 4.1
3 0 2.775 -.25 3.8 2.4 -.25 3.625 2.6 -.25 3.575
4 0 2.6 -.25 3.575 2.875 -.25 3.45 3.175 -.25 3.425 2.775 -.25 3.8
4 0 2.875 -.25 3.45 2.975 -.25 3.3 3.25 -.25 3.1 3.175 -.25 3.425
4 0 3.225 -.25 2.8 3.25 -.25 3.1 2.975 -.25 3.3 2.975 -.25 3.125
4 0 2.95 -.25 2.475 3.225 -.25 2.8 2.975 -.25 3.125 2.925 -.25 2.75
4 0 2.675 -.25 2.725 2.925 -.25 2.75 2.975 -.25 3.125 2.775 -.25 3.075
4 0 2.5 -.25 2.325 2.675 -.25 2.725 2.775 -.25 3.075 2.475 -.25 2.9
4 0 2.375 -.25 2 2.5 -.25 2.325 2.475 -.25 2.9 2.225 -.25 2.5
4 0 2.15 -.25 1.725 2.375 -.25 2 2.225 -.25 2.5 2.025 -.25 2.025
4 0 2.15 -.25 1.425 2.15 -.25 1.725 2.025 -.25 2.025 1.9 -.25 1.725
4 0 1.825 -.25 1.275 2.15 -.25 1.425 1.9 -.25 1.725 1.775 -.25 1.55
4 0 1.575 -.25 1.525 1.55 -.25 1.2 1.825 -.25 1.275 1.775 -.25 1.55
3 0 1.425 -.25 1.65 1.55 -.25 1.2 1.575 -.25 1.525
4 0 1.325 -.25 1.9 .875 -.25 1.475 1.55 -.25 1.2 1.425 -.25 1.65
3 0 1.55 -.25 .625 1.525 -.25 .075 1.775 -.25 .05
4 0 1.55 -.25 .625 1.775 -.25 .05 2.2 -.25 .225 1.85 -.25 .6
4 0 1.85 -.25 .6 2.2 -.25 .225 2.275 -.25 .8 1.95 -.25 .775
4 0 2 -.25 1.025 1.95 -.25 .775 2.275 -.25 .8 2.25 -.25 1.15
4 0 2.25 -.25 1.15 2.15 -.25 1.425 1.825 -.25 1.275 2 -.25 1.025
4 0 2.15 -.25 -1.55 1.725 -.25 -.9 1.4 -.25 -.975 1.9 -.25 -1.7
4 0 2.15 -.25 -1.55 2.35 -.25 -1.25 2.2 -.25 .225 1.725 -.25 -.9
4 0 1.725 -.25 -.35 1.7 -.25 -.675 1.725 -.25 -.9 2.2 -.25 .225
3 0 2.2 -.25 .225 1.775 -.25 .05 1.725 -.25 -.35
4 0 2.55 -.25 .8 2.2 -.25 .225 2.35 -.25 -1.25 2.95 -.25 .2
4 0 2.825 -.25 1.425 2.55 -.25 .8 2.95 -.25 .2 3.25 -.25 .85
4 0 3.25 -.25 .85 3.75 -.25 2 2.925 -.25 1.925 2.825 -.25 1.425
4 0 3.75 -.25 2 3.55 -.25 2.875 3.225 -.25 2.8 2.925 -.25 1.925
3 0 3.225 -.25 2.8 2.95 -.25 2.475 2.925 -.25 1.925
4 0 3.55 -.25 2.875 3.75 -.25 2 3.825 -.25 3.4 3.65 -.25 3.125
3 0 4.925 -.25 6.3 3.85 -.25 4.1 3.9 -.25 3.725
4 0 4.925 -.25 6.3 3.9 -.25 3.725 3.825 -.25 3.4 3.75 -.25 2
4 0 2.425 -.25 4.225 2.775 -.25 4.1 2.875 -.25 4.35 2.525 -.25 4.475
4 0 2.475 -.25 4.775 2.525 -.25 4.475 2.875 -.25 4.35 2.725 -.25 5.075
4 0 2.95 -.25 5.2 2.725 -.25 5.075 2.875 -.25 4.35 3.05 -.25 4.425
4 0 1.325 -.25 4.85 1.575 -.25 4.85 1.725 -.25 4.975 1.3 -.25 5.275
4 0 1.3 -.25 5.275 1.725 -.25 4.975 2 -.25 5.075 1.8 -.25 5.275
4 0 1.8 -.25 5.275 2 -.25 5.075 2.5 -.25 5.275 2.225 -.25 5.375
4 0 2 -.25 5.075 2.3 -.25 4.975 2.55 -.25 5.125 2.5 -.25 5.275
4 0 2.3 -.25 4.975 2.475 -.25 4.775 2.725 -.25 5.075 2.55 -.25 5.125
4 0 .475 -.25 6.1 .725 -.25 5.725 .975 -.25 5.775 .65 -.25 6.2
4 0 .725 -.25 5.725 1.025 -.25 5.2 1.3 -.25 5.275 .975 -.25 5.775
3 0 1.3 -.25 5.275 1.025 -.25 5.2 1.325 -.25 4.85
4 0 -2.375 -.25 5.7 -2.825 -.25 5.525 -2.7 -.25 5.25 -2.35 -.25 5.425
4 0 -2.375 -.25 5.7 -2.35 -.25 5.425 -1.825 -.25 5.5 -1.975 -.25 5.8
4 0 -1.975 -.25 5.8 -1.825 -.25 5.5 -1.3 -.25 5.45 -1.475 -.25 5.825
4 0 -1.475 -.25 5.825 -1.3 -.25 5.45 -.875 -.25 5.35 -1.025 -.25 5.75
4 0 -.525 -.25 5.125 -.675 -.25 5.575 -1.025 -.25 5.75 -.875 -.25 5.35
4 0 -.675 -.25 5.575 -.525 -.25 5.125 -.075 -.25 4.9 -.35 -.25 5.3
4 0 .125 -.25 4.475 -.075 -.25 4.9 -.525 -.25 5.125 -.325 -.25 4.85
4 0 .375 -.25 4.1 .125 -.25 4.475 -.325 -.25 4.85 -.175 -.25 4.475
4 0 .675 -.25 3.775 .375 -.25 4.1 -.175 -.25 4.475 -.125 -.25 4.05
4 0 -.25 -.25 3.5 1 -.25 3.3 .675 -.25 3.775 -.125 -.25 4.05
4 0 .95 -.25 4.125 1.275 -.25 3.875 1.325 -.25 4.15 1.1 -.25 4.3
4 0 1.725 -.25 4.05 1.325 -.25 4.15 1.275 -.25 3.875 1.7 -.25 3.775
4 0 2.125 -.25 3.55 2.125 -.25 4.075 1.725 -.25 4.05 1.7 -.25 3.775
4 0 .825 -.25 4.8 .7 -.25 4.45 .95 -.25 4.125 1.1 -.25 4.3
4 0 .7 -.25 4.45 .825 -.25 4.8 .5 -.25 5.375 .45 -.25 4.925
4 0 .45 -.25 4.925 .5 -.25 5.375 .1 -.25 5.875 .125 -.25 5.475
4 0 -.375 -.25 6.2 -.25 -.25 5.825 .125 -.25 5.475 .1 -.25 5.875
4 0 -.95 -.25 6.425 -.65 -.25 6.025 -.25 -.25 5.825 -.375 -.25 6.2
4 0 -1.575 -.25 6.475 -1.075 -.25 6.15 -.65 -.25 6.025 -.95 -.25 6.425
4 0 -2.075 -.25 6.4 -1.625 -.25 6.2 -1.075 -.25 6.15 -1.575 -.25 6.475
4 0 -1.625 -.25 6.2 -2.075 -.25 6.4 -2.6 -.25 6.15 -2.15 -.25 6.125
4 0 -3.05 -.25 5.775 -2.575 -.25 5.9 -2.15 -.25 6.125 -2.6 -.25 6.15
4 0 -3.275 -.25 5.475 -2.825 -.25 5.525 -2.575 -.25 5.9 -3.05 -.25 5.775
4 0 -3.275 -.25 5.475 -3.275 -.25 5.3 -3.15 -.25 5.125 -2.825 -.25 5.525
4 0 -2.825 -.25 5.525 -3.15 -.25 5.125 -2.875 -.25 5.05 -2.7 -.25 5.25
4 0 -7.75 -.25 4.275 -8.2 -.25 4.15 -8.075 -.25 3.95 -7.925 -.25 3.95
4 0 -8.525 -.25 3.875 -8.425 -.25 3.75 -8.2 -.25 4.15 -8.3 -.25 4.25
4 0 -8.075 -.25 3.95 -8.2 -.25 4.15 -8.425 -.25 3.75 -8.15 -.25 3.8
4 0 -8.525 -.25 3.475 -8.2 -.25 3.575 -8.15 -.25 3.8 -8.425 -.25 3.75
4 0 -8.725 -.25 3.35 -8.375 -.25 3.275 -8.2 -.25 3.575 -8.525 -.25 3.475
4 0 -8.475 -.25 2.9 -8.375 -.25 3.275 -8.725 -.25 3.35 -8.9 -.25 3.075
4 0 -8.375 -.25 3.275 -8.475 -.25 2.9 -8.325 -.25 2.8 -8.275 -.25 3.125
4 0 -8.275 -.25 3.125 -8.325 -.25 2.8 -7.575 -.25 2.75 -8.025 -.25 3.2
4 0 -8.9 -.25 3.075 -9.125 -.25 3.025 -8.65 -.25 2.825 -8.475 -.25 2.9
4 0 -8.65 -.25 2.825 -9.125 -.25 3.025 -10.05 -.25 2.5 -8.8 -.25 2.525
4 0 -9.95 -.25 1.85 -8.975 -.25 2.025 -8.8 -.25 2.525 -10.05 -.25 2.5
4 0 -9.95 -.25 1.85 -9.75 -.25 1.4 -8.9 -.25 1.8 -8.975 -.25 2.025
4 0 -8.8 -.25 .725 -8.9 -.25 1.8 -9.75 -.25 1.4 -9.45 -.25 1.05
4 0 -10.05 -.25 2.5 -9.125 -.25 3.025 -9.1 -.25 3.4 -10 -.25 3.15
4 0 -10 -.25 3.15 -9.1 -.25 3.4 -8.975 -.25 3.675 -10.15 -.25 3.8
4 0 -7.425 -.25 5.25 -7.425 -.25 4.975 -7.075 -.25 4.275 -7.025 -.25 5.4
4 0 -4.25 -.25 4.6 -3.5 -.25 4.925 -3.575 -.25 5.2 -4.525 -.25 5.4
4 0 -6.25 -.25 5.65 -6.375 -.25 5.525 -5.475 -.25 5.6 -5.925 -.25 5.675
4 0 -7.175 -.25 3.725 -7.75 -.25 4.275 -7.925 -.25 3.95 -7.875 -.25 3.75
4 0 -1.225 -.25 -7.5 -.975 -.25 -7.05 -1.25 -.25 -6.7 -1.65 -.25 -7.4
4 0 -1.05 -.25 -6.2 -1.25 -.25 -6.7 -.975 -.25 -7.05 -.75 -.25 -6.65
4 0 -5.975 -.25 3.65 -5.525 -.25 3.7 -5.275 -.25 4.025 -5.65 -.25 3.925
4 0 -5.525 -.25 3.7 -5.1 -.25 3.7 -4.825 -.25 3.975 -5.275 -.25 4.025
4 0 -4.675 -.25 3.5 -4.575 -.25 3.8 -4.825 -.25 3.975 -5.1 -.25 3.7
4 0 -4.175 -.25 3.375 -4.125 -.25 3.675 -4.575 -.25 3.8 -4.675 -.25 3.5
4 0 -4.125 -.25 3.675 -4.175 -.25 3.375 -3.9 -.25 3.175 -3.775 -.25 3.475
4 0 -3.65 -.25 3.05 -3.475 -.25 3.175 -3.775 -.25 3.475 -3.9 -.25 3.175
4 0 -2.3 -.25 3.125 -2.15 -.25 2.825 -1.475 -.25 2.85 -1.8 -.25 3.25
4 0 -.6 -.25 2.775 -.9 -.25 3.2 -1.8 -.25 3.25 -1.475 -.25 2.85
4 0 -.9 -.25 3.2 -.6 -.25 2.775 -.1 -.25 2.825 -.425 -.25 3.075
3 0 -.1 -.25 2.825 -.6 -.25 2.775 -.225 -.25 2.55
4 0 -.225 -.25 2.55 -.025 -.25 2.325 .15 -.25 2.375 -.1 -.25 2.825
4 0 -7.575 -.25 2.75 -7.35 -.25 2.725 -7.075 -.25 2.925 -7.325 -.25 3.25
4 0 -6.8 -.25 2.725 -7.075 -.25 2.925 -7.35 -.25 2.725 -7.125 -.25 2.55
4 0 -7.125 -.25 2.55 -6.8 -.25 2.1 -6.475 -.25 2.725 -6.8 -.25 2.725
4 0 -3.7 -.25 1.3 -6.475 -.25 2.725 -6.8 -.25 2.1 -4.025 -.25 .975
4 0 -6.475 -.25 2.725 -3.7 -.25 1.3 -5.975 -.25 3.1 -6.3 -.25 2.925
4 0 -4.825 -.25 3.125 -5.55 -.25 3.175 -5.975 -.25 3.1 -3.7 -.25 1.3
4 0 -3.7 -.25 1.3 -3.475 -.25 1.625 -3.35 -.25 1.95 -4.825 -.25 3.125
4 0 -4.825 -.25 3.125 -3.35 -.25 1.95 -3.625 -.25 2.875 -4.175 -.25 3
4 0 -3.625 -.25 2.875 -3.35 -.25 1.95 -2.975 -.25 1.85 -3.15 -.25 2.825
4 0 -2.325 -.25 2.55 -2.65 -.25 2.675 -3.15 -.25 2.825 -2.975 -.25 1.85
4 0 -2.975 -.25 1.85 -3 -.25 1.525 -1.8 -.25 2.475 -2.325 -.25 2.55
4 0 -2.875 -.25 .775 -1.1 -.25 2.175 -1.8 -.25 2.475 -3 -.25 1.525
4 0 -2.875 -.25 .775 -2.625 -.25 .175 -.45 -.25 1.825 -1.1 -.25 2.175
4 0 -2.3 -.25 -.2 0 -.25 1.45 -.45 -.25 1.825 -2.625 -.25 .175
4 0 -2.3 -.25 -.2 -1.65 -.25 -.6 -1.15 -.25 -.75 0 -.25 1.45
4 0 -1.15 -.25 -.75 -.625 -.25 -.7 -.2 -.25 -.35 0 -.25 1.45
4 0 0 -.25 1.45 -.2 -.25 -.35 .275 -.25 .875 .175 -.25 1.1
3 0 .275 -.25 .875 -.2 -.25 -.35 .275 -.25 .45
4 0 .275 -.25 .875 .275 -.25 .45 .875 -.25 .5 .85 -.25 .875
4 0 -4.4 -.25 .675 -4.025 -.25 .975 -6.8 -.25 2.1 -6.85 -.25 1.45
4 0 -6.425 -.25 .65 -4.4 -.25 .675 -6.85 -.25 1.45 -6.775 -.25 .975
4 0 -5.925 -.25 .475 -4.65 -.25 .525 -4.4 -.25 .675 -6.425 -.25 .65
3 0 -4.65 -.25 .525 -5.925 -.25 .475 -5.225 -.25 .425
4 0 -8.025 -.25 3.2 -7.575 -.25 2.75 -7.325 -.25 3.25 -7.9 -.25 3.475
4 0 -7.875 -.25 3.75 -7.9 -.25 3.475 -7.325 -.25 3.25 -7.175 -.25 3.725
4 0 -7.75 -.25 4.275 -7.175 -.25 3.725 -7.075 -.25 4.275 -7.55 -.25 4.6
3 0 -7.425 -.25 4.975 -7.55 -.25 4.6 -7.075 -.25 4.275
4 0 -7.075 -.25 4.275 -6.85 -.25 4.65 -6.8 -.25 5.475 -7.025 -.25 5.4
4 0 -6.375 -.25 5.525 -6.8 -.25 5.475 -6.85 -.25 4.65 -6.6 -.25 4.8
4 0 -5.475 -.25 5.6 -6.375 -.25 5.525 -6.6 -.25 4.8 -6.025 -.25 4.925
4 0 -6.025 -.25 4.925 -5.475 -.25 4.925 -4.925 -.25 5.5 -5.475 -.25 5.6
4 0 -4.525 -.25 5.4 -4.925 -.25 5.5 -5.475 -.25 4.925 -4.825 -.25 4.85
3 0 -4.525 -.25 5.4 -4.825 -.25 4.85 -4.25 -.25 4.6
4 0 -3.65 -.25 4.225 -3.35 -.25 4.725 -3.5 -.25 4.925 -4.25 -.25 4.6
4 0 -3.1 -.25 3.975 -3.025 -.25 4.625 -3.35 -.25 4.725 -3.65 -.25 4.225
4 0 -2.4 -.25 4.325 -2.725 -.25 4.55 -3.025 -.25 4.625 -3.1 -.25 3.975
4 0 -3.1 -.25 3.975 -2.65 -.25 3.75 -2.275 -.25 3.65 -2.4 -.25 4.325
4 0 -1.775 -.25 3.6 -2 -.25 4.225 -2.4 -.25 4.325 -2.275 -.25 3.65
4 0 -2 -.25 4.225 -1.775 -.25 3.6 -1.225 -.25 3.65 -1.3 -.25 4.2
4 0 -1.3 -.25 4.2 -1.225 -.25 3.65 -.725 -.25 3.65 -.65 -.25 4.25
4 0 -.65 -.25 4.25 -.725 -.25 3.65 -.125 -.25 4.05 -.3 -.25 4.175
3 0 -.125 -.25 4.05 -.725 -.25 3.65 -.25 -.25 3.5
4 0 1.125 -.25 2.8 1 -.25 3.3 -.25 -.25 3.5 .25 -.25 3.175
4 0 1.2 -.25 2.275 1.125 -.25 2.8 .25 -.25 3.175 .525 -.25 2.7
4 0 .525 -.25 2.7 .6 -.25 2.15 1.325 -.25 1.9 1.2 -.25 2.275
4 0 .875 -.25 1.475 1.325 -.25 1.9 .6 -.25 2.15 .675 -.25 1.775
4 0 1.575 -.25 .9 1.55 -.25 1.2 .875 -.25 1.475 .9 -.25 1.175
4 0 1.4 -.25 -.275 1.525 -.25 .075 .875 -.25 .5 .775 -.25 -.075
4 0 1.35 -.25 -.625 1.4 -.25 -.275 .775 -.25 -.075 .7 -.25 -.6
4 0 .7 -.25 -.6 .675 -.25 -1.075 1.4 -.25 -.975 1.35 -.25 -.625
4 0 .675 -.25 -1.075 .75 -.25 -1.425 .925 -.25 -1.65 1.4 -.25 -.975
4 0 1.9 -.25 -1.7 1.4 -.25 -.975 .925 -.25 -1.65 1.2 -.25 -1.775
4 0 -7.7 -.25 2.4 -7.575 -.25 2.75 -8.325 -.25 2.8 -8.35 -.25 2.55
4 0 -8.525 -.25 2.175 -7.9 -.25 1.975 -7.7 -.25 2.4 -8.35 -.25 2.55
4 0 -7.9 -.25 1.975 -8.525 -.25 2.175 -8.725 -.25 1.825 -8.15 -.25 1.5
4 0 -8.5 -.25 .875 -8.25 -.25 1.15 -8.15 -.25 1.5 -8.725 -.25 1.825
4 0 -8.8 -.25 .725 -8.5 -.25 .875 -8.725 -.25 1.825 -8.9 -.25 1.8
4 0 -9.55 -.25 -.45 -8.925 -.25 .15 -8.8 -.25 .725 -9.45 -.25 1.05
4 0 -9.45 -.25 -1.05 -8.9 -.25 -.625 -8.925 -.25 .15 -9.55 -.25 -.45
4 0 -9.2 -.25 -1.6 -8.775 -.25 -1.075 -8.9 -.25 -.625 -9.45 -.25 -1.05
4 0 -8.775 -.25 -1.075 -9.2 -.25 -1.6 -8.75 -.25 -2.1 -8.4 -.25 -1.5
4 0 -8.2 -.25 -2.45 -7.975 -.25 -1.8 -8.4 -.25 -1.5 -8.75 -.25 -2.1
4 0 -7.525 -.25 -2.65 -1.5 -.25 -4.225 -.95 -.25 -3.7 -7.475 -.25 -2
4 0 -1.5 -.25 -4.225 -.85 -.25 -4.4 -.525 -.25 -3.725 -.95 -.25 -3.7
4 0 -.85 -.25 -4.4 -.1 -.25 -4.3 -.175 -.25 -3.625 -.525 -.25 -3.725
4 0 .225 -.25 -3.425 -.175 -.25 -3.625 -.1 -.25 -4.3 .35 -.25 -4.1
4 0 .6 -.25 -3.125 .225 -.25 -3.425 .35 -.25 -4.1 .75 -.25 -3.9
4 0 1.5 -.25 -2.95 .6 -.25 -3.125 .75 -.25 -3.9 1.15 -.25 -3.5
4 0 .6 -.25 -3.125 1.5 -.25 -2.95 1.9 -.25 -1.7 .9 -.25 -2.75
3 0 1.9 -.25 -1.7 1.2 -.25 -1.775 .9 -.25 -2.75
4 14 -6.8 -.25 2.725 -7.175 -.25 3.725 -7.325 -.25 3.25 -7.075 -.25 2.925
4 14 -6.8 -.25 2.725 -6.475 -.25 2.725 -6.3 -.25 2.925 -7.175 -.25 3.725
4 14 -6.3 -.25 2.925 -5.975 -.25 3.1 -5.525 -.25 3.7 -5.975 -.25 3.65
4 14 -5.1 -.25 3.7 -5.525 -.25 3.7 -5.975 -.25 3.1 -5.55 -.25 3.175
4 14 -5.55 -.25 3.175 -4.825 -.25 3.125 -4.675 -.25 3.5 -5.1 -.25 3.7
4 14 -4.175 -.25 3 -4.175 -.25 3.375 -4.675 -.25 3.5 -4.825 -.25 3.125
3 14 -4.175 -.25 3.375 -4.175 -.25 3 -3.9 -.25 3.175
4 14 -3.625 -.25 2.875 -3.65 -.25 3.05 -3.9 -.25 3.175 -4.175 -.25 3
4 14 -3.15 -.25 2.825 -3.475 -.25 3.175 -3.65 -.25 3.05 -3.625 -.25 2.875
4 14 -3.475 -.25 3.175 -3.15 -.25 2.825 -2.65 -.25 3.75 -3.1 -.25 3.975
4 14 -3.65 -.25 4.225 -3.775 -.25 3.475 -3.475 -.25 3.175 -3.1 -.25 3.975
4 14 -4.25 -.25 4.6 -4.125 -.25 3.675 -3.775 -.25 3.475 -3.65 -.25 4.225
4 14 -4.125 -.25 3.675 -4.25 -.25 4.6 -4.825 -.25 3.975 -4.575 -.25 3.8
4 14 -4.25 -.25 4.6 -4.825 -.25 4.85 -5.275 -.25 4.025 -4.825 -.25 3.975
4 14 -6.025 -.25 4.925 -5.275 -.25 4.025 -4.825 -.25 4.85 -5.475 -.25 4.925
4 14 -5.275 -.25 4.025 -6.025 -.25 4.925 -6.6 -.25 4.8 -5.65 -.25 3.925
4 14 -5.975 -.25 3.65 -5.65 -.25 3.925 -6.6 -.25 4.8 -6.85 -.25 4.65
3 14 -6.85 -.25 4.65 -7.075 -.25 4.275 -5.975 -.25 3.65
4 14 -6.3 -.25 2.925 -5.975 -.25 3.65 -7.075 -.25 4.275 -7.175 -.25 3.725
4 14 -2.3 -.25 3.125 -2.65 -.25 3.75 -3.15 -.25 2.825 -2.65 -.25 2.675
4 14 -1.8 -.25 3.25 -2.275 -.25 3.65 -2.65 -.25 3.75 -2.3 -.25 3.125
3 14 -2.275 -.25 3.65 -1.8 -.25 3.25 -1.775 -.25 3.6
4 14 -1.775 -.25 3.6 -1.8 -.25 3.25 -.9 -.25 3.2 -1.225 -.25 3.65
4 14 -1.225 -.25 3.65 -.9 -.25 3.2 -.25 -.25 3.5 -.725 -.25 3.65
4 14 -.9 -.25 3.2 -.425 -.25 3.075 .25 -.25 3.175 -.25 -.25 3.5
4 14 -.425 -.25 3.075 -.1 -.25 2.825 .525 -.25 2.7 .25 -.25 3.175
4 14 -.1 -.25 2.825 .15 -.25 2.375 .6 -.25 2.15 .525 -.25 2.7
4 14 -.45 -.25 1.825 0 -.25 1.45 .15 -.25 2.375 -.025 -.25 2.325
4 14 -.6 -.25 2.775 -.45 -.25 1.825 -.025 -.25 2.325 -.225 -.25 2.55
4 14 -1.475 -.25 2.85 -1.1 -.25 2.175 -.45 -.25 1.825 -.6 -.25 2.775
4 14 -1.1 -.25 2.175 -1.475 -.25 2.85 -2.15 -.25 2.825 -1.8 -.25 2.475
3 14 -2.15 -.25 2.825 -2.325 -.25 2.55 -1.8 -.25 2.475
4 14 -2.65 -.25 2.675 -2.325 -.25 2.55 -2.15 -.25 2.825 -2.3 -.25 3.125
4 14 .15 -.25 2.375 0 -.25 1.45 .675 -.25 1.775 .6 -.25 2.15
4 14 .875 -.25 1.475 .675 -.25 1.775 0 -.25 1.45 .175 -.25 1.1
4 14 .85 -.25 .875 .9 -.25 1.175 .875 -.25 1.475 .175 -.25 1.1
3 14 .175 -.25 1.1 .275 -.25 .875 .85 -.25 .875
4 14 -7.575 -.25 2.75 -7.7 -.25 2.4 -7.125 -.25 2.55 -7.35 -.25 2.725
4 14 -7.9 -.25 1.975 -6.8 -.25 2.1 -7.125 -.25 2.55 -7.7 -.25 2.4
4 14 -8.15 -.25 1.5 -6.85 -.25 1.45 -6.8 -.25 2.1 -7.9 -.25 1.975
4 14 -6.775 -.25 .975 -6.85 -.25 1.45 -8.15 -.25 1.5 -8.25 -.25 1.15
4 14 -7.975 -.25 -1.8 -6.775 -.25 .975 -8.25 -.25 1.15 -8.4 -.25 -1.5
4 14 -8.775 -.25 -1.075 -8.4 -.25 -1.5 -8.25 -.25 1.15 -8.5 -.25 .875
4 14 -8.925 -.25 .15 -8.9 -.25 -.625 -8.775 -.25 -1.075 -8.5 -.25 .875
3 14 -8.5 -.25 .875 -8.8 -.25 .725 -8.925 -.25 .15
4 14 -7.475 -.25 -2 -6.425 -.25 .65 -6.775 -.25 .975 -7.975 -.25 -1.8
4 14 -5.3 -.25 -.4 -5.925 -.25 .475 -6.425 -.25 .65 -7.475 -.25 -2
3 14 -5.3 -.25 -.4 -7.475 -.25 -2 -5.25 -.25 -.65
4 14 -4.95 -.25 -.35 -5.225 -.25 .425 -5.925 -.25 .475 -5.3 -.25 -.4
4 14 -5.225 -.25 .425 -4.95 -.25 -.35 -4.4 -.25 -.35 -4.65 -.25 .525
4 14 -4.65 -.25 .525 -4.4 -.25 -.35 -3.95 -.25 -.45 -4.4 -.25 .675
4 14 -4.025 -.25 .975 -4.4 -.25 .675 -3.95 -.25 -.45 -2.875 -.25 .775
4 14 -4.025 -.25 .975 -2.875 -.25 .775 -3 -.25 1.525 -3.7 -.25 1.3
3 14 -3.475 -.25 1.625 -3.7 -.25 1.3 -3 -.25 1.525
4 14 -2.975 -.25 1.85 -3.35 -.25 1.95 -3.475 -.25 1.625 -3 -.25 1.525
4 14 -3.95 -.25 -.45 -3.55 -.25 -.55 -2.625 -.25 .175 -2.875 -.25 .775
4 14 -3.55 -.25 -.55 -3.15 -.25 -.75 -2.8 -.25 -.8 -2.625 -.25 .175
4 14 -2.625 -.25 .175 -2.8 -.25 -.8 -1.95 -.25 -.8 -2.3 -.25 -.2
3 14 -2.3 -.25 -.2 -1.95 -.25 -.8 -1.65 -.25 -.6
4 14 -1.95 -.25 -.8 -1.95 -.25 -1.05 -1.15 -.25 -.75 -1.65 -.25 -.6
4 14 -1.95 -.25 -1.05 -.95 -.25 -3.7 -.525 -.25 -3.725 -1.15 -.25 -.75
4 14 -1.15 -.25 -.75 -.525 -.25 -3.725 -.175 -.25 -3.625 -.625 -.25 -.7
4 14 -.175 -.25 -3.625 .225 -.25 -3.425 .6 -.25 -3.125 -.625 -.25 -.7
4 14 -.625 -.25 -.7 .6 -.25 -3.125 .925 -.25 -1.65 .75 -.25 -1.425
4 14 .6 -.25 -3.125 .9 -.25 -2.75 1.2 -.25 -1.775 .925 -.25 -1.65
4 14 -.2 -.25 -.35 -.625 -.25 -.7 .675 -.25 -1.075 .7 -.25 -.6
4 14 .275 -.25 .45 -.2 -.25 -.35 .7 -.25 -.6 .775 -.25 -.075
3 14 .875 -.25 .5 .275 -.25 .45 .775 -.25 -.075
3 14 -.625 -.25 -.7 .75 -.25 -1.425 .675 -.25 -1.075
4 14 -5.25 -.25 -.65 -7.475 -.25 -2 -4.25 -.25 -.7 -4.85 -.25 -.6
4 14 -4.25 -.25 -.7 -7.475 -.25 -2 -3.4 -.25 -.95 -3.75 -.25 -.8
4 14 -7.475 -.25 -2 -.95 -.25 -3.7 -3 -.25 -1.05 -3.4 -.25 -.95
3 14 -1.95 -.25 -1.05 -3 -.25 -1.05 -.95 -.25 -3.7
3 15 13.45 -.25 7.5 2.8 -.25 7.5 3.2 -.25 7.325
4 15 3.2 -.25 7.325 3.425 -.25 7.025 3.675 -.25 6.875 13.45 -.25 7.5
4 15 3.675 -.25 6.875 3.825 -.25 6.675 4.925 -.25 6.3 13.45 -.25 7.5
4 0 1.55 -.25 .625 1.575 -.25 .9 .9 -.25 1.175 .85 -.25 .875
4 0 .85 -.25 .875 .875 -.25 .5 1.525 -.25 .075 1.55 -.25 .625
4 0 3.4 -.25 5.325 3.475 -.25 4.875 3.725 -.25 4.4 4.925 -.25 6.3
3 15 3.825 -.25 6.675 3.9 -.25 6.45 4.925 -.25 6.3
3 15 -17.5 -.25 6.5 -17.5 -.25 2.7 -16.6 -.25 4.275
4 15 -16.5 -.25 7.5 -17.5 -.25 6.5 -16.6 -.25 4.275 -15.525 -.25 5.875
3 15 -16.5 -.25 7.5 -15.525 -.25 5.875 -15.125 -.25 6.375
4 0 16.275 -.25 1.6 15.625 -.25 -5.775 15.625 -.25 -7.5 16.275 -.25 -7.5
4 71 15 -.25 -7.5 15.625 -.25 -7.5 15.625 -.25 -5.775 15.325 -.25 -6.475
4 71 -13.85 -.25 -4.15 -14.4 -.25 -4.6 -16.05 -.25 -6.2 -13.45 -.25 -7.5
4 0 -16.3 -.25 -5.45 -16.05 -.25 -6.2 -14.4 -.25 -4.6 -15 -.25 -4.2
4 0 12.45 -.25 5.225 14.75 -.25 1.825 16.5 -.25 7.5 13.45 -.25 7.5
3 0 16.5 -.25 7.5 14.75 -.25 1.825 17.2071 -.25 7.2071
4 15 14.75 -.25 1.825 16.275 -.25 1.6 17.5 -.25 6.5 17.2071 -.25 7.2071
4 15 17.5 -.25 -6.5 16.275 -.25 1.6 16.275 -.25 -7.5 16.5 -.25 -7.5
3 15 17.5 -.25 6.5 16.275 -.25 1.6 17.5 -.25 -6.5
4 0 -16.3 -.25 -5.45 -17.5 -.25 -6.5 -17.2071 -.25 -7.2071 -16.05 -.25 -6.2
4 71 -17.2071 -.25 -7.2071 -16.5 -.25 -7.5 -13.45 -.25 -7.5 -16.05 -.25 -6.2
4 73 -15 -.25 -4.2 -17.5 -.25 1.15 -17.5 -.25 -6.5 -16.3 -.25 -5.45

1 16 16.5 0 6.5 1 0 0 0 -1 0 0 0 1 1-4chrd.dat
1 16 16.5 0 -6.5 0 0 1 0 -1 0 -1 0 0 1-4chrd.dat
1 16 -16.5 0 -6.5 -1 0 0 0 -1 0 0 0 -1 1-4chrd.dat
1 16 -16.5 0 6.5 0 0 -1 0 -1 0 1 0 0 1-4chrd.dat
4 16 16.5 0 -7.5 -16.5 0 -7.5 -17.5 0 -6.5 17.5 0 -6.5
4 16 17.5 0 6.5 17.5 0 -6.5 -17.5 0 -6.5 -17.5 0 6.5
4 16 17.5 0 6.5 -17.5 0 6.5 -16.5 0 7.5 16.5 0 7.5

1 16 16.5 -.25 6.5 1 0 0 0 .25 0 0 0 1 1-4cyli.dat
1 16 -16.5 -.25 6.5 0 0 -1 0 .25 0 1 0 0 1-4cyli.dat
1 16 -16.5 -.25 -6.5 -1 0 0 0 .25 0 0 0 -1 1-4cyli.dat
1 16 16.5 -.25 -6.5 0 0 1 0 .25 0 -1 0 0 1-4cyli.dat
4 16 16.5 -.25 -7.5 -16.5 -.25 -7.5 -16.5 0 -7.5 16.5 0 -7.5
4 16 17.5 -.25 6.5 17.5 -.25 -6.5 17.5 0 -6.5 17.5 0 6.5
4 16 -16.5 -.25 7.5 16.5 -.25 7.5 16.5 0 7.5 -16.5 0 7.5
4 16 -17.5 -.25 -6.5 -17.5 -.25 6.5 -17.5 0 6.5 -17.5 0 -6.5
