0 Sticker  0.7 x  1.7 with Cautious Rider in Orange Hoodie
0 Name: 6234010k.dat
0 Author: Evert-Jan Boer [ejboer]
0 !LDRAW_ORG Unofficial_Part 
0 !LICENSE Redistributable under CCAL version 2.0 : see CAreadme.txt

0 BFC CERTIFY CCW

0 !KEYWORDS Set 10261, Roller Coaster


1 15 16.5 -.25 -6.5 0 0 1 0 1 0 -1 0 0 1-4chrd.dat
1 73 -16.5 -.25 -6.5 -1 0 0 0 1 0 0 0 -1 1-4chrd.dat
1 15 -16.5 -.25 6.5 0 0 -1 0 1 0 1 0 0 1-4chrd.dat
1 15 16.5 -.25 6.5 1 0 0 0 1 0 0 0 1 1-8chrd.dat
1 0 16.5 -.25 6.5 .70711 0 -.70711 0 1 0 .70711 0 .70711 1-8chrd.dat
3 0 -16.6 -.25 3.975 -17.5 -.25 2.55 -17.5 -.25 1
3 0 -16.6 -.25 3.975 -17.5 -.25 1 -16.725 -.25 2.55
3 0 -15.675 -.25 5.425 -16.6 -.25 3.975 -16.725 -.25 2.55
3 0 -15.675 -.25 5.425 -16.725 -.25 2.55 -16 -.25 3.675
3 0 -15.275 -.25 5.925 -16 -.25 3.675 -14.975 -.25 5.225
3 0 -15.275 -.25 5.925 -15.675 -.25 5.425 -16 -.25 3.675
3 0 -15.275 -.25 5.925 -14.975 -.25 5.225 -13.475 -.25 4.975
3 0 -15.275 -.25 5.925 -13.475 -.25 4.975 -13.725 -.25 5.675
3 0 -13.725 -.25 5.675 -13.475 -.25 4.975 -11.625 -.25 4.7
3 0 -13.725 -.25 5.675 -11.625 -.25 4.7 -11.425 -.25 5.25
3 15 -10.6 -.25 7.5 -13.725 -.25 5.675 -11.425 -.25 5.25
3 73 -16.725 -.25 2.55 -17.5 -.25 1 -14.475 -.25 -5.175
3 73 -17.5 -.25 1 -15.2 -.25 -7.5 -14.475 -.25 -5.175
3 73 -16.725 -.25 2.55 -14.475 -.25 -5.175 -13.35 -.25 -2.575
3 73 -16 -.25 3.675 -16.725 -.25 2.55 -13.35 -.25 -2.575
3 73 -14.975 -.25 5.225 -16 -.25 3.675 -13.35 -.25 -2.575
3 73 -14.975 -.25 5.225 -12.125 -.25 .175 -13.475 -.25 4.975
3 73 -14.975 -.25 5.225 -13.35 -.25 -2.575 -12.125 -.25 .175
3 73 -13.475 -.25 4.975 -11.3 -.25 2 -11.625 -.25 4.7
3 73 -13.475 -.25 4.975 -12.125 -.25 .175 -11.3 -.25 2
3 0 14.75 -.25 1.475 14.05 -.25 .85 16.275 -.25 1.25
3 0 16.275 -.25 1.25 14.05 -.25 .85 15.625 -.25 .6
3 0 16.275 -.25 1.25 15.625 -.25 .6 15.625 -.25 -3.7
3 0 14.75 -.25 -5.925 14.225 -.25 -7.5 15.325 -.25 -6.475
3 0 15.325 -.25 -6.475 14.225 -.25 -7.5 15 -.25 -7.5
3 0 15.625 -.25 -3.7 15.275 -.25 -4.45 14.75 -.25 -5.925
3 0 15.625 -.25 -3.7 14.75 -.25 -5.925 15.325 -.25 -6.475
3 0 16.275 -.25 1.25 15.625 -.25 -3.7 15.325 -.25 -6.475
3 0 16.275 -.25 1.25 15.325 -.25 -6.475 15.625 -.25 -5.775
3 0 12.875 -.25 -5.7 12.25 -.25 -6.075 11.95 -.25 -7.5
3 0 12.875 -.25 -5.7 11.95 -.25 -7.5 12.45 -.25 -7.5
3 0 13.325 -.25 -4.25 12.675 -.25 -4.575 12.25 -.25 -6.075
3 0 13.325 -.25 -4.25 12.25 -.25 -6.075 12.875 -.25 -5.7
3 0 13.875 -.25 -2.6 13.275 -.25 -2.9 12.675 -.25 -4.575
3 0 13.875 -.25 -2.6 12.675 -.25 -4.575 13.325 -.25 -4.25
3 0 14.375 -.25 -1.375 13.825 -.25 -1.525 13.275 -.25 -2.9
3 0 14.375 -.25 -1.375 13.275 -.25 -2.9 13.875 -.25 -2.6
3 0 14.85 -.25 -.2 13.825 -.25 -1.525 14.375 -.25 -1.375
3 0 14.85 -.25 -.2 14.25 -.25 -.5 13.825 -.25 -1.525
3 0 14.6 -.25 .225 14.25 -.25 -.5 14.85 -.25 -.2
3 0 14.75 -.25 .375 14.6 -.25 .225 15 -.25 .175
3 0 14.6 -.25 .225 14.85 -.25 -.2 15 -.25 .175
3 0 14.75 -.25 .375 15 -.25 .175 14.95 -.25 .325
3 73 15.625 -.25 .6 14.95 -.25 .325 15 -.25 .175
3 73 15.625 -.25 .6 15 -.25 .175 14.85 -.25 -.2
3 73 15.625 -.25 .6 14.85 -.25 -.2 15.625 -.25 -3.7
3 73 14.375 -.25 -1.375 15.275 -.25 -4.45 15.625 -.25 -3.7
3 73 14.85 -.25 -.2 14.375 -.25 -1.375 15.625 -.25 -3.7
3 73 14.375 -.25 -1.375 13.875 -.25 -2.6 14.75 -.25 -5.925
3 73 14.375 -.25 -1.375 14.75 -.25 -5.925 15.275 -.25 -4.45
3 73 13.875 -.25 -2.6 12.875 -.25 -5.7 14.75 -.25 -5.925
3 73 13.875 -.25 -2.6 13.325 -.25 -4.25 12.875 -.25 -5.7
3 73 14.75 -.25 -5.925 12.45 -.25 -7.5 14.225 -.25 -7.5
3 73 12.875 -.25 -5.7 12.45 -.25 -7.5 14.75 -.25 -5.925
3 73 -13.375 -.25 -6.175 -14.65 -.25 -7.5 -13.975 -.25 -7.5
3 73 -14.225 -.25 -6 -14.65 -.25 -7.5 -13.375 -.25 -6.175
3 73 -12.3 -.25 -4.025 -13.6 -.25 -4.225 -14.225 -.25 -6
3 73 -12.3 -.25 -4.025 -14.225 -.25 -6 -13.375 -.25 -6.175
3 73 -11.2 -.25 -1.65 -13.6 -.25 -4.225 -12.3 -.25 -4.025
3 73 -11.2 -.25 -1.65 -12.6 -.25 -1.975 -13.6 -.25 -4.225
3 73 -10.35 -.25 .2 -12.6 -.25 -1.975 -11.2 -.25 -1.65
3 73 -11.625 -.25 .25 -12.6 -.25 -1.975 -10.35 -.25 .2
3 0 -14.225 -.25 -6 -15.2 -.25 -7.5 -14.65 -.25 -7.5
3 0 -14.475 -.25 -5.175 -15.2 -.25 -7.5 -14.225 -.25 -6
3 0 -13.35 -.25 -2.575 -14.225 -.25 -6 -13.6 -.25 -4.225
3 0 -13.35 -.25 -2.575 -14.475 -.25 -5.175 -14.225 -.25 -6
3 0 -12.125 -.25 .175 -13.6 -.25 -4.225 -12.6 -.25 -1.975
3 0 -12.125 -.25 .175 -13.35 -.25 -2.575 -13.6 -.25 -4.225
3 0 -11.625 -.25 .25 -12.125 -.25 .175 -12.6 -.25 -1.975
3 0 -10.75 -.25 2.05 -11.3 -.25 2 -12.125 -.25 .175
3 0 -10.75 -.25 2.05 -12.125 -.25 .175 -11.625 -.25 .25
3 0 -12.75 -.25 -6.05 -13.375 -.25 -6.175 -13.975 -.25 -7.5
3 0 -12.75 -.25 -6.05 -13.975 -.25 -7.5 -13.4 -.25 -7.5
3 0 -11.85 -.25 -4.125 -13.375 -.25 -6.175 -12.75 -.25 -6.05
3 0 -12.3 -.25 -4.025 -13.375 -.25 -6.175 -11.85 -.25 -4.125
3 0 -11.2 -.25 -1.65 -11.85 -.25 -4.125 -11.175 -.25 -2.675
3 0 -11.2 -.25 -1.65 -12.3 -.25 -4.025 -11.85 -.25 -4.125
3 0 -10.25 -.25 3.85 -11.3 -.25 2 -10 -.25 3.5
3 0 -10 -.25 3.5 -11.3 -.25 2 -10.75 -.25 2.05
3 0 -10.35 -.25 .2 -11.175 -.25 -2.675 -10.1 -.25 -.35
3 0 -10.35 -.25 .2 -11.2 -.25 -1.65 -11.175 -.25 -2.675
3 0 -9.65 -.25 1.25 -10.35 -.25 .2 -10.1 -.25 -.35
3 0 -9.65 -.25 1.25 -9.9 -.25 1.2 -10.35 -.25 .2
3 0 -9.65 -.25 1.25 -10.1 -.25 -.35 -9.5 -.25 1.1
3 73 -11.625 -.25 4.7 -11.3 -.25 2 -10.25 -.25 4.5
3 73 -10.25 -.25 4.5 -11.3 -.25 2 -10.25 -.25 3.85
3 73 -10.25 -.25 4.5 -10.25 -.25 3.85 -9.85 -.25 4.25
3 73 -10.25 -.25 4.5 -9.85 -.25 4.25 -9.95 -.25 4.4
3 73 -9.8 -.25 3.95 -10.25 -.25 3.85 -10 -.25 3.5
3 73 -9.85 -.25 4.25 -10.25 -.25 3.85 -9.8 -.25 3.95
3 73 -9.8 -.25 3.95 -10 -.25 3.5 -9.8 -.25 1.6
3 73 -10 -.25 3.5 -10.75 -.25 2.05 -9.8 -.25 1.6
3 73 -10.75 -.25 2.05 -9.9 -.25 1.2 -9.65 -.25 1.25
3 73 -10.75 -.25 2.05 -9.65 -.25 1.25 -9.8 -.25 1.6
3 73 -10.75 -.25 2.05 -11.625 -.25 .25 -10.35 -.25 .2
3 73 -10.75 -.25 2.05 -10.35 -.25 .2 -9.9 -.25 1.2
3 73 -9.8 -.25 1.6 -9.65 -.25 1.25 -9.5 -.25 1.1
3 73 -9.8 -.25 1.6 -9.5 -.25 1.1 -9 -.25 1.55
3 73 -9 -.25 1.55 -10.1 -.25 -.35 -8.05 -.25 1.4
3 73 -9 -.25 1.55 -9.5 -.25 1.1 -10.1 -.25 -.35
3 73 -8.05 -.25 1.4 -6.75 -.25 .4 -7.05 -.25 1.2
3 73 -8.05 -.25 1.4 -10.1 -.25 -.35 -6.75 -.25 .4
3 73 -6.75 -.25 .4 -10.1 -.25 -.35 -6.5 -.25 -.2
3 73 -6.5 -.25 -.2 -10.1 -.25 -.35 -8.95 -.25 -4.8
3 73 -10.8 -.25 -6.65 -13.4 -.25 -7.5 -11.45 -.25 -7.5
3 73 -12.75 -.25 -6.05 -13.4 -.25 -7.5 -10.8 -.25 -6.65
3 73 -11.85 -.25 -4.125 -12.75 -.25 -6.05 -10.05 -.25 -5.7
3 73 -10.05 -.25 -5.7 -12.75 -.25 -6.05 -10.8 -.25 -6.65
3 73 -11.85 -.25 -4.125 -10.05 -.25 -5.7 -9.5 -.25 -5.1
3 73 -11.175 -.25 -2.675 -11.85 -.25 -4.125 -9.5 -.25 -5.1
3 73 -11.175 -.25 -2.675 -9.5 -.25 -5.1 -8.95 -.25 -4.8
3 73 -10.1 -.25 -.35 -11.175 -.25 -2.675 -8.95 -.25 -4.8
3 73 -6.25 -.25 -.6 -8.95 -.25 -4.8 -8.15 -.25 -4.65
3 73 -6.5 -.25 -.2 -8.95 -.25 -4.8 -6.25 -.25 -.6
3 73 -6.25 -.25 -.6 -8.15 -.25 -4.65 -7.2 -.25 -4.6
3 73 -7.2 -.25 -4.6 -8.15 -.25 -4.65 -7.6 -.25 -4.65
3 73 -6.55 -.25 -4.25 -7.2 -.25 -4.6 -6.8 -.25 -4.45
3 73 -6.25 -.25 -.6 -7.2 -.25 -4.6 -6.55 -.25 -4.25
3 73 -6.25 -.25 -.6 -6.55 -.25 -4.25 -5.95 -.25 -.9
3 73 -5.95 -.25 -.9 -6.55 -.25 -4.25 -5.9 -.25 -2.05
3 73 -5.9 -.25 -2.05 -6.55 -.25 -4.25 -6.15 -.25 -4.2
3 73 -5.9 -.25 -2.05 -6.15 -.25 -4.2 -5.7 -.25 -2.6
3 73 -5.7 -.25 -2.6 -6.15 -.25 -4.2 -5.3 -.25 -3.2
3 73 -4.8 -.25 -3.65 -6.15 -.25 -4.2 -5.4 -.25 -4.3
3 73 -5.3 -.25 -3.2 -6.15 -.25 -4.2 -4.8 -.25 -3.65
3 73 -4.3 -.25 -3.9 -5.4 -.25 -4.3 -4.4 -.25 -4.5
3 73 -4.8 -.25 -3.65 -5.4 -.25 -4.3 -4.3 -.25 -3.9
3 73 4.05 -.25 -4.8 3.15 -.25 -5.55 4 -.25 -5.65
3 73 4.05 -.25 -4.8 3.25 -.25 -4.95 3.15 -.25 -5.55
3 73 4.45 -.25 -4.6 4.05 -.25 -4.8 4 -.25 -5.65
3 73 4.45 -.25 -4.6 4 -.25 -5.65 4.65 -.25 -5.75
3 73 4.45 -.25 -4.6 4.65 -.25 -5.75 6.15 -.25 -5.2
3 73 6.15 -.25 -5.2 4.65 -.25 -5.75 5.15 -.25 -5.85
3 73 6.45 -.25 -4 4.45 -.25 -4.6 6.15 -.25 -5.2
3 73 6.45 -.25 -4 4.8 -.25 -4.3 4.45 -.25 -4.6
3 73 6.8 -.25 -2.8 4.8 -.25 -4.3 6.45 -.25 -4
3 73 6.8 -.25 -2.8 5.25 -.25 -3.75 4.8 -.25 -4.3
3 73 6.8 -.25 -2.8 5.5 -.25 -3.15 5.25 -.25 -3.75
3 73 6.1 -.25 -2.35 5.6 -.25 -2.55 5.5 -.25 -3.15
3 73 6.1 -.25 -2.35 5.5 -.25 -3.15 6.8 -.25 -2.8
3 73 7.1 -.25 -1.85 6.5 -.25 -2 6.1 -.25 -2.35
3 73 7.1 -.25 -1.85 6.1 -.25 -2.35 6.8 -.25 -2.8
3 73 7.35 -.25 -1.25 6.5 -.25 -2 7.1 -.25 -1.85
3 73 7.35 -.25 -1.25 6.8 -.25 -1.4 6.5 -.25 -2
3 73 7.45 -.25 -.75 7.15 -.25 -.75 6.8 -.25 -1.4
3 73 7.45 -.25 -.75 6.8 -.25 -1.4 7.35 -.25 -1.25
3 73 7.45 -.25 -.75 7.35 -.25 -1.25 7.5 -.25 -1.05
3 73 7.45 -.25 -.75 7.8 -.25 -1.1 8.1 -.25 -.85
3 73 7.45 -.25 -.75 7.5 -.25 -1.05 7.8 -.25 -1.1
3 73 6.15 -.25 -5.2 5.15 -.25 -5.85 5.95 -.25 -6.15
3 73 8.1 -.25 -.85 7.75 -.25 -1.35 13.275 -.25 -2.9
3 73 8.1 -.25 -.85 7.8 -.25 -1.1 7.75 -.25 -1.35
3 73 7.75 -.25 -1.35 7.45 -.25 -2.3 13.275 -.25 -2.9
3 73 7.45 -.25 -2.3 12.675 -.25 -4.575 13.275 -.25 -2.9
3 73 7.45 -.25 -2.3 7.1 -.25 -3.5 12.675 -.25 -4.575
3 73 7.1 -.25 -3.5 12.25 -.25 -6.075 12.675 -.25 -4.575
3 73 7.1 -.25 -3.5 6.75 -.25 -4.75 6.55 -.25 -5.65
3 73 7.1 -.25 -3.5 6.55 -.25 -5.65 12.25 -.25 -6.075
3 73 6.4 -.25 -6.4 6.6 -.25 -6.65 7.3 -.25 -6.8
3 73 6.55 -.25 -5.65 6.4 -.25 -6.4 7.3 -.25 -6.8
3 73 6.55 -.25 -5.65 7.3 -.25 -6.8 7.85 -.25 -7
3 73 6.55 -.25 -5.65 7.85 -.25 -7 12.25 -.25 -6.075
3 73 12.25 -.25 -6.075 7.85 -.25 -7 8.15 -.25 -7.25
3 73 12.25 -.25 -6.075 8.15 -.25 -7.25 8.35 -.25 -7.5
3 73 12.25 -.25 -6.075 8.35 -.25 -7.5 11.95 -.25 -7.5
3 73 8.8 -.25 .5 8.1 -.25 -.85 13.275 -.25 -2.9
3 73 8.8 -.25 .5 13.275 -.25 -2.9 13.825 -.25 -1.525
3 73 9.4 -.25 1.5 8.8 -.25 .5 13.825 -.25 -1.525
3 73 9.4 -.25 1.5 13.825 -.25 -1.525 14.25 -.25 -.5
3 73 9.4 -.25 1.5 14.25 -.25 -.5 11.55 -.25 1.25
3 73 11.55 -.25 1.25 14.25 -.25 -.5 14.6 -.25 .225
3 73 11.55 -.25 1.25 14.6 -.25 .225 14.05 -.25 .85
3 73 14.05 -.25 .85 14.6 -.25 .225 14.75 -.25 .375
3 73 14.05 -.25 .85 14.75 -.25 .375 14.95 -.25 .325
3 73 14.05 -.25 .85 14.95 -.25 .325 15.625 -.25 .6
3 15 -8.75 -.25 2.75 -8.95 -.25 2.1 -7.35 -.25 2.6
3 15 -7.35 -.25 2.6 -8.95 -.25 2.1 -7.25 -.25 1.95
3 15 -8.15 -.25 3.9 -8.75 -.25 2.75 -7.35 -.25 3.25
3 15 -7.35 -.25 3.25 -8.75 -.25 2.75 -7.35 -.25 2.6
3 15 -8.15 -.25 3.9 -7.35 -.25 3.25 -7.25 -.25 3.8
3 15 7.55 -.25 .6 7.4 -.25 -.1 8.1 -.25 .5
3 15 8.1 -.25 .5 7.4 -.25 -.1 7.85 -.25 -.1
3 15 7.8 -.25 1.4 7.55 -.25 .6 8.5 -.25 1.3
3 15 8.5 -.25 1.3 7.55 -.25 .6 8.1 -.25 .5
3 0 -11.425 -.25 5.25 -11.625 -.25 4.7 -10.25 -.25 4.5
3 0 -11.425 -.25 5.25 -10.25 -.25 4.5 -9.95 -.25 4.4
3 0 -10.6 -.25 7.5 -11.425 -.25 5.25 -9.95 -.25 4.4
3 0 -9.85 -.25 4.25 -8.75 -.25 2.75 -8.15 -.25 3.9
3 0 -9.85 -.25 4.25 -9.8 -.25 3.95 -8.75 -.25 2.75
3 0 -9.8 -.25 3.95 -8.95 -.25 2.1 -8.75 -.25 2.75
3 0 -9.8 -.25 3.95 -9 -.25 1.55 -8.95 -.25 2.1
3 0 -9.8 -.25 3.95 -9.8 -.25 1.6 -9 -.25 1.55
3 0 -8.95 -.25 2.1 -8.05 -.25 1.4 -7.25 -.25 1.95
3 0 -8.95 -.25 2.1 -9 -.25 1.55 -8.05 -.25 1.4
3 0 -6.35 -.25 1.85 -8.05 -.25 1.4 -7.05 -.25 1.2
3 0 -7.25 -.25 1.95 -8.05 -.25 1.4 -6.35 -.25 1.85
3 0 7.85 -.25 -.1 7.15 -.25 -.75 7.45 -.25 -.75
3 0 7.85 -.25 -.1 7.4 -.25 -.1 7.15 -.25 -.75
3 0 8.8 -.25 .5 7.45 -.25 -.75 8.1 -.25 -.85
3 0 8.8 -.25 .5 7.85 -.25 -.1 7.45 -.25 -.75
3 0 8.8 -.25 .5 8.1 -.25 .5 7.85 -.25 -.1
3 0 9.4 -.25 1.5 8.5 -.25 1.3 8.1 -.25 .5
3 0 9.4 -.25 1.5 8.1 -.25 .5 8.8 -.25 .5
3 0 12.45 -.25 5.075 9.4 -.25 1.5 11.55 -.25 1.25
3 0 14.75 -.25 1.475 11.55 -.25 1.25 14.05 -.25 .85
3 0 12.45 -.25 5.075 11.55 -.25 1.25 14.75 -.25 1.475
3 0 12.45 -.25 5.075 8.5 -.25 1.3 9.4 -.25 1.5
3 0 12.45 -.25 5.075 7.8 -.25 1.4 8.5 -.25 1.3
3 14 -3.75 -.25 -4.55 2.5 -.25 -5.45 2.6 -.25 -4.9
3 14 -3.65 -.25 -4 -3.75 -.25 -4.55 2.6 -.25 -4.9
3 0 -3.65 -.25 -4 -4.4 -.25 -4.5 -3.75 -.25 -4.55
3 0 -4.3 -.25 -3.9 -4.4 -.25 -4.5 -3.65 -.25 -4
3 0 3.25 -.25 -4.95 2.5 -.25 -5.45 3.15 -.25 -5.55
3 0 2.6 -.25 -4.9 2.5 -.25 -5.45 3.25 -.25 -4.95
3 71 -4.6 -.25 -7.2 -4.7 -.25 -7.5 -4.3 -.25 -7.3
3 71 -4.3 -.25 -7.3 -4.7 -.25 -7.5 -4.35 -.25 -7.5
3 71 -4.45 -.25 -7 -4.6 -.25 -7.2 -4.2 -.25 -7.1
3 71 -4.2 -.25 -7.1 -4.6 -.25 -7.2 -4.3 -.25 -7.3
3 71 -4.25 -.25 -6.95 -4.45 -.25 -7 -4.2 -.25 -7.1
3 25 -9.3 -.25 -5.8 -10.6 -.25 -7.5 -8.15 -.25 -7.5
3 25 -9.3 -.25 -5.8 -9.85 -.25 -6.45 -10.6 -.25 -7.5
3 25 -9.3 -.25 -5.8 -8.15 -.25 -7.5 -7.7 -.25 -6.25
3 25 -8.2 -.25 -5.25 -9.3 -.25 -5.8 -7.7 -.25 -6.25
3 25 -8.2 -.25 -5.25 -8.8 -.25 -5.4 -9.3 -.25 -5.8
3 25 -7.3 -.25 -5.2 -8.2 -.25 -5.25 -7.7 -.25 -6.25
3 25 6.05 -.25 -7.15 7.05 -.25 -7.35 6.65 -.25 -7.2
3 25 6.05 -.25 -7.15 6.1 -.25 -7.5 7.05 -.25 -7.35
3 25 7.05 -.25 -7.35 6.1 -.25 -7.5 7.4 -.25 -7.5
3 25 5.1 -.25 -7.3 4.85 -.25 -7.5 5.45 -.25 -7.5
3 25 5.25 -.25 -7.1 5.1 -.25 -7.3 5.45 -.25 -7.5
3 25 5.4 -.25 -6.8 5.25 -.25 -7.1 5.45 -.25 -7.5
3 25 1.8 -.25 -7.35 1 -.25 -7.5 4.4 -.25 -7.5
3 25 4.7 -.25 -7.25 1.8 -.25 -7.35 4.4 -.25 -7.5
3 25 2.65 -.25 -7.15 1.8 -.25 -7.35 4.7 -.25 -7.25
3 25 4.9 -.25 -7.05 2.65 -.25 -7.15 4.7 -.25 -7.25
3 25 3.5 -.25 -6.85 2.65 -.25 -7.15 4.9 -.25 -7.05
3 25 4 -.25 -6.55 3.5 -.25 -6.85 4.9 -.25 -7.05
3 25 4.85 -.25 -6.4 4 -.25 -6.55 4.9 -.25 -7.05
3 25 4.3 -.25 -6.35 4 -.25 -6.55 4.85 -.25 -6.4
3 25 5.2 -.25 -6.5 4.9 -.25 -7.05 5.05 -.25 -6.8
3 25 4.85 -.25 -6.4 4.9 -.25 -7.05 5.2 -.25 -6.5
3 25 5.2 -.25 -6.5 5.05 -.25 -6.8 5.3 -.25 -6.6
3 25 -4.35 -.25 -5.05 -3.25 -.25 -5.7 -3.75 -.25 -5.15
3 25 -4.35 -.25 -5.05 -4.2 -.25 -5.4 -3.25 -.25 -5.7
3 25 -3.75 -.25 -5.15 -3.25 -.25 -5.7 -1.45 -.25 -5.9
3 25 -3.75 -.25 -5.15 -1.45 -.25 -5.9 -2.45 -.25 -5.35
3 25 -2.45 -.25 -5.35 .4 -.25 -6.15 0 -.25 -5.7
3 25 -2.45 -.25 -5.35 -1.45 -.25 -5.9 .4 -.25 -6.15
3 25 0 -.25 -5.7 2.35 -.25 -6.5 1.95 -.25 -5.95
3 25 0 -.25 -5.7 .4 -.25 -6.15 2.35 -.25 -6.5
3 25 1.95 -.25 -5.95 3.45 -.25 -6.2 2.95 -.25 -6.1
3 25 1.95 -.25 -5.95 2.35 -.25 -6.5 3.45 -.25 -6.2
3 25 3.45 -.25 -6.2 3.45 -.25 -6.5 3.5 -.25 -6.35
3 25 3.45 -.25 -6.2 2.35 -.25 -6.5 3.45 -.25 -6.5
3 25 3.45 -.25 -6.5 2.35 -.25 -6.5 2.6 -.25 -6.85
3 25 3.45 -.25 -6.5 2.6 -.25 -6.85 3.2 -.25 -6.65
3 25 2.35 -.25 -6.5 1.65 -.25 -7.15 2.6 -.25 -6.85
3 25 2.35 -.25 -6.5 1.8 -.25 -6.6 1.65 -.25 -7.15
3 25 .45 -.25 -6.55 1.65 -.25 -7.15 1.8 -.25 -6.6
3 25 -.5 -.25 -6.45 1.65 -.25 -7.15 .45 -.25 -6.55
3 25 -.5 -.25 -6.45 1 -.25 -7.3 1.65 -.25 -7.15
3 25 1 -.25 -7.3 -1.8 -.25 -7.5 .25 -.25 -7.5
3 25 -4.2 -.25 -5.4 -3.7 -.25 -6.1 -2.45 -.25 -6
3 25 -4.2 -.25 -5.4 -2.45 -.25 -6 -3.25 -.25 -5.7
3 25 -2.45 -.25 -6 -3.7 -.25 -6.1 -1.4 -.25 -6.3
3 25 -3.7 -.25 -6.1 -3.1 -.25 -6.65 -1.4 -.25 -6.3
3 25 -3.1 -.25 -6.65 -2.45 -.25 -7.15 -1.8 -.25 -7.5
3 25 -1.4 -.25 -6.3 -3.1 -.25 -6.65 -1.8 -.25 -7.5
3 25 -1.4 -.25 -6.3 1 -.25 -7.3 -.5 -.25 -6.45
3 25 -1.4 -.25 -6.3 -1.8 -.25 -7.5 1 -.25 -7.3
3 25 -7.1 -.25 -6.5 -5.35 -.25 -7.5 -5.75 -.25 -6.65
3 25 -7.1 -.25 -6.5 -7.4 -.25 -7.5 -5.35 -.25 -7.5
3 25 -6.35 -.25 -5.5 -6.85 -.25 -5.75 -7.1 -.25 -6.5
3 25 -6.35 -.25 -5.5 -7.1 -.25 -6.5 -5.75 -.25 -6.65
3 25 -6.45 -.25 -4.9 -6.65 -.25 -5.15 -6.85 -.25 -5.75
3 25 -6.45 -.25 -4.9 -6.85 -.25 -5.75 -6.35 -.25 -5.5
3 25 -6.2 -.25 -4.8 -6.35 -.25 -5.5 -6.25 -.25 -5.25
3 25 -6.2 -.25 -4.8 -6.45 -.25 -4.9 -6.35 -.25 -5.5
3 25 -5.9 -.25 -4.8 -6.2 -.25 -4.8 -6 -.25 -5.25
3 25 -6.2 -.25 -4.8 -6.25 -.25 -5.25 -6 -.25 -5.25
3 25 -5.9 -.25 -4.8 -4.9 -.25 -5.05 -5.4 -.25 -4.9
3 25 -5.9 -.25 -4.8 -6 -.25 -5.25 -4.9 -.25 -5.05
3 25 -6 -.25 -5.25 -5.85 -.25 -5.45 -4.55 -.25 -5.35
3 25 -4.9 -.25 -5.05 -6 -.25 -5.25 -4.55 -.25 -5.35
3 25 -5.85 -.25 -5.45 -5.5 -.25 -6.2 -4.15 -.25 -6
3 25 -4.55 -.25 -5.35 -5.85 -.25 -5.45 -4.15 -.25 -6
3 25 -4.15 -.25 -6 -5.5 -.25 -6.2 -5.2 -.25 -6.75
3 25 -4.15 -.25 -6 -5.2 -.25 -6.75 -4.65 -.25 -6.65
3 25 -4.65 -.25 -6.65 -5.2 -.25 -6.75 -4.85 -.25 -6.9
3 25 -5.2 -.25 -6.75 -4.95 -.25 -7.15 -4.85 -.25 -6.9
3 25 -3.8 -.25 -6.4 -4.65 -.25 -6.65 -4.3 -.25 -6.6
3 25 -4.15 -.25 -6 -4.65 -.25 -6.65 -3.8 -.25 -6.4
3 25 -4.3 -.25 -6.6 -4 -.25 -6.7 -3.3 -.25 -6.85
3 25 -3.8 -.25 -6.4 -4.3 -.25 -6.6 -3.3 -.25 -6.85
3 25 -4 -.25 -6.7 -3.8 -.25 -6.9 -2.8 -.25 -7.2
3 25 -4 -.25 -6.7 -2.8 -.25 -7.2 -3.3 -.25 -6.85
3 25 -3.8 -.25 -6.9 -3.8 -.25 -7.2 -2.3 -.25 -7.5
3 25 -3.8 -.25 -6.9 -2.3 -.25 -7.5 -2.8 -.25 -7.2
3 25 -3.8 -.25 -7.2 -3.95 -.25 -7.5 -2.3 -.25 -7.5
3 0 -3.25 -.25 -5.7 -1.4 -.25 -6.3 -1.45 -.25 -5.9
3 0 -3.25 -.25 -5.7 -2.45 -.25 -6 -1.4 -.25 -6.3
3 0 .4 -.25 -6.15 -1.4 -.25 -6.3 -.5 -.25 -6.45
3 0 -1.45 -.25 -5.9 -1.4 -.25 -6.3 .4 -.25 -6.15
3 0 -.5 -.25 -6.45 .45 -.25 -6.55 1.8 -.25 -6.6
3 0 .4 -.25 -6.15 -.5 -.25 -6.45 1.8 -.25 -6.6
3 0 .4 -.25 -6.15 1.8 -.25 -6.6 2.35 -.25 -6.5
3 0 1.65 -.25 -7.15 1 -.25 -7.3 .25 -.25 -7.5
3 0 1.65 -.25 -7.15 .25 -.25 -7.5 1 -.25 -7.5
3 0 1.65 -.25 -7.15 1 -.25 -7.5 1.8 -.25 -7.35
3 0 2.6 -.25 -6.85 1.65 -.25 -7.15 2.65 -.25 -7.15
3 0 2.65 -.25 -7.15 1.65 -.25 -7.15 1.8 -.25 -7.35
3 0 3.2 -.25 -6.65 2.6 -.25 -6.85 3.5 -.25 -6.85
3 0 3.5 -.25 -6.85 2.6 -.25 -6.85 2.65 -.25 -7.15
3 0 4 -.25 -6.55 3.2 -.25 -6.65 3.5 -.25 -6.85
3 0 3.45 -.25 -6.5 3.2 -.25 -6.65 4 -.25 -6.55
3 0 4.3 -.25 -6.35 3.5 -.25 -6.35 3.45 -.25 -6.5
3 0 4.3 -.25 -6.35 3.45 -.25 -6.5 4 -.25 -6.55
3 0 -4.9 -.25 -5.05 -4.55 -.25 -5.35 -4.2 -.25 -5.4
3 0 -4.35 -.25 -5.05 -4.9 -.25 -5.05 -4.2 -.25 -5.4
3 0 -4.55 -.25 -5.35 -4.15 -.25 -6 -3.7 -.25 -6.1
3 0 -4.55 -.25 -5.35 -3.7 -.25 -6.1 -4.2 -.25 -5.4
3 0 -4.15 -.25 -6 -3.8 -.25 -6.4 -3.1 -.25 -6.65
3 0 -4.15 -.25 -6 -3.1 -.25 -6.65 -3.7 -.25 -6.1
3 0 -3.8 -.25 -6.4 -3.3 -.25 -6.85 -2.45 -.25 -7.15
3 0 -3.8 -.25 -6.4 -2.45 -.25 -7.15 -3.1 -.25 -6.65
3 0 -3.3 -.25 -6.85 -1.8 -.25 -7.5 -2.45 -.25 -7.15
3 0 -3.3 -.25 -6.85 -2.8 -.25 -7.2 -1.8 -.25 -7.5
3 0 -2.8 -.25 -7.2 -2.3 -.25 -7.5 -1.8 -.25 -7.5
3 0 -6 -.25 -5.25 -6.25 -.25 -5.25 -6.35 -.25 -5.5
3 0 -6 -.25 -5.25 -6.35 -.25 -5.5 -5.85 -.25 -5.45
3 0 -5.85 -.25 -5.45 -5.75 -.25 -6.65 -5.5 -.25 -6.2
3 0 -5.85 -.25 -5.45 -6.35 -.25 -5.5 -5.75 -.25 -6.65
3 0 -5.5 -.25 -6.2 -5.35 -.25 -7.5 -5.2 -.25 -6.75
3 0 -5.5 -.25 -6.2 -5.75 -.25 -6.65 -5.35 -.25 -7.5
3 0 -5.2 -.25 -6.75 -5.35 -.25 -7.5 -4.95 -.25 -7.15
3 0 -4.95 -.25 -7.15 -5.35 -.25 -7.5 -4.6 -.25 -7.2
3 0 -4.6 -.25 -7.2 -5.35 -.25 -7.5 -4.7 -.25 -7.5
3 0 -4.85 -.25 -6.9 -4.95 -.25 -7.15 -4.45 -.25 -7
3 0 -4.45 -.25 -7 -4.95 -.25 -7.15 -4.6 -.25 -7.2
3 0 -4.3 -.25 -6.6 -4.65 -.25 -6.65 -4.85 -.25 -6.9
3 0 -4.3 -.25 -6.6 -4.85 -.25 -6.9 -4.45 -.25 -7
3 0 -4 -.25 -6.7 -4.45 -.25 -7 -4.25 -.25 -6.95
3 0 -4.3 -.25 -6.6 -4.45 -.25 -7 -4 -.25 -6.7
3 0 -4 -.25 -6.7 -4.25 -.25 -6.95 -4.2 -.25 -7.1
3 0 -4 -.25 -6.7 -4.2 -.25 -7.1 -3.8 -.25 -6.9
3 0 -3.8 -.25 -6.9 -4.3 -.25 -7.3 -3.8 -.25 -7.2
3 0 -3.8 -.25 -6.9 -4.2 -.25 -7.1 -4.3 -.25 -7.3
3 0 -3.8 -.25 -7.2 -4.35 -.25 -7.5 -3.95 -.25 -7.5
3 0 -3.8 -.25 -7.2 -4.3 -.25 -7.3 -4.35 -.25 -7.5
3 0 -7.7 -.25 -6.25 -8.15 -.25 -7.5 -7.1 -.25 -6.5
3 0 -7.1 -.25 -6.5 -8.15 -.25 -7.5 -7.4 -.25 -7.5
3 0 -7.3 -.25 -5.2 -7.7 -.25 -6.25 -7.1 -.25 -6.5
3 0 -7.3 -.25 -5.2 -7.1 -.25 -6.5 -6.85 -.25 -5.75
3 0 -6.65 -.25 -5.15 -7.3 -.25 -5.2 -6.85 -.25 -5.75
3 0 -6.45 -.25 -4.9 -7.3 -.25 -5.2 -6.65 -.25 -5.15
3 0 -7.2 -.25 -4.6 -7.3 -.25 -5.2 -6.45 -.25 -4.9
3 0 -6.8 -.25 -4.45 -7.2 -.25 -4.6 -6.2 -.25 -4.8
3 0 -7.2 -.25 -4.6 -6.45 -.25 -4.9 -6.2 -.25 -4.8
3 0 -6.15 -.25 -4.2 -6.8 -.25 -4.45 -6.2 -.25 -4.8
3 0 -6.15 -.25 -4.2 -6.55 -.25 -4.25 -6.8 -.25 -4.45
3 0 -6.15 -.25 -4.2 -6.2 -.25 -4.8 -5.4 -.25 -4.3
3 0 -5.4 -.25 -4.3 -6.2 -.25 -4.8 -5.9 -.25 -4.8
3 0 -4.4 -.25 -4.5 -5.9 -.25 -4.8 -5.4 -.25 -4.9
3 0 -5.4 -.25 -4.3 -5.9 -.25 -4.8 -4.4 -.25 -4.5
3 0 -4.4 -.25 -4.5 -5.4 -.25 -4.9 -4.35 -.25 -5.05
3 0 -5.4 -.25 -4.9 -4.9 -.25 -5.05 -4.35 -.25 -5.05
3 0 -4.4 -.25 -4.5 -4.35 -.25 -5.05 -3.75 -.25 -5.15
3 0 -4.4 -.25 -4.5 -3.75 -.25 -5.15 -3.75 -.25 -4.55
3 0 -3.75 -.25 -5.15 -2.45 -.25 -5.35 2.5 -.25 -5.45
3 0 -3.75 -.25 -4.55 -3.75 -.25 -5.15 2.5 -.25 -5.45
3 0 -2.45 -.25 -5.35 0 -.25 -5.7 1.95 -.25 -5.95
3 0 -2.45 -.25 -5.35 1.95 -.25 -5.95 2.5 -.25 -5.45
3 0 2.5 -.25 -5.45 1.95 -.25 -5.95 3.15 -.25 -5.55
3 0 3.15 -.25 -5.55 1.95 -.25 -5.95 2.95 -.25 -6.1
3 0 4 -.25 -5.65 2.95 -.25 -6.1 3.45 -.25 -6.2
3 0 3.15 -.25 -5.55 2.95 -.25 -6.1 4 -.25 -5.65
3 0 4 -.25 -5.65 3.5 -.25 -6.35 4.3 -.25 -6.35
3 0 4 -.25 -5.65 3.45 -.25 -6.2 3.5 -.25 -6.35
3 0 4 -.25 -5.65 4.3 -.25 -6.35 4.85 -.25 -6.4
3 0 4 -.25 -5.65 4.85 -.25 -6.4 4.65 -.25 -5.75
3 0 4.65 -.25 -5.75 5.2 -.25 -6.5 5.15 -.25 -5.85
3 0 4.65 -.25 -5.75 4.85 -.25 -6.4 5.2 -.25 -6.5
3 0 -9.85 -.25 -6.45 -11.45 -.25 -7.5 -10.6 -.25 -7.5
3 0 -9.85 -.25 -6.45 -10.8 -.25 -6.65 -11.45 -.25 -7.5
3 0 -10.05 -.25 -5.7 -10.8 -.25 -6.65 -9.3 -.25 -5.8
3 0 -9.3 -.25 -5.8 -10.8 -.25 -6.65 -9.85 -.25 -6.45
3 0 -9.5 -.25 -5.1 -10.05 -.25 -5.7 -8.8 -.25 -5.4
3 0 -8.8 -.25 -5.4 -10.05 -.25 -5.7 -9.3 -.25 -5.8
3 0 -9.5 -.25 -5.1 -8.8 -.25 -5.4 -8.2 -.25 -5.25
3 0 -8.95 -.25 -4.8 -9.5 -.25 -5.1 -8.2 -.25 -5.25
3 0 -7.6 -.25 -4.65 -8.15 -.25 -4.65 -8.95 -.25 -4.8
3 0 -7.6 -.25 -4.65 -8.95 -.25 -4.8 -8.2 -.25 -5.25
3 0 -7.2 -.25 -4.6 -8.2 -.25 -5.25 -7.3 -.25 -5.2
3 0 -7.2 -.25 -4.6 -7.6 -.25 -4.65 -8.2 -.25 -5.25
3 0 5.15 -.25 -5.85 5.3 -.25 -6.6 5.95 -.25 -6.15
3 0 5.15 -.25 -5.85 5.2 -.25 -6.5 5.3 -.25 -6.6
3 0 5.1 -.25 -7.3 4.4 -.25 -7.5 4.85 -.25 -7.5
3 0 4.7 -.25 -7.25 4.4 -.25 -7.5 5.1 -.25 -7.3
3 0 5.25 -.25 -7.1 4.7 -.25 -7.25 5.1 -.25 -7.3
3 0 4.9 -.25 -7.05 4.7 -.25 -7.25 5.25 -.25 -7.1
3 0 5.4 -.25 -6.8 5.05 -.25 -6.8 4.9 -.25 -7.05
3 0 5.4 -.25 -6.8 4.9 -.25 -7.05 5.25 -.25 -7.1
3 0 5.95 -.25 -6.15 5.05 -.25 -6.8 5.4 -.25 -6.8
3 0 5.95 -.25 -6.15 5.3 -.25 -6.6 5.05 -.25 -6.8
3 0 5.95 -.25 -6.15 6.05 -.25 -7.15 6.4 -.25 -6.4
3 0 5.95 -.25 -6.15 5.4 -.25 -6.8 6.05 -.25 -7.15
3 0 6.4 -.25 -6.4 6.05 -.25 -7.15 6.65 -.25 -7.2
3 0 6.4 -.25 -6.4 6.65 -.25 -7.2 6.6 -.25 -6.65
3 0 6.6 -.25 -6.65 7.05 -.25 -7.35 7.3 -.25 -6.8
3 0 6.6 -.25 -6.65 6.65 -.25 -7.2 7.05 -.25 -7.35
3 0 7.3 -.25 -6.8 7.05 -.25 -7.35 7.4 -.25 -7.5
3 0 7.3 -.25 -6.8 7.4 -.25 -7.5 7.85 -.25 -7
3 0 7.85 -.25 -7 8.35 -.25 -7.5 8.15 -.25 -7.25
3 0 7.85 -.25 -7 7.4 -.25 -7.5 8.35 -.25 -7.5
3 0 5.4 -.25 -6.8 6.1 -.25 -7.5 6.05 -.25 -7.15
3 0 5.4 -.25 -6.8 5.45 -.25 -7.5 6.1 -.25 -7.5
3 0 6.15 -.25 -5.2 5.95 -.25 -6.15 6.4 -.25 -6.4
3 0 6.15 -.25 -5.2 6.4 -.25 -6.4 6.55 -.25 -5.65
3 0 6.75 -.25 -4.75 6.15 -.25 -5.2 6.55 -.25 -5.65
3 0 6.45 -.25 -4 6.15 -.25 -5.2 6.75 -.25 -4.75
3 0 6.8 -.25 -2.8 6.75 -.25 -4.75 7.1 -.25 -3.5
3 0 6.8 -.25 -2.8 6.45 -.25 -4 6.75 -.25 -4.75
3 0 7.1 -.25 -1.85 6.8 -.25 -2.8 7.1 -.25 -3.5
3 0 7.1 -.25 -1.85 7.1 -.25 -3.5 7.45 -.25 -2.3
3 0 7.8 -.25 -1.1 7.35 -.25 -1.25 7.75 -.25 -1.35
3 0 7.5 -.25 -1.05 7.35 -.25 -1.25 7.8 -.25 -1.1
3 0 7.35 -.25 -1.25 7.1 -.25 -1.85 7.75 -.25 -1.35
3 0 7.75 -.25 -1.35 7.1 -.25 -1.85 7.45 -.25 -2.3
3 15 -1.487 -.25 1.1 -1.403 -.25 .897 -1.2 -.25 .813
3 15 -1.403 -.25 1.303 -1.487 -.25 1.1 -1.2 -.25 .813
3 15 -1.2 -.25 1.387 -1.403 -.25 1.303 -.997 -.25 1.303
3 15 -.997 -.25 1.303 -1.403 -.25 1.303 -1.2 -.25 .813
3 15 -.913 -.25 1.1 -1.2 -.25 .813 -.997 -.25 .897
3 15 -.997 -.25 1.303 -1.2 -.25 .813 -.913 -.25 1.1
3 15 1.413 -.25 .6 1.497 -.25 .397 1.7 -.25 .313
3 15 1.497 -.25 .803 1.413 -.25 .6 1.7 -.25 .313
3 15 1.903 -.25 .803 1.497 -.25 .803 1.7 -.25 .313
3 15 1.7 -.25 .887 1.497 -.25 .803 1.903 -.25 .803
3 15 1.987 -.25 .6 1.7 -.25 .313 1.903 -.25 .397
3 15 1.903 -.25 .803 1.7 -.25 .313 1.987 -.25 .6
3 0 -2.85 -.25 1.6 -2.25 -.25 1.2 -2.5 -.25 1.55
3 0 -2.85 -.25 1.6 -2.65 -.25 1.3 -2.25 -.25 1.2
3 0 -2.1 -.25 1.65 -2.5 -.25 1.55 -1.8 -.25 1.1
3 0 -2.5 -.25 1.55 -2.25 -.25 1.2 -1.8 -.25 1.1
3 0 -1.403 -.25 1.303 -1.8 -.25 1.1 -1.487 -.25 1.1
3 0 -2.1 -.25 1.65 -1.8 -.25 1.1 -1.403 -.25 1.303
3 0 -2.1 -.25 1.65 -1.403 -.25 1.303 -1.2 -.25 1.387
3 0 -1.55 -.25 1.7 -2.1 -.25 1.65 -1.2 -.25 1.387
3 0 -.9 -.25 1.7 -1.55 -.25 1.7 -.997 -.25 1.303
3 0 -1.55 -.25 1.7 -1.2 -.25 1.387 -.997 -.25 1.303
3 0 -.9 -.25 1.7 -.997 -.25 1.303 -.5 -.25 1.65
3 0 -.5 -.25 1.65 -.997 -.25 1.303 -.8 -.25 1.4
3 0 -.5 -.25 1.65 -.8 -.25 1.4 -.3 -.25 1.4
3 0 -.997 -.25 1.303 -.913 -.25 1.1 -.7 -.25 1.1
3 0 -.8 -.25 1.4 -.997 -.25 1.303 -.7 -.25 1.1
3 0 -.7 -.25 1.1 -.913 -.25 1.1 -.7 -.25 .75
3 0 -.913 -.25 1.1 -.997 -.25 .897 -.7 -.25 .75
3 0 -1.2 -.25 .813 -.8 -.25 .45 -.7 -.25 .75
3 0 -.997 -.25 .897 -1.2 -.25 .813 -.7 -.25 .75
3 0 -.8 -.25 .45 -1.35 -.25 .2 -1 -.25 .25
3 0 -1.2 -.25 .813 -1.35 -.25 .2 -.8 -.25 .45
3 0 -1.403 -.25 .897 -1.65 -.25 .3 -1.35 -.25 .2
3 0 -1.403 -.25 .897 -1.35 -.25 .2 -1.2 -.25 .813
3 0 -1.85 -.25 .85 -1.8 -.25 .6 -1.65 -.25 .3
3 0 -1.403 -.25 .897 -1.85 -.25 .85 -1.65 -.25 .3
3 0 -1.487 -.25 1.1 -1.8 -.25 1.1 -1.403 -.25 .897
3 0 -1.8 -.25 1.1 -1.85 -.25 .85 -1.403 -.25 .897
3 0 1.55 -.25 1.35 1 -.25 1.3 1.3 -.25 1.15
3 0 1.55 -.25 1.35 1.25 -.25 1.35 1 -.25 1.3
3 0 1.95 -.25 1.25 1.3 -.25 1.15 1.45 -.25 1
3 0 1.55 -.25 1.35 1.3 -.25 1.15 1.95 -.25 1.25
3 0 1.95 -.25 1.25 1.497 -.25 .803 1.7 -.25 .887
3 0 1.95 -.25 1.25 1.45 -.25 1 1.497 -.25 .803
3 0 1.95 -.25 1.25 1.7 -.25 .887 2.25 -.25 1.05
3 0 2.25 -.25 1.05 1.7 -.25 .887 1.903 -.25 .803
3 0 2.25 -.25 1.05 1.903 -.25 .803 1.987 -.25 .6
3 0 2.55 -.25 1 1.987 -.25 .6 2.3 -.25 .6
3 0 2.25 -.25 1.05 1.987 -.25 .6 2.55 -.25 1
3 0 2.55 -.25 1 2.3 -.25 .6 2.9 -.25 .8
3 0 2.9 -.25 .8 2.3 -.25 .6 2.7 -.25 .5
3 0 3.3 -.25 .65 2.7 -.25 .5 2.95 -.25 .5
3 0 2.9 -.25 .8 2.7 -.25 .5 3.3 -.25 .65
3 0 1.45 -.25 1 1.413 -.25 .6 1.497 -.25 .803
3 0 1.45 -.25 1 1.2 -.25 .85 1.413 -.25 .6
3 0 1.2 -.25 .85 1.05 -.25 .55 1.497 -.25 .397
3 0 1.2 -.25 .85 1.497 -.25 .397 1.413 -.25 .6
3 0 1.05 -.25 .55 1.05 -.25 .2 1.497 -.25 .397
3 0 1.7 -.25 .313 1.05 -.25 .2 1.2 -.25 -.05
3 0 1.497 -.25 .397 1.05 -.25 .2 1.7 -.25 .313
3 0 1.2 -.25 -.05 1.45 -.25 -.25 1.75 -.25 -.3
3 0 1.7 -.25 .313 1.2 -.25 -.05 1.75 -.25 -.3
3 0 1.903 -.25 .397 1.7 -.25 .313 2.05 -.25 -.15
3 0 1.7 -.25 .313 1.75 -.25 -.3 2.05 -.25 -.15
3 0 1.903 -.25 .397 2.05 -.25 -.15 2.25 -.25 .1
3 0 1.903 -.25 .397 2.25 -.25 .1 2.3 -.25 .35
3 0 1.987 -.25 .6 1.903 -.25 .397 2.3 -.25 .35
3 0 2.3 -.25 .6 1.987 -.25 .6 2.3 -.25 .35
3 0 -2.45 -.25 2.65 -2.65 -.25 2.35 -2.15 -.25 2.6
3 0 -2.15 -.25 2.6 -2.65 -.25 2.35 -2.5 -.25 2.3
3 0 -1.75 -.25 2.9 -2.2 -.25 2.9 -2.45 -.25 2.65
3 0 -1.75 -.25 2.9 -2.45 -.25 2.65 -2.15 -.25 2.6
3 15 -1.7 -.25 -1.75 -1.8 -.25 -2 -1.35 -.25 -2.1
3 15 -1.8 -.25 -2 -1.7 -.25 -2.15 -1.35 -.25 -2.1
3 15 -1.45 -.25 -1.75 -1.7 -.25 -1.75 -1.35 -.25 -2.1
3 15 -1.2 -.25 -1.4 -1.45 -.25 -1.75 -1 -.25 -2.05
3 15 -1.45 -.25 -1.75 -1.35 -.25 -2.1 -1 -.25 -2.05
3 15 -1.2 -.25 -1.4 -1 -.25 -2.05 -.6 -.25 -2.05
3 15 -1.2 -.25 -1.4 -.6 -.25 -2.05 -.85 -.25 -1.45
3 15 -.85 -.25 -1.45 -.6 -.25 -2.05 0 -.25 -2.1
3 15 -.85 -.25 -1.45 0 -.25 -2.1 -.45 -.25 -1.6
3 15 -.45 -.25 -1.6 .4 -.25 -2.25 0 -.25 -1.65
3 15 -.45 -.25 -1.6 0 -.25 -2.1 .4 -.25 -2.25
3 15 .5 -.25 -1.65 0 -.25 -1.65 .4 -.25 -2.25
3 15 .95 -.25 -1.65 .5 -.25 -1.65 .4 -.25 -2.25
3 15 1.2 -.25 -2.05 .4 -.25 -2.25 .7 -.25 -2.4
3 15 .95 -.25 -1.65 .4 -.25 -2.25 1.2 -.25 -2.05
3 15 1.2 -.25 -2.05 1 -.25 -2.55 1.2 -.25 -2.15
3 15 1.2 -.25 -2.05 .7 -.25 -2.4 1 -.25 -2.55
3 15 1.4 -.25 -2.2 1 -.25 -2.55 1.25 -.25 -2.6
3 15 1.2 -.25 -2.15 1 -.25 -2.55 1.4 -.25 -2.2
3 15 1.4 -.25 -2.2 1.25 -.25 -2.6 1.4 -.25 -2.55
3 15 .95 -.25 -1.65 1.4 -.25 -2 1.25 -.25 -1.75
3 15 .95 -.25 -1.65 1.2 -.25 -2.05 1.4 -.25 -2
3 15 -1.2 -.25 -1.4 -1.45 -.25 -1.45 -1.6 -.25 -1.6
3 15 -1.2 -.25 -1.4 -1.6 -.25 -1.6 -1.45 -.25 -1.75
3 0 -1.6 -.25 -1.6 -1.7 -.25 -1.75 -1.45 -.25 -1.75
3 0 -1.7 -.25 -1.15 -1.7 -.25 -1.75 -1.6 -.25 -1.6
3 0 -1.7 -.25 -1.15 -1.95 -.25 -1.5 -1.7 -.25 -1.75
3 0 -1.35 -.25 -.95 -1.6 -.25 -1.6 -1.45 -.25 -1.45
3 0 -1.35 -.25 -.95 -1.7 -.25 -1.15 -1.6 -.25 -1.6
3 0 -1.1 -.25 -.9 -1.35 -.25 -.95 -1.45 -.25 -1.45
3 0 -1.1 -.25 -.9 -1.45 -.25 -1.45 -1.2 -.25 -1.4
3 0 -.8 -.25 -.9 -1.1 -.25 -.9 -.85 -.25 -1.45
3 0 -1.1 -.25 -.9 -1.2 -.25 -1.4 -.85 -.25 -1.45
3 0 -.8 -.25 -.9 -.45 -.25 -1.6 -.5 -.25 -1
3 0 -.8 -.25 -.9 -.85 -.25 -1.45 -.45 -.25 -1.6
3 0 -.5 -.25 -1 0 -.25 -1.65 -.2 -.25 -1.2
3 0 -.5 -.25 -1 -.45 -.25 -1.6 0 -.25 -1.65
3 0 -.2 -.25 -1.2 0 -.25 -1.65 .5 -.25 -1.65
3 0 .25 -.25 -1.15 -.2 -.25 -1.2 .5 -.25 -1.65
3 0 .25 -.25 -1.15 .95 -.25 -1.65 .95 -.25 -1.2
3 0 .25 -.25 -1.15 .5 -.25 -1.65 .95 -.25 -1.65
3 0 .95 -.25 -1.2 .95 -.25 -1.65 1.25 -.25 -1.75
3 0 .95 -.25 -1.2 1.25 -.25 -1.75 1.35 -.25 -1.35
3 0 1.35 -.25 -1.35 1.25 -.25 -1.75 1.6 -.25 -1.6
3 0 1.6 -.25 -1.6 1.25 -.25 -1.75 1.7 -.25 -2.05
3 0 1.25 -.25 -1.75 1.4 -.25 -2 1.7 -.25 -2.05
3 0 1.4 -.25 -2 1.4 -.25 -2.2 1.7 -.25 -2.05
3 0 1.4 -.25 -2 1.2 -.25 -2.15 1.4 -.25 -2.2
3 0 1.4 -.25 -2 1.2 -.25 -2.05 1.2 -.25 -2.15
3 0 1.7 -.25 -2.05 1.4 -.25 -2.2 1.7 -.25 -2.75
3 0 1.4 -.25 -2.2 1.4 -.25 -2.55 1.7 -.25 -2.75
3 0 1.25 -.25 -2.6 1.6 -.25 -2.95 1.7 -.25 -2.75
3 0 1.4 -.25 -2.55 1.25 -.25 -2.6 1.7 -.25 -2.75
3 0 1.6 -.25 -2.95 1.15 -.25 -3.1 1.45 -.25 -3.1
3 0 1.25 -.25 -2.6 1.15 -.25 -3.1 1.6 -.25 -2.95
3 0 1.25 -.25 -2.6 .8 -.25 -3 1.15 -.25 -3.1
3 0 1 -.25 -2.55 .8 -.25 -3 1.25 -.25 -2.6
3 0 .7 -.25 -2.4 .6 -.25 -2.9 .8 -.25 -3
3 0 .7 -.25 -2.4 .8 -.25 -3 1 -.25 -2.55
3 0 .4 -.25 -2.25 .6 -.25 -2.9 .7 -.25 -2.4
3 0 .4 -.25 -2.25 .3 -.25 -2.75 .6 -.25 -2.9
3 0 -1.7 -.25 -1.75 -2.1 -.25 -1.9 -1.8 -.25 -2
3 0 -1.95 -.25 -1.5 -2.1 -.25 -1.9 -1.7 -.25 -1.75
3 0 -2.1 -.25 -1.9 -2.15 -.25 -2.25 -1.7 -.25 -2.15
3 0 -2.1 -.25 -1.9 -1.7 -.25 -2.15 -1.8 -.25 -2
3 0 -2.15 -.25 -2.25 -2.1 -.25 -2.45 -1.9 -.25 -2.6
3 0 -1.7 -.25 -2.15 -2.15 -.25 -2.25 -1.9 -.25 -2.6
3 0 -1.35 -.25 -2.1 -1.7 -.25 -2.15 -1.2 -.25 -2.65
3 0 -1.7 -.25 -2.15 -1.9 -.25 -2.6 -1.2 -.25 -2.65
3 0 -.6 -.25 -2.05 -1 -.25 -2.05 -1.35 -.25 -2.1
3 0 -.6 -.25 -2.05 -1.35 -.25 -2.1 -1.2 -.25 -2.65
3 0 -.6 -.25 -2.05 -1.2 -.25 -2.65 0 -.25 -2.1
3 0 0 -.25 -2.1 -1.2 -.25 -2.65 0 -.25 -2.7
3 0 0 -.25 -2.1 0 -.25 -2.7 .3 -.25 -2.75
3 0 0 -.25 -2.1 .3 -.25 -2.75 .4 -.25 -2.25
3 484 -6.15 -.25 2.95 -6.35 -.25 1.85 -5.85 -.25 2.45
3 484 -6.15 -.25 2.95 -6.3 -.25 2.4 -6.35 -.25 1.85
3 484 -5.85 -.25 2.45 -6.35 -.25 1.85 -5.4 -.25 2.05
3 484 -5.4 -.25 2.05 -6.35 -.25 1.85 -6.25 -.25 1.3
3 484 -5.4 -.25 2.05 -6.25 -.25 1.3 -5.5 -.25 1.4
3 484 -5.5 -.25 1.4 -6.25 -.25 1.3 -5.6 -.25 .75
3 484 -6.25 -.25 1.3 -6 -.25 .95 -5.6 -.25 .75
3 484 -6 -.25 .95 -5.85 -.25 .4 -5.65 -.25 .35
3 484 -6 -.25 .95 -5.65 -.25 .35 -5.6 -.25 .75
3 484 -6.7 -.25 3.45 -6.65 -.25 2.7 -6.45 -.25 3.05
3 484 -6.7 -.25 3.45 -6.75 -.25 2.85 -6.65 -.25 2.7
3 484 -6.45 -.25 4.3 -6.7 -.25 3.45 -6.25 -.25 3.7
3 484 -6.25 -.25 3.7 -6.7 -.25 3.45 -6.45 -.25 3.05
3 484 -5.75 -.25 4.45 -6.45 -.25 4.3 -6.25 -.25 3.7
3 484 -6.05 -.25 5 -6.45 -.25 4.3 -5.75 -.25 4.45
3 484 -5.15 -.25 5.1 -6.05 -.25 5 -5.75 -.25 4.45
3 484 -5.5 -.25 5.65 -6.05 -.25 5 -5.15 -.25 5.1
3 484 -4.7 -.25 6.4 -5.5 -.25 5.65 -4.3 -.25 5.8
3 484 -4.3 -.25 5.8 -5.5 -.25 5.65 -5.15 -.25 5.1
3 484 -3.85 -.25 7.1 -4.7 -.25 6.4 -4.3 -.25 5.8
3 484 -3.85 -.25 7.1 -4.3 -.25 5.8 -3.65 -.25 6.35
3 484 -3.15 -.25 7.5 -3.65 -.25 6.35 -3 -.25 6.85
3 484 -3.15 -.25 7.5 -3.85 -.25 7.1 -3.65 -.25 6.35
3 484 -3.15 -.25 7.5 -3 -.25 6.85 -2.45 -.25 7.15
3 484 -1.75 -.25 7.5 -3.15 -.25 7.5 -2.45 -.25 7.15
3 484 -3 -.25 6.5 -3.75 -.25 5.95 -3.95 -.25 5.6
3 484 -3 -.25 6.5 -3.95 -.25 5.6 -3.3 -.25 5.9
3 484 -2.05 -.25 7.1 -3 -.25 6.5 -3.3 -.25 5.9
3 484 -2.05 -.25 7.1 -3.3 -.25 5.9 -2.35 -.25 6.3
3 484 -1.05 -.25 7.5 -2.35 -.25 6.3 -1.25 -.25 6.7
3 484 -1.05 -.25 7.5 -2.05 -.25 7.1 -2.35 -.25 6.3
3 484 -1.05 -.25 7.5 -1.25 -.25 6.7 -.4 -.25 6.95
3 484 -1.05 -.25 7.5 -.4 -.25 6.95 .45 -.25 7.15
3 484 2.05 -.25 7.5 -1.05 -.25 7.5 1.75 -.25 7.25
3 484 -1.05 -.25 7.5 .45 -.25 7.15 1.75 -.25 7.25
3 484 2.05 -.25 7.5 2.55 -.25 7.2 2.65 -.25 7.35
3 484 2.05 -.25 7.5 1.75 -.25 7.25 2.55 -.25 7.2
3 484 2.65 -.25 7.35 2.55 -.25 7.2 3.1 -.25 7.05
3 484 -3.05 -.25 5.6 -4.8 -.25 4.7 -4.1 -.25 4.85
3 484 -3.05 -.25 5.6 -4.25 -.25 5.15 -4.8 -.25 4.7
3 484 -1.55 -.25 6.15 -4.1 -.25 4.85 -2.85 -.25 5.2
3 484 -1.55 -.25 6.15 -3.05 -.25 5.6 -4.1 -.25 4.85
3 484 -.55 -.25 6.5 -1.55 -.25 6.15 -2.85 -.25 5.2
3 484 -.55 -.25 6.5 -2.85 -.25 5.2 -1.35 -.25 5.4
3 484 .4 -.25 6.75 -.55 -.25 6.5 -1.35 -.25 5.4
3 484 .4 -.25 6.75 -1.35 -.25 5.4 .05 -.25 5.6
3 484 1.15 -.25 6.9 .4 -.25 6.75 1.45 -.25 5.8
3 484 .4 -.25 6.75 .05 -.25 5.6 1.45 -.25 5.8
3 484 2 -.25 6.9 1.15 -.25 6.9 2.55 -.25 6
3 484 1.15 -.25 6.9 1.45 -.25 5.8 2.55 -.25 6
3 484 2 -.25 6.9 2.55 -.25 6 3.2 -.25 6.15
3 484 2 -.25 6.9 3.2 -.25 6.15 2.9 -.25 6.8
3 484 -5.55 -.25 3.6 -5.65 -.25 2.9 -5.35 -.25 3.4
3 484 -5.55 -.25 3.6 -5.65 -.25 3.25 -5.65 -.25 2.9
3 484 -5.3 -.25 3.95 -5.55 -.25 3.6 -5 -.25 3.75
3 484 -5 -.25 3.75 -5.55 -.25 3.6 -5.35 -.25 3.4
3 484 -4.55 -.25 4.05 -5.3 -.25 3.95 -5 -.25 3.75
3 484 -4.75 -.25 4.3 -5.3 -.25 3.95 -4.55 -.25 4.05
3 484 -3.95 -.25 4.65 -4.75 -.25 4.3 -3.7 -.25 4.35
3 484 -3.7 -.25 4.35 -4.75 -.25 4.3 -4.55 -.25 4.05
3 484 -2.9 -.25 4.9 -3.95 -.25 4.65 -2.5 -.25 4.6
3 484 -3.95 -.25 4.65 -3.7 -.25 4.35 -2.5 -.25 4.6
3 484 -2.9 -.25 4.9 -2.5 -.25 4.6 -1.1 -.25 4.75
3 484 -1.55 -.25 5.1 -2.9 -.25 4.9 -1.1 -.25 4.75
3 484 -.05 -.25 5.3 -1.55 -.25 5.1 .35 -.25 4.95
3 484 -1.55 -.25 5.1 -1.1 -.25 4.75 .35 -.25 4.95
3 484 -.05 -.25 5.3 .35 -.25 4.95 1.75 -.25 5.2
3 484 1.35 -.25 5.5 -.05 -.25 5.3 1.75 -.25 5.2
3 484 2.95 -.25 5.6 1.35 -.25 5.5 1.75 -.25 5.2
3 484 2.6 -.25 5.75 1.35 -.25 5.5 2.95 -.25 5.6
3 484 3.5 -.25 5.9 2.6 -.25 5.75 2.95 -.25 5.6
3 484 -3.25 -.25 4.2 -4.1 -.25 3.9 -4.6 -.25 3.6
3 484 -3.25 -.25 4.2 -4.6 -.25 3.6 -3.85 -.25 3.65
3 484 -2 -.25 4.45 -3.25 -.25 4.2 -3.85 -.25 3.65
3 484 -2 -.25 4.45 -3.85 -.25 3.65 -3 -.25 3.8
3 484 -.75 -.25 4.6 -2 -.25 4.45 -3 -.25 3.8
3 484 -.75 -.25 4.6 -3 -.25 3.8 -1.7 -.25 4.05
3 484 .6 -.25 4.75 -1.7 -.25 4.05 -.35 -.25 4.25
3 484 .6 -.25 4.75 -.75 -.25 4.6 -1.7 -.25 4.05
3 484 1.8 -.25 5 .6 -.25 4.75 -.35 -.25 4.25
3 484 1.8 -.25 5 -.35 -.25 4.25 .85 -.25 4.4
3 484 1.8 -.25 5 .85 -.25 4.4 2.15 -.25 4.7
3 484 2.9 -.25 5.3 1.8 -.25 5 3.45 -.25 5
3 484 3.45 -.25 5 1.8 -.25 5 2.15 -.25 4.7
3 484 4.15 -.25 5.3 2.9 -.25 5.3 3.45 -.25 5
3 484 3.75 -.25 5.65 2.9 -.25 5.3 4.15 -.25 5.3
3 484 4.1 -.25 5.9 4.15 -.25 5.3 4.5 -.25 5.5
3 484 4.1 -.25 5.9 3.75 -.25 5.65 4.15 -.25 5.3
3 484 4.35 -.25 6.25 4.1 -.25 5.9 4.65 -.25 6.2
3 484 4.65 -.25 6.2 4.1 -.25 5.9 4.5 -.25 5.5
3 484 4.65 -.25 6.2 4.5 -.25 5.5 4.95 -.25 5.1
3 484 4.65 -.25 6.2 4.95 -.25 5.1 5.2 -.25 5.85
3 484 5.2 -.25 5.85 4.95 -.25 5.1 5.4 -.25 4.55
3 484 5.2 -.25 5.85 5.4 -.25 4.55 5.9 -.25 5.35
3 484 5.9 -.25 5.35 5.4 -.25 4.55 6 -.25 3.9
3 484 5.9 -.25 5.35 6 -.25 3.9 6.5 -.25 4.65
3 484 6.5 -.25 4.65 6 -.25 3.9 6.4 -.25 3.35
3 484 6.5 -.25 4.65 6.4 -.25 3.35 6.95 -.25 3.95
3 484 6.95 -.25 3.95 6.4 -.25 3.35 6.7 -.25 2.85
3 484 6.95 -.25 3.95 6.7 -.25 2.85 7.2 -.25 3.25
3 484 7.2 -.25 3.25 6.95 -.25 2.45 7.25 -.25 2.65
3 484 7.2 -.25 3.25 6.7 -.25 2.85 6.95 -.25 2.45
3 484 7.25 -.25 2.65 6.95 -.25 2.45 7.2 -.25 2.1
3 484 -.35 -.25 3.8 -.85 -.25 3.7 -1.3 -.25 3.55
3 484 -.35 -.25 3.8 -1.3 -.25 3.55 -.6 -.25 3.45
3 484 .65 -.25 3.9 -.6 -.25 3.45 .2 -.25 3.35
3 484 .65 -.25 3.9 -.35 -.25 3.8 -.6 -.25 3.45
3 484 1.55 -.25 3.5 .2 -.25 3.35 .9 -.25 3.4
3 484 .65 -.25 3.9 .2 -.25 3.35 1.55 -.25 3.5
3 484 1.75 -.25 4.1 .65 -.25 3.9 1.55 -.25 3.5
3 484 2.85 -.25 4.4 1.55 -.25 3.5 2.5 -.25 3.8
3 484 2.85 -.25 4.4 1.75 -.25 4.1 1.55 -.25 3.5
3 484 3.75 -.25 4.75 2.5 -.25 3.8 3.25 -.25 4.15
3 484 3.75 -.25 4.75 2.85 -.25 4.4 2.5 -.25 3.8
3 484 3.75 -.25 4.75 3.25 -.25 4.15 3.6 -.25 4.4
3 484 5.75 -.25 -1.15 5.7 -.25 -1.6 5.85 -.25 -1.65
3 484 5.75 -.25 -1.15 5.85 -.25 -1.65 6.05 -.25 -1.5
3 484 6.05 -.25 -.8 5.75 -.25 -1.15 6.05 -.25 -1.5
3 484 6.05 -.25 -.45 5.8 -.25 -.45 5.75 -.25 -1.15
3 484 6.05 -.25 -.45 5.75 -.25 -1.15 6.05 -.25 -.8
3 484 6.15 -.25 .25 6.2 -.25 -.3 6.45 -.25 -.35
3 484 6.15 -.25 .25 6.45 -.25 -.35 6.5 -.25 .2
3 484 6.45 -.25 .6 6.05 -.25 .6 6.5 -.25 .2
3 484 6.05 -.25 .6 6.15 -.25 .25 6.5 -.25 .2
3 484 6.35 -.25 1.05 5.9 -.25 1 6.45 -.25 .6
3 484 5.9 -.25 1 6.05 -.25 .6 6.45 -.25 .6
3 484 6.05 -.25 1.65 5.6 -.25 1.35 6.35 -.25 1.05
3 484 5.6 -.25 1.35 5.9 -.25 1 6.35 -.25 1.05
3 484 5.65 -.25 2.3 5.2 -.25 1.8 5.6 -.25 1.35
3 484 5.65 -.25 2.3 5.6 -.25 1.35 6.05 -.25 1.65
3 484 5.15 -.25 3.15 4.65 -.25 2.5 5.2 -.25 1.8
3 484 5.15 -.25 3.15 5.2 -.25 1.8 5.65 -.25 2.3
3 484 4.85 -.25 3.95 4.65 -.25 2.5 5.15 -.25 3.15
3 484 4.85 -.25 3.95 4.2 -.25 3.25 4.65 -.25 2.5
3 484 4.25 -.25 4.55 3.75 -.25 4.05 4.2 -.25 3.25
3 484 4.25 -.25 4.55 4.2 -.25 3.25 4.85 -.25 3.95
3 484 4.4 -.25 4.8 4.25 -.25 4.55 4.85 -.25 3.95
3 484 4.4 -.25 4.8 4.85 -.25 3.95 4.7 -.25 4.6
3 484 4.95 -.25 4.65 5.85 -.25 3.7 5.4 -.25 4.2
3 484 4.95 -.25 4.65 5.05 -.25 4 5.85 -.25 3.7
3 484 5.05 -.25 4 5.4 -.25 3.15 5.8 -.25 2.55
3 484 5.05 -.25 4 5.8 -.25 2.55 5.85 -.25 3.7
3 484 5.85 -.25 3.7 6.7 -.25 2.4 6.35 -.25 3
3 484 5.85 -.25 3.7 5.8 -.25 2.55 6.7 -.25 2.4
3 484 5.8 -.25 2.55 6.3 -.25 1.75 7 -.25 1.75
3 484 5.8 -.25 2.55 7 -.25 1.75 6.7 -.25 2.4
3 484 6.3 -.25 1.75 6.55 -.25 1.25 7.05 -.25 1.15
3 484 7 -.25 1.75 6.3 -.25 1.75 7.05 -.25 1.15
3 484 6.55 -.25 1.25 7 -.25 .85 7.05 -.25 1.15
3 484 6.55 -.25 1.25 6.7 -.25 .95 7 -.25 .85
3 484 6.7 -.25 .95 6.75 -.25 .65 6.95 -.25 .6
3 484 6.7 -.25 .95 6.95 -.25 .6 7 -.25 .85
3 484 4.1 -.25 7.5 3.5 -.25 7.25 3.85 -.25 7.2
3 484 4.1 -.25 7.5 3.15 -.25 7.5 3.5 -.25 7.25
3 484 5 -.25 7.4 4.35 -.25 7.4 4 -.25 7.05
3 484 5 -.25 7.4 4 -.25 7.05 4.1 -.25 6.75
3 484 5 -.25 7.4 4.1 -.25 6.75 5.1 -.25 7.15
3 484 5.1 -.25 7.15 4.4 -.25 6.55 4.85 -.25 6.8
3 484 5.1 -.25 7.15 4.1 -.25 6.75 4.4 -.25 6.55
3 484 5.1 -.25 6.7 4.8 -.25 6.35 5.3 -.25 6.05
3 484 5.3 -.25 7 5.1 -.25 6.7 5.7 -.25 6.6
3 484 5.1 -.25 6.7 5.3 -.25 6.05 5.7 -.25 6.6
3 484 5.7 -.25 6.6 5.9 -.25 6.05 5.85 -.25 6.35
3 484 5.7 -.25 6.6 5.3 -.25 6.05 5.9 -.25 6.05
3 484 5.9 -.25 6.05 5.3 -.25 6.05 5.8 -.25 5.7
3 484 6.1 -.25 5.75 5.8 -.25 5.7 6.15 -.25 5.35
3 484 5.9 -.25 6.05 5.8 -.25 5.7 6.1 -.25 5.75
3 0 -6.45 -.25 4.3 -7.35 -.25 3.25 -6.7 -.25 3.45
3 0 -6.45 -.25 4.3 -7.25 -.25 3.8 -7.35 -.25 3.25
3 0 -10.6 -.25 7.5 -9.95 -.25 4.4 -9.85 -.25 4.25
3 0 -10.6 -.25 7.5 -9.85 -.25 4.25 -8.15 -.25 3.9
3 484 -3.4 -.25 7.5 -3.9 -.25 7.5 -3.85 -.25 7.4
3 484 -3.4 -.25 7.5 -3.85 -.25 7.4 -3.7 -.25 7.35
3 0 -3.85 -.25 7.4 -3.85 -.25 7.1 -3.7 -.25 7.35
3 0 -3.15 -.25 7.5 -3.4 -.25 7.5 -3.7 -.25 7.35
3 0 -3.15 -.25 7.5 -3.7 -.25 7.35 -3.85 -.25 7.1
3 0 -3.9 -.25 7.5 -10.6 -.25 7.5 -3.85 -.25 7.4
3 0 -10.6 -.25 7.5 -4.7 -.25 6.4 -3.85 -.25 7.4
3 0 -3.85 -.25 7.4 -4.7 -.25 6.4 -3.85 -.25 7.1
3 0 -10.6 -.25 7.5 -5.5 -.25 5.65 -4.7 -.25 6.4
3 0 -10.6 -.25 7.5 -6.05 -.25 5 -5.5 -.25 5.65
3 0 -10.6 -.25 7.5 -6.45 -.25 4.3 -6.05 -.25 5
3 0 -10.6 -.25 7.5 -8.15 -.25 3.9 -6.45 -.25 4.3
3 0 -6.45 -.25 4.3 -8.15 -.25 3.9 -7.25 -.25 3.8
3 0 -6.7 -.25 3.45 -7.35 -.25 3.25 -7.35 -.25 2.6
3 0 -6.7 -.25 3.45 -7.35 -.25 2.6 -6.75 -.25 2.85
3 0 -6.75 -.25 2.85 -7.35 -.25 2.6 -6.65 -.25 2.7
3 0 -6.65 -.25 2.7 -7.35 -.25 2.6 -7.25 -.25 1.95
3 0 -6.3 -.25 2.4 -7.25 -.25 1.95 -6.35 -.25 1.85
3 0 -6.65 -.25 2.7 -7.25 -.25 1.95 -6.3 -.25 2.4
3 0 -6.45 -.25 3.05 -6.65 -.25 2.7 -6.15 -.25 2.95
3 0 -6.15 -.25 2.95 -6.65 -.25 2.7 -6.3 -.25 2.4
3 0 -6.25 -.25 3.7 -6.45 -.25 3.05 -5.65 -.25 3.25
3 0 -5.65 -.25 3.25 -6.45 -.25 3.05 -6.15 -.25 2.95
3 0 -6.35 -.25 1.85 -7.05 -.25 1.2 -6.25 -.25 1.3
3 0 -7.05 -.25 1.2 -6.75 -.25 .4 -6 -.25 .95
3 0 -6.25 -.25 1.3 -7.05 -.25 1.2 -6 -.25 .95
3 0 -6 -.25 .95 -6.75 -.25 .4 -6.5 -.25 -.2
3 0 -6 -.25 .95 -6.5 -.25 -.2 -5.85 -.25 .4
3 0 -5.85 -.25 .4 -6.5 -.25 -.2 -5.65 -.25 .35
3 0 -5.65 -.25 .35 -6.5 -.25 -.2 -6.25 -.25 -.6
3 0 -5.65 -.25 .35 -6.25 -.25 -.6 -5 -.25 -.25
3 0 -5 -.25 -.25 -6.25 -.25 -.6 -5.95 -.25 -.9
3 0 -5.75 -.25 4.45 -6.25 -.25 3.7 -5.65 -.25 3.25
3 0 -5.75 -.25 4.45 -5.65 -.25 3.25 -5.55 -.25 3.6
3 0 -4.25 -.25 5.15 -5.15 -.25 5.1 -5.75 -.25 4.45
3 0 -4.25 -.25 5.15 -5.75 -.25 4.45 -4.8 -.25 4.7
3 0 -3.95 -.25 5.6 -5.15 -.25 5.1 -4.25 -.25 5.15
3 0 -4.3 -.25 5.8 -5.15 -.25 5.1 -3.95 -.25 5.6
3 0 -3.65 -.25 6.35 -4.3 -.25 5.8 -3.95 -.25 5.6
3 0 -3.65 -.25 6.35 -3.95 -.25 5.6 -3.75 -.25 5.95
3 0 -3 -.25 6.85 -3.75 -.25 5.95 -3 -.25 6.5
3 0 -3 -.25 6.85 -3.65 -.25 6.35 -3.75 -.25 5.95
3 0 -2.45 -.25 7.15 -3 -.25 6.5 -2.05 -.25 7.1
3 0 -2.45 -.25 7.15 -3 -.25 6.85 -3 -.25 6.5
3 0 -1.05 -.25 7.5 -2.45 -.25 7.15 -2.05 -.25 7.1
3 0 -1.05 -.25 7.5 -1.75 -.25 7.5 -2.45 -.25 7.15
3 0 3.15 -.25 7.5 2.05 -.25 7.5 2.65 -.25 7.35
3 0 3.15 -.25 7.5 2.65 -.25 7.35 3.5 -.25 7.25
3 0 2.65 -.25 7.35 3.1 -.25 7.05 3.5 -.25 7.25
3 0 3.5 -.25 7.25 3.1 -.25 7.05 3.85 -.25 7.2
3 0 3.85 -.25 7.2 3.1 -.25 7.05 3.45 -.25 6.6
3 0 3.85 -.25 7.2 3.45 -.25 6.6 3.85 -.25 6.45
3 0 3.85 -.25 7.2 3.85 -.25 6.45 4 -.25 7.05
3 0 4 -.25 7.05 3.85 -.25 6.45 4.1 -.25 6.75
3 0 4.35 -.25 7.4 3.85 -.25 7.2 4 -.25 7.05
3 0 4.1 -.25 7.5 3.85 -.25 7.2 4.35 -.25 7.4
3 0 5.8 -.25 7.5 4.35 -.25 7.4 5 -.25 7.4
3 0 5.8 -.25 7.5 4.1 -.25 7.5 4.35 -.25 7.4
3 0 5.8 -.25 7.5 5 -.25 7.4 5.3 -.25 7
3 0 5 -.25 7.4 5.1 -.25 7.15 5.3 -.25 7
3 0 5.8 -.25 7.5 5.3 -.25 7 6.3 -.25 6.85
3 0 5.8 -.25 7.5 6.3 -.25 6.85 6.1 -.25 7.2
3 0 5.3 -.25 7 6.45 -.25 6.45 6.3 -.25 6.85
3 0 5.3 -.25 7 5.7 -.25 6.6 6.45 -.25 6.45
3 0 5.7 -.25 6.6 5.85 -.25 6.35 6.45 -.25 6.45
3 0 6.45 -.25 6.45 5.85 -.25 6.35 6.65 -.25 6
3 0 5.85 -.25 6.35 5.9 -.25 6.05 6.65 -.25 6
3 0 5.9 -.25 6.05 6.1 -.25 5.75 6.65 -.25 6
3 0 6.65 -.25 6 6.1 -.25 5.75 6.5 -.25 4.65
3 0 6.1 -.25 5.75 6.15 -.25 5.35 6.5 -.25 4.65
3 0 5.8 -.25 5.7 5.9 -.25 5.35 6.5 -.25 4.65
3 0 5.8 -.25 5.7 6.5 -.25 4.65 6.15 -.25 5.35
3 0 5.3 -.25 6.05 5.9 -.25 5.35 5.8 -.25 5.7
3 0 5.3 -.25 6.05 5.2 -.25 5.85 5.9 -.25 5.35
3 0 4.8 -.25 6.35 5.2 -.25 5.85 5.3 -.25 6.05
3 0 4.8 -.25 6.35 4.65 -.25 6.2 5.2 -.25 5.85
3 0 4.85 -.25 6.8 4.4 -.25 6.55 4.65 -.25 6.2
3 0 4.85 -.25 6.8 4.65 -.25 6.2 4.8 -.25 6.35
3 0 5.1 -.25 7.15 4.85 -.25 6.8 4.8 -.25 6.35
3 0 5.1 -.25 7.15 4.8 -.25 6.35 5.1 -.25 6.7
3 0 5.1 -.25 7.15 5.1 -.25 6.7 5.3 -.25 7
3 0 4.1 -.25 6.75 4.1 -.25 5.9 4.35 -.25 6.25
3 0 4.1 -.25 6.75 3.85 -.25 6.45 4.1 -.25 5.9
3 0 4.1 -.25 6.75 4.65 -.25 6.2 4.4 -.25 6.55
3 0 4.1 -.25 6.75 4.35 -.25 6.25 4.65 -.25 6.2
3 0 -3.3 -.25 5.9 -3.95 -.25 5.6 -4.25 -.25 5.15
3 0 -3.3 -.25 5.9 -4.25 -.25 5.15 -3.05 -.25 5.6
3 0 -1.55 -.25 6.15 -3.3 -.25 5.9 -3.05 -.25 5.6
3 0 -2.35 -.25 6.3 -3.3 -.25 5.9 -1.55 -.25 6.15
3 0 -1.25 -.25 6.7 -2.35 -.25 6.3 -.55 -.25 6.5
3 0 -.55 -.25 6.5 -2.35 -.25 6.3 -1.55 -.25 6.15
3 0 -.4 -.25 6.95 -1.25 -.25 6.7 .4 -.25 6.75
3 0 .4 -.25 6.75 -1.25 -.25 6.7 -.55 -.25 6.5
3 0 .45 -.25 7.15 -.4 -.25 6.95 1.15 -.25 6.9
3 0 -.4 -.25 6.95 .4 -.25 6.75 1.15 -.25 6.9
3 0 .45 -.25 7.15 1.15 -.25 6.9 2 -.25 6.9
3 0 1.75 -.25 7.25 .45 -.25 7.15 2 -.25 6.9
3 0 1.75 -.25 7.25 2 -.25 6.9 2.9 -.25 6.8
3 0 1.75 -.25 7.25 2.9 -.25 6.8 2.55 -.25 7.2
3 0 2.55 -.25 7.2 3.45 -.25 6.6 3.1 -.25 7.05
3 0 2.55 -.25 7.2 2.9 -.25 6.8 3.45 -.25 6.6
3 0 -4.1 -.25 4.85 -4.8 -.25 4.7 -5.3 -.25 3.95
3 0 -4.1 -.25 4.85 -5.3 -.25 3.95 -4.75 -.25 4.3
3 0 -4.1 -.25 4.85 -4.75 -.25 4.3 -3.95 -.25 4.65
3 0 -2.85 -.25 5.2 -3.95 -.25 4.65 -2.9 -.25 4.9
3 0 -2.85 -.25 5.2 -4.1 -.25 4.85 -3.95 -.25 4.65
3 0 -1.35 -.25 5.4 -2.9 -.25 4.9 -1.55 -.25 5.1
3 0 -1.35 -.25 5.4 -2.85 -.25 5.2 -2.9 -.25 4.9
3 0 .05 -.25 5.6 -1.55 -.25 5.1 -.05 -.25 5.3
3 0 .05 -.25 5.6 -1.35 -.25 5.4 -1.55 -.25 5.1
3 0 1.45 -.25 5.8 .05 -.25 5.6 -.05 -.25 5.3
3 0 1.45 -.25 5.8 -.05 -.25 5.3 1.35 -.25 5.5
3 0 2.55 -.25 6 1.35 -.25 5.5 2.6 -.25 5.75
3 0 2.55 -.25 6 1.45 -.25 5.8 1.35 -.25 5.5
3 0 3.2 -.25 6.15 2.6 -.25 5.75 3.5 -.25 5.9
3 0 3.2 -.25 6.15 2.55 -.25 6 2.6 -.25 5.75
3 0 3.85 -.25 6.45 3.2 -.25 6.15 4.1 -.25 5.9
3 0 3.2 -.25 6.15 3.5 -.25 5.9 4.1 -.25 5.9
3 0 4.1 -.25 5.9 3.5 -.25 5.9 3.75 -.25 5.65
3 0 3.5 -.25 5.9 2.95 -.25 5.6 3.75 -.25 5.65
3 0 3.75 -.25 5.65 2.95 -.25 5.6 2.9 -.25 5.3
3 0 2.95 -.25 5.6 1.75 -.25 5.2 1.8 -.25 5
3 0 2.95 -.25 5.6 1.8 -.25 5 2.9 -.25 5.3
3 0 1.75 -.25 5.2 .35 -.25 4.95 1.8 -.25 5
3 0 1.8 -.25 5 .35 -.25 4.95 .6 -.25 4.75
3 0 .35 -.25 4.95 -1.1 -.25 4.75 .6 -.25 4.75
3 0 .6 -.25 4.75 -1.1 -.25 4.75 -.75 -.25 4.6
3 0 -1.1 -.25 4.75 -2.5 -.25 4.6 -.75 -.25 4.6
3 0 -.75 -.25 4.6 -2.5 -.25 4.6 -2 -.25 4.45
3 0 -2 -.25 4.45 -3.7 -.25 4.35 -3.25 -.25 4.2
3 0 -2.5 -.25 4.6 -3.7 -.25 4.35 -2 -.25 4.45
3 0 -3.25 -.25 4.2 -4.55 -.25 4.05 -4.1 -.25 3.9
3 0 -3.7 -.25 4.35 -4.55 -.25 4.05 -3.25 -.25 4.2
3 0 -4.55 -.25 4.05 -5 -.25 3.75 -4.1 -.25 3.9
3 0 -4.1 -.25 3.9 -5 -.25 3.75 -4.6 -.25 3.6
3 0 -5 -.25 3.75 -5.35 -.25 3.4 -5.65 -.25 2.9
3 0 -5 -.25 3.75 -5.65 -.25 2.9 -4.6 -.25 3.6
3 0 -4.6 -.25 3.6 -5.85 -.25 2.45 -5.4 -.25 2.05
3 0 -4.6 -.25 3.6 -5.65 -.25 2.9 -5.85 -.25 2.45
3 0 -5.65 -.25 3.25 -5.85 -.25 2.45 -5.65 -.25 2.9
3 0 -5.65 -.25 3.25 -6.15 -.25 2.95 -5.85 -.25 2.45
3 0 -.35 -.25 4.25 -1.7 -.25 4.05 -1.3 -.25 3.55
3 0 -.35 -.25 4.25 -1.3 -.25 3.55 -.85 -.25 3.7
3 0 -.35 -.25 4.25 -.85 -.25 3.7 -.35 -.25 3.8
3 0 .85 -.25 4.4 -.35 -.25 3.8 .65 -.25 3.9
3 0 .85 -.25 4.4 -.35 -.25 4.25 -.35 -.25 3.8
3 0 2.15 -.25 4.7 .65 -.25 3.9 1.75 -.25 4.1
3 0 2.15 -.25 4.7 .85 -.25 4.4 .65 -.25 3.9
3 0 3.45 -.25 5 1.75 -.25 4.1 2.85 -.25 4.4
3 0 3.45 -.25 5 2.15 -.25 4.7 1.75 -.25 4.1
3 0 4.15 -.25 5.3 3.45 -.25 5 2.85 -.25 4.4
3 0 4.15 -.25 5.3 2.85 -.25 4.4 3.75 -.25 4.75
3 0 4.5 -.25 5.5 4.15 -.25 5.3 4.95 -.25 5.1
3 0 4.15 -.25 5.3 4.4 -.25 4.8 4.95 -.25 5.1
3 0 4.95 -.25 5.1 4.95 -.25 4.65 5.4 -.25 4.2
3 0 4.95 -.25 5.1 5.4 -.25 4.2 5.4 -.25 4.55
3 0 5.4 -.25 4.55 5.85 -.25 3.7 6 -.25 3.9
3 0 5.4 -.25 4.55 5.4 -.25 4.2 5.85 -.25 3.7
3 0 6 -.25 3.9 6.35 -.25 3 6.4 -.25 3.35
3 0 6 -.25 3.9 5.85 -.25 3.7 6.35 -.25 3
3 0 6.4 -.25 3.35 6.7 -.25 2.4 6.7 -.25 2.85
3 0 6.4 -.25 3.35 6.35 -.25 3 6.7 -.25 2.4
3 0 6.7 -.25 2.85 7 -.25 1.75 6.95 -.25 2.45
3 0 6.7 -.25 2.85 6.7 -.25 2.4 7 -.25 1.75
3 0 6.95 -.25 2.45 7 -.25 1.75 7.2 -.25 2.1
3 0 7.2 -.25 2.1 7.05 -.25 1.15 7.8 -.25 1.4
3 0 7.2 -.25 2.1 7 -.25 1.75 7.05 -.25 1.15
3 0 4.95 -.25 5.1 4.4 -.25 4.8 4.7 -.25 4.6
3 0 4.95 -.25 5.1 4.7 -.25 4.6 4.95 -.25 4.65
3 0 4.95 -.25 4.65 4.7 -.25 4.6 4.85 -.25 3.95
3 0 4.95 -.25 4.65 4.85 -.25 3.95 5.05 -.25 4
3 0 4.85 -.25 3.95 5.15 -.25 3.15 5.4 -.25 3.15
3 0 5.05 -.25 4 4.85 -.25 3.95 5.4 -.25 3.15
3 0 5.4 -.25 3.15 5.15 -.25 3.15 5.8 -.25 2.55
3 0 5.15 -.25 3.15 5.65 -.25 2.3 5.8 -.25 2.55
3 0 5.8 -.25 2.55 6.05 -.25 1.65 6.3 -.25 1.75
3 0 5.8 -.25 2.55 5.65 -.25 2.3 6.05 -.25 1.65
3 0 6.05 -.25 1.65 6.35 -.25 1.05 6.55 -.25 1.25
3 0 6.3 -.25 1.75 6.05 -.25 1.65 6.55 -.25 1.25
3 0 6.55 -.25 1.25 6.35 -.25 1.05 6.7 -.25 .95
3 0 6.35 -.25 1.05 6.75 -.25 .65 6.7 -.25 .95
3 0 6.35 -.25 1.05 6.45 -.25 .6 6.75 -.25 .65
3 0 6.75 -.25 .65 6.45 -.25 .6 7.4 -.25 -.1
3 0 6.45 -.25 .6 6.5 -.25 .2 7.4 -.25 -.1
3 0 6.75 -.25 .65 7.4 -.25 -.1 6.95 -.25 .6
3 0 7 -.25 .85 6.95 -.25 .6 7.4 -.25 -.1
3 0 7 -.25 .85 7.4 -.25 -.1 7.55 -.25 .6
3 0 7.8 -.25 1.4 7.05 -.25 1.15 7 -.25 .85
3 0 7.8 -.25 1.4 7 -.25 .85 7.55 -.25 .6
3 0 6.5 -.25 .2 6.45 -.25 -.35 7.4 -.25 -.1
3 0 7.4 -.25 -.1 6.45 -.25 -.35 7.15 -.25 -.75
3 0 6.2 -.25 -.3 7.15 -.25 -.75 6.45 -.25 -.35
3 0 6.2 -.25 -.3 6.05 -.25 -.45 7.15 -.25 -.75
3 0 7.15 -.25 -.75 6.05 -.25 -.8 6.8 -.25 -1.4
3 0 6.05 -.25 -.45 6.05 -.25 -.8 7.15 -.25 -.75
3 0 6.05 -.25 -.8 6.5 -.25 -2 6.8 -.25 -1.4
3 0 6.05 -.25 -.8 6.05 -.25 -1.5 6.5 -.25 -2
3 0 5.85 -.25 -1.65 6.1 -.25 -2.35 6.5 -.25 -2
3 0 6.05 -.25 -1.5 5.85 -.25 -1.65 6.5 -.25 -2
3 0 5.7 -.25 -1.6 6.1 -.25 -2.35 5.85 -.25 -1.65
3 0 5.7 -.25 -1.6 5.6 -.25 -2.55 6.1 -.25 -2.35
3 0 6.15 -.25 .25 6.05 -.25 -.45 6.2 -.25 -.3
3 0 6.15 -.25 .25 5.8 -.25 -.45 6.05 -.25 -.45
3 0 5.3 -.25 .65 6.15 -.25 .25 6.05 -.25 .6
3 0 5.6 -.25 1.35 6.05 -.25 .6 5.9 -.25 1
3 0 5.6 -.25 1.35 5.3 -.25 .65 6.05 -.25 .6
3 0 5.2 -.25 1.8 5.3 -.25 .65 5.6 -.25 1.35
3 0 5.2 -.25 1.8 4.8 -.25 1.25 5.3 -.25 .65
3 0 4.65 -.25 2.5 4.8 -.25 1.25 5.2 -.25 1.8
3 0 4.65 -.25 2.5 4.3 -.25 1.95 4.8 -.25 1.25
3 0 4.2 -.25 3.25 3.7 -.25 2.85 4.3 -.25 1.95
3 0 4.2 -.25 3.25 4.3 -.25 1.95 4.65 -.25 2.5
3 0 3.75 -.25 4.05 3.7 -.25 2.85 4.2 -.25 3.25
3 0 3.75 -.25 4.05 3.25 -.25 3.6 3.7 -.25 2.85
3 0 3.6 -.25 4.4 3.25 -.25 3.6 3.75 -.25 4.05
3 0 3.6 -.25 4.4 3.25 -.25 4.15 3.25 -.25 3.6
3 0 3.75 -.25 4.75 3.6 -.25 4.4 3.75 -.25 4.05
3 0 3.75 -.25 4.75 3.75 -.25 4.05 4.25 -.25 4.55
3 0 4.15 -.25 5.3 3.75 -.25 4.75 4.25 -.25 4.55
3 0 4.15 -.25 5.3 4.25 -.25 4.55 4.4 -.25 4.8
3 0 -1.3 -.25 3.55 -2.2 -.25 2.9 -1.75 -.25 2.9
3 0 -1.7 -.25 4.05 -2.2 -.25 2.9 -1.3 -.25 3.55
3 0 -1.3 -.25 3.55 -.05 -.25 2.8 -.6 -.25 3.45
3 0 -1.3 -.25 3.55 -1.75 -.25 2.9 -.05 -.25 2.8
3 0 -.6 -.25 3.45 -.05 -.25 2.8 1 -.25 2.65
3 0 -.6 -.25 3.45 1 -.25 2.65 .2 -.25 3.35
3 0 .9 -.25 3.4 .2 -.25 3.35 1 -.25 2.65
3 0 .9 -.25 3.4 1 -.25 2.65 1.8 -.25 2.95
3 0 1.55 -.25 3.5 .9 -.25 3.4 1.8 -.25 2.95
3 0 2.35 -.25 2.75 1 -.25 2.65 2 -.25 2.45
3 0 1.8 -.25 2.95 1 -.25 2.65 2.35 -.25 2.75
3 0 2.35 -.25 2.75 2 -.25 2.45 2.65 -.25 2.2
3 0 2.35 -.25 2.75 2.65 -.25 2.2 2.75 -.25 2.55
3 0 2.75 -.25 2.55 3.1 -.25 1.85 3.15 -.25 2.2
3 0 2.75 -.25 2.55 2.65 -.25 2.2 3.1 -.25 1.85
3 0 3.15 -.25 2.2 3.45 -.25 1.4 3.4 -.25 1.8
3 0 3.15 -.25 2.2 3.1 -.25 1.85 3.45 -.25 1.4
3 0 2.5 -.25 3.8 1.8 -.25 2.95 2.5 -.25 3.25
3 0 2.5 -.25 3.8 1.55 -.25 3.5 1.8 -.25 2.95
3 0 3.25 -.25 4.15 2.5 -.25 3.8 2.5 -.25 3.25
3 0 3.25 -.25 4.15 2.5 -.25 3.25 3.25 -.25 3.6
3 0 -4.6 -.25 3.6 -5.5 -.25 1.4 -4.7 -.25 2.3
3 0 -4.6 -.25 3.6 -5.4 -.25 2.05 -5.5 -.25 1.4
3 0 -4.6 -.25 3.6 -4.7 -.25 2.3 -3.8 -.25 2.65
3 0 -3.8 -.25 2.65 -4.7 -.25 2.3 -4.25 -.25 2.4
3 0 -4.6 -.25 3.6 -3.8 -.25 2.65 -3.25 -.25 2.85
3 0 -3.85 -.25 3.65 -4.6 -.25 3.6 -3.25 -.25 2.85
3 0 -3 -.25 3.8 -3.85 -.25 3.65 -2.75 -.25 2.9
3 0 -3.85 -.25 3.65 -3.25 -.25 2.85 -2.75 -.25 2.9
3 0 -1.7 -.25 4.05 -3 -.25 3.8 -2.2 -.25 2.9
3 0 -3 -.25 3.8 -2.75 -.25 2.9 -2.2 -.25 2.9
3 0 -4.7 -.25 2.3 -5.5 -.25 1.4 -5.6 -.25 .75
3 0 -5 -.25 -.25 -5.95 -.25 -.9 -5.2 -.25 -1
3 0 -5.95 -.25 -.9 -5.25 -.25 -1.8 -5.2 -.25 -1
3 0 -5.95 -.25 -.9 -5.9 -.25 -2.05 -5.25 -.25 -1.8
3 0 -5.25 -.25 -1.8 -5.7 -.25 -2.6 -5.2 -.25 -2.2
3 0 -5.25 -.25 -1.8 -5.9 -.25 -2.05 -5.7 -.25 -2.6
3 0 -5.2 -.25 -2.2 -5.3 -.25 -3.2 -5 -.25 -2.6
3 0 -5.2 -.25 -2.2 -5.7 -.25 -2.6 -5.3 -.25 -3.2
3 0 -5 -.25 -2.6 -4.8 -.25 -3.65 -4.7 -.25 -2.9
3 0 -5 -.25 -2.6 -5.3 -.25 -3.2 -4.8 -.25 -3.65
3 0 -4.7 -.25 -2.9 -4.3 -.25 -3.9 -4.35 -.25 -3.15
3 0 -4.7 -.25 -2.9 -4.8 -.25 -3.65 -4.3 -.25 -3.9
3 0 -4.35 -.25 -3.15 -4.3 -.25 -3.9 -3.65 -.25 -4
3 0 -4.35 -.25 -3.15 -3.65 -.25 -4 -3.85 -.25 -3.35
3 0 -3.85 -.25 -3.35 2.6 -.25 -4.9 2.7 -.25 -4.35
3 0 -3.85 -.25 -3.35 -3.65 -.25 -4 2.6 -.25 -4.9
3 0 3.2 -.25 -4.35 2.7 -.25 -4.35 2.6 -.25 -4.9
3 0 3.2 -.25 -4.35 2.6 -.25 -4.9 3.25 -.25 -4.95
3 0 3.6 -.25 -4.25 3.25 -.25 -4.95 4.05 -.25 -4.8
3 0 3.6 -.25 -4.25 3.2 -.25 -4.35 3.25 -.25 -4.95
3 0 4 -.25 -4.1 4.05 -.25 -4.8 4.45 -.25 -4.6
3 0 4 -.25 -4.1 3.6 -.25 -4.25 4.05 -.25 -4.8
3 0 4.35 -.25 -3.85 4.45 -.25 -4.6 4.8 -.25 -4.3
3 0 4.35 -.25 -3.85 4 -.25 -4.1 4.45 -.25 -4.6
3 0 4.65 -.25 -3.5 4.35 -.25 -3.85 4.8 -.25 -4.3
3 0 4.65 -.25 -3.5 4.8 -.25 -4.3 5.25 -.25 -3.75
3 0 4.9 -.25 -3.1 5.25 -.25 -3.75 5.5 -.25 -3.15
3 0 4.9 -.25 -3.1 4.65 -.25 -3.5 5.25 -.25 -3.75
3 0 4.95 -.25 -2.25 4.9 -.25 -3.1 5.5 -.25 -3.15
3 0 4.95 -.25 -2.25 5.5 -.25 -3.15 5.6 -.25 -2.55
3 0 5.7 -.25 -1.6 5 -.25 -1.6 4.95 -.25 -2.25
3 0 5.7 -.25 -1.6 4.95 -.25 -2.25 5.6 -.25 -2.55
3 0 5.1 -.25 -1.1 5 -.25 -1.6 5.75 -.25 -1.15
3 0 5.75 -.25 -1.15 5 -.25 -1.6 5.7 -.25 -1.6
3 0 5.2 -.25 -.3 5.75 -.25 -1.15 5.8 -.25 -.45
3 0 5.2 -.25 -.3 5.1 -.25 -1.1 5.75 -.25 -1.15
3 0 5.3 -.25 .65 5.2 -.25 -.3 6.15 -.25 .25
3 0 6.15 -.25 .25 5.2 -.25 -.3 5.8 -.25 -.45
3 14 2.5 -.25 3.25 1.8 -.25 2.95 2.35 -.25 2.75
3 14 3.25 -.25 3.6 2.5 -.25 3.25 2.35 -.25 2.75
3 14 3.25 -.25 3.6 2.35 -.25 2.75 2.75 -.25 2.55
3 14 3.25 -.25 3.6 3.15 -.25 2.2 3.7 -.25 2.85
3 14 3.25 -.25 3.6 2.75 -.25 2.55 3.15 -.25 2.2
3 14 3.7 -.25 2.85 3.15 -.25 2.2 3.4 -.25 1.8
3 14 3.7 -.25 2.85 3.4 -.25 1.8 4.3 -.25 1.95
3 14 4.3 -.25 1.95 3.4 -.25 1.8 4.8 -.25 1.25
3 14 3.4 -.25 1.8 3.45 -.25 1.4 4.8 -.25 1.25
3 14 4.8 -.25 1.25 3.3 -.25 .65 5.2 -.25 -.3
3 14 4.8 -.25 1.25 5.2 -.25 -.3 5.3 -.25 .65
3 14 3.3 -.25 .65 5.1 -.25 -1.1 5.2 -.25 -.3
3 14 3.3 -.25 .65 2.95 -.25 .5 5.1 -.25 -1.1
3 14 -4.25 -.25 2.4 -4.7 -.25 2.3 -2.85 -.25 1.6
3 14 -4.7 -.25 2.3 -4.8 -.25 1.3 -2.85 -.25 1.6
3 14 -3.8 -.25 2.65 -4.25 -.25 2.4 -2.65 -.25 2.35
3 14 -4.25 -.25 2.4 -2.85 -.25 1.6 -2.65 -.25 2.35
3 14 -2.75 -.25 2.9 -3.25 -.25 2.85 -3.8 -.25 2.65
3 14 -2.75 -.25 2.9 -3.8 -.25 2.65 -2.65 -.25 2.35
3 14 -2.75 -.25 2.9 -2.65 -.25 2.35 -2.45 -.25 2.65
3 14 -2.2 -.25 2.9 -2.75 -.25 2.9 -2.45 -.25 2.65
3 14 -2.65 -.25 2.35 -2.85 -.25 1.6 -2.5 -.25 2.3
3 14 -2.5 -.25 2.3 -2.85 -.25 1.6 -2.1 -.25 1.65
3 14 -2.1 -.25 1.65 -2.85 -.25 1.6 -2.5 -.25 1.55
3 14 -2.15 -.25 2.6 -2.5 -.25 2.3 -1.55 -.25 1.7
3 14 -2.5 -.25 2.3 -2.1 -.25 1.65 -1.55 -.25 1.7
3 14 -1.75 -.25 2.9 -2.15 -.25 2.6 -.9 -.25 1.7
3 14 -2.15 -.25 2.6 -1.55 -.25 1.7 -.9 -.25 1.7
3 14 -1.75 -.25 2.9 -.5 -.25 1.65 -.05 -.25 2.8
3 14 -1.75 -.25 2.9 -.9 -.25 1.7 -.5 -.25 1.65
3 14 -.05 -.25 2.8 -.5 -.25 1.65 1 -.25 2.65
3 14 1 -.25 2.65 -.3 -.25 1.4 1 -.25 1.3
3 14 1 -.25 2.65 -.5 -.25 1.65 -.3 -.25 1.4
3 14 1 -.25 2.65 1 -.25 1.3 2 -.25 2.45
3 14 2 -.25 2.45 1 -.25 1.3 1.25 -.25 1.35
3 14 2 -.25 2.45 1.25 -.25 1.35 1.55 -.25 1.35
3 14 2 -.25 2.45 1.95 -.25 1.25 2.65 -.25 2.2
3 14 2 -.25 2.45 1.55 -.25 1.35 1.95 -.25 1.25
3 14 2.65 -.25 2.2 1.95 -.25 1.25 2.55 -.25 1
3 14 1.95 -.25 1.25 2.25 -.25 1.05 2.55 -.25 1
3 14 2.65 -.25 2.2 2.55 -.25 1 3.1 -.25 1.85
3 14 3.1 -.25 1.85 2.55 -.25 1 3.45 -.25 1.4
3 14 3.45 -.25 1.4 2.55 -.25 1 2.9 -.25 .8
3 14 3.45 -.25 1.4 2.9 -.25 .8 4.8 -.25 1.25
3 14 4.8 -.25 1.25 2.9 -.25 .8 3.3 -.25 .65
3 14 -.3 -.25 1.4 1.3 -.25 1.15 1 -.25 1.3
3 14 -.3 -.25 1.4 1.2 -.25 .85 1.3 -.25 1.15
3 14 1.3 -.25 1.15 1.2 -.25 .85 1.45 -.25 1
3 14 -.8 -.25 1.4 -.7 -.25 1.1 1.2 -.25 .85
3 14 -.3 -.25 1.4 -.8 -.25 1.4 1.2 -.25 .85
3 14 -.7 -.25 1.1 -.7 -.25 .75 1.2 -.25 .85
3 14 1.2 -.25 .85 -.7 -.25 .75 1.05 -.25 .55
3 14 1.05 -.25 .55 -.8 -.25 .45 1.05 -.25 .2
3 14 -.7 -.25 .75 -.8 -.25 .45 1.05 -.25 .55
3 14 1.05 -.25 .2 -.2 -.25 -1.2 1.2 -.25 -.05
3 14 1.2 -.25 -.05 -.2 -.25 -1.2 .25 -.25 -1.15
3 14 1.2 -.25 -.05 .25 -.25 -1.15 1.45 -.25 -.25
3 14 1.45 -.25 -.25 .25 -.25 -1.15 .95 -.25 -1.2
3 14 1.75 -.25 -.3 .95 -.25 -1.2 1.35 -.25 -1.35
3 14 1.45 -.25 -.25 .95 -.25 -1.2 1.75 -.25 -.3
3 14 2.05 -.25 -.15 1.75 -.25 -.3 1.35 -.25 -1.35
3 14 2.05 -.25 -.15 1.35 -.25 -1.35 1.6 -.25 -1.6
3 14 2.3 -.25 .6 5 -.25 -1.6 2.7 -.25 .5
3 14 2.3 -.25 .6 2.3 -.25 .35 5 -.25 -1.6
3 14 2.95 -.25 .5 2.7 -.25 .5 5 -.25 -1.6
3 14 2.95 -.25 .5 5 -.25 -1.6 5.1 -.25 -1.1
3 14 -1 -.25 .25 -.8 -.25 -.9 -.5 -.25 -1
3 14 -.8 -.25 .45 -1 -.25 .25 -.5 -.25 -1
3 14 -.8 -.25 .45 -.5 -.25 -1 1.05 -.25 .2
3 14 1.05 -.25 .2 -.5 -.25 -1 -.2 -.25 -1.2
3 14 -1 -.25 .25 -1.35 -.25 .2 -.8 -.25 -.9
3 14 -1.35 -.25 .2 -1.1 -.25 -.9 -.8 -.25 -.9
3 14 -1.65 -.25 .3 -1.1 -.25 -.9 -1.35 -.25 .2
3 14 -1.65 -.25 .3 -1.35 -.25 -.95 -1.1 -.25 -.9
3 14 -1.65 -.25 .3 -5 -.25 -.25 -1.35 -.25 -.95
3 14 -5 -.25 -.25 -1.7 -.25 -1.15 -1.35 -.25 -.95
3 14 -1.8 -.25 .6 -4.9 -.25 .45 -1.65 -.25 .3
3 14 -4.9 -.25 .45 -5 -.25 -.25 -1.65 -.25 .3
3 14 -1.85 -.25 .85 -4.9 -.25 .45 -1.8 -.25 .6
3 14 -2.65 -.25 1.3 -4.9 -.25 .45 -1.85 -.25 .85
3 14 -2.65 -.25 1.3 -1.85 -.25 .85 -2.25 -.25 1.2
3 14 -2.25 -.25 1.2 -1.85 -.25 .85 -1.8 -.25 1.1
3 14 -2.85 -.25 1.6 -4.8 -.25 1.3 -4.9 -.25 .45
3 14 -2.85 -.25 1.6 -4.9 -.25 .45 -2.65 -.25 1.3
3 14 2.05 -.25 -.15 1.7 -.25 -2.05 5 -.25 -1.6
3 14 2.05 -.25 -.15 1.6 -.25 -1.6 1.7 -.25 -2.05
3 14 2.25 -.25 .1 2.05 -.25 -.15 5 -.25 -1.6
3 14 2.3 -.25 .35 2.25 -.25 .1 5 -.25 -1.6
3 14 5 -.25 -1.6 1.7 -.25 -2.75 4.95 -.25 -2.25
3 14 5 -.25 -1.6 1.7 -.25 -2.05 1.7 -.25 -2.75
3 14 4.95 -.25 -2.25 4.65 -.25 -3.5 4.9 -.25 -3.1
3 14 4.95 -.25 -2.25 1.7 -.25 -2.75 4.65 -.25 -3.5
3 14 4.65 -.25 -3.5 4 -.25 -4.1 4.35 -.25 -3.85
3 14 1.7 -.25 -2.75 4 -.25 -4.1 4.65 -.25 -3.5
3 14 4 -.25 -4.1 3.2 -.25 -4.35 3.6 -.25 -4.25
3 14 1.7 -.25 -2.75 3.2 -.25 -4.35 4 -.25 -4.1
3 14 1.6 -.25 -2.95 2.7 -.25 -4.35 3.2 -.25 -4.35
3 14 1.7 -.25 -2.75 1.6 -.25 -2.95 3.2 -.25 -4.35
3 14 1.6 -.25 -2.95 1.45 -.25 -3.1 2.7 -.25 -4.35
3 14 -5 -.25 -.25 -5.2 -.25 -1 -1.95 -.25 -1.5
3 14 -5 -.25 -.25 -1.95 -.25 -1.5 -1.7 -.25 -1.15
3 14 -5.2 -.25 -1 -5.25 -.25 -1.8 -1.95 -.25 -1.5
3 14 -1.95 -.25 -1.5 -5.25 -.25 -1.8 -2.1 -.25 -1.9
3 14 -5.25 -.25 -1.8 -2.15 -.25 -2.25 -2.1 -.25 -1.9
3 14 -5.25 -.25 -1.8 -5 -.25 -2.6 -2.15 -.25 -2.25
3 14 -5.25 -.25 -1.8 -5.2 -.25 -2.2 -5 -.25 -2.6
3 14 -2.15 -.25 -2.25 -5 -.25 -2.6 -4.35 -.25 -3.15
3 14 -5 -.25 -2.6 -4.7 -.25 -2.9 -4.35 -.25 -3.15
3 14 -2.15 -.25 -2.25 -4.35 -.25 -3.15 -2.1 -.25 -2.45
3 14 -2.1 -.25 -2.45 -4.35 -.25 -3.15 -3.85 -.25 -3.35
3 14 -2.1 -.25 -2.45 -3.85 -.25 -3.35 -1.9 -.25 -2.6
3 14 -1.9 -.25 -2.6 -3.85 -.25 -3.35 -1.2 -.25 -2.65
3 14 -1.2 -.25 -2.65 .3 -.25 -2.75 0 -.25 -2.7
3 14 -1.2 -.25 -2.65 -3.85 -.25 -3.35 .3 -.25 -2.75
3 14 .3 -.25 -2.75 -3.85 -.25 -3.35 .6 -.25 -2.9
3 14 .6 -.25 -2.9 -3.85 -.25 -3.35 .8 -.25 -3
3 14 .8 -.25 -3 -3.85 -.25 -3.35 1.15 -.25 -3.1
3 14 1.15 -.25 -3.1 -3.85 -.25 -3.35 2.7 -.25 -4.35
3 14 1.45 -.25 -3.1 1.15 -.25 -3.1 2.7 -.25 -4.35
3 0 6.65 -.25 6 6.95 -.25 3.95 12.45 -.25 5.075
3 0 6.65 -.25 6 6.5 -.25 4.65 6.95 -.25 3.95
3 0 12.45 -.25 5.075 6.95 -.25 3.95 7.2 -.25 3.25
3 0 12.45 -.25 5.075 7.2 -.25 2.1 7.8 -.25 1.4
3 0 12.45 -.25 5.075 7.25 -.25 2.65 7.2 -.25 2.1
3 0 12.45 -.25 5.075 7.2 -.25 3.25 7.25 -.25 2.65
3 15 13.45 -.25 7.5 5.8 -.25 7.5 6.1 -.25 7.2
3 15 13.45 -.25 7.5 6.1 -.25 7.2 6.3 -.25 6.85
3 15 13.45 -.25 7.5 6.3 -.25 6.85 6.45 -.25 6.45
3 15 6.45 -.25 6.45 6.65 -.25 6 12.45 -.25 5.075
3 15 13.45 -.25 7.5 6.45 -.25 6.45 12.45 -.25 5.075
3 15 -17.5 -.25 6.5 -17.5 -.25 2.55 -16.6 -.25 3.975
3 15 -16.5 -.25 7.5 -16.6 -.25 3.975 -15.675 -.25 5.425
3 15 -16.5 -.25 7.5 -17.5 -.25 6.5 -16.6 -.25 3.975
3 15 -16.5 -.25 7.5 -15.675 -.25 5.425 -15.275 -.25 5.925
3 15 -16.5 -.25 7.5 -15.275 -.25 5.925 -13.725 -.25 5.675
3 15 -10.6 -.25 7.5 -16.5 -.25 7.5 -13.725 -.25 5.675
3 73 -17.5 -.25 -6.5 -16.5 -.25 -7.5 -15.2 -.25 -7.5
3 73 -17.5 -.25 1 -17.5 -.25 -6.5 -15.2 -.25 -7.5
3 0 16.275 -.25 1.25 15.625 -.25 -7.5 16.275 -.25 -7.5
3 0 16.275 -.25 1.25 15.625 -.25 -5.775 15.625 -.25 -7.5
3 71 15.325 -.25 -6.475 15 -.25 -7.5 15.625 -.25 -7.5
3 71 15.625 -.25 -5.775 15.325 -.25 -6.475 15.625 -.25 -7.5
3 15 16.275 -.25 1.25 16.275 -.25 -7.5 16.5 -.25 -7.5
3 15 16.275 -.25 1.25 16.5 -.25 -7.5 17.5 -.25 -6.5
3 15 17.5 -.25 6.5 16.275 -.25 1.25 17.5 -.25 -6.5
3 0 16.5 -.25 7.5 14.75 -.25 1.475 17.2071 -.25 7.2071
3 0 16.5 -.25 7.5 12.45 -.25 5.075 14.75 -.25 1.475
3 0 13.45 -.25 7.5 12.45 -.25 5.075 16.5 -.25 7.5
3 15 17.2071 -.25 7.2071 14.75 -.25 1.475 16.275 -.25 1.25
3 15 17.2071 -.25 7.2071 16.275 -.25 1.25 17.5 -.25 6.5
3 0 -5.75 -.25 4.45 -5.55 -.25 3.6 -5.3 -.25 3.95
3 0 -4.8 -.25 4.7 -5.75 -.25 4.45 -5.3 -.25 3.95
3 0 -5.6 -.25 .75 -5.65 -.25 .35 -4.9 -.25 .45
3 0 -4.8 -.25 1.3 -5.6 -.25 .75 -4.9 -.25 .45
3 0 -4.7 -.25 2.3 -5.6 -.25 .75 -4.8 -.25 1.3
3 484 2.9 -.25 6.8 3.2 -.25 6.15 3.45 -.25 6.6
3 484 3.45 -.25 6.6 3.2 -.25 6.15 3.85 -.25 6.45
3 0 -4.9 -.25 .45 -5.65 -.25 .35 -5 -.25 -.25

1 16 16.5 0 6.5 1 0 0 0 -1 0 0 0 1 1-4chrd.dat
1 16 16.5 0 -6.5 0 0 1 0 -1 0 -1 0 0 1-4chrd.dat
1 16 -16.5 0 -6.5 -1 0 0 0 -1 0 0 0 -1 1-4chrd.dat
1 16 -16.5 0 6.5 0 0 -1 0 -1 0 1 0 0 1-4chrd.dat
4 16 16.5 0 -7.5 -16.5 0 -7.5 -17.5 0 -6.5 17.5 0 -6.5
4 16 17.5 0 6.5 17.5 0 -6.5 -17.5 0 -6.5 -17.5 0 6.5
4 16 17.5 0 6.5 -17.5 0 6.5 -16.5 0 7.5 16.5 0 7.5

1 16 16.5 -.25 6.5 1 0 0 0 .25 0 0 0 1 1-4cyli.dat
1 16 -16.5 -.25 6.5 0 0 -1 0 .25 0 1 0 0 1-4cyli.dat
1 16 -16.5 -.25 -6.5 -1 0 0 0 .25 0 0 0 -1 1-4cyli.dat
1 16 16.5 -.25 -6.5 0 0 1 0 .25 0 -1 0 0 1-4cyli.dat
4 16 16.5 -.25 -7.5 -16.5 -.25 -7.5 -16.5 0 -7.5 16.5 0 -7.5
4 16 17.5 -.25 6.5 17.5 -.25 -6.5 17.5 0 -6.5 17.5 0 6.5
4 16 -16.5 -.25 7.5 16.5 -.25 7.5 16.5 0 7.5 -16.5 0 7.5
4 16 -17.5 -.25 -6.5 -17.5 -.25 6.5 -17.5 0 6.5 -17.5 0 -6.5
