0 Sticker  0.8 x  5.7 with Vertical Yellow "DODGE"
0 Name: 6255869i.dat
0 Author: Magnus Forsberg [MagFors]
0 !LDRAW_ORG Unofficial_Part 
0 !LICENSE Redistributable under CCAL version 2.0 : see CAreadme.txt

0 BFC CERTIFY CCW


1 16 0 -0.25 0 57 0 0 0 0.25 0 0 0 7.5 box5-12.dat
0 // D
4 14 -41.92555 -0.25 3.99936 -42.52584 -0.25 4.60249 -43.3311 -0.25 2.52503 -41.57416 -0.25 3.2622
4 14 -43.85818 -0.25 2.52503 -43.98995 -0.25 4.87055 -44.73665 -0.25 4.61366 -45.33694 -0.25 3.98819
4 14 -41.57416 -0.25 3.2622 -43.3311 -0.25 2.52503 -42.90651 -0.25 2.36867 -41.38383 -0.25 2.48594
4 14 -41.23742 -0.25 -4.75722 -42.27694 -0.25 -2.43405 -45.01483 -0.25 -2.43405 -46.05436 -0.25 -4.77956
4 14 -46.03972 -0.25 1.40812 -46.05436 -0.25 -4.77956 -45.01483 -0.25 -2.43405 -45.00751 -0.25 0.57044
4 14 -46.03972 -0.25 1.40812 -44.91235 -0.25 1.25176 -44.70737 -0.25 1.9219 -45.96651 -0.25 2.25698
4 14 -43.85818 -0.25 2.52503 -45.33694 -0.25 3.98819 -45.68833 -0.25 3.25103 -44.38527 -0.25 2.32399
3 14 -43.98995 -0.25 4.87055 -43.85818 -0.25 2.52503 -43.3311 -0.25 2.52503
4 14 -43.3311 -0.25 2.52503 -42.52584 -0.25 4.60249 -43.18469 -0.25 4.87055 -43.98995 -0.25 4.87055
4 14 -45.96651 -0.25 2.25698 -44.70737 -0.25 1.9219 -44.38527 -0.25 2.32399 -45.68833 -0.25 3.25103
3 14 -41.25206 -0.25 1.39695 -42.37943 -0.25 1.28526 -42.27694 -0.25 0.58161
4 14 -42.27694 -0.25 -2.43405 -41.23742 -0.25 -4.75722 -41.25206 -0.25 1.39695 -42.27694 -0.25 0.58161
4 14 -42.57708 -0.25 1.92749 -42.37943 -0.25 1.28526 -41.25206 -0.25 1.39695 -41.38383 -0.25 2.48594
3 14 -46.03972 -0.25 1.40812 -45.00751 -0.25 0.57044 -44.91235 -0.25 1.25176
3 14 -41.38383 -0.25 2.48594 -42.90651 -0.25 2.36867 -42.57708 -0.25 1.92749
4 0 -44.70737 -0.25 1.9219 -44.91235 -0.25 1.25176 -42.37943 -0.25 1.28526 -42.57708 -0.25 1.92749
4 0 -43.85818 -0.25 2.52503 -44.38527 -0.25 2.32399 -44.70737 -0.25 1.9219 -42.57708 -0.25 1.92749
4 0 -44.91235 -0.25 1.25176 -45.00751 -0.25 0.57044 -42.27694 -0.25 0.58161 -42.37943 -0.25 1.28526
4 0 -42.57708 -0.25 1.92749 -42.90651 -0.25 2.36867 -43.3311 -0.25 2.52503 -43.85818 -0.25 2.52503
4 0 -45.00751 -0.25 0.57044 -45.01483 -0.25 -2.43405 -42.27694 -0.25 -2.43405 -42.27694 -0.25 0.58161
0 // O
4 14 -22.03388 -0.25 2.87494 -21.59464 -0.25 2.98663 -23.51263 -0.25 3.84665 -23.79082 -0.25 2.88611
4 14 -20.7601 -0.25 2.59012 -19.44239 -0.25 2.95312 -19.66201 -0.25 3.7908 -21.21397 -0.25 2.89727
3 14 -20.48192 -0.25 2.10427 -20.24766 -0.25 1.17723 -19.22278 -0.25 1.57932
4 14 -23.35158 -0.25 -4.11693 -22.8245 -0.25 -4.78707 -21.63857 -0.25 -2.86599 -22.06316 -0.25 -2.7878
4 14 -24.05436 -0.25 1.5123 -24.05436 -0.25 -1.19062 -22.97091 -0.25 1.1884 -22.67809 -0.25 2.17128
4 14 -20.24766 -0.25 1.17723 -20.24766 -0.25 -0.95607 -19.19349 -0.25 -1.10127 -19.22278 -0.25 1.57932
3 14 -20.24766 -0.25 -0.95607 -20.48192 -0.25 -1.90544 -19.19349 -0.25 -1.10127
3 14 -22.97091 -0.25 -0.98958 -24.05436 -0.25 -1.19062 -22.73665 -0.25 -1.90544
3 14 -22.97091 -0.25 1.1884 -24.05436 -0.25 -1.19062 -22.97091 -0.25 -0.98958
3 14 -23.79082 -0.25 2.88611 -22.38527 -0.25 2.55662 -22.03388 -0.25 2.87494
4 14 -22.06316 -0.25 -2.7878 -22.38527 -0.25 -2.54208 -23.79082 -0.25 -2.91066 -23.35158 -0.25 -4.11693
4 14 -21.18469 -0.25 -2.7878 -19.86699 -0.25 -4.11693 -19.42775 -0.25 -2.84365 -20.81866 -0.25 -2.51974
4 14 -23.79082 -0.25 -2.91066 -22.38527 -0.25 -2.54208 -22.73665 -0.25 -1.90544 -24.05436 -0.25 -1.19062
4 14 -22.67809 -0.25 2.17128 -22.38527 -0.25 2.55662 -23.79082 -0.25 2.88611 -24.05436 -0.25 1.5123
4 14 -21.63857 -0.25 -5.17799 -21.06756 -0.25 -5.12215 -20.36479 -0.25 -4.72006 -21.63857 -0.25 -2.86599
4 14 -20.48192 -0.25 2.10427 -19.22278 -0.25 1.57932 -19.44239 -0.25 2.95312 -20.7601 -0.25 2.59012
3 14 -21.68249 -0.25 5.26513 -22.20957 -0.25 5.19811 -22.91235 -0.25 4.72901
4 14 -20.48192 -0.25 -1.90544 -20.81866 -0.25 -2.51974 -19.42775 -0.25 -2.84365 -19.19349 -0.25 -1.10127
4 14 -22.91235 -0.25 4.72901 -23.51263 -0.25 3.84665 -21.59464 -0.25 2.98663 -21.68249 -0.25 5.26513
4 14 -21.63857 -0.25 -5.17799 -21.63857 -0.25 -2.86599 -22.8245 -0.25 -4.78707 -22.20957 -0.25 -5.12215
4 14 -21.59464 -0.25 2.98663 -20.23302 -0.25 4.66199 -21.03828 -0.25 5.19811 -21.68249 -0.25 5.26513
4 14 -21.21397 -0.25 2.89727 -19.66201 -0.25 3.7908 -20.23302 -0.25 4.66199 -21.59464 -0.25 2.98663
4 14 -21.63857 -0.25 -2.86599 -20.36479 -0.25 -4.72006 -19.86699 -0.25 -4.11693 -21.18469 -0.25 -2.7878
4 0 -22.97091 -0.25 1.1884 -20.24766 -0.25 -0.95607 -20.24766 -0.25 1.17723 -20.48192 -0.25 2.10427
4 0 -21.21397 -0.25 2.89727 -21.59464 -0.25 2.98663 -22.03388 -0.25 2.87494 -22.38527 -0.25 2.55662
3 0 -22.73665 -0.25 -1.90544 -22.38527 -0.25 -2.54208 -20.81866 -0.25 -2.51974
3 0 -20.81866 -0.25 -2.51974 -21.63857 -0.25 -2.86599 -21.18469 -0.25 -2.7878
4 0 -22.73665 -0.25 -1.90544 -20.81866 -0.25 -2.51974 -20.48192 -0.25 -1.90544 -22.97091 -0.25 -0.98958
4 0 -21.63857 -0.25 -2.86599 -20.81866 -0.25 -2.51974 -22.38527 -0.25 -2.54208 -22.06316 -0.25 -2.7878
4 0 -22.67809 -0.25 2.17128 -22.97091 -0.25 1.1884 -20.48192 -0.25 2.10427 -22.38527 -0.25 2.55662
4 0 -22.97091 -0.25 -0.98958 -20.48192 -0.25 -1.90544 -20.24766 -0.25 -0.95607 -22.97091 -0.25 1.1884
4 0 -20.7601 -0.25 2.59012 -21.21397 -0.25 2.89727 -22.38527 -0.25 2.55662 -20.48192 -0.25 2.10427
0 // D
4 14 1.32306 -0.25 -2.43405 2.36258 -0.25 -4.75722 2.34794 -0.25 1.39695 1.32306 -0.25 0.58161
3 14 2.34794 -0.25 1.39695 1.22057 -0.25 1.28526 1.32306 -0.25 0.58161
3 14 -0.38995 -0.25 4.87055 -0.25818 -0.25 2.52503 0.2689 -0.25 2.52503
4 14 2.02584 -0.25 3.2622 0.2689 -0.25 2.52503 0.69349 -0.25 2.36867 2.21617 -0.25 2.48594
4 14 2.36258 -0.25 -4.75722 1.32306 -0.25 -2.43405 -1.41483 -0.25 -2.43405 -2.45436 -0.25 -4.77956
4 14 1.02292 -0.25 1.92749 1.22057 -0.25 1.28526 2.34794 -0.25 1.39695 2.21617 -0.25 2.48594
3 14 2.21617 -0.25 2.48594 0.69349 -0.25 2.36867 1.02292 -0.25 1.92749
4 14 -2.43972 -0.25 1.40812 -2.45436 -0.25 -4.77956 -1.41483 -0.25 -2.43405 -1.40751 -0.25 0.57044
3 14 -2.43972 -0.25 1.40812 -1.40751 -0.25 0.57044 -1.31235 -0.25 1.25176
4 14 -2.43972 -0.25 1.40812 -1.31235 -0.25 1.25176 -1.10737 -0.25 1.9219 -2.36651 -0.25 2.25698
4 14 1.67445 -0.25 3.99936 1.07416 -0.25 4.60249 0.2689 -0.25 2.52503 2.02584 -0.25 3.2622
4 14 -2.36651 -0.25 2.25698 -1.10737 -0.25 1.9219 -0.78527 -0.25 2.32399 -2.08833 -0.25 3.25103
4 14 0.2689 -0.25 2.52503 1.07416 -0.25 4.60249 0.41531 -0.25 4.87055 -0.38995 -0.25 4.87055
4 14 -0.25818 -0.25 2.52503 -0.38995 -0.25 4.87055 -1.13665 -0.25 4.61366 -1.73694 -0.25 3.98819
4 14 -0.25818 -0.25 2.52503 -1.73694 -0.25 3.98819 -2.08833 -0.25 3.25103 -0.78527 -0.25 2.32399
4 0 1.02292 -0.25 1.92749 0.69349 -0.25 2.36867 0.2689 -0.25 2.52503 -0.25818 -0.25 2.52503
4 0 -1.40751 -0.25 0.57044 -1.41483 -0.25 -2.43405 1.32306 -0.25 -2.43405 1.32306 -0.25 0.58161
4 0 -1.10737 -0.25 1.9219 -1.31235 -0.25 1.25176 1.22057 -0.25 1.28526 1.02292 -0.25 1.92749
4 0 -1.31235 -0.25 1.25176 -1.40751 -0.25 0.57044 1.32306 -0.25 0.58161 1.22057 -0.25 1.28526
4 0 -0.25818 -0.25 2.52503 -0.78527 -0.25 2.32399 -1.10737 -0.25 1.9219 1.02292 -0.25 1.92749
0 // G
4 14 22.25674 -0.25 -2.7927 22.95952 -0.25 -4.80314 23.39875 -0.25 -4.46806 23.92584 -0.25 -3.66389
3 14 21.72966 -0.25 -2.7927 21.53933 -0.25 -5.02652 22.30067 -0.25 -5.02652
4 14 19.53349 -0.25 -1.4189 19.70918 -0.25 -2.65867 20.93904 -0.25 -2.18956 20.6755 -0.25 -1.4524
4 14 22.30067 -0.25 -5.02652 22.95952 -0.25 -4.80314 22.25674 -0.25 -2.7927 21.72966 -0.25 -2.7927
4 14 22.46172 -0.25 2.76952 21.37828 -0.25 4.981 21.37828 -0.25 -0.36341 22.43244 -0.25 -0.36341
4 14 23.22306 -0.25 -1.38539 24.36507 -0.25 -1.31837 24.36507 -0.25 4.981 23.22306 -0.25 2.76952
4 14 24.18938 -0.25 -2.72568 24.36507 -0.25 -1.31837 23.04737 -0.25 -2.0332 22.71062 -0.25 -2.52464
4 14 21.72966 -0.25 -2.7927 20.49981 -0.25 -4.46806 20.93904 -0.25 -4.80314 21.53933 -0.25 -5.02652
4 14 21.72966 -0.25 -2.7927 21.20258 -0.25 -2.55814 19.97272 -0.25 -3.66389 20.49981 -0.25 -4.46806
4 14 21.20258 -0.25 -2.55814 20.93904 -0.25 -2.18956 19.70918 -0.25 -2.65867 19.97272 -0.25 -3.66389
4 14 23.92584 -0.25 -3.66389 24.18938 -0.25 -2.72568 22.71062 -0.25 -2.52464 22.25674 -0.25 -2.7927
4 14 19.53349 -0.25 -1.4189 20.6755 -0.25 -1.4524 20.64622 -0.25 4.981 19.53349 -0.25 4.981
4 14 21.37828 -0.25 4.981 22.46172 -0.25 2.76952 23.22306 -0.25 2.76952 24.36507 -0.25 4.981
3 14 24.36507 -0.25 -1.31837 23.22306 -0.25 -1.38539 23.04737 -0.25 -2.0332
4 0 22.43244 -0.25 -0.36341 23.22306 -0.25 -1.38539 23.22306 -0.25 2.76952 22.46172 -0.25 2.76952
4 0 23.04737 -0.25 -2.0332 23.22306 -0.25 -1.38539 20.6755 -0.25 -1.4524 20.93904 -0.25 -2.18956
4 0 21.37828 -0.25 -0.36341 21.37828 -0.25 4.981 20.64622 -0.25 4.981 20.6755 -0.25 -1.4524
4 0 21.20258 -0.25 -2.55814 21.72966 -0.25 -2.7927 22.71062 -0.25 -2.52464 20.93904 -0.25 -2.18956
4 0 20.6755 -0.25 -1.4524 23.22306 -0.25 -1.38539 22.43244 -0.25 -0.36341 21.37828 -0.25 -0.36341
3 0 23.04737 -0.25 -2.0332 20.93904 -0.25 -2.18956 22.71062 -0.25 -2.52464
3 0 22.71062 -0.25 -2.52464 21.72966 -0.25 -2.7927 22.25674 -0.25 -2.7927
0 // E
3 14 43.07828 -0.25 -2.23215 46.06507 -0.25 -4.56091 44.22029 -0.25 -2.23215
3 14 44.96698 -0.25 -2.23215 44.22029 -0.25 -2.23215 46.06507 -0.25 -4.56091
4 14 46.06507 -0.25 4.5475 44.94502 -0.25 4.5475 44.96698 -0.25 -2.23215 46.06507 -0.25 -4.56091
4 14 46.06507 -0.25 -4.56091 43.07828 -0.25 -2.23215 42.28765 -0.25 -2.23215 41.23349 -0.25 -4.57766
4 14 44.22029 -0.25 4.13424 43.07828 -0.25 4.13424 43.07828 -0.25 -2.23215 44.22029 -0.25 -2.23215
4 14 41.23349 -0.25 4.53633 41.23349 -0.25 -4.57766 42.28765 -0.25 -2.23215 42.28765 -0.25 4.53633
4 0 44.96698 -0.25 -2.23215 44.94502 -0.25 4.5475 44.22029 -0.25 4.13424 44.22029 -0.25 -2.23215
4 0 43.07828 -0.25 4.13424 42.28765 -0.25 4.53633 42.28765 -0.25 -2.23215 43.07828 -0.25 -2.23215
4 0 44.94502 -0.25 4.5475 42.28765 -0.25 4.53633 43.07828 -0.25 4.13424 44.22029 -0.25 4.13424
0 // background
0 // D
3 0 -46.03972 -0.25 1.40812 -57 -0.25 -7.5 -46.05436 -0.25 -4.77956
4 0 -57 -0.25 -7.5 -46.03972 -0.25 1.40812 -45.96651 -0.25 2.25698 -57 -0.25 7.5
3 0 -57 -0.25 7.5 -45.96651 -0.25 2.25698 -45.68833 -0.25 3.25103
3 0 -57 -0.25 7.5 -45.68833 -0.25 3.25103 -45.33694 -0.25 3.98819
3 0 -57 -0.25 7.5 -45.33694 -0.25 3.98819 -44.73665 -0.25 4.61366
3 0 -57 -0.25 7.5 -44.73665 -0.25 4.61366 -43.98995 -0.25 4.87055
4 0 -57 -0.25 7.5 -43.98995 -0.25 4.87055 -43.18469 -0.25 4.87055 -30 -0.25 7.5
3 0 -30 -0.25 7.5 -43.18469 -0.25 4.87055 -42.52584 -0.25 4.60249
3 0 -30 -0.25 7.5 -42.52584 -0.25 4.60249 -41.92555 -0.25 3.99936
3 0 -30 -0.25 7.5 -41.92555 -0.25 3.99936 -41.57416 -0.25 3.2622
3 0 -30 -0.25 7.5 -41.57416 -0.25 3.2622 -41.38383 -0.25 2.48594
3 0 -30 -0.25 7.5 -41.38383 -0.25 2.48594 -41.25206 -0.25 1.39695
4 0 -30 -0.25 7.5 -41.25206 -0.25 1.39695 -41.23742 -0.25 -4.75722 -30 -0.25 -7.5
4 0 -30 -0.25 -7.5 -41.23742 -0.25 -4.75722 -46.05436 -0.25 -4.77956 -57 -0.25 -7.5
0 //O
4 0 -21.63857 -0.25 -5.17799 -22.20957 -0.25 -5.12215 -30 -0.25 -7.5 -10 -0.25 -7.5
3 0 -22.8245 -0.25 -4.78707 -30 -0.25 -7.5 -22.20957 -0.25 -5.12215
3 0 -23.35158 -0.25 -4.11693 -30 -0.25 -7.5 -22.8245 -0.25 -4.78707
3 0 -23.79082 -0.25 -2.91066 -30 -0.25 -7.5 -23.35158 -0.25 -4.11693
3 0 -24.05436 -0.25 -1.19062 -30 -0.25 -7.5 -23.79082 -0.25 -2.91066
4 0 -30 -0.25 -7.5 -24.05436 -0.25 -1.19062 -24.05436 -0.25 1.5123 -30 -0.25 7.5
3 0 -30 -0.25 7.5 -24.05436 -0.25 1.5123 -23.79082 -0.25 2.88611
3 0 -30 -0.25 7.5 -23.79082 -0.25 2.88611 -23.51263 -0.25 3.84665
3 0 -30 -0.25 7.5 -23.51263 -0.25 3.84665 -22.91235 -0.25 4.72901
3 0 -30 -0.25 7.5 -22.91235 -0.25 4.72901 -22.20957 -0.25 5.19811
4 0 -30 -0.25 7.5 -22.20957 -0.25 5.19811 -21.68249 -0.25 5.26513 -10 -0.25 7.5
3 0 -10 -0.25 7.5 -21.68249 -0.25 5.26513 -21.03828 -0.25 5.19811
3 0 -10 -0.25 7.5 -21.03828 -0.25 5.19811 -20.23302 -0.25 4.66199
3 0 -10 -0.25 7.5 -20.23302 -0.25 4.66199 -19.66201 -0.25 3.7908
3 0 -10 -0.25 7.5 -19.66201 -0.25 3.7908 -19.44239 -0.25 2.95312
3 0 -10 -0.25 7.5 -19.44239 -0.25 2.95312 -19.22278 -0.25 1.57932
4 0 -10 -0.25 7.5 -19.22278 -0.25 1.57932 -19.19349 -0.25 -1.10127 -10 -0.25 -7.5
3 0 -19.19349 -0.25 -1.10127 -19.42775 -0.25 -2.84365 -10 -0.25 -7.5
3 0 -19.42775 -0.25 -2.84365 -19.86699 -0.25 -4.11693 -10 -0.25 -7.5
3 0 -19.86699 -0.25 -4.11693 -20.36479 -0.25 -4.72006 -10 -0.25 -7.5
3 0 -20.36479 -0.25 -4.72006 -21.06756 -0.25 -5.12215 -10 -0.25 -7.5
3 0 -21.06756 -0.25 -5.12215 -21.63857 -0.25 -5.17799 -10 -0.25 -7.5
0 // D
3 0 -2.43972 -0.25 1.40812 -10 -0.25 -7.5 -2.45436 -0.25 -4.77956
4 0 -10 -0.25 -7.5 -2.43972 -0.25 1.40812 -2.36651 -0.25 2.25698 -10 -0.25 7.5
3 0 -10 -0.25 7.5 -2.36651 -0.25 2.25698 -2.08833 -0.25 3.25103
3 0 -10 -0.25 7.5 -2.08833 -0.25 3.25103 -1.73694 -0.25 3.98819
3 0 -10 -0.25 7.5 -1.73694 -0.25 3.98819 -1.13665 -0.25 4.61366
3 0 -10 -0.25 7.5 -1.13665 -0.25 4.61366 -0.38995 -0.25 4.87055
4 0 -10 -0.25 7.5 -0.38995 -0.25 4.87055 0.41531 -0.25 4.87055 10 -0.25 7.5
3 0 10 -0.25 7.5 0.41531 -0.25 4.87055 1.07416 -0.25 4.60249
3 0 10 -0.25 7.5 1.07416 -0.25 4.60249 1.67445 -0.25 3.99936
3 0 10 -0.25 7.5 1.67445 -0.25 3.99936 2.02584 -0.25 3.2622
3 0 10 -0.25 7.5 2.02584 -0.25 3.2622 2.21617 -0.25 2.48594
3 0 10 -0.25 7.5 2.21617 -0.25 2.48594 2.34794 -0.25 1.39695
4 0 10 -0.25 7.5 2.34794 -0.25 1.39695 2.36258 -0.25 -4.75722 10 -0.25 -7.5
4 0 10 -0.25 -7.5 2.36258 -0.25 -4.75722 -2.45436 -0.25 -4.77956 -10 -0.25 -7.5
0 // G
3 0 20.93904 -0.25 -4.80314 10 -0.25 -7.5 21.53933 -0.25 -5.02652
3 0 20.49981 -0.25 -4.46806 10 -0.25 -7.5 20.93904 -0.25 -4.80314
3 0 19.97272 -0.25 -3.66389 10 -0.25 -7.5 20.49981 -0.25 -4.46806
3 0 19.70918 -0.25 -2.65867 10 -0.25 -7.5 19.97272 -0.25 -3.66389
3 0 19.53349 -0.25 -1.4189 10 -0.25 -7.5 19.70918 -0.25 -2.65867
4 0 10 -0.25 -7.5 19.53349 -0.25 -1.4189 19.53349 -0.25 4.981 10 -0.25 7.5
3 0 10 -0.25 7.5 19.53349 -0.25 4.981 20.64622 -0.25 4.981
3 0 10 -0.25 7.5 20.64622 -0.25 4.981 21.37828 -0.25 4.981
4 0 10 -0.25 7.5 21.37828 -0.25 4.981 24.36507 -0.25 4.981 34 -0.25 7.5
3 0 34 -0.25 7.5 24.36507 -0.25 4.981 24.36507 -0.25 -1.31837
4 0 34 -0.25 7.5 24.36507 -0.25 -1.31837 24.18938 -0.25 -2.72568 34 -0.25 -7.5
3 0 24.18938 -0.25 -2.72568 23.92584 -0.25 -3.66389 34 -0.25 -7.5
3 0 23.92584 -0.25 -3.66389 23.39875 -0.25 -4.46806 34 -0.25 -7.5
3 0 23.39875 -0.25 -4.46806 22.95952 -0.25 -4.80314 34 -0.25 -7.5
3 0 22.95952 -0.25 -4.80314 22.30067 -0.25 -5.02652 34 -0.25 -7.5
4 0 34 -0.25 -7.5 22.30067 -0.25 -5.02652 21.53933 -0.25 -5.02652 10 -0.25 -7.5
0 // E
4 0 34 -0.25 7.5 34 -0.25 -7.5 41.23349 -0.25 -4.57766 41.23349 -0.25 4.53633
4 0 34 -0.25 7.5 41.23349 -0.25 4.53633 42.28765 -0.25 4.53633 44.94502 -0.25 4.5475
4 0 57 -0.25 7.5 34 -0.25 7.5 44.94502 -0.25 4.5475 46.06507 -0.25 4.5475
4 0 57 -0.25 -7.5 57 -0.25 7.5 46.06507 -0.25 4.5475 46.06507 -0.25 -4.56091
4 0 34 -0.25 -7.5 57 -0.25 -7.5 46.06507 -0.25 -4.56091 41.23349 -0.25 -4.57766
