0 Sticker  1.9 x  3.9 with Dodge Hood
0 Name: 6255869s.dat
0 Author: Magnus Forsberg [MagFors]
0 !LDRAW_ORG Unofficial_Part 
0 !LICENSE Redistributable under CCAL version 2.0 : see CAreadme.txt

0 BFC CERTIFY CCW


1 16 0 -0.25 0 39 0 0 0 0.25 0 0 0 19 box5-12.dat
3 14 -39 -0.25 -14.6459 -39 -0.25 -19 -20 -0.25 -15
4 14 0 -0.25 -15.3 -20 -0.25 -15 -39 -0.25 -19 39 -0.25 -19
3 14 20 -0.25 -15 0 -0.25 -15.3 39 -0.25 -19
3 14 39 -0.25 -14.6459 20 -0.25 -15 39 -0.25 -19
4 0 39 -0.25 19 -39 -0.25 19 -39 -0.25 -14.6459 -20 -0.25 -15
4 0 39 -0.25 19 -20 -0.25 -15 0 -0.25 -15.3 20 -0.25 -15
3 0 39 -0.25 19 20 -0.25 -15 39 -0.25 -14.6459
