0 Sticker  0.6 x 12.2 with Trapezoid Extension on Right Side with Dark Bluish Grey Lines (Formed)
0 Name: 6318649ac01.dat
0 Author: Evert-Jan Boer [ejboer]
0 !LDRAW_ORG Unofficial_Part 
0 !LICENSE Redistributable under CCAL version 2.0 : see CAreadme.txt

0 !HELP Formed to fit part 66606

0 BFC CERTIFY CCW

0 !KEYWORDS Set 75275, A-wing Starfighter UCS, Cockpit


4 16 138.0006 -60 -0.0005 135.7969 -59.8305 0 137.25 -59.4316 7.75 138 -59.4893 7.75
4 16 138 -59.4893 7.75 155.75 -59.4893 7.75 157.2031 -60 0 138.0006 -60 -0.0005
4 16 0 -20 -4.25 24 -33 -4.25 24 -33 -19.75 0 -20 -19.75
4 16 24 -33 -4.25 49 -44 -4.25 49 -44 -19.75 24 -33 -19.75
4 16 49 -44 -4.25 75 -52 -4.25 75 -52 -19.75 49 -44 -19.75
4 16 75 -52 -4.25 112 -58 -4.25 112 -58 -19.75 75 -52 -19.75
4 16 112 -58 -4.25 135 -59.7692 -4.25 138 -60 -19.75 112 -58 -19.75
4 16 135.7969 -59.8305 0 138.0006 -60 -0.0005 138 -60 -19.75 135 -59.7692 -4.25
4 16 138 -60 -19.75 138.0006 -60 -0.0005 157.2031 -60 0 158 -60 -4.25
4 16 158 -60 -4.25 240 -60 -4.25 240 -60 -19.75 138 -60 -19.75

4 16 138 -60 -19.75 240 -60 -19.75 240 -60.25 -19.75 138 -60.25 -19.75
4 16 240 -60.25 -4.25 240 -60 -4.25 158 -60 -4.25 158 -60.25 -4.25
4 16 135.797 -59.8305 0 135.797 -60.0805 0 137.25 -59.6816 7.75 137.25 -59.4316 7.75
4 16 138 -59.4893 7.75 137.25 -59.4316 7.75 137.25 -59.6816 7.75 138 -59.7393 7.75
4 16 138 -59.4893 7.75 138 -59.7393 7.75 155.75 -59.7393 7.75 155.75 -59.4893 7.75
4 16 157.203 -60 0 155.75 -59.4893 7.75 155.75 -59.7393 7.75 157.203 -60.25 0
4 16 157.203 -60 0 157.203 -60.25 0 158 -60.25 -4.25 158 -60 -4.25
4 16 240 -60 -4.25 240 -60.25 -4.25 240 -60.25 -19.75 240 -60 -19.75
4 16 138 -60 -19.75 138 -60.25 -19.75 112 -58.25 -19.75 112 -58 -19.75
4 16 112 -58 -19.75 112 -58.25 -19.75 75 -52.25 -19.75 75 -52 -19.75
4 16 75 -52 -19.75 75 -52.25 -19.75 49 -44.25 -19.75 49 -44 -19.75
4 16 49 -44 -19.75 49 -44.25 -19.75 24 -33.25 -19.75 24 -33 -19.75
4 16 24 -33 -19.75 24 -33.25 -19.75 -0.1047 -20.1933 -19.75 0 -20 -19.75
4 16 0 -20 -19.75 -0.1047 -20.1933 -19.75 -0.1047 -20.1933 -4.25 0 -20 -4.25
4 16 24 -33 -4.25 0 -20 -4.25 -0.1047 -20.1933 -4.25 24 -33.25 -4.25
4 16 49 -44 -4.25 24 -33 -4.25 24 -33.25 -4.25 49 -44.25 -4.25
4 16 75 -52 -4.25 49 -44 -4.25 49 -44.25 -4.25 75 -52.25 -4.25
4 16 112 -58 -4.25 75 -52 -4.25 75 -52.25 -4.25 112 -58.25 -4.25
4 16 135 -59.7692 -4.25 112 -58 -4.25 112 -58.25 -4.25 135 -60.0192 -4.25
4 16 135.797 -59.8305 0 135 -59.7692 -4.25 135 -60.0192 -4.25 135.797 -60.0805 0

4 0 137.25 -59.6816 7.75 135.7969 -60.0805 0 138.0013 -60.25 0 138 -59.7393 7.75
4 72 138.0013 -60.25 0 139.3814 -60.25 0 139.8 -59.8941 5.4 139 -59.8414 6.2
4 72 145.577 -60.1691 1.2284 145.897 -60.2199 0.4562 146.5 -60.212 0.5761 146.5 -60.157 1.412
4 72 144.794 -60.2035 0.7055 145.386 -60.2425 0.1145 145.897 -60.2199 0.4562 145.577 -60.1691 1.2284
4 72 144.794 -60.2035 0.7055 144.3233 -60.25 0 145.3094 -60.25 0 145.386 -60.2425 0.1145
3 0 139.8 -59.8941 5.4 144.794 -60.2035 0.7055 145.577 -60.1691 1.2284
3 0 139.8 -59.8941 5.4 145.577 -60.1691 1.2284 146.5 -60.157 1.412
4 72 153.6186 -60.25 0 154.9956 -60.25 0 154 -59.8414 6.2 153.2 -59.8941 5.4
4 72 146.5 -60.212 0.5761 147.103 -60.2199 0.4562 147.423 -60.1691 1.2284 146.5 -60.157 1.412
4 72 147.103 -60.2199 0.4562 147.614 -60.2425 0.1145 148.206 -60.2035 0.7055 147.423 -60.1691 1.2284
4 72 147.614 -60.2425 0.1145 147.6906 -60.25 0 148.6767 -60.25 0 148.206 -60.2035 0.7055
3 0 153.2 -59.8941 5.4 147.423 -60.1691 1.2284 148.206 -60.2035 0.7055
4 0 139.8 -59.8941 5.4 146.5 -60.157 1.412 147.423 -60.1691 1.2284 153.2 -59.8941 5.4
4 0 157.2031 -60.25 0 155.75 -59.7393 7.75 154 -59.8414 6.2 154.9956 -60.25 0
4 0 154 -59.8414 6.2 155.75 -59.7393 7.75 138 -59.7393 7.75 139 -59.8414 6.2
4 72 139.8 -59.8941 5.4 153.2 -59.8941 5.4 154 -59.8414 6.2 139 -59.8414 6.2
4 0 145.3094 -60.25 0 147.6906 -60.25 0 147.614 -60.2425 0.1145 145.386 -60.2425 0.1145
4 0 145.386 -60.2425 0.1145 147.614 -60.2425 0.1145 147.103 -60.2199 0.4562 145.897 -60.2199 0.4562
3 0 146.5 -60.212 0.5761 145.897 -60.2199 0.4562 147.103 -60.2199 0.4562
4 0 139.3814 -60.25 0 144.3233 -60.25 0 144.794 -60.2035 0.7055 139.8 -59.8941 5.4
4 0 148.206 -60.2035 0.7055 148.6767 -60.25 0 153.6186 -60.25 0 153.2 -59.8941 5.4
3 0 138.0013 -60.25 0 139 -59.8414 6.2 138 -59.7393 7.75
4 72 -0.1047 -20.1933 -7.5 -0.1047 -20.1933 -8.8 24 -33.25 -8.8 24 -33.25 -7.5
4 0 -0.1047 -20.1933 -4.25 -0.1047 -20.1933 -7.5 24 -33.25 -7.5 24 -33.25 -4.25
4 0 24 -33.25 -19.75 24 -33.25 -8.8 -0.1047 -20.1933 -8.8 -0.1047 -20.1933 -19.75
4 72 49 -44.25 -8.8 49 -44.25 -7.5 24 -33.25 -7.5 24 -33.25 -8.8
4 0 24 -33.25 -4.25 24 -33.25 -7.5 49 -44.25 -7.5 49 -44.25 -4.25
4 0 49 -44.25 -19.75 49 -44.25 -8.8 24 -33.25 -8.8 24 -33.25 -19.75
4 0 59.8 -47.5731 -13.1 59.8 -47.5731 -9.6 58.6 -47.2039 -9.6 58.6 -47.2039 -13.1
4 0 59.8 -47.5731 -15.5 58.6 -47.2039 -13.8 58.1 -47.05 -17 59.4 -47.45 -17
4 72 57.8 -46.9577 -13.3 58.6 -47.2039 -13.8 59.8 -47.5731 -13.1 58.6 -47.2039 -13.1
4 72 60.35 -47.7423 -16.1 59.8 -47.5731 -15.5 59.4 -47.45 -17 60.1 -47.6654 -17
3 72 58.1 -47.05 -17 57 -46.7115 -18 59.4 -47.45 -17
3 72 59.4 -47.45 -17 57 -46.7115 -18 60.1 -47.6654 -17
4 72 57.8 -46.9577 -13.3 57 -46.7115 -18 58.1 -47.05 -17 58.6 -47.2039 -13.8
4 72 57.8 -46.9577 -9.5 57.8 -46.9577 -13.3 58.6 -47.2039 -13.1 58.6 -47.2039 -9.6
4 72 59.8 -47.5731 -9.6 58 -47.0192 -8.8 57.8 -46.9577 -9.5 58.6 -47.2039 -9.6
4 72 60.8 -47.8808 -9.5 60.6 -47.8192 -8.8 58 -47.0192 -8.8 59.8 -47.5731 -9.6
4 72 60.8 -47.8808 -12.9 60.8 -47.8808 -9.5 59.8 -47.5731 -9.6 59.8 -47.5731 -13.1
4 0 64.8 -49.1115 -13.1 66 -49.4808 -13.1 66 -49.4808 -9.6 64.8 -49.1115 -9.6
4 0 64.8 -49.1115 -15.5 65.2 -49.2346 -17 66.5 -49.6346 -17 66 -49.4808 -13.8
4 72 66.8 -49.7269 -13.3 66 -49.4808 -13.1 64.8 -49.1115 -13.1 66 -49.4808 -13.8
4 72 64.25 -48.9423 -16.1 64.5 -49.0192 -17 65.2 -49.2346 -17 64.8 -49.1115 -15.5
3 72 65.2 -49.2346 -17 67.6 -49.9731 -18 66.5 -49.6346 -17
3 72 64.5 -49.0192 -17 67.6 -49.9731 -18 65.2 -49.2346 -17
4 72 60.1 -47.6654 -17 57 -46.7115 -18 67.6 -49.9731 -18 64.5 -49.0192 -17
4 72 66.5 -49.6346 -17 67.6 -49.9731 -18 66.8 -49.7269 -13.3 66 -49.4808 -13.8
4 72 66 -49.4808 -13.1 66.8 -49.7269 -13.3 66.8 -49.7269 -9.5 66 -49.4808 -9.6
3 72 66 -49.4808 -9.6 66.8 -49.7269 -9.5 66.6 -49.6654 -8.8
4 72 64 -48.8654 -8.8 64.8 -49.1115 -9.6 66 -49.4808 -9.6 66.6 -49.6654 -8.8
4 72 64.8 -49.1115 -13.1 64.8 -49.1115 -9.6 64 -48.8654 -8.8 63.8 -48.8039 -9.5
3 72 63.8 -48.8039 -12.9 64.8 -49.1115 -13.1 63.8 -48.8039 -9.5
4 72 58.6 -47.2039 -13.8 66 -49.4808 -13.8 64.8 -49.1115 -13.1 59.8 -47.5731 -13.1
4 72 59.8 -47.5731 -13.1 64.8 -49.1115 -13.1 63.8 -48.8039 -12.9 60.8 -47.8808 -12.9
4 72 60.35 -47.7423 -16.1 64.25 -48.9423 -16.1 64.8 -49.1115 -15.5 59.8 -47.5731 -15.5
4 0 60.1 -47.6654 -17 64.5 -49.0192 -17 64.25 -48.9423 -16.1 60.35 -47.7423 -16.1
4 0 59.8 -47.5731 -15.5 64.8 -49.1115 -15.5 66 -49.4808 -13.8 58.6 -47.2039 -13.8
4 0 60.8 -47.8808 -9.5 63.8 -48.8039 -9.5 64 -48.8654 -8.8 60.6 -47.8192 -8.8
4 0 63.8 -48.8039 -12.9 63.8 -48.8039 -9.5 60.8 -47.8808 -9.5 60.8 -47.8808 -12.9
3 0 58 -47.0192 -8.8 49 -44.25 -8.8 57.8 -46.9577 -9.5
3 0 57.8 -46.9577 -9.5 57 -46.7115 -18 57.8 -46.9577 -13.3
4 0 49 -44.25 -19.75 57 -46.7115 -18 57.8 -46.9577 -9.5 49 -44.25 -8.8
4 0 57 -46.7115 -18 49 -44.25 -19.75 75 -52.25 -19.75 67.6 -49.9731 -18
4 0 75 -52.25 -19.75 75 -52.25 -8.8 66.6 -49.6654 -8.8 66.8 -49.7269 -9.5
4 0 67.6 -49.9731 -18 75 -52.25 -19.75 66.8 -49.7269 -9.5 66.8 -49.7269 -13.3
4 0 75 -52.25 -7.5 75 -52.25 -4.25 49 -44.25 -4.25 49 -44.25 -7.5
3 72 49 -44.25 -8.8 58 -47.0192 -8.8 49 -44.25 -7.5
3 72 58 -47.0192 -8.8 60.6 -47.8192 -8.8 49 -44.25 -7.5
4 72 60.6 -47.8192 -8.8 64 -48.8654 -8.8 75 -52.25 -7.5 49 -44.25 -7.5
3 72 64 -48.8654 -8.8 66.6 -49.6654 -8.8 75 -52.25 -7.5
3 72 66.6 -49.6654 -8.8 75 -52.25 -8.8 75 -52.25 -7.5
4 0 103.8 -56.9203 -13.1 103.8 -56.9203 -9.6 102.6 -56.7257 -9.6 102.6 -56.7257 -13.1
4 0 102.1 -56.6446 -17 103.4 -56.8554 -17 103.8 -56.9203 -15.5 102.6 -56.7257 -13.8
4 72 101.8 -56.596 -13.3 102.6 -56.7257 -13.8 103.8 -56.9203 -13.1 102.6 -56.7257 -13.1
4 72 104.35 -57.0095 -16.1 103.8 -56.9203 -15.5 103.4 -56.8554 -17 104.1 -56.9689 -17
3 72 102.1 -56.6446 -17 101 -56.4662 -18 103.4 -56.8554 -17
3 72 103.4 -56.8554 -17 101 -56.4662 -18 104.1 -56.9689 -17
4 72 101.8 -56.596 -13.3 101 -56.4662 -18 102.1 -56.6446 -17 102.6 -56.7257 -13.8
4 72 101.8 -56.596 -9.5 101.8 -56.596 -13.3 102.6 -56.7257 -13.1 102.6 -56.7257 -9.6
4 72 103.8 -56.9203 -9.6 102 -56.6284 -8.8 101.8 -56.596 -9.5 102.6 -56.7257 -9.6
4 72 104.8 -57.0824 -9.5 104.6 -57.05 -8.8 102 -56.6284 -8.8 103.8 -56.9203 -9.6
4 72 103.8 -56.9203 -9.6 103.8 -56.9203 -13.1 104.8 -57.0824 -12.9 104.8 -57.0824 -9.5
4 0 108.8 -57.7311 -13.1 110 -57.9257 -13.1 110 -57.9257 -9.6 108.8 -57.7311 -9.6
4 0 108.8 -57.7311 -15.5 109.2 -57.796 -17 110.5 -58.0068 -17 110 -57.9257 -13.8
4 72 110.8 -58.0554 -13.3 110 -57.9257 -13.1 108.8 -57.7311 -13.1 110 -57.9257 -13.8
4 72 108.25 -57.6419 -16.1 108.5 -57.6824 -17 109.2 -57.796 -17 108.8 -57.7311 -15.5
3 72 109.2 -57.796 -17 111.6 -58.1851 -18 110.5 -58.0068 -17
3 72 108.5 -57.6824 -17 111.6 -58.1851 -18 109.2 -57.796 -17
4 72 104.1 -56.9689 -17 101 -56.4662 -18 111.6 -58.1851 -18 108.5 -57.6824 -17
4 72 110.5 -58.0068 -17 111.6 -58.1851 -18 110.8 -58.0554 -13.3 110 -57.9257 -13.8
4 72 110 -57.9257 -13.1 110.8 -58.0554 -13.3 110.8 -58.0554 -9.5 110 -57.9257 -9.6
3 72 110 -57.9257 -9.6 110.8 -58.0554 -9.5 110.6 -58.023 -8.8
4 72 108 -57.6014 -8.8 108.8 -57.7311 -9.6 110 -57.9257 -9.6 110.6 -58.023 -8.8
4 72 108.8 -57.7311 -13.1 108.8 -57.7311 -9.6 108 -57.6014 -8.8 107.8 -57.5689 -9.5
3 72 107.8 -57.5689 -12.9 108.8 -57.7311 -13.1 107.8 -57.5689 -9.5
4 72 102.6 -56.7257 -13.8 110 -57.9257 -13.8 108.8 -57.7311 -13.1 103.8 -56.9203 -13.1
4 72 103.8 -56.9203 -13.1 108.8 -57.7311 -13.1 107.8 -57.5689 -12.9 104.8 -57.0824 -12.9
4 72 104.35 -57.0095 -16.1 108.25 -57.6419 -16.1 108.8 -57.7311 -15.5 103.8 -56.9203 -15.5
4 0 104.1 -56.9689 -17 108.5 -57.6824 -17 108.25 -57.6419 -16.1 104.35 -57.0095 -16.1
4 0 103.8 -56.9203 -15.5 108.8 -57.7311 -15.5 110 -57.9257 -13.8 102.6 -56.7257 -13.8
4 0 104.8 -57.0824 -9.5 107.8 -57.5689 -9.5 108 -57.6014 -8.8 104.6 -57.05 -8.8
4 0 107.8 -57.5689 -12.9 107.8 -57.5689 -9.5 104.8 -57.0824 -9.5 104.8 -57.0824 -12.9
4 0 101.8 -56.596 -13.3 75 -52.25 -8.8 75 -52.25 -19.75 101 -56.4662 -18
3 0 75 -52.25 -8.8 101.8 -56.596 -13.3 101.8 -56.596 -9.5
3 0 102 -56.6284 -8.8 75 -52.25 -8.8 101.8 -56.596 -9.5
4 0 112 -58.25 -7.5 112 -58.25 -4.25 75 -52.25 -4.25 75 -52.25 -7.5
4 0 75 -52.25 -19.75 112 -58.25 -19.75 111.6 -58.1851 -18 101 -56.4662 -18
3 0 112 -58.25 -8.8 110.6 -58.023 -8.8 110.8 -58.0554 -9.5
3 0 112 -58.25 -8.8 110.8 -58.0554 -9.5 110.8 -58.0554 -13.3
4 0 110.8 -58.0554 -13.3 111.6 -58.1851 -18 112 -58.25 -19.75 112 -58.25 -8.8
3 72 75 -52.25 -8.8 102 -56.6284 -8.8 75 -52.25 -7.5
4 72 102 -56.6284 -8.8 104.6 -57.05 -8.8 112 -58.25 -7.5 75 -52.25 -7.5
3 72 104.6 -57.05 -8.8 108 -57.6014 -8.8 112 -58.25 -7.5
3 72 108 -57.6014 -8.8 110.6 -58.023 -8.8 112 -58.25 -7.5
3 72 110.6 -58.023 -8.8 112 -58.25 -8.8 112 -58.25 -7.5
4 0 135.7969 -60.0805 0 135 -60.0192 -4.25 136.8 -60.1577 -7.5 138.0013 -60.25 0
4 0 136.8 -60.1577 -7.5 135 -60.0192 -4.25 112 -58.25 -4.25 112 -58.25 -7.5
4 0 138 -60.25 -19.75 138 -60.25 -8.8 112 -58.25 -8.8 112 -58.25 -19.75
4 72 138 -60.25 -8.8 136.8 -60.1577 -7.5 112 -58.25 -7.5 112 -58.25 -8.8
3 72 136.8 -60.1577 -7.5 138 -60.25 -8.8 138.0013 -60.25 0
4 72 145.044 -60.25 -0.3968 144.272 -60.25 -0.077 144.088 -60.25 -1 144.924 -60.25 -1
4 72 144.272 -60.25 -1.923 145.044 -60.25 -1.6032 144.924 -60.25 -1 144.088 -60.25 -1
4 72 144.794 -60.25 -2.7055 145.386 -60.25 -2.1145 145.044 -60.25 -1.6032 144.272 -60.25 -1.923
4 72 145.577 -60.25 -3.2284 145.897 -60.25 -2.4562 145.386 -60.25 -2.1145 144.794 -60.25 -2.7055
4 72 146.5 -60.25 -3.412 146.5 -60.25 -2.5761 145.897 -60.25 -2.4562 145.577 -60.25 -3.2284
4 72 144.272 -60.25 -0.077 145.044 -60.25 -0.3968 145.3094 -60.25 0 144.3233 -60.25 0
4 0 144.924 -60.25 -1 145.044 -60.25 -1.6032 145.3094 -60.25 0 145.044 -60.25 -0.3968
4 0 154.2 -60.25 -7.5 146.5 -60.25 -3.412 145.577 -60.25 -3.2284 138.8 -60.25 -7.5
3 0 138.8 -60.25 -7.5 145.577 -60.25 -3.2284 144.794 -60.25 -2.7055
3 0 144.272 -60.25 -1.923 144.088 -60.25 -1 139.3814 -60.25 0
4 0 144.794 -60.25 -2.7055 144.272 -60.25 -1.923 139.3814 -60.25 0 138.8 -60.25 -7.5
4 72 156.2 -60.25 -7.5 154.9956 -60.25 0 153.6186 -60.25 0 154.2 -60.25 -7.5
4 72 147.956 -60.25 -0.3968 148.076 -60.25 -1 148.912 -60.25 -1 148.728 -60.25 -0.077
4 72 148.076 -60.25 -1 147.956 -60.25 -1.6032 148.728 -60.25 -1.923 148.912 -60.25 -1
4 72 148.206 -60.25 -2.7055 148.728 -60.25 -1.923 147.956 -60.25 -1.6032 147.614 -60.25 -2.1145
4 72 147.423 -60.25 -3.2284 148.206 -60.25 -2.7055 147.614 -60.25 -2.1145 147.103 -60.25 -2.4562
4 72 146.5 -60.25 -3.412 147.423 -60.25 -3.2284 147.103 -60.25 -2.4562 146.5 -60.25 -2.5761
4 72 147.956 -60.25 -0.3968 148.728 -60.25 -0.077 148.6767 -60.25 0 147.6906 -60.25 0
3 0 147.614 -60.25 -2.1145 147.956 -60.25 -0.3968 147.6906 -60.25 0
4 0 148.076 -60.25 -1 147.956 -60.25 -0.3968 147.614 -60.25 -2.1145 147.956 -60.25 -1.6032
3 0 146.5 -60.25 -3.412 154.2 -60.25 -7.5 147.423 -60.25 -3.2284
3 0 147.423 -60.25 -3.2284 154.2 -60.25 -7.5 148.206 -60.25 -2.7055
3 0 148.206 -60.25 -2.7055 154.2 -60.25 -7.5 148.728 -60.25 -1.923
4 0 148.728 -60.25 -0.077 148.912 -60.25 -1 154.2 -60.25 -7.5 153.6186 -60.25 0
3 0 148.728 -60.25 -1.923 154.2 -60.25 -7.5 148.912 -60.25 -1
4 0 156.2 -60.25 -7.5 158 -60.25 -4.25 157.2031 -60.25 0 154.9956 -60.25 0
4 0 181.1 -60.25 -9.6 181.1 -60.25 -13.1 182.3 -60.25 -13.1 182.3 -60.25 -9.6
4 0 180.6 -60.25 -17 181.9 -60.25 -17 182.3 -60.25 -15.5 181.1 -60.25 -13.8
4 72 182.3 -60.25 -13.1 181.1 -60.25 -13.1 180.3 -60.25 -13.3 181.1 -60.25 -13.8
4 72 181.9 -60.25 -17 182.6 -60.25 -17 182.85 -60.25 -16.1 182.3 -60.25 -15.5
3 72 180.6 -60.25 -17 179.5 -60.25 -18 181.9 -60.25 -17
3 72 181.9 -60.25 -17 179.5 -60.25 -18 182.6 -60.25 -17
4 72 180.3 -60.25 -13.3 179.5 -60.25 -18 180.6 -60.25 -17 181.1 -60.25 -13.8
4 72 180.3 -60.25 -9.5 180.3 -60.25 -13.3 181.1 -60.25 -13.1 181.1 -60.25 -9.6
3 72 180.3 -60.25 -9.5 181.1 -60.25 -9.6 180.5 -60.25 -8.8
4 72 181.1 -60.25 -9.6 182.3 -60.25 -9.6 183.1 -60.25 -8.8 180.5 -60.25 -8.8
4 72 183.1 -60.25 -8.8 182.3 -60.25 -9.6 182.3 -60.25 -13.1 183.3 -60.25 -9.5
3 72 182.3 -60.25 -13.1 183.3 -60.25 -12.9 183.3 -60.25 -9.5
4 0 188.5 -60.25 -9.6 187.3 -60.25 -9.6 187.3 -60.25 -13.1 188.5 -60.25 -13.1
4 0 189 -60.25 -17 188.5 -60.25 -13.8 187.3 -60.25 -15.5 187.7 -60.25 -17
4 72 187.3 -60.25 -13.1 188.5 -60.25 -13.8 189.3 -60.25 -13.3 188.5 -60.25 -13.1
4 72 187.7 -60.25 -17 187.3 -60.25 -15.5 186.75 -60.25 -16.1 187 -60.25 -17
3 72 187.7 -60.25 -17 190.1 -60.25 -18 189 -60.25 -17
4 72 179.5 -60.25 -18 190.1 -60.25 -18 187.7 -60.25 -17 187 -60.25 -17
4 72 189 -60.25 -17 190.1 -60.25 -18 189.3 -60.25 -13.3 188.5 -60.25 -13.8
4 72 188.5 -60.25 -13.1 189.3 -60.25 -13.3 189.3 -60.25 -9.5 188.5 -60.25 -9.6
4 72 189.3 -60.25 -9.5 189.1 -60.25 -8.8 187.3 -60.25 -9.6 188.5 -60.25 -9.6
4 72 186.3 -60.25 -9.5 187.3 -60.25 -9.6 189.1 -60.25 -8.8 186.5 -60.25 -8.8
4 72 186.3 -60.25 -12.9 187.3 -60.25 -13.1 187.3 -60.25 -9.6 186.3 -60.25 -9.5
4 72 181.1 -60.25 -13.8 188.5 -60.25 -13.8 187.3 -60.25 -13.1 182.3 -60.25 -13.1
4 72 182.3 -60.25 -13.1 187.3 -60.25 -13.1 186.3 -60.25 -12.9 183.3 -60.25 -12.9
4 72 182.85 -60.25 -16.1 186.75 -60.25 -16.1 187.3 -60.25 -15.5 182.3 -60.25 -15.5
3 72 182.6 -60.25 -17 179.5 -60.25 -18 187 -60.25 -17
4 0 182.6 -60.25 -17 187 -60.25 -17 186.75 -60.25 -16.1 182.85 -60.25 -16.1
4 0 182.3 -60.25 -15.5 187.3 -60.25 -15.5 188.5 -60.25 -13.8 181.1 -60.25 -13.8
4 0 183.3 -60.25 -9.5 186.3 -60.25 -9.5 186.5 -60.25 -8.8 183.1 -60.25 -8.8
4 0 183.3 -60.25 -9.5 183.3 -60.25 -12.9 186.3 -60.25 -12.9 186.3 -60.25 -9.5
4 0 225.1 -60.25 -9.6 225.1 -60.25 -13.1 226.3 -60.25 -13.1 226.3 -60.25 -9.6
4 0 224.6 -60.25 -17 225.9 -60.25 -17 226.3 -60.25 -15.5 225.1 -60.25 -13.8
4 72 224.3 -60.25 -13.3 225.1 -60.25 -13.8 226.3 -60.25 -13.1 225.1 -60.25 -13.1
4 72 225.9 -60.25 -17 226.6 -60.25 -17 226.85 -60.25 -16.1 226.3 -60.25 -15.5
3 72 224.6 -60.25 -17 223.5 -60.25 -18 225.9 -60.25 -17
3 72 225.9 -60.25 -17 223.5 -60.25 -18 226.6 -60.25 -17
4 72 224.3 -60.25 -13.3 223.5 -60.25 -18 224.6 -60.25 -17 225.1 -60.25 -13.8
4 72 225.1 -60.25 -13.1 225.1 -60.25 -9.6 224.3 -60.25 -9.5 224.3 -60.25 -13.3
3 72 224.3 -60.25 -9.5 225.1 -60.25 -9.6 224.5 -60.25 -8.8
4 72 225.1 -60.25 -9.6 226.3 -60.25 -9.6 227.1 -60.25 -8.8 224.5 -60.25 -8.8
4 72 227.1 -60.25 -8.8 226.3 -60.25 -9.6 226.3 -60.25 -13.1 227.3 -60.25 -9.5
3 72 226.3 -60.25 -13.1 227.3 -60.25 -12.9 227.3 -60.25 -9.5
4 0 231.3 -60.25 -13.1 232.5 -60.25 -13.1 232.5 -60.25 -9.6 231.3 -60.25 -9.6
4 0 233 -60.25 -17 232.5 -60.25 -13.8 231.3 -60.25 -15.5 231.7 -60.25 -17
4 72 231.3 -60.25 -13.1 232.5 -60.25 -13.8 233.3 -60.25 -13.3 232.5 -60.25 -13.1
4 72 231.7 -60.25 -17 231.3 -60.25 -15.5 230.75 -60.25 -16.1 231 -60.25 -17
4 72 234 -60.25 -17.4125 233.3 -60.25 -13.3 232.5 -60.25 -13.8 233 -60.25 -17
4 72 232.5 -60.25 -13.1 233.3 -60.25 -13.3 233.3 -60.25 -9.5 232.5 -60.25 -9.6
4 72 231.3 -60.25 -9.6 232.5 -60.25 -9.6 233.3 -60.25 -9.5 233.1 -60.25 -8.8
4 72 233.1 -60.25 -8.8 230.5 -60.25 -8.8 230.3 -60.25 -9.5 231.3 -60.25 -9.6
4 72 230.3 -60.25 -12.9 231.3 -60.25 -13.1 231.3 -60.25 -9.6 230.3 -60.25 -9.5
4 72 225.1 -60.25 -13.8 232.5 -60.25 -13.8 231.3 -60.25 -13.1 226.3 -60.25 -13.1
4 72 226.3 -60.25 -13.1 231.3 -60.25 -13.1 230.3 -60.25 -12.9 227.3 -60.25 -12.9
4 72 226.85 -60.25 -16.1 230.75 -60.25 -16.1 231.3 -60.25 -15.5 226.3 -60.25 -15.5
3 72 226.6 -60.25 -17 223.5 -60.25 -18 231 -60.25 -17
4 0 226.6 -60.25 -17 231 -60.25 -17 230.75 -60.25 -16.1 226.85 -60.25 -16.1
4 0 226.3 -60.25 -15.5 231.3 -60.25 -15.5 232.5 -60.25 -13.8 225.1 -60.25 -13.8
4 0 227.3 -60.25 -9.5 230.3 -60.25 -9.5 230.5 -60.25 -8.8 227.1 -60.25 -8.8
4 0 227.3 -60.25 -9.5 227.3 -60.25 -12.9 230.3 -60.25 -12.9 230.3 -60.25 -9.5
4 72 156.2 -60.25 -7.5 180.5 -60.25 -8.8 183.1 -60.25 -8.8 184 -60.25 -7.5
3 72 183.1 -60.25 -8.8 186.5 -60.25 -8.8 184 -60.25 -7.5
3 72 186.5 -60.25 -8.8 189.1 -60.25 -8.8 184 -60.25 -7.5
3 72 189.1 -60.25 -8.8 224.5 -60.25 -8.8 184 -60.25 -7.5
4 0 189.3 -60.25 -9.5 224.3 -60.25 -9.5 224.5 -60.25 -8.8 189.1 -60.25 -8.8
4 0 224.3 -60.25 -13.3 224.3 -60.25 -9.5 189.3 -60.25 -9.5 189.3 -60.25 -13.3
4 0 190.1 -60.25 -18 223.5 -60.25 -18 224.3 -60.25 -13.3 189.3 -60.25 -13.3
3 0 156.2 -60.25 -7.5 184 -60.25 -7.5 158 -60.25 -4.25
4 72 138.0013 -60.25 0 138 -60.25 -8.8 138.8 -60.25 -7.5 139.3814 -60.25 0
3 72 138 -60.25 -8.8 154.2 -60.25 -7.5 138.8 -60.25 -7.5
4 72 154.2 -60.25 -7.5 138 -60.25 -8.8 180.5 -60.25 -8.8 156.2 -60.25 -7.5
4 0 138 -60.25 -8.8 138 -60.25 -19.75 180.3 -60.25 -9.5 180.5 -60.25 -8.8
4 0 180.3 -60.25 -9.5 138 -60.25 -19.75 179.5 -60.25 -18 180.3 -60.25 -13.3
3 0 145.3094 -60.25 0 145.044 -60.25 -1.6032 147.6906 -60.25 0
4 0 145.386 -60.25 -2.1145 147.614 -60.25 -2.1145 147.6906 -60.25 0 145.044 -60.25 -1.6032
4 0 147.103 -60.25 -2.4562 147.614 -60.25 -2.1145 145.386 -60.25 -2.1145 145.897 -60.25 -2.4562
3 0 145.897 -60.25 -2.4562 146.5 -60.25 -2.5761 147.103 -60.25 -2.4562
3 0 139.3814 -60.25 0 144.272 -60.25 -0.077 144.3233 -60.25 0
3 0 144.088 -60.25 -1 144.272 -60.25 -0.077 139.3814 -60.25 0
3 0 148.728 -60.25 -0.077 153.6186 -60.25 0 148.6767 -60.25 0
4 72 184 -60.25 -7.5 224.5 -60.25 -8.8 227.1 -60.25 -8.8 234 -60.25 -7.5
4 0 240 -60.25 -19.75 240 -60.25 -8.8 234 -60.25 -17.4125 234.1 -60.25 -18
3 72 240 -60.25 -7.5 233.1 -60.25 -8.8 240 -60.25 -8.8
3 72 240 -60.25 -7.5 230.5 -60.25 -8.8 233.1 -60.25 -8.8
3 0 240 -60.25 -8.8 233.1 -60.25 -8.8 233.3 -60.25 -9.5
4 0 233.3 -60.25 -13.3 234 -60.25 -17.4125 240 -60.25 -8.8 233.3 -60.25 -9.5
4 72 231.7 -60.25 -17 234.1 -60.25 -18 234 -60.25 -17.4125 233 -60.25 -17
4 72 231 -60.25 -17 223.5 -60.25 -18 234.1 -60.25 -18 231.7 -60.25 -17
4 72 230.5 -60.25 -8.8 240 -60.25 -7.5 234 -60.25 -7.5 227.1 -60.25 -8.8
3 0 234 -60.25 -7.5 240 -60.25 -7.5 240 -60.25 -4.25
4 0 158 -60.25 -4.25 184 -60.25 -7.5 234 -60.25 -7.5 240 -60.25 -4.25
3 0 234.1 -60.25 -18 223.5 -60.25 -18 240 -60.25 -19.75
3 0 223.5 -60.25 -18 190.1 -60.25 -18 240 -60.25 -19.75
4 0 190.1 -60.25 -18 179.5 -60.25 -18 138 -60.25 -19.75 240 -60.25 -19.75

5 24 24 -33 -4.25 24 -33 -19.75 0 -20 -19.75 49 -44 -4.25
5 24 75 -52.25 -8.8 75 -52.25 -7.5 102 -56.6284 -8.8 66.6 -49.6654 -8.8
5 24 112 -58.25 -8.8 112 -58.25 -7.5 110.6 -58.023 -8.8 138 -60.25 -8.8
5 24 138 -60.25 -8.8 138.0013 -60.25 0 138.8 -60.25 -7.5 136.8 -60.1577 -7.5
5 24 75 -52.25 -19.75 75 -52.25 -8.8 66.6 -49.6654 -8.8 101 -56.4662 -18
5 24 157.2031 -60 0 138.0006 -60 -0.0005 138 -59.4893 7.75 158 -60 -4.25
5 24 145.3094 -60.25 0 144.3233 -60.25 0 144.272 -60.25 -0.077 145.386 -60.2425 0.1145
5 24 24 -33.25 -19.75 24 -33.25 -8.8 -0.1047 -20.1933 -8.8 49 -44.25 -19.75
5 24 139.3814 -60.25 0 138.0013 -60.25 0 139.8 -59.8941 5.4 138.8 -60.25 -7.5
5 24 49 -44.25 -7.5 49 -44.25 -4.25 75 -52.25 -7.5 24 -33.25 -4.25
5 24 49 -44 -4.25 49 -44 -19.75 75 -52 -4.25 24 -33 -19.75
5 24 138.0006 -60 -0.0005 138 -60 -19.75 135 -59.7692 -4.25 157.2031 -60 0
5 24 75 -52.25 -7.5 75 -52.25 -4.25 49 -44.25 -4.25 112 -58.25 -7.5
5 24 112 -58.25 -19.75 112 -58.25 -8.8 110.8 -58.0554 -13.3 138 -60.25 -19.75
5 24 147.6906 -60.25 0 145.3094 -60.25 0 145.044 -60.25 -1.6032 147.614 -60.2425 0.1145
5 24 112 -58.25 -7.5 112 -58.25 -4.25 136.8 -60.1577 -7.5 75 -52.25 -4.25
5 24 157.2031 -60.25 0 154.9956 -60.25 0 155.75 -59.7393 7.75 156.2 -60.25 -7.5
5 24 49 -44.25 -19.75 49 -44.25 -8.8 57 -46.7115 -18 24 -33.25 -8.8
5 24 144.3233 -60.25 0 139.3814 -60.25 0 144.272 -60.25 -0.077 144.794 -60.2035 0.7055
5 24 24 -33.25 -7.5 24 -33.25 -4.25 -0.1047 -20.1933 -4.25 49 -44.25 -7.5
5 24 75 -52 -4.25 75 -52 -19.75 112 -58 -4.25 49 -44 -19.75
5 24 148.6767 -60.25 0 147.6906 -60.25 0 147.956 -60.25 -0.3968 148.206 -60.2035 0.7055
5 24 24 -33.25 -8.8 24 -33.25 -7.5 49 -44.25 -8.8 -0.1047 -20.1933 -7.5
5 24 49 -44.25 -7.5 49 -44.25 -8.8 58 -47.0192 -8.8 24 -33.25 -7.5
5 24 154.9956 -60.25 0 153.6186 -60.25 0 154 -59.8414 6.2 154.2 -60.25 -7.5
5 24 153.6186 -60.25 0 148.6767 -60.25 0 153.2 -59.8941 5.4 148.728 -60.25 -0.077
5 24 112 -58 -4.25 112 -58 -19.75 75 -52 -19.75 135 -59.7692 -4.25
5 24 138 -60.25 -19.75 138 -60.25 -8.8 180.3 -60.25 -9.5 112 -58.25 -8.8
5 24 138.0006 -60 -0.0005 135.7969 -59.8305 0 137.25 -59.4316 7.75 138 -60 -19.75
5 24 138 -59.4893 7.75 138.0006 -60 -0.0005 155.75 -59.4893 7.75 135.7969 -59.8305 0
