0 Sticker  0.8 x  3.3 with Black Rounded Rectangle with Dark Bluish Grey Border (Formed)
0 Name: 6347356rc01.dat
0 Author: Evert-Jan Boer [ejboer]
0 !LDRAW_ORG Unofficial_Part 
0 !LICENSE Redistributable under CCAL version 2.0 : see CAreadme.txt

0 BFC CERTIFY CCW

0 !KEYWORDS Set 75309, Star Wars, Republic Gunship


4 16 8 42.107 -50.25 8 39.95 -50.25 -8 39.95 -50.25 -8 42.107 -50.25
4 16 -7.383 42.876 -50.25 -7 42.94 -50.25 -7.924 42.426 -50.25 -7.707 42.696 -50.25
4 16 7 42.94 -50.25 7.383 42.876 -50.25 7.707 42.696 -50.25 7.924 42.426 -50.25
4 16 -7 42.94 -50.25 7 42.94 -50.25 -8 42.107 -50.25 -7.924 42.426 -50.25
4 16 8 42.107 -50.25 -8 42.107 -50.25 7 42.94 -50.25 7.924 42.426 -50.25
4 16 -7.707 -.023 -13.491 -7.924 -.005 -13.764 -8 .016 -14.085 -7.383 -.035 -13.308
4 16 -8 .096 -15.296 -7 -.039 -13.245 -7.383 -.035 -13.308 -8 .016 -14.085
4 16 -8 .096 -15.296 -1.144 .096 -15.296 -1.04 .094 -15.263 -7 -.039 -13.245
3 16 -7 -.039 -13.245 -1.04 .094 -15.263 0 .086 -15.153
4 16 7.707 -.023 -13.491 7.383 -.035 -13.308 8 .016 -14.085 7.924 -.005 -13.764
4 16 1.144 .096 -15.296 8 .016 -14.085 7.383 -.035 -13.308 7 -.039 -13.245
4 16 7 -.039 -13.245 -7 -.039 -13.245 0 .086 -15.153 1.04 .094 -15.263
3 16 7 -.039 -13.245 1.04 .094 -15.263 1.144 .096 -15.296
3 16 8 .016 -14.085 1.144 .096 -15.296 8 .096 -15.296
3 72 -1.04 .094 -15.263 -1.144 .096 -15.296 1.144 .096 -15.296
4 72 0 .086 -15.153 -1.04 .094 -15.263 1.144 .096 -15.296 1.04 .094 -15.263
4 72 -3.15 .547 -17.567 -3.89 .517 -17.414 -4.02 .681 -18.241 -3.26 .681 -18.241
4 72 -2.84 .242 -16.031 -2.3 .319 -16.422 -1.63 .243 -16.039 -2.01 .148 -15.56
4 16 -8 .096 -15.296 -8 .357 -16.613 -3.447 .357 -16.613 -2.84 .242 -16.031
3 16 -4.02 .681 -18.241 -8 1.121 -20.454 -4.02 1.121 -20.454
4 16 -8 1.121 -20.454 -4.02 .681 -18.241 -3.89 .517 -17.414 -8 .357 -16.613
3 16 -3.447 .357 -16.613 -8 .357 -16.613 -3.89 .517 -17.414
4 72 -2.82 .424 -16.946 -3.447 .357 -16.613 -3.89 .517 -17.414 -3.15 .547 -17.567
4 72 -4.02 .681 -18.241 -4.02 1.121 -20.454 -3.26 1.121 -20.454 -3.26 .681 -18.241
4 16 4.02 .681 -18.241 4.02 1.121 -20.454 8 1.121 -20.454 8 .357 -16.613
3 16 8 .357 -16.613 3.89 .517 -17.414 4.02 .681 -18.241
3 16 8 .357 -16.613 3.447 .357 -16.613 3.89 .517 -17.414
4 72 4.02 .681 -18.241 3.89 .517 -17.414 3.15 .547 -17.567 3.26 .681 -18.241
4 72 2.01 .148 -15.56 1.144 .096 -15.296 .84 .196 -15.799 1.63 .243 -16.039
4 72 2.82 .424 -16.946 3.15 .547 -17.567 3.89 .517 -17.414 3.447 .357 -16.613
4 72 2.84 .242 -16.031 2.01 .148 -15.56 1.63 .243 -16.039 2.3 .319 -16.422
4 72 4.02 1.121 -20.454 4.02 .681 -18.241 3.26 .681 -18.241 3.26 1.121 -20.454
3 16 -8 .096 -15.296 -2.84 .242 -16.031 -2.01 .148 -15.56
3 16 -1.144 .096 -15.296 -8 .096 -15.296 -2.01 .148 -15.56
3 16 8 .096 -15.296 1.144 .096 -15.296 2.01 .148 -15.56
4 16 8 .357 -16.613 8 .096 -15.296 2.01 .148 -15.56 2.84 .242 -16.031
3 16 2.84 .242 -16.031 3.447 .357 -16.613 8 .357 -16.613
4 72 -.84 .196 -15.799 -1.144 .096 -15.296 -2.01 .148 -15.56 -1.63 .243 -16.039
4 72 -.84 .196 -15.799 0 .178 -15.711 1.144 .096 -15.296 -1.144 .096 -15.296
3 72 1.144 .096 -15.296 0 .178 -15.711 .84 .196 -15.799
4 0 1.63 .243 -16.039 .84 .196 -15.799 0 .178 -15.711 -.84 .196 -15.799
4 0 -.84 .196 -15.799 -1.63 .243 -16.039 2.3 .319 -16.422 1.63 .243 -16.039
4 0 -1.63 .243 -16.039 -2.3 .319 -16.422 -2.82 .424 -16.946 2.3 .319 -16.422
4 0 3.15 .547 -17.567 2.82 .424 -16.946 2.3 .319 -16.422 -2.82 .424 -16.946
4 72 -3.447 .357 -16.613 -2.82 .424 -16.946 -2.3 .319 -16.422 -2.84 .242 -16.031
4 72 3.447 .357 -16.613 2.84 .242 -16.031 2.3 .319 -16.422 2.82 .424 -16.946
4 0 -3.26 1.121 -20.454 3.26 .681 -18.241 -3.15 .547 -17.567 -3.26 .681 -18.241
4 0 -2.82 .424 -16.946 -3.15 .547 -17.567 3.26 .681 -18.241 3.15 .547 -17.567
3 0 3.26 .681 -18.241 -3.26 1.121 -20.454 3.26 1.121 -20.454
4 72 -3.26 2.809 -25.434 -3.26 1.121 -20.454 -4.02 1.121 -20.454 -4.02 2.809 -25.434
4 72 3.26 1.121 -20.454 3.26 2.809 -25.434 4.02 2.809 -25.434 4.02 1.121 -20.454
4 16 -8 1.121 -20.454 -8 2.809 -25.434 -4.02 2.809 -25.434 -4.02 1.121 -20.454
4 16 4.02 1.121 -20.454 4.02 2.809 -25.434 8 2.809 -25.434 8 1.121 -20.454
4 0 3.26 2.809 -25.434 3.26 1.121 -20.454 -3.26 1.121 -20.454 -3.26 2.809 -25.434
4 72 -4.02 2.809 -25.434 -4.02 5.137 -30.15 -3.26 5.137 -30.15 -3.26 2.809 -25.434
4 16 -4.02 5.137 -30.15 -4.02 2.809 -25.434 -8 2.809 -25.434 -8 5.137 -30.15
4 72 3.26 2.809 -25.434 3.26 5.137 -30.15 4.02 5.137 -30.15 4.02 2.809 -25.434
4 16 8 5.137 -30.15 8 2.809 -25.434 4.02 2.809 -25.434 4.02 5.137 -30.15
4 0 -3.26 2.809 -25.434 -3.26 5.137 -30.15 3.26 5.137 -30.15 3.26 2.809 -25.434
4 16 4.02 5.137 -30.15 4.02 8.055 -34.524 8 8.055 -34.524 8 5.137 -30.15
4 16 -8 5.137 -30.15 -8 8.055 -34.524 -4.02 8.055 -34.524 -4.02 5.137 -30.15
4 72 -3.26 8.055 -34.524 -3.26 5.137 -30.15 -4.02 5.137 -30.15 -4.02 8.055 -34.524
4 72 3.26 5.137 -30.15 3.26 8.055 -34.524 4.02 8.055 -34.524 4.02 5.137 -30.15
4 0 3.26 8.055 -34.524 3.26 5.137 -30.15 -3.26 5.137 -30.15 -3.26 8.055 -34.524
4 16 -8 11.525 -38.475 -4.02 11.525 -38.475 -4.02 8.055 -34.524 -8 8.055 -34.524
4 72 -4.02 11.525 -38.475 -3.26 11.525 -38.475 -3.26 8.055 -34.524 -4.02 8.055 -34.524
4 16 8 11.525 -38.475 8 8.055 -34.524 4.02 8.055 -34.524 4.02 11.525 -38.475
4 72 3.26 11.525 -38.475 4.02 11.525 -38.475 4.02 8.055 -34.524 3.26 8.055 -34.524
4 0 -3.26 8.055 -34.524 -3.26 11.525 -38.475 3.26 11.525 -38.475 3.26 8.055 -34.524
4 72 -3.89 12.971 -39.745 -3.48 13.727 -40.409 -2.82 13.433 -40.151 -3.15 12.819 -39.612
4 72 -3.15 12.819 -39.612 -3.26 12.155 -39.029 -4.02 12.155 -39.029 -3.89 12.971 -39.745
4 72 -1.63 14.367 -40.97 -2.01 14.871 -41.413 -1.04 15.182 -41.686 -.84 14.619 -41.192
4 72 -1.04 15.182 -41.686 0 15.291 -41.782 0 14.711 -41.273 -.84 14.619 -41.192
3 16 -4.02 11.525 -38.475 -8 11.525 -38.475 -4.02 12.155 -39.029
4 16 -3.89 12.971 -39.745 -4.02 12.155 -39.029 -8 11.525 -38.475 -8 15.476 -41.945
4 72 -2.3 13.963 -40.616 -2.82 13.433 -40.151 -3.48 13.727 -40.409 -2.84 14.375 -40.978
4 72 -1.63 14.367 -40.97 -2.3 13.963 -40.616 -2.84 14.375 -40.978 -2.01 14.871 -41.413
4 72 -4.02 12.155 -39.029 -3.26 12.155 -39.029 -3.26 11.525 -38.475 -4.02 11.525 -38.475
3 16 8 11.525 -38.475 4.02 11.525 -38.475 4.02 12.155 -39.029
4 72 3.89 12.971 -39.745 3.15 12.819 -39.612 2.82 13.433 -40.151 3.48 13.727 -40.409
4 72 3.15 12.819 -39.612 3.89 12.971 -39.745 4.02 12.155 -39.029 3.26 12.155 -39.029
4 72 1.04 15.182 -41.686 2.01 14.871 -41.413 1.63 14.367 -40.97 .84 14.619 -41.192
4 72 1.04 15.182 -41.686 .84 14.619 -41.192 0 14.711 -41.273 0 15.291 -41.782
4 72 3.48 13.727 -40.409 2.82 13.433 -40.151 2.3 13.963 -40.616 2.84 14.375 -40.978
4 72 1.63 14.367 -40.97 2.01 14.871 -41.413 2.84 14.375 -40.978 2.3 13.963 -40.616
4 72 3.26 11.525 -38.475 3.26 12.155 -39.029 4.02 12.155 -39.029 4.02 11.525 -38.475
3 16 0 15.291 -41.782 -8 15.476 -41.945 8 15.476 -41.945
4 16 8 15.476 -41.945 8 11.525 -38.475 4.02 12.155 -39.029 3.89 12.971 -39.745
3 16 3.89 12.971 -39.745 3.48 13.727 -40.409 8 15.476 -41.945
3 16 3.48 13.727 -40.409 2.84 14.375 -40.978 8 15.476 -41.945
3 16 2.84 14.375 -40.978 2.01 14.871 -41.413 8 15.476 -41.945
3 16 2.01 14.871 -41.413 1.04 15.182 -41.686 8 15.476 -41.945
3 16 1.04 15.182 -41.686 0 15.291 -41.782 8 15.476 -41.945
3 16 -1.04 15.182 -41.686 -8 15.476 -41.945 0 15.291 -41.782
3 16 -2.01 14.871 -41.413 -8 15.476 -41.945 -1.04 15.182 -41.686
3 16 -2.84 14.375 -40.978 -8 15.476 -41.945 -2.01 14.871 -41.413
3 16 -3.48 13.727 -40.409 -8 15.476 -41.945 -2.84 14.375 -40.978
3 16 -3.89 12.971 -39.745 -8 15.476 -41.945 -3.48 13.727 -40.409
4 0 3.26 12.155 -39.029 3.26 11.525 -38.475 -3.26 11.525 -38.475 -3.26 12.155 -39.029
4 0 -3.15 12.819 -39.612 3.15 12.819 -39.612 3.26 12.155 -39.029 -3.26 12.155 -39.029
4 0 -2.82 13.433 -40.151 2.82 13.433 -40.151 3.15 12.819 -39.612 -3.15 12.819 -39.612
4 0 -2.3 13.963 -40.616 2.3 13.963 -40.616 2.82 13.433 -40.151 -2.82 13.433 -40.151
4 0 -1.63 14.367 -40.97 1.63 14.367 -40.97 2.3 13.963 -40.616 -2.3 13.963 -40.616
4 0 -.84 14.619 -41.192 .84 14.619 -41.192 1.63 14.367 -40.97 -1.63 14.367 -40.97
3 0 .84 14.619 -41.192 -.84 14.619 -41.192 0 14.711 -41.273
4 16 -8 15.476 -41.945 -8 19.85 -44.863 8 19.85 -44.863 8 15.476 -41.945
4 16 -8 19.85 -44.863 -8 24.566 -47.191 8 24.566 -47.191 8 19.85 -44.863
4 16 8 24.566 -47.191 -8 24.566 -47.191 -8 29.546 -48.879 8 29.546 -48.879
4 16 8 29.546 -48.879 -8 29.546 -48.879 -8 34.704 -49.904 8 34.704 -49.904
4 16 8 34.704 -49.904 -8 34.704 -49.904 -8 39.95 -50.25 8 39.95 -50.25

5 24 8 11.525 -38.475 -8 11.525 -38.475 -8 15.476 -41.945 8 8.055 -34.524
5 24 -8 5.137 -30.15 8 5.137 -30.15 8 2.809 -25.435 -8 8.055 -34.524
5 24 8 39.95 -50.25 -8 39.95 -50.25 -8 42.107 -50.25 8 34.704 -49.904
5 24 8 34.704 -49.904 -8 34.704 -49.904 8 29.546 -48.879 -8 39.95 -50.25
5 24 8 1.121 -20.454 -8 1.121 -20.454 8 .096 -15.296 -8 2.809 -25.435
5 24 8 24.565 -47.191 -8 24.565 -47.191 -8 29.546 -48.879 8 19.85 -44.863
5 24 8 2.809 -25.435 -8 2.809 -25.435 8 1.121 -20.454 -8 5.137 -30.15
5 24 8 8.055 -34.524 -8 8.055 -34.524 8 5.137 -30.15 -8 11.525 -38.475
5 24 8 15.476 -41.945 -8 15.476 -41.945 8 11.525 -38.475 -8 19.85 -44.863
5 24 8 19.85 -44.863 -8 19.85 -44.863 8 15.476 -41.945 -8 24.565 -47.191
5 24 8 .096 -15.296 -8 .096 -15.296 8 .016 -14.085 -8 1.121 -20.454
5 24 8 29.546 -48.879 -8 29.546 -48.879 -8 34.704 -49.904 8 24.565 -47.191

4 16 -7.924 42.463 -50 -7 42.975 -50 -7.383 42.912 -50 -7.707 42.732 -50
4 16 7 42.975 -50 7.924 42.463 -50 7.707 42.732 -50 7.383 42.912 -50
4 16 -8 42.146 -50 7 42.975 -50 -7 42.975 -50 -7.924 42.463 -50
4 16 8 42.146 -50 7.924 42.463 -50 7 42.975 -50 -8 42.146 -50
4 16 -8 .265 -14.015 -7.924 .243 -13.695 -7.707 .226 -13.424 -7.383 .214 -13.242
3 16 -7.383 .214 -13.242 -7 .209 -13.179 -8 .265 -14.015
3 16 7.924 .243 -13.695 7.383 .214 -13.242 7.707 .226 -13.424
4 16 7 .209 -13.179 7.383 .214 -13.242 7.924 .243 -13.695 8 .265 -14.015
4 16 8 .265 -14.015 -8 .265 -14.015 -7 .209 -13.179 7 .209 -13.179
4 16 -8 42.146 -50 -8 40 -50 8 40 -50 8 42.146 -50
4 16 -8 40 -50 -8 34.78 -49.656 8 34.78 -49.656 8 40 -50
4 16 8 34.78 -49.656 -8 34.78 -49.656 -8 29.648 -48.636 8 29.648 -48.636
4 16 8 29.648 -48.636 -8 29.648 -48.636 -8 24.692 -46.956 8 24.692 -46.956
4 16 8 24.692 -46.956 -8 24.692 -46.956 -8 20 -44.64 8 20 -44.64
4 16 8 20 -44.64 -8 20 -44.64 -8 15.648 -41.736 8 15.648 -41.736
4 16 8 15.648 -41.736 -8 15.648 -41.736 -8 11.716 -38.284 8 11.716 -38.284
4 16 8 11.716 -38.284 -8 11.716 -38.284 -8 8.264 -34.352 8 8.264 -34.352
4 16 8 5.36 -30 -8 5.36 -30 -8 3.044 -25.308 8 3.044 -25.308
4 16 8 8.264 -34.352 -8 8.264 -34.352 -8 5.36 -30 8 5.36 -30
4 16 8 3.044 -25.308 -8 3.044 -25.308 -8 1.364 -20.352 8 1.364 -20.352
4 16 -8 1.364 -20.352 -8 .344 -15.22 8 .344 -15.22 8 1.364 -20.352
4 16 8 .344 -15.22 -8 .344 -15.22 -8 .265 -14.015 8 .265 -14.015
5 24 8 11.716 -38.284 -8 11.716 -38.284 -8 15.648 -41.736 8 8.264 -34.352
5 24 -8 5.36 -30 8 5.36 -30 8 3.044 -25.308 -8 8.264 -34.352
5 24 8 40 -50 -8 40 -50 -8 42.146 -50 8 34.78 -49.656
5 24 8 34.78 -49.656 -8 34.78 -49.656 8 29.648 -48.636 -8 40 -50
5 24 8 1.364 -20.352 -8 1.364 -20.352 8 .344 -15.22 -8 3.044 -25.308
5 24 8 24.692 -46.956 -8 24.692 -46.956 -8 29.648 -48.636 8 20 -44.64
5 24 8 3.044 -25.308 -8 3.044 -25.308 8 1.364 -20.352 -8 5.36 -30
5 24 8 8.264 -34.352 -8 8.264 -34.352 8 5.36 -30 -8 11.716 -38.284
5 24 8 15.648 -41.736 -8 15.648 -41.736 8 11.716 -38.284 -8 20 -44.64
5 24 8 20 -44.64 -8 20 -44.64 8 15.648 -41.736 -8 24.692 -46.956
5 24 8 .344 -15.22 -8 .344 -15.22 8 .265 -14.015 -8 1.364 -20.352
5 24 8 29.648 -48.636 -8 29.648 -48.636 -8 34.78 -49.656 8 24.692 -46.956

4 16 7.383 42.876 -50.25 7 42.94 -50.25 7 42.975 -50 7.383 42.912 -50
4 16 7.707 42.696 -50.25 7.383 42.876 -50.25 7.383 42.912 -50 7.707 42.732 -50
4 16 7.924 42.426 -50.25 7.707 42.696 -50.25 7.707 42.732 -50 7.924 42.463 -50
4 16 8 42.107 -50.25 7.924 42.426 -50.25 7.924 42.463 -50 8 42.146 -50
4 16 8 40 -50 8 39.95 -50.25 8 42.107 -50.25 8 42.146 -50
4 16 8 34.78 -49.656 8 34.704 -49.904 8 39.95 -50.25 8 40 -50
4 16 8 29.648 -48.636 8 29.546 -48.879 8 34.704 -49.904 8 34.78 -49.656
4 16 8 24.692 -46.956 8 24.565 -47.191 8 29.546 -48.879 8 29.648 -48.636
4 16 8 20 -44.64 8 19.85 -44.863 8 24.565 -47.191 8 24.692 -46.956
4 16 8 15.648 -41.736 8 15.476 -41.945 8 19.85 -44.863 8 20 -44.64
4 16 8 11.716 -38.284 8 11.525 -38.475 8 15.476 -41.945 8 15.648 -41.736
4 16 8 8.264 -34.352 8 8.055 -34.524 8 11.525 -38.475 8 11.716 -38.284
4 16 8 5.36 -30 8 5.137 -30.15 8 8.055 -34.524 8 8.264 -34.352
4 16 8 3.044 -25.308 8 2.809 -25.434 8 5.137 -30.15 8 5.36 -30
4 16 8 1.364 -20.352 8 1.121 -20.454 8 2.809 -25.434 8 3.044 -25.308
4 16 8 .096 -15.296 8 1.121 -20.454 8 1.364 -20.352 8 .344 -15.22
4 16 8 .265 -14.015 8 .016 -14.085 8 .096 -15.296 8 .344 -15.22
4 16 7.924 .243 -13.695 7.924 -.005 -13.764 8 .016 -14.085 8 .265 -14.015
4 16 7.707 .226 -13.424 7.707 -.023 -13.491 7.924 -.005 -13.764 7.924 .243 -13.695
4 16 7.383 .214 -13.242 7.383 -.035 -13.308 7.707 -.023 -13.491 7.707 .226 -13.424
4 16 7 .209 -13.179 7 -.039 -13.245 7.383 -.035 -13.308 7.383 .214 -13.242
4 16 -7 -.039 -13.245 7 -.039 -13.245 7 .209 -13.179 -7 .209 -13.179
4 16 -7.383 .214 -13.242 -7.383 -.035 -13.308 -7 -.039 -13.245 -7 .209 -13.179
4 16 -7.707 .226 -13.424 -7.707 -.023 -13.491 -7.383 -.035 -13.308 -7.383 .214 -13.242
4 16 -7.924 .243 -13.695 -7.924 -.005 -13.764 -7.707 -.023 -13.491 -7.707 .226 -13.424
4 16 -8 .265 -14.015 -8 .016 -14.085 -7.924 -.005 -13.764 -7.924 .243 -13.695
4 16 -8 .096 -15.296 -8 .016 -14.085 -8 .265 -14.015 -8 .344 -15.22
4 16 -8 1.121 -20.454 -8 .096 -15.296 -8 .344 -15.22 -8 1.364 -20.352
4 16 -8 2.809 -25.434 -8 1.121 -20.454 -8 1.364 -20.352 -8 3.044 -25.308
4 16 -8 5.137 -30.15 -8 2.809 -25.434 -8 3.044 -25.308 -8 5.36 -30
4 16 -8 8.055 -34.524 -8 5.137 -30.15 -8 5.36 -30 -8 8.264 -34.352
4 16 -8 11.525 -38.475 -8 8.055 -34.524 -8 8.264 -34.352 -8 11.716 -38.284
4 16 -8 15.476 -41.945 -8 11.525 -38.475 -8 11.716 -38.284 -8 15.648 -41.736
4 16 -8 19.85 -44.863 -8 15.476 -41.945 -8 15.648 -41.736 -8 20 -44.64
4 16 -8 24.565 -47.191 -8 19.85 -44.863 -8 20 -44.64 -8 24.692 -46.956
4 16 -8 29.546 -48.879 -8 24.565 -47.191 -8 24.692 -46.956 -8 29.648 -48.636
4 16 -8 34.704 -49.904 -8 29.546 -48.879 -8 29.648 -48.636 -8 34.78 -49.656
4 16 -8 39.95 -50.25 -8 34.704 -49.904 -8 34.78 -49.656 -8 40 -50
4 16 -8 42.107 -50.25 -8 39.95 -50.25 -8 40 -50 -8 42.146 -50
4 16 -7.924 42.426 -50.25 -8 42.107 -50.25 -8 42.146 -50 -7.924 42.463 -50
4 16 -7.707 42.696 -50.25 -7.924 42.426 -50.25 -7.924 42.463 -50 -7.707 42.732 -50
4 16 -7.383 42.876 -50.25 -7.707 42.696 -50.25 -7.707 42.732 -50 -7.383 42.912 -50
4 16 -7 42.94 -50.25 -7.383 42.876 -50.25 -7.383 42.912 -50 -7 42.975 -50
4 16 7 42.94 -50.25 -7 42.94 -50.25 -7 42.975 -50 7 42.975 -50

5 24 7.383 42.876 -50.25 7.383 42.912 -50 7 42.94 -50.25 7.707 42.732 -50
5 24 7 -.039 -13.245 7 .209 -13.179 7.383 -.035 -13.308 -7 .209 -13.179
5 24 7.707 42.732 -50 7.707 42.696 -50.25 7.383 42.876 -50.25 7.924 42.463 -50
5 24 8 .016 -14.085 8 .265 -14.015 8 .096 -15.296 7.924 .243 -13.695
5 24 -7.383 42.912 -50 -7.383 42.876 -50.25 -7.707 42.696 -50.25 -7 42.975 -50
5 24 -8 .265 -14.015 -8 .016 -14.085 -8 .344 -15.22 -7.924 -.005 -13.764
5 24 -7 42.94 -50.25 -7 42.975 -50 -7.383 42.876 -50.25 7 42.975 -50
5 24 -8 42.107 -50.25 -8 42.146 -50 -8 39.95 -50.25 -7.924 42.463 -50
5 24 7 42.94 -50.25 7 42.975 -50 7.383 42.912 -50 -7 42.94 -50.25
5 24 -7.383 -.035 -13.308 -7.383 .214 -13.242 -7 -.039 -13.245 -7.707 .226 -13.424
5 24 7.707 -.023 -13.491 7.707 .226 -13.424 7.924 -.005 -13.764 7.383 .214 -13.242
5 24 -7 .209 -13.179 -7 -.039 -13.245 7 -.039 -13.245 -7.383 .214 -13.242
5 24 7.924 42.426 -50.25 7.924 42.463 -50 7.707 42.696 -50.25 8 42.146 -50
5 24 -7.707 42.696 -50.25 -7.707 42.732 -50 -7.924 42.426 -50.25 -7.383 42.912 -50
5 24 7.383 .214 -13.242 7.383 -.035 -13.308 7.707 -.023 -13.491 7 .209 -13.179
5 24 -7.924 42.463 -50 -7.924 42.426 -50.25 -7.707 42.732 -50 -8 42.107 -50.25
5 24 -7.924 -.005 -13.764 -7.924 .243 -13.695 -7.707 -.023 -13.491 -8 .265 -14.015
5 24 8 42.146 -50 8 42.107 -50.25 7.924 42.426 -50.25 8 40 -50
5 24 7.924 .243 -13.695 7.924 -.005 -13.764 7.707 .226 -13.424 8 .016 -14.085
5 24 -7.707 .226 -13.424 -7.707 -.023 -13.491 -7.383 -.035 -13.308 -7.924 .243 -13.695
