0 Sticker  1.7 x  3.7 with Bright Light Orange Trapezoid Left
0 Name: 6347356m.dat
0 Author: Evert-Jan Boer [ejboer]
0 !LDRAW_ORG Unofficial_Part 
0 !LICENSE Redistributable under CCAL version 2.0 : see CAreadme.txt

0 BFC CERTIFY CCW

0 !KEYWORDS Set 75309, Star Wars, Republic Gunship


1 16 36.5 0 16.5 1 0 0 0 -1 0 0 0 1 1-4chrd.dat
1 16 36.5 0 -16.5 0 0 1 0 -1 0 -1 0 0 1-4chrd.dat
1 16 -36.5 0 -16.5 -1 0 0 0 -1 0 0 0 -1 1-4chrd.dat
1 16 -36.5 0 16.5 0 0 -1 0 -1 0 1 0 0 1-4chrd.dat
4 16 36.5 0 -17.5 -36.5 0 -17.5 -37.5 0 -16.5 37.5 0 -16.5
4 16 37.5 0 16.5 37.5 0 -16.5 -37.5 0 -16.5 -37.5 0 16.5
4 16 37.5 0 16.5 -37.5 0 16.5 -36.5 0 17.5 36.5 0 17.5

1 16 36.5 -.25 16.5 1 0 0 0 .25 0 0 0 1 1-4cyli.dat
1 16 -36.5 -.25 16.5 0 0 -1 0 .25 0 1 0 0 1-4cyli.dat
1 16 -36.5 -.25 -16.5 -1 0 0 0 .25 0 0 0 -1 1-4cyli.dat
1 16 36.5 -.25 -16.5 0 0 1 0 .25 0 -1 0 0 1-4cyli.dat
4 16 36.5 -.25 -17.5 -36.5 -.25 -17.5 -36.5 0 -17.5 36.5 0 -17.5
4 16 37.5 -.25 16.5 37.5 -.25 -16.5 37.5 0 -16.5 37.5 0 16.5
4 16 -36.5 -.25 17.5 36.5 -.25 17.5 36.5 0 17.5 -36.5 0 17.5
4 16 -37.5 -.25 -16.5 -37.5 -.25 16.5 -37.5 0 16.5 -37.5 0 -16.5

1 16 -36.5 -.25 16.5 0 0 -1 0 1 0 1 0 0 1-4chrd.dat
1 16 -36.5 -.25 -16.5 -1 0 0 0 1 0 0 0 -1 1-4chrd.dat
1 16 36.5 -.25 -16.5 0 0 1 0 1 0 -1 0 0 1-4chrd.dat
1 16 36.5 -.25 16.5 1 0 0 0 1 0 0 0 1 1-4chrd.dat
4 191 26 -.25 11.7 -16.6 -.25 -1.6 -22.8 -.25 -10.5 34.3 -.25 -10.5
4 16 -36.5 -.25 -17.5 -36.5 -.25 17.5 -37.5 -.25 16.5 -37.5 -.25 -16.5
4 16 -16.6 -.25 -1.6 -36.5 -.25 17.5 -36.5 -.25 -17.5 -22.8 -.25 -10.5
3 16 36.5 -.25 17.5 37.5 -.25 -16.5 37.5 -.25 16.5
4 16 34.3 -.25 -10.5 36.5 -.25 -17.5 37.5 -.25 -16.5 36.5 -.25 17.5
3 16 36.5 -.25 17.5 26 -.25 11.7 34.3 -.25 -10.5
4 16 36.5 -.25 17.5 -36.5 -.25 17.5 -16.6 -.25 -1.6 26 -.25 11.7
4 16 -22.8 -.25 -10.5 -36.5 -.25 -17.5 36.5 -.25 -17.5 34.3 -.25 -10.5
