0 Bar with Drafting Machine (Needs Work)
0 Name: 66237.dat
0 Author: Gerald Lasser [GeraldLasser]
0 !LDRAW_ORG Unofficial_Part 
0 !LICENSE Redistributable under CCAL version 2.0 : see CAreadme.txt

0 BFC CERTIFY CCW

0 !KEYWORDS Inside Tour 2019, 3D Print


0 // Ruler
1 16 40 -8 -55 0 0 20 0 -1 0 5 0 0 rect3.dat
4 16 20 -8.1 -50 20 -10 -50 60 -10 -50 60 -8 -50
2 24 20 -10 -50 60 -10 -50
2 24 60 -8 -50 60 -10 -50
2 24 20 -10 -50 20 -8.1 -50
4 16 17.071 -14 -52.929 20 -14 -60 60 -14 -60 60 -14 -52.929
4 16 20 -10 -50 17.071 -14 -52.929 60 -14 -52.929 60 -10 -50
4 16 60 -14 -52.929 60 -14 -60 60 -8 -60 60 -10 -50
3 16 60 -8 -50 60 -10 -50 60 -8 -60
4 16 60 -14 -60 20 -14 -60 20 -8 -60 60 -8 -60
2 24 17.071 -14 -52.929 60 -14 -52.929
2 24 60 -14 -52.929 60 -10 -50
2 24 17.071 -14 -52.929 20 -10 -50
2 24 60 -14 -60 60 -8 -60
2 24 60 -14 -60 60 -14 -52.929
2 24 60 -14 -60 20 -14 -60
2 24 20 -14 -60 20 -8 -60
1 16 15 -8 -40 5 0 0 0 -1 0 0 0 10 rect3.dat
4 16 10 -8 -50 10 -14 -50 10 -14 -30 10 -8 -30
4 16 17.071 -14 -30 17.071 -14 -52.929 20 -10 -50 20 -10 -30
4 16 10 -14 -30 17.071 -14 -30 20 -10 -30 10 -8 -30
4 16 20 -8 -30 20 -10 -30 20 -10 -50 20 -8 -50
3 16 20 -10 -30 20 -8 -30 10 -8 -30
4 16 17.071 -14 -52.929 17.071 -14 -30 10 -14 -30 10 -14 -50
2 24 20 -10 -30 20 -8 -30
2 24 17.071 -14 -30 17.071 -14 -52.929
2 24 20 -10 -30 17.071 -14 -30
2 24 20 -10 -50 20 -10 -30
2 24 10 -14 -30 17.071 -14 -30
2 24 10 -14 -30 10 -8 -30
2 24 10 -14 -30 10 -14 -50
2 24 10 -14 -50 10 -8 -50

0 // Ruler Knob
1 16 10 -16 -60 10 0 0 0 8 0 0 0 10 4-4cyli.dat
1 16 10 -16 -60 10 0 0 0 1 0 0 0 10 4-4disc.dat
1 16 10 -16 -60 10 0 0 0 1 0 0 0 10 4-4edge.dat
1 16 10 -8 -60 10 0 0 0 -1 0 0 0 10 4-4disc.dat
1 16 10 -8 -60 10 0 0 0 -1 0 0 0 10 1-4ndis.dat
1 16 10 -8 -60 10 0 0 0 1 0 0 0 -10 3-8edge.dat
1 16 10 -14 -60 10 0 0 0 1 0 0 0 10 1-4edge.dat
1 16 10 -16 -60 6 0 0 0 -2 0 0 0 6 4-4cyli.dat
1 16 10 -16 -60 6 0 0 0 -1 0 0 0 6 4-4edge.dat
1 16 10 -18 -60 6 0 0 0 -6 0 0 0 6 4-8sphe.dat
2 24 2.929 -8 -67.071 1.264 -8 -64.58
2 24 8.484 -8 -50.301 10 -8 -50

0 // Arm 1
2 24 -21.260059 -14 -35.426253 -20.761 -14 -36.173
2 24 -20 -14 -40 -20.761 -14 -36.173
2 24 -22.929 -14 -47.071 -26.173 -14 -49.239
2 24 -22.929 -14 -47.071 -20.761 -14 -43.827
2 24 -28.490127 -14 -49.699761 -26.173 -14 -49.239
2 24 -20 -14 -40 -20.761 -14 -43.827
2 24 .761 -14 -56.173 2.929 -14 -52.929
2 24 .761 -14 -56.173 0 -14 -60
2 24 6.173 -14 -50.761 8.483946 -14 -50.301468
2 24 6.173 -14 -50.761 2.929 -14 -52.929
2 24 .761 -14 -63.827 0 -14 -60
2 24 1.264396 -14 -64.580236 .761 -14 -63.827
2 24 -21.260059 -14 -35.426253 -21.260059 -8 -35.426253
2 24 8.483946 -14 -50.301468 8.483946 -8 -50.301468
2 24 -28.490127 -14 -49.699761 -28.490127 -8 -49.699761
2 24 1.264396 -14 -64.580236 1.264396 -8 -64.580236

1 16 -30 -24 -40 10 0 0 0 16 0 0 0 10 4-4cyli.dat
1 16 -30 -24 -40 10 0 0 0 1 0 0 0 10 4-4disc.dat
1 16 -30 -24 -40 10 0 0 0 1 0 0 0 10 4-4edge.dat
1 16 -30 -8 -40 10 0 0 0 -1 0 0 0 10 4-4disc.dat
1 16 -30 -8 -40 0 0 -10 0 1 0 -10 0 0 5-8edge.dat
2 24 -30 -8 -50 -28.49 -8 -49.7
2 24 -22.929 -8 -32.929 -21.26 -8 -35.426

0 // 1 16 -50 -24 10 0 44.72 0 0 0 3 8 0 0 box4.dat
0 // Angle 26.57 degrees
0 // 1 16 -50 -11 10 3.57833 39.99706 0 0 0 3 7.15511 -20.00285 0 box4.dat
4 16 1.264 -14 -64.58 -28.49 -14 -49.7 -28.49 -8 -49.7 1.264 -8 -64.58
4 16 .761 -14 -63.827 -26.173 -14 -49.239 -28.49 -14 -49.7 1.264 -14 -64.58
4 16 -26.173 -14 -49.239 .761 -14 -63.827 0 -14 -60 -22.929 -14 -47.071
4 16 -22.929 -14 -47.071 0 -14 -60 .761 -14 -56.173 -20.761 -14 -43.827
4 16 -20 -14 -40 -20.761 -14 -43.827 .761 -14 -56.173 2.929 -14 -52.929
4 16 -20 -14 -40 2.929 -14 -52.929 6.173 -14 -50.761 -20.761 -14 -36.173
4 16 -20.761 -14 -36.173 6.173 -14 -50.761 8.484 -14 -50.301 -21.26 -14 -35.426
4 16 8.484 -8 -50.301 -21.26 -8 -35.426 -21.26 -14 -35.426 8.484 -14 -50.301
4 16 -21.26 -8 -35.426 8.484 -8 -50.301 6.173 -8 -50.761 -20.761 -8 -36.173
4 16 -20 -8 -40 -20.761 -8 -36.173 6.173 -8 -50.761 2.929 -8 -52.929
4 16 -20 -8 -40 2.929 -8 -52.929 .761 -8 -56.173 -20.761 -8 -43.827
4 16 -22.929 -8 -47.071 -20.761 -8 -43.827 .761 -8 -56.173 0 -8 -60
4 16 -26.173 -8 -49.239 -22.929 -8 -47.071 0 -8 -60 .761 -8 -63.827
4 16 -28.49 -8 -49.7 -26.173 -8 -49.239 .761 -8 -63.827 1.264 -8 -64.58

2 24 -28.49 -14 -49.7 1.264 -14 -64.58
2 24 -28.49 -8 -49.7 1.264 -8 -64.58
2 24 -21.26 -8 -35.426 8.484 -8 -50.301
2 24 -21.26 -14 -35.426 8.484 -14 -50.301

0 // Arm 2
1 16 20 -24 30 10 0 0 0 10 0 0 0 10 4-4cylc.dat
1 16 20 -14 30 10 0 0 0 -1 0 0 0 10 4-4disc.dat
0 // 1 16 -50 -17 10 0 45 0 0 0 3 8 0 0 box4.dat
0 // 1 16 -5 -17 14 0 45 0 0 0 3 4 0 0 box4.dat
1 16 -30 -17 -40 -6.32552 27.54978 0 0 0 3 4.89774 35.58103 0 box4.dat
1 16 -5.613 -17 -1.97 -3.16276 27.54978 0 0 0 3 2.44887 35.58103 0 box4.dat

2 24 16.93 -20 20.611 16.93 -14 20.611
2 24 12.929 -20 22.929 10.927 -20 25.925
2 24 12.929 -20 22.929 16.173 -20 20.761
2 24 16.93 -20 20.611 16.173 -20 20.761
2 24 10.927 -14 25.925 10.927 -20 25.925

2 24 8.714043 -14 10 -1.403713 -14 10
2 24 8.714043 -14 10 8.714043 -20 10
2 24 8.714043 -20 10 -1.403713 -20 10
2 24 -1.403713 -14 10 -1.403713 -20 10

2 24 -13.827 -14 -9.239 -15.456723 -14 -8.149838
2 24 -10 -14 -10 -13.827 -14 -9.239
2 24 -10 -14 -10 3.34624 -14 -10
2 24 3.34624 -14 -10 3.34624 -20 -10
2 24 -13.827 -20 -9.239 -15.456723 -20 -8.149838
2 24 -13.827 -20 -9.239 -10 -20 -10
2 24 -10 -20 -10 3.34624 -20 -10
2 24 -15.456723 -14 -8.149838 -15.456723 -20 -8.149838

0 // Top
3 16 -19 -4.242641 4.242641 -19 0 0 -19 -4.242641 -4.242641
3 16 -14 -4.242641 4.242641 -14 -4.242641 -4.242641 -14 0 0
3 16 14 -4.242641 -4.242641 14 -4.242641 4.242641 14 0 0
3 16 19 0 0 19 -4.242641 4.242641 19 -4.242641 -4.242641

1 16 16.5 -8 0 2.5 0 0 0 3.757359 0 0 0 4.2426 box4o4a.dat
2 24 14 -4.242641 -4.242641 19 -4.242641 -4.242641
2 24 19 -4.242641 4.2426 14 -4.242641 4.2426
1 16 -16.5 -8 0 2.5 0 0 0 3.757359 0 0 0 4.2426 box4o4a.dat
2 24 -19 -4.242641 4.2426 -14 -4.242641 4.2426
2 24 -19 -4.242641 -4.242641 -14 -4.242641 -4.242641

1 16 -10 -24 0 0 0 -10 0 16 0 10 0 0 2-4cylc.dat
1 16 10 -24 0 0 0 10 0 16 0 -10 0 0 2-4cylc.dat
1 16 -10 -8 0 0 0 -10 0 -1 0 10 0 0 2-4disc.dat
1 16 10 -8 0 0 0 10 0 -1 0 -10 0 0 2-4disc.dat
4 16 -10 -8 10 10 -8 10 10 -8 0 -10 -8 0
4 16 -10 -8 0 10 -8 0 10 -8 -10 -10 -8 -10

4 16 10 -8 10 -10 -8 10 -10 -24 10 10 -24 10
4 16 -10 -24 -10 -10 -8 -10 10 -8 -10 10 -24 -10
4 16 10 -24 0 -10 -24 0 -10 -24 -10 10 -24 -10
4 16 -10 -24 0 10 -24 0 10 -24 10 -10 -24 10
2 24 -10 -24 -10 10 -24 -10
2 24 -10 -24 10 10 -24 10
2 24 -10 -8 -10 10 -8 -10
2 24 -10 -8 10 10 -8 10

1 16 -14 0 0 0 28 0 0 0 4 4 0 0 4-4cylo.dat
1 16 19 0 0 0 -5 0 -4.242641 0 4.242641 4.242641 0 4.242641 3-4cylc.dat
1 16 14 0 0 0 1 0 -1.414214 0 1.414214 -1.414214 0 -1.414214 3-4ring2.dat
1 16 -19 0 0 0 5 0 -4.242641 0 4.242641 4.242641 0 4.242641 3-4cylc.dat
1 16 -14 0 0 0 -1 0 -1.414214 0 1.414214 -1.414214 0 -1.414214 3-4ring2.dat
