0 Minifig Head Minion  2 x  2 x  2.333 - with Goggles
0 Name: 69061.dat
0 Author: Gerald Lasser [GeraldLasser]
0 !LDRAW_ORG Unofficial_Part 
0 !LICENSE Redistributable under CCAL version 2.0 : see CAreadme.txt

0 !HELP Tile Placement: 1 47 -10 18 -28 0 0 -1 -1 0 0 0 1 0 98138.dat
0 !HELP Tile Placement: 1 47 10 18 -28 0 0 -1 -1 0 0 0 1 0 98138.dat

0 BFC CERTIFY CCW

0 !KEYWORDS Kevin


1 16 0 0 0 1 0 0 0 1 0 0 0 1 s\69061s01.dat

0 // Goggles
1 16 0 0 0 1 0 0 0 1 0 0 0 1 s\68986s02.dat

0 // Patternable Surfaces
1 16 0 22 0 0 0 20 0 30 0 -20 0 0 1-8cyli.dat
1 16 0 22 0 0 0 -20 0 30 0 -20 0 0 1-8cyli.dat
4 16 7.6538 52 -18.4777 0 52 -20 .0002 56 -20.0005 7.6536 56 -18.4774
4 16 7.6538 52 -18.4777 7.6536 56 -18.4774 10.0699 56 -16.8699 10.07 52 -16.87
4 16 .0002 56 -20.0005 0 52 -20 -7.654 52 -18.478 -7.6539 56 -18.4778
4 16 -7.6539 56 -18.4778 -7.654 52 -18.478 -10.07 52 -16.87 -10.07 56 -16.87

5 24 7.6538 52 -18.4777 7.6536 56 -18.4774 10.0699 56 -16.8699 .0002 56 -20.0005
5 24 0 52 -20 .0002 56 -20.0005 7.6536 56 -18.4774 -7.6539 56 -18.4778
5 24 -7.654 52 -18.478 -7.6539 56 -18.4778 -10.07 56 -16.87 .0002 56 -20.0005
