0 Minifig Head Minion  2 x  2 x  1.667 with Black Mono-Goggles and Black Hair and Round Open Mouth Pattern
0 Name: 69101p03.dat
0 Author: Gerald Lasser [GeraldLasser]
0 !LDRAW_ORG Unofficial_Part 
0 !LICENSE Redistributable under CCAL version 2.0 : see CAreadme.txt

0 !HELP Tile Placement: 1 47 -10 18 -28 0 0 -1 -1 0 0 0 1 0 98138.dat
0 !HELP Tile Placement: 1 47 10 18 -28 0 0 -1 -1 0 0 0 1 0 98138.dat

0 BFC CERTIFY CCW

0 !KEYWORDS Stuart, Bricklink 69073pb03, Set 75550


1 16 0 0 0 1 0 0 0 1 0 0 0 1 s\69101p01s01.dat

0 // Pattern
4 0 -2.2173 34.4137 -19.5591 -2.4 35.6 -19.5228 0 36 -20 -1.6971 33.408 -19.6625
4 0 0 36 -20 -2.2173 36.7863 -19.5593 -1.6971 37.792 -19.6628 -.9184 38.464 -19.8177
3 0 0 36 -20 -.9184 38.464 -19.8177 0 38.7 -20.0005
4 0 0 36 -20 0 38.7 -20.0005 .9184 38.464 -19.8178 1.6971 37.792 -19.6628
4 0 0 36 -20 1.6971 37.792 -19.6628 2.2173 36.7863 -19.5593 2.4 35.6 -19.5228
4 0 0 36 -20 2.4 35.6 -19.5228 2.2173 34.4137 -19.5591 1.6971 33.408 -19.6625
4 0 0 36 -20 1.6971 33.408 -19.6625 .9184 32.736 -19.8174 0 32.5 -20
4 0 0 36 -20 0 32.5 -20 -.9184 32.736 -19.8174 -1.6971 33.408 -19.6625
3 0 -2.4 35.6 -19.5228 -2.2173 36.7863 -19.5593 0 36 -20
3 16 -2.2173 36.7863 -19.5593 -7.6539 40 -18.4778 -1.6971 37.792 -19.6628
4 16 -.9184 38.464 -19.8177 -1.6971 37.792 -19.6628 -7.6539 40 -18.4778 .0002 40 -20.0005
3 16 -.9184 38.464 -19.8177 .0002 40 -20.0005 0 38.7 -20.0005
3 16 -2.4 35.6 -19.5228 -7.6539 40 -18.4778 -2.2173 36.7863 -19.5593
4 16 -7.6539 40 -18.4778 -2.4 35.6 -19.5228 -2.2173 34.4137 -19.5591 -7.654 22 -18.478
3 16 -7.654 22 -18.478 -2.2173 34.4137 -19.5591 -1.6971 33.408 -19.6625
4 16 0 26 -20 -6.5969 22.25 -18.6882 -.9184 32.736 -19.8174 0 32.5 -20
4 16 -1.6971 33.408 -19.6625 -.9184 32.736 -19.8174 -6.5969 22.25 -18.6882 -7.654 22 -18.478
3 16 7.6541 40 -18.4769 2.4 35.6 -19.5228 2.2173 36.7863 -19.5593
3 16 2.2173 36.7863 -19.5593 1.6971 37.792 -19.6628 7.6541 40 -18.4769
4 16 7.6541 40 -18.4769 1.6971 37.792 -19.6628 .9184 38.464 -19.8178 .0002 40 -20.0005
3 16 .9184 38.464 -19.8178 0 38.7 -20.0005 .0002 40 -20.0005
4 16 2.2173 34.4137 -19.5591 2.4 35.6 -19.5228 7.6541 40 -18.4769 7.6544 22 -18.4779
3 16 7.6544 22 -18.4779 1.6971 33.408 -19.6625 2.2173 34.4137 -19.5591
4 16 6.5969 22.25 -18.6882 .9184 32.736 -19.8174 1.6971 33.408 -19.6625 7.6544 22 -18.4779
4 16 .9184 32.736 -19.8174 6.5969 22.25 -18.6882 0 26 -20 0 32.5 -20
4 16 -7.6539 40 -18.4778 -7.654 22 -18.478 -14.1424 22 -14.1424 -10.07 36 -16.87
3 16 -14.142 36 -14.142 -10.07 36 -16.87 -14.1424 22 -14.1424
4 16 7.6544 22 -18.4779 10.07 36 -16.87 14.142 36 -14.142 14.1424 22 -14.1424
3 16 7.6541 40 -18.4769 10.07 36 -16.87 7.6544 22 -18.4779
3 16 7.6541 40 -18.4769 10.0699 40 -16.8699 10.07 36 -16.87
3 16 -7.6539 40 -18.4778 -10.07 36 -16.87 -10.07 40 -16.87
