0 Wheel 24 x 107 Motorcycle with  6 Spokes
0 Name: 71720.dat
0 Author: Philippe Hurbain [Philo]
0 !LDRAW_ORG Unofficial_Part 
0 !LICENSE Redistributable under CCAL version 2.0 : see CAreadme.txt

0 BFC CERTIFY CCW

0 !KEYWORDS Set 42130, BMW M 1000 RR


1 16 0 0 -10 1 0 0 0 0 1 0 20 0 axl3hole.dat
1 16 0 0 -10 9 0 0 0 0 9 0 0.2 0 4-4cylo.dat
1 16 0 0 -10 3 0 0 0 0 3 0 1 0 4-4ring2.dat

1 16 0 0 0 1 0 0 0 1 0 0 0 1 s\71720s01.dat
1 16 0 0 0 -0.5 -0.86603 0 0.86603 -0.5 0 0 0 1 s\71720s01.dat
1 16 0 0 0 -0.5 0.86603 0 -0.86603 -0.5 0 0 0 1 s\71720s01.dat
4 16 -8.9558 9.3887 -9.8 -6.3639 6.3639 -9.8 -9 0 -9.8 -12.609 3.0615 -9.8
4 16 -1.0242 10.4332 -9.8 0 9 -9.8 -6.3639 6.3639 -9.8 -8.9558 9.3887 -9.8
4 16 0 9 -9.8 -1.0242 10.4332 -9.8 1.0242 10.4332 -9.8 8.9558 9.3889 -9.8
4 16 8.3151 3.4443 -9.8 0 9 -9.8 8.9558 9.3889 -9.8 12.6088 3.0616 -9.8
4 16 8.3151 3.4443 -9.8 12.6088 3.0616 -9.8 9.5475 -4.3296 -9.8 6.3639 -6.3639 -9.8
4 16 6.3639 -6.3639 -9.8 9.5475 -4.3296 -9.8 8.5233 -6.1036 -9.8 3.653 -12.4503 -9.8
4 16 -3.4443 -8.3151 -9.8 6.3639 -6.3639 -9.8 3.653 -12.4503 -9.8 -3.6532 -12.4504 -9.8
4 16 -6.3639 -6.3639 -9.8 -3.4443 -8.3151 -9.8 -3.6532 -12.4504 -9.8 -8.5233 -6.1036 -9.8
4 16 -6.3639 -6.3639 -9.8 -8.5233 -6.1036 -9.8 -9.5475 -4.3296 -9.8 -9 0 -9.8
3 16 -9 0 -9.8 -9.5475 -4.3296 -9.8 -12.609 3.0615 -9.8
1 16 0 0 10 9 0 0 0 0 9 0 -16 0 4-4cylo.dat
1 16 0 0 10 3 0 0 0 0 3 0 -1 0 4-4ring2.dat
4 16 3.4443 8.3151 -6 9 0 -6 11 0 -6 5.5 9.5263 -6
4 16 5.5 -9.5263 -6 11 0 -6 9 0 -6 3.4443 -8.3151 -6
4 16 -5.5 -9.5263 -6 5.5 -9.5263 -6 3.4443 -8.3151 -6 -3.4443 -8.3151 -6
4 16 -11 0 -6 -5.5 -9.5263 -6 -3.4443 -8.3151 -6 -9 0 -6
4 16 -5.5 9.5263 -6 -11 0 -6 -9 0 -6 -3.4443 8.3151 -6
4 16 -5.5 9.5263 -6 -3.4443 8.3151 -6 3.4443 8.3151 -6 5.5 9.5263 -6
1 16 0 0 -29 134 0 0 0 0 134 0 4 0 48\4-4cylo.dat
1 16 0 0 -19 133 0 0 0 0 133 0 4 0 48\4-4cylo.dat
1 16 0 0 -25 129.1 0 0 0 0 129.1 0 6 0 48\4-4cylo.dat
1 16 0 0 -25 4.96296 0 0 0 0 4.96296 0 -1 0 48\4-4rin26.dat
1 16 0 0 -19 3.91176 0 0 0 0 3.91176 0 1 0 48\4-4rin33.dat
1 16 0 0 -29 2.79167 0 0 0 0 2.79167 0 1 0 48\4-4rin47.dat
0 BFC INVERTNEXT
1 16 0 0 -29 131.20833 0 0 0 0 131.20833 0 1 0 48\4-4cylo.dat
1 16 0 0 -28 6.9057 0 0 0 0 6.9057 0 1 0 48\4-4rin18.dat
0 BFC INVERTNEXT
1 16 0 0 -28 124.30263 0 0 0 0 124.30263 0 10 0 48\4-4cylo.dat
0 BFC INVERTNEXT
1 16 0 0 -18 7.76891 0 0 0 0 7.76891 0 6 0 48\4-4con15.dat
0 BFC INVERTNEXT
1 16 0 0 -12 4.66135 0 0 0 0 4.66135 0 12 0 48\4-4con24.dat

1 16 0 0 29 134 0 0 0 0 134 0 -4 0 48\4-4cylo.dat
1 16 0 0 19 133 0 0 0 0 133 0 -4 0 48\4-4cylo.dat
1 16 0 0 25 129.1 0 0 0 0 129.1 0 -6 0 48\4-4cylo.dat
1 16 0 0 25 4.96296 0 0 0 0 4.96296 0 1 0 48\4-4rin26.dat
1 16 0 0 19 3.91176 0 0 0 0 3.91176 0 -1 0 48\4-4rin33.dat
1 16 0 0 29 2.79167 0 0 0 0 2.79167 0 -1 0 48\4-4rin47.dat
0 BFC INVERTNEXT
1 16 0 0 29 131.20833 0 0 0 0 131.20833 0 -1 0 48\4-4cylo.dat
1 16 0 0 28 6.9057 0 0 0 0 6.9057 0 -1 0 48\4-4rin18.dat
0 BFC INVERTNEXT
1 16 0 0 28 124.30263 0 0 0 0 124.30263 0 -10 0 48\4-4cylo.dat
0 BFC INVERTNEXT
1 16 0 0 18 7.76891 0 0 0 0 7.76891 0 -6 0 48\4-4con15.dat
0 BFC INVERTNEXT
1 16 0 0 12 4.66135 0 0 0 0 4.66135 0 -12 0 48\4-4con24.dat
5 24 -100.9182 58.2669 12 -107.6655 44.5975 12 -114.8432 47.5706 18 -96.8815 55.9362 0
5 24 112.5599 -30.1589 12 115.5315 -15.2077 12 123.2336 -16.2215 18 108.0575 -28.9526 0
5 24 30.1589 -112.5599 -12 44.5975 -107.6655 -12 47.5706 -114.8432 -18 28.9526 -108.0575 0
5 24 -107.6655 -44.5975 -12 -100.9182 -58.2669 -12 -107.6461 -62.1513 -18 -103.3589 -42.8136 0
5 24 0 -116.5337 -12 15.2077 -115.5315 -12 16.2215 -123.2336 -18 0 -111.8724 0
5 24 -92.4579 70.9457 -12 -100.9182 58.2669 -12 -107.6461 62.1513 -18 -88.7595 68.1079 0
5 24 28.9526 108.0575 0 14.5993 110.9103 0 15.2077 115.5315 12 15.2077 115.5315 -12
5 24 -14.5993 110.9103 0 -28.9526 108.0575 0 -30.1589 112.5599 12 -30.1589 112.5599 -12
5 24 -103.3589 42.8136 0 -108.0575 28.9526 0 -112.5599 30.1589 -12 -112.5599 30.1589 12
5 24 55.9362 96.8815 0 42.8136 103.3589 0 44.5975 107.6655 -12 44.5975 107.6655 12
5 24 -100.9182 58.2669 -12 -107.6655 44.5975 -12 -114.8432 47.5706 -18 -96.8815 55.9362 0
5 24 -111.8724 0 0 -110.9103 -14.5993 0 -115.5315 -15.2077 -12 -115.5315 -15.2077 12
5 24 -100.9182 -58.2669 12 -92.4579 -70.9457 12 -98.6217 -75.6754 18 -96.8815 -55.9362 0
5 24 108.0575 28.9526 0 103.3589 42.8136 0 107.6655 44.5975 -12 107.6655 44.5975 12
5 24 15.2077 -115.5315 12 30.1589 -112.5599 12 32.1695 -120.0639 18 14.5993 -110.9103 0
5 24 -70.9457 92.4579 -12 -82.401 82.401 -12 -87.8944 87.8944 -18 -68.1079 88.7595 0
5 24 112.5599 30.1589 -12 107.6655 44.5975 -12 114.8432 47.5706 -18 108.0575 28.9526 0
5 24 -58.2669 -100.9182 -12 -44.5975 -107.6655 -12 -47.5706 -114.8432 -18 -55.9362 -96.8815 0
5 24 -107.6655 -44.5975 12 -100.9182 -58.2669 12 -107.6461 -62.1513 18 -103.3589 -42.8136 0
5 24 -82.401 -82.401 12 -70.9457 -92.4579 12 -75.6754 -98.6217 18 -79.105 -79.105 0
5 24 -115.5315 15.2077 12 -116.5337 0 12 -124.3026 0 18 -110.9103 14.5993 0
5 24 -100.9182 -58.2669 -12 -92.4579 -70.9457 -12 -98.6217 -75.6754 -18 -96.8815 -55.9362 0
5 24 -30.1589 112.5599 12 -44.5975 107.6655 12 -47.5706 114.8432 18 -28.9526 108.0575 0
5 24 116.5337 0 -12 115.5315 15.2077 -12 123.2336 16.2215 -18 111.8724 0 0
5 24 -15.2077 115.5315 -12 -30.1589 112.5599 -12 -32.1695 120.0639 -18 -14.5993 110.9103 0
5 24 115.5315 15.2077 12 112.5599 30.1589 12 120.0639 32.1695 18 110.9103 14.5993 0
5 24 -44.5975 107.6655 -12 -58.2669 100.9182 -12 -62.1513 107.6461 -18 -42.8136 103.3589 0
5 24 -42.8136 103.3589 0 -55.9362 96.8815 0 -58.2669 100.9182 12 -58.2669 100.9182 -12
5 24 -108.0575 -28.9526 0 -103.3589 -42.8136 0 -107.6655 -44.5975 12 -107.6655 -44.5975 -12
5 24 0 116.5337 -12 -15.2077 115.5315 -12 -16.2215 123.2336 -18 0 111.8724 0
5 24 82.401 82.401 12 70.9457 92.4579 12 75.6754 98.6217 18 79.105 79.105 0
5 24 -88.7595 -68.1079 0 -79.105 -79.105 0 -82.401 -82.401 12 -82.401 -82.401 -12
5 24 -44.5975 -107.6655 -12 -30.1589 -112.5599 -12 -32.1695 -120.0639 -18 -42.8136 -103.3589 0
5 24 107.6655 -44.5975 12 112.5599 -30.1589 12 120.0639 -32.1695 18 103.3589 -42.8136 0
5 24 -82.401 82.401 -12 -92.4579 70.9457 -12 -98.6217 75.6754 -18 -79.105 79.105 0
5 24 44.5975 -107.6655 12 58.2669 -100.9182 12 62.1513 -107.6461 18 42.8136 -103.3589 0
5 24 -88.7595 68.1079 0 -96.8815 55.9362 0 -100.9182 58.2669 -12 -100.9182 58.2669 12
5 24 30.1589 -112.5599 12 44.5975 -107.6655 12 47.5706 -114.8432 18 28.9526 -108.0575 0
5 24 -42.8136 -103.3589 0 -28.9526 -108.0575 0 -30.1589 -112.5599 12 -30.1589 -112.5599 -12
5 24 55.9362 -96.8815 0 68.1079 -88.7595 0 70.9457 -92.4579 -12 70.9457 -92.4579 12
5 24 -115.5315 15.2077 -12 -116.5337 0 -12 -124.3026 0 -18 -110.9103 14.5993 0
5 24 92.4579 -70.9457 12 100.9182 -58.2669 12 107.6461 -62.1513 18 88.7595 -68.1079 0
5 24 70.9457 -92.4579 -12 82.401 -82.401 -12 87.8944 -87.8944 -18 68.1079 -88.7595 0
5 24 -116.5337 0 -12 -115.5315 -15.2077 -12 -123.2336 -16.2215 -18 -111.8724 0 0
5 24 68.1079 -88.7595 0 79.105 -79.105 0 82.401 -82.401 -12 82.401 -82.401 12
5 24 -107.6655 44.5975 12 -112.5599 30.1589 12 -120.0639 32.1695 18 -103.3589 42.8136 0
5 24 -92.4579 -70.9457 -12 -82.401 -82.401 -12 -87.8944 -87.8944 -18 -88.7595 -68.1079 0
5 24 115.5315 -15.2077 12 116.5337 0 12 124.3026 0 18 110.9103 -14.5993 0
5 24 -96.8815 55.9362 0 -103.3589 42.8136 0 -107.6655 44.5975 -12 -107.6655 44.5975 12
5 24 -110.9103 14.5993 0 -111.8724 0 0 -116.5337 0 -12 -116.5337 0 12
5 24 100.9182 -58.2669 -12 107.6655 -44.5975 -12 114.8432 -47.5706 -18 96.8815 -55.9362 0
5 24 96.8815 -55.9362 0 103.3589 -42.8136 0 107.6655 -44.5975 12 107.6655 -44.5975 -12
5 24 15.2077 115.5315 12 0 116.5337 12 0 124.3026 18 14.5993 110.9103 0
5 24 70.9457 92.4579 -12 58.2669 100.9182 -12 62.1513 107.6461 -18 68.1079 88.7595 0
5 24 -79.105 -79.105 0 -68.1079 -88.7595 0 -70.9457 -92.4579 12 -70.9457 -92.4579 -12
5 24 -110.9103 -14.5993 0 -108.0575 -28.9526 0 -112.5599 -30.1589 -12 -112.5599 -30.1589 12
5 24 -112.5599 -30.1589 12 -107.6655 -44.5975 12 -114.8432 -47.5706 18 -108.0575 -28.9526 0
5 24 70.9457 92.4579 12 58.2669 100.9182 12 62.1513 107.6461 18 68.1079 88.7595 0
5 24 82.401 -82.401 12 92.4579 -70.9457 12 98.6217 -75.6754 18 79.105 -79.105 0
5 24 -28.9526 -108.0575 0 -14.5993 -110.9103 0 -15.2077 -115.5315 -12 -15.2077 -115.5315 12
5 24 79.105 -79.105 0 88.7595 -68.1079 0 92.4579 -70.9457 12 92.4579 -70.9457 -12
5 24 44.5975 107.6655 -12 30.1589 112.5599 -12 32.1695 120.0639 -18 42.8136 103.3589 0
5 24 79.105 79.105 0 68.1079 88.7595 0 70.9457 92.4579 -12 70.9457 92.4579 12
5 24 -15.2077 -115.5315 12 0 -116.5337 12 0 -124.3026 18 -14.5993 -110.9103 0
5 24 30.1589 112.5599 12 15.2077 115.5315 12 16.2215 123.2336 18 28.9526 108.0575 0
5 24 103.3589 42.8136 0 96.8815 55.9362 0 100.9182 58.2669 -12 100.9182 58.2669 12
5 24 -30.1589 -112.5599 -12 -15.2077 -115.5315 -12 -16.2215 -123.2336 -18 -28.9526 -108.0575 0
5 24 -44.5975 -107.6655 12 -30.1589 -112.5599 12 -32.1695 -120.0639 18 -42.8136 -103.3589 0
5 24 -115.5315 -15.2077 -12 -112.5599 -30.1589 -12 -120.0639 -32.1695 -18 -110.9103 -14.5993 0
5 24 100.9182 58.2669 -12 92.4579 70.9457 -12 98.6217 75.6754 -18 96.8815 55.9362 0
5 24 -116.5337 0 12 -115.5315 -15.2077 12 -123.2336 -16.2215 18 -111.8724 0 0
5 24 -58.2669 100.9182 12 -70.9457 92.4579 12 -75.6754 98.6217 18 -55.9362 96.8815 0
5 24 -112.5599 30.1589 -12 -115.5315 15.2077 -12 -123.2336 16.2215 -18 -108.0575 28.9526 0
5 24 -96.8815 -55.9362 0 -88.7595 -68.1079 0 -92.4579 -70.9457 12 -92.4579 -70.9457 -12
5 24 -103.3589 -42.8136 0 -96.8815 -55.9362 0 -100.9182 -58.2669 12 -100.9182 -58.2669 -12
5 24 15.2077 115.5315 -12 0 116.5337 -12 0 124.3026 -18 14.5993 110.9103 0
5 24 -58.2669 100.9182 -12 -70.9457 92.4579 -12 -75.6754 98.6217 -18 -55.9362 96.8815 0
5 24 58.2669 -100.9182 12 70.9457 -92.4579 12 75.6754 -98.6217 18 55.9362 -96.8815 0
5 24 112.5599 -30.1589 -12 115.5315 -15.2077 -12 123.2336 -16.2215 -18 108.0575 -28.9526 0
5 24 108.0575 -28.9526 0 110.9103 -14.5993 0 115.5315 -15.2077 12 115.5315 -15.2077 -12
5 24 58.2669 100.9182 -12 44.5975 107.6655 -12 47.5706 114.8432 -18 55.9362 96.8815 0
5 24 110.9103 14.5993 0 108.0575 28.9526 0 112.5599 30.1589 12 112.5599 30.1589 -12
5 24 -55.9362 96.8815 0 -68.1079 88.7595 0 -70.9457 92.4579 12 -70.9457 92.4579 -12
5 24 42.8136 -103.3589 0 55.9362 -96.8815 0 58.2669 -100.9182 -12 58.2669 -100.9182 12
5 24 0 111.8724 0 -14.5993 110.9103 0 -15.2077 115.5315 12 -15.2077 115.5315 -12
5 24 -15.2077 115.5315 12 -30.1589 112.5599 12 -32.1695 120.0639 18 -14.5993 110.9103 0
5 24 58.2669 100.9182 12 44.5975 107.6655 12 47.5706 114.8432 18 55.9362 96.8815 0
5 24 -70.9457 -92.4579 -12 -58.2669 -100.9182 -12 -62.1513 -107.6461 -18 -68.1079 -88.7595 0
5 24 103.3589 -42.8136 0 108.0575 -28.9526 0 112.5599 -30.1589 12 112.5599 -30.1589 -12
5 24 15.2077 -115.5315 -12 30.1589 -112.5599 -12 32.1695 -120.0639 -18 14.5993 -110.9103 0
5 24 -112.5599 30.1589 12 -115.5315 15.2077 12 -123.2336 16.2215 18 -108.0575 28.9526 0
5 24 92.4579 -70.9457 -12 100.9182 -58.2669 -12 107.6461 -62.1513 -18 88.7595 -68.1079 0
5 24 -14.5993 -110.9103 0 0 -111.8724 0 0 -116.5337 -12 0 -116.5337 12
5 24 14.5993 110.9103 0 0 111.8724 0 0 116.5337 -12 0 116.5337 12
5 24 111.8724 0 0 110.9103 14.5993 0 115.5315 15.2077 12 115.5315 15.2077 -12
5 24 116.5337 0 12 115.5315 15.2077 12 123.2336 16.2215 18 111.8724 0 0
5 24 110.9103 -14.5993 0 111.8724 0 0 116.5337 0 12 116.5337 0 -12
5 24 -15.2077 -115.5315 -12 0 -116.5337 -12 0 -124.3026 -18 -14.5993 -110.9103 0
5 24 107.6655 -44.5975 -12 112.5599 -30.1589 -12 120.0639 -32.1695 -18 103.3589 -42.8136 0
5 24 82.401 82.401 -12 70.9457 92.4579 -12 75.6754 98.6217 -18 79.105 79.105 0
5 24 -92.4579 70.9457 12 -100.9182 58.2669 12 -107.6461 62.1513 18 -88.7595 68.1079 0
5 24 14.5993 -110.9103 0 28.9526 -108.0575 0 30.1589 -112.5599 -12 30.1589 -112.5599 12
5 24 -30.1589 -112.5599 12 -15.2077 -115.5315 12 -16.2215 -123.2336 18 -28.9526 -108.0575 0
5 24 107.6655 44.5975 -12 100.9182 58.2669 -12 107.6461 62.1513 -18 103.3589 42.8136 0
5 24 44.5975 107.6655 12 30.1589 112.5599 12 32.1695 120.0639 18 42.8136 103.3589 0
5 24 -58.2669 -100.9182 12 -44.5975 -107.6655 12 -47.5706 -114.8432 18 -55.9362 -96.8815 0
5 24 -68.1079 -88.7595 0 -55.9362 -96.8815 0 -58.2669 -100.9182 12 -58.2669 -100.9182 -12
5 24 -107.6655 44.5975 -12 -112.5599 30.1589 -12 -120.0639 32.1695 -18 -103.3589 42.8136 0
5 24 30.1589 112.5599 -12 15.2077 115.5315 -12 16.2215 123.2336 -18 28.9526 108.0575 0
5 24 82.401 -82.401 -12 92.4579 -70.9457 -12 98.6217 -75.6754 -18 79.105 -79.105 0
5 24 42.8136 103.3589 0 28.9526 108.0575 0 30.1589 112.5599 -12 30.1589 112.5599 12
5 24 -82.401 -82.401 -12 -70.9457 -92.4579 -12 -75.6754 -98.6217 -18 -79.105 -79.105 0
5 24 -30.1589 112.5599 -12 -44.5975 107.6655 -12 -47.5706 114.8432 -18 -28.9526 108.0575 0
5 24 -82.401 82.401 12 -92.4579 70.9457 12 -98.6217 75.6754 18 -79.105 79.105 0
5 24 44.5975 -107.6655 -12 58.2669 -100.9182 -12 62.1513 -107.6461 -18 42.8136 -103.3589 0
5 24 88.7595 -68.1079 0 96.8815 -55.9362 0 100.9182 -58.2669 -12 100.9182 -58.2669 12
5 24 112.5599 30.1589 12 107.6655 44.5975 12 114.8432 47.5706 18 108.0575 28.9526 0
5 24 -70.9457 92.4579 12 -82.401 82.401 12 -87.8944 87.8944 18 -68.1079 88.7595 0
5 24 28.9526 -108.0575 0 42.8136 -103.3589 0 44.5975 -107.6655 -12 44.5975 -107.6655 12
5 24 0 116.5337 12 -15.2077 115.5315 12 -16.2215 123.2336 18 0 111.8724 0
5 24 88.7595 68.1079 0 79.105 79.105 0 82.401 82.401 -12 82.401 82.401 12
5 24 -68.1079 88.7595 0 -79.105 79.105 0 -82.401 82.401 -12 -82.401 82.401 12
5 24 58.2669 -100.9182 -12 70.9457 -92.4579 -12 75.6754 -98.6217 -18 55.9362 -96.8815 0
5 24 -70.9457 -92.4579 12 -58.2669 -100.9182 12 -62.1513 -107.6461 18 -68.1079 -88.7595 0
5 24 107.6655 44.5975 12 100.9182 58.2669 12 107.6461 62.1513 18 103.3589 42.8136 0
5 24 68.1079 88.7595 0 55.9362 96.8815 0 58.2669 100.9182 -12 58.2669 100.9182 12
5 24 92.4579 70.9457 -12 82.401 82.401 -12 87.8944 87.8944 -18 88.7595 68.1079 0
5 24 -28.9526 108.0575 0 -42.8136 103.3589 0 -44.5975 107.6655 -12 -44.5975 107.6655 12
5 24 -112.5599 -30.1589 -12 -107.6655 -44.5975 -12 -114.8432 -47.5706 -18 -108.0575 -28.9526 0
5 24 -115.5315 -15.2077 12 -112.5599 -30.1589 12 -120.0639 -32.1695 18 -110.9103 -14.5993 0
5 24 96.8815 55.9362 0 88.7595 68.1079 0 92.4579 70.9457 -12 92.4579 70.9457 12
5 24 100.9182 -58.2669 12 107.6655 -44.5975 12 114.8432 -47.5706 18 96.8815 -55.9362 0
5 24 115.5315 -15.2077 -12 116.5337 0 -12 124.3026 0 -18 110.9103 -14.5993 0
5 24 100.9182 58.2669 12 92.4579 70.9457 12 98.6217 75.6754 18 96.8815 55.9362 0
5 24 70.9457 -92.4579 12 82.401 -82.401 12 87.8944 -87.8944 18 68.1079 -88.7595 0
5 24 -55.9362 -96.8815 0 -42.8136 -103.3589 0 -44.5975 -107.6655 12 -44.5975 -107.6655 -12
5 24 0 -116.5337 12 15.2077 -115.5315 12 16.2215 -123.2336 18 0 -111.8724 0
5 24 -44.5975 107.6655 12 -58.2669 100.9182 12 -62.1513 107.6461 18 -42.8136 103.3589 0
5 24 92.4579 70.9457 12 82.401 82.401 12 87.8944 87.8944 18 88.7595 68.1079 0
5 24 -92.4579 -70.9457 12 -82.401 -82.401 12 -87.8944 -87.8944 18 -88.7595 -68.1079 0
5 24 115.5315 15.2077 -12 112.5599 30.1589 -12 120.0639 32.1695 -18 110.9103 14.5993 0
5 24 -108.0575 28.9526 0 -110.9103 14.5993 0 -115.5315 15.2077 -12 -115.5315 15.2077 12
5 24 0 -111.8724 0 14.5993 -110.9103 0 15.2077 -115.5315 -12 15.2077 -115.5315 12
5 24 -79.105 79.105 0 -88.7595 68.1079 0 -92.4579 70.9457 -12 -92.4579 70.9457 12

1 16 0 0 -15 8.3125 0 0 0 0 8.3125 0 -1 0 48\4-4rin15.dat
1 16 0 0 -15 8.3125 0 0 0 0 8.3125 0 9 0 48\1-4con14.dat
1 16 0 0 -15 -8.3125 0 0 0 0 8.3125 0 9 0 48\1-4con14.dat
1 16 0 0 -15 8.3125 0 0 0 0 -8.3125 0 9 0 48\1-4con14.dat
1 16 0 0 -15 -8.3125 0 0 0 0 -8.3125 0 9 0 48\1-4con14.dat
1 16 0 0 -15 124.6875 0 0 0 0 124.6875 0 -1 0 48\4-4edge.dat
1 16 0 0 15 8.3125 0 0 0 0 8.3125 0 1 0 48\4-4rin15.dat
1 16 0 0 15 8.3125 0 0 0 0 8.3125 0 -9 0 48\1-4con14.dat
1 16 0 0 15 -8.3125 0 0 0 0 8.3125 0 -9 0 48\1-4con14.dat
1 16 0 0 15 8.3125 0 0 0 0 -8.3125 0 -9 0 48\1-4con14.dat
1 16 0 0 15 -8.3125 0 0 0 0 -8.3125 0 -9 0 48\1-4con14.dat
1 16 0 0 15 124.6875 0 0 0 0 124.6875 0 1 0 48\4-4edge.dat
1 16 0 0 -6 116.375 0 0 0 0 116.375 0 12 0 48\4-4cylo.dat
2 24 1 -131 -15 1 -124.6216 -15
2 24 1 -124.6216 15 1 -131 15
2 24 1 -116.3091 -6 1 -116.3091 6
2 24 1 -124.6216 15 1 -116.3091 6
2 24 1 -116.3091 -6 1 -124.6216 -15
4 16 1 -116.3091 6 1 -124.6216 15 1 -131 15 1 -116.3091 -6
4 16 1 -131 -15 1 -124.6216 -15 1 -116.3091 -6 1 -131 15
2 24 -1 -131 -15 -1 -124.6216 -15
2 24 -1 -124.6216 15 -1 -131 15
2 24 -1 -116.3091 -6 -1 -116.3091 6
2 24 -1 -124.6216 15 -1 -116.3091 6
2 24 -1 -116.3091 -6 -1 -124.6216 -15
4 16 -1 -131 15 -1 -124.6216 15 -1 -116.3091 6 -1 -116.3091 -6
4 16 -1 -116.3091 -6 -1 -124.6216 -15 -1 -131 -15 -1 -131 15
1 16 0 -131 0 -1 0 0 0 1 0 0 0 -15 rect.dat

2 24 131 1 -15 124.6216 1 -15
2 24 124.6216 1 15 131 1 15
2 24 116.3091 1 -6 116.3091 1 6
2 24 124.6216 1 15 116.3091 1 6
2 24 116.3091 1 -6 124.6216 1 -15
4 16 116.3091 1 6 124.6216 1 15 131 1 15 116.3091 1 -6
4 16 131 1 -15 124.6216 1 -15 116.3091 1 -6 131 1 15
2 24 131 -1 -15 124.6216 -1 -15
2 24 124.6216 -1 15 131 -1 15
2 24 116.3091 -1 -6 116.3091 -1 6
2 24 124.6216 -1 15 116.3091 -1 6
2 24 116.3091 -1 -6 124.6216 -1 -15
4 16 131 -1 15 124.6216 -1 15 116.3091 -1 6 116.3091 -1 -6
4 16 116.3091 -1 -6 124.6216 -1 -15 131 -1 -15 131 -1 15
1 16 131 0 0 0 -1 0 -1 0 0 0 0 -15 rect.dat
2 24 -1 131 -15 -1 124.6216 -15
2 24 -1 124.6216 15 -1 131 15
2 24 -1 116.3091 -6 -1 116.3091 6
2 24 -1 124.6216 15 -1 116.3091 6
2 24 -1 116.3091 -6 -1 124.6216 -15
4 16 -1 116.3091 6 -1 124.6216 15 -1 131 15 -1 116.3091 -6
4 16 -1 131 -15 -1 124.6216 -15 -1 116.3091 -6 -1 131 15
2 24 1 131 -15 1 124.6216 -15
2 24 1 124.6216 15 1 131 15
2 24 1 116.3091 -6 1 116.3091 6
2 24 1 124.6216 15 1 116.3091 6
2 24 1 116.3091 -6 1 124.6216 -15
4 16 1 131 15 1 124.6216 15 1 116.3091 6 1 116.3091 -6
4 16 1 116.3091 -6 1 124.6216 -15 1 131 -15 1 131 15
1 16 0 131 0 1 0 0 0 -1 0 0 0 -15 rect.dat
2 24 -131 -1 -15 -124.6216 -1 -15
2 24 -124.6216 -1 15 -131 -1 15
2 24 -116.3091 -1 -6 -116.3091 -1 6
2 24 -124.6216 -1 15 -116.3091 -1 6
2 24 -116.3091 -1 -6 -124.6216 -1 -15
4 16 -116.3091 -1 6 -124.6216 -1 15 -131 -1 15 -116.3091 -1 -6
4 16 -131 -1 -15 -124.6216 -1 -15 -116.3091 -1 -6 -131 -1 15
2 24 -131 1 -15 -124.6216 1 -15
2 24 -124.6216 1 15 -131 1 15
2 24 -116.3091 1 -6 -116.3091 1 6
2 24 -124.6216 1 15 -116.3091 1 6
2 24 -116.3091 1 -6 -124.6216 1 -15
4 16 -131 1 15 -124.6216 1 15 -116.3091 1 6 -116.3091 1 -6
4 16 -116.3091 1 -6 -124.6216 1 -15 -131 1 -15 -131 1 15
1 16 -131 0 0 0 1 0 1 0 0 0 0 -15 rect.dat
