0 Sheet Plastic  5.3 x 20.3 Rectagular with  4 Tabs
0 Name: 78267.dat
0 Author: Orion Pobursky [OrionP]
0 !LDRAW_ORG Unofficial_Part 
0 !LICENSE Redistributable under CCAL version 2.0 : see CAreadme.txt

0 BFC CERTIFY CCW

0 !CATEGORY Sheet Plastic


1 16 0 0 0 1 0 0 0 1 0 0 0 1 s\78267s01.dat
1 16 0 0 0 1 0 0 0 1 0 0 0 -1 s\78267s01.dat
1 16 0 0 0 -1 0 0 0 1 0 0 0 1 s\78267s01.dat
1 16 0 0 0 -1 0 0 0 1 0 0 0 -1 s\78267s01.dat

4 16 -182.3914 -.25 38 -188 -.25 38 -188 -.25 -38 -182.3914 -.25 -38
4 16 -182.3914 -.25 38 -182.3914 -.25 -38 -171.3914 -.25 -38 -171.3914 -.25 38
4 16 188 -.25 -38 188 -.25 38 182.3914 -.25 38 182.3914 -.25 -38
4 16 171.3914 -.25 -38 182.3914 -.25 -38 182.3914 -.25 38 171.3914 -.25 38
4 16 -171.3914 -.25 38 -171.3914 -.25 -38 171.3914 -.25 -38 171.3914 -.25 38
4 16 192 -.25 -38 192 -.25 38 188 -.25 38 188 -.25 -38
4 16 196 -.25 38 192 -.25 38 192 -.25 -38 196 -.25 -38
4 16 203 -.25 38 196 -.25 38 196 -.25 -38 203 -.25 -38
4 16 -188 -.25 38 -192 -.25 38 -192 -.25 -38 -188 -.25 -38
4 16 -192 -.25 -38 -192 -.25 38 -196 -.25 38 -196 -.25 -38
4 16 -203 -.25 -38 -196 -.25 -38 -196 -.25 38 -203 -.25 38
