0 Brick  4 x  5 x  2 Ornamented with Bar and  4 Studs
0 Name: 79896.dat
0 Author: Philippe Hurbain [Philo]
0 !LDRAW_ORG Unofficial_Part 
0 !LICENSE Redistributable under CCAL version 2.0 : see CAreadme.txt

0 BFC CERTIFY CCW

0 !KEYWORDS Cockpit, Breastplate, Slope

0 !HISTORY 2022-01-30 {LEGO Instructions App} Original part shape
0 !HISTORY 2022-02-02 [Philo] File preparation for LDraw Parts Tracker

1 16 0 0 0 1 0 0 0 1 0 0 0 1 s\79896s01.dat
1 16 0 0 0 -1 0 0 0 1 0 0 0 1 s\79896s01.dat
1 16 -10 0 -10 0 0 1 0 1 0 -1 0 0 studa.dat
1 16 -10 0 10 0 0 1 0 1 0 -1 0 0 studa.dat
1 16 10 0 -10 0 0 1 0 1 0 -1 0 0 studa.dat
1 16 10 0 10 0 0 1 0 1 0 -1 0 0 studa.dat
1 16 14 26 -50 0 -28 0 4 0 0 0 0 4 4-4cylo.dat
3 16 0 3.95 -30 -14 25 -30 14 25 -30
1 16 0 30 -40 14 0 0 0 0 -2 0 1 0 rect2p.dat
1 16 0 28 -36.25 0 0 -14 0 1 0 3.75 0 0 rect1.dat
1 16 0 26.5 -31.25 0 0 -14 -1.5 0 0 1.25 1 0 rect1.dat
4 16 14 32 -40 -14 32 -40 -20 32 -31 20 32 -31
1 16 0 29.5 -28.5 -20 0 0 0 -1 -2.5 0 0 2.5 rect2p.dat
4 16 8 3 -20 -8 3 -20 -16.2 3 0 16.2 3 0
2 24 -16.2 3 0 16.2 3 0
3 16 6 8 -20 0 8.888 -20 -6 8 -20
1 16 0 5.5 -20 0 0 6 -2.5 0 0 0 -1 0 rect1.dat
3 16 -20 27 -26 0 8.888 -26 20 27 -26
1 16 0 5.5 0 -1 0 0 0 0 2.5 0 -4 0 box4-2p.dat
1 16 0 8 1.5 0 0 20 0 -1 0 1.5 0 0 rect1.dat
2 24 16.274 3 3 -16.274 3 3
4 16 -20 8 3 -20 5.3 3 20 5.3 3 20 8 3
4 16 -16.274 3 3 16.274 3 3 20 5.3 3 -20 5.3 3
3 16 16.274 3 3 -16.274 3 3 0 3 16.275
5 24 0 8.75 16.275 0 8.75 30 10.167 9.41 30 -10.167 9.41 30
5 24 0 3 16.275 0 8.75 16.275 5 9.0746 15.488 -5 9.0746 15.488
5 24 0 8.888 -26 0 8.888 -20 5.952 9.218 -20 -5.952 9.218 -20
5 24 0 0.45 -20 0 0.45 -21.3 10.167 1.11 -21.3 -10.167 1.11 -21.3
5 24 0 3.95 -21.3 0 3.95 -30 10.167 4.61 -30 -10.167 4.61 -30
5 24 0 5.15 30 0 5.15 20 10.167 5.81 16.7985 -10.167 5.81 16.7985
