0 Minifig Leg Right Long with Black and White Chaps and Dark Orange Boots and Dirt Stains Pattern
0 Name: 87776pk4.dat
0 Author: Gerald Lasser [GeraldLasser]
0 !LDRAW_ORG Unofficial_Part 
0 !LICENSE Redistributable under CCAL version 2.0 : see CAreadme.txt

0 BFC CERTIFY CCW

0 !KEYWORDS Set 7599


1 16 0 0 0 -1 0 0 0 1 0 0 0 1 s\87775s02.dat

0 // Outer Side Surface
3 16 -17.0293 -8.084 -3.349 -17 -8.75 0 -17.0293 -8.084 3.349
4 16 -17.1129 -6.187 -6.187 -17.0293 -8.084 -3.349 -17.0293 -8.084 3.349 -17.1129 -6.187 6.187
4 16 -17.2379 -3.349 -8.084 -17.1129 -6.187 -6.187 -17.1129 -6.187 6.187 -17.2379 -3.349 8.084
4 16 -17.3855 0 -8.75 -17.2379 -3.349 -8.084 -17.2379 -3.349 8.084 -17.3855 0 8.75
4 16 -17.658 6.187 -6.187 -17.533 3.349 -8.084 -17.3855 0 -8.75 -17.3855 0 8.75
3 16 -17.7114 7.399 -4 -17.658 6.187 -6.187 -17.3855 0 8.75
4 16 -17.7838 9.0419 -4 -17.7114 7.399 -4 -17.3855 0 8.75 -19.1476 40 9.7917
3 16 -18.8832 33.9979 -4 -19.1476 40 9.7917 -19.14759 40 -4
3 16 -19.1476 40 9.7917 -18.8832 33.9979 -4 -18.7048 29.9497 -4
3 16 -18.1175 16.6184 -4 -17.7838 9.0419 -4 -19.1476 40 9.7917
3 16 -18.1175 16.6184 -4 -19.1476 40 9.7917 -18.7048 29.9497 -4
4 484 -19.14759 40 -4 -19.5 48 10 -19.5 48 -10 -19.14759 40 -10
3 484 -19.1476 40 9.7917 -19.5 48 10 -19.14759 40 -4

0 // Rounded Front
4 16 -17.1129 -6.187 -6.187 -17.2379 -3.349 -8.084 -2 -3.349 -8.084 -2 -6.187 -6.187
4 28 -11.31547 0 -8.75 -11.35 -0.05981 -8.73811 -11.65 -0.05981 -8.73811 -11.68453 0 -8.75
4 28 -11.8 -1.2 -8.51136 -11.65 -0.94019 -8.56303 -11.35 -0.94019 -8.56303 -11.2 -1.2 -8.51136
4 28 -11.8 -1.2 -8.51136 -11.2 -1.2 -8.51136 -11.35 -1.45981 -8.45969 -11.65 -1.45981 -8.45969
4 28 -11.1 -1.9 -8.37216 -10.95 -1.64019 -8.42382 -10.65 -1.64019 -8.42382 -10.5 -1.9 -8.37216
4 28 -11.1 -1.9 -8.37216 -10.5 -1.9 -8.37216 -10.65 -2.15981 -8.32049 -10.95 -2.15981 -8.32049
4 28 -8.4 -2.6 -8.23295 -8.85 -2.85981 -8.18128 -9 -2.6 -8.23295 -8.85 -2.34019 -8.28462
3 28 -8.4 -2.6 -8.23295 -8.85 -2.34019 -8.28462 -8.55 -2.34019 -8.28462
3 28 -8.55 -2.85981 -8.18128 -8.85 -2.85981 -8.18128 -8.4 -2.6 -8.23295
4 28 -9.8 -2.6 -8.23295 -10.25 -2.85981 -8.18128 -10.4 -2.6 -8.23295 -10.25 -2.34019 -8.28462
3 28 -9.8 -2.6 -8.23295 -10.25 -2.34019 -8.28462 -9.95 -2.34019 -8.28462
3 28 -9.95 -2.85981 -8.18128 -10.25 -2.85981 -8.18128 -9.8 -2.6 -8.23295
4 28 -6.3 -1.9 -8.37216 -6.75 -2.15981 -8.32049 -6.9 -1.9 -8.37216 -6.75 -1.64019 -8.42382
3 28 -6.3 -1.9 -8.37216 -6.75 -1.64019 -8.42382 -6.45 -1.64019 -8.42382
3 28 -6.45 -2.15981 -8.32049 -6.75 -2.15981 -8.32049 -6.3 -1.9 -8.37216
4 28 -7 -2.6 -8.23295 -7.45 -2.85981 -8.18128 -7.6 -2.6 -8.23295 -7.45 -2.34019 -8.28462
3 28 -7 -2.6 -8.23295 -7.45 -2.34019 -8.28462 -7.15 -2.34019 -8.28462
3 28 -7.15 -2.85981 -8.18128 -7.45 -2.85981 -8.18128 -7 -2.6 -8.23295
4 28 -9.8 -1.9 -8.37216 -9.6 -1.55359 -8.44104 -9.2 -1.55359 -8.44104 -9 -1.9 -8.37216
4 28 -9.8 -1.9 -8.37216 -9 -1.9 -8.37216 -9.2 -2.24641 -8.30327 -9.6 -2.24641 -8.30327
4 28 -7.6 -1.9 -8.37216 -8.2 -2.24641 -8.30327 -8.4 -1.9 -8.37216 -8.2 -1.55359 -8.44104
3 28 -7.6 -1.9 -8.37216 -8.2 -1.55359 -8.44104 -7.8 -1.55359 -8.44104
3 28 -7.8 -2.24641 -8.30327 -8.2 -2.24641 -8.30327 -7.6 -1.9 -8.37216
4 28 -11.3 -0.5 -8.65057 -11.05 -0.06699 -8.73668 -10.55 -0.06699 -8.73668 -10.4 -0.31962 -8.68644
4 28 -10.55 -0.93301 -8.56446 -11.05 -0.93301 -8.56446 -11.3 -0.5 -8.65057 -10.4 -0.68038 -8.6147
4 28 -10.7 -1.2 -8.51136 -9.5 -1.2 -8.51136 -9.8 -1.71962 -8.40803 -10.4 -1.71962 -8.40803
4 28 -7.6 -1.71962 -8.40803 -7.9 -1.2 -8.51136 -6.7 -1.2 -8.51136 -7 -1.71962 -8.40803
4 28 -6.2 -0.5 -8.65057 -6.8 -0.84641 -8.58168 -7 -0.5 -8.65057 -6.8 -0.15359 -8.71946
3 28 -6.2 -0.5 -8.65057 -6.8 -0.15359 -8.71946 -6.4 -0.15359 -8.71946
3 28 -6.4 -0.84641 -8.58168 -6.8 -0.84641 -8.58168 -6.2 -0.5 -8.65057
4 16 -6.75656 0 -8.75 -2 0 -8.75 -6.4 -0.15359 -8.71946 -6.8 -0.15359 -8.71946
3 16 -6.2 -0.5 -8.65057 -6.4 -0.15359 -8.71946 -2 0 -8.75
4 16 -6.4 -0.84641 -8.58168 -6.2 -0.5 -8.65057 -2 0 -8.75 -6.45 -1.64019 -8.42382
4 16 -6.3 -1.9 -8.37216 -6.45 -1.64019 -8.42382 -2 0 -8.75 -2 -3.349 -8.084
3 16 -2 -3.349 -8.084 -6.45 -2.15981 -8.32049 -6.3 -1.9 -8.37216
4 16 -7 -2.6 -8.23295 -6.45 -2.15981 -8.32049 -2 -3.349 -8.084 -7.15 -2.85981 -8.18128
4 16 -9.95 -2.85981 -8.18128 -9.8 -2.6 -8.23295 -9 -2.6 -8.23295 -8.85 -2.85981 -8.18128
4 16 -8.55 -2.85981 -8.18128 -8.4 -2.6 -8.23295 -7.6 -2.6 -8.23295 -7.45 -2.85981 -8.18128
4 16 -7.15 -2.34019 -8.28462 -6.75 -2.15981 -8.32049 -6.45 -2.15981 -8.32049 -7 -2.6 -8.23295
4 16 -7.45 -2.34019 -8.28462 -6.9 -1.9 -8.37216 -6.75 -2.15981 -8.32049 -7.15 -2.34019 -8.28462
4 16 -8.4 -2.6 -8.23295 -8.2 -2.24641 -8.30327 -7.8 -2.24641 -8.30327 -7.6 -2.6 -8.23295
4 16 -7.45 -2.34019 -8.28462 -7.6 -2.6 -8.23295 -7.8 -2.24641 -8.30327 -7.6 -1.9 -8.37216
4 16 -8.55 -2.34019 -8.28462 -8.4 -1.9 -8.37216 -8.2 -2.24641 -8.30327 -8.4 -2.6 -8.23295
4 16 -8.85 -2.34019 -8.28462 -9 -1.9 -8.37216 -8.4 -1.9 -8.37216 -8.55 -2.34019 -8.28462
4 16 -8.85 -2.34019 -8.28462 -9 -2.6 -8.23295 -9.2 -2.24641 -8.30327 -9 -1.9 -8.37216
4 16 -9.8 -2.6 -8.23295 -9.6 -2.24641 -8.30327 -9.2 -2.24641 -8.30327 -9 -2.6 -8.23295
4 16 -9.95 -2.34019 -8.28462 -9.8 -1.9 -8.37216 -9.6 -2.24641 -8.30327 -9.8 -2.6 -8.23295
4 16 -10.25 -2.34019 -8.28462 -10.5 -1.9 -8.37216 -9.8 -1.9 -8.37216 -9.95 -2.34019 -8.28462
4 16 -10.25 -2.34019 -8.28462 -10.4 -2.6 -8.23295 -10.65 -2.15981 -8.32049 -10.5 -1.9 -8.37216
4 16 -10.95 -2.15981 -8.32049 -10.65 -2.15981 -8.32049 -10.4 -2.6 -8.23295 -17.2379 -3.349 -8.084
3 16 -17.2379 -3.349 -8.084 -10.4 -2.6 -8.23295 -10.25 -2.85981 -8.18128
3 16 -17.2379 -3.349 -8.084 -10.25 -2.85981 -8.18128 -9.95 -2.85981 -8.18128
3 16 -17.2379 -3.349 -8.084 -9.95 -2.85981 -8.18128 -8.85 -2.85981 -8.18128
4 16 -17.2379 -3.349 -8.084 -8.85 -2.85981 -8.18128 -8.55 -2.85981 -8.18128 -2 -3.349 -8.084
3 16 -2 -3.349 -8.084 -8.55 -2.85981 -8.18128 -7.45 -2.85981 -8.18128
3 16 -2 -3.349 -8.084 -7.45 -2.85981 -8.18128 -7.15 -2.85981 -8.18128
4 16 -6.9 -1.9 -8.37216 -7.45 -2.34019 -8.28462 -7.6 -1.9 -8.37216 -7 -1.71962 -8.40803
3 16 -7.6 -1.9 -8.37216 -7.6 -1.71962 -8.40803 -7 -1.71962 -8.40803
4 16 -6.9 -1.9 -8.37216 -7 -1.71962 -8.40803 -6.7 -1.2 -8.51136 -6.75 -1.64019 -8.42382
4 16 -6.45 -1.64019 -8.42382 -6.75 -1.64019 -8.42382 -6.7 -1.2 -8.51136 -6.4 -0.84641 -8.58168
3 16 -6.7 -1.2 -8.51136 -6.8 -0.84641 -8.58168 -6.4 -0.84641 -8.58168
4 16 -6.7 -1.2 -8.51136 -7 -0.68038 -8.6147 -7 -0.5 -8.65057 -6.8 -0.84641 -8.58168
4 16 -7 -0.31962 -8.68644 -6.75656 0 -8.75 -6.8 -0.15359 -8.71946 -7 -0.5 -8.65057
4 16 -7.4 -0.5 -8.65057 -7 -0.31962 -8.68644 -7 -0.5 -8.65057 -7.50415 -0.68038 -8.6147
4 16 -8.8 -0.5 -8.65057 -8.90415 -0.31962 -8.68644 -8.49585 -0.31962 -8.68644 -8.6 -0.5 -8.65057
4 16 -8.90415 -0.68038 -8.6147 -8.8 -0.5 -8.65057 -8.6 -0.5 -8.65057 -8.49585 -0.68038 -8.6147
4 16 -8.1 -1.2 -8.51136 -8.20415 -1.01962 -8.54723 -7.79585 -1.01962 -8.54723 -7.9 -1.2 -8.51136
4 16 -8.2 -1.55359 -8.44104 -8.1 -1.2 -8.51136 -7.9 -1.2 -8.51136 -7.8 -1.55359 -8.44104
4 16 -7.6 -1.9 -8.37216 -7.8 -1.55359 -8.44104 -7.9 -1.2 -8.51136 -7.6 -1.71962 -8.40803
4 16 -8.4 -1.71962 -8.40803 -8.1 -1.2 -8.51136 -8.2 -1.55359 -8.44104 -8.4 -1.9 -8.37216
4 16 -8.4 -1.9 -8.37216 -9 -1.9 -8.37216 -9 -1.71962 -8.40803 -8.4 -1.71962 -8.40803
4 16 -9 -1.9 -8.37216 -9.2 -1.55359 -8.44104 -9.3 -1.2 -8.51136 -9 -1.71962 -8.40803
4 16 -9.6 -1.55359 -8.44104 -9.5 -1.2 -8.51136 -9.3 -1.2 -8.51136 -9.2 -1.55359 -8.44104
4 16 -9.5 -1.2 -8.51136 -9.60415 -1.01962 -8.54723 -9.19585 -1.01962 -8.54723 -9.3 -1.2 -8.51136
4 16 -9.8 -1.71962 -8.40803 -9.5 -1.2 -8.51136 -9.6 -1.55359 -8.44104 -9.8 -1.9 -8.37216
4 16 -10.5 -1.9 -8.37216 -10.4 -1.71962 -8.40803 -9.8 -1.71962 -8.40803 -9.8 -1.9 -8.37216
4 16 -10.65 -1.64019 -8.42382 -10.7 -1.2 -8.51136 -10.4 -1.71962 -8.40803 -10.5 -1.9 -8.37216
4 16 -10.95 -1.64019 -8.42382 -11.2 -1.2 -8.51136 -10.7 -1.2 -8.51136 -10.65 -1.64019 -8.42382
4 16 -10.95 -1.64019 -8.42382 -11.1 -1.9 -8.37216 -11.35 -1.45981 -8.45969 -11.2 -1.2 -8.51136
3 16 -11.1 -1.9 -8.37216 -11.65 -1.45981 -8.45969 -11.35 -1.45981 -8.45969
4 16 -11.65 -1.45981 -8.45969 -11.1 -1.9 -8.37216 -10.95 -2.15981 -8.32049 -17.2379 -3.349 -8.084
4 16 -11.8 -1.2 -8.51136 -11.65 -1.45981 -8.45969 -17.2379 -3.349 -8.084 -17.3855 0 -8.75
4 16 -11.65 -.94019 -8.56303 -11.8 -1.2 -8.51136 -17.3855 0 -8.75 -11.65 -.05981 -8.73811
3 16 -11.65 -.05981 -8.73811 -17.3855 0 -8.75 -11.68453 0 -8.75
4 16 -11.3 -0.5 -8.65057 -11.35 -0.94019 -8.56303 -11.65 -0.94019 -8.56303 -11.65 -0.05981 -8.73811
4 16 -11.3 -0.5 -8.65057 -11.65 -0.05981 -8.73811 -11.35 -0.05981 -8.73811 -11.05 -0.06699 -8.73668
4 16 -11.05 -0.06699 -8.73668 -11.35 -0.05981 -8.73811 -11.31547 0 -8.75 -10.58764 0 -8.75
3 16 -7 -0.68038 -8.6147 -7.50415 -0.68038 -8.6147 -7 -0.5 -8.65057
3 16 -7.4 -0.5 -8.65057 -7.50415 -0.31962 -8.68644 -7 -0.31962 -8.68644
3 16 -10.55 -0.06699 -8.73668 -11.05 -0.06699 -8.73668 -10.58764 0 -8.75
4 16 -10.3 -0.5 -8.65057 -10.4 -0.31962 -8.68644 -9.89585 -0.31962 -8.68644 -10 -0.5 -8.65057
4 16 -10.4 -0.68038 -8.6147 -10.3 -0.5 -8.65057 -10 -0.5 -8.65057 -9.89585 -0.68038 -8.6147
4 16 -10.7 -1.2 -8.51136 -11.2 -1.2 -8.51136 -11.05 -0.93301 -8.56446 -10.55 -0.93301 -8.56446
4 16 -11.05 -0.93301 -8.56446 -11.2 -1.2 -8.51136 -11.35 -0.94019 -8.56303 -11.3 -0.5 -8.65057
4 28 -11.3 -0.5 -8.65057 -10.4 -0.31962 -8.68644 -10.3 -0.5 -8.65057 -10.4 -0.68038 -8.6147
4 28 -9.60415 0 -8.75 -10.4 -0.31962 -8.68644 -10.55 -0.06699 -8.73668 -10.58764 0 -8.75
4 28 -10.7 -1.2 -8.51136 -10.55 -0.93301 -8.56446 -9.60415 -1.01962 -8.54723 -9.5 -1.2 -8.51136
4 28 -10.55 -0.93301 -8.56446 -10.4 -0.68038 -8.6147 -9.89585 -0.68038 -8.6147 -9.60415 -1.01962 -8.54723

4 28 -9.3 -1.2 -8.51136 -9.19585 -1.01962 -8.54723 -8.20415 -1.01962 -8.54723 -8.1 -1.2 -8.51136
4 28 -9 -1.71962 -8.40803 -9.3 -1.2 -8.51136 -8.1 -1.2 -8.51136 -8.4 -1.71962 -8.40803
4 28 -6.7 -1.2 -8.51136 -7.9 -1.2 -8.51136 -7.79585 -1.01962 -8.54723 -7 -0.68038 -8.6147
4 28 -7.50415 -0.68038 -8.6147 -7 -0.68038 -8.6147 -7.79585 -1.01962 -8.54723 -8.20415 -1.01962 -8.54723
4 28 -7.79585 0 -8.75 -6.75656 0 -8.75 -7 -0.31962 -8.68644 -7.50415 -0.31962 -8.68644
4 28 -8.90415 -0.31962 -8.68644 -9.19585 0 -8.75 -8.20415 0 -8.75 -8.49585 -0.31962 -8.68644
4 28 -8.49585 -0.31962 -8.68644 -8.20415 0 -8.75 -7.79585 0 -8.75 -7.50415 -0.31962 -8.68644
4 28 -8.6 -0.5 -8.65057 -8.49585 -0.31962 -8.68644 -7.50415 -0.31962 -8.68644 -7.4 -0.5 -8.65057
4 28 -8.49585 -0.68038 -8.6147 -8.6 -0.5 -8.65057 -7.4 -0.5 -8.65057 -7.50415 -0.68038 -8.6147
4 28 -8.49585 -0.68038 -8.6147 -7.50415 -0.68038 -8.6147 -8.20415 -1.01962 -8.54723 -9.19585 -1.01962 -8.54723
3 28 -9.19585 -1.01962 -8.54723 -8.90415 -0.68038 -8.6147 -8.49585 -0.68038 -8.6147
4 28 -9.89585 -0.68038 -8.6147 -10 -0.5 -8.65057 -8.8 -0.5 -8.65057 -8.90415 -0.68038 -8.6147
4 28 -10 -0.5 -8.65057 -9.89585 -0.31962 -8.68644 -8.90415 -0.31962 -8.68644 -8.8 -0.5 -8.65057
4 28 -9.89585 -0.31962 -8.68644 -9.60415 0 -8.75 -9.19585 0 -8.75 -8.90415 -0.31962 -8.68644
3 28 -10.4 -0.31962 -8.68644 -9.60415 0 -8.75 -9.89585 -0.31962 -8.68644
4 28 -7.7 3 -8.1534 -8.15 2.74019 -8.20507 -8.3 3 -8.1534 -8.15 3.25981 -8.10174
3 28 -7.7 3 -8.1534 -8.15 3.25981 -8.10174 -7.85 3.25981 -8.10174
3 28 -7.85 2.74019 -8.20507 -8.15 2.74019 -8.20507 -7.7 3 -8.1534
4 28 -9.1 3 -8.1534 -9.55 2.74019 -8.20507 -9.7 3 -8.1534 -9.55 3.25981 -8.10174
3 28 -9.1 3 -8.1534 -9.55 3.25981 -8.10174 -9.25 3.25981 -8.10174
3 28 -9.25 2.74019 -8.20507 -9.55 2.74019 -8.20507 -9.1 3 -8.1534
4 28 -11.1 3 -8.1534 -10.95 3.25981 -8.10174 -10.65 3.25981 -8.10174 -10.5 3 -8.1534
4 28 -11.1 3 -8.1534 -10.5 3 -8.1534 -10.65 2.74019 -8.20507 -10.95 2.74019 -8.20507
4 28 -12.5 3 -8.1534 -12.35 3.25981 -8.10174 -12.05 3.25981 -8.10174 -11.9 3 -8.1534
4 28 -12.5 3 -8.1534 -11.9 3 -8.1534 -12.05 2.74019 -8.20507 -12.35 2.74019 -8.20507
4 28 -8.4 1.6 -8.43182 -8.85 1.34019 -8.48348 -9 1.6 -8.43182 -8.85 1.85981 -8.38015
3 28 -8.4 1.6 -8.43182 -8.85 1.85981 -8.38015 -8.55 1.85981 -8.38015
3 28 -8.55 1.34019 -8.48348 -8.85 1.34019 -8.48348 -8.4 1.6 -8.43182
4 28 -10.4 1.61 -8.42983 -10.25 1.85981 -8.38015 -9.95 1.85981 -8.38015 -9.8 1.6 -8.43182
4 28 -10.4 1.61 -8.42983 -9.8 1.6 -8.43182 -9.95 1.34019 -8.48348 -10.25 1.34019 -8.48348
4 28 -11.8 0.2 -8.71023 -11.65 0.45981 -8.65856 -11.35 0.45981 -8.65856 -11.2 0.2 -8.71023
4 28 -11.8 0.2 -8.71023 -11.2 0.2 -8.71023 -11.31547 0 -8.75 -11.68453 0 -8.75
4 28 -11.2 0.9 -8.57102 -11 1.24641 -8.50213 -10.6 1.24641 -8.50213 -10.4 0.9 -8.57102
4 28 -11.2 0.9 -8.57102 -10.4 0.9 -8.57102 -10.6 0.55359 -8.63991 -11 0.55359 -8.63991
4 28 -7.5 0.9 -8.57102 -8.5 0.9 -8.57102 -8.25 1.33301 -8.48491 -7.75 1.33301 -8.48491
4 28 -9.9 0.9 -8.57102 -9.65 1.33301 -8.48491 -9.15 1.33301 -8.48491 -8.9 0.9 -8.57102
4 28 -7.6 0.71962 -8.60689 -7 0.71962 -8.60689 -6.7 0.2 -8.71023 -7.75 0.46699 -8.65713
4 16 -11.25 3.26699 -8.10031 -10.95 3.25981 -8.10174 -11.1 3 -8.1534 -11.9 3 -8.1534
4 16 -11.9 3 -8.1534 -12.05 3.25981 -8.10174 -11.75 3.26699 -8.10031 -11.25 3.26699 -8.10031
4 16 -7.7 3 -8.1534 -7.85 3.25981 -8.10174 -7.55 3.26699 -8.10031 -7.05 3.26699 -8.10031
4 16 -8.45 3.26699 -8.10031 -8.15 3.25981 -8.10174 -8.3 3 -8.1534 -9.1 3 -8.1534
4 16 -8.95 3.26699 -8.10031 -8.45 3.26699 -8.10031 -9.1 3 -8.1534 -9.25 3.25981 -8.10174
4 16 -9.25 2.74019 -8.20507 -9.1 3 -8.1534 -8.3 3 -8.1534 -8.15 2.74019 -8.20507
4 16 -7.85 2.74019 -8.20507 -7.7 3 -8.1534 -7.05 3.26699 -8.10031 -2 3.349 -8.084
4 16 -7.75 1.33301 -8.48491 -7.85 2.74019 -8.20507 -2 3.349 -8.084 -7 0.71962 -8.60689
4 16 -7 0.71962 -8.60689 -2 3.349 -8.084 -2 0 -8.75 -6.7 0.2 -8.71023
3 16 -2 0 -8.75 -6.75656 0 -8.75 -6.7 0.2 -8.71023
4 16 -9.85 3.26699 -8.10031 -9.55 3.25981 -8.10174 -9.7 3 -8.1534 -10.5 3 -8.1534
4 16 -10.35 3.26699 -8.10031 -9.85 3.26699 -8.10031 -10.5 3 -8.1534 -10.65 3.25981 -8.10174
4 16 -10.65 2.74019 -8.20507 -10.5 3 -8.1534 -9.7 3 -8.1534 -9.55 2.74019 -8.20507
4 16 -12.05 2.74019 -8.20507 -11.9 3 -8.1534 -11.1 3 -8.1534 -10.95 2.74019 -8.20507
3 16 -12.5 3 -8.1534 -17.533 3.349 -8.084 -12.35 3.25981 -8.10174
4 16 -17.533 3.349 -8.084 -12.5 3 -8.1534 -12.35 2.74019 -8.20507 -17.3855 0 -8.75
4 16 -8.20415 0 -8.75 -8.1 0.2 -8.71023 -7.9 0.2 -8.71023 -7.79585 0 -8.75
4 16 -8.1 0.2 -8.71023 -8.25 0.46699 -8.65713 -7.75 0.46699 -8.65713 -7.9 0.2 -8.71023
3 16 -17.3855 0 -8.75 -11.8 .2 -8.71023 -11.68453 0 -8.75
3 16 -17.3855 0 -8.75 -11.65 .45981 -8.65856 -11.8 .2 -8.71023
4 16 -11.2 .9 -8.57102 -11.65 .45981 -8.65856 -17.3855 0 -8.75 -12.35 2.74019 -8.20507
4 16 -11.35 0.45981 -8.65856 -11.65 0.45981 -8.65856 -11.2 0.9 -8.57102 -11 0.55359 -8.63991
4 16 -11.2 0.2 -8.71023 -11.35 0.45981 -8.65856 -11 0.55359 -8.63991 -10.7 0.2 -8.71023
4 16 -9.8 1.6 -8.43182 -9.95 1.85981 -8.38015 -8.85 1.85981 -8.38015 -9 1.6 -8.43182
4 16 -9.65 1.33301 -8.48491 -9.8 1.6 -8.43182 -9 1.6 -8.43182 -9.15 1.33301 -8.48491
4 16 -9.15 1.33301 -8.48491 -9 1.6 -8.43182 -8.85 1.34019 -8.48348 -8.9 0.9 -8.57102
4 16 -8.5 0.9 -8.57102 -8.9 0.9 -8.57102 -8.85 1.34019 -8.48348 -8.55 1.34019 -8.48348
4 16 -8.55 1.34019 -8.48348 -8.4 1.6 -8.43182 -8.25 1.33301 -8.48491 -8.5 0.9 -8.57102
4 16 -7.75 1.33301 -8.48491 -8.25 1.33301 -8.48491 -8.4 1.6 -8.43182 -7.85 2.74019 -8.20507
4 16 -8.15 2.74019 -8.20507 -7.85 2.74019 -8.20507 -8.4 1.6 -8.43182 -8.55 1.85981 -8.38015
4 16 -8.85 1.85981 -8.38015 -9.25 2.74019 -8.20507 -8.15 2.74019 -8.20507 -8.55 1.85981 -8.38015
4 16 -9.95 1.85981 -8.38015 -9.55 2.74019 -8.20507 -9.25 2.74019 -8.20507 -8.85 1.85981 -8.38015
4 16 -10.25 1.85981 -8.38015 -10.65 2.74019 -8.20507 -9.55 2.74019 -8.20507 -9.95 1.85981 -8.38015
4 16 -10.4 1.61 -8.42983 -10.95 2.74019 -8.20507 -10.65 2.74019 -8.20507 -10.25 1.85981 -8.38015
4 16 -11.2 0.9 -8.57102 -12.35 2.74019 -8.20507 -12.05 2.74019 -8.20507 -11 1.24641 -8.50213
4 16 -11 1.24641 -8.50213 -12.05 2.74019 -8.20507 -10.95 2.74019 -8.20507 -10.4 1.61 -8.42983
4 16 -10.6 1.24641 -8.50213 -11 1.24641 -8.50213 -10.4 1.61 -8.42983 -10.25 1.34019 -8.48348
4 16 -10.4 0.9 -8.57102 -10.6 1.24641 -8.50213 -10.25 1.34019 -8.48348 -9.9 0.9 -8.57102
4 16 -9.9 0.9 -8.57102 -10.25 1.34019 -8.48348 -9.95 1.34019 -8.48348 -9.65 1.33301 -8.48491
3 16 -9.65 1.33301 -8.48491 -9.95 1.34019 -8.48348 -9.8 1.6 -8.43182
4 16 -10.4 0.71962 -8.60689 -10.4 0.9 -8.57102 -9.9 0.9 -8.57102 -9.8 0.71962 -8.60689
4 16 -8.9 0.9 -8.57102 -8.5 0.9 -8.57102 -8.4 0.71962 -8.60689 -9 0.71962 -8.60689
4 16 -9.5 0.2 -8.71023 -9.65 0.46699 -8.65713 -9.15 0.46699 -8.65713 -9.3 0.2 -8.71023
4 16 -9.60415 0 -8.75 -9.5 0.2 -8.71023 -9.3 0.2 -8.71023 -9.19585 0 -8.75
3 16 -7 0.71962 -8.60689 -7.6 0.71962 -8.60689 -7.5 0.9 -8.57102
3 16 -7 0.71962 -8.60689 -7.5 0.9 -8.57102 -7.75 1.33301 -8.48491
4 16 -10.6 0.55359 -8.63991 -10.4 0.9 -8.57102 -10.4 0.71962 -8.60689 -10.7 0.2 -8.71023
3 16 -10.7 0.2 -8.71023 -11 0.55359 -8.63991 -10.6 0.55359 -8.63991
4 16 -10.7 0.2 -8.71023 -10.58764 0 -8.75 -11.31547 0 -8.75 -11.2 0.2 -8.71023
4 28 -10.58764 0 -8.75 -10.7 0.2 -8.71023 -10.4 0.71962 -8.60689 -9.60415 0 -8.75
4 28 -7.79585 0 -8.75 -7.9 0.2 -8.71023 -6.7 0.2 -8.71023 -6.75656 0 -8.75
4 28 -9.15 0.46699 -8.65713 -9 0.71962 -8.60689 -8.4 0.71962 -8.60689 -8.25 0.46699 -8.65713
4 28 -8.4 0.71962 -8.60689 -8.5 0.9 -8.57102 -7.5 0.9 -8.57102 -7.6 0.71962 -8.60689
4 28 -8.25 0.46699 -8.65713 -8.4 0.71962 -8.60689 -7.6 0.71962 -8.60689 -7.75 0.46699 -8.65713
3 28 -6.7 0.2 -8.71023 -7.9 0.2 -8.71023 -7.75 0.46699 -8.65713
4 28 -9.3 0.2 -8.71023 -9.15 0.46699 -8.65713 -8.25 0.46699 -8.65713 -8.1 0.2 -8.71023
4 28 -9.19585 0 -8.75 -9.3 0.2 -8.71023 -8.1 0.2 -8.71023 -8.20415 0 -8.75
4 28 -9.8 0.71962 -8.60689 -9.9 0.9 -8.57102 -8.9 0.9 -8.57102 -9 0.71962 -8.60689
4 28 -9.65 0.46699 -8.65713 -9.8 0.71962 -8.60689 -9 0.71962 -8.60689 -9.15 0.46699 -8.65713
4 28 -10.4 0.71962 -8.60689 -9.8 0.71962 -8.60689 -9.65 0.46699 -8.65713 -9.60415 0 -8.75
3 28 -9.60415 0 -8.75 -9.65 0.46699 -8.65713 -9.5 0.2 -8.71023
4 28 -12.69585 5.98038 -6.32511 -13.2 5.98038 -6.32511 -13.31929 6.187 -6.187 -10.35 6.06699 -6.26722
4 28 -11.99585 5.28038 -6.79301 -10.35 6.06699 -6.26722 -10.2 5.8 -6.44568 -10.30415 5.61962 -6.56626
4 28 -10.35 6.06699 -6.26722 -12.5 5.28038 -6.79301 -12.8 5.8 -6.44568 -12.69585 5.98038 -6.32511
3 28 -12.5 5.28038 -6.79301 -10.35 6.06699 -6.26722 -11.99585 5.28038 -6.79301
4 28 -11.8 4.58038 -7.26091 -12.1 5.1 -6.91358 -11.99585 5.28038 -6.79301 -11.29585 4.58038 -7.26091
4 28 -12 3.7 -7.84938 -11.75 4.13301 -7.55994 -11.25 4.13301 -7.55994 -11.1 3.88038 -7.72881
4 28 -8.95 4.13301 -7.55994 -8.45 4.13301 -7.55994 -8.2 3.7 -7.84938 -9.1 3.88038 -7.72881
4 28 -6.8 3.7 -7.84938 -7.8 3.7 -7.84938 -7.55 4.13301 -7.55994 -7.05 4.13301 -7.55994
4 28 -7.6 4.4 -7.38148 -8.2 4.05359 -7.61303 -8.4 4.4 -7.38148 -8.2 4.74641 -7.14993
3 28 -7.6 4.4 -7.38148 -8.2 4.74641 -7.14993 -7.8 4.74641 -7.14993
3 28 -7.8 4.05359 -7.61303 -8.2 4.05359 -7.61303 -7.6 4.4 -7.38148
4 28 -7.6 5.8 -6.44568 -8.2 5.45359 -6.67723 -8.4 5.8 -6.44568 -8.2 6.14641 -6.21413
3 28 -7.6 5.8 -6.44568 -8.2 6.14641 -6.21413 -7.8 6.14641 -6.21413
3 28 -7.8 5.45359 -6.67723 -8.2 5.45359 -6.67723 -7.6 5.8 -6.44568
4 28 -8.5 6.15359 -6.20933 -8.9 6.15359 -6.20933 -8.91929 6.187 -6.187 -8.48071 6.187 -6.187
4 28 -9.78071 6.187 -6.187 -9.85 6.06699 -6.26722 -10.35 6.06699 -6.26722 -13.31929 6.187 -6.187
4 28 -8.9 5.8 -6.44568 -9.15 5.36699 -6.73512 -9.65 5.36699 -6.73512 -9.8 5.61962 -6.56626
4 28 -8.2 5.1 -6.91358 -9.2 5.1 -6.91358 -8.95 5.53301 -6.62414 -8.45 5.53301 -6.62414
4 28 -8.2 5.1 -6.91358 -8.45 4.66699 -7.20302 -8.95 4.66699 -7.20302 -9.1 4.91962 -7.03416
4 28 -14 5.8 -6.44568 -13.8 6.14641 -6.21413 -13.4 6.14641 -6.21413 -13.2 5.8 -6.44568
4 28 -14 5.8 -6.44568 -13.2 5.8 -6.44568 -13.4 5.45359 -6.67723 -13.8 5.45359 -6.67723
4 28 -13.3 5.1 -6.91358 -13.1 5.44641 -6.68203 -12.7 5.44641 -6.68203 -12.5 5.1 -6.91358
4 28 -13.3 5.1 -6.91358 -12.5 5.1 -6.91358 -12.7 4.75359 -7.14513 -13.1 4.75359 -7.14513
4 28 -12.6 4.4 -7.38148 -12.4 4.74641 -7.14993 -12 4.74641 -7.14993 -11.8 4.4 -7.38148
4 28 -12.6 4.4 -7.38148 -11.8 4.4 -7.38148 -12 4.05359 -7.61303 -12.4 4.05359 -7.61303
4 16 -13.3 5.1 -6.91358 -13.4 5.45359 -6.67723 -13.2 5.8 -6.44568 -13.1 5.44641 -6.68203
4 16 -12.4 4.74641 -7.14993 -12.6 4.4 -7.38148 -12.7 4.75359 -7.14513 -12.5 5.1 -6.91358
4 16 -12 4.05359 -7.61303 -11.8 4.4 -7.38148 -11.75 4.13301 -7.55994 -12 3.7 -7.84938
4 16 -13.31929 6.187 -6.187 -13.4 6.14641 -6.21413 -13.8 6.14641 -6.21413 -17.658 6.187 -6.187
4 16 -13.4 6.14641 -6.21413 -13.31929 6.187 -6.187 -13.2 5.98038 -6.32511 -13.2 5.8 -6.44568
4 16 -12.8 5.8 -6.44568 -13.2 5.8 -6.44568 -13.2 5.98038 -6.32511 -12.69585 5.98038 -6.32511
4 16 -2 3.349 -8.084 -6.8 3.7 -7.84938 -7.05 4.13301 -7.55994 -2 6.187 -6.187
4 16 -2 6.187 -6.187 -7.05 4.13301 -7.55994 -7.6 4.4 -7.38148 -7.8 4.74641 -7.14993
4 16 -2 6.187 -6.187 -7.8 4.74641 -7.14993 -7.8 5.45359 -6.67723 -7.6 5.8 -6.44568
3 16 -7.6 5.8 -6.44568 -7.8 6.14641 -6.21413 -2 6.187 -6.187
4 16 -7.8 4.05359 -7.61303 -7.6 4.4 -7.38148 -7.55 4.13301 -7.55994 -7.8 3.7 -7.84938
3 16 -7.05 4.13301 -7.55994 -7.55 4.13301 -7.55994 -7.6 4.4 -7.38148
4 16 -7.8 3.7 -7.84938 -8.2 3.7 -7.84938 -8.2 4.05359 -7.61303 -7.8 4.05359 -7.61303
4 16 -7.8 4.74641 -7.14993 -8.2 4.74641 -7.14993 -8.2 5.1 -6.91358 -7.8 5.45359 -6.67723
3 16 -8.2 5.1 -6.91358 -8.2 5.45359 -6.67723 -7.8 5.45359 -6.67723
4 16 -8.2 5.1 -6.91358 -8.45 5.53301 -6.62414 -8.4 5.8 -6.44568 -8.2 5.45359 -6.67723
4 16 -8.45 4.66699 -7.20302 -8.2 5.1 -6.91358 -8.2 4.74641 -7.14993 -8.4 4.4 -7.38148
4 16 -8.2 6.14641 -6.21413 -8.4 5.8 -6.44568 -8.5 6.15359 -6.20933 -8.48071 6.187 -6.187
4 16 -8.4 5.8 -6.44568 -8.45 5.53301 -6.62414 -8.95 5.53301 -6.62414 -8.9 5.8 -6.44568
4 16 -8.5 6.15359 -6.20933 -8.4 5.8 -6.44568 -8.9 5.8 -6.44568 -8.9 6.15359 -6.20933
3 16 -8.9 5.8 -6.44568 -9.12344 6.187 -6.187 -8.9 6.15359 -6.20933

4 16 -9.85 6.06699 -6.26722 -9.78071 6.187 -6.187 -9.67657 6.187 -6.187 -9.9 5.8 -6.44568
4 16 -8.48071 6.187 -6.187 -2 6.187 -6.187 -7.8 6.14641 -6.21413 -8.2 6.14641 -6.21413
4 16 -12.5 5.1 -6.91358 -12.5 5.28038 -6.79301 -11.99585 5.28038 -6.79301 -12.1 5.1 -6.91358
4 16 -12.4 4.74641 -7.14993 -12.5 5.1 -6.91358 -12.1 5.1 -6.91358 -12 4.74641 -7.14993
4 16 -12 4.74641 -7.14993 -12.1 5.1 -6.91358 -11.8 4.58038 -7.26091 -11.8 4.4 -7.38148
4 16 -11.8 4.4 -7.38148 -11.8 4.58038 -7.26091 -11.29585 4.58038 -7.26091 -11.4 4.4 -7.38148
4 16 -11.75 4.13301 -7.55994 -11.8 4.4 -7.38148 -11.4 4.4 -7.38148 -11.25 4.13301 -7.55994
4 16 -12.5 5.28038 -6.79301 -12.5 5.1 -6.91358 -12.7 5.44641 -6.68203 -12.8 5.8 -6.44568
4 16 -12.8 5.8 -6.44568 -12.7 5.44641 -6.68203 -13.1 5.44641 -6.68203 -13.2 5.8 -6.44568
4 16 -10.30415 5.61962 -6.56626 -10.2 5.8 -6.44568 -9.9 5.8 -6.44568 -9.8 5.61962 -6.56626
4 16 -10.2 5.8 -6.44568 -10.35 6.06699 -6.26722 -9.85 6.06699 -6.26722 -9.9 5.8 -6.44568
4 16 -9.5 5.1 -6.91358 -9.65 5.36699 -6.73512 -9.15 5.36699 -6.73512 -9.2 5.1 -6.91358
4 16 -9.60415 4.91962 -7.03416 -9.5 5.1 -6.91358 -9.2 5.1 -6.91358 -9.1 4.91962 -7.03416
4 16 -9.15 5.36699 -6.73512 -8.9 5.8 -6.44568 -8.95 5.53301 -6.62414 -9.2 5.1 -6.91358
4 16 -8.8 4.4 -7.38148 -8.95 4.66699 -7.20302 -8.45 4.66699 -7.20302 -8.4 4.4 -7.38148
4 16 -8.95 4.13301 -7.55994 -8.8 4.4 -7.38148 -8.4 4.4 -7.38148 -8.45 4.13301 -7.55994
4 16 -8.45 4.13301 -7.55994 -8.4 4.4 -7.38148 -8.2 4.05359 -7.61303 -8.2 3.7 -7.84938
4 16 -9.6 3.7 -7.84938 -9.7 3.88038 -7.72881 -9.1 3.88038 -7.72881 -9.2 3.7 -7.84938
4 16 -11 3.7 -7.84938 -11.1 3.88038 -7.72881 -10.5 3.88038 -7.72881 -10.6 3.7 -7.84938
4 16 -10.35 4.13301 -7.55994 -10.2 4.4 -7.38148 -10 4.4 -7.38148 -9.85 4.13301 -7.55994
4 16 -10.2 4.4 -7.38148 -10.30415 4.58038 -7.26091 -9.89585 4.58038 -7.26091 -10 4.4 -7.38148
3 16 -14 5.8 -6.44568 -17.658 6.187 -6.187 -13.8 6.14641 -6.21413
4 16 -17.658 6.187 -6.187 -14 5.8 -6.44568 -13.8 5.45359 -6.67723 -17.533 3.349 -8.084
4 16 -17.533 3.349 -8.084 -13.8 5.45359 -6.67723 -13.3 5.1 -6.91358 -13.1 4.75359 -7.14513
3 16 -13.3 5.1 -6.91358 -13.8 5.45359 -6.67723 -13.4 5.45359 -6.67723
4 16 -13.1 4.75359 -7.14513 -12.7 4.75359 -7.14513 -12.6 4.4 -7.38148 -17.533 3.349 -8.084
4 16 -12.4 4.05359 -7.61303 -12 4.05359 -7.61303 -12 3.7 -7.84938 -17.533 3.349 -8.084
3 16 -17.533 3.349 -8.084 -12.6 4.4 -7.38148 -12.4 4.05359 -7.61303
4 28 -12 3.7 -7.84938 -11.1 3.88038 -7.72881 -11 3.7 -7.84938 -11.79735 3.349 -8.084
4 28 -9.6 3.7 -7.84938 -10.6 3.7 -7.84938 -10.5 3.88038 -7.72881 -9.7 3.88038 -7.72881
4 28 -9.2 3.7 -7.84938 -9.1 3.88038 -7.72881 -8.2 3.7 -7.84938 -8.99735 3.349 -8.084
4 28 -8.95 4.13301 -7.55994 -9.1 3.88038 -7.72881 -9.7 3.88038 -7.72881 -9.85 4.13301 -7.55994
4 28 -10.5 3.88038 -7.72881 -10.35 4.13301 -7.55994 -9.85 4.13301 -7.55994 -9.7 3.88038 -7.72881
4 28 -8.95 4.13301 -7.55994 -9.85 4.13301 -7.55994 -10 4.4 -7.38148 -8.8 4.4 -7.38148
4 28 -11.1 3.88038 -7.72881 -11.25 4.13301 -7.55994 -10.35 4.13301 -7.55994 -10.5 3.88038 -7.72881
4 28 -11.25 4.13301 -7.55994 -11.4 4.4 -7.38148 -10.2 4.4 -7.38148 -10.35 4.13301 -7.55994
4 28 -11.4 4.4 -7.38148 -11.29585 4.58038 -7.26091 -10.30415 4.58038 -7.26091 -10.2 4.4 -7.38148
4 28 -10 4.4 -7.38148 -9.89585 4.58038 -7.26091 -8.95 4.66699 -7.20302 -8.8 4.4 -7.38148
3 28 -9.1 4.91962 -7.03416 -9.2 5.1 -6.91358 -8.2 5.1 -6.91358
4 28 -9.60415 4.91962 -7.03416 -9.1 4.91962 -7.03416 -8.95 4.66699 -7.20302 -9.89585 4.58038 -7.26091
4 28 -9.60415 4.91962 -7.03416 -9.89585 4.58038 -7.26091 -10.30415 4.58038 -7.26091 -9.65 5.36699 -6.73512
4 28 -11.29585 4.58038 -7.26091 -11.99585 5.28038 -6.79301 -10.30415 5.61962 -6.56626 -10.30415 4.58038 -7.26091
4 28 -10.30415 4.58038 -7.26091 -10.30415 5.61962 -6.56626 -9.8 5.61962 -6.56626 -9.65 5.36699 -6.73512
3 28 -9.60415 4.91962 -7.03416 -9.65 5.36699 -6.73512 -9.5 5.1 -6.91358
4 28 -8.9 5.8 -6.44568 -9.8 5.61962 -6.56626 -9.9 5.8 -6.44568 -9.12344 6.187 -6.187
3 28 -13.5 6.5 -5.62221 -13.2 7.01962 -4.68458 -12.69585 7.01962 -4.68458
4 28 -8.3 6.5 -5.62221 -9.1 6.5 -5.62221 -8.9 6.84641 -4.99712 -8.5 6.84641 -4.99712
4 28 -9 7.2 -4.35909 -9.6 6.85359 -4.98417 -9.8 7.2 -4.35909 -9.68511 7.399 -4
3 28 -9 7.2 -4.35909 -9.68511 7.399 -4 -9.11489 7.399 -4
3 28 -9.2 6.85359 -4.98417 -9.6 6.85359 -4.98417 -9 7.2 -4.35909
4 28 -10.35 6.93301 -4.84085 -9.85 6.93301 -4.84085 -9.6 6.5 -5.62221 -10.5 6.68038 -5.29671
4 28 -9.65 6.23301 -6.10397 -9.15 6.23301 -6.10397 -9.12344 6.187 -6.187 -9.67657 6.187 -6.187
4 28 -13.41489 7.399 -4 -13.3 7.2 -4.35909 -13.9 7.2 -4.35909 -13.78511 7.399 -4
4 28 -13.9 7.2 -4.35909 -13.3 7.2 -4.35909 -13.45 6.94019 -4.8279 -13.75 6.94019 -4.8279
4 16 -12.8 7.2 -4.35909 -12.69585 7.01962 -4.68458 -13.2 7.01962 -4.68458 -13.237 7.399 -4
3 16 -12.8 7.2 -4.35909 -13.237 7.399 -4 -12.69585 7.399 -4
3 16 -13.2 7.01962 -4.68458 -13.3 7.2 -4.35909 -13.237 7.399 -4
4 16 -13.45 6.94019 -4.8279 -13.3 7.2 -4.35909 -13.2 7.01962 -4.68458 -13.5 6.5 -5.62221
4 16 -13.75 6.94019 -4.8279 -13.45 6.94019 -4.8279 -13.5 6.5 -5.62221 -17.658 6.187 -6.187
3 16 -13.31929 6.187 -6.187 -17.658 6.187 -6.187 -13.5 6.5 -5.62221
3 16 -13.3 7.2 -4.35909 -13.41489 7.399 -4 -13.237 7.399 -4
4 16 -9.12344 6.187 -6.187 -9.15 6.23301 -6.10397 -9.1 6.5 -5.62221 -8.91929 6.187 -6.187
4 16 -9.6 6.5 -5.62221 -9.1 6.5 -5.62221 -9.15 6.23301 -6.10397 -9.65 6.23301 -6.10397
4 16 -9.78071 6.187 -6.187 -9.6 6.5 -5.62221 -9.65 6.23301 -6.10397 -9.67657 6.187 -6.187
4 16 -9.6 6.5 -5.62221 -9.6 6.85359 -4.98417 -9.2 6.85359 -4.98417 -9.1 6.5 -5.62221
4 16 -8.9 6.84641 -4.99712 -9.1 6.5 -5.62221 -9.2 6.85359 -4.98417 -9 7.2 -4.35909
4 16 -8.5 6.84641 -4.99712 -8.9 6.84641 -4.99712 -9 7.2 -4.35909 -2 7.399 -4
3 16 -8.3 6.5 -5.62221 -8.5 6.84641 -4.99712 -2 7.399 -4
4 16 -8.48071 6.187 -6.187 -8.3 6.5 -5.62221 -2 7.399 -4 -2 6.187 -6.187
4 16 -9.6 6.5 -5.62221 -9.85 6.93301 -4.84085 -9.8 7.2 -4.35909 -9.6 6.85359 -4.98417
4 16 -9.85 6.93301 -4.84085 -10.35 6.93301 -4.84085 -10.2 7.2 -4.35909 -9.8 7.2 -4.35909
4 16 -9.8 7.2 -4.35909 -10.2 7.2 -4.35909 -10.31489 7.399 -4 -9.68511 7.399 -4
4 16 -10.6 6.5 -5.62221 -11.00415 6.31962 -5.9477 -10.9 6.5 -5.62221 -10.5 6.68038 -5.29671
3 16 -10.9 6.5 -5.62221 -11.00415 6.68038 -5.29671 -10.5 6.68038 -5.29671
4 16 -11.70415 7.01962 -4.68458 -11.6 7.2 -4.35909 -11.4 7.2 -4.35909 -11.29585 7.01962 -4.68458
4 16 -11.29585 7.399 -4 -11.4 7.2 -4.35909 -11.6 7.2 -4.35909 -11.70415 7.399 -4
3 16 -9 7.2 -4.35909 -9.11489 7.399 -4 -2 7.399 -4
4 16 -17.7114 7.399 -4 -13.78511 7.399 -4 -13.9 7.2 -4.35909 -17.658 6.187 -6.187
3 16 -17.658 6.187 -6.187 -13.9 7.2 -4.35909 -13.75 6.94019 -4.8279
4 28 -11.29585 7.399 -4 -10.31489 7.399 -4 -10.2 7.2 -4.35909 -11.4 7.2 -4.35909
4 28 -11.29585 7.01962 -4.68458 -11.4 7.2 -4.35909 -10.2 7.2 -4.35909 -10.35 6.93301 -4.84085
4 28 -11.00415 6.68038 -5.29671 -11.29585 7.01962 -4.68458 -10.35 6.93301 -4.84085 -10.5 6.68038 -5.29671
4 28 -10.6 6.5 -5.62221 -10.5 6.68038 -5.29671 -9.6 6.5 -5.62221 -10.49603 6.31991 -5.94717
4 28 -12.8 7.2 -4.35909 -12.69585 7.399 -4 -11.70415 7.399 -4 -11.6 7.2 -4.35909
4 28 -12.69585 7.01962 -4.68458 -12.8 7.2 -4.35909 -11.6 7.2 -4.35909 -11.70415 7.01962 -4.68458
4 28 -13.5 6.5 -5.62221 -12.69585 7.01962 -4.68458 -11.70415 7.01962 -4.68458 -13.31929 6.187 -6.187
4 28 -11.70415 7.01962 -4.68458 -11.29585 7.01962 -4.68458 -11.00415 6.68038 -5.29671 -11.00415 6.31962 -5.9477
3 28 -11.00415 6.31962 -5.9477 -11.00415 6.68038 -5.29671 -10.9 6.5 -5.62221
3 28 -13.31929 6.187 -6.187 -11.70415 7.01962 -4.68458 -11.00415 6.31962 -5.9477
3 28 -11.20265 3.349 -8.084 -11.79735 3.349 -8.084 -11 3.7 -7.84938
4 28 -10.39735 3.349 -8.084 -10.6 3.7 -7.84938 -9.6 3.7 -7.84938 -9.80265 3.349 -8.084
3 28 -8.40265 3.349 -8.084 -8.99735 3.349 -8.084 -8.2 3.7 -7.84938
4 28 -7.59735 3.349 -8.084 -7.8 3.7 -7.84938 -6.8 3.7 -7.84938 -7.00265 3.349 -8.084
4 28 -11.75 3.26699 -8.10031 -11.79735 3.349 -8.084 -11.20265 3.349 -8.084 -11.25 3.26699 -8.10031
4 28 -10.35 3.26699 -8.10031 -10.39735 3.349 -8.084 -9.80265 3.349 -8.084 -9.85 3.26699 -8.10031
4 28 -8.95 3.26699 -8.10031 -8.99735 3.349 -8.084 -8.40265 3.349 -8.084 -8.45 3.26699 -8.10031
4 28 -7.55 3.26699 -8.10031 -7.59735 3.349 -8.084 -7.00265 3.349 -8.084 -7.05 3.26699 -8.10031
3 16 -11.79735 3.349 -8.084 -17.533 3.349 -8.084 -12 3.7 -7.84938
4 16 -11.79735 3.349 -8.084 -11.75 3.26699 -8.10031 -12.05 3.25981 -8.10174 -12.35 3.25981 -8.10174
3 16 -12.35 3.25981 -8.10174 -17.533 3.349 -8.084 -11.79735 3.349 -8.084
4 16 -10.95 3.25981 -8.10174 -11.25 3.26699 -8.10031 -11.20265 3.349 -8.084 -10.65 3.25981 -8.10174
4 16 -10.65 3.25981 -8.10174 -11.20265 3.349 -8.084 -10.39735 3.349 -8.084 -10.35 3.26699 -8.10031
4 16 -11.20265 3.349 -8.084 -11 3.7 -7.84938 -10.6 3.7 -7.84938 -10.39735 3.349 -8.084
4 16 -9.80265 3.349 -8.084 -9.6 3.7 -7.84938 -9.2 3.7 -7.84938 -8.99735 3.349 -8.084
4 16 -8.40265 3.349 -8.084 -8.2 3.7 -7.84938 -7.8 3.7 -7.84938 -7.59735 3.349 -8.084
3 16 -7.05 3.26699 -8.10031 -7.00265 3.349 -8.084 -2 3.349 -8.084
3 16 -2 3.349 -8.084 -7.00265 3.349 -8.084 -6.8 3.7 -7.84938
4 16 -7.59735 3.349 -8.084 -7.55 3.26699 -8.10031 -7.85 3.25981 -8.10174 -8.40265 3.349 -8.084
4 16 -8.40265 3.349 -8.084 -7.85 3.25981 -8.10174 -8.15 3.25981 -8.10174 -8.45 3.26699 -8.10031
4 16 -8.99735 3.349 -8.084 -8.95 3.26699 -8.10031 -9.25 3.25981 -8.10174 -9.55 3.25981 -8.10174
4 16 -9.55 3.25981 -8.10174 -9.85 3.26699 -8.10031 -9.80265 3.349 -8.084 -8.99735 3.349 -8.084
3 28 -9.9 5.8 -6.44568 -9.67657 6.187 -6.187 -9.12344 6.187 -6.187
4 28 -8.91929 6.187 -6.187 -9.1 6.5 -5.62221 -8.3 6.5 -5.62221 -8.48071 6.187 -6.187
3 16 -11.00415 6.31962 -5.9477 -10.6 6.5 -5.62221 -10.49603 6.31991 -5.94717
3 28 -9.78071 6.187 -6.187 -10.49603 6.31991 -5.94717 -9.6 6.5 -5.62221
4 28 -10.49603 6.31991 -5.94717 -9.78071 6.187 -6.187 -13.31929 6.187 -6.187 -11.00415 6.31962 -5.9477

5 24 -2 -3.349 -8.084 -17.2379 -3.349 -8.084 -2 0 -8.75 -2 -6.187 -6.187
5 24 -2 0 -8.75 -17.3855 0 -8.75 -2 3.349 -8.084 -2 -3.349 -8.084
5 24 -2 3.349 -8.084 -17.533 3.349 -8.084 -2 0 -8.75 -2 6.187 -6.187
5 24 -2 6.187 -6.187 -17.658 6.187 -6.187 -2 7.399 -4 -2 3.349 -8.084

0 // Flat Front
4 0 -16.57 16.84 -4 -16.75 16.42 -4 -18.1175 16.6184 -4 -17.63 17.38 -4
4 0 -16.57 16.84 -4 -17.63 17.38 -4 -17.19 17.72 -4 -16.63 17.66 -4
3 0 -16.57 16.84 -4 -16.63 17.66 -4 -16.37 17.3 -4
4 0 -14.55 15.1 -4 -14.67 14.58 -4 -15.93 15.9 -4 -15.39 16.26 -4
4 0 -14.55 15.1 -4 -15.39 16.26 -4 -14.83 16.36 -4 -14.41 16.14 -4
3 0 -14.55 15.1 -4 -14.41 16.14 -4 -14.23 15.56 -4
4 0 -5.65 13.12 -4 -5.69 14.1 -4 -4.21 13.12 -4 -4.57 12.52 -4
4 0 -5.51 12.44 -4 -5.65 13.12 -4 -4.57 12.52 -4 -5.01 12.22 -4
4 0 -8.31 16.2 -4 -8.39 16.76 -4 -6.77 15.74 -4 -7.99 15.64 -4
4 0 -7.99 15.64 -4 -6.77 15.74 -4 -7.05 15.38 -4 -7.53 15.26 -4
4 0 -5.57 21.54 -4 -5.27 21.16 -4 -7.07 20.86 -4 -7.11 21.6 -4
4 0 -5.51 22.14 -4 -5.57 21.54 -4 -7.11 21.6 -4 -6.93 22.46 -4
4 0 -5.51 22.14 -4 -6.93 22.46 -4 -6.63 22.76 -4 -5.79 22.68 -4
3 0 -5.79 22.68 -4 -6.63 22.76 -4 -6.15 22.82 -4
4 0 -8.41 27.16 -4 -8.41 28.46 -4 -6.71 26.76 -4 -6.97 26 -4
4 0 -8.17 26.06 -4 -8.41 27.16 -4 -6.97 26 -4 -7.87 25.58 -4
4 0 -7.87 25.58 -4 -6.97 26 -4 -7.17 25.62 -4 -7.45 25.42 -4
4 0 -5.15 32.88 -4 -5.35 32.42 -4 -7.39 32.36 -4 -7.57 33 -4
4 0 -5.15 33.4 -4 -5.15 32.88 -4 -7.57 33 -4 -5.43 33.86 -4
4 0 -5.43 33.86 -4 -7.57 33 -4 -7.67 33.76 -4 -7.51 34.2 -4
4 0 -5.43 33.86 -4 -7.51 34.2 -4 -6.79 34.5 -4 -5.95 34.4 -4
4 0 -12.47 11.8 -4 -12.57 10.78 -4 -17.7838 9.0419 -4 -12.71 12.82 -4
4 0 -13.37 13.6 -4 -12.71 12.82 -4 -17.7838 9.0419 -4 -14.23 13.84 -4
4 0 -15.93 15.9 -4 -14.67 14.58 -4 -14.69 14.2 -4 -16.27 15.84 -4
4 0 -16.27 15.84 -4 -14.69 14.2 -4 -17.7838 9.0419 -4 -16.73 16.05 -4
3 0 -17.7838 9.0419 -4 -14.69 14.2 -4 -14.23 13.84 -4
4 0 -18.1175 16.6184 -4 -16.75 16.42 -4 -16.73 16.05 -4 -17.7838 9.0419 -4
4 0 -3.7 13.4 -4 -4.21 13.12 -4 -5.69 14.1 -4 -5.78 15.31 -4
4 0 -1.89588 14.39227 -4 -3.7 13.4 -4 -5.78 15.31 -4 -1.89152 14.67403 -4
4 0 -1.90223 13.98152 -4 -1.98 13.86 -4 -3.7 13.4 -4 -1.89588 14.39227 -4
4 0 -3.33 13.21 -4 -3.7 13.4 -4 -1.98 13.86 -4 -2.93 13.21 -4
3 0 -2.93 13.21 -4 -1.98 13.86 -4 -2.33 13.48 -4
4 0 -1.89152 14.67403 -4 -5.78 15.31 -4 -5.93 15.75 -4 -4.67 20.85 -4
4 0 -1.88092 15.35982 -4 -1.89152 14.67403 -4 -4.67 20.85 -4 -4.62 21.48 -4
4 0 -5.05 20.95 -4 -4.67 20.85 -4 -5.93 15.75 -4 -6.32 15.93 -4
4 0 -5.27 21.16 -4 -5.05 20.95 -4 -6.32 15.93 -4 -6.77 15.74 -4
4 0 -8.35 18.03 -4 -5.27 21.16 -4 -6.77 15.74 -4 -8.27 17.35 -4
3 0 -6.77 15.74 -4 -8.39 16.76 -4 -8.27 17.35 -4
3 0 -7.1 20.61 -4 -7.07 20.86 -4 -5.27 21.16 -4
4 0 -7.1 20.61 -4 -5.27 21.16 -4 -8.35 18.03 -4 -8.72 18.08 -4
4 0 -7.4 20.6 -4 -7.1 20.61 -4 -8.72 18.08 -4 -9.13 18.06 -4
4 0 -7.4 20.6 -4 -9.13 18.06 -4 -9.43 18.45 -4 -7.58 20.88 -4
4 0 -7.97 20.98 -4 -7.58 20.88 -4 -9.43 18.45 -4 -8.63 20.8 -4
4 0 -8.63 20.8 -4 -9.43 18.45 -4 -9.5 19.33 -4 -9.25 20.21 -4
4 0 -1.75723 23.36099 -4 -1.88092 15.35982 -4 -4.62 21.48 -4 -4.3 22.13 -4
4 0 -1.83 23.73 -4 -1.75723 23.36099 -4 -4.3 22.13 -4 -2.35 23.73 -4
3 0 -4.3 22.13 -4 -3.58 22.98 -4 -2.35 23.73 -4
4 0 -15.52 22.08 -4 -14.48 20.11 -4 -14.83 19.98 -4 -15.75 21.05 -4
4 0 -15.72 20.53 -4 -15.75 21.05 -4 -14.83 19.98 -4 -15.42 20.1 -4
4 0 -13.83 20.11 -4 -14.48 20.11 -4 -15.52 22.08 -4 -14.97 23.33 -4
4 0 -12.62 23.73 -4 -13.83 20.11 -4 -14.97 23.33 -4 -13.05 23.93 -4
4 0 -13.05 23.93 -4 -14.97 23.33 -4 -14.32 24.11 -4 -13.22 24.35 -4
3 0 -14.32 24.11 -4 -13.67 24.41 -4 -13.22 24.35 -4
4 0 -13.45 19.7 -4 -13.83 20.11 -4 -11.93 20.26 -4 -12.3 19.58 -4
4 0 -13.15 19.33 -4 -13.45 19.7 -4 -12.3 19.58 -4 -12.55 19.28 -4
3 0 -12.77 19.18 -4 -13.15 19.33 -4 -12.55 19.28 -4
4 0 -13.83 20.11 -4 -12.62 23.73 -4 -11.98 23.95 -4 -11.93 20.26 -4
4 0 -11.4 22.4 -4 -11.93 20.26 -4 -11.98 23.95 -4 -11.27 23.61 -4
4 0 -11.35 23.98 -4 -11.27 23.61 -4 -11.98 23.95 -4 -11.6 24.15 -4
4 0 -17.54 29.8 -4 -18.7048 29.9497 -4 -18.8832 33.9979 -4 -17.24 33.83 -4
4 0 -17.54 29.8 -4 -17.24 33.83 -4 -15.94 33.6 -4 -17.02 29.4 -4
4 0 -17.02 29.4 -4 -15.94 33.6 -4 -15.46 33.41 -4 -15.17 32.96 -4
4 0 -17.02 29.4 -4 -15.17 32.96 -4 -15.02 32.08 -4 -14.86 30.2 -4
4 0 -16.69 28.61 -4 -17.02 29.4 -4 -14.86 30.2 -4 -14.47 29 -4
4 0 -16.72 27.81 -4 -16.69 28.61 -4 -14.47 29 -4 -16.61 27 -4
4 0 -16.61 27 -4 -14.47 29 -4 -13.87 28.05 -4 -15.17 26.76 -4
4 0 -14.52 26.75 -4 -15.17 26.76 -4 -13.87 28.05 -4 -13.69 27.61 -4
4 0 -14.52 26.75 -4 -13.69 27.61 -4 -13.64 27.13 -4 -13.97 26.71 -4
4 0 -16.61 27 -4 -15.17 26.76 -4 -15.62 26.55 -4 -16.47 26.53 -4
3 0 -16.01 26.23 -4 -16.47 26.53 -4 -15.62 26.55 -4
4 0 -14.77 40 -4 -10.89 40 -4 -10.76 39.18 -4 -14.96 39.25 -4
4 0 -14.92 38.61 -4 -14.96 39.25 -4 -10.76 39.18 -4 -14.62 37.78 -4
4 0 -14.62 37.78 -4 -10.76 39.18 -4 -10.87 38.53 -4 -14.16 37.03 -4
4 0 -14.16 37.03 -4 -10.87 38.53 -4 -10.96 37.08 -4 -13.92 36.56 -4
4 0 -13.92 36.56 -4 -10.96 37.08 -4 -11.09 35.48 -4 -13.79 35.61 -4
4 0 -12.67 35.05 -4 -13.79 35.61 -4 -11.09 35.48 -4 -12.21 34.95 -4
4 0 -12.21 34.95 -4 -11.09 35.48 -4 -11.26 35.08 -4 -12.07 34.8 -4
4 0 -12.07 34.8 -4 -11.26 35.08 -4 -11.47 34.66 -4 -11.81 34.56 -4
4 0 -13.79 35.61 -4 -12.67 35.05 -4 -12.96 34.76 -4 -13.97 34.73 -4
4 0 -14.06 33.85 -4 -13.97 34.73 -4 -12.96 34.76 -4 -13.04 34.11 -4
4 0 -14.06 33.85 -4 -13.04 34.11 -4 -13.21 33.66 -4 -13.72 33.5 -4
4 0 -6.67 27.21 -4 -6.71 26.76 -4 -8.41 28.46 -4 -7.94 30.55 -4
4 0 -6.44 27.51 -4 -6.67 27.21 -4 -7.94 30.55 -4 -7.54 31.65 -4
4 0 -6.01 27.48 -4 -6.44 27.51 -4 -7.54 31.65 -4 -5.35 32.42 -4
4 0 -6.01 27.48 -4 -5.35 32.42 -4 -5.19 32.11 -4 -4.87 28.71 -4
4 0 -6.01 27.48 -4 -4.87 28.71 -4 -5.02 27.88 -4 -5.69 27.18 -4
4 0 -5.69 27.18 -4 -5.02 27.88 -4 -4.99 27.3 -4 -5.29 27.1 -4
4 0 -4.39 30.18 -4 -4.87 28.71 -4 -5.19 32.11 -4 -4.57 31.71 -4
3 0 -4.39 30.18 -4 -4.57 31.71 -4 -4.21 31.1 -4
3 0 -7.54 31.65 -4 -7.39 32.36 -4 -5.35 32.42 -4
4 15 -6.77 15.74 -4 -6.32 15.93 -4 -5.93 15.75 -4 -7.05 15.38 -4
4 15 -7.05 15.38 -4 -5.93 15.75 -4 -5.78 15.31 -4 -5.69 14.1 -4
4 15 -7.53 15.26 -4 -7.05 15.38 -4 -5.69 14.1 -4 -12.47 11.8 -4
4 15 -12.47 11.8 -4 -5.69 14.1 -4 -5.65 13.12 -4 -11.399 10.87221 -4
4 15 -4.21 13.12 -4 -3.7 13.4 -4 -3.33 13.21 -4 -4.57 12.52 -4
4 15 -1.94649 11.11851 -4 -4.57 12.52 -4 -3.33 13.21 -4 -1.94148 11.44211 -4
4 15 -5.01 12.22 -4 -4.57 12.52 -4 -1.94649 11.11851 -4 -1.95096 10.8291 -4
4 15 -1.94148 11.44211 -4 -3.33 13.21 -4 -2.93 13.21 -4 -1.93911 11.59548 -4
4 15 -1.93911 11.59548 -4 -2.93 13.21 -4 -2.33 13.48 -4 -1.92938 12.22505 -4
4 15 -1.92938 12.22505 -4 -2.33 13.48 -4 -1.98 13.86 -4 -1.91075 13.43009 -4
3 15 -1.91075 13.43009 -4 -1.98 13.86 -4 -1.90223 13.98152 -4
4 15 -8.72 18.08 -4 -8.35 18.03 -4 -8.27 17.35 -4 -9.13 18.06 -4
4 15 -9.13 18.06 -4 -8.27 17.35 -4 -8.39 16.76 -4 -14.41 16.14 -4
4 15 -14.23 15.56 -4 -14.41 16.14 -4 -8.39 16.76 -4 -8.31 16.2 -4
4 15 -14.23 15.56 -4 -8.31 16.2 -4 -13.37 13.6 -4 -14.55 15.1 -4
4 15 -14.55 15.1 -4 -13.37 13.6 -4 -14.23 13.84 -4 -14.67 14.58 -4
3 15 -14.23 13.84 -4 -14.69 14.2 -4 -14.67 14.58 -4
4 15 -7.99 15.64 -4 -7.53 15.26 -4 -12.47 11.8 -4 -12.71 12.82 -4
4 15 -7.99 15.64 -4 -12.71 12.82 -4 -13.37 13.6 -4 -8.31 16.2 -4
4 15 -16.27 15.84 -4 -16.73 16.05 -4 -16.75 16.42 -4 -15.93 15.9 -4
4 15 -15.39 16.26 -4 -15.93 15.9 -4 -16.75 16.42 -4 -16.57 16.84 -4
4 15 -14.83 16.36 -4 -15.39 16.26 -4 -16.57 16.84 -4 -16.37 17.3 -4
4 15 -13.15 19.33 -4 -14.83 16.36 -4 -16.37 17.3 -4 -14.83 19.98 -4
4 15 -13.15 19.33 -4 -14.83 19.98 -4 -14.48 20.11 -4 -13.45 19.7 -4
3 15 -13.45 19.7 -4 -14.48 20.11 -4 -13.83 20.11 -4
4 15 -16.63 17.66 -4 -15.42 20.1 -4 -14.83 19.98 -4 -16.37 17.3 -4
4 15 -17.19 17.72 -4 -15.72 20.53 -4 -15.42 20.1 -4 -16.63 17.66 -4
4 15 -12.62 23.73 -4 -13.05 23.93 -4 -13.22 24.35 -4 -11.98 23.95 -4
4 15 -11.6 24.15 -4 -11.98 23.95 -4 -13.22 24.35 -4 -13.97 26.71 -4
4 15 -13.97 26.71 -4 -13.22 24.35 -4 -13.67 24.41 -4 -14.52 26.75 -4
4 15 -15.17 26.76 -4 -14.52 26.75 -4 -13.67 24.41 -4 -15.62 26.55 -4
4 15 -15.62 26.55 -4 -13.67 24.41 -4 -14.32 24.11 -4 -16.01 26.23 -4
3 15 -14.97 23.33 -4 -16.01 26.23 -4 -14.32 24.11 -4
4 15 -16.69 28.61 -4 -18.7048 29.9497 -4 -17.54 29.8 -4 -17.02 29.4 -4
3 15 -16.72 27.81 -4 -18.7048 29.9497 -4 -16.69 28.61 -4
4 15 -18.7048 29.9497 -4 -16.72 27.81 -4 -16.61 27 -4 -17.63 17.38 -4
3 15 -18.1175 16.6184 -4 -18.7048 29.9497 -4 -17.63 17.38 -4
4 15 -15.72 20.53 -4 -17.19 17.72 -4 -17.63 17.38 -4 -15.75 21.05 -4
4 15 -16.01 26.23 -4 -15.75 21.05 -4 -17.63 17.38 -4 -16.47 26.53 -4
3 15 -17.63 17.38 -4 -16.61 27 -4 -16.47 26.53 -4
3 15 -15.75 21.05 -4 -16.01 26.23 -4 -15.52 22.08 -4
3 15 -15.52 22.08 -4 -16.01 26.23 -4 -14.97 23.33 -4
4 15 -14.83 16.36 -4 -13.15 19.33 -4 -12.77 19.18 -4 -14.41 16.14 -4
4 15 -14.41 16.14 -4 -12.77 19.18 -4 -12.55 19.28 -4 -9.43 18.45 -4
3 15 -14.41 16.14 -4 -9.43 18.45 -4 -9.13 18.06 -4
4 15 -12.55 19.28 -4 -12.3 19.58 -4 -9.5 19.33 -4 -9.43 18.45 -4
4 15 -9.5 19.33 -4 -12.3 19.58 -4 -11.93 20.26 -4 -9.25 20.21 -4
4 15 -7.4 20.6 -4 -7.58 20.88 -4 -7.07 20.86 -4 -7.1 20.61 -4
4 15 -7.11 21.6 -4 -7.07 20.86 -4 -7.58 20.88 -4 -7.97 20.98 -4
4 15 -6.93 22.46 -4 -7.11 21.6 -4 -7.97 20.98 -4 -8.63 20.8 -4
4 15 -5.05 20.95 -4 -5.27 21.16 -4 -4.62 21.48 -4 -4.67 20.85 -4
4 15 -4.62 21.48 -4 -5.27 21.16 -4 -5.57 21.54 -4 -5.51 22.14 -4
4 15 -4.3 22.13 -4 -4.62 21.48 -4 -5.51 22.14 -4 -5.79 22.68 -4
4 15 -3.58 22.98 -4 -4.3 22.13 -4 -5.79 22.68 -4 -6.15 22.82 -4
4 15 -3.58 22.98 -4 -6.15 22.82 -4 -7.45 25.42 -4 -7.17 25.62 -4
4 15 -6.67 27.21 -4 -6.44 27.51 -4 -6.01 27.48 -4 -5.69 27.18 -4
4 15 -6.71 26.76 -4 -6.67 27.21 -4 -5.69 27.18 -4 -5.29 27.1 -4
4 15 -6.97 26 -4 -6.71 26.76 -4 -5.29 27.1 -4 -3.58 22.98 -4
3 15 -3.58 22.98 -4 -7.17 25.62 -4 -6.97 26 -4
4 15 -2.35 23.73 -4 -3.58 22.98 -4 -5.29 27.1 -4 -4.99 27.3 -4
4 15 -1.83 23.73 -4 -2.35 23.73 -4 -4.99 27.3 -4 -5.02 27.88 -4
4 15 -6.63 22.76 -4 -7.87 25.58 -4 -7.45 25.42 -4 -6.15 22.82 -4
4 15 -9.25 20.21 -4 -11.93 20.26 -4 -11.4 22.4 -4 -8.63 20.8 -4
4 15 -6.93 22.46 -4 -8.63 20.8 -4 -11.4 22.4 -4 -11.27 23.61 -4
4 15 -6.63 22.76 -4 -6.93 22.46 -4 -11.27 23.61 -4 -7.87 25.58 -4
4 15 -7.87 25.58 -4 -11.27 23.61 -4 -11.35 23.98 -4 -8.17 26.06 -4
4 15 -8.17 26.06 -4 -11.35 23.98 -4 -11.6 24.15 -4 -13.64 27.13 -4
3 15 -11.6 24.15 -4 -13.97 26.71 -4 -13.64 27.13 -4
4 15 -13.64 27.13 -4 -13.69 27.61 -4 -8.41 27.16 -4 -8.17 26.06 -4
4 15 -13.69 27.61 -4 -13.87 28.05 -4 -8.41 28.46 -4 -8.41 27.16 -4
4 15 -13.87 28.05 -4 -14.47 29 -4 -7.94 30.55 -4 -8.41 28.46 -4
4 15 -7.94 30.55 -4 -14.47 29 -4 -14.86 30.2 -4 -7.54 31.65 -4
4 15 -7.54 31.65 -4 -14.86 30.2 -4 -15.02 32.08 -4 -13.72 33.5 -4
4 15 -7.54 31.65 -4 -13.72 33.5 -4 -13.21 33.66 -4 -7.39 32.36 -4
4 15 -11.81 34.56 -4 -7.39 32.36 -4 -13.21 33.66 -4 -13.04 34.11 -4
4 15 -12.96 34.76 -4 -12.67 35.05 -4 -12.21 34.95 -4 -12.07 34.8 -4
4 15 -12.96 34.76 -4 -12.07 34.8 -4 -11.81 34.56 -4 -13.04 34.11 -4
4 15 -7.39 32.36 -4 -11.81 34.56 -4 -11.47 34.66 -4 -7.57 33 -4
4 15 -7.57 33 -4 -11.47 34.66 -4 -11.26 35.08 -4 -7.67 33.76 -4
4 15 -7.67 33.76 -4 -11.26 35.08 -4 -11.09 35.48 -4 -7.51 34.2 -4
4 15 -7.51 34.2 -4 -11.09 35.48 -4 -10.96 37.08 -4 -6.79 34.5 -4
4 15 -5.19 32.11 -4 -5.35 32.42 -4 -5.15 32.88 -4 -4.57 31.71 -4
4 15 -1.83 23.73 -4 -4.39 30.18 -4 -4.21 31.1 -4 -1.74407 24.21179 -4
3 15 -1.74407 24.21179 -4 -4.21 31.1 -4 -1.5 40 -4
4 15 -1.5 40 -4 -4.21 31.1 -4 -4.57 31.71 -4 -5.15 32.88 -4
3 15 -5.15 32.88 -4 -5.15 33.4 -4 -1.5 40 -4
3 15 -5.15 33.4 -4 -5.43 33.86 -4 -1.5 40 -4
3 15 -5.43 33.86 -4 -5.95 34.4 -4 -1.5 40 -4
4 15 -1.5 40 -4 -5.95 34.4 -4 -6.79 34.5 -4 -10.96 37.08 -4
4 15 -1.5 40 -4 -10.96 37.08 -4 -10.87 38.53 -4 -10.76 39.18 -4
3 15 -10.76 39.18 -4 -10.89 40 -4 -1.5 40 -4
4 15 -1.83 23.73 -4 -5.02 27.88 -4 -4.87 28.71 -4 -4.39 30.18 -4
4 15 -15.17 32.96 -4 -14.06 33.85 -4 -13.72 33.5 -4 -15.02 32.08 -4
4 15 -14.06 33.85 -4 -15.17 32.96 -4 -15.46 33.41 -4 -13.97 34.73 -4
3 15 -15.46 33.41 -4 -15.94 33.6 -4 -13.97 34.73 -4
4 15 -13.97 34.73 -4 -15.94 33.6 -4 -17.24 33.83 -4 -13.79 35.61 -4
4 15 -13.92 36.56 -4 -13.79 35.61 -4 -17.24 33.83 -4 -18.8832 33.9979 -4
4 15 -14.16 37.03 -4 -13.92 36.56 -4 -18.8832 33.9979 -4 -14.62 37.78 -4
4 15 -14.92 38.61 -4 -14.62 37.78 -4 -18.8832 33.9979 -4 -19.14759 40 -4
3 15 -14.92 38.61 -4 -19.14759 40 -4 -14.96 39.25 -4
3 15 -14.96 39.25 -4 -19.14759 40 -4 -14.77 40 -4
4 28 -10.5 10 -4 -11.1 10 -4 -10.95 10.25981 -4 -10.65 10.25981 -4
4 28 -11.9 10 -4 -12.35 9.74019 -4 -12.5 10 -4 -12.35 10.25981 -4
3 28 -11.9 10 -4 -12.35 10.25981 -4 -12.05 10.25981 -4
3 28 -12.05 9.74019 -4 -12.35 9.74019 -4 -11.9 10 -4
4 28 -11.1 9.3 -4 -11.7 8.95359 -4 -11.9 9.3 -4 -11.7 9.64641 -4
3 28 -11.1 9.3 -4 -11.7 9.64641 -4 -11.3 9.64641 -4
3 28 -11.3 8.95359 -4 -11.7 8.95359 -4 -11.1 9.3 -4
4 28 -13.1 8.95359 -4 -13.3 9.3 -4 -12.5 9.3 -4 -12.7 8.95359 -4
4 28 -13.2 8.6 -4 -13.8 8.25359 -4 -14 8.6 -4 -13.8 8.94641 -4
3 28 -13.2 8.6 -4 -13.8 8.94641 -4 -13.4 8.94641 -4
3 28 -13.4 8.25359 -4 -13.8 8.25359 -4 -13.2 8.6 -4
4 28 -11.7 8.6 -4 -12.7 8.6 -4 -12.45 9.03301 -4 -11.95 9.03301 -4
4 28 -13.5 7.9 -4 -13.2 8.41962 -4 -12.6 8.41962 -4 -12.45 8.16699 -4
4 28 -10.3 8.6 -4 -11.3 8.6 -4 -11.05 9.03301 -4 -10.55 9.03301 -4
4 28 -10.3 8.6 -4 -10.55 8.16699 -4 -11.05 8.16699 -4 -11.2 8.41962 -4
4 28 -11.00415 7.71962 -4 -10.5 7.71962 -4 -10.31489 7.399 -4 -11.29585 7.399 -4
4 28 -9.8 9.3 -4 -10.25 9.04019 -4 -10.4 9.3 -4 -10.25 9.55981 -4
3 28 -9.8 9.3 -4 -10.25 9.55981 -4 -9.95 9.55981 -4
3 28 -9.95 9.04019 -4 -10.25 9.04019 -4 -9.8 9.3 -4
4 28 -9.8 7.9 -4 -10.25 7.64019 -4 -10.4 7.9 -4 -10.25 8.15981 -4
3 28 -9.8 7.9 -4 -10.25 8.15981 -4 -9.95 8.15981 -4
3 28 -9.95 7.64019 -4 -10.25 7.64019 -4 -9.8 7.9 -4
4 28 -13.3 10 -4 -13.75 9.74019 -4 -13.9 10 -4 -13.75 10.25981 -4
3 28 -13.3 10 -4 -13.75 10.25981 -4 -13.45 10.25981 -4
3 28 -13.45 9.74019 -4 -13.75 9.74019 -4 -13.3 10 -4
4 28 -11.299 10.699 -4 -11.599 10.52579 -4 -11.699 10.699 -4 -11.599 10.87221 -4
3 28 -11.299 10.699 -4 -11.599 10.87221 -4 -11.399 10.87221 -4
3 28 -11.399 10.52579 -4 -11.599 10.52579 -4 -11.299 10.699 -4
3 0 -17.7838 9.0419 -4 -14.45 9.55981 -4 -14.53746 9.40832 -4
4 0 -13.9 10 -4 -14.45 9.55981 -4 -17.7838 9.0419 -4 -13.75 10.25981 -4
3 0 -17.7838 9.0419 -4 -12.57 10.78 -4 -13.75 10.25981 -4
3 0 -13.45 10.25981 -4 -13.75 10.25981 -4 -12.57 10.78 -4
3 0 -13.3 10 -4 -13.45 10.25981 -4 -12.57 10.78 -4
4 0 -13.3 10 -4 -12.57 10.78 -4 -13.23539 9.5553 -4 -13.45 9.74019 -4
4 0 -13.75 9.74019 -4 -13.45 9.74019 -4 -13.23539 9.5553 -4 -14.15 9.55981 -4
3 0 -14.0916 9.45865 -4 -14.15 9.55981 -4 -13.23539 9.5553 -4
4 0 -14.45 9.55981 -4 -13.9 10 -4 -13.75 9.74019 -4 -14.15 9.55981 -4
4 28 -14.53746 9.40832 -4 -14.45 9.55981 -4 -14.15 9.55981 -4 -14.0916 9.45865 -4
4 28 -14.53746 9.40832 -4 -14.0916 9.45865 -4 -14 9.3 -4 -14.6 9.3 -4
4 28 -14.45 9.04019 -4 -14.6 9.3 -4 -14 9.3 -4 -14.15 9.04019 -4
3 16 -17.7838 9.0419 -4 -14.53746 9.40832 -4 -14.6 9.3 -4
4 16 -17.7838 9.0419 -4 -14.6 9.3 -4 -14.45 9.04019 -4 -17.7114 7.399 -4
4 16 -14 8.6 -4 -17.7114 7.399 -4 -14.45 9.04019 -4 -14.15 9.04019 -4
4 16 -13.45 7.45981 -4 -13.5 7.9 -4 -13.237 7.399 -4 -13.41489 7.399 -4
4 16 -13.5 7.9 -4 -13.45 7.45981 -4 -13.75 7.45981 -4 -13.8 8.25359 -4
3 16 -13.5 7.9 -4 -13.8 8.25359 -4 -13.4 8.25359 -4
4 16 -13.2 8.41962 -4 -13.5 7.9 -4 -13.4 8.25359 -4 -13.2 8.6 -4
4 16 -12.7 8.6 -4 -13.2 8.41962 -4 -13.2 8.6 -4 -13.1 8.95359 -4
4 16 -13.23539 9.5553 -4 -13.3 9.3 -4 -14 9.3 -4 -14.0916 9.45865 -4
4 16 -13.8 8.94641 -4 -14 8.6 -4 -14.15 9.04019 -4 -14 9.3 -4
4 16 -13.4 8.94641 -4 -13.8 8.94641 -4 -14 9.3 -4 -13.3 9.3 -4
4 16 -13.4 8.94641 -4 -13.3 9.3 -4 -13.1 8.95359 -4 -13.2 8.6 -4
3 16 -12.7 8.6 -4 -13.1 8.95359 -4 -12.7 8.95359 -4
4 16 -12.7 8.95359 -4 -12.5 9.3 -4 -12.45 9.03301 -4 -12.7 8.6 -4
4 15 -13.23539 9.5553 -4 -12.57 10.78 -4 -13.1 9.64641 -4 -13.14683 9.5653 -4
4 15 -12.7 9.64641 -4 -13.1 9.64641 -4 -12.57 10.78 -4 -12.5 10 -4
3 15 -12.5 10 -4 -12.57 10.78 -4 -12.35 10.25981 -4
4 15 -11.699 10.699 -4 -12.35 10.25981 -4 -12.57 10.78 -4 -11.599 10.87221 -4
3 15 -12.57 10.78 -4 -12.47 11.8 -4 -11.599 10.87221 -4
3 15 -11.399 10.87221 -4 -11.599 10.87221 -4 -12.47 11.8 -4
4 15 -11.399 10.87221 -4 -5.65 13.12 -4 -5.51 12.44 -4 -11.299 10.699 -4
4 15 -11.1 10 -4 -11.399 10.52579 -4 -11.299 10.699 -4 -10.95 10.25981 -4
4 15 -10.65 10.25981 -4 -10.95 10.25981 -4 -11.299 10.699 -4 -5.51 12.44 -4
4 15 -10.65 10.25981 -4 -5.51 12.44 -4 -5.01 12.22 -4 -10.5 10 -4
4 28 -10.95 9.74019 -4 -10.98961 9.80881 -4 -10.58395 9.8546 -4 -10.65 9.74019 -4
4 28 -10.98961 9.80881 -4 -11.1 10 -4 -10.5 10 -4 -10.58395 9.8546 -4
4 15 -12.35 10.25981 -4 -11.699 10.699 -4 -11.599 10.52579 -4 -12.05 10.25981 -4
4 15 -12.05 10.25981 -4 -11.599 10.52579 -4 -11.399 10.52579 -4 -11.9 10 -4
3 15 -11.1 10 -4 -11.9 10 -4 -11.399 10.52579 -4
4 15 -11.9 10 -4 -11.1 10 -4 -10.98961 9.80881 -4 -12.05 9.74019 -4
3 15 -12.7 9.64641 -4 -12.5 10 -4 -12.35 9.74019 -4
3 15 -12.7 9.64641 -4 -12.35 9.74019 -4 -12.05 9.74019 -4
4 15 -12.7 9.64641 -4 -12.05 9.74019 -4 -10.98961 9.80881 -4 -12.68337 9.61761 -4
4 15 -1.95096 10.8291 -4 -10.58395 9.8546 -4 -10.5 10 -4 -5.01 12.22 -4
4 16 -11.7 9.64641 -4 -11.9 9.3 -4 -12.5 9.3 -4 -12.68337 9.61761 -4
4 16 -11.3 9.64641 -4 -11.7 9.64641 -4 -10.98961 9.80881 -4 -10.95 9.74019 -4
4 16 -11.1 9.3 -4 -11.3 9.64641 -4 -10.95 9.74019 -4 -10.65 9.74019 -4
4 16 -10.4 9.3 -4 -11.1 9.3 -4 -10.65 9.74019 -4 -10.25 9.55981 -4
4 16 -10.25 9.55981 -4 -10.65 9.74019 -4 -10.58395 9.8546 -4 -9.95 9.55981 -4
3 16 -9.95 9.55981 -4 -10.58395 9.8546 -4 -1.95096 10.8291 -4
4 16 -9.8 9.3 -4 -9.95 9.55981 -4 -1.95096 10.8291 -4 -2 7.657 -4
4 16 -10.25 9.04019 -4 -9.95 9.04019 -4 -10.3 8.6 -4 -10.55 9.03301 -4
4 16 -10.4 9.3 -4 -10.25 9.04019 -4 -10.55 9.03301 -4 -11.05 9.03301 -4
4 16 -11.1 9.3 -4 -10.4 9.3 -4 -11.05 9.03301 -4 -11.3 8.95359 -4
3 16 -11.3 8.6 -4 -11.3 8.95359 -4 -11.05 9.03301 -4
4 16 -11.7 8.95359 -4 -11.3 8.95359 -4 -11.3 8.6 -4 -11.7 8.6 -4
4 16 -11.7 8.95359 -4 -11.7 8.6 -4 -11.95 9.03301 -4 -11.9 9.3 -4
4 16 -12.5 9.3 -4 -11.9 9.3 -4 -11.95 9.03301 -4 -12.45 9.03301 -4
4 16 -10.31489 7.399 -4 -10.25 7.64019 -4 -9.95 7.64019 -4 -9.6 7.54641 -4
4 16 -9.6 7.54641 -4 -9.95 7.64019 -4 -9.8 7.9 -4 -9.2 7.54641 -4
4 16 -11.8 8.41962 -4 -11.7 8.6 -4 -11.3 8.6 -4 -11.2 8.41962 -4
3 16 -12.6 8.41962 -4 -13.2 8.41962 -4 -12.7 8.6 -4
4 16 -12.3 7.9 -4 -12.45 8.16699 -4 -11.95 8.16699 -4 -12.1 7.9 -4
4 16 -12.40415 7.71962 -4 -12.3 7.9 -4 -12.1 7.9 -4 -11.99585 7.71962 -4
4 28 -12.6 8.41962 -4 -12.7 8.6 -4 -11.7 8.6 -4 -11.8 8.41962 -4
4 16 -10.5 7.71962 -4 -11.00415 7.71962 -4 -10.9 7.9 -4 -10.55 8.16699 -4
3 16 -10.9 7.9 -4 -11.05 8.16699 -4 -10.55 8.16699 -4
4 16 -10.25 8.15981 -4 -10.4 7.9 -4 -10.55 8.16699 -4 -10.3 8.6 -4
4 16 -9.95 8.15981 -4 -10.25 8.15981 -4 -10.3 8.6 -4 -9.95 9.04019 -4
3 16 -10.5 7.71962 -4 -10.55 8.16699 -4 -10.4 7.9 -4
4 16 -10.5 7.71962 -4 -10.4 7.9 -4 -10.25 7.64019 -4 -10.31489 7.399 -4
4 16 -17.7114 7.399 -4 -14 8.6 -4 -13.8 8.25359 -4 -13.75 7.45981 -4
4 28 -13.5 7.9 -4 -12.3 7.9 -4 -12.40415 7.71962 -4 -13.237 7.399 -4
4 28 -12.69585 7.399 -4 -13.237 7.399 -4 -12.40415 7.71962 -4 -11.99585 7.71962 -4
3 28 -12.3 7.9 -4 -13.5 7.9 -4 -12.45 8.16699 -4
4 28 -12.45 8.16699 -4 -12.6 8.41962 -4 -11.8 8.41962 -4 -11.95 8.16699 -4
4 28 -11.95 8.16699 -4 -11.8 8.41962 -4 -10.9 7.9 -4 -12.1 7.9 -4
4 28 -11.70415 7.399 -4 -12.69585 7.399 -4 -11.99585 7.71962 -4 -10.9 7.9 -4
3 28 -11.99585 7.71962 -4 -12.1 7.9 -4 -10.9 7.9 -4
4 28 -11.70415 7.399 -4 -10.9 7.9 -4 -11.00415 7.71962 -4 -11.29585 7.399 -4
4 28 -9.11489 7.399 -4 -9.68511 7.399 -4 -9.6 7.54641 -4 -9.2 7.54641 -4
4 28 -13.78511 7.399 -4 -13.75 7.45981 -4 -13.45 7.45981 -4 -13.41489 7.399 -4
3 16 -9.68511 7.399 -4 -10.31489 7.399 -4 -9.6 7.54641 -4
4 16 -2 7.399 -4 -9.11489 7.399 -4 -9.2 7.54641 -4 -2 7.657 -4
3 16 -13.78511 7.399 -4 -17.7114 7.399 -4 -13.75 7.45981 -4
3 0 -1.89588 14.39227 -4 -1.89152 14.67403 -4 -1.5 14.61 -4
3 0 -1.90223 13.98152 -4 -1.89588 14.39227 -4 -1.5 14.61 -4
3 0 -1.5 14.61 -4 -1.89152 14.67403 -4 -1.88092 15.35982 -4
4 0 -1.75723 23.36099 -4 -1.5 23.53 -4 -1.5 14.61 -4 -1.88092 15.35982 -4
3 0 -1.75723 23.36099 -4 -1.83 23.73 -4 -1.5 23.53 -4
3 15 -1.5 10.88 -4 -1.94649 11.11851 -4 -1.94148 11.44211 -4
3 15 -1.5 10.88 -4 -1.94148 11.44211 -4 -1.93911 11.59548 -4
3 15 -1.5 10.88 -4 -1.93911 11.59548 -4 -1.92938 12.22505 -4
3 15 -1.5 10.88 -4 -1.92938 12.22505 -4 -1.91075 13.43009 -4
4 15 -1.90223 13.98152 -4 -1.5 14.61 -4 -1.5 10.88 -4 -1.91075 13.43009 -4
4 16 -1.5 10.88 -4 -1.5 7.657 -4 -2 7.657 -4 -1.95096 10.8291 -4
3 15 -1.5 23.53 -4 -1.83 23.73 -4 -1.74407 24.21179 -4
3 15 -1.5 23.53 -4 -1.74407 24.21179 -4 -1.5 40 -4
3 15 -1.95096 10.8291 -4 -1.94649 11.11851 -4 -1.5 10.88 -4
4 28 -11.8 8.41962 -4 -11.2 8.41962 -4 -11.05 8.16699 -4 -10.9 7.9 -4
3 28 -11.2 8.41962 -4 -11.3 8.6 -4 -10.3 8.6 -4
4 16 -9.95 8.15981 -4 -9.95 9.04019 -4 -9.8 9.3 -4 -9.8 7.9 -4
4 16 -9.2 7.54641 -4 -9.8 7.9 -4 -9.8 9.3 -4 -2 7.657 -4
4 28 -12.5 9.3 -4 -13.3 9.3 -4 -13.14683 9.5653 -4 -12.68337 9.61761 -4
3 16 -13.3 9.3 -4 -13.23539 9.5553 -4 -13.14683 9.5653 -4
4 28 -13.1 9.64641 -4 -12.7 9.64641 -4 -12.68337 9.61761 -4 -13.14683 9.5653 -4
3 16 -12.68337 9.61761 -4 -10.98961 9.80881 -4 -11.7 9.64641 -4

0 // Foot Top
3 484 -19.14759 40 -4 -19.14759 40 -10 -14.77 40 -4
3 484 -1.5 40 -10 -1.5 40 -4 -10.89 40 -4
4 484 -10.89 40 -4 -14.77 40 -4 -19.14759 40 -10 -1.5 40 -10
0 // Foot Front
4 28 -14.96 45.47 -10 -15.79 45.74 -10 -14.11 45.65 -10 -13.08 44.9 -10
4 28 -13.08 44.9 -10 -14.11 45.65 -10 -12.66 45.4 -10 -11.08 45.02 -10
3 28 -11.98 44.59 -10 -13.08 44.9 -10 -11.08 45.02 -10
4 28 -14.36 44.34 -10 -15.01 44.54 -10 -14.29 44.57 -10 -13.18 44.35 -10
4 28 -13.08 43.9 -10 -14.36 44.34 -10 -13.18 44.35 -10 -12.51 44.27 -10
4 28 -11.915 43.68 -10 -13.08 43.9 -10 -12.51 44.27 -10 -11.98 44.59 -10
4 28 -11.03 44.12 -10 -11.915 43.68 -10 -11.98 44.59 -10 -11.08 45.02 -10
4 28 -13.66 43.52 -10 -13.08 43.9 -10 -11.915 43.68 -10 -13.02 43.02 -10
4 28 -14.19 43.21 -10 -13.66 43.52 -10 -13.02 43.02 -10 -13.75 42.58 -10
4 28 -14.19 43.21 -10 -13.75 42.58 -10 -14.13 42.52 -10 -14.685 43.18 -10
4 28 -14.855 42.815 -10 -14.13 42.52 -10 -14.7 42.29 -10 -15.38 42.37 -10
3 28 -15.42 42.1 -10 -15.38 42.37 -10 -14.7 42.29 -10
4 28 -13.06 42.35 -10 -13.75 42.58 -10 -13.02 43.02 -10 -12.29 42.89 -10
4 28 -12.54 42.09 -10 -13.06 42.35 -10 -12.29 42.89 -10 -11.65 42.71 -10
4 28 -11.7 42.05 -10 -12.54 42.09 -10 -11.65 42.71 -10 -10.77 42.48 -10
4 28 -10.83 41.85 -10 -11.7 42.05 -10 -10.77 42.48 -10 -9.97 42.17 -10
4 28 -9.87 41.74 -10 -10.83 41.85 -10 -9.97 42.17 -10 -9.18 41.9 -10
4 28 -9.37 41.71 -10 -9.87 41.74 -10 -9.18 41.9 -10 -9.05 41.74 -10
4 28 -12.52 41.78 -10 -13.32 41.58 -10 -12.54 42.09 -10 -11.7 42.05 -10
4 28 -10.77 42.48 -10 -11.65 42.71 -10 -10.61 43.23 -10 -9.69 43.14 -10
4 28 -11.03 44.12 -10 -9.69 43.14 -10 -10.61 43.23 -10 -11.915 43.68 -10
4 28 -10.56 44.38 -10 -11.03 44.12 -10 -11.08 45.02 -10 -10.36 45.18 -10
3 28 -10.56 44.38 -10 -10.36 45.18 -10 -8.98 45.12 -10
3 28 -9.69 43.14 -10 -11.03 44.12 -10 -10.2 43.78 -10
4 28 -9.69 43.14 -10 -10.2 43.78 -10 -9.86 43.66 -10 -9.36 43.18 -10
4 28 -9.36 43.18 -10 -9.86 43.66 -10 -9.09 43.48 -10 -8.82 43.22 -10
4 28 -8.55 43.83 -10 -9.09 43.48 -10 -9.86 43.66 -10 -9 44.02 -10
4 28 -8.55 43.83 -10 -9 44.02 -10 -8.22 44.42 -10 -8.09 44.22 -10
3 28 -8.09 44.22 -10 -8.22 44.42 -10 -7.99 44.45 -10
4 28 -14.855 42.815 -10 -15.69 43.21 -10 -14.685 43.18 -10 -14.13 42.52 -10
3 484 -12.29 42.89 -10 -13.02 43.02 -10 -11.915 43.68 -10
4 484 -11.65 42.71 -10 -12.29 42.89 -10 -11.915 43.68 -10 -10.61 43.23 -10
4 484 -9.97 42.17 -10 -10.77 42.48 -10 -9.69 43.14 -10 -9.36 43.18 -10
4 484 -9.18 41.9 -10 -9.97 42.17 -10 -9.36 43.18 -10 -8.82 43.22 -10
3 484 -8.82 43.22 -10 -9.09 43.48 -10 -8.55 43.83 -10
4 484 -13.66 43.52 -10 -14.19 43.21 -10 -14.685 43.18 -10 -14.36 44.34 -10
3 484 -13.66 43.52 -10 -14.36 44.34 -10 -13.08 43.9 -10
4 484 -15.69 43.21 -10 -15.01 44.54 -10 -14.36 44.34 -10 -14.685 43.18 -10
3 484 -15.38 42.37 -10 -15.69 43.21 -10 -14.855 42.815 -10
4 484 -15.69 43.21 -10 -15.38 42.37 -10 -15.42 42.1 -10 -19.14759 40 -10
4 484 -13.32 41.58 -10 -19.14759 40 -10 -15.42 42.1 -10 -14.7 42.29 -10
4 484 -13.32 41.58 -10 -14.7 42.29 -10 -14.13 42.52 -10 -13.75 42.58 -10
4 484 -13.32 41.58 -10 -13.75 42.58 -10 -13.06 42.35 -10 -12.54 42.09 -10
4 484 -13.18 44.35 -10 -13.08 44.9 -10 -11.98 44.59 -10 -12.51 44.27 -10
4 484 -13.08 44.9 -10 -13.18 44.35 -10 -14.29 44.57 -10 -14.96 45.47 -10
4 484 -14.96 45.47 -10 -14.29 44.57 -10 -15.01 44.54 -10 -15.79 45.74 -10
4 484 -15.79 45.74 -10 -15.01 44.54 -10 -15.69 43.21 -10 -19.14759 40 -10
3 484 -19.14759 40 -10 -19.5 48 -10 -15.79 45.74 -10
3 484 -14.11 45.65 -10 -15.79 45.74 -10 -19.5 48 -10
4 484 -12.66 45.4 -10 -14.11 45.65 -10 -19.5 48 -10 -10.36 45.18 -10
3 484 -11.08 45.02 -10 -12.66 45.4 -10 -10.36 45.18 -10
4 484 -10.36 45.18 -10 -19.5 48 -10 -1.5 48 -10 -8.98 45.12 -10
4 484 -8.98 45.12 -10 -1.5 48 -10 -7.99 44.45 -10 -8.22 44.42 -10
4 484 -9 44.02 -10 -9.86 43.66 -10 -10.2 43.78 -10 -10.56 44.38 -10
3 484 -10.2 43.78 -10 -11.03 44.12 -10 -10.56 44.38 -10
4 484 -9 44.02 -10 -10.56 44.38 -10 -8.98 45.12 -10 -8.22 44.42 -10
4 484 -9.05 41.74 -10 -9.18 41.9 -10 -8.82 43.22 -10 -8.55 43.83 -10
4 484 -9.05 41.74 -10 -8.55 43.83 -10 -8.09 44.22 -10 -1.5 40 -10
4 484 -1.5 40 -10 -8.09 44.22 -10 -7.99 44.45 -10 -1.5 48 -10
4 484 -9.37 41.71 -10 -9.05 41.74 -10 -1.5 40 -10 -19.14759 40 -10
3 484 -12.52 41.78 -10 -11.7 42.05 -10 -10.83 41.85 -10
4 484 -13.32 41.58 -10 -12.52 41.78 -10 -10.83 41.85 -10 -19.14759 40 -10
3 484 -19.14759 40 -10 -9.87 41.74 -10 -9.37 41.71 -10
3 484 -19.14759 40 -10 -10.83 41.85 -10 -9.87 41.74 -10
3 16 -9.12344 6.187 -6.187 -8.91929 6.187 -6.187 -8.9 6.15359 -6.20933
4 28 -8.90415 -.68038 -8.6147 -9.19585 -1.01962 -8.54723 -9.60415 -1.01962 -8.54723 -9.89585 -.68038 -8.6147
