0 Minifig Arm Long Right
0 Name: 87774.dat
0 Author: Magnus Forsberg [MagFors]
0 !LDRAW_ORG Unofficial_Part 
0 !LICENSE Redistributable under CCAL version 2.0 : see CAreadme.txt

0 !HELP 1 16 -5 29.9 -11.9 1 0 0 0 .707107 -.707107 0 .707107 .707107 3820.dat

0 BFC CERTIFY CCW

0 !KEYWORDS Toy Story, Woody, Jessie, Zurg


1 16 0 0 0 1 0 0 0 1 0 0 0 1 knob1.dat
2 24 0 0 6.5 0 -2.4876 6.0054
2 24 0 -2.4876 6.0054 0 -4.5962 4.5962
2 24 0 -4.5962 4.5962 0 -6.0054 2.4876
2 24 0 -6.0054 2.4876 0 -6.5 0
2 24 0 -6.5 0 0 -6.0054 -2.4876
2 24 0 -6.0054 -2.4876 0 -4.5962 -4.5962
2 24 0 -4.5962 -4.5962 0 -2.4876 -6.0054
2 24 0 -2.4876 -6.0054 0 0 -6.5
2 24 -1.2041 15.9479 6.5 0 2.5 6.5
2 24 0 0 -6.5 0 2.487 -6.005
2 24 0 2.487 -6.005 0 4.596 -4.596
2 24 0 4.596 -4.596 0 9.028 -0.028
2 24 0 2.5 6.5 0 0 6.5

0 // flat
4 16 0 0 -6.5 0 2.487 -6.005 0 0 -3.25 0 -2.488 -6.005
4 16 0 -4.5962 -4.5962 0 -2.488 -6.005 0 0 -3.25 0 -6.0054 -2.4876
4 16 0 -6.5 0 0 -6.0054 -2.4876 0 0 -3.25 0 -3.25 0
4 16 0 -6.0054 2.4876 0 -6.5 0 0 -3.25 0 0 0 3.25
4 16 0 -4.5962 4.5962 0 -6.0054 2.4876 0 0 3.25 0 -2.488 6.005
4 16 0 0 6.5 0 -2.488 6.005 0 0 3.25 0 2.5 6.5
4 16 0 3.25 0 0 0 -3.25 0 2.487 -6.005 0 4.596 -4.596
4 16 0 2.5 6.5 0 0 3.25 0 3.25 0 0 4.596 4.596
4 16 0 4.596 -4.596 0 9.028 -0.028 0 4.596 4.596 0 3.25 0

0 // back
3 16 0 -2.488 6.005 0 0 6.5 -1.666 0 6.5
4 16 0 2.5 6.5 -1.2041 15.9479 6.5 -1.666 0 6.5 0 0 6.5
3 16 0 2.5 6.5 -0.3809 16.0563 4.6497 -1.2041 15.9479 6.5
3 16 0 4.596 4.596 0 18.028 -0.028 0 2.5 6.5
5 24 -1.666 0 6.5 0 -2.488 6.005 -0.957 -2.2 6.005 0 0 6.5
5 24 0 0 6.5 -1.666 0 6.5 0 2.5 6.5 0 -2.488 6.005

0 // front
3 16 0 0 -6.5 0 -2.488 -6.005 -1.666 0 -6.5
3 16 -1.666 0 -6.5 -5.02 17.4209 -6.5354 0 0 -6.5
3 16 0 2.487 -6.005 0 0 -6.5 -1.4645 17.6037 -4.6044
3 16 -3.0865 17.4737 -6.0075 -1.4645 17.6037 -4.6044 0 0 -6.5
3 16 -1.4645 17.6037 -4.6044 -0.3805 17.7984 -2.5048 0 2.487 -6.005
3 16 -0.3805 17.7984 -2.5048 0 18.028 -0.028 0 2.487 -6.005
5 24 -0.3805 17.7984 -2.5048 0 2.487 -6.005 -1.4645 17.6037 -4.6044 0 18.028 -0.028
3 16 0 4.596 -4.596 0 2.487 -6.005 0 18.028 -0.028
5 24 -3.0865 17.4737 -6.0075 0 0 -6.5 -5.02 17.4209 -6.5354 -1.4645 17.6037 -4.6044
5 24 0 -2.488 -6.005 -1.666 0 -6.5 -0.957 -2.2 -6.005 0 0 -6.5
5 24 -1.4645 17.6037 -4.6044 0 2.487 -6.005 -0.3805 17.7984 -2.5048 0 0 -6.5
5 24 -1.4645 17.6037 -4.6044 0 0 -6.5 0 2.487 -6.005 -3.0865 17.4737 -6.0075
5 24 0 18.028 -0.028 0 2.487 -6.005 0 4.596 -4.596 -0.3805 17.7984 -2.5048

0 // shoulder
3 16 -0.957 -2.2 6.005 0 -2.488 6.005 -1.666 0 6.5
3 16 -1.666 0 6.5 -2.942 -1.53 6.005 -0.957 -2.2 6.005
3 16 -0.957 -2.2 -6.005 -1.768 -4.066 -4.596 -2.942 -1.53 -6.005
3 16 -1.768 -4.066 -4.596 -4.024 -2.829 -4.596 -2.942 -1.53 -6.005
3 16 -0.957 -2.2 -6.005 -2.942 -1.53 -6.005 -1.666 0 -6.5
3 16 -1.768 -4.066 4.596 -4.024 -2.829 4.596 -2.31 -5.312 2.487
3 16 -4.024 -2.829 4.596 -4.746 -3.695 2.487 -2.31 -5.312 2.487
3 16 -4.024 -2.829 4.596 -1.768 -4.066 4.596 -2.942 -1.53 6.005
3 16 -2.942 -1.53 6.005 -1.768 -4.066 4.596 -0.957 -2.2 6.005
3 16 -2.31 -5.312 2.487 -4.746 -3.695 2.487 -2.5 -5.75 0
3 16 -5 -4 0 -2.5 -5.75 0 -4.746 -3.695 2.487
3 16 -1.768 -4.066 -4.596 -2.31 -5.312 -2.487 -4.024 -2.829 -4.596
3 16 -2.31 -5.312 -2.487 -2.5 -5.75 0 -4.776 -3.695 -2.487
3 16 -0.957 -2.2 -6.005 -1.666 0 -6.5 0 -2.488 -6.005
3 16 -4.776 -3.695 -2.487 -4.024 -2.829 -4.596 -2.31 -5.312 -2.487
3 16 -5 -4 0 -4.776 -3.695 -2.487 -2.5 -5.75 0
4 16 0 -2.488 6.005 -0.957 -2.2 6.005 -1.768 -4.066 4.596 0 -4.596 4.596
4 16 -0.957 -2.2 -6.005 0 -2.488 -6.005 0 -4.596 -4.596 -1.768 -4.066 -4.596
4 16 -2.31 -5.312 -2.487 0 -6.005 -2.488 0 -6.5 0 -2.5 -5.75 0
4 16 -1.768 -4.066 -4.596 0 -4.596 -4.596 0 -6.005 -2.488 -2.31 -5.312 -2.487
4 16 0 -6.005 2.488 -2.31 -5.312 2.487 -2.5 -5.75 0 0 -6.5 0
4 16 0 -4.596 4.596 -1.768 -4.066 4.596 -2.31 -5.312 2.487 0 -6.005 2.488
5 24 -2.5 -5.75 0 0 -6.5 0 -2.31 -5.312 -2.487 -2.31 -5.312 2.487
5 24 -2.31 -5.312 -2.487 0 -6.005 -2.487 -2.5 -5.75 0 -1.768 -4.066 -4.596
5 24 -2.31 -5.312 -2.487 -1.768 -4.066 -4.596 0 -6.005 -2.487 -4.024 -2.829 -4.596
5 24 -1.768 -4.066 4.596 -2.942 -1.53 6.005 -0.957 -2.2 6.005 -4.024 -2.829 4.596
5 24 -1.768 -4.066 -4.596 0 -4.596 -4.596 -2.31 -5.312 -2.487 -0.957 -2.2 -6.005
5 24 -2.31 -5.312 2.487 0 -6.005 2.487 -2.5 -5.75 0 -1.768 -4.066 4.596
5 24 -1.768 -4.066 4.596 0 -4.596 4.596 -2.31 -5.312 2.487 -0.957 -2.2 6.005
5 24 -4.024 -2.829 -4.596 -1.768 -4.066 -4.596 -2.942 -1.53 -6.005 -2.31 -5.312 -2.487
5 24 -1.666 0 -6.5 -0.957 -2.2 -6.005 -2.942 -1.53 -6.005 0 -2.488 -6.005
5 24 -4.024 -2.829 4.596 -1.768 -4.066 4.596 -2.942 -1.53 6.005 -2.31 -5.312 2.487
5 24 -0.957 -2.2 6.005 -1.768 -4.066 4.596 0 -4.596 4.596 -2.942 -1.53 6.005
5 24 -1.768 -4.066 4.596 -2.31 -5.312 2.487 -4.024 -2.829 4.596 0 -6.005 2.487
5 24 -2.31 -5.312 2.487 -2.5 -5.75 0 -4.746 -3.695 2.487 0 -6.5 0
5 24 -1.768 -4.066 -4.596 -0.957 -2.2 -6.005 0 -2.488 -6.005 -2.942 -1.53 -6.005
5 24 -5 -4 0 -4.746 -3.695 2.487 -2.5 -5.75 0 -6.6595 0 0
5 24 -4.776 -3.695 -2.487 -4.024 -2.829 -4.596 -6.339 0 -2.4937 -2.31 -5.312 -2.487
5 24 -4.024 -2.829 -4.596 -2.942 -1.53 -6.005 -1.768 -4.066 -4.596 -5.2423 0 -4.596
5 24 -4.746 -3.695 2.487 -4.024 -2.829 4.596 -2.31 -5.312 2.487 -6.2854 0 2.4872
5 24 -4.024 -2.829 4.596 -2.942 -1.53 6.005 -1.768 -4.066 4.596 -5.2023 0 4.5961
5 24 -2.942 -1.53 6.005 -1.666 0 6.5 -0.957 -2.2 6.005 -3.5794 0 6.0051
5 24 -2.942 -1.53 -6.005 -1.666 0 -6.5 -0.957 -2.2 -6.005 -3.5778 0 -6.008
5 24 -5 -4 0 -4.776 -3.695 -2.487 -2.5 -5.75 0 -6.6595 0 0
5 24 0 -2.488 -6.005 -0.957 -2.2 -6.005 -1.666 0 -6.5 0 -4.5962 -4.5962
5 24 -2.942 -1.53 -6.005 -0.957 -2.2 -6.005 -1.666 0 -6.5 -1.768 -4.066 -4.596
5 24 -0.957 -2.2 6.005 0 -2.488 6.005 -1.666 0 6.5 -1.768 -4.066 4.596
5 24 -2.31 -5.312 -2.487 -2.5 -5.75 0 -4.776 -3.695 -2.487 0 -6.005 -2.488
5 24 -4.776 -3.695 -2.487 -2.31 -5.312 -2.487 -2.5 -5.75 0 -4.024 -2.829 -4.596
5 24 -2.31 -5.312 2.487 -4.746 -3.695 2.487 -2.5 -5.75 0 -4.024 -2.829 4.596
5 24 -4.776 -3.695 -2.487 -2.5 -5.75 0 -2.31 -5.312 -2.487 -5 -4 0
5 24 -1.666 0 6.5 -0.957 -2.2 6.005 -2.942 -1.53 6.005 0 -2.488 6.005
5 24 -2.5 -5.75 0 -4.746 -3.695 2.487 -2.31 -5.312 2.487 -5 -4 0
5 24 -5 -4 0 -2.5 -5.75 0 -4.746 -3.695 2.487 -4.776 -3.695 -2.487
5 24 -4.024 -2.829 4.596 -2.31 -5.312 2.487 -1.768 -4.066 4.596 -4.746 -3.695 2.487
5 24 -2.31 -5.312 -2.487 -4.024 -2.829 -4.596 -4.776 -3.695 -2.487 -1.768 -4.066 -4.596
5 24 -1.768 -4.066 -4.596 -2.942 -1.53 -6.005 -0.957 -2.2 -6.005 -4.024 -2.829 -4.596
5 24 -2.942 -1.53 6.005 -0.957 -2.2 6.005 -1.666 0 6.5 -1.768 -4.066 4.596
4 16 -6.339 0 -2.4937 -5.2423 0 -4.596 -4.024 -2.829 -4.596 -4.776 -3.695 -2.487
4 16 -6.6595 0 0 -6.339 0 -2.4937 -4.776 -3.695 -2.487 -5 -4 0
3 16 -1.666 0 -6.5 -2.942 -1.53 -6.005 -3.5778 0 -6.008
4 16 -5.2423 0 -4.596 -3.5778 0 -6.008 -2.942 -1.53 -6.005 -4.024 -2.829 -4.596
4 16 -2.942 -1.53 6.005 -3.5794 0 6.0051 -5.2023 0 4.5961 -4.024 -2.829 4.596
3 16 -3.5794 0 6.0051 -2.942 -1.53 6.005 -1.666 0 6.5
4 16 -4.746 -3.695 2.487 -6.2854 0 2.4872 -6.6595 0 0 -5 -4 0
4 16 -4.024 -2.829 4.596 -5.2023 0 4.5961 -6.2854 0 2.4872 -4.746 -3.695 2.487
5 24 -2.942 -1.53 -6.005 -3.5778 0 -6.008 -1.666 0 -6.5 -4.024 -2.829 -4.596
5 24 -4.024 -2.829 -4.596 -5.2423 0 -4.596 -2.942 -1.53 -6.005 -4.776 -3.695 -2.487
5 24 -4.776 -3.695 -2.487 -6.339 0 -2.4937 -4.024 -2.829 -4.596 -5 -4 0
5 24 -5 -4 0 -6.6595 0 0 -4.776 -3.695 -2.487 -4.746 -3.695 2.487
5 24 -4.746 -3.695 2.487 -6.2854 0 2.4872 -5 -4 0 -4.024 -2.829 4.596
5 24 -4.024 -2.829 4.596 -5.2023 0 4.5961 -4.746 -3.695 2.487 -2.942 -1.53 6.005
5 24 -2.942 -1.53 6.005 -3.5794 0 6.0051 -4.024 -2.829 4.596 -1.666 0 6.5
5 24 -1.666 0 6.5 -4.9224 16.8154 6.5 -1.465 16.5 6.5 -6.8356 16.8154 6.0054
5 24 0 2.5 6.5 -0.3809 16.0563 4.6497 -1.2041 15.9479 6.5 0 18.028 -0.028
5 24 -5.02 17.4209 -6.5354 0 0 -6.5 -3.0865 17.4737 -6.0075 -1.666 0 -6.5
5 24 -6.2854 0 2.4872 -6.6595 0 0 -10.0392 17.1462 0 -5 -4 0
5 24 -5.2023 0 4.5961 -6.2854 0 2.4872 -4.746 -3.695 2.487 -9.58 16.9077 2.4876
5 24 -3.5794 0 6.0051 -5.2023 0 4.5961 -8.4614 16.8246 4.5962 -4.024 -2.829 4.596
5 24 -3.5794 0 6.0051 -1.666 0 6.5 -2.942 -1.53 6.005 -6.8356 16.8154 6.0054
5 24 -3.5778 0 -6.008 -1.666 0 -6.5 -2.942 -1.53 -6.005 -7.0853 17.4402 -6.0243
5 24 -3.5778 0 -6.008 -5.2423 0 -4.596 -4.024 -2.829 -4.596 -8.7537 17.5262 -4.5962
5 24 -5.2423 0 -4.596 -6.339 0 -2.4937 -4.776 -3.695 -2.487 -9.8555 17.6121 -2.4761
5 24 -6.339 0 -2.4937 -6.6595 0 0 -5 -4 0 -10.0392 17.1462 0

0 // hand hole
1 16 -5 29.9 -11.9 2.5 0 0 0 -1 -1.7678 0 0 -1.7678 4-4ndis.dat
0 BFC INVERTNEXT
1 16 -5 19.294 -1.293 2.5 0 0 0 10.6066 -1.76777 0 -10.6066 -1.76777 4-4cylc.dat
2 24 0 29.9 -11.9 -0.3805 28.5468 -13.2532
2 24 -0.3805 28.5468 -13.2532 -1.4645 27.3997 -14.4003
2 24 -1.4645 27.3997 -14.4003 -3.0865 26.6331 -15.1669
2 24 -3.0865 26.6331 -15.1669 -5 26.364 -15.436
2 24 -5 26.364 -15.436 -6.9135 26.6331 -15.1669
2 24 -6.9135 26.6331 -15.1669 -8.6155 27.402 -14.4003
2 24 -8.6155 27.402 -14.4003 -9.7694 28.5511 -13.2532
2 24 -9.7694 28.5511 -13.2532 -10 29.9 -11.9
2 24 -10 29.9 -11.9 -9.6195 31.2532 -10.5468
2 24 -9.6195 31.2532 -10.5468 -8.5355 32.4003 -9.3997
2 24 -8.5355 32.4003 -9.3997 -6.9135 33.1669 -8.6331
2 24 -6.9135 33.1669 -8.6331 -5 33.436 -8.364
2 24 -5 33.436 -8.364 -3.0865 33.1669 -8.6331
2 24 -3.0865 33.1669 -8.6331 -1.4645 32.4003 -9.3997
2 24 -1.4645 32.4003 -9.3997 -0.3805 31.2532 -10.5468
2 24 -0.3805 31.2532 -10.5468 0 29.9 -11.9
4 16 -3.0865 26.6331 -15.1669 -5 26.364 -15.436 -5 28.1322 -13.6678 -2.5 28.1322 -13.6678
4 16 -1.4645 27.3997 -14.4003 -3.0865 26.6331 -15.1669 -2.5 28.1322 -13.6678 -0.3805 28.5468 -13.2532
4 16 -0.3805 28.5468 -13.2532 -2.5 28.1322 -13.6678 -2.5 29.9 -11.9 0 29.9 -11.9
4 16 -0.3805 31.2532 -10.5468 0 29.9 -11.9 -2.5 29.9 -11.9 -2.5 31.6678 -10.1322
4 16 -1.4645 32.4003 -9.3997 -0.3805 31.2532 -10.5468 -2.5 31.6678 -10.1322 -3.0865 33.1669 -8.6331
4 16 -3.0865 33.1669 -8.6331 -2.5 31.6678 -10.1322 -5 31.6678 -10.1322 -5 33.436 -8.364
4 16 -6.9135 33.1669 -8.6331 -5 33.436 -8.364 -5 31.6678 -10.1322 -7.5 31.6678 -10.1322
4 16 -8.5355 32.4003 -9.3997 -6.9135 33.1669 -8.6331 -7.5 31.6678 -10.1322 -9.6195 31.2532 -10.5468
4 16 -9.6195 31.2532 -10.5468 -7.5 31.6678 -10.1322 -7.5 29.9 -11.9 -10 29.9 -11.9
4 16 -9.7694 28.5511 -13.2532 -10 29.9 -11.9 -7.5 29.9 -11.9 -7.5 28.1322 -13.6678
4 16 -8.6155 27.402 -14.4003 -9.7694 28.5511 -13.2532 -7.5 28.1322 -13.6678 -6.9135 26.6331 -15.1669
4 16 -6.9135 26.6331 -15.1669 -7.5 28.1322 -13.6678 -5 28.1322 -13.6678 -5 26.364 -15.436

0 // upper arm
3 16 0 9.028 -0.028 0 4.596 -4.596 0 18.028 -0.028
3 16 -0.3809 16.0563 4.6497 0 2.5 6.5 0 18.028 -0.028
3 16 0 9.028 -0.028 0 18.028 -0.028 0 4.596 4.596
3 16 -3.0865 17.4737 -6.0075 0 0 -6.5 -5.02 17.4209 -6.5354
5 24 -5 26.364 -15.436 -5.02 17.4209 -6.5354 -3.0865 26.6331 -15.1669 -6.9135 24.6331 -13.1669
2 24 0 18.028 -0.028 -0.3805 17.7984 -2.5048
2 24 -0.3805 17.7984 -2.5048 -1.4645 17.6037 -4.6044
2 24 -1.4645 17.6037 -4.6044 -3.0865 17.4737 -6.0075
2 24 -3.0865 17.4737 -6.0075 -5.02 17.4209 -6.5354
5 24 -1.666 0 -6.5 -5.02 17.4209 -6.5354 -7.0853 17.4402 -6.0243 0 0 -6.5

0 // forearm
4 16 -3.0865 17.4737 -6.0075 -3.0865 26.6331 -15.1669 -1.4645 27.3997 -14.4003 -1.4645 17.6037 -4.6044
4 16 -1.4645 17.6037 -4.6044 -1.4645 27.3997 -14.4003 -0.3805 28.5468 -13.2532 -0.3805 17.7984 -2.5048
4 16 -0.3805 17.7984 -2.5048 -0.3805 28.5468 -13.2532 0 29.9 -11.9 0 18.028 -0.028
4 16 -3.0865 33.1669 -8.6331 -5 33.436 -8.364 -5 19.6471 5.4249 -3.087 18.034 6.5
4 16 -1.4645 32.4003 -9.3997 -3.0865 33.1669 -8.6331 -3.087 18.034 6.5 -1.465 16.5 6.5
4 16 -0.3809 16.0563 4.6497 -0.3805 31.2532 -10.5468 -1.4645 32.4003 -9.3997 -1.465 16.5 6.5
4 16 0 18.028 -0.028 0 29.9 -11.9 -0.3805 31.2532 -10.5468 -0.3809 16.0563 4.6497
4 16 -5 26.364 -15.436 -3.0865 26.6331 -15.1669 -3.0865 17.4737 -6.0075 -5.02 17.4209 -6.5354
5 24 -3.0865 26.6331 -15.1669 -3.0865 17.4737 -6.0075 -1.4645 27.3997 -14.4003 -5 26.364 -15.436
5 24 -1.4645 27.3997 -14.4003 -1.4645 17.6037 -4.6044 -0.3805 28.5468 -13.2532 -3.0865 26.6331 -15.1669
5 24 -0.3805 28.5468 -13.2532 -0.3805 17.7984 -2.5048 0 29.9 -11.9 -1.4645 27.3997 -14.4003
5 24 -3.0865 33.1669 -8.6331 -3.087 18.034 6.5 -5 33.436 -8.364 -1.4645 32.4003 -9.3997
5 24 -5 33.436 -8.364 -5 19.6471 5.4249 -6.9135 31.1669 -6.6331 -3.0865 33.1669 -8.6331
5 24 -4.9997 18.3236 6.2624 -4.9224 16.8154 6.5 -3.087 18.034 6.5 -6.8356 16.8154 6.0054
5 24 -1.4645 32.4003 -9.3997 -1.465 16.5 6.5 -0.3805 31.2532 -10.5468 -3.0865 33.1669 -8.6331
5 24 -0.3805 31.2532 -10.5468 -0.3809 16.0563 4.6497 -1.4645 32.4003 -9.3997 0 29.9 -11.9
5 24 0 29.9 -11.9 0 18.028 -0.028 -0.3805 31.2532 -10.5468 -0.3805 28.5468 -13.2532

0 // elbow
4 16 -1.2041 15.9479 6.5 -1.465 16.5 6.5 -4.9224 16.8154 6.5 -1.666 0 6.5
3 16 -1.2041 15.9479 6.5 -0.3809 16.0563 4.6497 -1.465 16.5 6.5
3 16 -4.9224 16.8154 6.5 -3.087 18.034 6.5 -4.9997 18.3236 6.2624
3 16 -4.9997 18.3236 6.2624 -3.087 18.034 6.5 -5 19.6471 5.4249
3 16 -4.9224 16.8154 6.5 -1.465 16.5 6.5 -3.087 18.034 6.5
5 24 -4.9997 18.3236 6.2624 -3.087 18.034 6.5 -5 19.6471 5.4249 -4.9224 16.8154 6.5
2 24 -1.465 16.5 6.5 -1.2041 15.9479 6.5
2 24 -3.087 18.034 6.5 -1.465 16.5 6.5
5 24 -3.087 18.034 6.5 -5 19.6471 5.4249 -4.9997 18.3236 6.2624 -3.0865 33.1669 -8.6331
5 24 -3.087 18.034 6.5 -4.9224 16.8154 6.5 -4.9997 18.3236 6.2624 -1.465 16.5 6.5
5 24 -4.9997 18.3236 6.2624 -5 19.6471 5.4249 -6.9135 19.5627 4.9712 -3.087 18.034 6.5

0 // elbow
3 16 -10.0392 17.1462 0 -10.0652 18.0949 -0.3523 -9.8555 17.6121 -2.4761
3 16 -10.0652 18.0949 -0.3523 -10.0392 17.1462 0 -9.669 17.9811 2.3159
3 16 -9.58 16.9077 2.4876 -9.669 17.9811 2.3159 -10.0392 17.1462 0
3 16 -9.669 17.9811 2.3159 -9.6195 18.6086 2.0978 -10.0652 18.0949 -0.3523
4 16 -9.669 17.9811 2.3159 -8.535 18.1611 4.3373 -8.5355 19.1807 3.8199 -9.6195 18.6086 2.0978
3 16 -8.4614 16.8246 4.5962 -8.535 18.1611 4.3373 -9.58 16.9077 2.4876
3 16 -9.669 17.9811 2.3159 -9.58 16.9077 2.4876 -8.535 18.1611 4.3373
3 16 -6.913 18.2813 5.6883 -8.535 18.1611 4.3373 -6.8356 16.8154 6.0054
3 16 -8.4614 16.8246 4.5962 -6.8356 16.8154 6.0054 -8.535 18.1611 4.3373
3 16 -8.535 18.1611 4.3373 -6.913 18.2813 5.6883 -8.5355 19.1807 3.8199
3 16 -6.9135 19.5627 4.9712 -8.5355 19.1807 3.8199 -6.913 18.2813 5.6883
3 16 -6.913 18.2813 5.6883 -6.8356 16.8154 6.0054 -4.9997 18.3236 6.2624
3 16 -4.9224 16.8154 6.5 -4.9997 18.3236 6.2624 -6.8356 16.8154 6.0054
3 16 -6.913 18.2813 5.6883 -4.9997 18.3236 6.2624 -6.9135 19.5627 4.9712
3 16 -5 19.6471 5.4249 -6.9135 19.5627 4.9712 -4.9997 18.3236 6.2624
5 24 -8.535 18.1611 4.3373 -9.58 16.9077 2.4876 -9.669 17.9811 2.3159 -8.4614 16.8246 4.5962
5 24 -8.535 18.1611 4.3373 -6.8356 16.8154 6.0054 -8.4614 16.8246 4.5962 -6.913 18.2813 5.6883
5 24 -6.913 18.2813 5.6883 -8.5355 19.1807 3.8199 -6.9135 19.5627 4.9712 -8.535 18.1611 4.3373
5 24 -6.8356 16.8154 6.0054 -4.9997 18.3236 6.2624 -6.913 18.2813 5.6883 -4.9224 16.8154 6.5
5 24 -4.9997 18.3236 6.2624 -6.9135 19.5627 4.9712 -5 19.6471 5.4249 -6.913 18.2813 5.6883
5 24 -8.4614 16.8246 4.5962 -6.8356 16.8154 6.0054 -5.2023 0 4.5961 -8.535 18.1611 4.3373
5 24 -9.58 16.9077 2.4876 -9.669 17.9811 2.3159 -8.535 18.1611 4.3373 -10.0392 17.1462 0
5 24 -4.9997 18.3236 6.2624 -6.913 18.2813 5.6883 -6.8356 16.8154 6.0054 -6.9135 19.5627 4.9712
5 24 -8.535 18.1611 4.3373 -8.5355 19.1807 3.8199 -9.6195 18.6086 2.0978 -6.913 18.2813 5.6883
5 24 -9.58 16.9077 2.4876 -10.0392 17.1462 0 -6.6595 0 0 -9.669 17.9811 2.3159
5 24 -6.8356 16.8154 6.0054 -4.9224 16.8154 6.5 -3.5794 0 6.0051 -4.9997 18.3236 6.2624
5 24 -8.4614 16.8246 4.5962 -8.535 18.1611 4.3373 -9.58 16.9077 2.4876 -6.8356 16.8154 6.0054
5 24 -6.9135 19.5627 4.9712 -8.5355 19.1807 3.8199 -6.9135 33.1669 -8.6331 -6.913 18.2813 5.6883
5 24 -9.669 17.9811 2.3159 -10.0392 17.1462 0 -10.0652 18.0949 -0.3523 -9.58 16.9077 2.4876
5 24 -9.58 16.9077 2.4876 -8.4614 16.8246 4.5962 -6.2854 0 2.4872 -8.535 18.1611 4.3373
5 24 -5 19.6471 5.4249 -6.9135 19.5627 4.9712 -5 33.436 -8.364 -4.9997 18.3236 6.2624
5 24 -9.669 17.9811 2.3159 -9.6195 18.6086 2.0978 -8.535 18.1611 4.3373 -10.0652 18.0949 -0.3523
5 24 -9.6195 18.6086 2.0978 -10.0652 18.0949 -0.3523 -9.6195 31.2532 -10.5468 -9.669 17.9811 2.3159
5 24 -6.8356 16.8154 6.0054 -6.913 18.2813 5.6883 -4.9997 18.3236 6.2624 -8.535 18.1611 4.3373
5 24 -8.5355 19.1807 3.8199 -9.6195 18.6086 2.0978 -8.535 18.1611 4.3373 -8.5355 32.4003 -9.3997
5 24 -6.913 18.2813 5.6883 -8.535 18.1611 4.3373 -8.5355 19.1807 3.8199 -6.8356 16.8154 6.0054
5 24 -9.669 17.9811 2.3159 -10.0652 18.0949 -0.3523 -9.6195 18.6086 2.0978 -10.0392 17.1462 0
5 24 -9.669 17.9811 2.3159 -8.535 18.1611 4.3373 -9.6195 18.6086 2.0978 -9.58 16.9077 2.4876
5 24 -6.913 18.2813 5.6883 -6.9135 19.5627 4.9712 -4.9997 18.3236 6.2624 -8.5355 19.1807 3.8199
5 24 -10.0392 17.1462 0 -9.8555 17.6121 -2.4761 -10.0652 18.0949 -0.3523 -6.6595 0 0
5 24 -10.0652 18.0949 -0.3523 -10.0392 17.1462 0 -9.8555 17.6121 -2.4761 -9.669 17.9811 2.3159

0 // upper arm
4 16 -5.02 17.4209 -6.5354 -1.666 0 -6.5 -3.5778 0 -6.008 -7.0853 17.4402 -6.0243
4 16 -8.7537 17.5262 -4.5962 -7.0853 17.4402 -6.0243 -3.5778 0 -6.008 -5.2423 0 -4.596
4 16 -8.7537 17.5262 -4.5962 -5.2423 0 -4.596 -6.339 0 -2.4937 -9.8555 17.6121 -2.4761
4 16 -6.339 0 -2.4937 -6.6595 0 0 -10.0392 17.1462 0 -9.8555 17.6121 -2.4761
4 16 -6.2854 0 2.4872 -9.58 16.9077 2.4876 -10.0392 17.1462 0 -6.6595 0 0
4 16 -8.4614 16.8246 4.5962 -9.58 16.9077 2.4876 -6.2854 0 2.4872 -5.2023 0 4.5961
4 16 -8.4614 16.8246 4.5962 -5.2023 0 4.5961 -3.5794 0 6.0051 -6.8356 16.8154 6.0054
4 16 -3.5794 0 6.0051 -1.666 0 6.5 -4.9224 16.8154 6.5 -6.8356 16.8154 6.0054
5 24 -5.2423 0 -4.596 -8.7537 17.5262 -4.5962 -6.339 0 -2.4937 -7.0853 17.4402 -6.0243
5 24 -3.5778 0 -6.008 -7.0853 17.4402 -6.0243 -1.666 0 -6.5 -5.2423 0 -4.596
5 24 -6.2854 0 2.4872 -9.58 16.9077 2.4876 -6.6595 0 0 -5.2023 0 4.5961
5 24 -5.2023 0 4.5961 -8.4614 16.8246 4.5962 -3.5794 0 6.0051 -9.58 16.9077 2.4876
5 24 -6.8356 16.8154 6.0054 -3.5794 0 6.0051 -1.666 0 6.5 -8.4614 16.8246 4.5962
5 24 -8.7537 17.5262 -4.5962 -9.8555 17.6121 -2.4761 -8.6155 27.402 -14.4003 -5.2423 0 -4.596
5 24 -5.02 17.4209 -6.5354 -7.0853 17.4402 -6.0243 -5 26.364 -15.436 -1.666 0 -6.5
5 24 -10.0392 17.1462 0 -6.6595 0 0 -9.58 16.9077 2.4876 -9.8555 17.6121 -2.4761
5 24 -9.8555 17.6121 -2.4761 -6.339 0 -2.4937 -6.6595 0 0 -8.7537 17.5262 -4.5962
5 24 -7.0853 17.4402 -6.0243 -8.7537 17.5262 -4.5962 -6.9135 26.6331 -15.1669 -3.5778 0 -6.008
5 24 -10.0652 18.0949 -0.3523 -9.8555 17.6121 -2.4761 -10.0392 17.1462 0 -10 29.9 -11.9

0 // forearm
4 16 -10.0652 18.0949 -0.3523 -10 29.9 -11.9 -9.7694 28.5511 -13.2532 -9.8555 17.6121 -2.4761
4 16 -9.7694 28.5511 -13.2532 -8.6155 27.402 -14.4003 -8.7537 17.5262 -4.5962 -9.8555 17.6121 -2.4761
4 16 -5.02 17.4209 -6.5354 -7.0853 17.4402 -6.0243 -6.9135 26.6331 -15.1669 -5 26.364 -15.436
4 16 -8.6155 27.402 -14.4003 -6.9135 26.6331 -15.1669 -7.0853 17.4402 -6.0243 -8.7537 17.5262 -4.5962
4 16 -9.6195 31.2532 -10.5468 -10 29.9 -11.9 -10.0652 18.0949 -0.3523 -9.6195 18.6086 2.0978
4 16 -8.5355 32.4003 -9.3997 -9.6195 31.2532 -10.5468 -9.6195 18.6086 2.0978 -8.5355 19.1807 3.8199
4 16 -8.5355 32.4003 -9.3997 -8.5355 19.1807 3.8199 -6.9135 19.5627 4.9712 -6.9135 33.1669 -8.6331
4 16 -5 33.436 -8.364 -6.9135 33.1669 -8.6331 -6.9135 19.5627 4.9712 -5 19.6471 5.4249
5 24 -7.0853 17.4402 -6.0243 -6.9135 26.6331 -15.1669 -5.02 17.4209 -6.5354 -8.7537 17.5262 -4.5962
5 24 -8.7537 17.5262 -4.5962 -8.6155 27.402 -14.4003 -7.0853 17.4402 -6.0243 -9.8555 17.6121 -2.4761
5 24 -9.8555 17.6121 -2.4761 -9.7694 28.5511 -13.2532 -8.7537 17.5262 -4.5962 -10.0652 18.0949 -0.3523
5 24 -10.0652 18.0949 -0.3523 -10 29.9 -11.9 -9.8555 17.6121 -2.4761 -9.6195 18.6086 2.0978
5 24 -9.6195 18.6086 2.0978 -9.6195 31.2532 -10.5468 -10.0652 18.0949 -0.3523 -8.5355 19.1807 3.8199
5 24 -8.5355 19.1807 3.8199 -8.5355 32.4003 -9.3997 -9.6195 18.6086 2.0978 -6.9135 19.5627 4.9712
5 24 -6.9135 19.5627 4.9712 -6.9135 33.1669 -8.6331 -8.5355 19.1807 3.8199 -5 19.6471 5.4249

5 24 0 18.028 -0.028 -0.3809 16.0563 4.6497 0 2.5 6.5 0 29.9 -11.9
5 24 0 2.5 6.5 0 18.028 -0.028 -0.3809 16.0563 4.6497 0 4.596 4.596
5 24 -1.2041 15.9479 6.5 -0.3809 16.0563 4.6497 -1.465 16.5 6.5 0 2.5 6.5
5 24 0 0 -6.5 -1.666 0 -6.5 -5.02 17.4209 -6.5354 0 -2.488 -6.005
