0 Minifig Torso with Diagonal Lower Pockets, Pen, Sweater and Orange Stripes Pattern
0 Name: 973puh.dat
0 Author: Evert-Jan Boer [ejboer]
0 !LDRAW_ORG Unofficial_Part 
0 !LICENSE Redistributable under CCAL version 2.0 : see CAreadme.txt

0 BFC CERTIFY CCW

0 !KEYWORDS Bricklink 973pb3100, Construction, Set 60325, Set 10764, Set 60252
0 !KEYWORDS Set 60213, Set 60220, Set 30357


1 16 0 0 0 1 0 0 0 1 0 0 0 1 s\973s01.dat
1 0 0 -4 0 4.243 0 -4.243 0 -8 0 -4.243 0 -4.243 1-4cyli.dat

4 0 -10.05 .75 -10 -9.7 2 -10 -8.85 2.4 -10 -9.15 .75 -10
4 0 -8.55 4.35 -10 -8.85 2.4 -10 -9.7 2 -10 -9.4 3.55 -10
4 0 -8.4 5.8 -10 -8.55 4.35 -10 -9.4 3.55 -10 -9.1 5.45 -10
4 0 -9.1 5.45 -10 -8.95 6.8 -10 -8.3 6.5 -10 -8.4 5.8 -10
4 0 -8.95 6.8 -10 -8.85 7.25 -10 -8.75 7.5 -10 -8.3 6.5 -10
4 0 -8.75 7.5 -10 -8.45 7.55 -10 -8.2 7.4 -10 -8.3 6.5 -10
4 0 -8.2 7.4 -10 -7.55 6.95 -10 -7.6 5.75 -10 -8.3 6.5 -10
3 0 -7.6 5.75 -10 -7.55 6.95 -10 -6.65 6.45 -10
4 0 -5.9 6.25 -10 -6.7 5 -10 -7.6 5.75 -10 -6.65 6.45 -10
3 0 -5.95 4.65 -10 -6.7 5 -10 -5.9 6.25 -10
4 0 -5.95 4.65 -10 -5.9 6.25 -10 -4.9 5.35 -10 -5.7 4.4 -10
4 0 -5.9 6.25 -10 -5 6.8 -10 -3.85 6.3 -10 -4.9 5.35 -10
4 0 -5 6.8 -10 -4.05 7.55 -10 -2.7 7.55 -10 -3.85 6.3 -10
4 0 -4.05 7.55 -10 -2.95 8.6 -10 -1.95 7.7 -10 -2.7 7.55 -10
4 0 -1.95 7.7 -10 -2.95 8.6 -10 -2.5 9.15 -10 -1.8 8.5 -10
4 0 -2.3 9.65 -10 -1.7 9.35 -10 -1.8 8.5 -10 -2.5 9.15 -10
3 0 -1.7 9.35 -10 -2.3 9.65 -10 -1.65 10 -10
4 0 -2.8 6.9 -10 -2.7 7.55 -10 -1.95 7.7 -10 -2.2 6.8 -10
4 0 -3.05 6.35 -10 -2.8 6.9 -10 -2.2 6.8 -10 -2.55 6.1 -10
4 0 -3.7 5.45 -10 -3.05 6.35 -10 -2.55 6.1 -10 -3 5.3 -10
4 0 -3 5.3 -10 -3.75 4.4 -10 -4.6 4.55 -10 -3.7 5.45 -10
4 15 -6.5 1.25 -10 -6.35 1.85 -10 -6.15 2.25 -10 -5.85 1.4 -10
3 15 -5.85 1.4 -10 -6.15 2.25 -10 -5.85 2.55 -10
4 15 -5.6 2.8 -10 -5.1 3.3 -10 -5.4 1.5 -10 -5.6 1.6 -10
4 15 -4.55 3.65 -10 -4 1.6 -10 -5.4 1.5 -10 -5.1 3.3 -10
3 15 -4 1.6 -10 -4.55 3.65 -10 -3.75 1.7 -10
4 15 -3.75 1.7 -10 -4.55 3.65 -10 -4.2 3.75 -10 -3.65 2 -10
4 15 -3.65 3.7 -10 -3.65 2 -10 -4.2 3.75 -10 -3.8 3.8 -10
4 15 -3.4 3.6 -10 -3.2 3.8 -10 -3.3 1.85 -10 -3.45 2 -10
4 15 -3.3 1.85 -10 -3.2 3.8 -10 -2.9 3.95 -10 -3.1 1.75 -10
4 15 -1.35 3.8 -10 -3.1 1.75 -10 -2.9 3.95 -10 -1.55 3.9 -10
4 15 -1.35 3.8 -10 -1.2 3.55 -10 -1.7 1.75 -10 -3.1 1.75 -10
4 15 -1.7 1.75 -10 -1.2 3.55 -10 -1.25 2.25 -10 -1.4 1.9 -10
4 15 -1.05 2.1 -10 -.95 3.7 -10 -.55 1.8 -10 -.95 1.9 -10
4 15 -.4 4 -10 -.55 1.8 -10 -.95 3.7 -10 -.75 3.9 -10
4 15 -.4 4 -10 .1 4.1 -10 .8 1.75 -10 -.55 1.8 -10
4 15 .8 1.75 -10 .1 4.1 -10 1.25 2.15 -10 1.05 1.85 -10
4 15 .1 4.1 -10 .75 4.05 -10 1.1 3.9 -10 1.25 2.15 -10
3 15 1.25 2.15 -10 1.1 3.9 -10 1.25 3.65 -10
4 15 1.55 3.65 -10 1.75 3.8 -10 1.65 1.7 -10 1.5 1.9 -10
4 15 1.65 1.7 -10 1.75 3.8 -10 2.65 3.8 -10 2 1.65 -10
4 15 2 1.65 -10 2.65 3.8 -10 3.5 1.7 -10 3.3 1.6 -10
3 15 3.5 1.7 -10 2.65 3.8 -10 3.6 1.9 -10
4 15 3.6 3.45 -10 3.6 1.9 -10 2.65 3.8 -10 3.5 3.65 -10
4 15 4.25 3.5 -10 3.85 1.85 -10 3.8 3.35 -10 3.95 3.5 -10
4 15 3.85 1.85 -10 4.25 3.5 -10 4.2 1.5 -10 4 1.65 -10
4 15 4.25 3.5 -10 5 3.3 -10 5.35 3.1 -10 4.2 1.5 -10
4 15 5.5 2.9 -10 5.1 1.35 -10 4.2 1.5 -10 5.35 3.1 -10
4 15 5.1 1.35 -10 5.5 2.9 -10 5.5 1.45 -10 5.35 1.35 -10
4 15 6.25 2.3 -10 5.65 1.55 -10 5.65 2.65 -10 5.9 2.6 -10
4 15 5.65 1.55 -10 6.25 2.3 -10 5.9 1.3 -10 5.75 1.4 -10
4 15 6.25 2.3 -10 6.55 1.8 -10 6.7 1.25 -10 5.9 1.3 -10
4 0 -2.22 15.5 -10 -2.2 18.95 -10 -1.65 18.3 -10 -1.65 17.95 -10
4 0 -1.65 17.95 -10 -1.65 18.3 -10 -1.05 18.05 -10 -1.2 17.8 -10
4 0 -1.2 17.8 -10 -1.05 18.05 -10 -.45 17.65 -10 -.65 17.5 -10
4 0 -.65 17.5 -10 -.45 17.65 -10 .05 17.2 -10 -.1 17.1 -10
3 0 .55 16.55 -10 -.1 17.1 -10 .05 17.2 -10
4 0 -1.65 18.3 -10 -2.2 18.95 -10 -2.3 23.05 -10 -1.65 21.75 -10
4 0 -2.54 28.9 -10 -1.85 27.85 -10 -1.75 25 -10 -2.4 26.35 -10
4 0 -2.55 29.15 -10 -2.7 31.5 -10 -2.05 31.5 -10 -2 29.8 -10
4 0 -5.7 4.4 -10 -6 3.9 -10 -6.4 3.8 -10 -5.95 4.65 -10
4 0 -6.85 2.65 -10 -6.4 3.8 -10 -6 3.9 -10 -6.35 3.1 -10
4 0 -6.15 2.25 -10 -6.35 1.85 -10 -7.05 1.8 -10 -6.85 2.65 -10
4 0 -7.4 .75 -10 -7.05 1.8 -10 -6.35 1.85 -10 -6.5 1.25 -10
4 0 -6.85 2.65 -10 -6.35 3.1 -10 -5.85 2.55 -10 -6.15 2.25 -10
3 0 -5.85 2.55 -10 -6.35 3.1 -10 -5.6 2.8 -10
4 0 -5.85 1.4 -10 -5.85 2.55 -10 -5.6 2.8 -10 -5.6 1.6 -10
4 0 -5.6 2.8 -10 -6.35 3.1 -10 -5.5 3.85 -10 -5.1 3.3 -10
4 0 -5.1 3.3 -10 -5.5 3.85 -10 -4.6 4.55 -10 -4.55 3.65 -10
4 0 -4.55 3.65 -10 -4.6 4.55 -10 -3.75 4.4 -10 -4.2 3.75 -10
4 0 -3.65 3.7 -10 -3.4 3.6 -10 -3.45 2 -10 -3.65 2 -10
4 0 -3.65 2 -10 -3.45 2 -10 -3.3 1.85 -10 -3.75 1.7 -10
3 0 -3.75 1.7 -10 -3.3 1.85 -10 -3.1 1.75 -10
4 0 -7.4 .75 -10 -6.5 1.25 -10 -5.85 1.4 -10 -4.75 .8 -10
4 0 -5.6 1.6 -10 -5.4 1.5 -10 -4.75 .8 -10 -5.85 1.4 -10
4 0 -5.4 1.5 -10 -4 1.6 -10 -2.05 .85 -10 -4.75 .8 -10
3 0 -2.05 .85 -10 -4 1.6 -10 -3.75 1.7 -10
4 0 -1.7 1.75 -10 -2.05 .85 -10 -3.75 1.7 -10 -3.1 1.75 -10
4 0 -.95 1.9 -10 -2.05 .85 -10 -1.7 1.75 -10 -1.4 1.9 -10
4 0 2.05 .9 -10 -2.05 .85 -10 -.95 1.9 -10 -.55 1.8 -10
3 0 2.05 .9 -10 -.55 1.8 -10 .8 1.75 -10
4 0 .8 1.75 -10 1.05 1.85 -10 1.65 1.7 -10 2.05 .9 -10
4 0 1.25 2.15 -10 1.5 1.9 -10 1.65 1.7 -10 1.05 1.85 -10
4 0 1.5 1.9 -10 1.25 2.15 -10 1.25 3.65 -10 1.55 3.65 -10
4 0 1.1 3.9 -10 1.75 3.8 -10 1.55 3.65 -10 1.25 3.65 -10
4 0 -.95 1.9 -10 -1.4 1.9 -10 -1.25 2.25 -10 -1.05 2.1 -10
4 0 -1.2 3.55 -10 -.95 3.7 -10 -1.05 2.1 -10 -1.25 2.25 -10
4 0 -.75 3.9 -10 -.95 3.7 -10 -1.2 3.55 -10 -1.35 3.8 -10
4 0 -3.4 3.6 -10 -3.65 3.7 -10 -3.8 3.8 -10 -3.2 3.8 -10
3 0 -3.2 3.8 -10 -3.8 3.8 -10 -2.9 3.95 -10
3 0 2.05 .9 -10 1.65 1.7 -10 2 1.65 -10
4 0 2 1.65 -10 3.3 1.6 -10 4.8 .95 -10 2.05 .9 -10
4 0 5.1 1.35 -10 4.8 .95 -10 3.3 1.6 -10 4.2 1.5 -10
4 0 3.5 1.7 -10 4 1.65 -10 4.2 1.5 -10 3.3 1.6 -10
4 0 4 1.65 -10 3.5 1.7 -10 3.6 1.9 -10 3.85 1.85 -10
4 0 3.6 3.45 -10 3.8 3.35 -10 3.85 1.85 -10 3.6 1.9 -10
4 0 3.5 3.65 -10 3.95 3.5 -10 3.8 3.35 -10 3.6 3.45 -10
4 0 5.1 1.35 -10 5.35 1.35 -10 5.9 1.3 -10 4.8 .95 -10
4 0 5.5 1.45 -10 5.75 1.4 -10 5.9 1.3 -10 5.35 1.35 -10
3 0 5.75 1.4 -10 5.5 1.45 -10 5.65 1.55 -10
4 0 5.5 1.45 -10 5.5 2.9 -10 5.65 2.65 -10 5.65 1.55 -10
4 0 5.9 1.3 -10 6.7 1.25 -10 7.75 .9 -10 4.8 .95 -10
3 15 -3.75 4.4 -10 -3 5.3 -10 -1.85 4.5 -10
4 15 -3 5.3 -10 -2.55 6.1 -10 0 4.5 -10 -1.85 4.5 -10
4 15 -2.55 6.1 -10 -2.2 6.8 -10 1.9 4.4 -10 0 4.5 -10
4 15 2.4 7.05 -10 2.85 6.05 -10 3.15 4.3 -10 1.9 4.4 -10
4 15 2.85 6.05 -10 3.6 4.95 -10 3.7 4.2 -10 3.15 4.3 -10
3 15 3.7 4.2 -10 3.6 4.95 -10 3.95 4.55 -10
3 15 4.35 4.1 -10 3.7 4.2 -10 3.95 4.55 -10
4 0 -4.2 3.75 -10 -3.75 4.4 -10 -2.9 3.95 -10 -3.8 3.8 -10
4 0 -3.75 4.4 -10 -1.85 4.5 -10 -1.55 3.9 -10 -2.9 3.95 -10
4 0 -1.35 3.8 -10 -1.55 3.9 -10 -1.85 4.5 -10 -.75 3.9 -10
3 0 -.75 3.9 -10 -1.85 4.5 -10 -.4 4 -10
4 0 .1 4.1 -10 -.4 4 -10 -1.85 4.5 -10 0 4.5 -10
4 0 1.9 4.4 -10 .75 4.05 -10 .1 4.1 -10 0 4.5 -10
4 0 .75 4.05 -10 1.9 4.4 -10 1.75 3.8 -10 1.1 3.9 -10
4 0 1.75 3.8 -10 1.9 4.4 -10 3.15 4.3 -10 2.65 3.8 -10
4 0 3.7 4.2 -10 3.5 3.65 -10 2.65 3.8 -10 3.15 4.3 -10
4 0 3.5 3.65 -10 3.7 4.2 -10 4.35 4.1 -10 3.95 3.5 -10
3 0 4.25 3.5 -10 3.95 3.5 -10 4.35 4.1 -10
4 0 4.75 4.7 -10 5 3.3 -10 4.25 3.5 -10 4.35 4.1 -10
4 0 2.4 7.05 -10 2.8 7.8 -10 3.2 6.8 -10 2.85 6.05 -10
4 0 3.85 5.75 -10 3.6 4.95 -10 2.85 6.05 -10 3.2 6.8 -10
4 0 4.75 4.7 -10 3.95 4.55 -10 3.6 4.95 -10 3.85 5.75 -10
3 0 4.35 4.1 -10 3.95 4.55 -10 4.75 4.7 -10
4 0 5 3.3 -10 4.75 4.7 -10 5.6 3.85 -10 5.35 3.1 -10
4 0 6.05 3.45 -10 5.5 2.9 -10 5.35 3.1 -10 5.6 3.85 -10
4 0 5.5 2.9 -10 6.05 3.45 -10 5.9 2.6 -10 5.65 2.65 -10
4 0 6.05 3.45 -10 6.5 3.1 -10 6.25 2.3 -10 5.9 2.6 -10
4 0 6.9 3.15 -10 6.55 1.8 -10 6.25 2.3 -10 6.5 3.1 -10
3 0 2.4 7.05 -10 2.05 8 -10 2.8 7.8 -10
4 0 1.8 9.05 -10 2.9 9.15 -10 2.8 7.8 -10 2.05 8 -10
4 0 1.65 9.95 -10 2.55 9.6 -10 2.9 9.15 -10 1.8 9.05 -10
3 0 2.55 9.6 -10 1.65 9.95 -10 2.35 10.1 -10
4 0 2.9 9.15 -10 3.6 8.35 -10 3.4 7.25 -10 2.8 7.8 -10
4 0 3.6 8.35 -10 4.2 7.95 -10 4.05 6.5 -10 3.4 7.25 -10
4 0 4.2 7.95 -10 4.95 7.65 -10 5.4 7 -10 4.05 6.5 -10
4 0 4.05 6.5 -10 5.4 7 -10 5.8 6.55 -10 5 5.55 -10
4 0 6.85 5.05 -10 6.2 4.8 -10 5 5.55 -10 5.8 6.55 -10
4 0 5 5.55 -10 6.2 4.8 -10 6.6 3.9 -10 5.95 4.35 -10
3 0 6.35 3.65 -10 5.95 4.35 -10 6.6 3.9 -10
4 0 6.35 3.65 -10 6.6 3.9 -10 6.9 3.15 -10 6.5 3.1 -10
4 0 6.9 3.15 -10 7.3 2 -10 6.7 1.25 -10 6.55 1.8 -10
3 0 7.75 .9 -10 6.7 1.25 -10 7.3 2 -10
4 0 7.3 5.35 -10 6.85 5.05 -10 5.8 6.55 -10 6.3 6.45 -10
4 0 6.3 6.45 -10 6.9 6.65 -10 7.8 5.95 -10 7.3 5.35 -10
4 0 8.5 6.9 -10 7.8 5.95 -10 6.9 6.65 -10 7.7 7.15 -10
3 0 8.5 6.9 -10 7.7 7.15 -10 8.25 7.5 -10
3 0 8.5 6.9 -10 8.25 7.5 -10 8.45 7.7 -10
4 0 8.95 7.75 -10 8.5 6.9 -10 8.45 7.7 -10 8.65 7.8 -10
4 0 9.2 7.15 -10 8.5 6.9 -10 8.95 7.75 -10 9.1 7.6 -10
4 0 8.5 6.9 -10 9.2 7.15 -10 9.3 6.25 -10 8.65 6.55 -10
4 0 8.65 6.55 -10 9.3 6.25 -10 9.35 5.25 -10 8.75 5.7 -10
4 0 8.75 5.7 -10 9.35 5.25 -10 9.45 4.15 -10 8.8 4.7 -10
4 0 8.8 4.7 -10 9.45 4.15 -10 9.15 2.65 -10 8.95 3.5 -10
4 0 9.45 4.15 -10 9.7 2.85 -10 9.4 1.65 -10 9.15 2.65 -10
4 0 9.7 2.85 -10 10 1.7 -10 9.7 .75 -10 9.4 1.65 -10
3 0 10.3 .75 -10 9.7 .75 -10 10 1.7 -10
3 0 1.65 9.95 -10 2.25 10.9 -10 2.35 10.1 -10
3 0 1.55 18.45 -10 1.55 19 -10 2.2 20.15 -10
4 0 2.12 25.1 -10 1.55 25.4 -10 1.6 28.85 -10 2.1 26.4 -10
4 0 1.9 31.5 -10 2.35 30.7 -10 2.25 29.4 -10 1.7 30.2 -10
3 0 2.35 30.7 -10 1.9 31.5 -10 2.45 31.5 -10
3 0 .05 19.35 -10 -.45 19.55 -10 .3 19.5 -10
4 0 .05 19.35 -10 .3 19.5 -10 .9 19.3 -10 .6 19.1 -10
4 0 .6 19.1 -10 .9 19.3 -10 1.55 19 -10 1.1 18.8 -10
3 0 1.55 18.45 -10 1.1 18.8 -10 1.55 19 -10
3 15 -2.2 6.8 -10 -1.95 7.7 -10 2.05 8 -10
4 15 1.9 4.4 -10 -2.2 6.8 -10 2.05 8 -10 2.4 7.05 -10
4 15 -1.95 7.7 -10 -1.8 8.5 -10 1.8 9.05 -10 2.05 8 -10
4 15 -1.8 8.5 -10 -1.7 9.35 -10 1.65 9.95 -10 1.8 9.05 -10
3 15 -1.7 9.35 -10 -1.65 10 -10 1.65 9.95 -10
4 15 -1.65 10 -10 -1.65 11.55 -10 1.6 13.4 -10 1.65 9.95 -10
4 15 1.6 13.4 -10 -1.65 11.55 -10 -.1 17.1 -10 .55 16.55 -10
4 15 -.1 17.1 -10 -1.65 11.55 -10 -1.2 17.8 -10 -.65 17.5 -10
3 15 -1.65 11.55 -10 -1.65 17.95 -10 -1.2 17.8 -10
4 15 1.1 18.8 -10 1.55 18.45 -10 1.6 13.4 -10 .55 16.55 -10
4 15 .55 16.55 -10 .05 17.2 -10 .6 19.1 -10 1.1 18.8 -10
4 15 .05 19.35 -10 .6 19.1 -10 .05 17.2 -10 -.45 17.65 -10
4 15 -.45 19.55 -10 .05 19.35 -10 -.45 17.65 -10 -1.05 18.05 -10
4 15 -1.65 21.75 -10 -.45 19.55 -10 -1.05 18.05 -10 -1.65 18.3 -10
4 15 -1.75 25 -10 1.55 25.4 -10 -.45 19.55 -10 -1.65 21.75 -10
3 15 .3 19.5 -10 -.45 19.55 -10 1.55 25.4 -10
3 15 .9 19.3 -10 .3 19.5 -10 1.55 25.4 -10
3 15 1.55 19 -10 .9 19.3 -10 1.55 25.4 -10
4 15 -1.75 25 -10 -1.85 27.85 -10 1.6 28.85 -10 1.55 25.4 -10
4 15 1.7 30.2 -10 1.6 28.85 -10 -1.85 27.85 -10 -2 29.8 -10
4 15 -2 29.8 -10 -2.05 31.5 -10 1.9 31.5 -10 1.7 30.2 -10
3 16 1.9 31.5 -10 -2.05 31.5 -10 0 32 -10
4 16 -4 32 -10 0 32 -10 -2.05 31.5 -10 -2.7 31.5 -10
3 16 2.45 31.5 -10 1.9 31.5 -10 0 32 -10
4 16 -7.05 1.8 -10 -7.4 .75 -10 -9.15 .75 -10 -8.85 2.4 -10
4 16 -7.05 1.8 -10 -8.85 2.4 -10 -8.55 4.35 -10 -6.85 2.65 -10
4 16 -6.85 2.65 -10 -8.55 4.35 -10 -6.7 5 -10 -6.4 3.8 -10
4 16 -6.7 5 -10 -8.55 4.35 -10 -8.4 5.8 -10 -7.6 5.75 -10
3 16 -7.6 5.75 -10 -8.4 5.8 -10 -8.3 6.5 -10
3 16 -6.4 3.8 -10 -6.7 5 -10 -5.95 4.65 -10
4 16 -6.35 3.1 -10 -6 3.9 -10 -5.7 4.4 -10 -5.5 3.85 -10
4 16 -4.9 5.35 -10 -4.6 4.55 -10 -5.5 3.85 -10 -5.7 4.4 -10
4 16 -3.85 6.3 -10 -3.7 5.45 -10 -4.6 4.55 -10 -4.9 5.35 -10
4 16 -2.8 6.9 -10 -3.05 6.35 -10 -3.7 5.45 -10 -3.85 6.3 -10
3 16 -3.85 6.3 -10 -2.7 7.55 -10 -2.8 6.9 -10
4 16 2.8 7.8 -10 3.4 7.25 -10 4.05 6.5 -10 3.2 6.8 -10
4 16 3.2 6.8 -10 4.05 6.5 -10 5 5.55 -10 3.85 5.75 -10
4 16 3.85 5.75 -10 5 5.55 -10 5.95 4.35 -10 4.75 4.7 -10
4 16 4.75 4.7 -10 5.95 4.35 -10 6.35 3.65 -10 5.6 3.85 -10
4 16 5.6 3.85 -10 6.35 3.65 -10 6.5 3.1 -10 6.05 3.45 -10
4 16 6.2 4.8 -10 6.85 5.05 -10 8.8 4.7 -10 6.6 3.9 -10
4 16 6.85 5.05 -10 7.3 5.35 -10 8.75 5.7 -10 8.8 4.7 -10
4 16 8.65 6.55 -10 8.75 5.7 -10 7.3 5.35 -10 7.8 5.95 -10
3 16 7.8 5.95 -10 8.5 6.9 -10 8.65 6.55 -10
4 16 6.9 3.15 -10 6.6 3.9 -10 8.8 4.7 -10 8.95 3.5 -10
4 16 7.3 2 -10 6.9 3.15 -10 8.95 3.5 -10 9.15 2.65 -10
4 16 7.75 .9 -10 7.3 2 -10 9.15 2.65 -10 9.4 1.65 -10
3 16 9.7 .75 -10 7.75 .9 -10 9.4 1.65 -10
3 16 -12 0 -10 -10.05 .75 -10 -9.15 .75 -10
3 16 -12 0 -10 -9.15 .75 -10 -7.4 .75 -10
4 16 -7.4 .75 -10 -4.75 .8 -10 0 0 -10 -12 0 -10
4 16 -4.75 .8 -10 -2.05 .85 -10 2.05 .9 -10 0 0 -10
4 16 2.05 .9 -10 4.8 .95 -10 7.75 .9 -10 0 0 -10
3 16 12 0 -10 9.7 .75 -10 10.3 .75 -10
4 16 0 0 -10 7.75 .9 -10 9.7 .75 -10 12 0 -10
4 0 4.95 7.65 -10 4.2 7.95 -10 4.05 8.55 -10 4.45 8.55 -10
4 0 4.1 9.5 -10 4.45 8.55 -10 4.05 8.55 -10 3.8 9.25 -10
4 0 3.8 9.25 -10 3.65 9.65 -10 4 9.95 -10 4.1 9.5 -10
4 0 3.65 9.65 -10 3.55 10.3 -10 3.95 10.65 -10 4 9.95 -10
4 0 3.4 25.45 -10 3.45 26.9 -10 3.8 27.45 -10 3.75 25.55 -10
3 0 3.45 26.9 -10 3.5 28.65 -10 3.8 27.45 -10
4 0 3.8 31.5 -10 4 30.7 -10 3.85 29.2 -10 3.6 30.1 -10
3 0 4 30.7 -10 3.8 31.5 -10 4.15 31.5 -10
4 272 -3.84 9.81 -10 -4.47 9.55 -10 -4.55 9.95 -10 -3.87 9.95 -10
4 272 -4.47 9.55 -10 -3.84 9.81 -10 -3.76 9.69 -10 -4.24 9.21 -10
4 272 -3.64 9.61 -10 -3.9 8.98 -10 -4.24 9.21 -10 -3.76 9.69 -10
4 272 -3.9 8.98 -10 -3.64 9.61 -10 -3.5 9.58 -10 -3.5 8.9 -10
4 272 -3.16 9.81 -10 -3.13 9.95 -10 -2.45 9.95 -10 -2.53 9.55 -10
4 272 -3.24 9.69 -10 -3.16 9.81 -10 -2.53 9.55 -10 -2.76 9.21 -10
4 272 -3.36 9.61 -10 -3.24 9.69 -10 -2.76 9.21 -10 -3.1 8.98 -10
4 272 -3.1 8.98 -10 -3.5 8.9 -10 -3.5 9.58 -10 -3.36 9.61 -10
4 0 -3.87 9.95 -10 -3.13 9.95 -10 -3.16 9.81 -10 -3.84 9.81 -10
4 0 -3.84 9.81 -10 -3.16 9.81 -10 -3.24 9.69 -10 -3.76 9.69 -10
4 0 -3.24 9.69 -10 -3.36 9.61 -10 -3.5 9.58 -10 -3.64 9.61 -10
3 0 -3.64 9.61 -10 -3.76 9.69 -10 -3.24 9.69 -10
4 272 -4.55 9.95 -10 -4.47 10.35 -10 -3.84 10.09 -10 -3.87 9.95 -10
4 272 -4.47 10.35 -10 -4.24 10.69 -10 -3.76 10.21 -10 -3.84 10.09 -10
4 272 -4.24 10.69 -10 -3.9 10.92 -10 -3.64 10.29 -10 -3.76 10.21 -10
4 272 -3.9 10.92 -10 -3.5 11 -10 -3.5 10.32 -10 -3.64 10.29 -10
4 272 -2.45 9.95 -10 -3.13 9.95 -10 -3.16 10.09 -10 -2.53 10.35 -10
4 272 -2.53 10.35 -10 -3.16 10.09 -10 -3.24 10.21 -10 -2.76 10.69 -10
4 272 -2.76 10.69 -10 -3.24 10.21 -10 -3.36 10.29 -10 -3.1 10.92 -10
4 272 -3.1 10.92 -10 -3.36 10.29 -10 -3.5 10.32 -10 -3.5 11 -10
4 0 -3.87 9.95 -10 -3.84 10.09 -10 -3.16 10.09 -10 -3.13 9.95 -10
4 0 -3.84 10.09 -10 -3.76 10.21 -10 -3.24 10.21 -10 -3.16 10.09 -10
3 0 -3.24 10.21 -10 -3.76 10.21 -10 -3.64 10.29 -10
4 0 -3.5 10.32 -10 -3.36 10.29 -10 -3.24 10.21 -10 -3.64 10.29 -10
4 272 -4.6 16.7 -10 -3.92 16.7 -10 -3.89 16.56 -10 -4.52 16.3 -10
4 272 -3.81 16.44 -10 -4.29 15.96 -10 -4.52 16.3 -10 -3.89 16.56 -10
4 272 -4.29 15.96 -10 -3.81 16.44 -10 -3.69 16.36 -10 -3.95 15.73 -10
4 272 -3.55 16.33 -10 -3.55 15.65 -10 -3.95 15.73 -10 -3.69 16.36 -10
4 272 -2.5 16.7 -10 -2.58 16.3 -10 -3.21 16.56 -10 -3.18 16.7 -10
4 272 -3.29 16.44 -10 -3.21 16.56 -10 -2.58 16.3 -10 -2.81 15.96 -10
4 272 -3.41 16.36 -10 -3.29 16.44 -10 -2.81 15.96 -10 -3.15 15.73 -10
4 272 -3.55 16.33 -10 -3.41 16.36 -10 -3.15 15.73 -10 -3.55 15.65 -10
4 0 -3.92 16.7 -10 -3.18 16.7 -10 -3.21 16.56 -10 -3.89 16.56 -10
4 0 -3.89 16.56 -10 -3.21 16.56 -10 -3.29 16.44 -10 -3.81 16.44 -10
3 0 -3.69 16.36 -10 -3.81 16.44 -10 -3.29 16.44 -10
4 0 -3.55 16.33 -10 -3.69 16.36 -10 -3.29 16.44 -10 -3.41 16.36 -10
4 272 -4.6 16.7 -10 -4.52 17.1 -10 -3.89 16.84 -10 -3.92 16.7 -10
4 272 -4.52 17.1 -10 -4.29 17.44 -10 -3.81 16.96 -10 -3.89 16.84 -10
4 272 -4.29 17.44 -10 -3.95 17.67 -10 -3.69 17.04 -10 -3.81 16.96 -10
4 272 -3.95 17.67 -10 -3.55 17.75 -10 -3.55 17.07 -10 -3.69 17.04 -10
4 272 -3.21 16.84 -10 -2.58 17.1 -10 -2.5 16.7 -10 -3.18 16.7 -10
4 272 -2.58 17.1 -10 -3.21 16.84 -10 -3.29 16.96 -10 -2.81 17.44 -10
4 272 -2.81 17.44 -10 -3.29 16.96 -10 -3.41 17.04 -10 -3.15 17.67 -10
4 272 -3.15 17.67 -10 -3.41 17.04 -10 -3.55 17.07 -10 -3.55 17.75 -10
4 0 -3.92 16.7 -10 -3.89 16.84 -10 -3.21 16.84 -10 -3.18 16.7 -10
3 0 -3.21 16.84 -10 -3.89 16.84 -10 -3.81 16.96 -10
4 0 -3.21 16.84 -10 -3.81 16.96 -10 -3.69 17.04 -10 -3.29 16.96 -10
4 0 -3.55 17.07 -10 -3.41 17.04 -10 -3.29 16.96 -10 -3.69 17.04 -10
4 272 -3.94 23.46 -10 -4.57 23.2 -10 -4.65 23.6 -10 -3.97 23.6 -10
4 272 -4.57 23.2 -10 -3.94 23.46 -10 -3.86 23.34 -10 -4.34 22.86 -10
4 272 -3.74 23.26 -10 -4 22.63 -10 -4.34 22.86 -10 -3.86 23.34 -10
4 272 -4 22.63 -10 -3.74 23.26 -10 -3.6 23.23 -10 -3.6 22.55 -10
4 272 -3.26 23.46 -10 -3.23 23.6 -10 -2.55 23.6 -10 -2.63 23.2 -10
4 272 -2.63 23.2 -10 -2.86 22.86 -10 -3.34 23.34 -10 -3.26 23.46 -10
4 272 -3.46 23.26 -10 -3.34 23.34 -10 -2.86 22.86 -10 -3.2 22.63 -10
4 272 -3.6 23.23 -10 -3.46 23.26 -10 -3.2 22.63 -10 -3.6 22.55 -10
4 0 -3.97 23.6 -10 -3.23 23.6 -10 -3.26 23.46 -10 -3.94 23.46 -10
4 0 -3.94 23.46 -10 -3.26 23.46 -10 -3.34 23.34 -10 -3.86 23.34 -10
4 0 -3.34 23.34 -10 -3.46 23.26 -10 -3.6 23.23 -10 -3.74 23.26 -10
3 0 -3.74 23.26 -10 -3.86 23.34 -10 -3.34 23.34 -10
4 272 -4.65 23.6 -10 -4.57 24 -10 -3.94 23.74 -10 -3.97 23.6 -10
4 272 -4.57 24 -10 -4.34 24.34 -10 -3.86 23.86 -10 -3.94 23.74 -10
4 272 -4.34 24.34 -10 -4 24.57 -10 -3.74 23.94 -10 -3.86 23.86 -10
4 272 -4 24.57 -10 -3.6 24.65 -10 -3.6 23.97 -10 -3.74 23.94 -10
4 272 -3.26 23.74 -10 -2.63 24 -10 -2.55 23.6 -10 -3.23 23.6 -10
4 272 -2.63 24 -10 -3.26 23.74 -10 -3.34 23.86 -10 -2.86 24.34 -10
4 272 -2.86 24.34 -10 -3.34 23.86 -10 -3.46 23.94 -10 -3.2 24.57 -10
4 272 -3.2 24.57 -10 -3.46 23.94 -10 -3.6 23.97 -10 -3.6 24.65 -10
4 0 -3.97 23.6 -10 -3.94 23.74 -10 -3.26 23.74 -10 -3.23 23.6 -10
4 0 -3.94 23.74 -10 -3.86 23.86 -10 -3.34 23.86 -10 -3.26 23.74 -10
3 0 -3.34 23.86 -10 -3.86 23.86 -10 -3.74 23.94 -10
4 0 -3.6 23.97 -10 -3.46 23.94 -10 -3.34 23.86 -10 -3.74 23.94 -10
4 272 -4.34 30.21 -10 -4.97 29.95 -10 -5.05 30.35 -10 -4.37 30.35 -10
4 272 -4.26 30.09 -10 -4.74 29.61 -10 -4.97 29.95 -10 -4.34 30.21 -10
4 272 -4.74 29.61 -10 -4.26 30.09 -10 -4.14 30.01 -10 -4.4 29.38 -10
4 272 -4 29.98 -10 -4 29.3 -10 -4.4 29.38 -10 -4.14 30.01 -10
4 272 -2.95 30.35 -10 -3.03 29.95 -10 -3.66 30.21 -10 -3.63 30.35 -10
4 272 -3.74 30.09 -10 -3.66 30.21 -10 -3.03 29.95 -10 -3.26 29.61 -10
4 272 -3.26 29.61 -10 -3.6 29.38 -10 -3.86 30.01 -10 -3.74 30.09 -10
4 272 -4 29.98 -10 -3.86 30.01 -10 -3.6 29.38 -10 -4 29.3 -10
4 0 -4.37 30.35 -10 -3.63 30.35 -10 -3.66 30.21 -10 -4.34 30.21 -10
4 0 -4.34 30.21 -10 -3.66 30.21 -10 -3.74 30.09 -10 -4.26 30.09 -10
3 0 -4.14 30.01 -10 -4.26 30.09 -10 -3.74 30.09 -10
4 0 -4 29.98 -10 -4.14 30.01 -10 -3.74 30.09 -10 -3.86 30.01 -10
4 272 -5.05 30.35 -10 -4.97 30.75 -10 -4.34 30.49 -10 -4.37 30.35 -10
4 272 -4.97 30.75 -10 -4.74 31.09 -10 -4.26 30.61 -10 -4.34 30.49 -10
4 272 -4.74 31.09 -10 -4.4 31.32 -10 -4.14 30.69 -10 -4.26 30.61 -10
4 272 -4.4 31.32 -10 -4 31.4 -10 -4 30.72 -10 -4.14 30.69 -10
4 272 -3.66 30.49 -10 -3.03 30.75 -10 -2.95 30.35 -10 -3.63 30.35 -10
4 272 -3.03 30.75 -10 -3.66 30.49 -10 -3.74 30.61 -10 -3.26 31.09 -10
4 272 -3.26 31.09 -10 -3.74 30.61 -10 -3.86 30.69 -10 -3.6 31.32 -10
4 272 -3.6 31.32 -10 -3.86 30.69 -10 -4 30.72 -10 -4 31.4 -10
4 0 -4.37 30.35 -10 -4.34 30.49 -10 -3.66 30.49 -10 -3.63 30.35 -10
4 0 -4.34 30.49 -10 -4.26 30.61 -10 -3.74 30.61 -10 -3.66 30.49 -10
3 0 -3.74 30.61 -10 -4.26 30.61 -10 -4.14 30.69 -10
4 0 -4 30.72 -10 -3.86 30.69 -10 -3.74 30.61 -10 -4.14 30.69 -10
4 0 -9 10.4 -10 -9.5 10.05 -10 -9.55 10.7 -10 -9.05 11.1 -10
4 0 -8.9 9.95 -10 -9.4 9.65 -10 -9.5 10.05 -10 -9 10.4 -10
4 0 -8.6 9.7 -10 -9.1 9.3 -10 -9.4 9.65 -10 -8.9 9.95 -10
4 0 -8.6 9.7 -10 -8.55 9.45 -10 -8.55 9.1 -10 -9.1 9.3 -10
4 0 -9.1 9.3 -10 -8.55 9.1 -10 -9 8.4 -10 -9.15 8.9 -10
4 0 -8.55 9.1 -10 -8.4 8.8 -10 -8.7 8.1 -10 -9 8.4 -10
4 0 -8.4 8.8 -10 -8.2 8.65 -10 -8.3 8 -10 -8.7 8.1 -10
4 0 -6.7 10.7 -10 -6.75 10.05 -10 -7.2 10.4 -10 -7.2 11.1 -10
4 0 -7.3 9.95 -10 -7.2 10.4 -10 -6.75 10.05 -10 -6.85 9.65 -10
4 0 -7.6 9.7 -10 -7.3 9.95 -10 -6.85 9.65 -10 -7.1 9.3 -10
4 0 -7.65 9.1 -10 -7.65 9.45 -10 -7.6 9.7 -10 -7.1 9.3 -10
4 0 -7.2 8.4 -10 -7.65 9.1 -10 -7.1 9.3 -10 -7.05 8.9 -10
4 0 -7.5 8.1 -10 -7.8 8.8 -10 -7.65 9.1 -10 -7.2 8.4 -10
4 0 -7.9 8 -10 -8 8.65 -10 -7.8 8.8 -10 -7.5 8.1 -10
4 0 -8.2 8.65 -10 -8 8.65 -10 -7.9 8 -10 -8.3 8 -10
4 0 -8.45 11.95 -10 -8 11.95 -10 -7.95 10.5 -10 -8.35 10.5 -10
4 0 -8.35 10.5 -10 -7.95 10.5 -10 -8 10.3 -10 -8.25 10.3 -10
4 0 -8 12.35 -10 -8 11.95 -10 -8.45 11.95 -10 -8.45 12.35 -10
4 0 -8.05 13.45 -10 -8 12.35 -10 -8.45 12.35 -10 -8.5 13.45 -10
4 0 -8.5 13.45 -10 -8.4 13.65 -10 -8.15 13.65 -10 -8.05 13.45 -10
4 4 -9 11.95 -10 -8.45 11.95 -10 -8.35 10.5 -10 -9.05 11.1 -10
4 4 -9.05 11.1 -10 -8.35 10.5 -10 -8.9 9.95 -10 -9 10.4 -10
4 4 -8.35 10.5 -10 -8.25 10.3 -10 -8.6 9.7 -10 -8.9 9.95 -10
4 4 -8.25 10.3 -10 -8 10.3 -10 -7.6 9.7 -10 -8.6 9.7 -10
4 4 -8.55 9.45 -10 -8.6 9.7 -10 -7.6 9.7 -10 -7.65 9.45 -10
4 4 -8.55 9.1 -10 -8.55 9.45 -10 -7.65 9.45 -10 -7.65 9.1 -10
4 4 -8.55 9.1 -10 -7.65 9.1 -10 -7.8 8.8 -10 -8.4 8.8 -10
4 4 -8.4 8.8 -10 -7.8 8.8 -10 -8 8.65 -10 -8.2 8.65 -10
4 4 -7.3 9.95 -10 -7.6 9.7 -10 -8 10.3 -10 -7.95 10.5 -10
4 4 -7.3 9.95 -10 -7.95 10.5 -10 -7.2 11.1 -10 -7.2 10.4 -10
4 4 -7.95 10.5 -10 -8 11.95 -10 -7.25 11.95 -10 -7.2 11.1 -10
3 0 -8.45 11.95 -10 -9 11.95 -10 -8.45 12.35 -10
3 0 -7.25 11.95 -10 -8 11.95 -10 -8 12.35 -10
4 0 -6.74 11.7 -10 -7.25 11.95 -10 -8 12.35 -10 -6.75 11.95 -10
4 0 -8 12.35 -10 -6.25 12.4 -10 -5.8 12 -10 -6.75 11.95 -10
4 0 -5.9 12.5 -10 -5.5 12.15 -10 -5.8 12 -10 -6.25 12.4 -10
4 0 -5.8 12.75 -10 -5.4 12.35 -10 -5.5 12.15 -10 -5.9 12.5 -10
4 0 -5.4 12.35 -10 -5.8 12.75 -10 -5.65 14.8 -10 -5.3 12.75 -10
4 0 -5.6 15.15 -10 -5.05 14.8 -10 -5.3 12.75 -10 -5.65 14.8 -10
4 0 -5.08 15.5 -10 -5.6 15.15 -10 -5.85 15.2 -10 -5.55 15.85 -10
4 0 -5.55 15.85 -10 -5.85 15.2 -10 -6.9 15.25 -10 -6.1 15.9 -10
4 0 -6.1 15.9 -10 -6.9 15.25 -10 -8.65 15.3 -10 -7.05 15.9 -10
4 0 -7.05 15.9 -10 -8.65 15.3 -10 -8.65 15.9 -10 -7.75 16 -10
3 0 -8.65 15.9 -10 -8.05 16.15 -10 -7.75 16 -10
4 0 -12.5 15.25 -10 -11.2 15.95 -10 -8.65 15.9 -10 -8.65 15.3 -10
4 0 -12.5 15.25 -10 -14.2 15.25 -10 -13.6 15.95 -10 -12.1 15.95 -10
4 0 -13.6 15.95 -10 -14.2 15.25 -10 -14.6 15.65 -10 -14.2 15.85 -10
4 0 -14.3 12.5 -10 -14.75 15.1 -10 -14.2 15.25 -10 -14.15 14.4 -10
4 0 -14.15 14.4 -10 -14 13.15 -10 -14.2 12.15 -10 -14.3 12.5 -10
3 0 -14.2 12.15 -10 -14 13.15 -10 -13.9 12.7 -10
4 0 -13.8 12.5 -10 -13.95 11.95 -10 -14.2 12.15 -10 -13.9 12.7 -10
4 0 -13.55 12.35 -10 -13.6 11.85 -10 -13.95 11.95 -10 -13.8 12.5 -10
4 0 -13.6 11.85 -10 -13.55 12.35 -10 -8.45 12.35 -10 -9.5 11.9 -10
4 0 -13.6 15.95 -10 -14.2 15.85 -10 -14.25 18.7 -10 -13.7 17.45 -10
4 0 -14.2 20.4 -10 -13.7 19.7 -10 -13.7 17.45 -10 -14.25 18.7 -10
4 0 -13.7 19.7 -10 -14.2 20.4 -10 -14.1 21.05 -10 -13.65 20.8 -10
4 0 -14.1 21.05 -10 -14 21.25 -10 -13.65 21.35 -10 -13.65 20.8 -10
4 0 -13.65 20.8 -10 -13.65 21.35 -10 -13.15 21.45 -10 -13.3 20.85 -10
4 0 -11.7 21.45 -10 -11.7 20.9 -10 -13.3 20.85 -10 -13.15 21.45 -10
4 0 -11.3 21.7 -10 -11.3 21.25 -10 -11.7 20.9 -10 -11.7 21.45 -10
4 0 -11.7 16.3 -10 -11.7 20.9 -10 -11.3 21.25 -10 -11.3 19.1 -10
3 0 -11.2 15.95 -10 -11.7 16.3 -10 -11.3 19.1 -10
4 0 -12.5 15.25 -10 -12.1 15.95 -10 -11.85 16.1 -10 -11.2 15.95 -10
3 0 -11.2 15.95 -10 -11.85 16.1 -10 -11.7 16.3 -10
4 0 -11.3 21.25 -10 -11.3 21.7 -10 -10.35 21.8 -10 -10.7 21.3 -10
4 0 -9.4 21.8 -10 -9.65 21.3 -10 -10.7 21.3 -10 -10.35 21.8 -10
4 0 -9.65 21.3 -10 -9.4 21.8 -10 -8.7 21.75 -10 -8.75 21.25 -10
4 0 -8.25 21.5 -10 -8.75 21.25 -10 -8.7 21.75 -10 -8.45 21.65 -10
4 0 -6.5 20.95 -10 -8.3 20.9 -10 -8.75 21.25 -10 -8.25 21.5 -10
4 0 -8.75 21.25 -10 -8.3 20.9 -10 -8.3 17.45 -10 -8.7 18.15 -10
4 0 -8.7 18.15 -10 -8.3 17.45 -10 -8.3 16.55 -10 -8.65 15.9 -10
3 0 -8.65 15.9 -10 -8.3 16.55 -10 -8.2 16.35 -10
3 0 -8.65 15.9 -10 -8.2 16.35 -10 -8.05 16.15 -10
4 0 -8.25 21.5 -10 -6.35 21.45 -10 -6 21.4 -10 -6.5 20.95 -10
4 0 -5.75 21.2 -10 -6.25 20.85 -10 -6.5 20.95 -10 -6 21.4 -10
4 0 -6.2 20.65 -10 -6.25 20.85 -10 -5.75 21.2 -10 -5.65 20.85 -10
4 0 -6.1 15.9 -10 -6.2 20.65 -10 -5.65 20.85 -10 -5.6 20.25 -10
3 0 -5.55 15.85 -10 -6.1 15.9 -10 -5.6 20.25 -10
4 0 14.2 12.3 -10 13.9 12.15 -10 12.95 12.1 -10 13.45 12.55 -10
4 0 13.45 12.55 -10 13.8 12.65 -10 14.3 12.5 -10 14.2 12.3 -10
4 0 13.8 12.65 -10 13.9 12.9 -10 14.4 12.9 -10 14.3 12.5 -10
4 0 13.9 12.9 -10 14.05 14.95 -10 14.65 14.95 -10 14.4 12.9 -10
3 0 14.65 14.95 -10 14.05 14.95 -10 14.1 15.3 -10
4 0 13.85 15.35 -10 14.15 16 -10 14.6 15.7 -10 14.1 15.3 -10
4 0 14.15 16 -10 13.85 15.35 -10 12.8 15.4 -10 13.6 16.05 -10
3 0 12.8 15.4 -10 12.65 16.05 -10 13.6 16.05 -10
4 0 11.95 16.15 -10 12.65 16.05 -10 12.8 15.4 -10 11.05 15.45 -10
4 0 11.65 16.3 -10 11.95 16.15 -10 11.05 15.45 -10 11.05 16.05 -10
4 0 11.05 16.05 -10 11.05 15.45 -10 7.2 15.4 -10 8.5 16.1 -10
4 0 6.1 16.1 -10 7.6 16.1 -10 7.2 15.4 -10 5.5 15.4 -10
4 0 6.1 16.1 -10 5.5 15.4 -10 5.1 15.8 -10 5.5 16 -10
4 0 5.4 12.65 -10 4.95 15.25 -10 5.5 15.4 -10 5.55 14.55 -10
4 0 5.55 14.55 -10 5.7 13.3 -10 5.5 12.3 -10 5.4 12.65 -10
4 0 5.7 13.3 -10 5.8 12.85 -10 5.75 12.1 -10 5.5 12.3 -10
4 0 5.8 12.85 -10 5.9 12.65 -10 6.1 12 -10 5.75 12.1 -10
3 0 6.1 12 -10 5.9 12.65 -10 6.15 12.5 -10
4 0 6.1 16.1 -10 5.5 16 -10 5.45 18.85 -10 6 17.6 -10
4 0 6 17.6 -10 5.45 18.85 -10 5.5 20.55 -10 6 19.85 -10
4 0 5.6 21.2 -10 6.05 20.95 -10 6 19.85 -10 5.5 20.55 -10
4 0 5.6 21.2 -10 5.7 21.4 -10 6.05 21.5 -10 6.05 20.95 -10
4 0 6.55 21.6 -10 6.4 21 -10 6.05 20.95 -10 6.05 21.5 -10
4 0 6.4 21 -10 6.55 21.6 -10 8 21.6 -10 8 21.05 -10
4 0 8.4 21.85 -10 8.4 21.4 -10 8 21.05 -10 8 21.6 -10
4 0 8 16.45 -10 8 21.05 -10 8.4 21.4 -10 8.4 19.25 -10
3 0 8.5 16.1 -10 8 16.45 -10 8.4 19.25 -10
4 0 7.2 15.4 -10 7.6 16.1 -10 7.85 16.25 -10 8.5 16.1 -10
3 0 8.5 16.1 -10 7.85 16.25 -10 8 16.45 -10
4 0 8.4 21.4 -10 8.4 21.85 -10 9.35 21.95 -10 9 21.45 -10
4 0 9 21.45 -10 9.35 21.95 -10 10.3 21.95 -10 10.05 21.45 -10
4 0 11 21.9 -10 10.95 21.4 -10 10.05 21.45 -10 10.3 21.95 -10
4 0 11 21.9 -10 11.25 21.8 -10 11.45 21.65 -10 10.95 21.4 -10
4 0 13.2 21.1 -10 11.4 21.05 -10 10.95 21.4 -10 11.45 21.65 -10
4 0 10.95 21.4 -10 11.4 21.05 -10 11.4 17.6 -10 11 18.3 -10
4 0 11 18.3 -10 11.4 17.6 -10 11.4 16.7 -10 11.05 16.05 -10
3 0 11.05 16.05 -10 11.4 16.7 -10 11.5 16.5 -10
3 0 11.05 16.05 -10 11.5 16.5 -10 11.65 16.3 -10
4 0 13.7 21.55 -10 13.2 21.1 -10 11.45 21.65 -10 13.35 21.6 -10
4 0 13.2 21.1 -10 13.7 21.55 -10 13.95 21.35 -10 13.45 21 -10
4 0 13.5 20.8 -10 13.45 21 -10 13.95 21.35 -10 14.05 21 -10
4 0 13.6 16.05 -10 13.5 20.8 -10 14.05 21 -10 14.1 20.4 -10
3 0 14.15 16 -10 13.6 16.05 -10 14.1 20.4 -10
4 0 13.45 12.55 -10 12.95 12.1 -10 6.1 12 -10 6.15 12.5 -10
4 16 -11.7 16.3 -10 -11.85 16.1 -10 -12.1 15.95 -10 -13.6 15.95 -10
4 16 -13.7 19.7 -10 -11.7 16.3 -10 -13.6 15.95 -10 -13.7 17.45 -10
4 16 -11.7 16.3 -10 -13.7 19.7 -10 -13.3 20.85 -10 -11.7 20.9 -10
3 16 -13.7 19.7 -10 -13.65 20.8 -10 -13.3 20.85 -10
4 16 -8.65 15.9 -10 -11.2 15.95 -10 -11.3 19.1 -10 -8.7 18.15 -10
4 16 -9.65 21.3 -10 -8.75 21.25 -10 -8.7 18.15 -10 -11.3 19.1 -10
4 16 -9.65 21.3 -10 -11.3 19.1 -10 -11.3 21.25 -10 -10.7 21.3 -10
4 16 -6.2 20.65 -10 -8.3 20.9 -10 -6.5 20.95 -10 -6.25 20.85 -10
4 16 -8.3 20.9 -10 -6.2 20.65 -10 -6.1 15.9 -10 -8.3 17.45 -10
4 16 -8.3 16.55 -10 -8.3 17.45 -10 -6.1 15.9 -10 -7.05 15.9 -10
4 16 -8.3 16.55 -10 -7.05 15.9 -10 -8.05 16.15 -10 -8.2 16.35 -10
3 16 -7.05 15.9 -10 -7.75 16 -10 -8.05 16.15 -10
4 16 6.1 16.1 -10 6 17.6 -10 7.85 16.25 -10 7.6 16.1 -10
4 16 7.85 16.25 -10 6 17.6 -10 6 19.85 -10 8 16.45 -10
4 16 6.4 21 -10 8 21.05 -10 8 16.45 -10 6 19.85 -10
3 16 6 19.85 -10 6.05 20.95 -10 6.4 21 -10
4 16 8.4 19.25 -10 11 18.3 -10 11.05 16.05 -10 8.5 16.1 -10
4 16 10.05 21.45 -10 8.4 19.25 -10 8.4 21.4 -10 9 21.45 -10
4 16 10.95 21.4 -10 11 18.3 -10 8.4 19.25 -10 10.05 21.45 -10
4 16 13.6 16.05 -10 12.65 16.05 -10 13.45 21 -10 13.5 20.8 -10
4 16 11.95 16.15 -10 13.2 21.1 -10 13.45 21 -10 12.65 16.05 -10
4 16 11.95 16.15 -10 11.65 16.3 -10 11.5 16.5 -10 13.2 21.1 -10
4 16 11.4 17.6 -10 13.2 21.1 -10 11.5 16.5 -10 11.4 16.7 -10
3 16 11.4 17.6 -10 11.4 21.05 -10 13.2 21.1 -10
3 25 -15 11.7 -10 -13.95 11.95 -10 -13.6 11.85 -10
4 25 -9.5 11.9 -10 -9.51 11.7 -10 -15 11.7 -10 -13.6 11.85 -10
3 25 -15 11.7 -10 -14.2 12.15 -10 -13.95 11.95 -10
4 25 -14.2 12.15 -10 -15 11.7 -10 -15.65 15.5 -10 -14.3 12.5 -10
3 25 -14.3 12.5 -10 -15.65 15.5 -10 -14.75 15.1 -10
4 25 -6.75 11.95 -10 -5.8 12 -10 -2.25 11.7 -10 -6.74 11.7 -10
3 25 -2.25 11.7 -10 -5.8 12 -10 -5.5 12.15 -10
4 25 -5.5 12.15 -10 -5.4 12.35 -10 -2.22 15.5 -10 -2.25 11.7 -10
3 25 -5.4 12.35 -10 -5.3 12.75 -10 -2.22 15.5 -10
3 25 -5.3 12.75 -10 -5.05 14.8 -10 -2.22 15.5 -10
3 25 -5.05 14.8 -10 -5 15.3 -10 -2.22 15.5 -10
3 25 -5 15.3 -10 -5.08 15.5 -10 -2.22 15.5 -10
3 25 3.55 11.7 -10 2.24 11.7 -10 3.55 12.6 -10
4 25 2.24 11.7 -10 2.2 15.5 -10 3.53 15.5 -10 3.55 12.6 -10
4 25 3.9 13.1 -10 3.88 15.5 -10 4.95 15.5 -10 4.95 15.25 -10
4 25 3.93 11.7 -10 3.9 13.1 -10 4.95 15.25 -10 5.4 12.65 -10
3 25 3.93 11.7 -10 5.4 12.65 -10 5.5 12.3 -10
3 25 3.93 11.7 -10 5.5 12.3 -10 5.75 12.1 -10
3 25 3.93 11.7 -10 5.75 12.1 -10 6.1 12 -10
4 25 3.93 11.7 -10 6.1 12 -10 12.95 12.1 -10 15 11.7 -10
3 25 15 11.7 -10 12.95 12.1 -10 13.9 12.15 -10
3 25 15 11.7 -10 13.9 12.15 -10 14.2 12.3 -10
3 25 15 11.7 -10 14.2 12.3 -10 14.3 12.5 -10
3 25 15 11.7 -10 14.3 12.5 -10 14.4 12.9 -10
3 25 15 11.7 -10 14.4 12.9 -10 14.65 14.95 -10
4 25 5.5 15.4 -10 7.2 15.4 -10 5.7 13.3 -10 5.55 14.55 -10
4 25 5.7 13.3 -10 7.2 15.4 -10 5.9 12.65 -10 5.8 12.85 -10
4 25 5.9 12.65 -10 7.2 15.4 -10 11.05 15.45 -10 6.15 12.5 -10
4 25 6.15 12.5 -10 11.05 15.45 -10 12.8 15.4 -10 13.45 12.55 -10
4 25 13.9 12.9 -10 13.8 12.65 -10 13.45 12.55 -10 12.8 15.4 -10
4 25 12.8 15.4 -10 13.85 15.35 -10 14.05 14.95 -10 13.9 12.9 -10
3 25 14.05 14.95 -10 13.85 15.35 -10 14.1 15.3 -10
4 25 -14.2 15.25 -10 -12.5 15.25 -10 -14 13.15 -10 -14.15 14.4 -10
4 25 -14 13.15 -10 -12.5 15.25 -10 -13.8 12.5 -10 -13.9 12.7 -10
4 25 -8.5 13.45 -10 -13.55 12.35 -10 -13.8 12.5 -10 -12.5 15.25 -10
3 25 -8.45 12.35 -10 -13.55 12.35 -10 -8.5 13.45 -10
4 25 -8.65 15.3 -10 -8.4 13.65 -10 -8.5 13.45 -10 -12.5 15.25 -10
4 25 -8.4 13.65 -10 -8.65 15.3 -10 -6.9 15.25 -10 -8.15 13.65 -10
4 25 -8.15 13.65 -10 -6.9 15.25 -10 -5.65 14.8 -10 -8.05 13.45 -10
4 25 -6.9 15.25 -10 -5.85 15.2 -10 -5.6 15.15 -10 -5.65 14.8 -10
4 25 -5.65 14.8 -10 -5.8 12.75 -10 -5.9 12.5 -10 -8.05 13.45 -10
4 25 -8 12.35 -10 -8.05 13.45 -10 -5.9 12.5 -10 -6.25 12.4 -10
4 16 2.24 11.7 -10 3.55 11.7 -10 3.55 10.3 -10 2.25 10.9 -10
4 16 2.25 10.9 -10 3.55 10.3 -10 2.55 9.6 -10 2.35 10.1 -10
4 16 3.55 10.3 -10 3.65 9.65 -10 2.9 9.15 -10 2.55 9.6 -10
4 16 3.65 9.65 -10 3.8 9.25 -10 3.6 8.35 -10 2.9 9.15 -10
4 16 3.8 9.25 -10 4.05 8.55 -10 4.2 7.95 -10 3.6 8.35 -10
4 16 -8.45 7.55 -10 -8.3 8 -10 -7.9 8 -10 -8.2 7.4 -10
4 16 -8.2 7.4 -10 -7.9 8 -10 -7.5 8.1 -10 -7.55 6.95 -10
3 16 -6.65 6.45 -10 -7.55 6.95 -10 -7.5 8.1 -10
4 16 -7.5 8.1 -10 -7.2 8.4 -10 -5.9 6.25 -10 -6.65 6.45 -10
4 16 -5.9 6.25 -10 -7.2 8.4 -10 -7.05 8.9 -10 -5 6.8 -10
4 16 -5 6.8 -10 -7.05 8.9 -10 -4.24 9.21 -10 -4.05 7.55 -10
3 16 -4.05 7.55 -10 -4.24 9.21 -10 -3.9 8.98 -10
4 16 -7.1 9.3 -10 -6.85 9.65 -10 -4.24 9.21 -10 -7.05 8.9 -10
4 16 -6.75 10.05 -10 -4.47 9.55 -10 -4.24 9.21 -10 -6.85 9.65 -10
4 16 -4.47 9.55 -10 -6.75 10.05 -10 -6.7 10.7 -10 -4.55 9.95 -10
4 16 -6.74 11.7 -10 -4.47 10.35 -10 -4.55 9.95 -10 -6.7 10.7 -10
3 16 -4.47 10.35 -10 -6.74 11.7 -10 -4.24 10.69 -10
3 16 -4.24 10.69 -10 -6.74 11.7 -10 -3.9 10.92 -10
3 16 -3.9 10.92 -10 -6.74 11.7 -10 -3.5 11 -10
4 16 -3.1 10.92 -10 -3.5 11 -10 -6.74 11.7 -10 -2.25 11.7 -10
4 16 -2.95 8.6 -10 -4.05 7.55 -10 -3.9 8.98 -10 -3.5 8.9 -10
3 16 -2.95 8.6 -10 -3.5 8.9 -10 -3.1 8.98 -10
4 16 -3.1 8.98 -10 -2.76 9.21 -10 -2.5 9.15 -10 -2.95 8.6 -10
3 16 -2.5 9.15 -10 -2.76 9.21 -10 -2.53 9.55 -10
4 16 -2.45 9.95 -10 -2.3 9.65 -10 -2.5 9.15 -10 -2.53 9.55 -10
4 16 -8.75 7.5 -10 -8.7 8.1 -10 -8.3 8 -10 -8.45 7.55 -10
3 16 -8.75 7.5 -10 -9 8.4 -10 -8.7 8.1 -10
3 16 -9.15 8.9 -10 -9.4 9.65 -10 -9.1 9.3 -10
3 16 -9.55 10.7 -10 -15 11.7 -10 -9.51 11.7 -10
3 16 -9.5 10.05 -10 -15 11.7 -10 -9.55 10.7 -10
3 16 -9.4 9.65 -10 -15 11.7 -10 -9.5 10.05 -10
4 16 -9 8.4 -10 -15 11.7 -10 -9.4 9.65 -10 -9.15 8.9 -10
4 16 -8.85 7.25 -10 -15 11.7 -10 -9 8.4 -10 -8.75 7.5 -10
4 16 -12 0 -10 -14.345 2 -10 -9.7 2 -10 -10.05 .75 -10
4 16 -9.1 5.45 -10 -9.4 3.55 -10 -9.7 2 -10 -14.345 2 -10
3 16 -14.345 2 -10 -8.95 6.8 -10 -9.1 5.45 -10
4 16 -8.85 7.25 -10 -8.95 6.8 -10 -14.345 2 -10 -15 11.7 -10
4 16 3.93 11.7 -10 15 11.7 -10 8.65 7.8 -10 3.95 10.65 -10
3 16 8.95 7.75 -10 8.65 7.8 -10 15 11.7 -10
4 16 8.45 7.7 -10 4 9.95 -10 3.95 10.65 -10 8.65 7.8 -10
4 16 4.45 8.55 -10 4.1 9.5 -10 4 9.95 -10 8.45 7.7 -10
4 16 7.7 7.15 -10 4.45 8.55 -10 8.45 7.7 -10 8.25 7.5 -10
4 16 5.4 7 -10 4.95 7.65 -10 4.45 8.55 -10 7.7 7.15 -10
4 16 6.3 6.45 -10 5.4 7 -10 7.7 7.15 -10 6.9 6.65 -10
3 16 6.3 6.45 -10 5.8 6.55 -10 5.4 7 -10
3 16 9.1 7.6 -10 8.95 7.75 -10 15 11.7 -10
3 16 9.2 7.15 -10 9.1 7.6 -10 15 11.7 -10
4 16 9.2 7.15 -10 15 11.7 -10 14.345 2 -10 9.3 6.25 -10
4 16 9.3 6.25 -10 14.345 2 -10 9.45 4.15 -10 9.35 5.25 -10
4 16 9.45 4.15 -10 14.345 2 -10 10 1.7 -10 9.7 2.85 -10
4 16 10 1.7 -10 14.345 2 -10 12 0 -10 10.3 .75 -10
3 16 -2.2 18.95 -10 -5.6 20.25 -10 -5.65 20.85 -10
3 16 -3.15 17.67 -10 -3.55 17.75 -10 -2.2 18.95 -10
3 16 -2.81 17.44 -10 -3.15 17.67 -10 -2.2 18.95 -10
3 16 -2.58 17.1 -10 -2.81 17.44 -10 -2.2 18.95 -10
3 16 -2.22 15.5 -10 -3.15 15.73 -10 -2.81 15.96 -10
3 16 -2.22 15.5 -10 -2.81 15.96 -10 -2.58 16.3 -10
3 16 -2.22 15.5 -10 -2.58 16.3 -10 -2.5 16.7 -10
4 16 -2.58 17.1 -10 -2.2 18.95 -10 -2.22 15.5 -10 -2.5 16.7 -10
3 16 -5.08 15.5 -10 -3.95 15.73 -10 -3.55 15.65 -10
3 16 -2.22 15.5 -10 -5.08 15.5 -10 -3.55 15.65 -10
3 16 -2.22 15.5 -10 -3.55 15.65 -10 -3.15 15.73 -10
4 16 -5.08 15.5 -10 -5.55 15.85 -10 -4.29 15.96 -10 -3.95 15.73 -10
3 16 -5.55 15.85 -10 -4.52 16.3 -10 -4.29 15.96 -10
4 16 -5.6 20.25 -10 -4.6 16.7 -10 -4.52 16.3 -10 -5.55 15.85 -10
3 16 -4.6 16.7 -10 -5.6 20.25 -10 -4.52 17.1 -10
3 16 -4.52 17.1 -10 -5.6 20.25 -10 -4.29 17.44 -10
3 16 -4.29 17.44 -10 -5.6 20.25 -10 -3.95 17.67 -10
4 16 -2.2 18.95 -10 -3.55 17.75 -10 -3.95 17.67 -10 -5.6 20.25 -10
4 0 -5.05 14.8 -10 -5.6 15.15 -10 -5.08 15.5 -10 -5 15.3 -10
4 0 -14.6 15.65 -10 -14.2 15.25 -10 -14.75 15.1 -10 -14.71 15.5 -10
3 25 -14.75 15.1 -10 -15.65 15.5 -10 -14.71 15.5 -10
4 25 15 11.7 -10 14.65 14.95 -10 14.68 15.5 -10 15.65 15.5 -10
4 0 5.1 15.8 -10 5.5 15.4 -10 4.95 15.25 -10 4.95 15.5 -10
4 0 14.6 15.7 -10 14.68 15.5 -10 14.65 14.95 -10 14.1 15.3 -10
4 16 3.85 19.5 -10 5.1 15.8 -10 4.95 15.5 -10 3.88 15.5 -10
4 16 3.85 19.5 -10 5.45 18.85 -10 5.5 16 -10 5.1 15.8 -10
3 16 5.45 18.85 -10 3.85 19.5 -10 5.5 20.55 -10
3 16 14.6 15.7 -10 14.15 16 -10 14.1 20.4 -10
4 16 14.68 15.5 -10 14.6 15.7 -10 14.1 20.4 -10 15.65 15.5 -10
4 16 19 29 -10 14.345 2 -10 15 11.7 -10 15.65 15.5 -10
4 16 19 32 -10 19 29 -10 17.3 25.1 -10 17.95 28.9 -10
4 16 -19 32 -10 -17.95 28.9 -10 -17.3 25.1 -10 -19 29 -10
4 16 -14.6 15.65 -10 -15.65 15.5 -10 -19 29 -10 -17.3 25.1 -10
4 16 -15 11.7 -10 -14.345 2 -10 -19 29 -10 -15.65 15.5 -10
3 16 15.65 15.5 -10 17.3 25.1 -10 19 29 -10
4 16 4 32 -10 3.8 31.5 -10 2.45 31.5 -10 0 32 -10
4 16 2.35 30.7 -10 2.45 31.5 -10 3.8 31.5 -10 3.6 30.1 -10
4 16 3.52 28.9 -10 2.25 29.4 -10 2.35 30.7 -10 3.6 30.1 -10
3 16 -3.26 31.09 -10 -3.6 31.32 -10 -2.7 31.5 -10
3 16 -3.03 30.75 -10 -3.26 31.09 -10 -2.7 31.5 -10
4 16 -3.03 30.75 -10 -2.7 31.5 -10 -2.55 29.15 -10 -2.95 30.35 -10
3 16 -2.55 29.15 -10 -3.03 29.95 -10 -2.95 30.35 -10
3 16 -2.55 29.15 -10 -3.26 29.61 -10 -3.03 29.95 -10
4 16 -4 32 -10 -2.7 31.5 -10 -3.6 31.32 -10 -4 31.4 -10
4 16 3.8 31.5 -10 4 32 -10 19 32 -10 4.15 31.5 -10
3 16 -4.4 31.32 -10 -4 32 -10 -4 31.4 -10
4 16 -4.4 31.32 -10 -4.74 31.09 -10 -19 32 -10 -4 32 -10
4 16 -13.1 30.25 -10 -19 32 -10 -4.74 31.09 -10 -4.97 30.75 -10
4 16 -4.34 22.86 -10 -5.75 21.2 -10 -6 21.4 -10 -4.57 23.2 -10
4 16 -5.75 21.2 -10 -4.34 22.86 -10 -4 22.63 -10 -5.65 20.85 -10
4 16 -4 22.63 -10 -3.6 22.55 -10 -2.2 18.95 -10 -5.65 20.85 -10
3 16 -2.2 18.95 -10 -3.6 22.55 -10 -3.2 22.63 -10
4 16 -3.2 22.63 -10 -2.86 22.86 -10 -2.3 23.05 -10 -2.2 18.95 -10
3 16 -2.86 22.86 -10 -2.63 23.2 -10 -2.3 23.05 -10
3 16 -2.3 23.05 -10 -2.63 23.2 -10 -2.55 23.6 -10
4 16 -4.57 23.2 -10 -6 21.4 -10 -6.35 21.45 -10 -4.65 23.6 -10
4 16 5.6 23.9 -10 5.6 21.2 -10 5.5 20.55 -10 3.85 19.5 -10
4 0 -13.9 28.4 -10 -13.85 28.25 -10 -14.6 28.25 -10 -14.6 28.4 -10
4 0 -14.6 28.25 -10 -13.85 28.25 -10 -14.3 27.75 -10 -14.5 27.95 -10
3 0 -14.3 27.75 -10 -13.85 28.25 -10 -13.7 28.1 -10
4 0 -6.7 23.7 -10 -6.5 24.35 -10 -6.1 23.6 -10 -6.4 23.6 -10
4 0 -6.25 24.35 -10 -5.85 23.75 -10 -6.1 23.6 -10 -6.5 24.35 -10
4 0 -6.25 24.35 -10 -5.65 25.3 -10 -5 25.1 -10 -5.85 23.75 -10
4 0 -5.7 25.5 -10 -4.9 25.45 -10 -5 25.1 -10 -5.65 25.3 -10
4 0 -4.9 25.45 -10 -5.7 25.5 -10 -5.3 26 -10 -5 25.75 -10
4 0 -14.1 30.05 -10 -13.85 30.25 -10 -13.45 29.65 -10 -13.6 29.6 -10
4 0 -13.1 30.25 -10 -13.45 29.65 -10 -13.85 30.25 -10 -13.5 30.3 -10
4 0 -13.45 29.65 -10 -13.1 30.25 -10 -12.7 30.1 -10 -13.2 29.6 -10
4 0 13.65 28.55 -10 14.35 28.55 -10 14.35 28.4 -10 13.6 28.4 -10
4 0 14.35 28.4 -10 14.25 28.1 -10 14.05 27.9 -10 13.6 28.4 -10
3 0 14.05 27.9 -10 13.45 28.25 -10 13.6 28.4 -10
4 0 5.85 23.75 -10 6.25 24.5 -10 6.45 23.85 -10 6.15 23.75 -10
4 0 5.85 23.75 -10 5.6 23.9 -10 6 24.5 -10 6.25 24.5 -10
4 0 5.45 25.65 -10 5.4 25.45 -10 4.75 25.25 -10 4.65 25.6 -10
4 0 4.65 25.6 -10 4.75 25.9 -10 5.05 26.15 -10 5.45 25.65 -10
4 0 13.85 30.2 -10 13.35 29.75 -10 13.2 29.8 -10 13.6 30.4 -10
3 0 13.2 29.8 -10 13.25 30.45 -10 13.6 30.4 -10
4 0 10.01 28.9 -10 12.45 30.25 -10 12.85 30.4 -10 12.95 29.75 -10
4 0 13.25 30.45 -10 13.2 29.8 -10 12.95 29.75 -10 12.85 30.4 -10
3 25 -14.6 28.4 -10 -17.95 28.9 -10 -14.45 28.9 -10
4 25 -17.3 25.1 -10 -17.95 28.9 -10 -14.6 28.4 -10 -14.6 28.25 -10
3 25 -17.3 25.1 -10 -14.6 28.25 -10 -14.5 27.95 -10
3 25 -17.3 25.1 -10 -14.5 27.95 -10 -14.3 27.75 -10
3 25 -9.33 25.1 -10 -17.3 25.1 -10 -14.3 27.75 -10
4 25 -10.53 28.9 -10 -2.54 28.9 -10 -2.4 26.35 -10 -5.3 26 -10
4 25 -5.3 26 -10 -2.4 26.35 -10 -2.36 25.1 -10 -5 25.75 -10
3 25 -2.36 25.1 -10 -4.9 25.45 -10 -5 25.75 -10
3 25 -2.36 25.1 -10 -5 25.1 -10 -4.9 25.45 -10
4 25 3.41 25.1 -10 2.12 25.1 -10 2.1 26.4 -10 3.4 25.45 -10
4 25 2.23 28.9 -10 3.45 26.9 -10 3.4 25.45 -10 2.1 26.4 -10
3 25 3.45 26.9 -10 2.23 28.9 -10 3.5 28.65 -10
3 25 3.5 28.65 -10 2.23 28.9 -10 3.52 28.9 -10
4 25 3.75 25.55 -10 4.75 25.25 -10 4.84 25.1 -10 3.76 25.1 -10
4 25 4.75 25.25 -10 3.75 25.55 -10 3.8 27.45 -10 4.65 25.6 -10
4 25 3.84 28.9 -10 4.75 25.9 -10 4.65 25.6 -10 3.8 27.45 -10
3 25 4.75 25.9 -10 3.84 28.9 -10 5.05 26.15 -10
3 25 5.05 26.15 -10 3.84 28.9 -10 10.01 28.9 -10
3 25 17.3 25.1 -10 8.8 25.1 -10 14.05 27.9 -10
3 25 17.3 25.1 -10 14.05 27.9 -10 14.25 28.1 -10
3 25 17.3 25.1 -10 14.25 28.1 -10 14.35 28.4 -10
4 25 14.35 28.55 -10 17.95 28.9 -10 17.3 25.1 -10 14.35 28.4 -10
3 25 14.35 28.55 -10 14.24 28.9 -10 17.95 28.9 -10
4 25 5.4 25.45 -10 5.45 25.65 -10 6.25 24.5 -10 6 24.5 -10
4 25 12.95 29.75 -10 13.45 28.25 -10 6.25 24.5 -10 5.45 25.65 -10
4 25 13.45 28.25 -10 12.95 29.75 -10 13.65 28.55 -10 13.6 28.4 -10
4 25 12.95 29.75 -10 13.2 29.8 -10 13.35 29.75 -10 13.65 28.55 -10
4 25 -13.9 28.4 -10 -13.6 29.6 -10 -13.45 29.65 -10 -13.2 29.6 -10
4 25 -13.9 28.4 -10 -13.2 29.6 -10 -13.7 28.1 -10 -13.85 28.25 -10
4 25 -6.5 24.35 -10 -13.7 28.1 -10 -13.2 29.6 -10 -5.7 25.5 -10
4 25 -6.5 24.35 -10 -5.7 25.5 -10 -5.65 25.3 -10 -6.25 24.35 -10
4 16 -19 32 -10 -14.1 30.05 -10 -14.45 28.9 -10 -17.95 28.9 -10
3 16 -14.1 30.05 -10 -19 32 -10 -13.85 30.25 -10
3 16 -13.85 30.25 -10 -19 32 -10 -13.5 30.3 -10
3 16 -13.1 30.25 -10 -13.5 30.3 -10 -19 32 -10
4 16 -13.1 30.25 -10 -4.97 30.75 -10 -5.05 30.35 -10 -12.7 30.1 -10
4 16 -12.7 30.1 -10 -5.05 30.35 -10 -4.97 29.95 -10 -10.53 28.9 -10
3 16 -10.53 28.9 -10 -4.97 29.95 -10 -4.74 29.61 -10
3 16 -10.53 28.9 -10 -4.74 29.61 -10 -4.4 29.38 -10
4 16 -4.4 29.38 -10 -4 29.3 -10 -2.54 28.9 -10 -10.53 28.9 -10
3 16 -2.54 28.9 -10 -4 29.3 -10 -3.6 29.38 -10
4 16 -3.26 29.61 -10 -2.55 29.15 -10 -2.54 28.9 -10 -3.6 29.38 -10
3 16 3.52 28.9 -10 2.23 28.9 -10 2.25 29.4 -10
4 16 3.84 28.9 -10 3.85 29.2 -10 4 30.7 -10 10.01 28.9 -10
4 16 10.01 28.9 -10 4 30.7 -10 4.15 31.5 -10 12.45 30.25 -10
3 16 12.45 30.25 -10 4.15 31.5 -10 12.85 30.4 -10
4 16 14.24 28.9 -10 13.85 30.2 -10 19 32 -10 17.95 28.9 -10
3 16 13.85 30.2 -10 13.6 30.4 -10 19 32 -10
3 16 13.6 30.4 -10 13.25 30.45 -10 19 32 -10
4 16 12.85 30.4 -10 4.15 31.5 -10 19 32 -10 13.25 30.45 -10
4 16 2.12 25.1 -10 3.41 25.1 -10 3.5 19 -10 2.2 20.15 -10
4 16 5.6 23.9 -10 3.85 19.5 -10 3.76 25.1 -10 4.84 25.1 -10
4 16 5.85 23.75 -10 5.7 21.4 -10 5.6 21.2 -10 5.6 23.9 -10
4 16 5.7 21.4 -10 5.85 23.75 -10 6.15 23.75 -10 6.05 21.5 -10
4 16 6.45 23.85 -10 6.55 21.6 -10 6.05 21.5 -10 6.15 23.75 -10
4 16 6.55 21.6 -10 6.45 23.85 -10 8.4 21.85 -10 8 21.6 -10
4 16 6.45 23.85 -10 8.8 25.1 -10 9.35 21.95 -10 8.4 21.85 -10
3 16 10.3 21.95 -10 9.35 21.95 -10 8.8 25.1 -10
3 16 11 21.9 -10 10.3 21.95 -10 8.8 25.1 -10
4 16 8.8 25.1 -10 17.3 25.1 -10 11.25 21.8 -10 11 21.9 -10
4 16 17.3 25.1 -10 13.35 21.6 -10 11.45 21.65 -10 11.25 21.8 -10
3 16 13.7 21.55 -10 13.35 21.6 -10 17.3 25.1 -10
3 16 13.95 21.35 -10 13.7 21.55 -10 17.3 25.1 -10
3 16 14.05 21 -10 13.95 21.35 -10 17.3 25.1 -10
4 16 14.05 21 -10 17.3 25.1 -10 15.65 15.5 -10 14.1 20.4 -10
4 16 -8.45 21.65 -10 -6.7 23.7 -10 -6.4 23.6 -10 -8.25 21.5 -10
4 16 -6.1 23.6 -10 -6.35 21.45 -10 -8.25 21.5 -10 -6.4 23.6 -10
4 16 -6.1 23.6 -10 -5.85 23.75 -10 -4.65 23.6 -10 -6.35 21.45 -10
4 16 -5 25.1 -10 -4.57 24 -10 -4.65 23.6 -10 -5.85 23.75 -10
3 16 -4.57 24 -10 -5 25.1 -10 -4.34 24.34 -10
3 16 -4.34 24.34 -10 -5 25.1 -10 -4 24.57 -10
4 16 -4 24.57 -10 -5 25.1 -10 -2.36 25.1 -10 -3.6 24.65 -10
3 16 -3.2 24.57 -10 -3.6 24.65 -10 -2.36 25.1 -10
3 16 -2.86 24.34 -10 -3.2 24.57 -10 -2.36 25.1 -10
3 16 -2.63 24 -10 -2.86 24.34 -10 -2.36 25.1 -10
4 16 -2.63 24 -10 -2.36 25.1 -10 -2.3 23.05 -10 -2.55 23.6 -10
4 16 -8.45 21.65 -10 -8.7 21.75 -10 -9.33 25.1 -10 -6.7 23.7 -10
3 16 -8.7 21.75 -10 -9.4 21.8 -10 -9.33 25.1 -10
3 16 -9.4 21.8 -10 -10.35 21.8 -10 -9.33 25.1 -10
3 16 -11.3 21.7 -10 -9.33 25.1 -10 -10.35 21.8 -10
4 16 -9.33 25.1 -10 -11.3 21.7 -10 -11.7 21.45 -10 -17.3 25.1 -10
3 16 -11.7 21.45 -10 -13.15 21.45 -10 -17.3 25.1 -10
3 16 -13.65 21.35 -10 -17.3 25.1 -10 -13.15 21.45 -10
3 16 -14 21.25 -10 -17.3 25.1 -10 -13.65 21.35 -10
3 16 -14.1 21.05 -10 -17.3 25.1 -10 -14 21.25 -10
3 16 -14.2 20.4 -10 -17.3 25.1 -10 -14.1 21.05 -10
4 16 -14.6 15.65 -10 -17.3 25.1 -10 -14.2 20.4 -10 -14.25 18.7 -10
3 16 -14.6 15.65 -10 -14.25 18.7 -10 -14.2 15.85 -10
3 16 -14.71 15.5 -10 -15.65 15.5 -10 -14.6 15.65 -10
4 0 -1.65 10 -10 -2.3 9.65 -10 -2.25 11.7 -10 -1.65 11.55 -10
3 16 -2.76 10.69 -10 -3.1 10.92 -10 -2.25 11.7 -10
3 16 -2.53 10.35 -10 -2.76 10.69 -10 -2.25 11.7 -10
4 16 -2.53 10.35 -10 -2.25 11.7 -10 -2.3 9.65 -10 -2.45 9.95 -10
4 0 -2.25 11.7 -10 -2.22 15.5 -10 -1.65 17.95 -10 -1.65 11.55 -10
4 0 2.25 10.9 -10 1.65 9.95 -10 1.6 13.4 -10 2.24 11.7 -10
3 0 2.24 11.7 -10 1.6 13.4 -10 2.2 15.5 -10
4 0 3.55 11.7 -10 3.93 11.7 -10 3.95 10.65 -10 3.55 10.3 -10
4 0 3.55 12.6 -10 3.9 13.1 -10 3.93 11.7 -10 3.55 11.7 -10
4 0 3.53 15.5 -10 3.88 15.5 -10 3.9 13.1 -10 3.55 12.6 -10
4 0 3.5 19 -10 3.85 19.5 -10 3.88 15.5 -10 3.53 15.5 -10
4 0 2.2 20.15 -10 2.2 15.5 -10 1.6 13.4 -10 1.55 18.45 -10
4 16 2.2 20.15 -10 3.5 19 -10 3.53 15.5 -10 2.2 15.5 -10
4 0 1.55 25.4 -10 2.12 25.1 -10 2.2 20.15 -10 1.55 19 -10
4 0 3.4 25.45 -10 3.75 25.55 -10 3.76 25.1 -10 3.41 25.1 -10
4 0 3.41 25.1 -10 3.76 25.1 -10 3.85 19.5 -10 3.5 19 -10
3 0 4.84 25.1 -10 4.75 25.25 -10 5.4 25.45 -10
4 0 6 24.5 -10 5.6 23.9 -10 4.84 25.1 -10 5.4 25.45 -10
4 0 6.45 23.85 -10 6.25 24.5 -10 13.45 28.25 -10 8.8 25.1 -10
3 0 8.8 25.1 -10 13.45 28.25 -10 14.05 27.9 -10
4 0 5.05 26.15 -10 10.01 28.9 -10 12.95 29.75 -10 5.45 25.65 -10
4 0 13.35 29.75 -10 14.24 28.9 -10 14.35 28.55 -10 13.65 28.55 -10
3 0 14.24 28.9 -10 13.35 29.75 -10 13.85 30.2 -10
3 0 2.1 26.4 -10 1.6 28.85 -10 2.23 28.9 -10
4 0 1.7 30.2 -10 2.25 29.4 -10 2.23 28.9 -10 1.6 28.85 -10
4 0 3.52 28.9 -10 3.84 28.9 -10 3.8 27.45 -10 3.5 28.65 -10
4 0 3.52 28.9 -10 3.6 30.1 -10 3.85 29.2 -10 3.84 28.9 -10
4 0 -2.55 29.15 -10 -2 29.8 -10 -1.85 27.85 -10 -2.54 28.9 -10
3 0 -1.75 25 -10 -2.36 25.1 -10 -2.4 26.35 -10
4 0 -1.65 21.75 -10 -2.3 23.05 -10 -2.36 25.1 -10 -1.75 25 -10
4 0 -14.3 27.75 -10 -13.7 28.1 -10 -6.5 24.35 -10 -9.33 25.1 -10
3 0 -6.7 23.7 -10 -9.33 25.1 -10 -6.5 24.35 -10
4 0 -14.6 28.4 -10 -14.45 28.9 -10 -13.6 29.6 -10 -13.9 28.4 -10
3 0 -14.45 28.9 -10 -14.1 30.05 -10 -13.6 29.6 -10
4 0 -5.7 25.5 -10 -13.2 29.6 -10 -12.7 30.1 -10 -10.53 28.9 -10
3 0 -5.7 25.5 -10 -10.53 28.9 -10 -5.3 26 -10
4 0 -9.55 10.7 -10 -9.51 11.7 -10 -9 11.95 -10 -9.05 11.1 -10
4 0 -8.45 12.35 -10 -9 11.95 -10 -9.51 11.7 -10 -9.5 11.9 -10
4 0 -6.7 10.7 -10 -7.2 11.1 -10 -7.25 11.95 -10 -6.74 11.7 -10

4 0 -12.2 7.25 10 -11.95 9.3 10 -12.6 9.95 10 -12.9 7.7 10
4 0 -12.9 7.7 10 -13.2 5.5 10 -12.3 5.5 10 -12.2 7.25 10
4 0 -13.2 5.5 10 -13.25 4.7 10 -12.2 5.2 10 -12.3 5.5 10
4 0 -12.8 4.3 10 -12.2 5.2 10 -13.25 4.7 10 -13.1 4.45 10
3 0 -12.8 4.3 10 -12 5 10 -12.2 5.2 10
4 0 -3.85 4.95 10 -12 5 10 -12.8 4.3 10 -6.9 4.2 10
4 0 10.25 29.4 10 9.95 31.05 10 9.45 30.95 10 9.7 29.7 10
4 0 13.75 5.7 10 13.45 8.25 10 12.5 9.5 10 12.75 7.45 10
4 0 13.8 4.9 10 13.75 5.7 10 12.75 7.45 10 12.85 5.7 10
4 0 12.85 5.7 10 12.75 5.4 10 13.65 4.65 10 13.8 4.9 10
4 0 13.65 4.65 10 12.75 5.4 10 12.55 5.2 10 13.35 4.5 10
4 0 13.35 4.5 10 12.55 5.2 10 3.85 4.95 10 7.45 4.4 10
3 0 0 4.2 10 7.45 4.4 10 3.85 4.95 10
4 0 -6.9 4.2 10 0 4.2 10 3.85 4.95 10 -3.85 4.95 10
4 25 17.3 25.1 10 17.95 28.9 10 10.75 26.95 10 11.04 25.1 10
3 25 10.75 26.95 10 17.95 28.9 10 10.35 28.9 10
4 25 10.55 25.1 10 10.25 26.9 10 -9.9 27.05 10 -10.24 25.1 10
4 25 10.25 26.9 10 9.86 28.9 10 -9.57 28.9 10 -9.9 27.05 10
4 25 -10.12 28.9 10 -17.95 28.9 10 -17.3 25.1 10 -10.7 25.95 10
3 25 -17.3 25.1 10 -10.81 25.1 10 -10.7 25.95 10
4 25 15 11.7 10 15.65 15.5 10 12.5 15.5 10 13 11.7 10
4 25 12.3 11.7 10 12.2 12.85 10 -11.7 12.65 10 -11.77 11.7 10
4 25 11.9 15.5 10 -11.43 15.5 10 -11.7 12.65 10 12.2 12.85 10
4 25 -12.39 11.7 10 -12.05 14.6 10 -15.65 15.5 10 -15 11.7 10
3 25 -12.05 14.6 10 -11.96 15.5 10 -15.65 15.5 10
4 0 13.45 8.25 10 13.1 11.1 10 12.3 11.7 10 12.5 9.5 10
3 0 11.9 15.5 10 12.5 15.5 10 11.6 18.1 10
4 0 11.04 25.1 10 10.55 25.1 10 10.9 22.95 10 11.7 20.55 10
4 0 -10.24 25.1 10 -10.81 25.1 10 -11.45 20.4 10 -10.65 22.65 10
4 0 -11.7 12.65 10 -11.43 15.5 10 -11.96 15.5 10 -12.05 14.6 10
3 0 -11.96 15.5 10 -11.43 15.5 10 -11.2 17.9 10
4 0 -10.65 22.65 10 -11.45 20.4 10 -11.96 15.5 10 -11.2 17.9 10
4 0 -11.77 11.7 10 -12.39 11.7 10 -12.6 9.95 10 -11.95 9.3 10
4 0 -11.77 11.7 10 -11.7 12.65 10 -12.05 14.6 10 -12.39 11.7 10
4 0 13.1 11.1 10 13 11.7 10 12.2 12.85 10 12.3 11.7 10
4 0 13 11.7 10 12.5 15.5 10 11.9 15.5 10 12.2 12.85 10
4 0 10.9 22.95 10 11.6 18.1 10 12.5 15.5 10 11.7 20.55 10
4 0 11.04 25.1 10 10.75 26.95 10 10.25 26.9 10 10.55 25.1 10
4 0 10.75 26.95 10 10.35 28.9 10 9.86 28.9 10 10.25 26.9 10
4 0 10.35 28.9 10 10.25 29.4 10 9.7 29.7 10 9.86 28.9 10
4 0 -10.81 25.1 10 -10.24 25.1 10 -9.9 27.05 10 -10.7 25.95 10
4 0 -9.57 28.9 10 -10.12 28.9 10 -10.7 25.95 10 -9.9 27.05 10
3 0 -10.12 28.9 10 -9.57 28.9 10 -9.4 29.65 10
4 0 -9.15 30.8 10 -9.65 30.9 10 -10.12 28.9 10 -9.4 29.65 10
4 16 13.65 4.65 10 13.35 4.5 10 12 0 10 14.35 2 10
4 16 13.35 4.5 10 7.45 4.4 10 0 4.2 10 12 0 10
4 16 12 0 10 0 4.2 10 -6.9 4.2 10 -12 0 10
4 16 -6.9 4.2 10 -12.8 4.3 10 -14.35 2 10 -12 0 10
3 16 -14.35 2 10 -12.8 4.3 10 -13.1 4.45 10
3 16 -14.35 2 10 -13.1 4.45 10 -13.25 4.7 10
3 16 13.1 11.1 10 15 11.7 10 13 11.7 10
3 16 13.45 8.25 10 15 11.7 10 13.1 11.1 10
3 16 13.75 5.7 10 15 11.7 10 13.45 8.25 10
3 16 14.35 2 10 13.8 4.9 10 13.65 4.65 10
4 16 14.35 2 10 15 11.7 10 13.75 5.7 10 13.8 4.9 10
4 16 12.3 11.7 10 -11.77 11.7 10 -11.95 9.3 10 12.5 9.5 10
4 16 -3.85 4.95 10 3.85 4.95 10 12.5 9.5 10 -11.95 9.3 10
4 16 12.85 5.7 10 12.75 7.45 10 12.5 9.5 10 3.85 4.95 10
4 16 12.85 5.7 10 3.85 4.95 10 12.55 5.2 10 12.75 5.4 10
4 16 -11.95 9.3 10 -12.2 7.25 10 -12.3 5.5 10 -3.85 4.95 10
4 16 -12.3 5.5 10 -12.2 5.2 10 -12 5 10 -3.85 4.95 10
4 16 -12.39 11.7 10 -15 11.7 10 -12.9 7.7 10 -12.6 9.95 10
3 16 -13.2 5.5 10 -12.9 7.7 10 -15 11.7 10
4 16 -13.2 5.5 10 -15 11.7 10 -14.35 2 10 -13.25 4.7 10
4 16 -19 29 10 -14.35 2 10 -15 11.7 10 -15.65 15.5 10
4 16 11.6 18.1 10 -11.2 17.9 10 -11.43 15.5 10 11.9 15.5 10
4 16 -11.2 17.9 10 11.6 18.1 10 10.9 22.95 10 -10.65 22.65 10
4 16 10.9 22.95 10 10.55 25.1 10 -10.24 25.1 10 -10.65 22.65 10
4 16 -10.81 25.1 10 -17.3 25.1 10 -15.65 15.5 10 -11.45 20.4 10
3 16 -15.65 15.5 10 -11.96 15.5 10 -11.45 20.4 10
4 16 12.5 15.5 10 15.65 15.5 10 17.3 25.1 10 11.7 20.55 10
3 16 11.7 20.55 10 17.3 25.1 10 11.04 25.1 10
4 16 17.3 25.1 10 19 29 10 19 32 10 17.95 28.9 10
4 16 10.25 29.4 10 10.35 28.9 10 17.95 28.9 10 19 32 10
4 16 10 32 10 9.95 31.05 10 10.25 29.4 10 19 32 10
3 16 -9.57 28.9 10 9.86 28.9 10 -9.4 29.65 10
3 16 9.7 29.7 10 9.45 30.95 10 -9.15 30.8 10
4 16 9.86 28.9 10 9.7 29.7 10 -9.15 30.8 10 -9.4 29.65 10
3 16 -17.95 28.9 10 -10.12 28.9 10 -9.65 30.9 10
3 16 9.45 30.95 10 9.95 31.05 10 10 32 10
4 16 10 32 10 -10 32 10 -9.15 30.8 10 9.45 30.95 10
3 16 -9.15 30.8 10 -10 32 10 -9.65 30.9 10
4 16 -17.95 28.9 10 -9.65 30.9 10 -10 32 10 -19 32 10
4 16 -19 32 10 -19 29 10 -17.3 25.1 10 -17.95 28.9 10
3 16 15.65 15.5 10 19 29 10 17.3 25.1 10
4 16 15 11.7 10 14.35 2 10 19 29 10 15.65 15.5 10
3 16 -15.65 15.5 10 -17.3 25.1 10 -19 29 10
