0 Minifig Torso with SW Layered Shirt, Black Vest and Braid Pattern
0 Name: 973prq.dat
0 Author: Evert-Jan Boer [ejboer]
0 !LDRAW_ORG Unofficial_Part 
0 !LICENSE Redistributable under CCAL version 2.0 : see CAreadme.txt

0 BFC CERTIFY CCW

0 !KEYWORDS Bricklink 973px156, Star Wars, Anakin Skywalker, Set 7133, Set 7113


1 16 0 0 0 1 0 0 0 1 0 0 0 1 s\973s01.dat
4 16 19 29 10 19 32 10 -19 32 10 -19 29 10
4 16 -14.345 2 10 14.345 2 10 19 29 10 -19 29 10
4 16 -14.345 2 10 -12 0 10 12 0 10 14.345 2 10
1 15 0 -4 0 4.243 0 -4.243 0 -8 0 -4.243 0 -4.243 1-4cyli.dat

4 80 .89 27.2 -10 1.8 27.35 -10 2.4 26.55 -10 1.05 26.55 -10
4 80 1.8 28.1 -10 2.75 26.75 -10 2.4 26.55 -10 1.8 27.35 -10
4 15 -7.1 5.9 -10 -7.1 5.35 -10 -8.55 5.35 -10 -8.55 5.9 -10
4 128 -8.45 7.15 -10 -7.45 6.95 -10 -7.75 6.45 -10 -8.45 6.55 -10
3 128 -7.2 6.45 -10 -7.75 6.45 -10 -7.45 6.95 -10
3 128 -7.45 6.95 -10 -8.45 7.15 -10 -7.55 7.55 -10
4 128 -8.45 7.15 -10 -8.6 7.9 -10 -7.55 8.35 -10 -7.55 7.55 -10
4 128 -7.75 9.2 -10 -7.5 9.1 -10 -7.55 8.35 -10 -8 8.85 -10
4 128 -7.55 8.35 -10 -8.6 7.9 -10 -8.8 8.65 -10 -8 8.85 -10
4 128 -8.75 9.5 -10 -8.15 9.5 -10 -8 8.85 -10 -8.8 8.65 -10
3 128 -8.8 8.65 -10 -9.2 9.5 -10 -8.75 9.5 -10
3 128 -6.9 .75 -10 -8.55 .75 -10 -8.5 1.05 -10
4 128 -6.95 1.1 -10 -6.9 .75 -10 -8.5 1.05 -10 -8.3 1.35 -10
4 128 -6.95 1.1 -10 -8.3 1.35 -10 -8 1.6 -10 -7.1 1.4 -10
4 128 -7.1 1.4 -10 -8 1.6 -10 -8 1.9 -10 -7.35 1.6 -10
4 128 -7.35 1.6 -10 -8 1.9 -10 -8.3 2.1 -10 -7.35 1.9 -10
4 128 -8.45 2.35 -10 -7.1 2.15 -10 -7.35 1.9 -10 -8.3 2.1 -10
4 128 -7.1 2.15 -10 -8.45 2.35 -10 -7.1 2.75 -10 -7 2.45 -10
4 128 -8.2 2.85 -10 -7.1 2.75 -10 -8.45 2.35 -10 -8.45 2.6 -10
4 128 -8.1 3.15 -10 -7.4 2.95 -10 -7.1 2.75 -10 -8.2 2.85 -10
4 128 -8.2 3.45 -10 -7.55 3.2 -10 -7.4 2.95 -10 -8.1 3.15 -10
4 128 -7.55 3.2 -10 -8.2 3.45 -10 -8.55 3.7 -10 -7.5 3.5 -10
4 128 -7.5 3.5 -10 -8.55 3.7 -10 -7.05 4 -10 -7.15 3.7 -10
4 128 -7.05 4 -10 -8.55 3.7 -10 -8.6 4 -10 -7.15 4.3 -10
4 128 -8.2 4.45 -10 -7.15 4.3 -10 -8.6 4 -10 -8.5 4.25 -10
4 128 -7.15 4.3 -10 -8.2 4.45 -10 -8.15 4.9 -10 -7.4 4.55 -10
3 128 -7.4 4.55 -10 -8.15 4.9 -10 -7.4 4.9 -10
4 0 -9.4 1.4 -10 -8.5 1.05 -10 -8.55 .75 -10 -9.35 .75 -10
4 0 -8.3 2.1 -10 -8.3 1.35 -10 -8.5 1.05 -10 -9.4 1.4 -10
4 0 -8 1.9 -10 -8 1.6 -10 -8.3 1.35 -10 -8.3 2.1 -10
4 0 -8.3 2.1 -10 -9.4 1.4 -10 -9.35 2.65 -10 -8.45 2.35 -10
3 0 -8.45 2.35 -10 -9.35 2.65 -10 -8.45 2.6 -10
4 0 -9.35 2.65 -10 -9.25 3.4 -10 -8.2 2.85 -10 -8.45 2.6 -10
4 0 -8.2 2.85 -10 -9.25 3.4 -10 -8.2 3.45 -10 -8.1 3.15 -10
3 0 -9.25 3.4 -10 -8.55 3.7 -10 -8.2 3.45 -10
4 0 -8.55 3.7 -10 -9.25 3.4 -10 -9.05 4.5 -10 -8.6 4 -10
3 0 -8.6 4 -10 -9.05 4.5 -10 -8.5 4.25 -10
4 0 -8.15 4.9 -10 -8.5 4.25 -10 -9.05 4.5 -10 -8.55 5.35 -10
3 0 -8.5 4.25 -10 -8.15 4.9 -10 -8.2 4.45 -10
4 0 -8.55 5.35 -10 -7.1 5.35 -10 -7.4 4.9 -10 -8.15 4.9 -10
3 0 -9.05 4.5 -10 -8.95 5.7 -10 -8.55 5.35 -10
4 0 -8.95 6.55 -10 -8.55 5.9 -10 -8.55 5.35 -10 -8.95 5.7 -10
4 0 -8.95 6.55 -10 -8.45 6.55 -10 -7.75 6.45 -10 -8.55 5.9 -10
4 0 -7.2 6.45 -10 -7.1 5.9 -10 -8.55 5.9 -10 -7.75 6.45 -10
4 0 -8.45 6.55 -10 -8.95 6.55 -10 -9.05 7.45 -10 -8.45 7.15 -10
4 0 -9.25 8.15 -10 -8.6 7.9 -10 -8.45 7.15 -10 -9.05 7.45 -10
4 0 -9.6 8.75 -10 -8.8 8.65 -10 -8.6 7.9 -10 -9.25 8.15 -10
3 0 -8.8 8.65 -10 -9.6 8.75 -10 -9.2 9.5 -10
4 0 -6.9 .75 -10 -6.95 1.1 -10 -6.55 1.1 -10 -6.45 .75 -10
3 0 -6.55 1.1 -10 -6.95 1.1 -10 -6.75 1.4 -10
4 0 -6.95 1.1 -10 -7.1 1.4 -10 -6.8 1.65 -10 -6.75 1.4 -10
4 0 -7.1 1.4 -10 -7.35 1.6 -10 -7.35 1.9 -10 -6.8 1.65 -10
4 0 -6.6 1.95 -10 -6.8 1.65 -10 -7.35 1.9 -10 -7.1 2.15 -10
4 0 -6.6 1.95 -10 -7.1 2.15 -10 -7 2.45 -10 -6.5 2.25 -10
4 0 -6.65 2.85 -10 -6.55 2.55 -10 -6.5 2.25 -10 -7 2.45 -10
4 0 -6.8 3.1 -10 -6.65 2.85 -10 -7 2.45 -10 -7.1 2.75 -10
4 0 -7.55 3.2 -10 -6.8 3.1 -10 -7.1 2.75 -10 -7.4 2.95 -10
4 0 -7.55 3.2 -10 -7.5 3.5 -10 -7.15 3.7 -10 -6.8 3.1 -10
4 0 -6.8 3.1 -10 -7.15 3.7 -10 -7.05 4 -10 -6.6 3.4 -10
4 0 -6.6 3.4 -10 -7.05 4 -10 -6.5 4.2 -10 -6.4 3.85 -10
4 0 -7.15 4.3 -10 -6.65 4.5 -10 -6.5 4.2 -10 -7.05 4 -10
4 0 -6.65 4.5 -10 -7.15 4.3 -10 -7.4 4.55 -10 -6.8 4.7 -10
4 0 -7.4 4.55 -10 -7.4 4.9 -10 -7.1 5.35 -10 -6.8 4.7 -10
4 0 -6.8 4.7 -10 -7.1 5.35 -10 -6.5 5.45 -10 -6.55 5.1 -10
4 0 -7.1 5.35 -10 -7.1 5.9 -10 -6.55 5.95 -10 -6.5 5.45 -10
4 0 -6.55 5.95 -10 -7.1 5.9 -10 -7.2 6.45 -10 -6.65 6.35 -10
4 0 -7.45 6.95 -10 -6.85 6.8 -10 -6.65 6.35 -10 -7.2 6.45 -10
4 0 -6.85 6.8 -10 -7.45 6.95 -10 -7.55 7.55 -10 -7 7.2 -10
4 0 -7.55 8.35 -10 -7.1 7.85 -10 -7 7.2 -10 -7.55 7.55 -10
4 0 -7.1 7.85 -10 -7.55 8.35 -10 -7.5 9.1 -10 -7.05 8.8 -10
4 0 -7.15 9.85 -10 -6.8 9.6 -10 -7.05 8.8 -10 -7.5 9.1 -10
4 0 -8.15 9.5 -10 -7.15 9.85 -10 -7.5 9.1 -10 -7.75 9.2 -10
3 0 -8 8.85 -10 -8.15 9.5 -10 -7.75 9.2 -10
4 0 -9.2 9.5 -10 -9.15 10.2 -10 -8.55 10.2 -10 -8.75 9.5 -10
4 0 -8.75 9.5 -10 -8.55 10.2 -10 -8.15 10.15 -10 -8.15 9.5 -10
4 0 -8.15 10.15 -10 -7.7 10.05 -10 -7.15 9.85 -10 -8.15 9.5 -10
4 0 -7.15 9.85 -10 -7.7 10.05 -10 -6.45 13.25 -10 -6.2 12.15 -10
4 0 -4.65 17 -10 -4.4 16.15 -10 -6.2 12.15 -10 -6.45 13.25 -10
4 0 -2.45 14.35 -10 -4.4 16.15 -10 -4.65 17 -10 -4.1 16.75 -10
4 0 -3.3 19.5 -10 -3.35 18.1 -10 -4.1 16.75 -10 -4.65 17 -10
4 0 -3.35 18.1 -10 -3.3 19.5 -10 -1.35 22.6 -10 -3.05 18.7 -10
4 0 -4.1 16.75 -10 -1.9 14.6 -10 -1.35 13.15 -10 -2.45 14.35 -10
4 0 -.85 12.65 -10 -1.35 13.15 -10 -1.9 14.6 -10 -.15 12.65 -10
3 0 -.15 11.65 -10 -.85 12.65 -10 -.15 12.65 -10
4 0 -2.8 10.95 -10 -3.15 9.7 -10 -4.95 7.3 -10 -3.65 9.6 -10
4 0 -3.15 9.7 -10 -2.8 10.95 -10 -1.35 13.15 -10 -1.9 11.4 -10
3 0 -1.9 11.4 -10 -1.35 13.15 -10 -.85 12.65 -10
4 0 -3.35 18.1 -10 -3.05 18.7 -10 -1.15 16.9 -10 -1.9 16.8 -10
4 0 -1.9 16.8 -10 -1.15 16.9 -10 .75 14.95 -10 -.25 15.25 -10
4 0 -.25 15.25 -10 .75 14.95 -10 2.3 13.05 -10 1.3 13.65 -10
3 0 2.55 12.2 -10 1.3 13.65 -10 2.3 13.05 -10
3 0 3.6 10.8 -10 2.55 12.2 -10 2.3 13.05 -10
4 0 -2.5 23.7 -10 -2.15 24.25 -10 -.65 22.75 -10 -1.35 22.6 -10
4 0 -3.05 18.7 -10 -1.35 22.6 -10 -.65 22.75 -10 -.9 22.2 -10
4 0 1.1 19.85 -10 -.9 22.2 -10 -.65 22.75 -10 .8 21.1 -10
4 0 3.05 17.3 -10 1.1 19.85 -10 .8 21.1 -10 2.65 18.75 -10
4 0 4.85 14.5 -10 3.05 17.3 -10 2.65 18.75 -10 4.7 15.85 -10
4 0 6.55 11.4 -10 4.85 14.5 -10 4.7 15.85 -10 6.2 13.2 -10
4 0 7.55 9.05 -10 6.55 11.4 -10 6.2 13.2 -10 7.25 11.1 -10
4 0 8.4 6.4 -10 7.55 9.05 -10 7.25 11.1 -10 8.25 8.45 -10
4 0 8.95 4.25 -10 8.4 6.4 -10 8.25 8.45 -10 9.1 5.85 -10
4 0 9.35 1.8 -10 8.95 4.25 -10 9.1 5.85 -10 9.7 3.85 -10
4 0 9.7 3.85 -10 10.6 3.6 -10 9.5 .75 -10 9.35 1.8 -10
4 0 11.4 1.4 -10 10.5 .75 -10 9.5 .75 -10 10.6 3.6 -10
4 0 4.95 19.6 -10 3.25 22.6 -10 6.55 22.9 -10 7.35 22.45 -10
3 0 4.95 19.6 -10 7.35 22.45 -10 7.75 21.95 -10
3 0 4.95 19.6 -10 7.75 21.95 -10 8.55 20.95 -10
4 0 6.35 16.75 -10 4.95 19.6 -10 8.55 20.95 -10 9.3 19.4 -10
4 0 9.3 19.4 -10 9.95 16.9 -10 7.5 13.85 -10 6.35 16.75 -10
4 0 8.6 10.3 -10 7.5 13.85 -10 9.95 16.9 -10 10.5 13.7 -10
4 0 9.3 7.55 -10 8.6 10.3 -10 10.5 13.7 -10 10.95 10.05 -10
4 0 9.7 5.25 -10 9.3 7.55 -10 10.95 10.05 -10 11.1 6.85 -10
4 0 9.7 3.85 -10 9.7 5.25 -10 11.1 6.85 -10 10.9 4.95 -10
3 0 10.6 3.6 -10 9.7 3.85 -10 10.9 4.95 -10
4 0 10.6 3.6 -10 12.25 4 -10 12.9 3.65 -10 12.15 2.3 -10
4 0 13.2 5 -10 12.9 3.65 -10 12.25 4 -10 12.75 4.85 -10
3 0 12.75 4.85 -10 13.55 7.45 -10 13.2 5 -10
3 0 11.4 1.4 -10 10.6 3.6 -10 12.15 2.3 -10
4 0 10.6 3.6 -10 11.15 4.4 -10 12.4 4.9 -10 12.25 4 -10
4 0 11.15 4.4 -10 11.45 5.2 -10 12.6 5.9 -10 12.4 4.9 -10
4 0 11.45 5.2 -10 11.7 7.45 -10 13.15 8.15 -10 12.6 5.9 -10
4 0 11.7 7.45 -10 11.55 10.35 -10 13.65 11.25 -10 13.15 8.15 -10
4 0 11.55 10.35 -10 11.3 12.95 -10 14.05 14.8 -10 13.65 11.25 -10
4 0 11.3 12.95 -10 10.85 15.75 -10 14.3 17.35 -10 14.05 14.8 -10
4 0 10.85 15.75 -10 10.3 18.1 -10 14.55 20.2 -10 14.3 17.35 -10
4 0 14.55 20.2 -10 10.3 18.1 -10 14.1 22.65 -10 14.4 21.6 -10
3 0 10.3 18.1 -10 9.85 19.75 -10 14.1 22.65 -10
3 0 9.85 19.75 -10 9.3 21 -10 14.1 22.65 -10
4 0 9.3 21 -10 8.45 22.05 -10 13.7 23.65 -10 14.1 22.65 -10
4 0 7.45 22.7 -10 13.1 24.6 -10 13.7 23.65 -10 8.45 22.05 -10
3 0 6.55 22.9 -10 6.4 25.15 -10 10.9 25.3 -10
4 0 7.45 22.7 -10 6.55 22.9 -10 10.9 25.3 -10 13.1 24.6 -10
4 0 14.5 25.35 -10 13.4 24.75 -10 13.1 24.6 -10 10.9 25.3 -10
4 0 14.5 25.35 -10 16.05 25.35 -10 14.15 23.95 -10 13.4 24.75 -10
3 0 14.65 22.95 -10 14.15 23.95 -10 16.05 25.35 -10
3 0 14.95 21.65 -10 14.65 22.95 -10 16.05 25.35 -10
4 0 16.9 24.8 -10 15.05 19.65 -10 14.95 21.65 -10 16.05 25.35 -10
4 0 11.3 31 -10 8.3 30.4 -10 0 30.5 -10 0 31.05 -10
4 0 8.3 30.4 -10 11.3 31 -10 17.65 30.85 -10 16.85 30.2 -10
4 0 16.85 30.2 -10 17.65 30.85 -10 17.65 29 -10 16.85 29.45 -10
3 0 16.75 28.65 -10 16.85 29.45 -10 17.65 29 -10
3 0 0 26.25 -10 0 26.55 -10 .65 26.55 -10
3 0 0 26.25 -10 .65 26.55 -10 1.05 26.55 -10
4 0 1.05 26.55 -10 2.4 26.55 -10 4.4 26.3 -10 0 26.25 -10
3 0 4.4 26.3 -10 2.4 26.55 -10 2.75 26.75 -10
4 0 6.85 27.2 -10 4.4 26.3 -10 2.75 26.75 -10 2.75 27.2 -10
4 0 4.4 26.3 -10 6.85 27.2 -10 12.65 27.2 -10 9.5 26.3 -10
3 0 16.4 26.2 -10 9.5 26.3 -10 12.65 27.2 -10
4 0 1.15 28.95 -10 0 29.3 -10 3.7 29.35 -10 2.3 28.95 -10
3 0 2.75 28.75 -10 2.3 28.95 -10 3.7 29.35 -10
4 0 2.75 28.75 -10 3.7 29.35 -10 7 28.25 -10 2.75 28.4 -10
4 0 3.7 29.35 -10 10.8 29.25 -10 12.65 28.05 -10 7 28.25 -10
4 0 16.5 28.85 -10 12.65 28.05 -10 10.8 29.25 -10 16.1 29 -10
4 0 16.5 28.85 -10 16.75 28.65 -10 12.65 27.2 -10 12.65 28.05 -10
3 0 16.4 26.2 -10 12.65 27.2 -10 16.75 28.65 -10
4 0 16.75 28.65 -10 17.65 29 -10 16.9 24.8 -10 16.4 26.2 -10
3 0 16.9 24.8 -10 16.05 25.35 -10 16.4 26.2 -10
4 0 .53 27.2 -10 .89 27.2 -10 1.05 26.55 -10 .65 26.55 -10
4 0 0 28.45 -10 0 29.3 -10 1.15 28.95 -10 .91 28.45 -10
4 80 2.3 28.95 -10 1.8 28.1 -10 .75 28.1 -10 .91 28.45 -10
3 80 .91 28.45 -10 1.15 28.95 -10 2.3 28.95 -10
4 80 .65 26.55 -10 0 26.55 -10 0 27.35 -10 .53 27.2 -10
3 80 .53 27.2 -10 0 27.35 -10 .5 27.35 -10
3 80 .89 27.2 -10 .85 27.35 -10 1.8 27.35 -10
3 0 15.05 17.35 -10 15.05 19.65 -10 16.9 24.8 -10
3 0 14.8 13.95 -10 15.05 17.35 -10 16.9 24.8 -10
4 16 0 31.05 -10 0 32 -10 19 32 -10 11.3 31 -10
3 16 17.65 30.85 -10 11.3 31 -10 19 32 -10
4 16 17.65 30.85 -10 19 32 -10 19 29 -10 17.65 29 -10
4 16 0 29.3 -10 0 30.5 -10 8.3 30.4 -10 3.7 29.35 -10
4 16 3.7 29.35 -10 8.3 30.4 -10 16.85 30.2 -10 10.8 29.25 -10
4 16 16.85 29.45 -10 16.1 29 -10 10.8 29.25 -10 16.85 30.2 -10
3 16 16.5 28.85 -10 16.1 29 -10 16.85 29.45 -10
3 16 16.75 28.65 -10 16.5 28.85 -10 16.85 29.45 -10
4 16 7 28.25 -10 6.85 27.2 -10 2.75 27.2 -10 2.75 28.4 -10
4 16 6.85 27.2 -10 7 28.25 -10 12.65 28.05 -10 12.65 27.2 -10
4 16 0 28.45 -10 .75 28.1 -10 .5 27.35 -10 0 27.35 -10
3 16 .75 28.1 -10 0 28.45 -10 .91 28.45 -10
4 16 .5 27.35 -10 .85 27.35 -10 .89 27.2 -10 .53 27.2 -10
3 16 .85 27.35 -10 .5 27.35 -10 .75 28.1 -10
4 16 .75 28.1 -10 1.8 28.1 -10 1.8 27.35 -10 .85 27.35 -10
4 80 2.3 28.95 -10 2.75 28.75 -10 2.75 28.4 -10 1.8 28.1 -10
3 80 2.75 27.2 -10 1.8 28.1 -10 2.75 28.4 -10
3 80 2.75 26.75 -10 1.8 28.1 -10 2.75 27.2 -10
4 0 3.25 22.6 -10 1.65 25 -10 6.4 25.15 -10 6.55 22.9 -10
4 16 6.4 25.15 -10 1.65 25 -10 0 26.25 -10 4.4 26.3 -10
4 16 4.4 26.3 -10 9.5 26.3 -10 10.9 25.3 -10 6.4 25.15 -10
4 16 14.5 25.35 -10 10.9 25.3 -10 9.5 26.3 -10 16.4 26.2 -10
3 16 16.05 25.35 -10 14.5 25.35 -10 16.4 26.2 -10
3 16 7.35 22.45 -10 6.55 22.9 -10 7.45 22.7 -10
4 16 8.45 22.05 -10 7.75 21.95 -10 7.35 22.45 -10 7.45 22.7 -10
4 16 7.75 21.95 -10 8.45 22.05 -10 9.3 21 -10 8.55 20.95 -10
4 16 9.85 19.75 -10 9.3 19.4 -10 8.55 20.95 -10 9.3 21 -10
4 16 9.95 16.9 -10 9.3 19.4 -10 9.85 19.75 -10 10.3 18.1 -10
4 16 10.85 15.75 -10 11.3 12.95 -10 10.95 10.05 -10 10.5 13.7 -10
3 16 10.95 10.05 -10 11.3 12.95 -10 11.55 10.35 -10
4 16 11.1 6.85 -10 10.95 10.05 -10 11.55 10.35 -10 11.7 7.45 -10
4 16 10.9 4.95 -10 11.1 6.85 -10 11.7 7.45 -10 11.45 5.2 -10
4 16 10.6 3.6 -10 10.9 4.95 -10 11.45 5.2 -10 11.15 4.4 -10
4 16 12.25 4 -10 12.4 4.9 -10 12.6 5.9 -10 12.75 4.85 -10
4 16 12.75 4.85 -10 12.6 5.9 -10 13.15 8.15 -10 13.55 7.45 -10
4 16 14.8 13.95 -10 13.55 7.45 -10 13.15 8.15 -10 13.65 11.25 -10
4 16 13.65 11.25 -10 14.05 14.8 -10 15.05 17.35 -10 14.8 13.95 -10
4 16 14.05 14.8 -10 14.3 17.35 -10 15.05 19.65 -10 15.05 17.35 -10
4 16 14.3 17.35 -10 14.55 20.2 -10 14.95 21.65 -10 15.05 19.65 -10
4 16 14.65 22.95 -10 14.95 21.65 -10 14.55 20.2 -10 14.4 21.6 -10
4 16 14.4 21.6 -10 14.1 22.65 -10 14.15 23.95 -10 14.65 22.95 -10
4 16 13.4 24.75 -10 14.15 23.95 -10 14.1 22.65 -10 13.7 23.65 -10
3 16 13.7 23.65 -10 13.1 24.6 -10 13.4 24.75 -10
3 16 12 0 -10 9.5 .75 -10 10.5 .75 -10
4 16 14.345 2 -10 12 0 -10 10.5 .75 -10 11.4 1.4 -10
3 16 11.4 1.4 -10 12.15 2.3 -10 14.345 2 -10
3 16 14.345 2 -10 12.15 2.3 -10 12.9 3.65 -10
3 16 14.345 2 -10 12.9 3.65 -10 13.2 5 -10
4 16 13.2 5 -10 13.55 7.45 -10 14.8 13.95 -10 14.345 2 -10
4 16 14.8 13.95 -10 16.9 24.8 -10 19 29 -10 14.345 2 -10
3 16 16.9 24.8 -10 17.65 29 -10 19 29 -10
4 80 -.89 27.2 -10 -1.05 26.55 -10 -2.4 26.55 -10 -1.8 27.35 -10
4 80 -2.4 26.55 -10 -2.75 26.75 -10 -1.8 28.1 -10 -1.8 27.35 -10
4 80 -2.75 28.4 -10 -2.75 28.75 -10 -2.3 28.95 -10 -1.8 28.1 -10
4 0 0 30.5 -10 -8.3 30.4 -10 -11.3 31 -10 0 31.05 -10
4 0 -17.65 30.85 -10 -11.3 31 -10 -8.3 30.4 -10 -16.85 30.2 -10
4 0 -17.65 29 -10 -17.65 30.85 -10 -16.85 30.2 -10 -16.85 29.45 -10
3 0 -16.75 28.65 -10 -17.65 29 -10 -16.85 29.45 -10
3 0 0 26.25 -10 -.65 26.55 -10 0 26.55 -10
3 0 0 26.25 -10 -1.05 26.55 -10 -.65 26.55 -10
4 0 -1.05 26.55 -10 0 26.25 -10 -4.4 26.3 -10 -2.4 26.55 -10
3 0 -4.4 26.3 -10 -2.75 26.75 -10 -2.4 26.55 -10
4 0 -2.75 26.75 -10 -4.4 26.3 -10 -6.85 27.2 -10 -2.75 27.2 -10
4 0 -12.65 27.2 -10 -6.85 27.2 -10 -4.4 26.3 -10 -9.5 26.3 -10
3 0 -16.4 26.2 -10 -12.65 27.2 -10 -9.5 26.3 -10
4 0 -1.15 28.95 -10 -2.3 28.95 -10 -3.7 29.35 -10 0 29.3 -10
3 0 -2.75 28.75 -10 -3.7 29.35 -10 -2.3 28.95 -10
4 0 -7 28.25 -10 -3.7 29.35 -10 -2.75 28.75 -10 -2.75 28.4 -10
4 0 -12.65 28.05 -10 -10.8 29.25 -10 -3.7 29.35 -10 -7 28.25 -10
4 0 -10.8 29.25 -10 -12.65 28.05 -10 -16.5 28.85 -10 -16.1 29 -10
4 0 -12.65 27.2 -10 -16.75 28.65 -10 -16.5 28.85 -10 -12.65 28.05 -10
3 0 -16.4 26.2 -10 -16.75 28.65 -10 -12.65 27.2 -10
4 0 -16.75 28.65 -10 -16.4 26.2 -10 -16.9 24.8 -10 -17.65 29 -10
3 0 -16.9 24.8 -10 -16.4 26.2 -10 -16.05 25.35 -10
4 0 -.53 27.2 -10 -.65 26.55 -10 -1.05 26.55 -10 -.89 27.2 -10
4 0 -1.15 28.95 -10 0 29.3 -10 0 28.45 -10 -.91 28.45 -10
4 80 -2.3 28.95 -10 -.91 28.45 -10 -.75 28.1 -10 -1.8 28.1 -10
3 80 -.91 28.45 -10 -2.3 28.95 -10 -1.15 28.95 -10
4 80 -.65 26.55 -10 -.53 27.2 -10 0 27.35 -10 0 26.55 -10
3 80 -.53 27.2 -10 -.5 27.35 -10 0 27.35 -10
3 80 -.89 27.2 -10 -1.8 27.35 -10 -.85 27.35 -10
4 16 0 31.05 -10 -11.3 31 -10 -19 32 -10 0 32 -10
3 16 -17.65 30.85 -10 -19 32 -10 -11.3 31 -10
4 16 -17.65 30.85 -10 -17.65 29 -10 -19 29 -10 -19 32 -10
4 16 0 29.3 -10 -3.7 29.35 -10 -8.3 30.4 -10 0 30.5 -10
3 16 -10.8 29.25 -10 -8.3 30.4 -10 -3.7 29.35 -10
4 16 -16.1 29 -10 -16.85 30.2 -10 -8.3 30.4 -10 -10.8 29.25 -10
4 16 -16.5 28.85 -10 -16.85 29.45 -10 -16.85 30.2 -10 -16.1 29 -10
3 16 -16.75 28.65 -10 -16.85 29.45 -10 -16.5 28.85 -10
4 16 -2.75 27.2 -10 -6.85 27.2 -10 -7 28.25 -10 -2.75 28.4 -10
4 16 -12.65 28.05 -10 -7 28.25 -10 -6.85 27.2 -10 -12.65 27.2 -10
4 16 -.5 27.35 -10 -.75 28.1 -10 0 28.45 -10 0 27.35 -10
3 16 -.75 28.1 -10 -.91 28.45 -10 0 28.45 -10
4 16 -.5 27.35 -10 -.53 27.2 -10 -.89 27.2 -10 -.85 27.35 -10
4 16 -1.8 28.1 -10 -.75 28.1 -10 -.5 27.35 -10 -.85 27.35 -10
3 16 -.85 27.35 -10 -1.8 27.35 -10 -1.8 28.1 -10
3 80 -2.75 27.2 -10 -2.75 28.4 -10 -1.8 28.1 -10
3 80 -2.75 26.75 -10 -2.75 27.2 -10 -1.8 28.1 -10
4 16 0 26.25 -10 -1.65 25 -10 -6.4 25.15 -10 -4.4 26.3 -10
4 16 -10.9 25.3 -10 -9.5 26.3 -10 -4.4 26.3 -10 -6.4 25.15 -10
4 16 -9.5 26.3 -10 -10.9 25.3 -10 -14.5 25.35 -10 -16.4 26.2 -10
3 16 -14.5 25.35 -10 -16.05 25.35 -10 -16.4 26.2 -10
3 16 -16.9 24.8 -10 -19 29 -10 -17.65 29 -10
4 0 -2.5 23.7 -10 -3.25 22.6 -10 -7.35 22.45 -10 -6.55 22.9 -10
4 0 -3.25 22.6 -10 -5.1 19.6 -10 -7.75 21.95 -10 -7.35 22.45 -10
3 0 -5.1 19.6 -10 -8.55 20.95 -10 -7.75 21.95 -10
4 0 -8.55 20.95 -10 -5.1 19.6 -10 -6.6 16.75 -10 -9.3 19.4 -10
4 0 -7.85 13.85 -10 -9.95 16.9 -10 -9.3 19.4 -10 -6.6 16.75 -10
3 0 -10.5 13.7 -10 -9.95 16.9 -10 -7.85 13.85 -10
4 0 -13.2 5 -10 -12.75 4.85 -10 -12.25 4 -10 -12.9 3.65 -10
3 0 -12.75 4.85 -10 -13.2 5 -10 -13.55 7.45 -10
4 0 -10.9 .95 -10 -11.4 1.4 -10 -12.15 2.3 -10 -10.6 3.6 -10
4 0 -12.9 3.65 -10 -12.25 4 -10 -10.6 3.6 -10 -12.15 2.3 -10
4 0 -10.6 3.6 -10 -12.25 4 -10 -12.4 4.9 -10 -11.15 4.4 -10
4 0 -12.6 5.9 -10 -11.45 5.2 -10 -11.15 4.4 -10 -12.4 4.9 -10
4 0 -13.15 8.15 -10 -11.7 7.45 -10 -11.45 5.2 -10 -12.6 5.9 -10
4 0 -13.65 11.25 -10 -11.55 10.35 -10 -11.7 7.45 -10 -13.15 8.15 -10
4 0 -11.55 10.35 -10 -13.65 11.25 -10 -14.05 14.8 -10 -11.3 12.95 -10
4 0 -14.3 17.35 -10 -10.85 15.75 -10 -11.3 12.95 -10 -14.05 14.8 -10
4 0 -10.85 15.75 -10 -14.3 17.35 -10 -14.55 20.2 -10 -10.3 18.1 -10
4 0 -14.1 22.65 -10 -10.3 18.1 -10 -14.55 20.2 -10 -14.4 21.6 -10
3 0 -10.3 18.1 -10 -14.1 22.65 -10 -9.85 19.75 -10
3 0 -9.85 19.75 -10 -14.1 22.65 -10 -9.3 21 -10
4 0 -9.3 21 -10 -14.1 22.65 -10 -13.7 23.65 -10 -8.45 22.05 -10
4 0 -7.45 22.7 -10 -8.45 22.05 -10 -13.7 23.65 -10 -13.1 24.6 -10
4 0 -10.9 25.3 -10 -6.55 22.9 -10 -7.45 22.7 -10 -13.1 24.6 -10
3 0 -6.55 22.9 -10 -10.9 25.3 -10 -6.4 25.15 -10
3 0 -14.65 22.95 -10 -16.05 25.35 -10 -14.15 23.95 -10
3 0 -14.95 21.65 -10 -16.05 25.35 -10 -14.65 22.95 -10
4 0 -14.95 21.65 -10 -15.05 19.65 -10 -16.9 24.8 -10 -16.05 25.35 -10
3 0 -15.05 17.35 -10 -16.9 24.8 -10 -15.05 19.65 -10
3 0 -14.8 13.95 -10 -16.9 24.8 -10 -15.05 17.35 -10
4 0 -2.15 24.25 -10 -6.55 22.9 -10 -6.4 25.15 -10 -1.65 25 -10
3 16 -7.35 22.45 -10 -7.45 22.7 -10 -6.55 22.9 -10
4 16 -8.45 22.05 -10 -7.45 22.7 -10 -7.35 22.45 -10 -7.75 21.95 -10
4 16 -9.3 21 -10 -8.45 22.05 -10 -7.75 21.95 -10 -8.55 20.95 -10
4 16 -9.85 19.75 -10 -9.3 21 -10 -8.55 20.95 -10 -9.3 19.4 -10
4 16 -9.85 19.75 -10 -9.3 19.4 -10 -9.95 16.9 -10 -10.3 18.1 -10
4 16 -11.55 10.35 -10 -11.3 12.95 -10 -10.5 13.7 -10 -10.95 10.05 -10
4 16 -11.55 10.35 -10 -10.95 10.05 -10 -11.1 6.85 -10 -11.7 7.45 -10
4 16 -11.7 7.45 -10 -11.1 6.85 -10 -10.9 4.95 -10 -11.45 5.2 -10
4 16 -11.45 5.2 -10 -10.9 4.95 -10 -10.6 3.6 -10 -11.15 4.4 -10
4 16 -12.6 5.9 -10 -12.4 4.9 -10 -12.25 4 -10 -12.75 4.85 -10
4 16 -12.75 4.85 -10 -13.55 7.45 -10 -13.15 8.15 -10 -12.6 5.9 -10
4 16 -14.8 13.95 -10 -13.65 11.25 -10 -13.15 8.15 -10 -13.55 7.45 -10
4 16 -13.65 11.25 -10 -14.8 13.95 -10 -15.05 17.35 -10 -14.05 14.8 -10
4 16 -14.05 14.8 -10 -15.05 17.35 -10 -15.05 19.65 -10 -14.3 17.35 -10
4 16 -14.3 17.35 -10 -15.05 19.65 -10 -14.95 21.65 -10 -14.55 20.2 -10
4 16 -14.55 20.2 -10 -14.95 21.65 -10 -14.65 22.95 -10 -14.4 21.6 -10
4 16 -14.4 21.6 -10 -14.65 22.95 -10 -14.15 23.95 -10 -14.1 22.65 -10
4 16 -14.1 22.65 -10 -14.15 23.95 -10 -13.4 24.75 -10 -13.7 23.65 -10
3 16 -13.7 23.65 -10 -13.4 24.75 -10 -13.1 24.6 -10
3 16 -12 0 -10 -11.4 1.4 -10 -10.9 .95 -10
4 16 -12 0 -10 -14.345 2 -10 -12.15 2.3 -10 -11.4 1.4 -10
3 16 -14.345 2 -10 -12.9 3.65 -10 -12.15 2.3 -10
3 16 -14.345 2 -10 -13.2 5 -10 -12.9 3.65 -10
4 16 -14.8 13.95 -10 -13.55 7.45 -10 -13.2 5 -10 -14.345 2 -10
4 16 -19 29 -10 -16.9 24.8 -10 -14.8 13.95 -10 -14.345 2 -10
4 0 -11.1 6.85 -10 -10.15 6.35 -10 -10.6 3.6 -10 -10.9 4.95 -10
4 0 -10.15 6.35 -10 -11.1 6.85 -10 -10.95 10.05 -10 -9.6 8.75 -10
4 0 -9.6 8.75 -10 -10.95 10.05 -10 -9.15 10.2 -10 -9.2 9.5 -10
4 0 -10.95 10.05 -10 -10.5 13.7 -10 -7.85 13.85 -10 -9.15 10.2 -10
3 0 -6.55 22.9 -10 -2.15 24.25 -10 -2.5 23.7 -10
4 0 -14.15 23.95 -10 -16.05 25.35 -10 -14.5 25.35 -10 -13.4 24.75 -10
4 16 -12 0 -10 -10.9 .95 -10 -9.4 1.4 -10 -9.35 .75 -10
4 16 -9.4 1.4 -10 -10.9 .95 -10 -10.6 3.6 -10 -9.35 2.65 -10
3 16 -9.35 2.65 -10 -10.6 3.6 -10 -9.25 3.4 -10
3 16 -9.25 3.4 -10 -10.6 3.6 -10 -9.05 4.5 -10
4 16 -10.6 3.6 -10 -10.15 6.35 -10 -8.95 5.7 -10 -9.05 4.5 -10
4 16 -9.05 7.45 -10 -8.95 6.55 -10 -8.95 5.7 -10 -10.15 6.35 -10
4 16 -9.6 8.75 -10 -9.25 8.15 -10 -9.05 7.45 -10 -10.15 6.35 -10
3 16 -8.55 10.2 -10 -9.15 10.2 -10 -7.85 13.85 -10
3 16 -7.7 10.05 -10 -8.15 10.15 -10 -6.45 13.25 -10
4 16 -8.55 10.2 -10 -7.85 13.85 -10 -6.45 13.25 -10 -8.15 10.15 -10
4 16 -4.65 17 -10 -6.45 13.25 -10 -7.85 13.85 -10 -6.6 16.75 -10
4 16 -6.6 16.75 -10 -5.1 19.6 -10 -3.3 19.5 -10 -4.65 17 -10
4 16 -1.35 22.6 -10 -3.3 19.5 -10 -5.1 19.6 -10 -3.25 22.6 -10
3 16 -1.35 22.6 -10 -3.25 22.6 -10 -2.5 23.7 -10
4 16 -2.15 24.25 -10 -1.65 25 -10 0 26.25 -10 1.65 25 -10
3 16 -.65 22.75 -10 -2.15 24.25 -10 1.65 25 -10
4 16 .8 21.1 -10 -.65 22.75 -10 1.65 25 -10 3.25 22.6 -10
4 16 2.65 18.75 -10 .8 21.1 -10 3.25 22.6 -10 4.95 19.6 -10
4 16 4.7 15.85 -10 2.65 18.75 -10 4.95 19.6 -10 6.35 16.75 -10
4 16 6.2 13.2 -10 4.7 15.85 -10 6.35 16.75 -10 7.5 13.85 -10
4 16 6.2 13.2 -10 7.5 13.85 -10 8.6 10.3 -10 7.25 11.1 -10
4 16 7.25 11.1 -10 8.6 10.3 -10 9.3 7.55 -10 8.25 8.45 -10
4 16 8.25 8.45 -10 9.3 7.55 -10 9.7 5.25 -10 9.1 5.85 -10
3 16 9.7 3.85 -10 9.1 5.85 -10 9.7 5.25 -10
4 16 -.9 22.2 -10 1.1 19.85 -10 -1.15 16.9 -10 -3.05 18.7 -10
4 16 1.1 19.85 -10 3.05 17.3 -10 .75 14.95 -10 -1.15 16.9 -10
4 16 2.3 13.05 -10 .75 14.95 -10 3.05 17.3 -10 4.85 14.5 -10
4 16 4.85 14.5 -10 6.55 11.4 -10 3.6 10.8 -10 2.3 13.05 -10
4 16 -3.35 18.1 -10 -1.9 16.8 -10 -1.9 14.6 -10 -4.1 16.75 -10
4 16 -1.9 16.8 -10 -.25 15.25 -10 -.15 12.65 -10 -1.9 14.6 -10
4 16 -.25 15.25 -10 1.3 13.65 -10 .85 11.45 -10 -.15 12.65 -10
4 16 1.3 13.65 -10 2.55 12.2 -10 3.6 10.8 -10 .85 11.45 -10
4 16 -1.35 13.15 -10 -6.2 12.15 -10 -4.4 16.15 -10 -2.45 14.35 -10
4 16 -7.15 9.85 -10 -6.2 12.15 -10 -1.35 13.15 -10 -2.8 10.95 -10
4 16 -7.15 9.85 -10 -2.8 10.95 -10 -3.65 9.6 -10 -6.8 9.6 -10
4 16 -6.8 9.6 -10 -3.65 9.6 -10 -7.1 7.85 -10 -7.05 8.8 -10
4 16 -7.1 7.85 -10 -3.65 9.6 -10 -4.95 7.3 -10 -7 7.2 -10
4 16 -7 7.2 -10 -4.95 7.3 -10 -6.65 6.35 -10 -6.85 6.8 -10
4 16 -4 5.2 -10 -6.55 5.95 -10 -6.65 6.35 -10 -4.95 7.3 -10
4 16 -11.3 12.95 -10 -10.85 15.75 -10 -9.95 16.9 -10 -10.5 13.7 -10
3 16 -10.85 15.75 -10 -10.3 18.1 -10 -9.95 16.9 -10
4 16 10.5 13.7 -10 9.95 16.9 -10 10.3 18.1 -10 10.85 15.75 -10
4 16 -4 5.2 -10 -6.65 4.5 -10 -6.8 4.7 -10 -6.55 5.1 -10
3 16 2.4 9.35 -10 .85 11.45 -10 3.6 10.8 -10
4 16 6.55 11.4 -10 7.55 9.05 -10 2.4 9.35 -10 3.6 10.8 -10
4 16 2.4 9.35 -10 7.55 9.05 -10 8.4 6.4 -10 3.95 6.95 -10
4 16 3.95 6.95 -10 8.4 6.4 -10 8.95 4.25 -10 5.1 4.65 -10
4 16 5.1 4.65 -10 8.95 4.25 -10 9.35 1.8 -10 5.9 2.55 -10
4 16 5.9 2.55 -10 9.35 1.8 -10 9.5 .75 -10 6.35 .75 -10
4 0 -4.55 2.5 -10 -4.95 .75 -10 -5.45 .75 -10 -5.15 2.15 -10
4 0 -5.15 2.15 -10 -4.65 3.65 -10 -3.95 4.15 -10 -4.55 2.5 -10
4 0 -4.65 3.65 -10 -4 5.2 -10 -3.25 5.7 -10 -3.95 4.15 -10
4 0 -4 5.2 -10 -3.2 6.85 -10 -2.45 7.2 -10 -3.25 5.7 -10
4 0 -3.2 6.85 -10 -2.25 8.5 -10 -1.95 8.05 -10 -2.45 7.2 -10
4 0 -1.6 9.4 -10 -1.65 8.55 -10 -1.95 8.05 -10 -2.25 8.5 -10
4 0 -1.65 8.55 -10 -1.6 9.4 -10 -1 10.2 -10 -.9 9.55 -10
4 0 -.2 8.8 -10 -.9 9.55 -10 -1 10.2 -10 -.7 9.8 -10
4 0 -1 10.2 -10 .1 11.35 -10 .4 10.95 -10 -.7 9.8 -10
4 0 -.15 12.65 -10 .85 11.45 -10 .1 11.35 -10 -.15 11.65 -10
4 0 .1 11.35 -10 .85 11.45 -10 1.05 10.15 -10 .4 10.95 -10
4 0 2.2 8.55 -10 1.05 10.15 -10 .85 11.45 -10 2.4 9.35 -10
3 0 -.2 8.8 -10 -.7 9.8 -10 .15 8.85 -10
4 0 -.2 8.8 -10 .15 8.85 -10 1.1 7.75 -10 .8 7.7 -10
4 0 .8 7.7 -10 1.1 7.75 -10 1.75 6.85 -10 1.4 6.95 -10
3 0 2.4 5.8 -10 1.4 6.95 -10 1.75 6.85 -10
4 0 -1.95 8.05 -10 -1.65 8.55 -10 -.8 7.55 -10 -1.15 7.25 -10
4 0 -1.5 6.6 -10 -1.15 7.25 -10 -.8 7.55 -10 -.95 7.05 -10
4 0 -.35 6.4 -10 -.95 7.05 -10 -.8 7.55 -10 -.05 6.7 -10
4 0 -.35 6.4 -10 -.05 6.7 -10 .5 5.95 -10 -.1 6.05 -10
4 0 -.95 7.05 -10 -1.35 6.5 -10 -2.05 5.65 -10 -1.5 6.6 -10
4 0 -.1 6.05 -10 .5 5.95 -10 1.45 4.5 -10 .8 4.75 -10
4 0 .8 4.75 -10 1.45 4.5 -10 2.25 3.05 -10 1.6 3.4 -10
4 0 1.6 3.4 -10 2.25 3.05 -10 2.6 2.15 -10 2.1 2.3 -10
4 0 2.1 2.3 -10 2.6 2.15 -10 2.85 1.35 -10 2.4 1.4 -10
4 0 2.4 1.4 -10 2.85 1.35 -10 3 .75 -10 2.6 .75 -10
4 0 2.2 8.55 -10 2.4 9.35 -10 3.95 6.95 -10 3.05 7.15 -10
3 0 4 5.5 -10 3.05 7.15 -10 3.95 6.95 -10
4 0 4.75 3.95 -10 4 5.5 -10 3.95 6.95 -10 5.1 4.65 -10
4 0 5.35 2.3 -10 4.75 3.95 -10 5.1 4.65 -10 5.9 2.55 -10
4 0 5.9 2.55 -10 6.35 .75 -10 5.75 .75 -10 5.35 2.3 -10
4 0 -2.5 1.7 -10 -2.75 .75 -10 -3.2 .75 -10 -3 1.45 -10
4 0 -3 1.45 -10 -2.65 2.55 -10 -2.15 2.75 -10 -2.5 1.7 -10
4 0 -2.65 2.55 -10 -2.3 3.55 -10 -1.7 3.85 -10 -2.15 2.75 -10
4 0 -2.3 3.55 -10 -1.8 4.5 -10 -1.2 4.7 -10 -1.7 3.85 -10
4 0 -1.8 4.5 -10 -1.25 5.3 -10 -1.05 4.95 -10 -1.2 4.7 -10
4 0 -1.25 5.3 -10 -.85 5.85 -10 -.1 6.05 -10 -1.05 4.95 -10
3 0 -.85 5.85 -10 -.35 6.4 -10 -.1 6.05 -10
4 0 -1.2 4.7 -10 -1.05 4.95 -10 -.45 4.2 -10 -.75 4.25 -10
4 0 -.75 4.25 -10 -.45 4.2 -10 -.1 3.7 -10 -.2 3.65 -10
3 0 .15 3.15 -10 -.2 3.65 -10 -.1 3.7 -10
3 16 -1 10.2 -10 -.15 11.65 -10 .1 11.35 -10
4 15 .4 10.95 -10 1.05 10.15 -10 .15 8.85 -10 -.7 9.8 -10
4 15 1.1 7.75 -10 .15 8.85 -10 1.05 10.15 -10 2.2 8.55 -10
4 15 1.75 6.85 -10 1.1 7.75 -10 2.2 8.55 -10 3.05 7.15 -10
4 15 1.75 6.85 -10 3.05 7.15 -10 4 5.5 -10 2.4 5.8 -10
4 15 1.45 4.5 -10 .5 5.95 -10 1.4 6.95 -10 2.4 5.8 -10
4 15 .5 5.95 -10 -.05 6.7 -10 .8 7.7 -10 1.4 6.95 -10
4 15 -.2 8.8 -10 .8 7.7 -10 -.05 6.7 -10 -.8 7.55 -10
4 15 -.8 7.55 -10 -1.65 8.55 -10 -.9 9.55 -10 -.2 8.8 -10
4 15 2.4 5.8 -10 4 5.5 -10 4.75 3.95 -10 1.45 4.5 -10
3 15 2.25 3.05 -10 1.45 4.5 -10 4.75 3.95 -10
4 15 2.6 2.15 -10 2.25 3.05 -10 4.75 3.95 -10 5.35 2.3 -10
4 15 2.85 1.35 -10 2.6 2.15 -10 5.35 2.3 -10 5.75 .75 -10
3 15 5.75 .75 -10 3 .75 -10 2.85 1.35 -10
4 15 -3.2 .75 -10 -4.95 .75 -10 -4.55 2.5 -10 -3 1.45 -10
3 15 -3 1.45 -10 -4.55 2.5 -10 -2.65 2.55 -10
4 15 -4.55 2.5 -10 -3.95 4.15 -10 -2.3 3.55 -10 -2.65 2.55 -10
4 15 -2.05 5.65 -10 -2.3 3.55 -10 -3.95 4.15 -10 -3.25 5.7 -10
3 15 -2.3 3.55 -10 -2.05 5.65 -10 -1.8 4.5 -10
3 15 -1.8 4.5 -10 -2.05 5.65 -10 -1.25 5.3 -10
4 15 -.85 5.85 -10 -1.25 5.3 -10 -2.05 5.65 -10 -1.35 6.5 -10
4 15 -.35 6.4 -10 -.85 5.85 -10 -1.35 6.5 -10 -.95 7.05 -10
4 15 -2.45 7.2 -10 -1.5 6.6 -10 -2.05 5.65 -10 -3.25 5.7 -10
4 15 -1.5 6.6 -10 -2.45 7.2 -10 -1.95 8.05 -10 -1.15 7.25 -10
4 15 -.45 4.2 -10 -1.05 4.95 -10 -.1 6.05 -10 .8 4.75 -10
4 15 -.45 4.2 -10 .8 4.75 -10 1.6 3.4 -10 -.1 3.7 -10
4 15 -.1 3.7 -10 1.6 3.4 -10 2.1 2.3 -10 .15 3.15 -10
4 15 .15 3.15 -10 -2.15 2.75 -10 -1.7 3.85 -10 -.2 3.65 -10
4 15 -1.2 4.7 -10 -.75 4.25 -10 -.2 3.65 -10 -1.7 3.85 -10
4 15 .15 3.15 -10 2.1 2.3 -10 -2.5 1.7 -10 -2.15 2.75 -10
4 15 -2.75 .75 -10 -2.5 1.7 -10 2.1 2.3 -10 2.4 1.4 -10
3 15 2.6 .75 -10 -2.75 .75 -10 2.4 1.4 -10
3 16 -12 0 -10 -9.35 .75 -10 -8.55 .75 -10
3 16 -12 0 -10 -8.55 .75 -10 -6.9 .75 -10
4 16 -6.9 .75 -10 -6.45 .75 -10 -6 0 -10 -12 0 -10
3 16 -6 0 -10 -5.45 .75 -10 -4.95 .75 -10
3 16 -6 0 -10 -4.95 .75 -10 -3.2 .75 -10
3 16 -6 0 -10 -3.2 .75 -10 -2.75 .75 -10
4 16 -2.75 .75 -10 2.6 .75 -10 6 0 -10 -6 0 -10
3 16 6 0 -10 2.6 .75 -10 3 .75 -10
3 16 6 0 -10 3 .75 -10 5.75 .75 -10
3 16 6 0 -10 5.75 .75 -10 6.35 .75 -10
4 16 6.35 .75 -10 9.5 .75 -10 12 0 -10 6 0 -10
4 16 -6 0 -10 -6.45 .75 -10 -6.55 1.1 -10 -5.45 .75 -10
4 16 -6.75 1.4 -10 -5.15 2.15 -10 -5.45 .75 -10 -6.55 1.1 -10
4 16 -6.75 1.4 -10 -6.8 1.65 -10 -6.6 1.95 -10 -5.15 2.15 -10
3 16 -6.6 1.95 -10 -6.5 2.25 -10 -5.15 2.15 -10
3 16 -5.15 2.15 -10 -6.5 2.25 -10 -6.55 2.55 -10
4 16 -5.15 2.15 -10 -6.55 2.55 -10 -6.65 2.85 -10 -4.65 3.65 -10
4 16 -6.8 3.1 -10 -6.6 3.4 -10 -4.65 3.65 -10 -6.65 2.85 -10
3 16 -6.6 3.4 -10 -6.4 3.85 -10 -4.65 3.65 -10
4 16 -4 5.2 -10 -4.65 3.65 -10 -6.4 3.85 -10 -6.5 4.2 -10
3 16 -6.5 4.2 -10 -6.65 4.5 -10 -4 5.2 -10
3 16 -6.55 5.1 -10 -6.5 5.45 -10 -4 5.2 -10
3 16 -4 5.2 -10 -6.5 5.45 -10 -6.55 5.95 -10
3 16 -4 5.2 -10 -4.95 7.3 -10 -3.2 6.85 -10
4 16 -4.95 7.3 -10 -3.15 9.7 -10 -2.25 8.5 -10 -3.2 6.85 -10
4 16 -2.25 8.5 -10 -3.15 9.7 -10 -1.9 11.4 -10 -1.6 9.4 -10
3 16 -1.6 9.4 -10 -1.9 11.4 -10 -1 10.2 -10
4 16 -.85 12.65 -10 -.15 11.65 -10 -1 10.2 -10 -1.9 11.4 -10
4 0 -14.5 25.35 -10 -10.9 25.3 -10 -13.1 24.6 -10 -13.4 24.75 -10
