0 Minifig Torso with SW Clone Trooper Commander Armor, 4 Bright Light Orange Dots Pattern
0 Name: 973prt.dat
0 Author: Evert-Jan Boer [ejboer]
0 !LDRAW_ORG Unofficial_Part 
0 !LICENSE Redistributable under CCAL version 2.0 : see CAreadme.txt

0 BFC CERTIFY CCW

0 !KEYWORDS Bricklink 973pb4501, Set 75309, Set 40558, Star Wars, Armour
0 !KEYWORDS Set 75340


1 16 0 0 0 1 0 0 0 1 0 0 0 1 s\973s01.dat
1 0 0 -4 0 4.243 0 -4.243 0 -8 0 -4.243 0 -4.243 1-4cyli.dat

1 16 0 0 0 1 0 0 0 1 0 0 0 1 s\973prts01.dat
1 16 0 0 0 -1 0 0 0 1 0 0 0 1 s\973prts01.dat
0 // Front
1 191 3.1 8.7 -10 0.8 0 0 0 0 -0.8 0 1 0 4-4disc.dat
1 191 5.3 8.9 -10 0.8 0 0 0 0 -0.8 0 1 0 4-4disc.dat
1 191 7.5 9.15 -10 0.8 0 0 0 0 -0.8 0 1 0 4-4disc.dat
1 191 9.7 9.45 -10 0.8 0 0 0 0 -0.8 0 1 0 4-4disc.dat
1 16 3.1 8.7 -10 0.8 0 0 0 0 -0.8 0 1 0 4-4ndis.dat
1 16 5.3 8.9 -10 0.8 0 0 0 0 -0.8 0 1 0 4-4ndis.dat
1 16 9.7 9.45 -10 0.8 0 0 0 0 -0.8 0 1 0 4-4ndis.dat
1 16 7.5 9.15 -10 0.8 0 0 0 0 -0.8 0 1 0 4-4ndis.dat
4 16 -.2 9.1 -10 -.2 3.15 -10 -12.3 7.45 -10 -12.7 8.95 -10
4 16 -.2 9.1 -10 -12.7 8.95 -10 -.55 10.05 -10 -.3 9.65 -10
4 16 -13.2 10 -10 -1 10.3 -10 -.55 10.05 -10 -12.7 8.95 -10
3 16 -13.2 10.0 -10.0 -11.05 11.85 -10.00 -1.0 10.3 -10.0
4 16 6.7 9.95 -10 1 10.3 -10 11.05 11.85 -10 8.9 10.25 -10
3 16 9.70 10.25 -10.00 8.90 10.25 -10.00 11.05 11.85 -10.00
3 16 10.50 10.25 -10.00 9.70 10.25 -10.00 11.05 11.85 -10.00
4 16 11.05 11.85 -10 13.2 10 -10 10.5 9.45 -10 10.5 10.25 -10
3 16 7.50 9.95 -10.00 6.70 9.95 -10.00 8.90 10.25 -10.00
3 16 8.30 9.95 -10.00 7.50 9.95 -10.00 8.90 10.25 -10.00
4 16 8.9 10.25 -10 8.9 9.45 -10 8.3 9.15 -10 8.3 9.95 -10
4 16 8.9 9.45 -10 8.9 8.65 -10 8.3 8.35 -10 8.3 9.15 -10
4 16 5.3 9.7 -10 1 10.3 -10 6.7 9.95 -10 6.1 9.7 -10
4 16 6.7 9.95 -10 6.7 9.15 -10 6.1 8.9 -10 6.1 9.7 -10
4 16 6.7 9.15 -10 6.7 8.35 -10 6.1 8.1 -10 6.1 8.9 -10
3 16 3.1 9.5 -10.0 2.3 9.5 -10.0 1.0 10.3 -10.0
4 16 4.5 9.7 -10 3.9 9.5 -10 3.1 9.5 -10 1 10.3 -10
3 16 5.3 9.7 -10.0 4.5 9.7 -10.0 1.0 10.3 -10.0
4 16 4.5 9.7 -10 4.5 8.9 -10 3.9 8.7 -10 3.9 9.5 -10
4 16 4.5 8.9 -10 4.5 8.1 -10 3.9 7.9 -10 3.9 8.7 -10
4 16 1 10.3 -10 2.3 9.5 -10 .3 9.65 -10 .55 10.05 -10
4 16 .2 9.1 -10 .3 9.65 -10 2.3 9.5 -10 2.3 8.7 -10
4 16 2.3 8.7 -10 2.3 7.9 -10 .2 3.15 -10 .2 9.1 -10
4 16 13.2 10 -10 12.7 8.95 -10 10.5 8.65 -10 10.5 9.45 -10
3 16 12.30 7.45 -10.00 10.50 8.65 -10.00 12.70 8.95 -10.00
3 16 12.30 7.45 -10.00 9.70 8.65 -10.00 10.50 8.65 -10.00
4 16 8.3 8.35 -10 8.9 8.65 -10 9.7 8.65 -10 12.3 7.45 -10
3 16 12.30 7.45 -10.00 7.50 8.35 -10.00 8.30 8.35 -10.00
4 16 6.1 8.1 -10 6.7 8.35 -10 7.5 8.35 -10 12.3 7.45 -10
3 16 0.20 3.15 -10.00 2.3 7.9 -10.0 3.1 7.9 -10.0
3 16 0.20 3.15 -10.00 3.1 7.9 -10.0 3.9 7.9 -10.0
4 16 3.9 7.9 -10 4.5 8.1 -10 5.3 8.1 -10 .2 3.15 -10
4 16 12.3 7.45 -10 .2 3.15 -10 5.3 8.1 -10 6.1 8.1 -10
0 // Back
4 72 -1.95 10.75 10 -1.95 10.3 10 -1.19 9.66 10 -1.15 9.85 10
4 72 -1.19 9.66 10 -1.95 10.3 10 -1.46 9.39 10 -1.3 9.5 10
4 72 -4.9 10.3 10 -1.6 9.35 10 -1.46 9.39 10 -1.95 10.3 10
4 72 -1.95 10.75 10 -1.15 9.85 10 -1.15 12.35 10 -1.95 11.5 10
4 72 -1.19 12.54 10 -1.95 11.95 10 -1.95 11.5 10 -1.15 12.35 10
4 72 -1.19 12.54 10 -1.3 12.7 10 -1.46 12.81 10 -1.95 11.95 10
4 72 -5.39 9.39 10 -4.9 10.3 10 -5.66 9.66 10 -5.55 9.5 10
4 72 -1.6 9.35 10 -4.9 10.3 10 -5.39 9.39 10 -5.25 9.35 10
4 72 -5.66 9.66 10 -4.9 10.3 10 -4.9 10.75 10 -5.7 9.85 10
4 72 -4.9 10.75 10 -4.9 11.5 10 -5.7 12.35 10 -5.7 9.85 10
4 72 -5.66 12.54 10 -5.7 12.35 10 -4.9 11.5 10 -4.9 11.95 10
4 72 -5.66 12.54 10 -4.9 11.95 10 -5.39 12.81 10 -5.55 12.7 10
4 72 -1.46 12.81 10 -1.6 12.85 10 -4.9 11.95 10 -1.95 11.95 10
4 72 -5.39 12.81 10 -4.9 11.95 10 -1.6 12.85 10 -5.25 12.85 10
4 72 -4.9 11.5 10 -4.9 10.75 10 -1.95 10.75 10 -1.95 11.5 10
4 16 -1.95 10.3 10 -1.95 10.75 10 -4.9 10.75 10 -4.9 10.3 10
4 16 -1.95 11.5 10 -1.95 11.95 10 -4.9 11.95 10 -4.9 11.5 10
3 16 0 9.2 10 -1.15 9.85 10 -1.19 9.66 10
3 16 0 9.2 10 -1.19 9.66 10 -1.3 9.5 10
3 16 0 9.2 10 -1.3 9.5 10 -1.46 9.39 10
3 16 0 9.2 10 -1.46 9.39 10 -1.6 9.35 10
4 16 -1.15 9.85 10 0 9.2 10 0 13.2 10 -1.15 12.35 10
3 16 -1.15 12.35 10 0 13.2 10 -1.19 12.54 10
3 16 -1.19 12.54 10 0 13.2 10 -1.3 12.7 10
3 16 -1.3 12.7 10 0 13.2 10 -1.46 12.81 10
3 16 -1.46 12.81 10 0 13.2 10 -1.6 12.85 10
3 16 -5.66 12.54 10 -5.55 12.7 10 -6.55 13.2 10
3 16 -5.55 12.7 10 -5.39 12.81 10 -6.55 13.2 10
3 16 -5.39 12.81 10 -5.25 12.85 10 -6.55 13.2 10
4 16 -1.6 12.85 10 0 13.2 10 -6.55 13.2 10 -5.25 12.85 10
3 16 -6.55 9.2 10 -5.25 9.35 10 -5.39 9.39 10
3 16 -6.55 9.2 10 -5.39 9.39 10 -5.55 9.5 10
3 16 -6.55 9.2 10 -5.55 9.5 10 -5.66 9.66 10
3 16 -6.55 9.2 10 -5.66 9.66 10 -5.7 9.85 10
3 16 -6.55 9.2 10 -5.7 9.85 10 -5.7 12.35 10
4 16 -5.66 12.54 10 -6.55 13.2 10 -6.55 9.2 10 -5.7 12.35 10
4 16 -6.55 9.2 10 0 9.2 10 -1.6 9.35 10 -5.25 9.35 10
4 72 5.8 11.85 10 5.75 12.08 10 5.62 12.27 10 5.2 11.85 10
4 72 5.62 12.27 10 5.43 12.4 10 5.2 12.45 10 5.2 11.85 10
4 72 5.62 11.43 10 5.2 11.85 10 5.2 11.25 10 5.43 11.3 10
4 72 5.8 11.85 10 5.2 11.85 10 5.62 11.43 10 5.75 11.62 10
4 72 1.33 12.27 10 1.75 11.85 10 1.75 12.45 10 1.52 12.4 10
4 72 1.33 12.27 10 1.2 12.08 10 1.15 11.85 10 1.75 11.85 10
4 72 1.33 11.43 10 1.75 11.85 10 1.15 11.85 10 1.2 11.62 10
4 72 1.75 11.25 10 1.75 11.85 10 1.33 11.43 10 1.52 11.3 10
4 72 5.2 11.25 10 5.2 11.85 10 1.75 11.85 10 1.75 11.25 10
4 72 1.75 11.85 10 5.2 11.85 10 5.2 12.45 10 1.75 12.45 10
4 72 5.62 9.88 10 5.75 10.07 10 5.8 10.3 10 5.2 10.3 10
4 72 5.8 10.3 10 5.75 10.53 10 5.62 10.72 10 5.2 10.3 10
4 72 5.62 10.72 10 5.43 10.85 10 5.2 10.9 10 5.2 10.3 10
4 72 5.62 9.88 10 5.2 10.3 10 5.2 9.7 10 5.43 9.75 10
4 72 1.33 10.72 10 1.75 10.3 10 1.75 10.9 10 1.52 10.85 10
4 72 1.33 10.72 10 1.2 10.53 10 1.15 10.3 10 1.75 10.3 10
4 72 1.33 9.88 10 1.75 10.3 10 1.15 10.3 10 1.2 10.07 10
4 72 1.75 9.7 10 1.75 10.3 10 1.33 9.88 10 1.52 9.75 10
4 72 1.75 10.3 10 1.75 9.7 10 5.2 9.7 10 5.2 10.3 10
4 72 1.75 10.3 10 5.2 10.3 10 5.2 10.9 10 1.75 10.9 10
3 16 6.55 9.2 10 5.62 9.88 10 5.43 9.75 10
3 16 6.55 9.2 10 5.75 10.07 10 5.62 9.88 10
3 16 6.55 9.2 10 5.8 10.3 10 5.75 10.07 10
4 16 5.8 10.3 10 6.55 9.2 10 6.55 13.2 10 5.8 11.85 10
3 16 5.8 11.85 10 6.55 13.2 10 5.75 12.08 10
4 16 5.8 11.85 10 5.75 11.62 10 5.75 10.53 10 5.8 10.3 10
4 16 5.75 11.62 10 5.62 11.43 10 5.62 10.72 10 5.75 10.53 10
4 16 5.62 11.43 10 5.43 11.3 10 5.43 10.85 10 5.62 10.72 10
4 16 5.2 10.9 10 5.43 10.85 10 5.43 11.3 10 5.2 11.25 10
4 16 5.2 10.9 10 5.2 11.25 10 1.75 11.25 10 1.75 10.9 10
3 16 5.75 12.08 10 6.55 13.2 10 5.62 12.27 10
3 16 5.62 12.27 10 6.55 13.2 10 5.43 12.4 10
3 16 5.43 12.4 10 6.55 13.2 10 5.2 12.45 10
4 16 5.2 12.45 10 6.55 13.2 10 0 13.2 10 1.75 12.45 10
3 16 1.52 12.4 10 1.75 12.45 10 0 13.2 10
3 16 1.33 12.27 10 1.52 12.4 10 0 13.2 10
3 16 1.2 12.08 10 1.33 12.27 10 0 13.2 10
3 16 1.15 11.85 10 1.2 12.08 10 0 13.2 10
4 16 1.75 11.25 10 1.52 11.3 10 1.52 10.85 10 1.75 10.9 10
4 16 1.52 11.3 10 1.33 11.43 10 1.33 10.72 10 1.52 10.85 10
4 16 1.33 11.43 10 1.2 11.62 10 1.2 10.53 10 1.33 10.72 10
4 16 1.2 11.62 10 1.15 11.85 10 1.15 10.3 10 1.2 10.53 10
4 16 1.15 11.85 10 0 13.2 10 0 9.2 10 1.15 10.3 10
3 16 0 9.2 10 1.2 10.07 10 1.15 10.3 10
3 16 6.55 9.2 10 5.43 9.75 10 5.2 9.7 10
4 16 6.55 9.2 10 5.2 9.7 10 1.75 9.7 10 0 9.2 10
3 16 0 9.2 10 1.75 9.7 10 1.52 9.75 10
3 16 0 9.2 10 1.52 9.75 10 1.33 9.88 10
3 16 0 9.2 10 1.33 9.88 10 1.2 10.07 10

4 16 5.1 24.95 10 5.1 25.95 10 4.55 25.05 10 4.7 24.95 10
4 16 4.45 25.95 10 4.45 25.3 10 4.55 25.05 10 5.1 25.95 10
4 16 3.8 24.95 10 3.8 25.95 10 3.4 25.05 10 3.55 24.95 10
4 16 3.3 25.95 10 3.3 25.3 10 3.4 25.05 10 3.8 25.95 10
4 16 2.65 24.95 10 2.65 25.95 10 2.25 25 10 2.4 24.95 10
4 16 2.15 25.95 10 2.15 25.1 10 2.25 25 10 2.65 25.95 10
4 16 1.55 25.15 10 1.55 25.95 10 1.2 24.95 10 1.4 24.95 10
4 16 1.2 24.95 10 1.55 25.95 10 1.05 25.95 10 1.05 25.15 10
4 16 .55 25.15 10 .55 25.95 10 .2 24.95 10 .4 24.95 10
4 16 .05 25.95 10 .05 25.15 10 .2 24.95 10 .55 25.95 10
4 72 3.8 25.95 10 3.8 24.95 10 4.55 25.05 10 4.45 25.3 10
3 72 4.45 25.3 10 4.45 25.95 10 3.8 25.95 10
3 72 2.65 24.95 10 3.55 24.95 10 3.4 25.05 10
4 72 2.65 25.95 10 2.65 24.95 10 3.4 25.05 10 3.3 25.3 10
3 72 3.3 25.3 10 3.3 25.95 10 2.65 25.95 10
4 72 2.15 25.1 10 1.55 25.15 10 1.4 24.95 10 2.25 25 10
4 72 2 24.4 10 2.4 24.95 10 2.25 25 10 1.4 24.95 10
4 72 2.15 25.1 10 2.15 25.95 10 1.55 25.95 10 1.55 25.15 10
4 72 1.05 25.15 10 .55 25.15 10 .4 24.95 10 1.2 24.95 10
4 72 1.05 25.15 10 1.05 25.95 10 .55 25.95 10 .55 25.15 10
3 72 5.25 24.4 10 5.1 24.95 10 4.7 24.95 10
4 72 4.55 25.05 10 3.8 24.95 10 5.25 24.4 10 4.7 24.95 10
3 72 5.25 24.4 10 3.8 24.95 10 3.55 24.95 10
4 72 3.55 24.95 10 2.65 24.95 10 2 24.4 10 5.25 24.4 10
3 72 2 24.4 10 2.65 24.95 10 2.4 24.95 10
4 72 1.4 24.95 10 1.2 24.95 10 0 24.4 10 2 24.4 10
3 72 0 24.4 10 1.2 24.95 10 .4 24.95 10
4 72 .4 24.95 10 .2 24.95 10 -.3 24.45 10 0 24.4 10
4 72 -.3 24.45 10 .2 24.95 10 .05 25.15 10 -.5 24.6 10
4 72 -.5 24.6 10 .05 25.15 10 .05 25.95 10 -.6 24.8 10
4 72 5.25 26.55 10 5.1 25.95 10 5.1 24.95 10 5.25 24.4 10
3 72 4.45 25.95 10 5.1 25.95 10 5.25 26.55 10
3 72 3.8 25.95 10 4.45 25.95 10 5.25 26.55 10
4 72 2 26.55 10 3.3 25.95 10 3.8 25.95 10 5.25 26.55 10
3 72 2.65 25.95 10 3.3 25.95 10 2 26.55 10
3 72 2.15 25.95 10 2.65 25.95 10 2 26.55 10
3 72 1.55 25.95 10 2.15 25.95 10 2 26.55 10
3 72 1.05 25.95 10 1.55 25.95 10 2 26.55 10
4 72 1.05 25.95 10 2 26.55 10 0 26.55 10 .55 25.95 10
4 72 -.3 26.5 10 .05 25.95 10 .55 25.95 10 0 26.55 10
4 72 -.3 26.5 10 -.5 26.35 10 -.6 26.15 10 .05 25.95 10
3 72 -.6 24.8 10 .05 25.95 10 -.6 26.15 10
4 16 5.25 24.4 10 2 24.4 10 0 23.3 10 5.25 23.3 10
3 16 0 23.3 10 2 24.4 10 0 24.4 10
4 16 5.25 26.55 10 5.25 27.5 10 0 27.5 10 2 26.55 10
3 16 0 26.55 10 2 26.55 10 0 27.5 10
4 16 -.3 24.45 10 -.5 24.6 10 -5.25 24.4 10 -5.25 23.3 10
4 16 -5.25 26.55 10 -5.25 24.4 10 -.5 24.6 10 -.6 24.8 10
4 16 -.6 24.8 10 -.6 26.15 10 -5.25 27.5 10 -5.25 26.55 10
3 16 -.6 26.15 10 -.5 26.35 10 -5.25 27.5 10
4 16 0 27.5 10 -5.25 27.5 10 -.5 26.35 10 -.3 26.5 10
4 16 0 24.4 10 -.3 24.45 10 -5.25 23.3 10 0 23.3 10
3 16 -.3 26.5 10 0 26.55 10 0 27.5 10
