0 Minifig Torso with SW Snowtrooper Armor Pattern
0 Name: 973prs.dat
0 Author: Evert-Jan Boer [ejboer]
0 !LDRAW_ORG Unofficial_Part 
0 !LICENSE Redistributable under CCAL version 2.0 : see CAreadme.txt

0 BFC CERTIFY CCW

0 !KEYWORDS Bricklink 973pb0271, Star Wars, Armour, Set 8129, Set 4483, Set 7749
0 !KEYWORDS Set 7879, Set 7666, Set 4504, Set 10178, Set 8084


1 16 0 0 0 1 0 0 0 1 0 0 0 1 s\973s01.dat
4 16 19 29 10 19 32 10 -19 32 10 -19 29 10
4 16 -14.345 2 10 14.345 2 10 19 29 10 -19 29 10
4 16 -14.345 2 10 -12 0 10 12 0 10 14.345 2 10
1 0 0 -4 0 4.243 0 -4.243 0 -8 0 -4.243 0 -4.243 1-4cyli.dat

4 0 -15 13.8 -10 -14.3 13.75 -10 -14.5 13 -10 -14.85 13.1 -10
4 0 -14.3 13.75 -10 -13.95 13.55 -10 -14.2 12.75 -10 -14.5 13 -10
4 0 -13.95 13.55 -10 -13.5 12.95 -10 -13.6 11.2 -10 -14.2 12.75 -10
4 0 -13.5 12.95 -10 -12.9 11.4 -10 -13.3 10.25 -10 -13.6 11.2 -10
4 0 -12.9 11.4 -10 -12.6 10.45 -10 -12.45 9.7 -10 -13.3 10.25 -10
4 0 -13.3 10.25 -10 -12.45 9.7 -10 -12.3 8.7 -10 -13.1 9.55 -10
4 0 -13.1 9.55 -10 -12.3 8.7 -10 -12.1 6.6 -10 -12.9 7.6 -10
4 0 -12.9 7.6 -10 -12.1 6.6 -10 -12.45 4.1 -10 -12.7 5.6 -10
4 0 -12.1 6.6 -10 -11.75 4.3 -10 -12.1 2.75 -10 -12.45 4.1 -10
4 0 -11.5 1 -10 -12.1 2.75 -10 -11.75 4.3 -10 -11.35 2.5 -10
4 0 -11.35 2.5 -10 -11.1 2.45 -10 -10.5 1 -10 -11.5 1 -10
4 0 -10.5 1 -10 -11.1 2.45 -10 -11.05 2.85 -10 -10.5 2.3 -10
4 0 -10.65 3.1 -10 -10.5 2.3 -10 -11.05 2.85 -10 -10.95 3.05 -10
4 0 -10.3 2.4 -10 -10.5 2.3 -10 -10.65 3.1 -10 -10.25 3 -10
4 0 -8.15 1.7 -10 -10.3 2.4 -10 -10.25 3 -10 -7.6 2.25 -10
4 0 -8.15 1 -10 -8.15 1.7 -10 -7.6 2.25 -10 -7.45 1.7 -10
4 0 -6.55 1.4 -10 -7.4 1 -10 -8.15 1 -10 -7.45 1.7 -10
4 0 -5.5 1.75 -10 -6.55 1.4 -10 -7.45 1.7 -10 -6.5 2.05 -10
4 0 -4.55 1.95 -10 -5.5 1.75 -10 -6.5 2.05 -10 -5.25 2.4 -10
4 0 -3.15 2.15 -10 -4.55 1.95 -10 -5.25 2.4 -10 -4.1 2.6 -10
4 0 -1.4 2.3 -10 -3.15 2.15 -10 -4.1 2.6 -10 -2.7 2.75 -10
4 0 0 2.35 -10 -1.4 2.3 -10 -2.7 2.75 -10 -1.35 2.85 -10
4 0 -9.55 1.83 -10 -9.55 1.45 -10 -9.93 1.45 -10 -9.82 1.72 -10
4 0 -9.55 1.83 -10 -9.28 1.72 -10 -9.17 1.45 -10 -9.55 1.45 -10
4 0 -9.55 1.07 -10 -9.55 1.45 -10 -9.17 1.45 -10 -9.28 1.18 -10
4 0 -9.93 1.45 -10 -9.55 1.45 -10 -9.55 1.07 -10 -9.82 1.18 -10
3 16 -10.5 1 -10 -9.82 1.18 -10 -9.55 1.07 -10
4 16 -10.5 2.3 -10 -9.93 1.45 -10 -9.82 1.18 -10 -10.5 1 -10
4 16 -9.93 1.45 -10 -10.5 2.3 -10 -10.3 2.4 -10 -9.82 1.72 -10
3 16 -9.82 1.72 -10 -10.3 2.4 -10 -9.55 1.83 -10
4 16 -10.3 2.4 -10 -8.15 1.7 -10 -9.28 1.72 -10 -9.55 1.83 -10
4 16 -9.28 1.72 -10 -8.15 1.7 -10 -8.15 1 -10 -9.17 1.45 -10
3 16 -8.15 1 -10 -9.28 1.18 -10 -9.17 1.45 -10
3 16 -8.15 1 -10 -9.55 1.07 -10 -9.28 1.18 -10
3 16 -12 0 -10 -11.5 1 -10 -10.5 1 -10
4 16 -9.55 1.07 -10 -8.15 1 -10 -12 0 -10 -10.5 1 -10
3 16 -12 0 -10 -8.15 1 -10 -7.4 1 -10
4 71 -14.5 13 -10 -14.2 12.75 -10 -13.6 11.2 -10 -14.85 13.1 -10
4 71 -13.6 11.2 -10 -13.3 10.25 -10 -13.1 9.55 -10 -14.85 13.1 -10
4 71 -13.1 9.55 -10 -12.9 7.6 -10 -13.5 5.35 -10 -14.85 13.1 -10
4 71 -12.9 7.6 -10 -12.7 5.6 -10 -13.1 3.5 -10 -13.5 5.35 -10
4 71 -12.7 5.6 -10 -12.45 4.1 -10 -12.75 2.1 -10 -13.1 3.5 -10
4 71 -12.45 4.1 -10 -12.1 2.75 -10 -12.35 1.45 -10 -12.75 2.1 -10
4 71 -12.35 1.45 -10 -12.1 2.75 -10 -11.5 1 -10 -11.95 1.15 -10
4 71 -7.4 1 -10 -6.55 1.4 -10 -5.5 1.75 -10 0 1 -10
4 71 -5.5 1.75 -10 -4.55 1.95 -10 -3.15 2.15 -10 0 1 -10
4 71 -3.15 2.15 -10 -1.4 2.3 -10 0 2.35 -10 0 1 -10
3 16 -12 0 -10 -11.95 1.15 -10 -11.5 1 -10
4 16 -11.95 1.15 -10 -12 0 -10 -14.345 2 -10 -12.35 1.45 -10
3 16 -12.35 1.45 -10 -14.345 2 -10 -12.75 2.1 -10
3 16 -14.345 2 -10 -13.1 3.5 -10 -12.75 2.1 -10
3 16 -14.345 2 -10 -13.5 5.35 -10 -13.1 3.5 -10
4 16 -15 13.8 -10 -14.85 13.1 -10 -13.5 5.35 -10 -14.345 2 -10
4 0 -12.3 26.9 -10 -12.4 27.55 -10 -10.35 27.95 -10 -10.6 27.3 -10
4 0 -8.91 27.96 -10 -8.95 27.4 -10 -9.35 27.45 -10 -9.2 28 -10
4 0 -8.8 27.95 -10 -8.5 27.85 -10 -8.25 27.7 -10 -8.95 27.4 -10
4 0 -8.12 27.57 -10 -8.7 27.3 -10 -8.95 27.4 -10 -8.25 27.7 -10
4 0 -5.85 24.55 -10 -5.7 25.2 -10 0 25.2 -10 0 24.55 -10
4 0 -16.45 31.4 -10 -16.7 30.55 -10 -17.55 30.2 -10 -17.25 31.4 -10
4 0 -16.7 30.55 -10 -16.75 30.2 -10 -17.55 29.85 -10 -17.55 30.2 -10
4 0 -17.55 29.85 -10 -16.75 30.2 -10 -16.7 29.9 -10 -17.4 29.5 -10
4 0 -14.2 28.5 -10 -13.75 29.1 -10 -12.4 29.2 -10 -12.75 28.55 -10
4 0 -12.75 28.55 -10 -12.4 29.2 -10 -10.85 29.4 -10 -11.35 28.7 -10
4 0 -7.8 29.65 -10 -8.45 29.95 -10 -8.65 30.45 -10 -7.45 30.1 -10
4 0 -7.39 30.3 -10 -8.65 30.45 -10 -8.75 30.95 -10 -7.3 30.6 -10
4 0 -7.3 30.6 -10 -8.75 30.95 -10 -8.8 31.4 -10 -7.15 31.4 -10
4 72 -15.15 30.55 -10 -15.6 30.2 -10 -16.05 30.45 -10 -15.55 30.55 -10
4 72 -15.15 30.55 -10 -14.9 30.4 -10 -14.95 29.95 -10 -15.6 30.2 -10
4 72 -14.9 30.4 -10 -14.55 30.3 -10 -14.25 29.85 -10 -14.95 29.95 -10
4 72 -14.55 30.3 -10 -14.15 30.35 -10 -13.45 29.9 -10 -14.25 29.85 -10
4 72 -14.15 30.35 -10 -13.65 30.45 -10 -12.75 30.05 -10 -13.45 29.9 -10
4 72 -13.65 30.45 -10 -13.2 30.55 -10 -12.4 30.65 -10 -12.75 30.05 -10
4 72 -11.6 30.6 -10 -11.95 30.15 -10 -12.75 30.05 -10 -12.4 30.65 -10
4 72 -11.6 30.6 -10 -11.2 30.45 -10 -11 30.2 -10 -11.95 30.15 -10
4 72 -9.35 31.4 -10 -9.3 31 -10 -9.95 30.95 -10 -10.05 31.4 -10
4 72 -9.95 30.95 -10 -9.3 31 -10 -9.25 30.6 -10 -9.8 30.65 -10
4 72 -9.8 30.65 -10 -9.25 30.6 -10 -9.15 30.2 -10 -9.45 30.3 -10
4 71 -16.45 27.65 -10 -16.18 26.49 -10 -17.05 26.25 -10 -17.25 27.1 -10
4 71 -16.49 28.01 -10 -16.45 27.65 -10 -17.25 27.1 -10 -17.35 27.85 -10
4 71 -15.22 28.27 -10 -14.9 26.85 -10 -15.43 26.7 -10 -15.65 27.75 -10
4 71 -14.3 27.67 -10 -13.25 27.95 -10 -12.4 27.55 -10 -14.2 27.05 -10
4 71 -10.65 28.45 -10 -12.4 27.55 -10 -13.25 27.95 -10 -11.85 28.3 -10
3 71 -12.4 27.55 -10 -10.65 28.45 -10 -10.35 27.95 -10
4 71 -7.9 28.6 -10 -7.35 28.3 -10 -6.85 27.95 -10 -8.12 27.57 -10
4 16 -17 29.2 -10 -16.61 29.04 -10 -16.49 28.01 -10 -17.35 27.85 -10
3 16 -19 29 -10 -17.55 29.85 -10 -17.4 29.5 -10
4 16 -17 29.2 -10 -17.35 27.85 -10 -19 29 -10 -17.4 29.5 -10
3 16 -17.25 27.1 -10 -19 29 -10 -17.35 27.85 -10
3 16 -17.05 26.25 -10 -19 29 -10 -17.25 27.1 -10
4 16 -17.55 29.85 -10 -19 29 -10 -19 32 -10 -17.55 30.2 -10
3 16 -17.55 30.2 -10 -19 32 -10 -17.25 31.4 -10
3 16 -16.45 31.4 -10 -17.25 31.4 -10 -19 32 -10
4 16 -15.55 30.55 -10 -16.05 30.45 -10 -16.7 30.55 -10 -16.45 31.4 -10
4 16 -16.7 30.55 -10 -16.05 30.45 -10 -16.7 29.9 -10 -16.75 30.2 -10
4 16 -15.6 30.2 -10 -16.2 29.55 -10 -16.7 29.9 -10 -16.05 30.45 -10
4 16 -16.2 29.55 -10 -15.6 30.2 -10 -14.95 29.95 -10 -14.95 29.2 -10
4 16 -14.95 29.95 -10 -14.25 29.85 -10 -13.75 29.1 -10 -14.95 29.2 -10
4 16 -14.25 29.85 -10 -13.45 29.9 -10 -12.4 29.2 -10 -13.75 29.1 -10
4 16 -13.45 29.9 -10 -12.75 30.05 -10 -11.95 30.15 -10 -12.4 29.2 -10
4 16 -11.95 30.15 -10 -11 30.2 -10 -10.85 29.4 -10 -12.4 29.2 -10
4 16 -11 30.2 -10 -9.45 30.3 -10 -9.5 29.6 -10 -10.85 29.4 -10
4 16 -9.45 30.3 -10 -9.15 30.2 -10 -8.85 29.7 -10 -9.5 29.6 -10
4 16 -8.85 29.7 -10 -9.15 30.2 -10 -8.65 30.45 -10 -8.45 29.95 -10
4 16 -9.15 30.2 -10 -9.25 30.6 -10 -8.75 30.95 -10 -8.65 30.45 -10
3 16 -9.3 31 -10 -9.35 31.4 -10 -8.8 31.4 -10
4 16 -9.25 30.6 -10 -9.3 31 -10 -8.8 31.4 -10 -8.75 30.95 -10
4 16 -15.55 30.55 -10 -16.45 31.4 -10 -10.05 31.4 -10 -15.15 30.55 -10
4 16 -14.15 30.35 -10 -15.15 30.55 -10 -13.2 30.55 -10 -13.65 30.45 -10
4 16 -14.15 30.35 -10 -14.55 30.3 -10 -14.9 30.4 -10 -15.15 30.55 -10
4 16 -15.15 30.55 -10 -10.05 31.4 -10 -12.4 30.65 -10 -13.2 30.55 -10
4 16 -12.4 30.65 -10 -10.05 31.4 -10 -9.95 30.95 -10 -11.6 30.6 -10
4 16 -11.6 30.6 -10 -9.95 30.95 -10 -9.8 30.65 -10 -11.2 30.45 -10
4 16 -11.2 30.45 -10 -9.8 30.65 -10 -9.45 30.3 -10 -11 30.2 -10
4 16 -14.44 28.54 -10 -14.2 28.5 -10 -13.25 27.95 -10 -14.3 27.67 -10
4 16 -14.2 28.5 -10 -12.75 28.55 -10 -11.85 28.3 -10 -13.25 27.95 -10
4 16 -12.75 28.55 -10 -11.35 28.7 -10 -10.65 28.45 -10 -11.85 28.3 -10
4 16 -11.35 28.7 -10 -10.2 28.86 -10 -10.2 28.5 -10 -10.65 28.45 -10
4 16 -9.5 28.58 -10 -9.5 28.95 -10 -8.94 29.05 -10 -8.93 28.62 -10
4 16 -15.7 28.17 -10 -15.77 28.78 -10 -15.31 28.68 -10 -15.22 28.27 -10
3 71 -15.65 27.75 -10 -15.7 28.17 -10 -15.22 28.27 -10
4 71 -10.35 27.95 -10 -10.65 28.45 -10 -10.2 28.5 -10 -10.2 27.96 -10
4 71 -9.5 27.99 -10 -9.5 28.58 -10 -8.93 28.62 -10 -9.2 28 -10
3 71 -8.91 27.96 -10 -9.2 28 -10 -8.93 28.62 -10
3 71 -8.12 27.57 -10 -8.16 28.62 -10 -7.9 28.6 -10
4 72 -16.45 27.65 -10 -15.65 27.75 -10 -15.43 26.7 -10 -16.18 26.49 -10
4 72 -16.45 27.65 -10 -16.49 28.01 -10 -15.7 28.17 -10 -15.65 27.75 -10
4 72 -15.7 28.17 -10 -16.49 28.01 -10 -16.4 28.95 -10 -15.77 28.78 -10
3 72 -16.49 28.01 -10 -16.61 29.04 -10 -16.4 28.95 -10
4 72 -14.2 27.05 -10 -14.9 26.85 -10 -15.22 28.27 -10 -14.3 27.67 -10
4 72 -14.3 27.67 -10 -15.22 28.27 -10 -15.31 28.68 -10 -14.44 28.54 -10
4 72 -10.2 27.96 -10 -10.2 28.5 -10 -9.5 28.58 -10 -9.5 27.99 -10
4 72 -10.2 28.5 -10 -10.2 28.86 -10 -9.5 28.95 -10 -9.5 28.58 -10
4 72 -8.91 27.96 -10 -8.93 28.62 -10 -8.16 28.62 -10 -8.8 27.95 -10
3 72 -8.5 27.85 -10 -8.8 27.95 -10 -8.16 28.62 -10
3 72 -8.25 27.7 -10 -8.5 27.85 -10 -8.16 28.62 -10
3 72 -8.12 27.57 -10 -8.25 27.7 -10 -8.16 28.62 -10
4 72 -8.94 29.05 -10 -8.7 29.1 -10 -8.16 28.62 -10 -8.93 28.62 -10
3 72 -8.16 28.62 -10 -8.7 29.1 -10 -8.19 29.35 -10
4 0 -9.5 28.95 -10 -9.5 29.6 -10 -8.85 29.7 -10 -8.94 29.05 -10
3 0 -8.94 29.05 -10 -8.85 29.7 -10 -8.7 29.1 -10
4 0 -16.2 29.55 -10 -14.95 29.2 -10 -15.31 28.68 -10 -15.77 28.78 -10
3 0 -14.2 28.5 -10 -14.44 28.54 -10 -13.75 29.1 -10
4 0 -15.31 28.68 -10 -14.95 29.2 -10 -13.75 29.1 -10 -14.44 28.54 -10
3 0 -16.85 25.65 -10 -17.05 26.25 -10 -16.18 26.49 -10
3 0 -16.85 25.65 -10 -16.18 26.49 -10 -15.43 26.7 -10
4 0 -15.43 26.7 -10 -14.9 26.85 -10 -12.3 26.9 -10 -16.85 25.65 -10
3 0 -14.9 26.85 -10 -14.2 27.05 -10 -12.3 26.9 -10
3 0 -12.3 26.9 -10 -14.2 27.05 -10 -12.4 27.55 -10
4 0 -10.35 27.95 -10 -10.2 27.96 -10 -9.35 27.45 -10 -10.6 27.3 -10
3 0 -9.35 27.45 -10 -10.2 27.96 -10 -9.5 27.99 -10
3 0 -9.35 27.45 -10 -9.5 27.99 -10 -9.2 28 -10
3 0 -8.95 27.4 -10 -8.91 27.96 -10 -8.8 27.95 -10
4 0 -11.35 28.7 -10 -10.85 29.4 -10 -9.5 29.6 -10 -10.2 28.86 -10
3 0 -10.2 28.86 -10 -9.5 29.6 -10 -9.5 28.95 -10
4 0 -17.4 29.5 -10 -16.7 29.9 -10 -16.61 29.04 -10 -17 29.2 -10
3 0 -16.61 29.04 -10 -16.7 29.9 -10 -16.2 29.55 -10
4 0 -15.77 28.78 -10 -16.4 28.95 -10 -16.61 29.04 -10 -16.2 29.55 -10
4 16 -16.45 31.4 -10 -19 32 -10 -10 32 -10 -10.05 31.4 -10
3 16 -9.35 31.4 -10 -10.05 31.4 -10 -10 32 -10
3 16 -8.8 31.4 -10 -9.35 31.4 -10 -10 32 -10
3 16 -7.15 31.4 -10 -8.8 31.4 -10 -10 32 -10
4 72 -.91 28.37 -10 -1.54 28.11 -10 -1.67 28.75 -10 -.98 28.75 -10
4 72 -.98 28.75 -10 -1.67 28.75 -10 -1.54 29.39 -10 -.91 29.13 -10
4 72 -.91 29.13 -10 -1.54 29.39 -10 -1.18 29.93 -10 -.69 29.44 -10
4 72 -.69 29.44 -10 -1.18 29.93 -10 -.64 30.29 -10 -.38 29.66 -10
4 72 -.38 29.66 -10 -.64 30.29 -10 0 30.42 -10 0 29.73 -10
4 72 0 27.77 -10 0 27.08 -10 -.64 27.21 -10 -.38 27.84 -10
4 72 -1.18 27.57 -10 -.69 28.06 -10 -.38 27.84 -10 -.64 27.21 -10
4 72 -.69 28.06 -10 -1.18 27.57 -10 -1.54 28.11 -10 -.91 28.37 -10
4 71 -.98 28.75 -10 -.91 29.13 -10 -.69 29.44 -10 -.91 28.37 -10
4 71 -.91 28.37 -10 -.69 29.44 -10 -.38 27.84 -10 -.69 28.06 -10
4 71 -.69 29.44 -10 -.38 29.66 -10 0 29.73 -10 -.38 27.84 -10
4 72 -5.25 26.25 -10 -4.6 26.8 -10 -4.58 26.7 -10 -5.23 26.15 -10
4 72 -5.23 26.15 -10 -4.58 26.7 -10 -4.53 26.62 -10 -5.18 26.07 -10
4 72 -5.18 26.07 -10 -4.53 26.62 -10 -4.45 26.57 -10 -5.1 26.02 -10
4 72 -5.1 26.02 -10 -4.45 26.57 -10 -4.35 26.55 -10 -5 26 -10
4 72 -5.25 31.15 -10 -5.23 31.25 -10 -4.58 30.7 -10 -4.6 30.6 -10
4 72 -5.23 31.25 -10 -5.18 31.33 -10 -4.53 30.78 -10 -4.58 30.7 -10
4 72 -5.18 31.33 -10 -5.1 31.38 -10 -4.45 30.83 -10 -4.53 30.78 -10
4 72 -5.1 31.38 -10 -5 31.4 -10 -4.35 30.85 -10 -4.45 30.83 -10
4 72 -5 26 -10 -4.35 26.55 -10 0 26.55 -10 0 26 -10
4 72 -5 31.4 -10 0 31.4 -10 0 30.85 -10 -4.35 30.85 -10
4 16 -1.67 28.75 -10 -1.54 28.11 -10 -4.58 26.7 -10 -4.6 26.8 -10
4 16 -4.58 26.7 -10 -1.54 28.11 -10 -4.45 26.57 -10 -4.53 26.62 -10
4 16 -4.45 26.57 -10 -1.54 28.11 -10 -1.18 27.57 -10 -4.35 26.55 -10
4 16 -1.18 27.57 -10 -.64 27.21 -10 0 26.55 -10 -4.35 26.55 -10
3 16 0 26.55 -10 -.64 27.21 -10 0 27.08 -10
4 16 -4.6 26.8 -10 -4.6 30.6 -10 -1.54 29.39 -10 -1.67 28.75 -10
4 16 -4.6 30.6 -10 -4.58 30.7 -10 -4.53 30.78 -10 -1.54 29.39 -10
4 16 -1.54 29.39 -10 -4.53 30.78 -10 -4.45 30.83 -10 -1.18 29.93 -10
4 16 -4.45 30.83 -10 -4.35 30.85 -10 -.64 30.29 -10 -1.18 29.93 -10
4 16 0 30.42 -10 -.64 30.29 -10 -4.35 30.85 -10 0 30.85 -10
3 16 -5.23 31.25 -10 -7.15 31.4 -10 -5.18 31.33 -10
4 16 -5.18 31.33 -10 -7.15 31.4 -10 -10 32 -10 -5.1 31.38 -10
3 16 -5.1 31.38 -10 -10 32 -10 -5 31.4 -10
3 71 -5.7 25.2 -10 -5.1 26.02 -10 -5 26 -10
3 71 -5.7 25.2 -10 -5.18 26.07 -10 -5.1 26.02 -10
3 71 -5.7 25.2 -10 -5.23 26.15 -10 -5.18 26.07 -10
3 71 -5.7 25.2 -10 -5.25 26.25 -10 -5.23 26.15 -10
4 71 -8.12 27.57 -10 -6.85 27.95 -10 -5.25 26.25 -10 -5.7 25.2 -10
3 71 -5.25 26.25 -10 -6.85 27.95 -10 -6.35 27.85 -10
3 71 -5.25 26.25 -10 -6.35 27.85 -10 -5.25 27.8 -10
4 71 -5.7 25.2 -10 -5 26 -10 0 26 -10 0 25.2 -10
4 16 -8.16 28.62 -10 -8.19 29.35 -10 -8.06 29.45 -10 -7.9 28.6 -10
4 16 -8.06 29.45 -10 -5.25 29.4 -10 -7.35 28.3 -10 -7.9 28.6 -10
3 16 -6.85 27.95 -10 -7.35 28.3 -10 -5.25 29.4 -10
4 16 -5.25 27.8 -10 -6.35 27.85 -10 -6.85 27.95 -10 -5.25 29.4 -10
4 16 -7.39 30.3 -10 -7.3 30.6 -10 -5.25 31.15 -10 -5.25 30.25 -10
4 16 -5.23 31.25 -10 -5.25 31.15 -10 -7.3 30.6 -10 -7.15 31.4 -10
3 71 -5.25 29.4 -10 -8.06 29.45 -10 -7.8 29.65 -10
4 71 -7.8 29.65 -10 -7.45 30.1 -10 -5.25 30.25 -10 -5.25 29.4 -10
3 71 -7.45 30.1 -10 -7.39 30.3 -10 -5.25 30.25 -10
4 0 -8.7 29.1 -10 -8.85 29.7 -10 -8.06 29.45 -10 -8.19 29.35 -10
4 0 -7.8 29.65 -10 -8.06 29.45 -10 -8.85 29.7 -10 -8.45 29.95 -10
3 0 -7.45 30.1 -10 -8.65 30.45 -10 -7.39 30.3 -10
3 72 -5.25 26.25 -10 -5.25 27.8 -10 -4.6 26.8 -10
4 72 -5.25 27.8 -10 -5.25 29.4 -10 -4.6 30.6 -10 -4.6 26.8 -10
3 72 -5.25 29.4 -10 -5.25 30.25 -10 -4.6 30.6 -10
3 72 -5.25 30.25 -10 -5.25 31.15 -10 -4.6 30.6 -10
4 0 14.5 13 -10 14.3 13.75 -10 15 13.8 -10 14.85 13.1 -10
4 0 14.2 12.75 -10 13.95 13.55 -10 14.3 13.75 -10 14.5 13 -10
4 0 13.6 11.2 -10 13.5 12.95 -10 13.95 13.55 -10 14.2 12.75 -10
4 0 13.3 10.25 -10 12.9 11.4 -10 13.5 12.95 -10 13.6 11.2 -10
4 0 12.9 11.4 -10 13.3 10.25 -10 12.45 9.7 -10 12.6 10.45 -10
4 0 12.3 8.7 -10 12.45 9.7 -10 13.3 10.25 -10 13.1 9.55 -10
4 0 12.1 6.6 -10 12.3 8.7 -10 13.1 9.55 -10 12.9 7.6 -10
4 0 12.45 4.1 -10 12.1 6.6 -10 12.9 7.6 -10 12.7 5.6 -10
4 0 12.1 2.75 -10 11.75 4.3 -10 12.1 6.6 -10 12.45 4.1 -10
4 0 11.75 4.3 -10 12.1 2.75 -10 11.5 1 -10 11.35 2.5 -10
4 0 11.35 2.5 -10 11.5 1 -10 10.5 1 -10 11.1 2.45 -10
4 0 10.5 1 -10 10.5 2.3 -10 11.05 2.85 -10 11.1 2.45 -10
4 0 11.05 2.85 -10 10.5 2.3 -10 10.65 3.1 -10 10.95 3.05 -10
4 0 10.65 3.1 -10 10.5 2.3 -10 10.3 2.4 -10 10.25 3 -10
4 0 10.25 3 -10 10.3 2.4 -10 8.15 1.7 -10 7.6 2.25 -10
4 0 8.15 1 -10 7.45 1.7 -10 7.6 2.25 -10 8.15 1.7 -10
4 0 8.15 1 -10 7.4 1 -10 6.55 1.4 -10 7.45 1.7 -10
4 0 7.45 1.7 -10 6.55 1.4 -10 5.5 1.75 -10 6.5 2.05 -10
4 0 6.5 2.05 -10 5.5 1.75 -10 4.55 1.95 -10 5.25 2.4 -10
4 0 5.25 2.4 -10 4.55 1.95 -10 3.15 2.15 -10 4.1 2.6 -10
4 0 4.1 2.6 -10 3.15 2.15 -10 1.4 2.3 -10 2.7 2.75 -10
4 0 2.7 2.75 -10 1.4 2.3 -10 0 2.35 -10 1.35 2.85 -10
4 0 -1.35 2.85 -10 0 2.9 -10 1.35 2.85 -10 0 2.35 -10
4 0 9.93 1.45 -10 9.55 1.45 -10 9.55 1.83 -10 9.82 1.72 -10
4 0 9.55 1.83 -10 9.55 1.45 -10 9.17 1.45 -10 9.28 1.72 -10
4 0 9.17 1.45 -10 9.55 1.45 -10 9.55 1.07 -10 9.28 1.18 -10
4 0 9.93 1.45 -10 9.82 1.18 -10 9.55 1.07 -10 9.55 1.45 -10
3 16 10.5 1 -10 9.55 1.07 -10 9.82 1.18 -10
4 16 9.82 1.18 -10 9.93 1.45 -10 10.5 2.3 -10 10.5 1 -10
4 16 10.3 2.4 -10 10.5 2.3 -10 9.93 1.45 -10 9.82 1.72 -10
3 16 9.82 1.72 -10 9.55 1.83 -10 10.3 2.4 -10
4 16 10.3 2.4 -10 9.55 1.83 -10 9.28 1.72 -10 8.15 1.7 -10
4 16 8.15 1 -10 8.15 1.7 -10 9.28 1.72 -10 9.17 1.45 -10
3 16 8.15 1 -10 9.17 1.45 -10 9.28 1.18 -10
3 16 8.15 1 -10 9.28 1.18 -10 9.55 1.07 -10
3 16 12 0 -10 10.5 1 -10 11.5 1 -10
4 16 9.55 1.07 -10 10.5 1 -10 12 0 -10 8.15 1 -10
3 16 12 0 -10 7.4 1 -10 8.15 1 -10
4 71 14.5 13 -10 14.85 13.1 -10 13.6 11.2 -10 14.2 12.75 -10
4 71 13.6 11.2 -10 14.85 13.1 -10 13.1 9.55 -10 13.3 10.25 -10
4 71 13.1 9.55 -10 14.85 13.1 -10 13.5 5.35 -10 12.9 7.6 -10
4 71 13.1 3.5 -10 12.7 5.6 -10 12.9 7.6 -10 13.5 5.35 -10
4 71 12.75 2.1 -10 12.45 4.1 -10 12.7 5.6 -10 13.1 3.5 -10
4 71 12.35 1.45 -10 12.1 2.75 -10 12.45 4.1 -10 12.75 2.1 -10
4 71 11.5 1 -10 12.1 2.75 -10 12.35 1.45 -10 11.95 1.15 -10
4 71 7.4 1 -10 0 1 -10 5.5 1.75 -10 6.55 1.4 -10
4 71 5.5 1.75 -10 0 1 -10 3.15 2.15 -10 4.55 1.95 -10
4 71 3.15 2.15 -10 0 1 -10 0 2.35 -10 1.4 2.3 -10
3 16 12 0 -10 0 1 -10 7.4 1 -10
3 16 12 0 -10 11.5 1 -10 11.95 1.15 -10
4 16 11.95 1.15 -10 12.35 1.45 -10 14.345 2 -10 12 0 -10
3 16 12.35 1.45 -10 12.75 2.1 -10 14.345 2 -10
3 16 14.345 2 -10 12.75 2.1 -10 13.1 3.5 -10
3 16 14.345 2 -10 13.1 3.5 -10 13.5 5.35 -10
4 16 13.5 5.35 -10 14.85 13.1 -10 15 13.8 -10 14.345 2 -10
4 0 12.3 26.9 -10 10.6 27.3 -10 10.35 27.95 -10 12.4 27.55 -10
4 0 8.91 27.96 -10 9.2 28 -10 9.35 27.45 -10 8.95 27.4 -10
4 0 8.8 27.95 -10 8.95 27.4 -10 8.25 27.7 -10 8.5 27.85 -10
4 0 8.12 27.57 -10 8.25 27.7 -10 8.95 27.4 -10 8.7 27.3 -10
4 0 16.45 31.4 -10 17.25 31.4 -10 17.55 30.2 -10 16.7 30.55 -10
4 0 17.55 29.85 -10 16.75 30.2 -10 16.7 30.55 -10 17.55 30.2 -10
4 0 17.55 29.85 -10 17.4 29.5 -10 16.7 29.9 -10 16.75 30.2 -10
4 0 14.2 28.5 -10 12.75 28.55 -10 12.4 29.2 -10 13.75 29.1 -10
4 0 12.75 28.55 -10 11.35 28.7 -10 10.85 29.4 -10 12.4 29.2 -10
4 0 7.8 29.65 -10 7.45 30.1 -10 8.65 30.45 -10 8.45 29.95 -10
4 0 7.39 30.3 -10 7.3 30.6 -10 8.75 30.95 -10 8.65 30.45 -10
4 0 7.3 30.6 -10 7.15 31.4 -10 8.8 31.4 -10 8.75 30.95 -10
4 72 16.05 30.45 -10 15.6 30.2 -10 15.15 30.55 -10 15.55 30.55 -10
4 72 14.95 29.95 -10 14.9 30.4 -10 15.15 30.55 -10 15.6 30.2 -10
4 72 14.25 29.85 -10 14.55 30.3 -10 14.9 30.4 -10 14.95 29.95 -10
4 72 14.55 30.3 -10 14.25 29.85 -10 13.45 29.9 -10 14.15 30.35 -10
4 72 14.15 30.35 -10 13.45 29.9 -10 12.75 30.05 -10 13.65 30.45 -10
4 72 13.65 30.45 -10 12.75 30.05 -10 12.4 30.65 -10 13.2 30.55 -10
4 72 12.75 30.05 -10 11.95 30.15 -10 11.6 30.6 -10 12.4 30.65 -10
4 72 11 30.2 -10 11.2 30.45 -10 11.6 30.6 -10 11.95 30.15 -10
4 72 9.35 31.4 -10 10.05 31.4 -10 9.95 30.95 -10 9.3 31 -10
4 72 9.25 30.6 -10 9.3 31 -10 9.95 30.95 -10 9.8 30.65 -10
4 72 9.15 30.2 -10 9.25 30.6 -10 9.8 30.65 -10 9.45 30.3 -10
4 71 17.05 26.25 -10 16.18 26.49 -10 16.45 27.65 -10 17.25 27.1 -10
4 71 16.49 28.01 -10 17.35 27.85 -10 17.25 27.1 -10 16.45 27.65 -10
4 71 15.22 28.27 -10 15.65 27.75 -10 15.43 26.7 -10 14.9 26.85 -10
4 71 14.3 27.67 -10 14.2 27.05 -10 12.4 27.55 -10 13.25 27.95 -10
4 71 13.25 27.95 -10 12.4 27.55 -10 10.65 28.45 -10 11.85 28.3 -10
3 71 12.4 27.55 -10 10.35 27.95 -10 10.65 28.45 -10
4 71 6.85 27.95 -10 7.35 28.3 -10 7.9 28.6 -10 8.12 27.57 -10
4 16 16.49 28.01 -10 16.61 29.04 -10 17 29.2 -10 17.35 27.85 -10
3 16 19 29 -10 17.4 29.5 -10 17.55 29.85 -10
4 16 17 29.2 -10 17.4 29.5 -10 19 29 -10 17.35 27.85 -10
3 16 17.25 27.1 -10 17.35 27.85 -10 19 29 -10
3 16 17.05 26.25 -10 17.25 27.1 -10 19 29 -10
4 16 17.55 29.85 -10 17.55 30.2 -10 19 32 -10 19 29 -10
3 16 17.55 30.2 -10 17.25 31.4 -10 19 32 -10
3 16 17.25 31.4 -10 16.45 31.4 -10 19 32 -10
4 16 16.7 30.55 -10 16.05 30.45 -10 15.55 30.55 -10 16.45 31.4 -10
4 16 16.7 30.55 -10 16.75 30.2 -10 16.7 29.9 -10 16.05 30.45 -10
4 16 16.7 29.9 -10 16.2 29.55 -10 15.6 30.2 -10 16.05 30.45 -10
4 16 16.2 29.55 -10 14.95 29.2 -10 14.95 29.95 -10 15.6 30.2 -10
4 16 13.75 29.1 -10 14.25 29.85 -10 14.95 29.95 -10 14.95 29.2 -10
4 16 14.25 29.85 -10 13.75 29.1 -10 12.4 29.2 -10 13.45 29.9 -10
4 16 13.45 29.9 -10 12.4 29.2 -10 11.95 30.15 -10 12.75 30.05 -10
4 16 11.95 30.15 -10 12.4 29.2 -10 10.85 29.4 -10 11 30.2 -10
4 16 11 30.2 -10 10.85 29.4 -10 9.5 29.6 -10 9.45 30.3 -10
4 16 8.85 29.7 -10 9.15 30.2 -10 9.45 30.3 -10 9.5 29.6 -10
4 16 8.85 29.7 -10 8.45 29.95 -10 8.65 30.45 -10 9.15 30.2 -10
4 16 9.15 30.2 -10 8.65 30.45 -10 8.75 30.95 -10 9.25 30.6 -10
3 16 9.3 31 -10 8.8 31.4 -10 9.35 31.4 -10
4 16 9.25 30.6 -10 8.75 30.95 -10 8.8 31.4 -10 9.3 31 -10
4 16 15.55 30.55 -10 15.15 30.55 -10 10.05 31.4 -10 16.45 31.4 -10
4 16 13.2 30.55 -10 15.15 30.55 -10 14.15 30.35 -10 13.65 30.45 -10
4 16 14.15 30.35 -10 15.15 30.55 -10 14.9 30.4 -10 14.55 30.3 -10
4 16 15.15 30.55 -10 13.2 30.55 -10 12.4 30.65 -10 10.05 31.4 -10
4 16 12.4 30.65 -10 11.6 30.6 -10 9.95 30.95 -10 10.05 31.4 -10
4 16 11.6 30.6 -10 11.2 30.45 -10 9.8 30.65 -10 9.95 30.95 -10
4 16 11.2 30.45 -10 11 30.2 -10 9.45 30.3 -10 9.8 30.65 -10
4 16 14.44 28.54 -10 14.3 27.67 -10 13.25 27.95 -10 14.2 28.5 -10
4 16 14.2 28.5 -10 13.25 27.95 -10 11.85 28.3 -10 12.75 28.55 -10
4 16 12.75 28.55 -10 11.85 28.3 -10 10.65 28.45 -10 11.35 28.7 -10
4 16 11.35 28.7 -10 10.65 28.45 -10 10.2 28.5 -10 10.2 28.86 -10
4 16 9.5 28.58 -10 8.93 28.62 -10 8.94 29.05 -10 9.5 28.95 -10
4 16 15.31 28.68 -10 15.77 28.78 -10 15.7 28.17 -10 15.22 28.27 -10
3 71 15.65 27.75 -10 15.22 28.27 -10 15.7 28.17 -10
4 71 10.35 27.95 -10 10.2 27.96 -10 10.2 28.5 -10 10.65 28.45 -10
4 71 9.5 27.99 -10 9.2 28 -10 8.93 28.62 -10 9.5 28.58 -10
3 71 8.91 27.96 -10 8.93 28.62 -10 9.2 28 -10
3 71 8.12 27.57 -10 7.9 28.6 -10 8.16 28.62 -10
4 72 16.45 27.65 -10 16.18 26.49 -10 15.43 26.7 -10 15.65 27.75 -10
4 72 16.45 27.65 -10 15.65 27.75 -10 15.7 28.17 -10 16.49 28.01 -10
4 72 15.7 28.17 -10 15.77 28.78 -10 16.4 28.95 -10 16.49 28.01 -10
3 72 16.49 28.01 -10 16.4 28.95 -10 16.61 29.04 -10
4 72 14.2 27.05 -10 14.3 27.67 -10 15.22 28.27 -10 14.9 26.85 -10
4 72 14.3 27.67 -10 14.44 28.54 -10 15.31 28.68 -10 15.22 28.27 -10
4 72 10.2 27.96 -10 9.5 27.99 -10 9.5 28.58 -10 10.2 28.5 -10
4 72 10.2 28.5 -10 9.5 28.58 -10 9.5 28.95 -10 10.2 28.86 -10
4 72 8.91 27.96 -10 8.8 27.95 -10 8.16 28.62 -10 8.93 28.62 -10
3 72 8.5 27.85 -10 8.16 28.62 -10 8.8 27.95 -10
3 72 8.25 27.7 -10 8.16 28.62 -10 8.5 27.85 -10
3 72 8.12 27.57 -10 8.16 28.62 -10 8.25 27.7 -10
4 72 8.94 29.05 -10 8.93 28.62 -10 8.16 28.62 -10 8.7 29.1 -10
3 72 8.16 28.62 -10 8.19 29.35 -10 8.7 29.1 -10
4 0 8.06 29.45 -10 8.85 29.7 -10 8.7 29.1 -10 8.19 29.35 -10
4 0 9.5 28.95 -10 8.94 29.05 -10 8.85 29.7 -10 9.5 29.6 -10
3 0 8.94 29.05 -10 8.7 29.1 -10 8.85 29.7 -10
4 0 15.31 28.68 -10 14.95 29.2 -10 16.2 29.55 -10 15.77 28.78 -10
3 0 14.2 28.5 -10 13.75 29.1 -10 14.44 28.54 -10
4 0 15.31 28.68 -10 14.44 28.54 -10 13.75 29.1 -10 14.95 29.2 -10
3 0 16.85 25.65 -10 16.18 26.49 -10 17.05 26.25 -10
3 0 16.85 25.65 -10 15.43 26.7 -10 16.18 26.49 -10
4 0 12.3 26.9 -10 14.9 26.85 -10 15.43 26.7 -10 16.85 25.65 -10
3 0 14.9 26.85 -10 12.3 26.9 -10 14.2 27.05 -10
3 0 12.3 26.9 -10 12.4 27.55 -10 14.2 27.05 -10
4 0 10.35 27.95 -10 10.6 27.3 -10 9.35 27.45 -10 10.2 27.96 -10
3 0 9.35 27.45 -10 9.5 27.99 -10 10.2 27.96 -10
3 0 9.35 27.45 -10 9.2 28 -10 9.5 27.99 -10
3 0 8.95 27.4 -10 8.8 27.95 -10 8.91 27.96 -10
4 0 11.35 28.7 -10 10.2 28.86 -10 9.5 29.6 -10 10.85 29.4 -10
3 0 10.2 28.86 -10 9.5 28.95 -10 9.5 29.6 -10
4 0 17.4 29.5 -10 17 29.2 -10 16.61 29.04 -10 16.7 29.9 -10
3 0 16.61 29.04 -10 16.2 29.55 -10 16.7 29.9 -10
4 0 15.77 28.78 -10 16.2 29.55 -10 16.61 29.04 -10 16.4 28.95 -10
4 16 16.45 31.4 -10 10.05 31.4 -10 10 32 -10 19 32 -10
3 16 10.05 31.4 -10 9.35 31.4 -10 10 32 -10
3 16 9.35 31.4 -10 8.8 31.4 -10 10 32 -10
3 16 8.8 31.4 -10 7.15 31.4 -10 10 32 -10
4 72 .91 28.37 -10 .98 28.75 -10 1.67 28.75 -10 1.54 28.11 -10
4 72 .98 28.75 -10 .91 29.13 -10 1.54 29.39 -10 1.67 28.75 -10
4 72 .91 29.13 -10 .69 29.44 -10 1.18 29.93 -10 1.54 29.39 -10
4 72 .69 29.44 -10 .38 29.66 -10 .64 30.29 -10 1.18 29.93 -10
4 72 .38 29.66 -10 0 29.73 -10 0 30.42 -10 .64 30.29 -10
4 72 .64 27.21 -10 0 27.08 -10 0 27.77 -10 .38 27.84 -10
4 72 .38 27.84 -10 .69 28.06 -10 1.18 27.57 -10 .64 27.21 -10
4 72 .69 28.06 -10 .91 28.37 -10 1.54 28.11 -10 1.18 27.57 -10
4 71 .98 28.75 -10 .91 28.37 -10 .69 29.44 -10 .91 29.13 -10
4 71 .38 27.84 -10 .69 29.44 -10 .91 28.37 -10 .69 28.06 -10
4 71 .69 29.44 -10 .38 27.84 -10 0 29.73 -10 .38 29.66 -10
4 71 -.38 27.84 -10 0 29.73 -10 .38 27.84 -10 0 27.77 -10
4 72 5.25 26.25 -10 5.23 26.15 -10 4.58 26.7 -10 4.6 26.8 -10
4 72 5.23 26.15 -10 5.18 26.07 -10 4.53 26.62 -10 4.58 26.7 -10
4 72 5.18 26.07 -10 5.1 26.02 -10 4.45 26.57 -10 4.53 26.62 -10
4 72 5.1 26.02 -10 5 26 -10 4.35 26.55 -10 4.45 26.57 -10
4 72 5.25 31.15 -10 4.6 30.6 -10 4.58 30.7 -10 5.23 31.25 -10
4 72 5.23 31.25 -10 4.58 30.7 -10 4.53 30.78 -10 5.18 31.33 -10
4 72 5.18 31.33 -10 4.53 30.78 -10 4.45 30.83 -10 5.1 31.38 -10
4 72 5.1 31.38 -10 4.45 30.83 -10 4.35 30.85 -10 5 31.4 -10
4 72 5 26 -10 0 26 -10 0 26.55 -10 4.35 26.55 -10
4 72 5 31.4 -10 4.35 30.85 -10 0 30.85 -10 0 31.4 -10
4 16 1.67 28.75 -10 4.6 26.8 -10 4.58 26.7 -10 1.54 28.11 -10
4 16 4.45 26.57 -10 1.54 28.11 -10 4.58 26.7 -10 4.53 26.62 -10
4 16 4.45 26.57 -10 4.35 26.55 -10 1.18 27.57 -10 1.54 28.11 -10
4 16 1.18 27.57 -10 4.35 26.55 -10 0 26.55 -10 .64 27.21 -10
3 16 0 26.55 -10 0 27.08 -10 .64 27.21 -10
4 16 4.6 26.8 -10 1.67 28.75 -10 1.54 29.39 -10 4.6 30.6 -10
4 16 4.6 30.6 -10 1.54 29.39 -10 4.53 30.78 -10 4.58 30.7 -10
4 16 1.54 29.39 -10 1.18 29.93 -10 4.45 30.83 -10 4.53 30.78 -10
4 16 .64 30.29 -10 4.35 30.85 -10 4.45 30.83 -10 1.18 29.93 -10
4 16 4.35 30.85 -10 .64 30.29 -10 0 30.42 -10 0 30.85 -10
3 16 5.23 31.25 -10 5.18 31.33 -10 7.15 31.4 -10
4 16 5.18 31.33 -10 5.1 31.38 -10 10 32 -10 7.15 31.4 -10
3 16 5.1 31.38 -10 5 31.4 -10 10 32 -10
3 16 5 31.4 -10 0 31.4 -10 10 32 -10
3 71 5.7 25.2 -10 5 26 -10 5.1 26.02 -10
3 71 5.7 25.2 -10 5.1 26.02 -10 5.18 26.07 -10
3 71 5.7 25.2 -10 5.18 26.07 -10 5.23 26.15 -10
3 71 5.7 25.2 -10 5.23 26.15 -10 5.25 26.25 -10
4 71 8.12 27.57 -10 5.7 25.2 -10 5.25 26.25 -10 6.85 27.95 -10
3 71 5.25 26.25 -10 6.35 27.85 -10 6.85 27.95 -10
3 71 5.25 26.25 -10 5.25 27.8 -10 6.35 27.85 -10
4 71 0 26 -10 5 26 -10 5.7 25.2 -10 0 25.2 -10
4 16 8.16 28.62 -10 7.9 28.6 -10 8.06 29.45 -10 8.19 29.35 -10
4 16 7.35 28.3 -10 5.25 29.4 -10 8.06 29.45 -10 7.9 28.6 -10
3 16 6.85 27.95 -10 5.25 29.4 -10 7.35 28.3 -10
4 16 5.25 27.8 -10 5.25 29.4 -10 6.85 27.95 -10 6.35 27.85 -10
4 16 7.39 30.3 -10 5.25 30.25 -10 5.25 31.15 -10 7.3 30.6 -10
4 16 5.23 31.25 -10 7.15 31.4 -10 7.3 30.6 -10 5.25 31.15 -10
3 71 5.25 29.4 -10 7.8 29.65 -10 8.06 29.45 -10
4 71 7.8 29.65 -10 5.25 29.4 -10 5.25 30.25 -10 7.45 30.1 -10
3 71 7.45 30.1 -10 5.25 30.25 -10 7.39 30.3 -10
4 0 8.85 29.7 -10 8.06 29.45 -10 7.8 29.65 -10 8.45 29.95 -10
3 0 7.45 30.1 -10 7.39 30.3 -10 8.65 30.45 -10
3 72 5.25 26.25 -10 4.6 26.8 -10 5.25 27.8 -10
4 72 5.25 27.8 -10 4.6 26.8 -10 4.6 30.6 -10 5.25 29.4 -10
3 72 5.25 29.4 -10 4.6 30.6 -10 5.25 30.25 -10
3 72 5.25 30.25 -10 4.6 30.6 -10 5.25 31.15 -10
4 16 -5 31.4 -10 -10 32 -10 10 32 -10 0 31.4 -10
4 16 -7.4 1 -10 0 1 -10 12 0 -10 -12 0 -10
4 16 15 13.8 -10 16.85 25.65 -10 19 29 -10 14.345 2 -10
3 16 16.85 25.65 -10 17.05 26.25 -10 19 29 -10
4 16 -15 13.8 -10 -19 29 -10 -17.05 26.25 -10 -16.85 25.65 -10
3 16 -14.345 2 -10 -19 29 -10 -15 13.8 -10
4 4 -9.57 18.77 -10 -9.95 19.15 -10 -9.41 19.15 -10 -9.45 18.94 -10
4 4 -9.95 18.61 -10 -9.95 19.15 -10 -9.57 18.77 -10 -9.74 18.65 -10
4 4 -9.95 18.61 -10 -10.16 18.65 -10 -10.33 18.77 -10 -9.95 19.15 -10
4 4 -10.49 19.15 -10 -9.95 19.15 -10 -10.33 18.77 -10 -10.45 18.94 -10
4 4 -10.33 21.58 -10 -9.95 21.2 -10 -10.49 21.2 -10 -10.45 21.41 -10
4 4 -9.41 21.2 -10 -9.95 21.2 -10 -9.57 21.58 -10 -9.45 21.41 -10
4 4 -9.57 21.58 -10 -9.95 21.2 -10 -9.95 21.74 -10 -9.74 21.7 -10
4 4 -9.95 21.74 -10 -9.95 21.2 -10 -10.33 21.58 -10 -10.16 21.7 -10
4 4 -10.49 19.15 -10 -10.49 21.2 -10 -9.95 21.2 -10 -9.95 19.15 -10
4 4 -9.95 21.2 -10 -9.41 21.2 -10 -9.41 19.15 -10 -9.95 19.15 -10
4 71 -7.82 17.17 -10 -8.2 17.55 -10 -7.66 17.55 -10 -7.7 17.34 -10
4 71 -8.2 17.01 -10 -8.2 17.55 -10 -7.82 17.17 -10 -8 17.05 -10
4 71 -8.2 17.01 -10 -8.41 17.05 -10 -8.58 17.17 -10 -8.2 17.55 -10
4 71 -8.74 17.55 -10 -8.2 17.55 -10 -8.58 17.17 -10 -8.7 17.34 -10
4 71 -8.58 19.98 -10 -8.2 19.6 -10 -8.74 19.6 -10 -8.7 19.81 -10
4 71 -7.82 19.98 -10 -7.7 19.81 -10 -7.66 19.6 -10 -8.2 19.6 -10
4 71 -7.82 19.98 -10 -8.2 19.6 -10 -8.2 20.14 -10 -8 20.1 -10
4 71 -8.2 20.14 -10 -8.2 19.6 -10 -8.58 19.98 -10 -8.41 20.1 -10
4 71 -8.74 17.55 -10 -8.74 19.6 -10 -8.2 19.6 -10 -8.2 17.55 -10
4 71 -8.2 19.6 -10 -7.66 19.6 -10 -7.66 17.55 -10 -8.2 17.55 -10
4 320 7.25 18.35 -10 7.25 18.95 -10 7.85 18.95 -10 7.85 18.35 -10
4 320 7.25 16.35 -10 7.25 16.95 -10 7.85 16.95 -10 7.85 16.35 -10
4 320 7.25 20.45 -10 7.25 21.05 -10 7.85 21.05 -10 7.85 20.45 -10
4 71 7.25 16.95 -10 7.25 18.35 -10 7.85 18.35 -10 7.85 16.95 -10
4 71 7.25 18.95 -10 7.25 20.45 -10 7.85 20.45 -10 7.85 18.95 -10
4 71 7.25 16.35 -10 7.85 16.35 -10 8.55 15.2 -10 6.55 15.2 -10
3 71 8.55 15.2 -10 7.85 16.35 -10 7.85 16.95 -10
3 71 8.55 15.2 -10 7.85 16.95 -10 7.85 18.35 -10
3 71 8.55 15.2 -10 7.85 18.35 -10 7.85 18.95 -10
4 71 7.85 18.95 -10 7.85 20.45 -10 8.55 22.55 -10 8.55 15.2 -10
3 71 7.85 20.45 -10 7.85 21.05 -10 8.55 22.55 -10
4 71 7.85 21.05 -10 7.25 21.05 -10 6.55 22.55 -10 8.55 22.55 -10
3 71 7.25 20.45 -10 6.55 22.55 -10 7.25 21.05 -10
4 71 6.55 15.2 -10 6.55 22.55 -10 7.25 20.45 -10 7.25 18.95 -10
3 71 6.55 15.2 -10 7.25 18.95 -10 7.25 18.35 -10
3 71 6.55 15.2 -10 7.25 18.35 -10 7.25 16.95 -10
3 71 6.55 15.2 -10 7.25 16.95 -10 7.25 16.35 -10
4 71 -4.1 22.2 -10 -4.1 23 -10 -3.4 23 -10 -3.4 22.2 -10
4 71 -2.9 22.2 -10 -2.9 23 -10 -2.2 23 -10 -2.2 22.2 -10
4 0 -3.5 20.2 -10 -3.5 21.15 -10 -2.8 21.15 -10 -2.8 20.2 -10
4 0 .95 20.2 -10 .95 21.2 -10 1.6 21.2 -10 1.6 20.2 -10
3 0 .95 21.2 -10 -.05 21.2 -10 -.05 21.9 -10
4 0 .95 21.2 -10 -.05 21.9 -10 2.7 21.9 -10 1.6 21.2 -10
3 0 2.7 21.2 -10 1.6 21.2 -10 2.7 21.9 -10
4 71 -3.65 20.1 -10 -4.1 19.5 -10 -4.1 22.05 -10 -3.65 21.25 -10
4 71 -3.65 20.1 -10 -2.65 20.1 -10 .85 19.5 -10 -4.1 19.5 -10
4 71 .85 19.5 -10 -2.65 20.1 -10 -.15 21.1 -10 .85 20.2 -10
3 71 .85 20.2 -10 -.15 21.1 -10 .85 21.1 -10
4 71 -3.65 21.25 -10 -4.1 22.05 -10 -.15 22.05 -10 -2.65 21.25 -10
4 71 -2.65 20.1 -10 -2.65 21.25 -10 -.15 22.05 -10 -.15 21.1 -10
3 71 1.7 20.2 -10 1.7 21.1 -10 2.8 21.1 -10
4 71 1.7 20.2 -10 2.8 21.1 -10 4.1 19.5 -10 1.7 19.5 -10
4 71 2.8 21.1 -10 2.8 22.05 -10 4.1 22.05 -10 4.1 19.5 -10
3 71 5.3 18.4 -10 0 19.15 -10 4.45 19.15 -10
4 71 -4.45 19.15 -10 0 19.15 -10 5.3 18.4 -10 -5.3 18.4 -10
4 71 5.3 23.9 -10 0 23.15 -10 -4.45 23.15 -10 -5.3 23.9 -10
3 71 4.45 23.15 -10 0 23.15 -10 5.3 23.9 -10
4 71 4.45 23.15 -10 5.3 23.9 -10 5.3 18.4 -10 4.45 19.15 -10
4 71 -5.3 23.9 -10 -4.45 23.15 -10 -4.45 19.15 -10 -5.3 18.4 -10
4 16 -4.45 23.15 -10 -4.1 22.05 -10 -4.1 19.5 -10 -4.45 19.15 -10
3 16 -4.1 22.05 -10 -4.1 22.2 -10 -3.4 22.2 -10
3 16 -4.1 22.05 -10 -3.4 22.2 -10 -2.9 22.2 -10
4 16 -2.9 22.2 -10 -2.2 22.2 -10 -.15 22.05 -10 -4.1 22.05 -10
4 16 -2.9 23 -10 -2.9 22.2 -10 -3.4 22.2 -10 -3.4 23 -10
3 16 -4.1 22.2 -10 -4.45 23.15 -10 -4.1 23 -10
3 16 -3.4 23 -10 -4.1 23 -10 -4.45 23.15 -10
3 16 -2.9 23 -10 -3.4 23 -10 -4.45 23.15 -10
4 16 -2.9 23 -10 -4.45 23.15 -10 0 23.15 -10 -2.2 23 -10
4 16 0 23.15 -10 -.15 22.05 -10 -2.2 22.2 -10 -2.2 23 -10
3 16 -4.1 22.05 -10 -4.45 23.15 -10 -4.1 22.2 -10
4 16 -4.1 19.5 -10 .85 19.5 -10 0 19.15 -10 -4.45 19.15 -10
4 16 .95 21.2 -10 .95 20.2 -10 .85 19.5 -10 .85 20.2 -10
4 16 .95 20.2 -10 1.6 20.2 -10 1.7 19.5 -10 .85 19.5 -10
3 16 1.7 19.5 -10 1.6 20.2 -10 1.7 20.2 -10
4 16 .85 19.5 -10 1.7 19.5 -10 4.45 19.15 -10 0 19.15 -10
3 16 4.45 19.15 -10 1.7 19.5 -10 4.1 19.5 -10
4 16 4.1 19.5 -10 4.1 22.05 -10 4.45 23.15 -10 4.45 19.15 -10
4 16 4.1 22.05 -10 2.8 22.05 -10 0 23.15 -10 4.45 23.15 -10
4 16 -.05 21.9 -10 -.15 22.05 -10 0 23.15 -10 2.8 22.05 -10
3 16 2.7 21.9 -10 -.05 21.9 -10 2.8 22.05 -10
4 16 2.7 21.9 -10 2.8 22.05 -10 2.8 21.1 -10 2.7 21.2 -10
4 16 -.15 22.05 -10 -.05 21.9 -10 -.05 21.2 -10 -.15 21.1 -10
4 16 -.05 21.2 -10 .95 21.2 -10 .85 21.1 -10 -.15 21.1 -10
4 16 1.6 21.2 -10 2.7 21.2 -10 2.8 21.1 -10 1.7 21.1 -10
3 16 .85 20.2 -10 .85 21.1 -10 .95 21.2 -10
4 16 1.6 21.2 -10 1.7 21.1 -10 1.7 20.2 -10 1.6 20.2 -10
4 71 -7 12 -10 -5.85 12 -10 -5.74 10.98 -10 -6.87 10.78 -10
4 71 -6.87 10.78 -10 -5.74 10.98 -10 -5.41 10 -10 -6.47 9.61 -10
4 71 -6.47 9.61 -10 -5.41 10 -10 -4.87 9.1 -10 -5.82 8.53 -10
4 71 -5.82 8.53 -10 -4.87 9.1 -10 -4.14 8.3 -10 -4.95 7.58 -10
4 71 -3.25 7.65 -10 -3.89 6.8 -10 -4.95 7.58 -10 -4.14 8.3 -10
4 71 -3.89 6.8 -10 -3.25 7.65 -10 -2.24 7.17 -10 -2.68 6.22 -10
4 71 -2.24 7.17 -10 -1.14 6.87 -10 -1.37 5.87 -10 -2.68 6.22 -10
4 71 -1.14 6.87 -10 0 6.77 -10 0 5.75 -10 -1.37 5.87 -10
4 71 0 6.77 -10 1.14 6.87 -10 1.37 5.87 -10 0 5.75 -10
4 71 1.14 6.87 -10 2.24 7.17 -10 2.68 6.22 -10 1.37 5.87 -10
4 71 2.24 7.17 -10 3.25 7.65 -10 3.89 6.8 -10 2.68 6.22 -10
4 71 3.25 7.65 -10 4.14 8.3 -10 4.95 7.58 -10 3.89 6.8 -10
4 71 5.82 8.53 -10 4.95 7.58 -10 4.14 8.3 -10 4.87 9.1 -10
4 71 4.87 9.1 -10 5.41 10 -10 6.47 9.61 -10 5.82 8.53 -10
4 71 6.47 9.61 -10 5.41 10 -10 5.74 10.98 -10 6.87 10.78 -10
4 71 5.85 12 -10 7 12 -10 6.87 10.78 -10 5.74 10.98 -10
3 16 -5.3 23.9 -10 -5.85 24.55 -10 0 24.55 -10
4 16 -5.3 23.9 -10 0 24.55 -10 5.85 24.55 -10 5.3 23.9 -10
4 16 -5.85 12 -10 -5.85 24.55 -10 -5.3 23.9 -10 -5.3 18.4 -10
4 71 -7 12 -10 -7 25.57 -10 -6 24.55 -10 -5.85 12 -10
3 71 -5.85 12 -10 -6 24.55 -10 -5.85 24.55 -10
4 71 7 12 -10 5.85 12 -10 5.85 14.35 -10 7 13.2 -10
4 71 5.85 14.35 -10 9.2 14.35 -10 10.35 13.2 -10 7 13.2 -10
4 71 5.85 23.15 -10 5.85 24.55 -10 6 24.55 -10 7 23.73 -10
3 71 7 23.73 -10 6 24.55 -10 7 25.57 -10
4 71 5.85 23.15 -10 7 23.73 -10 10.35 23.73 -10 9.2 23.15 -10
4 71 9.2 14.35 -10 9.2 23.15 -10 10.35 23.73 -10 10.35 13.2 -10
4 0 0 25.2 -10 5.7 25.2 -10 5.85 24.55 -10 0 24.55 -10
4 0 -5.85 24.55 -10 -6 24.55 -10 -7 25.57 -10 -5.7 25.2 -10
4 0 5.85 24.55 -10 5.7 25.2 -10 7 25.57 -10 6 24.55 -10
4 16 5.3 18.4 -10 5.3 23.9 -10 5.85 24.55 -10 5.85 23.15 -10
4 16 5.85 23.15 -10 9.2 23.15 -10 8.55 22.55 -10 6.55 22.55 -10
4 16 6.55 15.2 -10 8.55 15.2 -10 9.2 14.35 -10 5.85 14.35 -10
4 16 8.55 22.55 -10 9.2 23.15 -10 9.2 14.35 -10 8.55 15.2 -10
4 16 5.85 23.15 -10 6.55 22.55 -10 6.55 15.2 -10 5.3 18.4 -10
4 16 -5.85 12 -10 5.3 18.4 -10 6.55 15.2 -10 5.85 14.35 -10
3 16 -5.85 12 -10 -5.3 18.4 -10 5.3 18.4 -10
4 16 5.74 10.98 -10 -5.85 12 -10 5.85 14.35 -10 5.85 12 -10
4 16 -5.41 10 -10 -5.74 10.98 -10 -5.85 12 -10 5.74 10.98 -10
4 16 5.74 10.98 -10 5.41 10 -10 4.87 9.1 -10 -5.41 10 -10
4 16 -4.14 8.3 -10 -4.87 9.1 -10 -5.41 10 -10 4.87 9.1 -10
4 16 3.25 7.65 -10 -4.14 8.3 -10 4.87 9.1 -10 4.14 8.3 -10
4 16 2.24 7.17 -10 -3.25 7.65 -10 -4.14 8.3 -10 3.25 7.65 -10
4 16 -1.14 6.87 -10 -2.24 7.17 -10 -3.25 7.65 -10 2.24 7.17 -10
4 16 0 6.77 -10 -1.14 6.87 -10 2.24 7.17 -10 1.14 6.87 -10
4 151 -8 12 -10 -7 12 -10 -6.87 10.78 -10 -7.84 10.49 -10
4 151 -7.84 10.49 -10 -6.87 10.78 -10 -6.47 9.61 -10 -7.39 9.05 -10
4 151 -6.47 9.61 -10 -5.82 8.53 -10 -6.65 7.71 -10 -7.39 9.05 -10
4 151 -5.66 6.54 -10 -6.65 7.71 -10 -5.82 8.53 -10 -4.95 7.58 -10
4 151 -5.66 6.54 -10 -4.95 7.58 -10 -3.89 6.8 -10 -4.44 5.58 -10
4 151 -3.89 6.8 -10 -2.68 6.22 -10 -3.06 4.87 -10 -4.44 5.58 -10
4 151 -2.68 6.22 -10 -1.37 5.87 -10 -1.56 4.43 -10 -3.06 4.87 -10
4 151 -1.37 5.87 -10 0 5.75 -10 0 4.28 -10 -1.56 4.43 -10
4 151 8 12 -10 7.84 10.49 -10 6.87 10.78 -10 7 12 -10
4 151 7.84 10.49 -10 7.39 9.05 -10 6.47 9.61 -10 6.87 10.78 -10
4 151 6.47 9.61 -10 7.39 9.05 -10 6.65 7.71 -10 5.82 8.53 -10
4 151 5.66 6.54 -10 4.95 7.58 -10 5.82 8.53 -10 6.65 7.71 -10
4 151 5.66 6.54 -10 4.44 5.58 -10 3.89 6.8 -10 4.95 7.58 -10
4 151 3.06 4.87 -10 2.68 6.22 -10 3.89 6.8 -10 4.44 5.58 -10
4 151 1.56 4.43 -10 1.37 5.87 -10 2.68 6.22 -10 3.06 4.87 -10
4 151 0 4.28 -10 0 5.75 -10 1.37 5.87 -10 1.56 4.43 -10
4 151 7 12 -10 7 13.2 -10 8 12.65 -10 8 12 -10
4 151 7 13.2 -10 10.35 13.2 -10 11.2 12.65 -10 8 12.65 -10
4 151 10.35 13.2 -10 10.35 23.73 -10 11.2 24.35 -10 11.2 12.65 -10
4 151 10.35 23.73 -10 7 23.73 -10 7.85 24.35 -10 11.2 24.35 -10
4 151 7 23.73 -10 7 25.57 -10 7.85 26.43 -10 7.85 24.35 -10
4 0 7 25.57 -10 5.7 25.2 -10 8.12 27.57 -10 7.85 26.43 -10
3 0 7.85 26.43 -10 8.12 27.57 -10 8.7 27.3 -10
4 151 -8 12 -10 -8 17.05 -10 -7.82 17.17 -10 -7 12 -10
3 151 -7 12 -10 -7.82 17.17 -10 -7.7 17.34 -10
3 151 -7 12 -10 -7.7 17.34 -10 -7.66 17.55 -10
4 151 -8 26.59 -10 -7 25.57 -10 -7.82 19.98 -10 -8 20.1 -10
3 151 -7.7 19.81 -10 -7.82 19.98 -10 -7 25.57 -10
3 151 -7.66 19.6 -10 -7.7 19.81 -10 -7 25.57 -10
4 151 -7.66 19.6 -10 -7 25.57 -10 -7 12 -10 -7.66 17.55 -10
3 0 -8 26.59 -10 -8.7 27.3 -10 -8.12 27.57 -10
4 0 -8 26.59 -10 -8.12 27.57 -10 -5.7 25.2 -10 -7 25.57 -10
3 16 -10.49 21.2 -10 -16.85 25.65 -10 -10.45 21.41 -10
4 16 -10.45 21.41 -10 -16.85 25.65 -10 -12.3 26.9 -10 -10.33 21.58 -10
4 16 -10.33 21.58 -10 -12.3 26.9 -10 -10.6 27.3 -10 -10.16 21.7 -10
4 16 -10.16 21.7 -10 -10.6 27.3 -10 -9.35 27.45 -10 -9.95 21.74 -10
4 16 -9.95 21.74 -10 -9.35 27.45 -10 -8.95 27.4 -10 -9.74 21.7 -10
4 16 -8.7 27.3 -10 -9.57 21.58 -10 -9.74 21.7 -10 -8.95 27.4 -10
4 16 -9.57 21.58 -10 -8.7 27.3 -10 -8 26.59 -10 -9.45 21.41 -10
4 16 -9.45 21.41 -10 -8 26.59 -10 -8.41 20.1 -10 -9.41 21.2 -10
3 16 -8.41 20.1 -10 -8 26.59 -10 -8.2 20.14 -10
3 16 -8 20.1 -10 -8.2 20.14 -10 -8 26.59 -10
4 16 -9.41 19.15 -10 -9.41 21.2 -10 -8.58 19.98 -10 -8.7 19.81 -10
3 16 -8.58 19.98 -10 -9.41 21.2 -10 -8.41 20.1 -10
4 16 -8.7 19.81 -10 -8.74 19.6 -10 -9.45 18.94 -10 -9.41 19.15 -10
4 16 -8.74 19.6 -10 -8.74 17.55 -10 -9.57 18.77 -10 -9.45 18.94 -10
3 16 -8.74 17.55 -10 -9.74 18.65 -10 -9.57 18.77 -10
4 16 -8.7 17.34 -10 -9.95 18.61 -10 -9.74 18.65 -10 -8.74 17.55 -10
4 16 -15 13.8 -10 -16.85 25.65 -10 -10.49 21.2 -10 -10.49 19.15 -10
4 16 -10.49 19.15 -10 -10.45 18.94 -10 -14.3 13.75 -10 -15 13.8 -10
4 16 -10.45 18.94 -10 -10.33 18.77 -10 -13.95 13.55 -10 -14.3 13.75 -10
4 16 -10.33 18.77 -10 -10.16 18.65 -10 -13.5 12.95 -10 -13.95 13.55 -10
4 16 -10.16 18.65 -10 -9.95 18.61 -10 -8.7 17.34 -10 -13.5 12.95 -10
3 16 -13.5 12.95 -10 -8.7 17.34 -10 -8.58 17.17 -10
4 16 -8.58 17.17 -10 -8.41 17.05 -10 -8 12 -10 -13.5 12.95 -10
3 16 -8 12 -10 -8.41 17.05 -10 -8.2 17.01 -10
3 16 -8 12 -10 -8.2 17.01 -10 -8 17.05 -10
4 16 -13.5 12.95 -10 -8 12 -10 -7.84 10.49 -10 -12.9 11.4 -10
3 16 -12.6 10.45 -10 -12.9 11.4 -10 -7.84 10.49 -10
4 16 -12.6 10.45 -10 -7.84 10.49 -10 -7.39 9.05 -10 -12.45 9.7 -10
4 16 -12.45 9.7 -10 -7.39 9.05 -10 -6.65 7.71 -10 -12.3 8.7 -10
4 16 -12.3 8.7 -10 -6.65 7.71 -10 -11.75 4.3 -10 -12.1 6.6 -10
4 16 -11.75 4.3 -10 -6.65 7.71 -10 -10.25 3 -10 -10.65 3.1 -10
4 16 -6.65 7.71 -10 -5.66 6.54 -10 -7.6 2.25 -10 -10.25 3 -10
4 16 -5.25 2.4 -10 -6.5 2.05 -10 -7.6 2.25 -10 -5.66 6.54 -10
3 16 -7.45 1.7 -10 -7.6 2.25 -10 -6.5 2.05 -10
4 16 -11.75 4.3 -10 -11.05 2.85 -10 -11.1 2.45 -10 -11.35 2.5 -10
3 16 -11.05 2.85 -10 -11.75 4.3 -10 -10.95 3.05 -10
3 16 -10.95 3.05 -10 -11.75 4.3 -10 -10.65 3.1 -10
4 16 -5.66 6.54 -10 -4.44 5.58 -10 -4.1 2.6 -10 -5.25 2.4 -10
4 16 -4.44 5.58 -10 -3.06 4.87 -10 -2.7 2.75 -10 -4.1 2.6 -10
4 16 -3.06 4.87 -10 -1.56 4.43 -10 -1.35 2.85 -10 -2.7 2.75 -10
4 16 -1.56 4.43 -10 0 4.28 -10 0 2.9 -10 -1.35 2.85 -10
4 16 0 4.28 -10 1.56 4.43 -10 1.35 2.85 -10 0 2.9 -10
4 16 1.35 2.85 -10 1.56 4.43 -10 3.06 4.87 -10 2.7 2.75 -10
4 16 2.7 2.75 -10 3.06 4.87 -10 4.44 5.58 -10 4.1 2.6 -10
4 16 4.1 2.6 -10 4.44 5.58 -10 5.66 6.54 -10 5.25 2.4 -10
4 16 5.25 2.4 -10 5.66 6.54 -10 7.6 2.25 -10 6.5 2.05 -10
3 16 7.45 1.7 -10 6.5 2.05 -10 7.6 2.25 -10
4 16 11.1 2.45 -10 11.05 2.85 -10 11.75 4.3 -10 11.35 2.5 -10
3 16 11.05 2.85 -10 10.95 3.05 -10 11.75 4.3 -10
3 16 10.95 3.05 -10 10.65 3.1 -10 11.75 4.3 -10
4 16 10.65 3.1 -10 10.25 3 -10 6.65 7.71 -10 11.75 4.3 -10
4 16 10.25 3 -10 7.6 2.25 -10 5.66 6.54 -10 6.65 7.71 -10
4 16 11.75 4.3 -10 6.65 7.71 -10 12.3 8.7 -10 12.1 6.6 -10
4 16 6.65 7.71 -10 7.39 9.05 -10 12.45 9.7 -10 12.3 8.7 -10
4 16 7.39 9.05 -10 7.84 10.49 -10 12.6 10.45 -10 12.45 9.7 -10
4 16 7.84 10.49 -10 8 12 -10 11.2 12.65 -10 12.6 10.45 -10
3 16 8 12 -10 8 12.65 -10 11.2 12.65 -10
3 16 12.6 10.45 -10 11.2 12.65 -10 12.9 11.4 -10
3 16 12.9 11.4 -10 11.2 12.65 -10 13.5 12.95 -10
4 16 7.85 26.43 -10 8.7 27.3 -10 8.95 27.4 -10 7.85 24.35 -10
4 16 8.95 27.4 -10 9.35 27.45 -10 11.2 24.35 -10 7.85 24.35 -10
4 16 12.3 26.9 -10 11.2 24.35 -10 9.35 27.45 -10 10.6 27.3 -10
4 16 12.3 26.9 -10 16.85 25.65 -10 11.2 12.65 -10 11.2 24.35 -10
4 16 13.5 12.95 -10 11.2 12.65 -10 16.85 25.65 -10 13.95 13.55 -10
3 16 13.95 13.55 -10 16.85 25.65 -10 14.3 13.75 -10
3 16 14.3 13.75 -10 16.85 25.65 -10 15 13.8 -10
4 16 -3.5 20.2 -10 -3.65 20.1 -10 -3.65 21.25 -10 -3.5 21.15 -10
4 16 -2.65 20.1 -10 -2.8 20.2 -10 -2.8 21.15 -10 -2.65 21.25 -10
4 16 -3.65 20.1 -10 -3.5 20.2 -10 -2.8 20.2 -10 -2.65 20.1 -10
4 16 -2.8 21.15 -10 -3.5 21.15 -10 -3.65 21.25 -10 -2.65 21.25 -10
