0 Minifig Torso Trench Coat over Dark Brown Suit Jacket and Bow Tie, Dark Tan Vest and White Shirt Pattern
0 Name: 973phg.dat
0 Author: Evert-Jan Boer [ejboer]
0 !LDRAW_ORG Unofficial_Part 
0 !LICENSE Redistributable under CCAL version 2.0 : see CAreadme.txt

0 BFC CERTIFY CCW

0 !KEYWORDS Bricklink 973pb2536c01, Harry Potter, Fantastic Beasts
0 !KEYWORDS Newt Scamander, set 71253


1 16 0 0 0 1 0 0 0 1 0 0 0 1 s\973s01.dat
1 15 0 -4 0 4.243 0 -4.243 0 -8 0 -4.243 0 -4.243 1-4cyli.dat
1 16 0 0 0 -1 0 0 0 1 0 0 0 -1 s\973phgs01.dat
1 16 0 0 0 1 0 0 0 1 0 0 0 -1 s\973phgs01.dat

4 0 -12.6 28.9 -10 -12.6 32 -10 -12 32 -10 -11.9 28.8 -10
4 0 -12.8 25.4 -10 -12.6 28.9 -10 -11.9 28.8 -10 -12 25.3 -10
4 0 -13 21.9 -10 -12.8 25.4 -10 -12 25.3 -10 -12.2 21.8 -10
4 0 -13.4 18.1 -10 -13 21.9 -10 -12.2 21.8 -10 -12.6 17.7 -10
4 0 -13.9 15.2 -10 -13.4 18.1 -10 -12.6 17.7 -10 -13.2 14.6 -10
4 0 -14.5 13.4 -10 -13.9 15.2 -10 -13.2 14.6 -10 -14 11.7 -10
4 0 -15.092 12.117 -10 -14.5 13.4 -10 -14 11.7 -10 -14.611 9.323 -10
4 0 -8.568 21.8 -10 -8.525 21.583 -10 -9.239 21.287 -10 -9.341 21.8 -10
4 0 -8.525 22.017 -10 -8.568 21.8 -10 -9.341 21.8 -10 -9.239 22.313 -10
4 0 -8.402 22.202 -10 -8.525 22.017 -10 -9.239 22.313 -10 -8.948 22.748 -10
4 0 -8.217 22.325 -10 -8.402 22.202 -10 -8.948 22.748 -10 -8.513 23.039 -10
4 0 -8 22.368 -10 -8.217 22.325 -10 -8.513 23.039 -10 -8 23.141 -10
4 0 -7.783 22.325 -10 -8 22.368 -10 -8 23.141 -10 -7.487 23.039 -10
4 0 -7.599 22.202 -10 -7.783 22.325 -10 -7.487 23.039 -10 -7.052 22.748 -10
4 0 -7.475 22.017 -10 -7.599 22.202 -10 -7.052 22.748 -10 -6.761 22.313 -10
4 0 -7.432 21.8 -10 -7.475 22.017 -10 -6.761 22.313 -10 -6.659 21.8 -10
4 0 -7.475 21.583 -10 -7.432 21.8 -10 -6.659 21.8 -10 -6.761 21.287 -10
4 0 -7.599 21.399 -10 -7.475 21.583 -10 -6.761 21.287 -10 -7.052 20.852 -10
4 0 -7.783 21.275 -10 -7.599 21.399 -10 -7.052 20.852 -10 -7.487 20.561 -10
4 0 -8 21.232 -10 -7.783 21.275 -10 -7.487 20.561 -10 -8 20.459 -10
4 0 -8.217 21.275 -10 -8 21.232 -10 -8 20.459 -10 -8.513 20.561 -10
4 0 -8.402 21.399 -10 -8.217 21.275 -10 -8.513 20.561 -10 -8.948 20.852 -10
4 0 -8.525 21.583 -10 -8.402 21.399 -10 -8.948 20.852 -10 -9.239 21.287 -10
4 0 -9.317 28.625 -10 -9.502 28.502 -10 -10.048 29.048 -10 -9.613 29.339 -10
4 0 -9.1 28.668 -10 -9.317 28.625 -10 -9.613 29.339 -10 -9.1 29.441 -10
4 0 -8.883 28.625 -10 -9.1 28.668 -10 -9.1 29.441 -10 -8.587 29.339 -10
4 0 -8.699 28.502 -10 -8.883 28.625 -10 -8.587 29.339 -10 -8.152 29.048 -10
4 0 -8.575 28.317 -10 -8.699 28.502 -10 -8.152 29.048 -10 -7.861 28.613 -10
4 0 -8.532 28.1 -10 -8.575 28.317 -10 -7.861 28.613 -10 -7.759 28.1 -10
4 0 -8.575 27.883 -10 -8.532 28.1 -10 -7.759 28.1 -10 -7.861 27.587 -10
4 0 -8.699 27.699 -10 -8.575 27.883 -10 -7.861 27.587 -10 -8.152 27.152 -10
4 0 -8.883 27.575 -10 -8.699 27.699 -10 -8.152 27.152 -10 -8.587 26.861 -10
4 0 -9.1 27.532 -10 -8.883 27.575 -10 -8.587 26.861 -10 -9.1 26.759 -10
4 0 -9.317 27.575 -10 -9.1 27.532 -10 -9.1 26.759 -10 -9.613 26.861 -10
4 0 -9.502 27.699 -10 -9.317 27.575 -10 -9.613 26.861 -10 -10.048 27.152 -10
3 0 -9.625 27.883 -10 -9.502 27.699 -10 -10.048 27.152 -10
4 0 -11 30 -10 -11.2 32 -10 -10.4 32 -10 -10.2 30.1 -10
4 0 -10.8 28 -10 -11 30 -10 -10.2 30.1 -10 -10.143 28.906 -10
4 0 -10.8 25.9 -10 -10.048 27.152 -10 -10 25.2 -10 -11 23.3 -10
4 0 -11 23.3 -10 -10 25.2 -10 -10.1 22.5 -10 -11.1 20 -10
4 0 -11.1 20 -10 -10.1 22.5 -10 -10.1 19.9 -10 -10.9 16.2 -10
4 0 -10.9 16.2 -10 -10.1 19.9 -10 -9.9 15.7 -10 -10.6 12.6 -10
3 0 -9.7 13.35 -10 -10.6 12.6 -10 -9.9 15.7 -10
4 0 -10.6 12.6 -10 -9.7 13.35 -10 -9.5 11.3 -10 -10.1 8.4 -10
4 0 -10.1 8.4 -10 -9.5 11.3 -10 -9.05 7.8 -10 -9.9 6.8 -10
4 0 -9.9 6.8 -10 -9.05 7.8 -10 -8.85 6.4 -10 -9.7 5.9 -10
4 0 -9.7 5.9 -10 -8.85 6.4 -10 -8.7 4.95 -10 -9.5 4.2 -10
4 0 -9.3 2.9 -10 -9.5 4.2 -10 -8.7 4.95 -10 -8.45 3.7 -10
4 0 -9 2 -10 -9.3 2.9 -10 -8.45 3.7 -10 -8.1 2.6 -10
4 0 -8.5 1.3 -10 -9 2 -10 -8.1 2.6 -10 -7.7 2 -10
4 0 -8 1 -10 -8.5 1.3 -10 -7.7 2 -10 -6.7 1 -10
4 0 -9.9 6.8 -10 -9.7 5.9 -10 -10.6 6.1 -10 -11.1 6.9 -10
4 0 -12.1 6.7 -10 -11.1 6.9 -10 -10.6 6.1 -10 -11.8 5.9 -10
4 0 -13.1 6.3 -10 -12.1 6.7 -10 -11.8 5.9 -10 -12.7 5.3 -10
4 0 -12.7 5.3 -10 -13.709 4.085 -10 -13.992 5.727 -10 -13.1 6.3 -10
4 0 -7.8 30.1 -10 -7.6 32 -10 -6.9 32 -10 -7.1 30.1 -10
4 0 -7.861 28.613 -10 -7.8 30.1 -10 -7.1 30.1 -10 -7.1 29 -10
4 0 -6.8 24.55 -10 -7.2 26 -10 -6.25 25.75 -10 -5.95 24.35 -10
4 0 -6.65 23.1 -10 -6.8 24.55 -10 -5.95 24.35 -10 -5.85 21.85 -10
3 0 -6.65 23.1 -10 -5.85 21.85 -10 -6.659 21.8 -10
4 0 -6.7 17.95 -10 -6.659 21.8 -10 -5.85 21.85 -10 -6.05 15.85 -10
4 0 -6.7 17.95 -10 -6.05 15.85 -10 -6.75 15.35 -10 -7 16.6 -10
4 0 -7 16.6 -10 -6.75 15.35 -10 -7.15 14.45 -10 -7.5 15.55 -10
4 0 -8.15 14.6 -10 -7.5 15.55 -10 -7.15 14.45 -10 -7.9 13.25 -10
4 0 -8.9 13.9 -10 -8.15 14.6 -10 -7.9 13.25 -10 -8.75 12.1 -10
4 0 -9.7 13.35 -10 -8.9 13.9 -10 -8.75 12.1 -10 -9.5 11.3 -10
4 0 -6.75 7.8 -10 -6.75 15.35 -10 -6.05 15.85 -10 -6.15 7.65 -10
4 0 -6.75 7.8 -10 -6.15 7.65 -10 -6.15 6.7 -10 -6.75 4.25 -10
4 0 -6.75 4.25 -10 -6.15 6.7 -10 -6.15 1 -10 -6.7 1 -10
4 0 -1.2 31.25 -10 -1.6 32 -10 -.8 32 -10 -.5 31.45 -10
4 0 -.8 30.75 -10 -1.2 31.25 -10 -.5 31.45 -10 -.1 31.1 -10
4 0 -.05 30.3 -10 -.8 30.75 -10 -.1 31.1 -10 .5 30.9 -10
4 0 -.05 30.3 -10 .5 30.9 -10 .95 30.6 -10 .45 30.05 -10
4 0 1.3 30 -10 .45 30.05 -10 .95 30.6 -10 1.9 30.55 -10
4 0 1.9 30.55 -10 .95 30.6 -10 1.35 31 -10 2.3 31.2 -10
4 0 2.3 31.2 -10 1.35 31 -10 1.65 31.5 -10 2.5 32 -10
3 0 2.5 32 -10 1.65 31.5 -10 1.8 32 -10
4 0 .45 30.05 -10 1.3 30 -10 .8 29.35 -10 0 29.25 -10
4 0 0 29.25 -10 .8 29.35 -10 .45 28.7 -10 -.25 28.5 -10
4 0 -.3 27.9 -10 -.25 28.5 -10 .45 28.7 -10 .35 27.95 -10
4 0 -.2 27.1 -10 -.3 27.9 -10 .35 27.95 -10 .5 27.1 -10
4 0 .2 25.8 -10 -.2 27.1 -10 .5 27.1 -10 .9 25.8 -10
4 0 .2 25.8 -10 .9 25.8 -10 1 24.65 -10 .35 24.6 -10
4 0 .35 24.6 -10 1 24.65 -10 .95 23.5 -10 .3 23.35 -10
4 0 .3 23.35 -10 .95 23.5 -10 .65 22.1 -10 .05 22 -10
4 0 .05 22 -10 .65 22.1 -10 .3 20.6 -10 -.45 20.25 -10
4 0 -.45 20.25 -10 .3 20.6 -10 0 18.95 -10 -.7 18.4 -10
4 0 -.7 18.4 -10 0 18.95 -10 -.1 17.25 -10 -.8 16.05 -10
4 0 -.8 16.05 -10 -.1 17.25 -10 -.05 15 -10 -.75 13.75 -10
4 0 .7 13 -10 -.75 13.75 -10 -.05 15 -10 1 13.8 -10
4 0 1.65 12.15 -10 .7 13 -10 1 13.8 -10 2.15 12.6 -10
4 0 2.65 11 -10 1.65 12.15 -10 2.15 12.6 -10 3.2 11.4 -10
4 0 3.5 10.2 -10 2.65 11 -10 3.2 11.4 -10 3.95 10.8 -10
4 0 4.2 9.8 -10 3.5 10.2 -10 3.95 10.8 -10 4.6 10.4 -10
4 0 4.85 9.45 -10 4.2 9.8 -10 4.6 10.4 -10 5.2 10.05 -10
4 0 4.85 9.45 -10 5.2 10.05 -10 5.95 9.45 -10 5.7 8.65 -10
4 0 5.7 8.65 -10 5.95 9.45 -10 6.65 8.6 -10 6.7 7.15 -10
4 0 -5.2 7.4 -10 -6.15 6.7 -10 -6.15 7.65 -10 -5.4 8.3 -10
4 0 -4.3 8.35 -10 -5.2 7.4 -10 -5.4 8.3 -10 -4.4 9.2 -10
4 0 -3.25 9.5 -10 -4.3 8.35 -10 -4.4 9.2 -10 -3.4 10.4 -10
4 0 -2.15 10.9 -10 -3.25 9.5 -10 -3.4 10.4 -10 -2.35 11.75 -10
4 0 -1.4 11.95 -10 -2.15 10.9 -10 -2.35 11.75 -10 -1.4 13 -10
4 0 -1 12.45 -10 -1.4 11.95 -10 -1.4 13 -10 -.75 13.75 -10
4 0 -1 12.45 -10 -.75 13.75 -10 -.05 12.95 -10 -.3 12.05 -10
3 0 -.05 12.95 -10 -.75 13.75 -10 .7 13 -10
4 0 12.2 29.55 -10 12 32 -10 12.6 32 -10 13 28.95 -10
4 0 12.5 27.15 -10 12.2 29.55 -10 13 28.95 -10 13.35 26.35 -10
4 0 12.7 24.25 -10 12.5 27.15 -10 13.35 26.35 -10 13.6 23.15 -10
4 0 12.9 20.4 -10 12.7 24.25 -10 13.6 23.15 -10 13.8 19.25 -10
4 0 13.1 16.7 -10 12.9 20.4 -10 13.8 19.25 -10 14.05 16.15 -10
4 0 13.45 12.65 -10 13.1 16.7 -10 14.05 16.15 -10 14.4 13.05 -10
4 0 13.85 9.9 -10 13.45 12.65 -10 14.4 13.05 -10 14.6 11.95 -10
4 0 10.8 29.65 -10 10.4 32 -10 11.2 32 -10 11.6 29.1 -10
4 0 11.1 27.1 -10 10.8 29.65 -10 11.6 29.1 -10 11.95 26.15 -10
4 0 11.25 23.4 -10 11.1 27.1 -10 11.95 26.15 -10 12.05 22.8 -10
4 0 11.15 21.05 -10 11.25 23.4 -10 12.05 22.8 -10 11.95 19.5 -10
4 0 10.9 17.6 -10 11.15 21.05 -10 11.95 19.5 -10 11.65 16.6 -10
4 0 10.45 14.95 -10 10.9 17.6 -10 11.65 16.6 -10 11.1 12.65 -10
4 0 10.25 13.45 -10 10.45 14.95 -10 11.1 12.65 -10 10.8 10.4 -10
3 0 10.25 13.45 -10 10.8 10.4 -10 10.05 11.8 -10
4 0 9.55 8.5 -10 10.05 11.8 -10 10.8 10.4 -10 10.4 8.3 -10
4 0 9 6.1 -10 9.55 8.5 -10 10.4 8.3 -10 10.15 7.05 -10
4 0 9 6.1 -10 10.15 7.05 -10 9.85 5.8 -10 8.45 3.6 -10
4 0 8.45 3.6 -10 9.85 5.8 -10 9.15 3.25 -10 7.95 2 -10
4 0 7.95 2 -10 9.15 3.25 -10 8.55 1.45 -10 7.5 1 -10
3 0 7.5 1 -10 8.55 1.45 -10 8.4 1 -10
4 0 10.65 6.05 -10 9.85 5.8 -10 10.15 7.05 -10 10.9 6.9 -10
4 0 11.35 6.15 -10 10.65 6.05 -10 10.9 6.9 -10 11.65 6.9 -10
4 0 11.95 6.1 -10 11.35 6.15 -10 11.65 6.9 -10 12.4 6.85 -10
4 0 12.6 5.75 -10 11.95 6.1 -10 12.4 6.85 -10 13.2 6.5 -10
4 0 12.6 5.75 -10 13.2 6.5 -10 14.019 5.886 -10 13.3 5.15 -10
3 0 13.785 4.523 -10 13.3 5.15 -10 14.019 5.886 -10
4 0 14.899 10.992 -10 14.409 8.149 -10 13.85 9.9 -10 14.6 11.95 -10
4 0 6.75 30.2 -10 6.9 32 -10 7.6 32 -10 7.35 30.2 -10
4 0 7.4 26.25 -10 7.65 27.55 -10 8.05 26.5 -10 8.35 25.25 -10
4 0 7.65 25.35 -10 7.4 26.25 -10 8.35 25.25 -10 8.45 24.1 -10
4 0 7.75 23.95 -10 7.65 25.35 -10 8.45 24.1 -10 8.35 22.55 -10
4 0 7.55 21.85 -10 7.75 23.95 -10 8.35 22.55 -10 8.05 20.7 -10
4 0 7.15 19.5 -10 7.55 21.85 -10 8.05 20.7 -10 7.8 18.85 -10
4 0 6.95 17.35 -10 7.15 19.5 -10 7.8 18.85 -10 7.75 17.4 -10
4 0 7.45 15.65 -10 6.95 17.35 -10 7.75 17.4 -10 8.2 15.8 -10
4 0 8.05 14.3 -10 7.45 15.65 -10 8.2 15.8 -10 8.9 14.75 -10
4 0 9.1 12.9 -10 8.05 14.3 -10 8.9 14.75 -10 10.25 13.45 -10
3 0 10.25 13.45 -10 10.05 11.8 -10 9.1 12.9 -10
4 0 6.7 13.65 -10 6.95 17.35 -10 7.45 15.65 -10 7.35 12.75 -10
4 0 6.65 8.6 -10 6.7 13.65 -10 7.35 12.75 -10 7.3 7.65 -10
4 0 6.7 7.15 -10 6.65 8.6 -10 7.3 7.65 -10 7.3 4.05 -10
4 0 6.7 2.7 -10 6.7 7.15 -10 7.3 4.05 -10 7.4 2 -10
4 0 6.85 1 -10 6.7 2.7 -10 7.4 2 -10 7.5 1 -10
4 0 1.147 19.75 -10 1.174 19.615 -10 .522 19.345 -10 .441 19.75 -10
4 0 1.174 19.885 -10 1.147 19.75 -10 .441 19.75 -10 .522 20.155 -10
4 0 1.251 20 -10 1.174 19.885 -10 .522 20.155 -10 .751 20.499 -10
4 0 1.365 20.076 -10 1.251 20 -10 .751 20.499 -10 1.095 20.728 -10
4 0 1.5 20.103 -10 1.365 20.076 -10 1.095 20.728 -10 1.5 20.809 -10
4 0 1.635 20.076 -10 1.5 20.103 -10 1.5 20.809 -10 1.905 20.728 -10
4 0 1.75 20 -10 1.635 20.076 -10 1.905 20.728 -10 2.249 20.499 -10
4 0 1.826 19.885 -10 1.75 20 -10 2.249 20.499 -10 2.478 20.155 -10
4 0 1.853 19.75 -10 1.826 19.885 -10 2.478 20.155 -10 2.559 19.75 -10
4 0 1.826 19.615 -10 1.853 19.75 -10 2.559 19.75 -10 2.478 19.345 -10
4 0 1.75 19.501 -10 1.826 19.615 -10 2.478 19.345 -10 2.249 19.001 -10
4 0 1.635 19.424 -10 1.75 19.501 -10 2.249 19.001 -10 1.905 18.772 -10
4 0 1.5 19.397 -10 1.635 19.424 -10 1.905 18.772 -10 1.5 18.691 -10
4 0 1.365 19.424 -10 1.5 19.397 -10 1.5 18.691 -10 1.095 18.772 -10
4 0 1.251 19.501 -10 1.365 19.424 -10 1.095 18.772 -10 .751 19.001 -10
4 0 1.174 19.615 -10 1.251 19.501 -10 .751 19.001 -10 .522 19.345 -10
4 0 1.847 23.7 -10 1.874 23.565 -10 1.222 23.295 -10 1.141 23.7 -10
4 0 1.874 23.835 -10 1.847 23.7 -10 1.141 23.7 -10 1.222 24.105 -10
4 0 1.951 23.95 -10 1.874 23.835 -10 1.222 24.105 -10 1.451 24.449 -10
4 0 2.065 24.026 -10 1.951 23.95 -10 1.451 24.449 -10 1.795 24.678 -10
4 0 2.2 24.053 -10 2.065 24.026 -10 1.795 24.678 -10 2.2 24.759 -10
4 0 2.335 24.026 -10 2.2 24.053 -10 2.2 24.759 -10 2.605 24.678 -10
4 0 2.45 23.95 -10 2.335 24.026 -10 2.605 24.678 -10 2.949 24.449 -10
4 0 2.526 23.835 -10 2.45 23.95 -10 2.949 24.449 -10 3.178 24.105 -10
4 0 2.553 23.7 -10 2.526 23.835 -10 3.178 24.105 -10 3.259 23.7 -10
4 0 2.526 23.565 -10 2.553 23.7 -10 3.259 23.7 -10 3.178 23.295 -10
4 0 2.45 23.451 -10 2.526 23.565 -10 3.178 23.295 -10 2.949 22.951 -10
4 0 2.335 23.374 -10 2.45 23.451 -10 2.949 22.951 -10 2.605 22.722 -10
4 0 2.2 23.347 -10 2.335 23.374 -10 2.605 22.722 -10 2.2 22.641 -10
4 0 2.065 23.374 -10 2.2 23.347 -10 2.2 22.641 -10 1.795 22.722 -10
4 0 1.951 23.451 -10 2.065 23.374 -10 1.795 22.722 -10 1.451 22.951 -10
4 0 1.874 23.565 -10 1.951 23.451 -10 1.451 22.951 -10 1.222 23.295 -10
4 0 .697 15.8 -10 .724 15.665 -10 .072 15.395 -10 -.009 15.8 -10
4 0 .724 15.935 -10 .697 15.8 -10 -.009 15.8 -10 .072 16.205 -10
4 0 .801 16.05 -10 .724 15.935 -10 .072 16.205 -10 .301 16.549 -10
4 0 .915 16.126 -10 .801 16.05 -10 .301 16.549 -10 .645 16.778 -10
4 0 1.05 16.153 -10 .915 16.126 -10 .645 16.778 -10 1.05 16.859 -10
4 0 1.185 16.126 -10 1.05 16.153 -10 1.05 16.859 -10 1.455 16.778 -10
4 0 1.3 16.05 -10 1.185 16.126 -10 1.455 16.778 -10 1.799 16.549 -10
4 0 1.376 15.935 -10 1.3 16.05 -10 1.799 16.549 -10 2.028 16.205 -10
4 0 1.403 15.8 -10 1.376 15.935 -10 2.028 16.205 -10 2.109 15.8 -10
4 0 1.376 15.665 -10 1.403 15.8 -10 2.109 15.8 -10 2.028 15.395 -10
4 0 1.3 15.551 -10 1.376 15.665 -10 2.028 15.395 -10 1.799 15.051 -10
4 0 1.185 15.474 -10 1.3 15.551 -10 1.799 15.051 -10 1.455 14.822 -10
4 0 1.05 15.447 -10 1.185 15.474 -10 1.455 14.822 -10 1.05 14.741 -10
4 0 .915 15.474 -10 1.05 15.447 -10 1.05 14.741 -10 .645 14.822 -10
4 0 .801 15.551 -10 .915 15.474 -10 .645 14.822 -10 .301 15.051 -10
4 0 .724 15.665 -10 .801 15.551 -10 .301 15.051 -10 .072 15.395 -10
4 0 1.397 27.8 -10 1.424 27.665 -10 .772 27.395 -10 .691 27.8 -10
4 0 1.424 27.935 -10 1.397 27.8 -10 .691 27.8 -10 .772 28.205 -10
4 0 1.501 28.05 -10 1.424 27.935 -10 .772 28.205 -10 1.001 28.549 -10
4 0 1.615 28.126 -10 1.501 28.05 -10 1.001 28.549 -10 1.345 28.778 -10
4 0 1.75 28.153 -10 1.615 28.126 -10 1.345 28.778 -10 1.75 28.859 -10
4 0 1.885 28.126 -10 1.75 28.153 -10 1.75 28.859 -10 2.155 28.778 -10
4 0 2 28.05 -10 1.885 28.126 -10 2.155 28.778 -10 2.499 28.549 -10
4 0 2.076 27.935 -10 2 28.05 -10 2.499 28.549 -10 2.728 28.205 -10
4 0 2.103 27.8 -10 2.076 27.935 -10 2.728 28.205 -10 2.809 27.8 -10
4 0 2.076 27.665 -10 2.103 27.8 -10 2.809 27.8 -10 2.728 27.395 -10
4 0 2 27.551 -10 2.076 27.665 -10 2.728 27.395 -10 2.499 27.051 -10
4 0 1.885 27.474 -10 2 27.551 -10 2.499 27.051 -10 2.155 26.822 -10
4 0 1.75 27.447 -10 1.885 27.474 -10 2.155 26.822 -10 1.75 26.741 -10
4 0 1.615 27.474 -10 1.75 27.447 -10 1.75 26.741 -10 1.345 26.822 -10
4 0 1.501 27.551 -10 1.615 27.474 -10 1.345 26.822 -10 1.001 27.051 -10
4 0 1.424 27.665 -10 1.501 27.551 -10 1.001 27.051 -10 .772 27.395 -10
4 0 -2.303 29.65 -10 -2.276 29.515 -10 -2.928 29.245 -10 -3.009 29.65 -10
4 0 -2.276 29.785 -10 -2.303 29.65 -10 -3.009 29.65 -10 -2.928 30.055 -10
4 0 -2.2 29.9 -10 -2.276 29.785 -10 -2.928 30.055 -10 -2.699 30.399 -10
4 0 -2.085 29.976 -10 -2.2 29.9 -10 -2.699 30.399 -10 -2.355 30.628 -10
4 0 -1.95 30.003 -10 -2.085 29.976 -10 -2.355 30.628 -10 -1.95 30.709 -10
4 0 -1.815 29.976 -10 -1.95 30.003 -10 -1.95 30.709 -10 -1.545 30.628 -10
4 0 -1.701 29.9 -10 -1.815 29.976 -10 -1.545 30.628 -10 -1.201 30.399 -10
4 0 -1.624 29.785 -10 -1.701 29.9 -10 -1.201 30.399 -10 -.972 30.055 -10
4 0 -1.597 29.65 -10 -1.624 29.785 -10 -.972 30.055 -10 -.891 29.65 -10
4 0 -1.624 29.515 -10 -1.597 29.65 -10 -.891 29.65 -10 -.972 29.245 -10
4 0 -1.701 29.401 -10 -1.624 29.515 -10 -.972 29.245 -10 -1.201 28.901 -10
4 0 -1.815 29.324 -10 -1.701 29.401 -10 -1.201 28.901 -10 -1.545 28.672 -10
4 0 -1.95 29.297 -10 -1.815 29.324 -10 -1.545 28.672 -10 -1.95 28.591 -10
4 0 -2.085 29.324 -10 -1.95 29.297 -10 -1.95 28.591 -10 -2.355 28.672 -10
4 0 -2.2 29.401 -10 -2.085 29.324 -10 -2.355 28.672 -10 -2.699 28.901 -10
4 0 -2.276 29.515 -10 -2.2 29.401 -10 -2.699 28.901 -10 -2.928 29.245 -10
4 0 9.25 22.2 -10 8.75 22.65 -10 9.65 22.5 -10 10 21.9 -10
4 0 10 21.9 -10 9.65 22.5 -10 10.2 22.4 -10 10.45 21.8 -10
4 0 10.45 21.8 -10 10.2 22.4 -10 10.65 22.1 -10 10.9 21.6 -10
4 0 8 28.2 -10 7.9 28.6 -10 8.6 28.5 -10 9 28 -10
4 0 9 28 -10 8.6 28.5 -10 9.4 28.4 -10 9.85 28.15 -10
3 0 9.85 28.15 -10 10.15 27.7 -10 9 28 -10
4 0 .65 11.55 -10 -.05 12.95 -10 .7 13 -10 1.4 11.45 -10
4 0 1.3 10.25 -10 .65 11.55 -10 1.4 11.45 -10 2.1 10.15 -10
4 0 1.7 9.35 -10 1.3 10.25 -10 2.1 10.15 -10 2.05 8.9 -10
4 0 2.05 8.9 -10 2.1 10.15 -10 2.9 8.5 -10 3.1 6.85 -10
4 0 3.1 6.85 -10 2.9 8.5 -10 3.9 6.65 -10 3.35 6.35 -10
4 0 3.35 6.35 -10 3.9 6.65 -10 4.45 5.6 -10 3.85 5.4 -10
4 0 -1 11.75 -10 -1 12.45 -10 -.3 12.05 -10 -.5 11.35 -10
4 0 -1 11.75 -10 -.5 11.35 -10 -.85 10.65 -10 -1.55 10.5 -10
4 0 -1.55 10.5 -10 -.85 10.65 -10 -1.2 9.95 -10 -1.5 9.4 -10
4 0 -2.35 8.95 -10 -1.55 10.5 -10 -1.5 9.4 -10 -2.7 7.05 -10
4 0 -3.3 7.05 -10 -2.35 8.95 -10 -2.7 7.05 -10 -2.95 6.5 -10
4 0 -3.3 7.05 -10 -2.95 6.5 -10 -3.25 5.4 -10 -4.1 5.7 -10
3 0 -2.95 6.5 -10 -2.7 7.05 -10 -1.4 5.75 -10
4 0 -2.95 6.5 -10 -1.4 5.75 -10 -1.1 5.45 -10 -.85 4.45 -10
4 0 -.85 4.45 -10 -1.1 5.45 -10 -.5 4.85 -10 -.1 4.15 -10
4 0 -1.1 5.45 -10 -1.4 5.75 -10 -1.5 9.4 -10 -1.2 9.95 -10
4 0 1.7 9.35 -10 2.05 8.9 -10 2.05 6 -10 1.8 5.75 -10
4 0 2.2 5.5 -10 1.8 5.75 -10 2.05 6 -10 3.35 6.35 -10
3 0 3.1 6.85 -10 3.35 6.35 -10 2.05 6 -10
4 0 1.8 5.75 -10 2.2 5.5 -10 1.3 4.75 -10 .95 4.85 -10
4 0 -10.143 28.906 -10 -9.625 28.317 -10 -9.668 28.1 -10 -10.048 27.152 -10
4 0 -10.143 28.906 -10 -10.048 29.048 -10 -9.502 28.502 -10 -9.625 28.317 -10
4 0 -10.048 27.152 -10 -10.8 25.9 -10 -10.8 28 -10 -10.143 28.906 -10
3 0 -9.668 28.1 -10 -9.625 27.883 -10 -10.048 27.152 -10
4 0 -4.1 5.7 -10 -3.25 5.4 -10 -3.95 4.85 -10 -4.7 5.2 -10
4 0 -4.7 5.2 -10 -3.95 4.85 -10 -4.2 4.55 -10 -5.05 4.45 -10
4 0 -5.05 4.45 -10 -4.2 4.55 -10 -4.25 4.05 -10 -5.25 3.8 -10
4 0 -5.1 3.3 -10 -5.25 3.8 -10 -4.25 4.05 -10 -4.45 3.05 -10
4 0 -4.45 3.05 -10 -4.25 4.05 -10 -3.9 3.8 -10 -3.65 2.95 -10
4 0 -3.65 2.95 -10 -3.9 3.8 -10 -3.2 3.5 -10 -2.8 2.65 -10
4 0 -2.8 2.65 -10 -3.2 3.5 -10 -2.5 3.25 -10 -1.95 2.45 -10
4 0 -1.95 2.45 -10 -2.5 3.25 -10 -1.8 3.05 -10 -1.4 2.5 -10
4 0 -1.4 2.5 -10 -1.8 3.05 -10 -1.25 3.1 -10 -.7 3 -10
4 0 -5.2 2.5 -10 -5.1 3.3 -10 -4.45 3.05 -10 -4.45 2.4 -10
4 0 -5.25 1.9 -10 -5.2 2.5 -10 -4.45 2.4 -10 -4.85 1.4 -10
4 0 -4.85 1.4 -10 -4.45 2.4 -10 -4.15 1.95 -10 -4.25 1.2 -10
4 0 -4.25 1.2 -10 -4.15 1.95 -10 -3.65 1.85 -10 -3.25 1.2 -10
4 0 -3.25 1.2 -10 -3.65 1.85 -10 -2.85 1.85 -10 -2.2 1.3 -10
4 0 -2.2 1.3 -10 -2.85 1.85 -10 -2 2 -10 -1.45 1.5 -10
4 0 -1.45 1.5 -10 -2 2 -10 -1.35 2.1 -10 -.8 1.45 -10
4 0 -.5 2.6 -10 -.8 1.45 -10 -1.35 2.1 -10 -1.4 2.5 -10
3 0 -.7 3 -10 -.5 2.6 -10 -1.4 2.5 -10
4 0 -.7 3 -10 -1.25 3.1 -10 -1.2 3.8 -10 -.6 3.7 -10
4 0 -.85 4.45 -10 -.6 3.7 -10 -1.2 3.8 -10 -1.7 4.05 -10
4 0 -1.55 4.6 -10 -.85 4.45 -10 -1.7 4.05 -10 -2.45 4.4 -10
4 0 -2.4 5.05 -10 -1.55 4.6 -10 -2.45 4.4 -10 -3.3 4.7 -10
4 0 -3.25 5.4 -10 -2.4 5.05 -10 -3.3 4.7 -10 -3.95 4.85 -10
3 0 -.15 1.6 -10 -.8 1.45 -10 -.5 2.6 -10
4 0 .3 1.7 -10 -.15 1.6 -10 -.5 2.6 -10 -.05 2.7 -10
3 0 .3 1.7 -10 -.05 2.7 -10 .25 2.35 -10
4 0 .25 2.35 -10 -.05 2.7 -10 .25 3 -10 .65 2.95 -10
4 0 .65 2.95 -10 .25 3 -10 .45 3.45 -10 1.05 3.6 -10
4 0 1.05 3.6 -10 .45 3.45 -10 .55 4 -10 1.25 4.4 -10
4 0 1.25 4.4 -10 .55 4 -10 .5 4.3 -10 .95 4.85 -10
3 0 .95 4.85 -10 1.3 4.75 -10 1.25 4.4 -10
4 0 -.5 4.85 -10 .95 4.85 -10 .5 4.3 -10 -.1 4.15 -10
3 0 -.85 4.45 -10 -.1 4.15 -10 -.6 3.7 -10
4 0 1.05 3.6 -10 1.25 4.4 -10 1.7 4.45 -10 1.75 3.75 -10
4 0 1.15 2.65 -10 1.05 3.6 -10 1.75 3.75 -10 1.9 2.9 -10
4 0 1.15 2.65 -10 1.9 2.9 -10 2.2 2.3 -10 1 2.2 -10
4 0 1 2.2 -10 2.2 2.3 -10 1.4 1.6 -10 .75 1.6 -10
4 0 1 2.2 -10 .75 1.6 -10 .3 1.7 -10 .6 2.2 -10
3 0 .3 1.7 -10 .25 2.35 -10 .6 2.2 -10
4 0 2.7 4.1 -10 1.75 3.75 -10 1.7 4.45 -10 2.6 4.8 -10
4 0 3.55 4.55 -10 2.7 4.1 -10 2.6 4.8 -10 3.85 5.4 -10
4 0 4.3 4.95 -10 3.55 4.55 -10 3.85 5.4 -10 4.45 5.6 -10
4 0 4.3 4.95 -10 4.45 5.6 -10 4.85 5.65 -10 4.65 4.85 -10
4 0 4.65 4.85 -10 4.85 5.65 -10 5.2 5.4 -10 5.4 4.9 -10
4 0 4.8 4.4 -10 4.65 4.85 -10 5.4 4.9 -10 5.45 4.15 -10
4 0 4.75 3.9 -10 4.8 4.4 -10 5.45 4.15 -10 4.95 3.3 -10
4 0 4.95 3.3 -10 5.45 4.15 -10 5.65 3.5 -10 5.15 2.95 -10
4 0 5.15 2.95 -10 5.65 3.5 -10 5.85 2.95 -10 5.2 2.35 -10
4 0 5.2 2.35 -10 5.85 2.95 -10 5.9 2.35 -10 5.85 1.85 -10
4 0 5.1 2 -10 5.2 2.35 -10 5.85 1.85 -10 5.5 1.35 -10
4 0 5.1 2 -10 5.5 1.35 -10 5 1.2 -10 4.75 1.8 -10
4 0 4.75 1.8 -10 5 1.2 -10 4.25 1.2 -10 4.1 1.8 -10
4 0 4.1 1.8 -10 4.25 1.2 -10 3.1 1.3 -10 3.1 1.85 -10
4 0 3.1 1.85 -10 3.1 1.3 -10 2.15 1.55 -10 2.4 2.05 -10
4 0 2.4 2.05 -10 2.15 1.55 -10 1.4 1.6 -10 2.2 2.3 -10
4 0 3 2.55 -10 2.2 2.3 -10 1.9 2.9 -10 3 3.15 -10
4 0 4 2.9 -10 3 2.55 -10 3 3.15 -10 4 3.5 -10
4 0 4.95 3.3 -10 4 2.9 -10 4 3.5 -10 4.75 3.9 -10
4 0 -5.25 1.15 -10 -6.15 1 -10 -5.5 1.5 -10 -4.85 1.4 -10
3 0 -5.25 1.9 -10 -4.85 1.4 -10 -5.5 1.5 -10
4 0 5.5 1.35 -10 5.85 1.85 -10 6.1 1.45 -10 6.1 1.1 -10
3 0 6.85 1 -10 6.1 1.1 -10 6.1 1.45 -10
4 308 -4.45 2.4 -10 -4.45 3.05 -10 -3.65 2.95 -10 -4.15 1.95 -10
4 308 -3.65 1.85 -10 -4.15 1.95 -10 -3.65 2.95 -10 -2.8 2.65 -10
4 308 -2.85 1.85 -10 -3.65 1.85 -10 -2.8 2.65 -10 -1.95 2.45 -10
3 308 -2 2 -10 -2.85 1.85 -10 -1.95 2.45 -10
4 308 -1.35 2.1 -10 -2 2 -10 -1.95 2.45 -10 -1.4 2.5 -10
4 308 -3.9 3.8 -10 -4.25 4.05 -10 -4.2 4.55 -10 -3.95 4.85 -10
4 308 -3.9 3.8 -10 -3.95 4.85 -10 -3.3 4.7 -10 -3.2 3.5 -10
4 308 -3.2 3.5 -10 -3.3 4.7 -10 -2.45 4.4 -10 -2.5 3.25 -10
4 308 -2.5 3.25 -10 -2.45 4.4 -10 -1.7 4.05 -10 -1.8 3.05 -10
4 308 -1.8 3.05 -10 -1.7 4.05 -10 -1.2 3.8 -10 -1.25 3.1 -10
4 308 -.05 2.7 -10 -.5 2.6 -10 -.7 3 -10 .25 3 -10
4 308 .25 3 -10 -.7 3 -10 -.6 3.7 -10 .45 3.45 -10
4 308 .45 3.45 -10 -.6 3.7 -10 -.1 4.15 -10 .55 4 -10
3 308 .5 4.3 -10 .55 4 -10 -.1 4.15 -10
4 308 .6 2.2 -10 .25 2.35 -10 .65 2.95 -10 1 2.2 -10
4 308 1.15 2.65 -10 1 2.2 -10 .65 2.95 -10 1.05 3.6 -10
4 308 3 3.15 -10 1.9 2.9 -10 1.75 3.75 -10 2.7 4.1 -10
4 308 4 3.5 -10 3 3.15 -10 2.7 4.1 -10 3.55 4.55 -10
4 308 4.75 3.9 -10 4 3.5 -10 3.55 4.55 -10 4.8 4.4 -10
4 308 4.8 4.4 -10 3.55 4.55 -10 4.3 4.95 -10 4.65 4.85 -10
4 308 2.4 2.05 -10 2.2 2.3 -10 3 2.55 -10 3.1 1.85 -10
4 308 3.1 1.85 -10 3 2.55 -10 4 2.9 -10 4.1 1.8 -10
4 308 4.75 1.8 -10 4.1 1.8 -10 4 2.9 -10 5.1 2 -10
4 308 5.2 2.35 -10 5.1 2 -10 4 2.9 -10 5.15 2.95 -10
3 308 4 2.9 -10 4.95 3.3 -10 5.15 2.95 -10
3 16 -13.709 4.085 -10 -14.345 2 -10 -13.992 5.727 -10
4 16 -12 0 -10 -14.345 2 -10 -13.709 4.085 -10 -12.7 5.3 -10
4 16 -12 0 -10 -12.7 5.3 -10 -11.8 5.9 -10 -10.6 6.1 -10
4 16 -12 0 -10 -10.6 6.1 -10 -9.7 5.9 -10 -9.5 4.2 -10
3 16 -9.3 2.9 -10 -12 0 -10 -9.5 4.2 -10
3 16 -9 2 -10 -12 0 -10 -9.3 2.9 -10
3 16 -8.5 1.3 -10 -12 0 -10 -9 2 -10
3 16 -8 1 -10 -12 0 -10 -8.5 1.3 -10
4 16 0 0 -10 -.8 1.45 -10 -.15 1.6 -10 .3 1.7 -10
4 16 -1.45 1.5 -10 -.8 1.45 -10 0 0 -10 -2.2 1.3 -10
3 16 -2.2 1.3 -10 0 0 -10 -3.25 1.2 -10
3 16 -4.25 1.2 -10 -5.25 1.15 -10 -4.85 1.4 -10
4 16 -4.25 1.2 -10 -3.25 1.2 -10 0 0 -10 -5.25 1.15 -10
4 16 -6.15 1 -10 -5.25 1.15 -10 0 0 -10 -12 0 -10
3 16 -6.7 1 -10 -12 0 -10 -8 1 -10
3 16 -6.15 1 -10 -12 0 -10 -6.7 1 -10
3 16 0 0 -10 .3 1.7 -10 .75 1.6 -10
4 16 0 0 -10 .75 1.6 -10 1.4 1.6 -10 2.15 1.55 -10
3 16 2.15 1.55 -10 3.1 1.3 -10 0 0 -10
3 16 3.1 1.3 -10 4.25 1.2 -10 0 0 -10
4 16 0 0 -10 4.25 1.2 -10 5 1.2 -10 6.1 1.1 -10
3 16 6.1 1.1 -10 5 1.2 -10 5.5 1.35 -10
4 16 0 0 -10 6.1 1.1 -10 6.85 1 -10 12 0 -10
3 16 12 0 -10 6.85 1 -10 7.5 1 -10
3 16 12 0 -10 7.5 1 -10 8.4 1 -10
3 16 12 0 -10 8.4 1 -10 8.55 1.45 -10
3 16 12 0 -10 8.55 1.45 -10 9.15 3.25 -10
4 16 12 0 -10 9.15 3.25 -10 9.85 5.8 -10 10.65 6.05 -10
4 16 12 0 -10 10.65 6.05 -10 11.35 6.15 -10 11.95 6.1 -10
4 16 12 0 -10 11.95 6.1 -10 12.6 5.75 -10 13.3 5.15 -10
4 16 12 0 -10 13.3 5.15 -10 13.785 4.523 -10 14.345 2 -10
3 16 13.785 4.523 -10 14.019 5.886 -10 14.345 2 -10
3 16 14.019 5.886 -10 14.409 8.149 -10 14.345 2 -10
4 16 10.9 6.9 -10 10.15 7.05 -10 10.4 8.3 -10 11.65 6.9 -10
4 16 11.65 6.9 -10 10.4 8.3 -10 10.8 10.4 -10 13.85 9.9 -10
4 16 12.4 6.85 -10 11.65 6.9 -10 13.85 9.9 -10 14.409 8.149 -10
3 16 12.4 6.85 -10 14.409 8.149 -10 13.2 6.5 -10
3 16 13.2 6.5 -10 14.409 8.149 -10 14.019 5.886 -10
4 16 10.8 10.4 -10 11.1 12.65 -10 13.45 12.65 -10 13.85 9.9 -10
4 16 11.1 12.65 -10 11.65 16.6 -10 13.1 16.7 -10 13.45 12.65 -10
4 16 11.65 16.6 -10 11.95 19.5 -10 12.9 20.4 -10 13.1 16.7 -10
4 16 11.95 19.5 -10 12.05 22.8 -10 12.7 24.25 -10 12.9 20.4 -10
4 16 12.05 22.8 -10 11.95 26.15 -10 12.5 27.15 -10 12.7 24.25 -10
4 16 11.95 26.15 -10 11.6 29.1 -10 12.2 29.55 -10 12.5 27.15 -10
4 16 11.6 29.1 -10 11.2 32 -10 12 32 -10 12.2 29.55 -10
4 16 13 28.95 -10 12.6 32 -10 19 32 -10 19 29 -10
3 16 13.35 26.35 -10 13 28.95 -10 19 29 -10
3 16 13.6 23.15 -10 13.35 26.35 -10 19 29 -10
4 16 13.8 19.25 -10 13.6 23.15 -10 19 29 -10 14.05 16.15 -10
4 16 14.4 13.05 -10 14.05 16.15 -10 19 29 -10 14.6 11.95 -10
3 16 19 29 -10 14.899 10.992 -10 14.6 11.95 -10
4 16 14.345 2 -10 14.409 8.149 -10 14.899 10.992 -10 19 29 -10
4 16 -19 29 -10 -19 32 -10 -12.6 32 -10 -12.6 28.9 -10
3 16 -19 29 -10 -12.6 28.9 -10 -12.8 25.4 -10
4 16 -19 29 -10 -12.8 25.4 -10 -13 21.9 -10 -13.4 18.1 -10
4 16 -19 29 -10 -13.4 18.1 -10 -13.9 15.2 -10 -14.5 13.4 -10
3 16 -15.092 12.117 -10 -19 29 -10 -14.5 13.4 -10
3 16 -14.345 2 -10 -14.611 9.323 -10 -13.992 5.727 -10
4 16 -15.092 12.117 -10 -14.611 9.323 -10 -14.345 2 -10 -19 29 -10
4 16 -13.1 6.3 -10 -13.992 5.727 -10 -14.611 9.323 -10 -14 11.7 -10
4 16 -12.1 6.7 -10 -13.1 6.3 -10 -14 11.7 -10 -10.1 8.4 -10
3 16 -12.1 6.7 -10 -10.1 8.4 -10 -11.1 6.9 -10
3 16 -9.9 6.8 -10 -11.1 6.9 -10 -10.1 8.4 -10
4 16 -10.6 12.6 -10 -10.1 8.4 -10 -14 11.7 -10 -13.2 14.6 -10
4 16 -10.9 16.2 -10 -10.6 12.6 -10 -13.2 14.6 -10 -12.6 17.7 -10
3 16 -11.1 20 -10 -10.9 16.2 -10 -12.6 17.7 -10
4 16 -12.6 17.7 -10 -12.2 21.8 -10 -11 23.3 -10 -11.1 20 -10
4 16 -12.2 21.8 -10 -12 25.3 -10 -10.8 25.9 -10 -11 23.3 -10
4 16 -10.8 28 -10 -10.8 25.9 -10 -12 25.3 -10 -11.9 28.8 -10
4 16 -11 30 -10 -10.8 28 -10 -11.9 28.8 -10 -12 32 -10
3 16 -11 30 -10 -12 32 -10 -11.2 32 -10
4 0 -.212 9.8 -10 -.177 9.623 -10 -.405 9.529 -10 -.459 9.8 -10
4 0 -.177 9.977 -10 -.212 9.8 -10 -.459 9.8 -10 -.405 10.071 -10
4 0 -.077 10.127 -10 -.177 9.977 -10 -.405 10.071 -10 -.251 10.301 -10
4 0 .073 10.227 -10 -.077 10.127 -10 -.251 10.301 -10 -.021 10.455 -10
4 0 .25 10.262 -10 .073 10.227 -10 -.021 10.455 -10 .25 10.509 -10
4 0 .427 10.227 -10 .25 10.262 -10 .25 10.509 -10 .521 10.455 -10
4 0 .577 10.127 -10 .427 10.227 -10 .521 10.455 -10 .751 10.301 -10
4 0 .677 9.977 -10 .577 10.127 -10 .751 10.301 -10 .905 10.071 -10
4 0 .712 9.8 -10 .677 9.977 -10 .905 10.071 -10 .959 9.8 -10
4 0 .677 9.623 -10 .712 9.8 -10 .959 9.8 -10 .905 9.529 -10
4 0 .577 9.473 -10 .677 9.623 -10 .905 9.529 -10 .751 9.299 -10
4 0 .427 9.373 -10 .577 9.473 -10 .751 9.299 -10 .521 9.145 -10
4 0 .25 9.338 -10 .427 9.373 -10 .521 9.145 -10 .25 9.091 -10
4 0 .073 9.373 -10 .25 9.338 -10 .25 9.091 -10 -.021 9.145 -10
4 0 -.077 9.473 -10 .073 9.373 -10 -.021 9.145 -10 -.251 9.299 -10
4 0 -.177 9.623 -10 -.077 9.473 -10 -.251 9.299 -10 -.405 9.529 -10
4 0 -.162 7.05 -10 -.127 6.873 -10 -.355 6.779 -10 -.409 7.05 -10
4 0 -.127 7.227 -10 -.162 7.05 -10 -.409 7.05 -10 -.355 7.321 -10
4 0 -.027 7.377 -10 -.127 7.227 -10 -.355 7.321 -10 -.201 7.551 -10
4 0 .123 7.477 -10 -.027 7.377 -10 -.201 7.551 -10 .029 7.705 -10
4 0 .3 7.512 -10 .123 7.477 -10 .029 7.705 -10 .3 7.759 -10
4 0 .477 7.477 -10 .3 7.512 -10 .3 7.759 -10 .571 7.705 -10
4 0 .627 7.377 -10 .477 7.477 -10 .571 7.705 -10 .801 7.551 -10
4 0 .727 7.227 -10 .627 7.377 -10 .801 7.551 -10 .955 7.321 -10
4 0 .762 7.05 -10 .727 7.227 -10 .955 7.321 -10 1.009 7.05 -10
4 0 .727 6.873 -10 .762 7.05 -10 1.009 7.05 -10 .955 6.779 -10
4 0 .627 6.723 -10 .727 6.873 -10 .955 6.779 -10 .801 6.549 -10
4 0 .477 6.623 -10 .627 6.723 -10 .801 6.549 -10 .571 6.395 -10
4 0 .3 6.588 -10 .477 6.623 -10 .571 6.395 -10 .3 6.341 -10
4 0 .123 6.623 -10 .3 6.588 -10 .3 6.341 -10 .029 6.395 -10
4 0 -.027 6.723 -10 .123 6.623 -10 .029 6.395 -10 -.201 6.549 -10
4 0 -.127 6.873 -10 -.027 6.723 -10 -.201 6.549 -10 -.355 6.779 -10
3 15 -2.95 6.5 -10 -2.4 5.05 -10 -3.25 5.4 -10
4 15 -1.55 4.6 -10 -2.4 5.05 -10 -2.95 6.5 -10 -.85 4.45 -10
4 15 1.7 4.45 -10 1.25 4.4 -10 1.3 4.75 -10 2.6 4.8 -10
4 15 2.6 4.8 -10 1.3 4.75 -10 2.2 5.5 -10 3.85 5.4 -10
3 15 3.35 6.35 -10 3.85 5.4 -10 2.2 5.5 -10
3 15 3.1 6.85 -10 2.05 6 -10 2.05 8.9 -10
3 15 -1.5 9.4 -10 -1.4 5.75 -10 -2.7 7.05 -10
4 15 -.5 11.35 -10 -.3 12.05 -10 .65 11.55 -10 .25 10.509 -10
3 15 -.3 12.05 -10 -.05 12.95 -10 .65 11.55 -10
4 15 -.5 11.35 -10 .25 10.509 -10 -.021 10.455 -10 -.85 10.65 -10
3 15 .65 11.55 -10 .521 10.455 -10 .25 10.509 -10
4 15 1.3 10.25 -10 .905 10.071 -10 .751 10.301 -10 .65 11.55 -10
3 15 .751 10.301 -10 .521 10.455 -10 .65 11.55 -10
4 15 -.85 10.65 -10 -.021 10.455 -10 -.251 10.301 -10 -1.2 9.95 -10
3 15 -1.2 9.95 -10 -.251 10.301 -10 -.405 10.071 -10
3 15 -.459 9.8 -10 -1.2 9.95 -10 -.405 10.071 -10
3 15 -.405 9.529 -10 -1.2 9.95 -10 -.459 9.8 -10
4 15 -1.1 5.45 -10 -.355 6.779 -10 -.201 6.549 -10 -.5 4.85 -10
4 15 -.5 4.85 -10 -.201 6.549 -10 .029 6.395 -10 .95 4.85 -10
3 15 .3 6.341 -10 .95 4.85 -10 .029 6.395 -10
4 15 .95 4.85 -10 .3 6.341 -10 .571 6.395 -10 1.8 5.75 -10
3 15 1.8 5.75 -10 .571 6.395 -10 .801 6.549 -10
3 15 1.8 5.75 -10 .801 6.549 -10 .955 6.779 -10
4 15 1.8 5.75 -10 .955 6.779 -10 1.009 7.05 -10 1.7 9.35 -10
4 15 -.409 7.05 -10 -.355 6.779 -10 -1.1 5.45 -10 -1.2 9.95 -10
4 15 -1.2 9.95 -10 -.405 9.529 -10 -.251 9.299 -10 -.355 7.321 -10
3 15 -.355 7.321 -10 -.409 7.05 -10 -1.2 9.95 -10
4 15 -.201 7.551 -10 -.355 7.321 -10 -.251 9.299 -10 -.021 9.145 -10
4 15 .029 7.705 -10 -.201 7.551 -10 -.021 9.145 -10 .25 9.091 -10
4 15 .3 7.759 -10 .029 7.705 -10 .25 9.091 -10 .521 9.145 -10
4 15 .571 7.705 -10 .3 7.759 -10 .521 9.145 -10 .751 9.299 -10
4 15 .801 7.551 -10 .571 7.705 -10 .751 9.299 -10 .905 9.529 -10
4 15 .955 7.321 -10 .801 7.551 -10 .905 9.529 -10 1.7 9.35 -10
4 15 .959 9.8 -10 .905 10.071 -10 1.3 10.25 -10 1.7 9.35 -10
3 15 1.7 9.35 -10 .905 9.529 -10 .959 9.8 -10
3 15 1.7 9.35 -10 1.009 7.05 -10 .955 7.321 -10
4 15 -.127 6.873 -10 -.162 7.05 -10 .762 7.05 -10 .727 6.873 -10
4 15 -.027 6.723 -10 -.127 6.873 -10 .727 6.873 -10 .627 6.723 -10
4 15 .123 6.623 -10 -.027 6.723 -10 .627 6.723 -10 .477 6.623 -10
3 15 .123 6.623 -10 .477 6.623 -10 .3 6.588 -10
4 15 .762 7.05 -10 -.162 7.05 -10 -.127 7.227 -10 .727 7.227 -10
4 15 .727 7.227 -10 -.127 7.227 -10 -.027 7.377 -10 .627 7.377 -10
4 15 .627 7.377 -10 -.027 7.377 -10 .123 7.477 -10 .477 7.477 -10
3 15 .123 7.477 -10 .3 7.512 -10 .477 7.477 -10
4 15 -.177 9.623 -10 -.212 9.8 -10 .712 9.8 -10 .677 9.623 -10
4 15 -.077 9.473 -10 -.177 9.623 -10 .677 9.623 -10 .577 9.473 -10
4 15 .073 9.373 -10 -.077 9.473 -10 .577 9.473 -10 .427 9.373 -10
3 15 .073 9.373 -10 .427 9.373 -10 .25 9.338 -10
4 15 .712 9.8 -10 -.212 9.8 -10 -.177 9.977 -10 .677 9.977 -10
4 15 .677 9.977 -10 -.177 9.977 -10 -.077 10.127 -10 .577 10.127 -10
4 15 .577 10.127 -10 -.077 10.127 -10 .073 10.227 -10 .427 10.227 -10
3 15 .073 10.227 -10 .25 10.262 -10 .427 10.227 -10
4 308 .724 15.665 -10 .697 15.8 -10 1.403 15.8 -10 1.376 15.665 -10
4 308 .801 15.551 -10 .724 15.665 -10 1.376 15.665 -10 1.3 15.551 -10
4 308 .915 15.474 -10 .801 15.551 -10 1.3 15.551 -10 1.185 15.474 -10
3 308 1.05 15.447 -10 .915 15.474 -10 1.185 15.474 -10
4 308 1.403 15.8 -10 .697 15.8 -10 .724 15.935 -10 1.376 15.935 -10
4 308 1.376 15.935 -10 .724 15.935 -10 .801 16.05 -10 1.3 16.05 -10
4 308 1.3 16.05 -10 .801 16.05 -10 .915 16.126 -10 1.185 16.126 -10
3 308 1.185 16.126 -10 .915 16.126 -10 1.05 16.153 -10
4 308 1.174 19.615 -10 1.147 19.75 -10 1.853 19.75 -10 1.826 19.615 -10
4 308 1.251 19.501 -10 1.174 19.615 -10 1.826 19.615 -10 1.75 19.501 -10
4 308 1.365 19.424 -10 1.251 19.501 -10 1.75 19.501 -10 1.635 19.424 -10
3 308 1.5 19.397 -10 1.365 19.424 -10 1.635 19.424 -10
4 308 1.853 19.75 -10 1.147 19.75 -10 1.174 19.885 -10 1.826 19.885 -10
4 308 1.826 19.885 -10 1.174 19.885 -10 1.251 20 -10 1.75 20 -10
4 308 1.75 20 -10 1.251 20 -10 1.365 20.076 -10 1.635 20.076 -10
3 308 1.635 20.076 -10 1.365 20.076 -10 1.5 20.103 -10
4 308 1.874 23.565 -10 1.847 23.7 -10 2.553 23.7 -10 2.526 23.565 -10
4 308 1.951 23.451 -10 1.874 23.565 -10 2.526 23.565 -10 2.45 23.451 -10
4 308 2.065 23.374 -10 1.951 23.451 -10 2.45 23.451 -10 2.335 23.374 -10
3 308 2.2 23.347 -10 2.065 23.374 -10 2.335 23.374 -10
4 308 2.553 23.7 -10 1.847 23.7 -10 1.874 23.835 -10 2.526 23.835 -10
4 308 2.526 23.835 -10 1.874 23.835 -10 1.951 23.95 -10 2.45 23.95 -10
4 308 2.45 23.95 -10 1.951 23.95 -10 2.065 24.026 -10 2.335 24.026 -10
3 308 2.335 24.026 -10 2.065 24.026 -10 2.2 24.053 -10
4 308 1.424 27.665 -10 1.397 27.8 -10 2.103 27.8 -10 2.076 27.665 -10
4 308 1.501 27.551 -10 1.424 27.665 -10 2.076 27.665 -10 2 27.551 -10
4 308 1.615 27.474 -10 1.501 27.551 -10 2 27.551 -10 1.885 27.474 -10
3 308 1.75 27.447 -10 1.615 27.474 -10 1.885 27.474 -10
4 308 2.103 27.8 -10 1.397 27.8 -10 1.424 27.935 -10 2.076 27.935 -10
4 308 2.076 27.935 -10 1.424 27.935 -10 1.501 28.05 -10 2 28.05 -10
4 308 2 28.05 -10 1.501 28.05 -10 1.615 28.126 -10 1.885 28.126 -10
3 308 1.885 28.126 -10 1.615 28.126 -10 1.75 28.153 -10
4 308 -2.276 29.515 -10 -2.303 29.65 -10 -1.597 29.65 -10 -1.624 29.515 -10
4 308 -2.2 29.401 -10 -2.276 29.515 -10 -1.624 29.515 -10 -1.701 29.401 -10
4 308 -2.085 29.324 -10 -2.2 29.401 -10 -1.701 29.401 -10 -1.815 29.324 -10
3 308 -1.95 29.297 -10 -2.085 29.324 -10 -1.815 29.324 -10
4 308 -1.597 29.65 -10 -2.303 29.65 -10 -2.276 29.785 -10 -1.624 29.785 -10
4 308 -1.624 29.785 -10 -2.276 29.785 -10 -2.2 29.9 -10 -1.701 29.9 -10
4 308 -1.701 29.9 -10 -2.2 29.9 -10 -2.085 29.976 -10 -1.815 29.976 -10
3 308 -1.815 29.976 -10 -2.085 29.976 -10 -1.95 30.003 -10
4 308 -.5 31.45 -10 -.8 32 -10 1.8 32 -10 1.65 31.5 -10
4 308 -.1 31.1 -10 -.5 31.45 -10 1.65 31.5 -10 .5 30.9 -10
4 308 .5 30.9 -10 1.65 31.5 -10 1.35 31 -10 .95 30.6 -10
4 308 -9.625 27.883 -10 -9.668 28.1 -10 -8.532 28.1 -10 -8.575 27.883 -10
4 308 -9.502 27.699 -10 -9.625 27.883 -10 -8.575 27.883 -10 -8.699 27.699 -10
4 308 -9.317 27.575 -10 -9.502 27.699 -10 -8.699 27.699 -10 -8.883 27.575 -10
3 308 -9.1 27.532 -10 -9.317 27.575 -10 -8.883 27.575 -10
4 308 -8.532 28.1 -10 -9.668 28.1 -10 -9.625 28.317 -10 -8.575 28.317 -10
4 308 -8.575 28.317 -10 -9.625 28.317 -10 -9.502 28.502 -10 -8.699 28.502 -10
4 308 -8.699 28.502 -10 -9.502 28.502 -10 -9.317 28.625 -10 -8.883 28.625 -10
3 308 -8.883 28.625 -10 -9.317 28.625 -10 -9.1 28.668 -10
4 308 -8.525 21.583 -10 -8.568 21.8 -10 -7.432 21.8 -10 -7.475 21.583 -10
4 308 -8.402 21.399 -10 -8.525 21.583 -10 -7.475 21.583 -10 -7.599 21.399 -10
4 308 -8.217 21.275 -10 -8.402 21.399 -10 -7.599 21.399 -10 -7.783 21.275 -10
3 308 -8 21.232 -10 -8.217 21.275 -10 -7.783 21.275 -10
4 308 -7.432 21.8 -10 -8.568 21.8 -10 -8.525 22.017 -10 -7.475 22.017 -10
4 308 -7.475 22.017 -10 -8.525 22.017 -10 -8.402 22.202 -10 -7.599 22.202 -10
4 308 -7.599 22.202 -10 -8.402 22.202 -10 -8.217 22.325 -10 -7.783 22.325 -10
3 308 -7.783 22.325 -10 -8.217 22.325 -10 -8 22.368 -10
4 308 -5.1 27.3 -10 -5.5 27.7 -10 -5.5 28.6 -10 -5.1 29 -10
4 308 5.6 28.4 -10 5.6 27.5 -10 5.2 27.1 -10 5.2 28.8 -10
4 308 -6.831 27.3 -10 -6.917 27.7 -10 -5.5 27.7 -10 -5.1 27.3 -10
4 308 -5.5 28.6 -10 -7.09 28.6 -10 -7.1 29 -10 -5.1 29 -10
4 308 7.046 27.1 -10 5.2 27.1 -10 5.6 27.5 -10 6.895 27.5 -10
4 308 5.6 28.4 -10 5.2 28.8 -10 6.76 28.8 -10 6.802 28.4 -10
4 0 7.4 28.6 -10 6.802 28.4 -10 6.76 28.8 -10 7.35 30.2 -10
4 0 6.895 27.5 -10 6.802 28.4 -10 7.4 28.6 -10 7.65 27.55 -10
3 0 7.35 30.2 -10 6.76 28.8 -10 6.75 30.2 -10
4 0 7.046 27.1 -10 6.895 27.5 -10 7.65 27.55 -10 7.4 26.25 -10
4 0 -6.831 27.3 -10 -6.25 25.75 -10 -7.2 26 -10 -7.861 27.587 -10
4 0 -6.917 27.7 -10 -6.831 27.3 -10 -7.861 27.587 -10 -7.759 28.1 -10
4 0 -7.09 28.6 -10 -6.917 27.7 -10 -7.759 28.1 -10 -7.861 28.613 -10
3 0 -7.1 29 -10 -7.09 28.6 -10 -7.861 28.613 -10
3 308 -10.143 28.906 -10 -10.2 30.1 -10 -10.048 29.048 -10
4 308 -9.613 29.339 -10 -10.048 29.048 -10 -10.2 30.1 -10 -10.4 32 -10
4 308 -9.1 29.441 -10 -9.613 29.339 -10 -10.4 32 -10 -7.6 32 -10
4 308 -9.1 29.441 -10 -7.6 32 -10 -7.8 30.1 -10 -8.587 29.339 -10
3 308 -8.152 29.048 -10 -8.587 29.339 -10 -7.8 30.1 -10
3 308 -7.861 28.613 -10 -8.152 29.048 -10 -7.8 30.1 -10
3 308 -10 25.2 -10 -10.048 27.152 -10 -9.613 26.861 -10
4 308 -10 25.2 -10 -9.613 26.861 -10 -9.1 26.759 -10 -8.513 23.039 -10
4 308 -8.513 23.039 -10 -9.1 26.759 -10 -8.587 26.861 -10 -8 23.141 -10
4 308 -8 23.141 -10 -8.587 26.861 -10 -8.152 27.152 -10 -7.2 26 -10
4 308 -7.487 23.039 -10 -8 23.141 -10 -7.2 26 -10 -6.8 24.55 -10
4 308 -7.052 22.748 -10 -7.487 23.039 -10 -6.8 24.55 -10 -6.65 23.1 -10
3 308 -6.65 23.1 -10 -6.761 22.313 -10 -7.052 22.748 -10
3 308 -6.65 23.1 -10 -6.659 21.8 -10 -6.761 22.313 -10
3 308 -7.861 27.587 -10 -7.2 26 -10 -8.152 27.152 -10
4 308 -9.239 22.313 -10 -10.1 22.5 -10 -10 25.2 -10 -8.948 22.748 -10
3 308 -8.948 22.748 -10 -10 25.2 -10 -8.513 23.039 -10
4 308 -10.1 22.5 -10 -9.239 22.313 -10 -9.341 21.8 -10 -10.1 19.9 -10
3 308 -9.341 21.8 -10 -9.239 21.287 -10 -10.1 19.9 -10
3 308 -9.239 21.287 -10 -8.948 20.852 -10 -10.1 19.9 -10
3 308 -8.948 20.852 -10 -8.513 20.561 -10 -10.1 19.9 -10
4 308 -10.1 19.9 -10 -8.513 20.561 -10 -8 20.459 -10 -6.7 17.95 -10
3 308 -6.7 17.95 -10 -6.761 21.287 -10 -6.659 21.8 -10
3 308 -6.7 17.95 -10 -7.487 20.561 -10 -7.052 20.852 -10
3 308 -6.7 17.95 -10 -8 20.459 -10 -7.487 20.561 -10
4 308 -10.1 19.9 -10 -6.7 17.95 -10 -7 16.6 -10 -9.9 15.7 -10
4 308 -8.9 13.9 -10 -9.7 13.35 -10 -9.9 15.7 -10 -8.15 14.6 -10
4 308 -7.5 15.55 -10 -8.15 14.6 -10 -9.9 15.7 -10 -7 16.6 -10
4 308 -6.75 7.8 -10 -9.05 7.8 -10 -9.5 11.3 -10 -8.75 12.1 -10
3 308 -6.75 7.8 -10 -8.75 12.1 -10 -7.9 13.25 -10
3 308 -6.75 7.8 -10 -7.9 13.25 -10 -7.15 14.45 -10
3 308 -6.75 7.8 -10 -7.15 14.45 -10 -6.75 15.35 -10
3 308 -8.85 6.4 -10 -9.05 7.8 -10 -6.75 7.8 -10
4 308 -8.7 4.95 -10 -8.85 6.4 -10 -6.75 7.8 -10 -6.75 4.25 -10
4 308 -8.45 3.7 -10 -8.7 4.95 -10 -6.75 4.25 -10 -8.1 2.6 -10
4 308 -7.7 2 -10 -8.1 2.6 -10 -6.75 4.25 -10 -6.7 1 -10
4 308 7.95 2 -10 7.5 1 -10 7.4 2 -10 7.3 4.05 -10
4 308 8.45 3.6 -10 7.95 2 -10 7.3 4.05 -10 9 6.1 -10
4 308 9 6.1 -10 7.3 4.05 -10 7.3 7.65 -10 9.55 8.5 -10
4 308 9.55 8.5 -10 7.3 7.65 -10 7.35 12.75 -10 10.05 11.8 -10
3 308 7.35 12.75 -10 9.1 12.9 -10 10.05 11.8 -10
3 308 8.05 14.3 -10 9.1 12.9 -10 7.35 12.75 -10
3 308 7.45 15.65 -10 8.05 14.3 -10 7.35 12.75 -10
4 308 10.45 14.95 -10 10.25 13.45 -10 8.9 14.75 -10 8.2 15.8 -10
4 308 10.9 17.6 -10 10.45 14.95 -10 8.2 15.8 -10 7.75 17.4 -10
4 308 10.9 17.6 -10 7.75 17.4 -10 7.8 18.85 -10 11.15 21.05 -10
4 308 11.15 21.05 -10 7.8 18.85 -10 8.05 20.7 -10 10.9 21.6 -10
4 308 10.45 21.8 -10 10.9 21.6 -10 8.05 20.7 -10 10 21.9 -10
4 308 9.25 22.2 -10 10 21.9 -10 8.05 20.7 -10 8.35 22.55 -10
3 308 8.35 22.55 -10 8.75 22.65 -10 9.25 22.2 -10
3 308 8.45 24.1 -10 8.75 22.65 -10 8.35 22.55 -10
3 308 10.9 21.6 -10 11.25 23.4 -10 11.15 21.05 -10
3 308 10.65 22.1 -10 11.25 23.4 -10 10.9 21.6 -10
3 308 10.2 22.4 -10 11.25 23.4 -10 10.65 22.1 -10
4 308 11.25 23.4 -10 10.2 22.4 -10 9.65 22.5 -10 8.45 24.1 -10
3 308 9.65 22.5 -10 8.75 22.65 -10 8.45 24.1 -10
4 308 11.25 23.4 -10 8.45 24.1 -10 8.35 25.25 -10 11.1 27.1 -10
4 308 10.15 27.7 -10 11.1 27.1 -10 8.35 25.25 -10 8.05 26.5 -10
4 308 9 28 -10 10.15 27.7 -10 8.05 26.5 -10 7.65 27.55 -10
3 308 9 28 -10 7.65 27.55 -10 8 28.2 -10
4 308 7.4 28.6 -10 7.9 28.6 -10 8 28.2 -10 7.65 27.55 -10
4 308 11.1 27.1 -10 10.15 27.7 -10 9.85 28.15 -10 10.8 29.65 -10
4 308 10.8 29.65 -10 9.85 28.15 -10 9.4 28.4 -10 10.4 32 -10
4 308 10.4 32 -10 9.4 28.4 -10 8.6 28.5 -10 7.6 32 -10
4 308 7.35 30.2 -10 7.6 32 -10 8.6 28.5 -10 7.9 28.6 -10
3 308 7.4 28.6 -10 7.35 30.2 -10 7.9 28.6 -10
3 308 -7.052 20.852 -10 -6.761 21.287 -10 -6.7 17.95 -10
4 28 -6.15 1 -10 -6.15 6.7 -10 -5.25 3.8 -10 -5.1 3.3 -10
3 28 -5.2 2.5 -10 -6.15 1 -10 -5.1 3.3 -10
4 28 -6.15 1 -10 -5.2 2.5 -10 -5.25 1.9 -10 -5.5 1.5 -10
4 28 -5.05 4.45 -10 -5.25 3.8 -10 -6.15 6.7 -10 -5.2 7.4 -10
4 28 -4.7 5.2 -10 -5.05 4.45 -10 -5.2 7.4 -10 -4.3 8.35 -10
4 28 -4.1 5.7 -10 -4.7 5.2 -10 -4.3 8.35 -10 -3.3 7.05 -10
4 28 -3.3 7.05 -10 -4.3 8.35 -10 -3.25 9.5 -10 -2.35 8.95 -10
4 28 -2.35 8.95 -10 -3.25 9.5 -10 -2.15 10.9 -10 -1.55 10.5 -10
4 28 -1.55 10.5 -10 -2.15 10.9 -10 -1.4 11.95 -10 -1 11.75 -10
3 28 -1 11.75 -10 -1.4 11.95 -10 -1 12.45 -10
4 28 1.4 11.45 -10 .7 13 -10 1.65 12.15 -10 2.65 11 -10
4 28 2.1 10.15 -10 1.4 11.45 -10 2.65 11 -10 3.5 10.2 -10
4 28 2.9 8.5 -10 2.1 10.15 -10 3.5 10.2 -10 4.2 9.8 -10
4 28 2.9 8.5 -10 4.2 9.8 -10 4.85 9.45 -10 5.7 8.65 -10
4 28 3.9 6.65 -10 2.9 8.5 -10 5.7 8.65 -10 6.7 7.15 -10
4 28 4.85 5.65 -10 3.9 6.65 -10 6.7 7.15 -10 5.2 5.4 -10
3 28 4.45 5.6 -10 3.9 6.65 -10 4.85 5.65 -10
3 28 5.4 4.9 -10 5.2 5.4 -10 6.7 7.15 -10
4 28 5.45 4.15 -10 5.4 4.9 -10 6.7 7.15 -10 5.65 3.5 -10
4 28 5.85 2.95 -10 5.65 3.5 -10 6.7 7.15 -10 6.7 2.7 -10
3 28 6.7 2.7 -10 5.9 2.35 -10 5.85 2.95 -10
4 28 5.85 1.85 -10 5.9 2.35 -10 6.7 2.7 -10 6.1 1.45 -10
3 28 6.85 1 -10 6.1 1.45 -10 6.7 2.7 -10
3 28 -.05 15 -10 .072 15.395 -10 .301 15.051 -10
4 28 -.05 15 -10 .301 15.051 -10 .645 14.822 -10 1 13.8 -10
4 28 1 13.8 -10 .645 14.822 -10 1.05 14.741 -10 2.15 12.6 -10
3 28 1.455 14.822 -10 2.15 12.6 -10 1.05 14.741 -10
4 28 2.15 12.6 -10 1.455 14.822 -10 1.799 15.051 -10 6.7 13.65 -10
4 28 3.2 11.4 -10 2.15 12.6 -10 6.7 13.65 -10 3.95 10.8 -10
4 28 4.6 10.4 -10 3.95 10.8 -10 6.7 13.65 -10 5.2 10.05 -10
3 28 6.7 13.65 -10 5.95 9.45 -10 5.2 10.05 -10
3 28 6.7 13.65 -10 6.65 8.6 -10 5.95 9.45 -10
4 28 6.7 13.65 -10 1.799 15.051 -10 2.028 15.395 -10 6.95 17.35 -10
3 28 2.028 15.395 -10 2.109 15.8 -10 6.95 17.35 -10
4 28 6.95 17.35 -10 2.109 15.8 -10 2.028 16.205 -10 2.249 19.001 -10
4 28 6.95 17.35 -10 2.249 19.001 -10 2.478 19.345 -10 7.15 19.5 -10
3 28 .072 15.395 -10 -.05 15 -10 -.009 15.8 -10
3 28 -.009 15.8 -10 -.05 15 -10 -.1 17.25 -10
3 28 .072 16.205 -10 -.009 15.8 -10 -.1 17.25 -10
3 28 .301 16.549 -10 .072 16.205 -10 -.1 17.25 -10
3 28 .645 16.778 -10 .301 16.549 -10 -.1 17.25 -10
4 28 1.05 16.859 -10 .645 16.778 -10 -.1 17.25 -10 1.095 18.772 -10
4 28 1.05 16.859 -10 1.095 18.772 -10 1.5 18.691 -10 1.455 16.778 -10
4 28 1.455 16.778 -10 1.5 18.691 -10 1.905 18.772 -10 1.799 16.549 -10
4 28 1.799 16.549 -10 1.905 18.772 -10 2.249 19.001 -10 2.028 16.205 -10
4 28 0 18.95 -10 .522 19.345 -10 .751 19.001 -10 -.1 17.25 -10
3 28 .751 19.001 -10 1.095 18.772 -10 -.1 17.25 -10
3 28 .441 19.75 -10 .522 19.345 -10 0 18.95 -10
4 28 .441 19.75 -10 0 18.95 -10 .3 20.6 -10 .522 20.155 -10
4 28 .751 20.499 -10 .522 20.155 -10 .3 20.6 -10 .65 22.1 -10
4 28 1.095 20.728 -10 .751 20.499 -10 .65 22.1 -10 1.451 22.951 -10
4 28 1.095 20.728 -10 1.451 22.951 -10 1.795 22.722 -10 1.5 20.809 -10
4 28 1.5 20.809 -10 1.795 22.722 -10 2.2 22.641 -10 1.905 20.728 -10
4 28 1.905 20.728 -10 2.2 22.641 -10 2.605 22.722 -10 2.249 20.499 -10
4 28 7.15 19.5 -10 2.478 19.345 -10 2.559 19.75 -10 7.55 21.85 -10
4 28 7.55 21.85 -10 2.559 19.75 -10 2.478 20.155 -10 2.949 22.951 -10
4 28 2.605 22.722 -10 2.949 22.951 -10 2.478 20.155 -10 2.249 20.499 -10
4 28 1.222 23.295 -10 1.451 22.951 -10 .65 22.1 -10 .95 23.5 -10
3 28 1.141 23.7 -10 1.222 23.295 -10 .95 23.5 -10
4 28 1.141 23.7 -10 .95 23.5 -10 1 24.65 -10 1.222 24.105 -10
4 28 1.451 24.449 -10 1.222 24.105 -10 1 24.65 -10 .9 25.8 -10
4 28 1.795 24.678 -10 1.451 24.449 -10 .9 25.8 -10 1.345 26.822 -10
4 28 1.795 24.678 -10 1.345 26.822 -10 1.75 26.741 -10 2.2 24.759 -10
4 28 2.2 24.759 -10 1.75 26.741 -10 2.155 26.822 -10 2.605 24.678 -10
4 28 2.605 24.678 -10 2.155 26.822 -10 2.499 27.051 -10 5.2 27.1 -10
4 28 2.949 24.449 -10 2.605 24.678 -10 5.2 27.1 -10 7.046 27.1 -10
4 28 2.949 24.449 -10 7.046 27.1 -10 7.4 26.25 -10 7.65 25.35 -10
4 28 3.178 24.105 -10 2.949 24.449 -10 7.65 25.35 -10 7.75 23.95 -10
4 28 3.259 23.7 -10 3.178 24.105 -10 7.75 23.95 -10 7.55 21.85 -10
3 28 7.55 21.85 -10 3.178 23.295 -10 3.259 23.7 -10
3 28 7.55 21.85 -10 2.949 22.951 -10 3.178 23.295 -10
4 28 1.001 27.051 -10 1.345 26.822 -10 .9 25.8 -10 .5 27.1 -10
4 28 .772 27.395 -10 1.001 27.051 -10 .5 27.1 -10 .35 27.95 -10
4 28 .691 27.8 -10 .772 27.395 -10 .35 27.95 -10 .45 28.7 -10
3 28 .691 27.8 -10 .45 28.7 -10 .772 28.205 -10
4 28 1.001 28.549 -10 .772 28.205 -10 .45 28.7 -10 .8 29.35 -10
4 28 1.345 28.778 -10 1.001 28.549 -10 .8 29.35 -10 1.3 30 -10
4 28 1.75 28.859 -10 1.345 28.778 -10 1.3 30 -10 1.9 30.55 -10
4 28 2.155 28.778 -10 1.75 28.859 -10 1.9 30.55 -10 2.3 31.2 -10
4 28 2.155 28.778 -10 2.3 31.2 -10 5.2 28.8 -10 2.499 28.549 -10
4 28 2.728 28.205 -10 2.499 28.549 -10 5.2 28.8 -10 5.2 27.1 -10
3 28 5.2 27.1 -10 2.809 27.8 -10 2.728 28.205 -10
3 28 2.499 27.051 -10 2.728 27.395 -10 5.2 27.1 -10
3 28 5.2 27.1 -10 2.728 27.395 -10 2.809 27.8 -10
4 28 5.6 27.5 -10 5.6 28.4 -10 6.802 28.4 -10 6.895 27.5 -10
4 28 6.75 30.2 -10 6.76 28.8 -10 5.2 28.8 -10 2.3 31.2 -10
4 28 6.75 30.2 -10 2.3 31.2 -10 2.5 32 -10 6.9 32 -10
4 28 -6.917 27.7 -10 -7.09 28.6 -10 -5.5 28.6 -10 -5.5 27.7 -10
4 28 -5.1 29 -10 -7.1 29 -10 -7.1 30.1 -10 -2.928 30.055 -10
4 28 -2.928 30.055 -10 -7.1 30.1 -10 -6.9 32 -10 -2.699 30.399 -10
4 28 -2.355 30.628 -10 -2.699 30.399 -10 -6.9 32 -10 -1.6 32 -10
4 28 -1.95 30.709 -10 -2.355 30.628 -10 -1.6 32 -10 -1.2 31.25 -10
3 28 -1.2 31.25 -10 -1.545 30.628 -10 -1.95 30.709 -10
4 28 -1.201 30.399 -10 -1.545 30.628 -10 -1.2 31.25 -10 -.8 30.75 -10
4 28 -.972 30.055 -10 -1.201 30.399 -10 -.8 30.75 -10 -.05 30.3 -10
4 28 -.972 30.055 -10 -.05 30.3 -10 0 29.25 -10 -.891 29.65 -10
3 28 .45 30.05 -10 0 29.25 -10 -.05 30.3 -10
4 28 -.972 29.245 -10 -.891 29.65 -10 0 29.25 -10 -.25 28.5 -10
4 28 -1.201 28.901 -10 -.972 29.245 -10 -.25 28.5 -10 -.3 27.9 -10
4 28 -1.545 28.672 -10 -1.201 28.901 -10 -.3 27.9 -10 -.2 27.1 -10
4 28 -1.95 28.591 -10 -1.545 28.672 -10 -.2 27.1 -10 -5.1 27.3 -10
3 28 -5.1 27.3 -10 -2.355 28.672 -10 -1.95 28.591 -10
4 28 -2.699 28.901 -10 -2.355 28.672 -10 -5.1 27.3 -10 -5.1 29 -10
3 28 -2.928 29.245 -10 -2.699 28.901 -10 -5.1 29 -10
3 28 -3.009 29.65 -10 -2.928 29.245 -10 -5.1 29 -10
3 28 -2.928 30.055 -10 -3.009 29.65 -10 -5.1 29 -10
4 28 -6.25 25.75 -10 -6.831 27.3 -10 -5.1 27.3 -10 -.2 27.1 -10
4 28 -6.25 25.75 -10 -.2 27.1 -10 .2 25.8 -10 .35 24.6 -10
4 28 -5.95 24.35 -10 -6.25 25.75 -10 .35 24.6 -10 .3 23.35 -10
4 28 -5.95 24.35 -10 .3 23.35 -10 .05 22 -10 -.45 20.25 -10
4 28 -5.85 21.85 -10 -5.95 24.35 -10 -.45 20.25 -10 -.7 18.4 -10
4 28 -6.05 15.85 -10 -5.85 21.85 -10 -.7 18.4 -10 -.8 16.05 -10
4 28 -6.05 15.85 -10 -.8 16.05 -10 -.75 13.75 -10 -1.4 13 -10
4 28 -5.4 8.3 -10 -6.15 7.65 -10 -6.05 15.85 -10 -4.4 9.2 -10
4 28 -3.4 10.4 -10 -4.4 9.2 -10 -6.05 15.85 -10 -2.35 11.75 -10
3 28 -6.05 15.85 -10 -1.4 13 -10 -2.35 11.75 -10
