0 Tile  1 x  1 Round with Bright Light Yellow Emoji with Crying Medium Azure Tear Streams and Wide Open Mouth with Coral Tongue Pattern
0 Name: 98138p18.dat
0 Author: Gerald Lasser [GeraldLasser]
0 !LDRAW_ORG Unofficial_Part 
0 !LICENSE Redistributable under CCAL version 2.0 : see CAreadme.txt

0 BFC CERTIFY CCW

0 !KEYWORDS DOTS, Sad, Unhappy, Bricklink 98138pb138


1 16 0 0 0 1 0 0 0 1 0 0 0 1 s\98138s01.dat
1 16 0 0 0 0 0 9 0 1 0 -9 0 0 1-8ering.dat
1 16 0 0 0 0 0 -9 0 1 0 -9 0 0 1-8ering.dat

1 226 0 0 0 9 0 0 0 1 0 0 0 9 1-8chrd.dat
1 226 0 0 0 9 0 0 0 1 0 0 0 -9 1-8chrd.dat
1 226 0 0 0 -9 0 0 0 1 0 0 0 9 1-8chrd.dat
1 226 0 0 0 -9 0 0 0 1 0 0 0 -9 1-8chrd.dat
1 226 0 0 0 0 0 9 0 1 0 9 0 0 1-8chrd.dat
1 226 0 0 0 0 0 -9 0 1 0 9 0 0 1-8chrd.dat

4 353 3.31 0 -6.33 3.6 0 -6.44 3.91 0 -6.36 4.26 0 -5.98
4 353 3.31 0 -6.33 4.26 0 -5.98 4.49 0 -5.57 4.51 0 -5.34
4 353 3.31 0 -6.33 4.51 0 -5.34 4.43 0 -5.12 3.06 0 -6.17
4 353 3.06 0 -6.17 4.43 0 -5.12 4.09 0 -4.77 2.38 0 -5.73
4 353 2.38 0 -5.73 4.09 0 -4.77 3.38 0 -4.31 2.53 0 -4
4 353 1.63 0 -5.38 2.38 0 -5.73 2.53 0 -4 1.62 0 -3.84
4 353 .87 0 -5.21 1.63 0 -5.38 1.62 0 -3.84 .66 0 -3.77
4 353 .22 0 -5.16 .87 0 -5.21 .66 0 -3.77 -.08 0 -3.79
4 353 -.45 0 -5.25 .22 0 -5.16 -.08 0 -3.79 -.93 0 -3.92
4 353 -1.12 0 -5.48 -.45 0 -5.25 -.93 0 -3.92 -1.81 0 -4.18
4 353 -2.04 0 -5.86 -1.12 0 -5.48 -1.81 0 -4.18 -2.63 0 -4.6
4 353 -2.04 0 -5.86 -2.63 0 -4.6 -3.05 0 -4.97 -2.41 0 -5.96
4 353 -2.78 0 -6.02 -2.41 0 -5.96 -3.05 0 -4.97 -3.07 0 -5.99
4 353 -3.21 0 -5.91 -3.07 0 -5.99 -3.05 0 -4.97 -3.26 0 -5.29
4 353 -3.21 0 -5.91 -3.26 0 -5.29 -3.35 0 -5.53 -3.33 0 -5.76
4 0 0.87 0 -5.21 0.22 0 -5.16 0.23 0 -5.81 0.73 0 -5.84
4 0 1.63 0 -5.38 0.87 0 -5.21 0.73 0 -5.84 1.35 0 -5.97
4 0 1.63 0 -5.38 1.35 0 -5.97 1.97 0 -6.3 2.38 0 -5.73
4 0 2.38 0 -5.73 1.97 0 -6.3 2.54 0 -6.64 3.06 0 -6.17
4 0 3.06 0 -6.17 2.54 0 -6.64 2.95 0 -6.92 3.31 0 -6.33
4 0 3.31 0 -6.33 2.95 0 -6.92 3.29 0 -7.05 3.6 0 -6.44
4 0 3.6 0 -6.44 3.29 0 -7.05 3.69 0 -7.11 3.91 0 -6.36
4 0 3.91 0 -6.36 3.69 0 -7.11 4.09 0 -7.04 4.43 0 -6.81
4 0 3.91 0 -6.36 4.43 0 -6.81 4.75 0 -6.38 4.26 0 -5.98
4 0 4.26 0 -5.98 4.75 0 -6.38 5.09 0 -5.59 4.49 0 -5.57
4 0 4.51 0 -5.34 4.49 0 -5.57 5.09 0 -5.59 5.38 0 -4.58
4 0 4.43 0 -5.12 4.51 0 -5.34 5.38 0 -4.58 5.46 0 -3.73
4 0 4.09 0 -4.77 4.43 0 -5.12 5.46 0 -3.73 5.41 0 -2.93
4 0 4.09 0 -4.77 5.41 0 -2.93 5.22 0 -2.39 5 0 -2.19
4 0 4.09 0 -4.77 5 0 -2.19 4.77 0 -2.04 3.38 0 -4.31
4 0 3.38 0 -4.31 4.77 0 -2.04 4.38 0 -1.91 4 0 -1.88
4 0 3.38 0 -4.31 4 0 -1.88 3.6 0 -1.99 3.09 0 -2.18
3 0 3.09 0 -2.18 2.53 0 -4 3.38 0 -4.31
4 0 1.62 0 -3.84 2.53 0 -4 3.09 0 -2.18 2.24 0 -2.45
3 0 2.24 0 -2.45 1.48 0 -2.59 1.62 0 -3.84
4 0 1.62 0 -3.84 1.48 0 -2.59 0.56 0 -2.67 0.66 0 -3.77
4 0 -0.08 0 -3.79 0.66 0 -3.77 0.56 0 -2.67 -0.49 0 -2.61
4 0 -0.93 0 -3.92 -0.08 0 -3.79 -0.49 0 -2.61 -1.22 0 -2.45
4 0 -1.81 0 -4.18 -0.93 0 -3.92 -1.22 0 -2.45 -1.92 0 -2.21
4 0 -1.81 0 -4.18 -2.92 0 -2.02 -3.35 0 -2.04 -3.67 0 -2.12
4 0 -1.81 0 -4.18 -3.67 0 -2.12 -4.06 0 -2.36 -4.37 0 -2.72
4 0 -2.63 0 -4.6 -1.81 0 -4.18 -4.37 0 -2.72 -4.61 0 -3.18
4 0 -2.63 0 -4.6 -4.61 0 -3.18 -4.71 0 -3.75 -4.65 0 -4.45
4 0 -3.05 0 -4.97 -2.63 0 -4.6 -4.65 0 -4.45 -4.45 0 -5.01
4 0 -3.26 0 -5.29 -3.05 0 -4.97 -4.45 0 -5.01 -4.18 0 -5.59
3 0 -3.26 0 -5.29 -4.18 0 -5.59 -3.35 0 -5.53
4 0 -3.33 0 -5.76 -3.35 0 -5.53 -4.18 0 -5.59 -3.79 0 -6.25
4 0 -3.21 0 -5.91 -3.33 0 -5.76 -3.79 0 -6.25 -3.55 0 -6.48
4 0 -3.21 0 -5.91 -3.55 0 -6.48 -3.24 0 -6.65 -3.07 0 -5.99
4 0 -3.07 0 -5.99 -3.24 0 -6.65 -2.87 0 -6.68 -2.78 0 -6.02
4 0 -2.78 0 -6.02 -2.87 0 -6.68 -2.45 0 -6.66 -2.41 0 -5.96
4 0 -2.41 0 -5.96 -2.45 0 -6.66 -2.1 0 -6.58 -2.04 0 -5.86
4 0 -2.04 0 -5.86 -2.1 0 -6.58 -1.51 0 -6.33 -1.12 0 -5.48
4 0 -1.12 0 -5.48 -1.51 0 -6.33 -0.73 0 -5.98 -0.45 0 -5.25
4 0 -0.45 0 -5.25 -0.73 0 -5.98 -0.26 0 -5.84 0.22 0 -5.16
3 0 0.22 0 -5.16 -0.26 0 -5.84 0.23 0 -5.81
4 0 -4.88 0 3.49 -5.03 0 3.45 -5.09 0 3.34 -5.1 0 3.22
4 0 -4.88 0 3.49 -5.1 0 3.22 -5.07 0 3.04 -4.97 0 2.95
4 0 -4.72 0 3.49 -4.88 0 3.49 -4.97 0 2.95 -4.68 0 2.8
4 0 -4.72 0 3.49 -4.68 0 2.8 -4.3 0 2.71 -4.39 0 3.42
4 0 -4.39 0 3.42 -4.3 0 2.71 -3.87 0 2.66 -3.89 0 3.39
4 0 -3.89 0 3.39 -3.87 0 2.66 -3.43 0 2.69 -3.46 0 3.45
4 0 -3.46 0 3.45 -3.43 0 2.69 -2.88 0 2.86 -3.04 0 3.63
4 0 -3.04 0 3.63 -2.88 0 2.86 -2.45 0 3.1 -2.6 0 3.9
4 0 -2.6 0 3.9 -2.45 0 3.1 -2.04 0 3.49 -2.28 0 4.22
4 0 -2.28 0 4.22 -2.04 0 3.49 -1.76 0 3.88 -2.15 0 4.31
4 0 -2.15 0 4.31 -1.76 0 3.88 -1.73 0 4.06 -1.77 0 4.17
4 0 -1.99 0 4.31 -2.15 0 4.31 -1.77 0 4.17 -1.87 0 4.27
4 0 5.54 0 2.72 5.48193 0 2.83103 5.33265 0 2.87364 5.5479 0 2.59984
4 0 5.51477 0 2.42039 5.5479 0 2.59984 5.33265 0 2.87364 5.41321 0 2.33215
4 0 5.41321 0 2.33215 5.33265 0 2.87364 5.17267 0 2.87643 5.12064 0 2.18724
4 0 4.73913 0 2.10388 5.12064 0 2.18724 5.17267 0 2.87643 4.8415 0 2.8122
4 0 4.30832 0 2.0614 4.73913 0 2.10388 4.8415 0 2.8122 4.34106 0 2.79094
4 0 3.86891 0 2.09907 4.30832 0 2.0614 4.34106 0 2.79094 3.91217 0 2.85843
4 0 3.32196 0 2.27864 3.86891 0 2.09907 3.91217 0 2.85843 3.49537 0 3.04573
4 0 2.89621 0 2.52611 3.32196 0 2.27864 3.49537 0 3.04573 3.06015 0 3.32337
4 0 2.49308 0 2.92321 2.89621 0 2.52611 3.06015 0 3.32337 2.74579 0 3.64891
4 0 2.21993 0 3.31803 2.49308 0 2.92321 2.74579 0 3.64891 2.61738 0 3.74116
4 0 2.19308 0 3.49853 2.21993 0 3.31803 2.61738 0 3.74116 2.23499 0 3.60782
4 0 2.23499 0 3.60782 2.61738 0 3.74116 2.4574 0 3.74395 2.33672 0 3.70606
4 0 -1.81 0 -4.18 -1.92 0 -2.21 -2.43 0 -2.06 -2.92 0 -2.02
4 0 -5.77 0 1.75 -5.84 0 1.64 -5.83 0 1.49 -5.78 0 1.37
4 0 -5.65 0 1.85 -5.77 0 1.75 -5.78 0 1.37 -5.66 0 1.26
4 0 -5.48 0 1.88 -5.65 0 1.85 -5.66 0 1.26 -4.6 0 1.8
4 0 -4.6 0 1.8 -5.66 0 1.26 -4.76 0 1.15 -3.22 0 1.56
3 0 -3.22 0 1.56 -4.76 0 1.15 -3.48 0 0.89
4 0 -3.22 0 1.56 -3.48 0 0.89 -3.14 0 0.82 -1.77 0 1.27
4 0 -1.78 0 0.61 -1.77 0 1.27 -3.14 0 0.82 -3.11 0 0.11
4 0 -3.11 0 0.11 -3.14 0 0.82 -3.52 0 0.69 -4.73 0 -0.48
4 0 -4.73 0 -0.48 -3.52 0 0.69 -4.71 0 0.28 -5.75 0 -0.17
4 0 -5.57 0 -0.8 -4.73 0 -0.48 -5.75 0 -0.17 -5.75 0 -0.79
4 0 -5.75 0 -0.79 -5.75 0 -0.17 -5.88 0 -0.28 -5.93 0 -0.46
3 0 -5.93 0 -0.46 -5.9 0 -0.67 -5.75 0 -0.79
4 0 -1.77 0 1.27 -1.78 0 0.61 -1.64 0 0.7 -1.6 0 1.2
4 0 -1.52 0 1.09 -1.6 0 1.2 -1.64 0 0.7 -1.52 0 0.8
3 0 -1.52 0 1.09 -1.52 0 0.8 -1.47 0 0.93
3 322 -1.78 0 .61 -2.43 0 -2.06 -1.92 0 -2.21
3 322 -1.78 0 .61 -2.92 0 -2.02 -2.43 0 -2.06
4 322 -3.35 0 -2.04 -2.92 0 -2.02 -1.78 0 .61 -3.11 0 .11
3 322 -3.11 0 .11 -3.67 0 -2.12 -3.35 0 -2.04
4 322 -4.06 0 -2.36 -3.67 0 -2.12 -3.11 0 .11 -4.73 0 -.48
4 322 -4.06 0 -2.36 -4.73 0 -.48 -5.57 0 -.8 -4.37 0 -2.72
3 322 -5.57 0 -.8 -4.61 0 -3.18 -4.37 0 -2.72
4 322 -4.71 0 -3.75 -4.61 0 -3.18 -5.57 0 -.8 -5.57 0 -6.84
3 322 -4.71 0 -3.75 -5.57 0 -6.84 -4.65 0 -4.45
3 322 -4.65 0 -4.45 -5.57 0 -6.84 -4.45 0 -5.01
3 322 -4.45 0 -5.01 -5.57 0 -6.84 -4.18 0 -5.59
3 322 -4.18 0 -5.59 -5.57 0 -6.84 -3.79 0 -6.25
4 322 -3.55 0 -6.48 -3.79 0 -6.25 -5.57 0 -6.84 -5.3571 0 -6.98151
4 322 -3.36761 0 -8.13014 -3.24 0 -6.65 -3.55 0 -6.48 -4.4 0 -7.62102
3 322 -3.24 0 -6.65 -3.36761 0 -8.13014 -2.87 0 -6.68
3 322 -2.45 0 -6.66 -2.87 0 -6.68 -3.36761 0 -8.13014
4 322 -2.1 0 -6.58 -2.45 0 -6.66 -3.36761 0 -8.13014 -2.1 0 -8.53
4 0 6.36305 0 1.18019 6.38088 0 1.32946 6.31674 0 1.44297 6.30684 0 1.06297
4 0 6.30684 0 1.06297 6.31674 0 1.44297 6.20214 0 1.54912 6.18124 0 0.9594
4 0 6.18124 0 0.9594 6.20214 0 1.54912 6.03394 0 1.58797 5.15096 0 1.55414
4 0 5.27672 0 0.89666 6.18124 0 0.9594 5.15096 0 1.55414 3.76029 0 1.38669
3 0 3.76029 0 1.38669 3.98487 0 0.704 5.27672 0 0.89666
4 0 3.64167 0 0.65189 3.98487 0 0.704 3.76029 0 1.38669 2.2971 0 1.17298
4 0 3.64167 0 0.65189 2.2971 0 1.17298 2.27254 0 0.51336 3.57455 0 -0.05556
4 0 4.01435 0 0.50218 3.64167 0 0.65189 3.57455 0 -0.05556 5.16145 0 -0.72954
4 0 5.18126 0 0.03047 4.01435 0 0.50218 5.16145 0 -0.72954 6.19628 0 -0.47335
4 0 6.19628 0 -0.47335 5.16145 0 -0.72954 5.96355 0 -1.09306 6.16383 0 -1.0925
4 0 6.32034 0 -0.59 6.19628 0 -0.47335 6.16383 0 -1.0925 6.36086 0 -0.77237
3 0 6.36086 0 -0.77237 6.16383 0 -1.0925 6.31991 0 -0.98051
4 0 2.13744 0 0.61056 2.27254 0 0.51336 2.2971 0 1.17298 2.12367 0 1.11197
4 0 2.13744 0 0.61056 2.12367 0 1.11197 2.02802 0 1.00631 2.02284 0 0.7167
3 0 2.02802 0 1.00631 1.97972 0 0.84914 2.02284 0 0.7167
4 322 2.27254 0 .51336 2.24 0 -2.45 3.09 0 -2.18 3.6 0 -1.99
4 322 3.57455 0 -.05556 2.27254 0 .51336 3.6 0 -1.99 4 0 -1.88
4 322 3.57455 0 -.05556 4 0 -1.88 4.38 0 -1.91 5.16145 0 -.72954
3 322 5.16145 0 -.72954 4.38 0 -1.91 4.77 0 -2.04
4 322 5.16145 0 -.72954 4.77 0 -2.04 5 0 -2.19 5.96355 0 -1.09306
3 322 5.96355 0 -1.09306 5 0 -2.19 5.22 0 -2.39
3 322 5.96355 0 -1.09306 5.22 0 -2.39 5.41 0 -2.93
4 322 5.96355 0 -1.09306 5.41 0 -2.93 5.46 0 -3.73 5.96 0 -6.61
3 322 5.46 0 -3.73 5.38 0 -4.58 5.96 0 -6.61
3 322 5.38 0 -4.58 5.09 0 -5.59 5.96 0 -6.61
3 322 5.09 0 -5.59 4.75 0 -6.38 5.96 0 -6.61
3 322 4.75 0 -6.38 4.43 0 -6.81 5.96 0 -6.61
4 322 5.96 0 -6.61 4.43 0 -6.81 4.09 0 -7.04 5.3571 0 -6.98151
4 322 4.09 0 -7.04 3.69 0 -7.11 3.36761 0 -8.13014 5.3571 0 -6.98151
3 322 3.29 0 -7.05 3.36761 0 -8.13014 3.69 0 -7.11
4 322 3.36761 0 -8.13014 3.29 0 -7.05 2.95 0 -6.92 2.27761 0 -8.50015
4 322 1.97 0 -8.56 2.95 0 -6.92 2.54 0 -6.64 1.97 0 -6.3
4 226 -1.78 0 .61 -1.92 0 -2.21 -1.22 0 -2.45 -.49 0 -2.61
3 226 -1.64 0 .7 -1.78 0 .61 -.49 0 -2.61
4 226 -1.52 0 .8 -1.64 0 .7 -.49 0 -2.61 2.02284 0 .7167
4 226 -1.52 0 .8 2.02284 0 .7167 1.97972 0 .84914 -1.47 0 .93
4 226 -1.52 0 1.09 -1.47 0 .93 1.97972 0 .84914 2.02802 0 1.00631
4 226 -1.52 0 1.09 2.02802 0 1.00631 2.12367 0 1.11197 -1.6 0 1.2
4 226 2.13744 0 .61056 2.02284 0 .7167 -.49 0 -2.61 .56 0 -2.67
4 226 2.13744 0 .61056 .56 0 -2.67 1.48 0 -2.59 2.24 0 -2.45
3 226 2.13744 0 .61056 2.24 0 -2.45 2.27254 0 .51336
3 226 3.98487 0 .704 3.64167 0 .65189 4.01435 0 .50218
4 226 3.98487 0 .704 4.01435 0 .50218 5.18126 0 .03047 5.27672 0 .89666
4 226 6.18124 0 .9594 5.27672 0 .89666 5.18126 0 .03047 6.19628 0 -.47335
4 226 6.30684 0 1.06297 6.18124 0 .9594 6.19628 0 -.47335 6.32034 0 -.59
4 226 6.30684 0 1.06297 6.32034 0 -.59 9 0 0 6.36305 0 1.18019
3 226 6.38088 0 1.32946 6.36305 0 1.18019 9 0 0
4 226 2.61738 0 3.74116 2.74579 0 3.64891 6.3639 0 6.3639 0 0 9
4 226 6.3639 0 6.3639 2.74579 0 3.64891 3.06015 0 3.32337 3.49537 0 3.04573
4 226 6.3639 0 6.3639 3.49537 0 3.04573 3.91217 0 2.85843 4.34106 0 2.79094
4 226 6.3639 0 6.3639 4.34106 0 2.79094 4.8415 0 2.8122 5.17267 0 2.87643
3 226 6.3639 0 6.3639 5.17267 0 2.87643 5.33265 0 2.87364
3 226 6.3639 0 6.3639 5.33265 0 2.87364 5.48193 0 2.83103
4 226 6.3639 0 6.3639 5.48193 0 2.83103 5.54 0 2.72 6.20214 0 1.54912
4 226 6.20214 0 1.54912 5.54 0 2.72 5.5479 0 2.59984 6.03394 0 1.58797
3 226 5.5479 0 2.59984 5.51477 0 2.42039 6.03394 0 1.58797
3 226 5.51477 0 2.42039 5.41321 0 2.33215 6.03394 0 1.58797
4 226 6.03394 0 1.58797 5.41321 0 2.33215 5.12064 0 2.18724 5.15096 0 1.55414
3 226 5.12064 0 2.18724 4.73913 0 2.10388 5.15096 0 1.55414
4 226 5.15096 0 1.55414 4.73913 0 2.10388 4.30832 0 2.0614 3.76029 0 1.38669
3 226 3.86891 0 2.09907 3.76029 0 1.38669 4.30832 0 2.0614
4 226 3.76029 0 1.38669 3.86891 0 2.09907 3.32196 0 2.27864 2.2971 0 1.17298
4 226 2.2971 0 1.17298 3.32196 0 2.27864 2.89621 0 2.52611 2.12367 0 1.11197
3 226 2.49308 0 2.92321 2.12367 0 1.11197 2.89621 0 2.52611
4 226 2.12367 0 1.11197 2.49308 0 2.92321 2.21993 0 3.31803 -1.6 0 1.2
4 226 -1.6 0 1.2 2.21993 0 3.31803 -1.76 0 3.88 -1.77 0 1.27
3 226 -1.76 0 3.88 -2.04 0 3.49 -1.77 0 1.27
3 226 -2.04 0 3.49 -2.45 0 3.1 -1.77 0 1.27
4 226 -1.77 0 1.27 -2.45 0 3.1 -2.88 0 2.86 -3.22 0 1.56
3 226 -2.88 0 2.86 -3.43 0 2.69 -3.22 0 1.56
3 226 -3.43 0 2.69 -3.87 0 2.66 -3.22 0 1.56
4 226 -3.22 0 1.56 -3.87 0 2.66 -4.3 0 2.71 -4.6 0 1.8
3 226 -4.68 0 2.8 -4.6 0 1.8 -4.3 0 2.71
4 226 -4.6 0 1.8 -4.68 0 2.8 -4.97 0 2.95 -5.48 0 1.88
3 226 -5.07 0 3.04 -5.48 0 1.88 -4.97 0 2.95
4 226 -5.48 0 1.88 -5.07 0 3.04 -5.1 0 3.22 -5.65 0 1.85
4 226 -5.77 0 1.75 -5.65 0 1.85 -5.1 0 3.22 -5.09 0 3.34
4 226 -5.77 0 1.75 -5.09 0 3.34 -6.3639 0 6.3639 -5.84 0 1.64
3 226 -6.3639 0 6.3639 -5.09 0 3.34 -5.03 0 3.45
3 226 -6.3639 0 6.3639 -5.03 0 3.45 -4.88 0 3.49
3 226 -6.3639 0 6.3639 -4.88 0 3.49 -4.72 0 3.49
4 226 -6.3639 0 6.3639 -4.72 0 3.49 -4.39 0 3.42 -3.89 0 3.39
4 226 -6.3639 0 6.3639 -3.89 0 3.39 -3.46 0 3.45 -3.04 0 3.63
4 226 -6.3639 0 6.3639 -3.04 0 3.63 -2.6 0 3.9 -2.28 0 4.22
4 226 -6.3639 0 6.3639 -2.28 0 4.22 -2.15 0 4.31 0 0 9
3 226 0 0 9 -2.15 0 4.31 -1.99 0 4.31
3 226 0 0 9 -1.99 0 4.31 -1.87 0 4.27
3 226 0 0 9 -1.87 0 4.27 -1.77 0 4.17
4 226 0 0 9 -1.77 0 4.17 -1.73 0 4.06 2.33672 0 3.70606
3 226 -1.73 0 4.06 2.23499 0 3.60782 2.33672 0 3.70606
3 226 -1.73 0 4.06 2.19308 0 3.49853 2.23499 0 3.60782
4 226 2.21993 0 3.31803 2.19308 0 3.49853 -1.73 0 4.06 -1.76 0 3.88
3 226 0 0 9 2.33672 0 3.70606 2.4574 0 3.74395
3 226 0 0 9 2.4574 0 3.74395 2.61738 0 3.74116
4 226 9 0 0 6.3639 0 6.3639 6.31674 0 1.44297 6.38088 0 1.32946
3 226 6.3639 0 6.3639 6.20214 0 1.54912 6.31674 0 1.44297
3 226 9 0 0 6.32034 0 -.59 6.36086 0 -.77237
4 226 9 0 0 6.36086 0 -.77237 6.31991 0 -.98051 6.3639 0 -6.3639
3 226 6.31991 0 -.98051 6.16383 0 -1.0925 6.3639 0 -6.3639
4 226 6.3639 0 -6.3639 6.16383 0 -1.0925 5.96355 0 -1.09306 5.96 0 -6.61
4 226 -6.3639 0 -6.3639 -5.57 0 -6.84 -5.57 0 -.8 -5.75 0 -.79
4 226 -6.3639 0 -6.3639 -5.75 0 -.79 -5.9 0 -.67 -9 0 0
3 226 -9 0 0 -5.9 0 -.67 -5.93 0 -.46
3 226 -9 0 0 -5.93 0 -.46 -5.88 0 -.28
4 226 -9 0 0 -5.88 0 -.28 -5.75 0 -.17 -5.78 0 1.37
3 226 -5.83 0 1.49 -9 0 0 -5.78 0 1.37
4 226 -9 0 0 -5.83 0 1.49 -5.84 0 1.64 -6.3639 0 6.3639
4 226 -5.66 0 1.26 -5.78 0 1.37 -5.75 0 -.17 -4.71 0 .28
4 226 -4.76 0 1.15 -5.66 0 1.26 -4.71 0 .28 -3.52 0 .69
4 226 -3.48 0 .89 -4.76 0 1.15 -3.52 0 .69 -3.14 0 .82
3 226 -1.51 0 -6.33 -2.1 0 -6.58 -2.1 0 -8.53
4 226 -.73 0 -5.98 -1.51 0 -6.33 -2.1 0 -8.53 -.26 0 -5.84
4 226 .23 0 -5.81 -.26 0 -5.84 -2.1 0 -8.53 -1.14863 0 -8.72471
4 226 .73 0 -5.84 .23 0 -5.81 1.97 0 -8.56 1.35 0 -5.97
3 226 1.35 0 -5.97 1.97 0 -8.56 1.97 0 -6.3
3 16 1.14863 0 -8.72471 0 0 -8.8 0 0 -9
3 16 3.36761 0 -8.13014 2.27761 0 -8.50015 3.4443 0 -8.3151
3 16 4.4 0 -7.62102 3.36761 0 -8.13014 3.4443 0 -8.3151
4 16 5.3571 0 -6.98151 4.4 0 -7.62102 3.4443 0 -8.3151 5.96 0 -6.61
3 322 5.3571 0 -6.98151 3.36761 0 -8.13014 4.4 0 -7.62102
3 16 6.3639 0 -6.3639 5.96 0 -6.61 3.4443 0 -8.3151
3 322 2.95 0 -6.92 1.97 0 -8.56 2.27761 0 -8.50015
4 226 .23 0 -5.81 0 0 -8.8 1.14863 0 -8.72471 1.97 0 -8.56
4 16 1.97 0 -8.56 1.14863 0 -8.72471 0 0 -9 3.4443 0 -8.3151
3 16 3.4443 0 -8.3151 2.27761 0 -8.50015 1.97 0 -8.56
3 16 -1.14863 0 -8.72471 0 0 -9 0 0 -8.8
4 16 0 0 -9 -1.14863 0 -8.72471 -2.1 0 -8.53 -3.4443 0 -8.3151
3 16 -3.36761 0 -8.13014 -3.4443 0 -8.3151 -2.1 0 -8.53
3 16 -4.4 0 -7.62102 -3.4443 0 -8.3151 -3.36761 0 -8.13014
4 16 -3.4443 0 -8.3151 -4.4 0 -7.62102 -5.3571 0 -6.98151 -5.57 0 -6.84
3 16 -6.3639 0 -6.3639 -3.4443 0 -8.3151 -5.57 0 -6.84
3 226 .23 0 -5.81 -1.14863 0 -8.72471 0 0 -8.8
3 322 -3.55 0 -6.48 -5.3571 0 -6.98151 -4.4 0 -7.62102
