0 Tile  1 x  1 Round with Yellow First Prize Medal Pattern
0 Name: 98138p21.dat
0 Author: Takeshi Takahashi [RainbowDolphin]
0 !LDRAW_ORG Unofficial_Part 
0 !LICENSE Redistributable under CCAL version 2.0 : see CAreadme.txt

0 BFC CERTIFY CCW

0 !KEYWORDS Set 41913, Dots, Mega Pack, Bricklink 98138pb155


1 16 0 0 0 1 0 0 0 1 0 0 0 1 s\98138s01.dat
1 321 0 0 0 9 0 0 0 1 0 0 0 9 4-4ering.dat
1 16 0 0 2.1 3.2 0 0 0 1 0 0 0 3.2 1-4chrd.dat
1 16 0 0 2.1 -3.2 0 0 0 1 0 0 0 -3.2 1-4chrd.dat
1 16 0 0 2.1 0 0 3.2 0 1 0 -3.2 0 0 1-4chrd.dat
1 16 0 0 2.1 0 0 -3.2 0 1 0 3.2 0 0 1-4chrd.dat
1 14 0 0 2.1 1.6 0 0 0 1 0 0 0 1.6 48\4-4ring2.dat
1 321 0 0 2.1 4.8 0 0 0 1 0 0 0 4.8 48\2-4ndis.dat
1 16 0 0 2.1 3.2 0 0 0 1 0 0 0 3.2 48\4-4aring.dat
4 14 0.5 0 0.4 0.5 0 4.1 -0.3 0 4.1 -0.6 0 2.7
3 14 -0.6 0 2.7 -0.6 0 0.4 0.5 0 0.4
3 14 -0.3 0 4.1 -1.1 0 3.3 -0.6 0 2.7
3 16 0 0 5.3 -.3 0 4.1 .5 0 4.1
4 16 -1.1 0 3.3 -.3 0 4.1 0 0 5.3 -3.2 0 2.1
4 16 -.6 0 2.7 -1.1 0 3.3 -3.2 0 2.1 -.6 0 .4
3 16 -3.2 0 2.1 0 0 -1.1 -.6 0 .4
3 16 .5 0 .4 -.6 0 .4 0 0 -1.1
3 16 3.2 0 2.1 .5 0 .4 0 0 -1.1
3 16 .5 0 4.1 .5 0 .4 3.2 0 2.1
3 16 0 0 5.3 .5 0 4.1 3.2 0 2.1
4 353 -4.2 0 -1.5 -5.5 0 -4.3 -3 0 -4 -3 0 -2.5
4 353 -1.8 0 -3.1 -3 0 -2.5 -3 0 -4 -1.8 0 -6
3 353 -1.8 0 -3.1 -1.8 0 -6 -0.5 0 -3.3
4 353 0 0 -3.3 1.8 0 -7.4 3.1 0 -5.2 1 0 -3.3
3 353 2 0 -3 1 0 -3.3 3.1 0 -5.2
4 353 3 0 -2.4 2 0 -3 3.1 0 -5.2 5.6 0 -5.6
3 353 3.9 0 -1.7 3 0 -2.4 5.6 0 -5.6
4 321 0 0 6.9 0 0 9 -3.4443 0 8.3151 -4.8 0 6.9
3 321 -3.4443 0 8.3151 -6.3639 0 6.3639 -4.8 0 6.9
4 321 -4.8 0 2.1 -4.8 0 6.9 -6.3639 0 6.3639 -8.3151 0 3.4443
4 321 -4.75872 0 1.4736 -4.8 0 2.1 -8.3151 0 3.4443 -9 0 0
3 321 -4.75872 0 1.4736 -9 0 0 -4.63632 0 0.85776
3 321 -4.63632 0 0.85776 -9 0 0 -4.43472 0 0.26304
4 321 -4.1568 0 -0.3 -4.43472 0 0.26304 -9 0 0 -4.2 0 -1.5
4 321 -4.2 0 -1.5 -9 0 0 -8.3151 0 -3.4443 -5.5 0 -4.3
3 321 -8.3151 0 -3.4443 -6.3639 0 -6.3639 -5.5 0 -4.3
4 321 -3 0 -4 -5.5 0 -4.3 -6.3639 0 -6.3639 -3.4443 0 -8.3151
3 321 -3 0 -4 -3.4443 0 -8.3151 -1.8 0 -6
4 321 -1.8 0 -6 -3.4443 0 -8.3151 0 0 -9 1.8 0 -7.4
3 321 1.8 0 -7.4 0 0 -9 3.4443 0 -8.3151
4 321 3.1 0 -5.2 1.8 0 -7.4 3.4443 0 -8.3151 5.6 0 -5.6
4 321 5.6 0 -5.6 3.4443 0 -8.3151 6.3639 0 -6.3639 8.3151 0 -3.4443
4 321 3.9 0 -1.7 5.6 0 -5.6 8.3151 0 -3.4443 9 0 0
4 321 3.80832 0 -0.82224 3.9 0 -1.7 9 0 0 4.1568 0 -0.3
3 321 4.43472 0 0.26304 4.1568 0 -0.3 9 0 0
3 321 4.63632 0 0.85776 4.43472 0 0.26304 9 0 0
3 321 4.75872 0 1.4736 4.63632 0 0.85776 9 0 0
4 321 4.8 0 2.1 4.75872 0 1.4736 9 0 0 8.3151 0 3.4443
4 321 4.8 0 2.1 8.3151 0 3.4443 6.3639 0 6.3639 4.8 0 6.9
3 321 3.4443 0 8.3151 4.8 0 6.9 6.3639 0 6.3639
4 321 0 0 6.9 4.8 0 6.9 3.4443 0 8.3151 0 0 9
3 321 -4.1568 0 -0.3 -4.2 0 -1.5 -3.80832 0 -0.82224
4 321 -3.39408 0 -1.29408 -3.80832 0 -0.82224 -4.2 0 -1.5 -3 0 -2.5
3 321 -3.39408 0 -1.29408 -3 0 -2.5 -2.92224 0 -1.70832
4 321 -2.4 0 -2.0568 -2.92224 0 -1.70832 -3 0 -2.5 -1.8 0 -3.1
3 321 -2.4 0 -2.0568 -1.8 0 -3.1 -1.83696 0 -2.33472
4 321 -1.24224 0 -2.53632 -1.83696 0 -2.33472 -1.8 0 -3.1 -0.5 0 -3.3
4 321 -0.6264 0 -2.65872 -1.24224 0 -2.53632 -0.5 0 -3.3 0 0 -3.3
4 321 0 0 -3.3 -0.5 0 -3.3 -1.8 0 -6 1.8 0 -7.4
3 321 -0.6264 0 -2.65872 0 0 -3.3 0 0 -2.7
4 321 0.6264 0 -2.65872 0 0 -2.7 0 0 -3.3 1 0 -3.3
4 321 1.24224 0 -2.53632 0.6264 0 -2.65872 1 0 -3.3 2 0 -3
3 321 1.83696 0 -2.33472 1.24224 0 -2.53632 2 0 -3
4 321 2.4 0 -2.0568 1.83696 0 -2.33472 2 0 -3 3 0 -2.4
3 321 2.92224 0 -1.70832 2.4 0 -2.0568 3 0 -2.4
4 321 3.39408 0 -1.29408 2.92224 0 -1.70832 3 0 -2.4 3.9 0 -1.7
3 321 3.80832 0 -0.82224 3.39408 0 -1.29408 3.9 0 -1.7
