0 Windscreen 10 x  4 x  2 with Handle - Half
0 Name: 98878.dat
0 Author: Gerald Lasser [GeraldLasser]
0 !LDRAW_ORG Unofficial_Part 
0 !LICENSE Redistributable under CCAL version 2.0 : see CAreadme.txt

0 BFC CERTIFY CCW

0 !KEYWORDS Buzz Lightyear


0 // Bottom
1 16 0 0 0 1 0 0 0 1 0 0 0 1 s\98878s01.dat
1 16 0 0 0 -1 0 0 0 1 0 0 0 1 s\98878s01.dat

1 16 14 -38 150 0 -28 0 4 0 0 0 0 4 4-4cylo.dat

0 // Outside
4 16 -14 -40 140 -20 -40 120 20 -40 120 14 -40 140
3 16 14 -40 140 20 -40 120 20 -40 140
3 16 -20 -40 140 -20 -40 120 -14 -40 140
1 16 0 -36 140 0 0 14 -4 0 0 0 -1 0 rect.dat
4 16 -14 -32 140 14 -32 140 20.15812531 -32 137 -20.15812531 -32 137
4 16 20.15812531 -32 137 18.1265 -36 137 -18.1265 -36 137 -20.15812531 -32 137
4 16 20 -36.3333 105 20 -40 120 -20 -40 120 -20 -36.3333 105
4 16 20 -32.6667 90 20 -36.3333 105 -20 -36.3333 105 -20 -32.6667 90
4 16 20 -32.6667 90 -20 -32.6667 90 -20 -29 75 20 -29 75
4 16 20 -25.3333 60 20 -29 75 -20 -29 75 -20 -25.3333 60
4 16 20 -21.6667 45 20 -25.3333 60 -20 -25.3333 60 -20 -21.6667 45
4 16 20 -14.3333 15 20 -21.6667 45 -20 -21.6667 45 -20 -14.3333 15
4 16 -20 -7 -15 20 -7 -15 20 -14.3333 15 -20 -14.3333 15
4 16 -20 -7 -15 -20 4 -60 20 4 -60 20 -7 -15
1 16 0 6 -60 -20 0 0 0 0 2 0 1 0 rect2p.dat

0 // Inside
4 16 -16.5828 8 -56 16.5828 8 -56 20 8 -60 -20 8 -60
1 16 0 6.6 -56 16.5828 0 0 0 0 1.4 0 -1 0 rect3.dat
2 24 15.7797 4 -56 -15.7797 4 -56
4 16 -16.5828 5.2 -56 -15.7797 4 -56 15.7797 4 -56 16.5828 5.2 -56
4 16 15.7797 4 -56 -15.7797 4 -56 -17.9265 4 -43.1515 17.9265 4 -43.1515
2 24 17.9265 4 -43.1515 -17.9265 4 -43.1515

4 16 18.0065 -12 22.30182 17.9265 4 -43.1515 -17.9265 4 -43.1515 -18.0065 -12 22.30182
4 16 -18.0265 -16 38.66515 18.0265 -16 38.66515 18.0065 -12 22.30182 -18.0065 -12 22.30182
4 16 18.0265 -16 38.66515 -18.0265 -16 38.66515 -18.0465 -20 55.02848 18.0465 -20 55.02848
4 16 18.0465 -20 55.02848 -18.0465 -20 55.02848 -18.0665 -24 71.39181 18.0665 -24 71.39181
4 16 18.0665 -24 71.39181 -18.0665 -24 71.39181 -18.0865 -28 87.75514 18.0865 -28 87.75514
4 16 18.1065 -32 104.11847 18.0865 -28 87.75514 -18.0865 -28 87.75514 -18.1065 -32 104.11847
4 16 -18.1265 -36 120.4818 18.1265 -36 120.4818 18.1065 -32 104.11847 -18.1065 -32 104.11847
2 24 20.1581 -32 137 -20.15812531 -32 137
2 24 20 -40 120 -20 -40 120
4 16 18.1265 -36 137 18.1265 -36 120.4818 -18.1265 -36 120.4818 -18.1265 -36 137
2 24 -18.1265 -36 137 18.1265 -36 137
2 24 18.1265 -36 120.4818 -18.1265 -36 120.4818
