0 ~Electric Train 12V Flashing-Light Unit - Back
0 Name: 990b.dat
0 Author: Magnus Forsberg [MagFors]
0 !LDRAW_ORG Unofficial_Part 
0 !LICENSE Redistributable under CCAL version 2.0 : see CAreadme.txt

0 BFC CERTIFY CCW


1 16 0 0 0 1 0 0 0 1 0 0 0 1 s\990s01.dat
1 16 0 18 48 -3.5 0 0 0 0 3.5 0 -8 0 4-4cylc.dat
1 16 0 18 40 -3.5 0 0 0 0 3.5 0 -1 0 4-4ndis.dat
1 16 -10 18 40 -4.667 0 0 0 0 4.667 0 -1 0 4-4ndis.dat
1 16 10 18 40 -4.667 0 0 0 0 4.667 0 -1 0 4-4ndis.dat
4 16 -5.333 13.333 40 -16 10.5 40 16 10.5 40 5.333 13.333 40
4 16 -3.5 14.5 40 -5.333 13.333 40 5.333 13.333 40 3.5 14.5 40
3 16 -14.667 13.333 40 -16 10.5 40 -5.333 13.333 40
4 16 -14.667 22.667 40 -16 25.5 40 -16 10.5 40 -14.667 13.333 40
3 16 -5.333 22.667 40 -16 25.5 40 -14.667 22.667 40
4 16 -5.333 13.333 40 -3.5 14.5 40 -3.5 21.5 40 -5.333 22.667 40
4 16 5.333 22.667 40 16 25.5 40 -16 25.5 40 -5.333 22.667 40
4 16 3.5 21.5 40 5.333 22.667 40 -5.333 22.667 40 -3.5 21.5 40
3 16 14.667 22.667 40 16 25.5 40 5.333 22.667 40
4 16 14.667 13.333 40 16 10.5 40 16 25.5 40 14.667 22.667 40
3 16 5.333 13.333 40 16 10.5 40 14.667 13.333 40
4 16 5.333 22.667 40 3.5 21.5 40 3.5 14.5 40 5.333 13.333 40
0 BFC INVERTNEXT
1 16 10 18 36 4.667 0 0 0 0 4.667 0 4 0 4-4cylo.dat
0 BFC INVERTNEXT
1 16 -10 18 36 4.667 0 0 0 0 4.667 0 4 0 4-4cylo.dat
1 16 10 18 36 4.667 0 0 0 0 4.667 0 1 0 4-4ndis.dat
1 16 -10 18 36 4.667 0 0 0 0 4.667 0 1 0 4-4ndis.dat
4 16 5.333 13.333 36 16 10.5 36 -16 10.5 36 -5.333 13.333 36
3 16 14.667 13.333 36 16 10.5 36 5.333 13.333 36
4 16 14.667 22.667 36 16 25.5 36 16 10.5 36 14.667 13.333 36
3 16 5.333 22.667 36 16 25.5 36 14.667 22.667 36
4 16 -5.333 22.667 36 -16 25.5 36 16 25.5 36 5.333 22.667 36
4 16 -5.333 13.333 36 -5.333 22.667 36 5.333 22.667 36 5.333 13.333 36
3 16 -14.667 22.667 36 -16 25.5 36 -5.333 22.667 36
4 16 -14.667 13.333 36 -16 10.5 36 -16 25.5 36 -14.667 22.667 36
3 16 -5.333 13.333 36 -16 10.5 36 -14.667 13.333 36

0 // plug 1
1 494 -10 18 25 3.5 0 0 0 0 3.5 0 11 0 4-4cylc.dat
1 494 -10 18 36 4.667 0 0 0 0 4.667 0 4 0 4-4cylc.dat
1 494 -10 18 40 -1.167 0 0 0 0 1.167 0 -1 0 4-4ring3.dat
1 494 -10 18 40 -1 0 0 0 1 0 0 0 -1 plug34.dat
0 // plug 2
1 494 10 18 25 3.5 0 0 0 0 3.5 0 11 0 4-4cylc.dat
1 494 10 18 36 4.667 0 0 0 0 4.667 0 4 0 4-4cylc.dat
1 494 10 18 40 -1.167 0 0 0 0 1.167 0 -1 0 4-4ring3.dat
1 494 10 18 40 -1 0 0 0 1 0 0 0 -1 plug34.dat
