0 | Fx Bricks XL Speaker - Insert
0 Name: t1087.dat
0 Author: Ulrich Röder [UR]
0 !LDRAW_ORG Unofficial_Part 
0 !LICENSE Redistributable under CCAL version 2.0 : see CAreadme.txt

0 BFC CERTIFY CCW

0 !CATEGORY Electric
0 !KEYWORDS Sound, PFxBrick


0 // Created with the express permission and behalf of Fx Bricks (Canada)
0 // Based on the original production files by Michael Gale.

1 16 35 -46.25 22.5 13.636365 0 0 0 -17.5 0 0 0 13.636365 48\tm04o1000.dat
1 16 35 -46.25 -22.5 13.636365 0 0 0 -17.5 0 0 0 -13.636365 48\tm04o1000.dat
1 16 -35 -46.25 22.5 -13.636365 0 0 0 -17.5 0 0 0 13.636365 48\tm04o1000.dat
1 16 -35 -46.25 -22.5 -13.636365 0 0 0 -17.5 0 0 0 -13.636365 48\tm04o1000.dat

1 16 35 -46.25 36.136363 0 -70 0 -1.75 0 0 0 0 1.363636 1-4cyli.dat
1 16 35 -46.25 -36.136363 0 -70 0 -1.75 0 0 0 0 -1.363636 1-4cyli.dat
1 16 -48.636365 -46.25 -22.5 0 0 -1.363636 -1.75 0 0 0 45 0 1-4cyli.dat
1 16 48.636365 -46.25 -22.5 0 0 1.363636 -1.75 0 0 0 45 0 1-4cyli.dat

1 16 35 -48 22.5 13.636365 0 0 0 1 0 0 0 13.636365 48\1-4chrd.dat
1 16 35 -48 -22.5 13.636365 0 0 0 1 0 0 0 -13.636365 48\1-4chrd.dat
1 16 -35 -48 22.5 -13.636365 0 0 0 1 0 0 0 13.636365 48\1-4chrd.dat
1 16 -35 -48 -22.5 -13.636365 0 0 0 1 0 0 0 -13.636365 48\1-4chrd.dat

1 16 35 -35.75 22.5 15 0 0 0 -10.5 0 0 0 15 48\1-4cylo.dat
1 16 35 -35.75 -22.5 15 0 0 0 -10.5 0 0 0 -15 48\1-4cylo.dat
1 16 -35 -35.75 22.5 -15 0 0 0 -10.5 0 0 0 15 48\1-4cylo.dat
1 16 -35 -35.75 -22.5 -15 0 0 0 -10.5 0 0 0 -15 48\1-4cylo.dat

1 16 35 -35.75 22.5 15 0 0 0 -1 0 0 0 15 48\1-4chrd.dat
1 16 35 -35.75 -22.5 15 0 0 0 -1 0 0 0 -15 48\1-4chrd.dat
1 16 -35 -35.75 22.5 -15 0 0 0 -1 0 0 0 15 48\1-4chrd.dat
1 16 -35 -35.75 -22.5 -15 0 0 0 -1 0 0 0 -15 48\1-4chrd.dat

4 16 50 -46.25 22.5 50 -46.25 -22.5 50 -35.75 -22.5 50 -35.75 22.5
4 16 -35 -46.25 37.5 35 -46.25 37.5 35 -35.75 37.5 -35 -35.75 37.5
4 16 -50 -35.75 -22.5 -50 -46.25 -22.5 -50 -46.25 22.5 -50 -35.75 22.5
4 16 35 -35.75 -37.5 35 -46.25 -37.5 -35 -46.25 -37.5 -35 -35.75 -37.5
4 16 35 -35.75 37.5 50 -35.75 22.5 50 -35.75 -22.5 35 -35.75 -37.5
4 16 -35 -35.75 -37.5 -50 -35.75 -22.5 -50 -35.75 22.5 -35 -35.75 37.5
4 16 35 -35.75 37.5 35 -35.75 -37.5 -35 -35.75 -37.5 -35 -35.75 37.5
4 16 35 -48 36.136365 35 -48 -36.136363 48.636365 -48 -22.5 48.636365 -48 22.5
4 16 -48.636365 -48 22.5 -48.636365 -48 -22.5 -35 -48 -36.136365 -35 -48 36.136363
4 16 35 -48 36.136365 -35 -48 36.136363 -35 -48 -36.136365 35 -48 -36.136363

2 24 -35 -35.75 -37.5 35 -35.75 -37.5
2 24 -50 -35.75 22.5 -50 -35.75 -22.5
2 24 -35 -35.75 37.5 35 -35.75 37.5
2 24 50 -35.75 22.5 50 -35.75 -22.5
