0 | Fx Bricks PFxBrick V2  2 x  5 x  4 - Lid
0 Name: t1081.dat
0 Author: Ulrich Röder [UR]
0 !LDRAW_ORG Unofficial_Part 
0 !LICENSE Redistributable under CCAL version 2.0 : see CAreadme.txt

0 BFC CERTIFY CCW

0 !CATEGORY Electric
0 !KEYWORDS Light, Sound and Motor Control, Third Party


0 // Injection molded version introduced Jun 2020
0 // Created with the express permission and behalf of Fx Bricks (Canada)
0 // Based on the original production files by Michael Gale.

0 BFC INVERTNEXT
1 16 39.75 -34 31 3 0 0 0 -11 0 0 0 3 4-4cylo.dat
1 16 39.75 -34 31 4 0 0 0 -11 0 0 0 4 4-4cylo.dat
1 16 39.75 -34 31 1 0 0 0 -1 0 0 0 1 4-4ring3.dat
0 BFC INVERTNEXT
1 16 -39.75 -34 31 3 0 0 0 -11 0 0 0 3 4-4cylo.dat
1 16 -39.75 -34 31 4 0 0 0 -11 0 0 0 4 4-4cylo.dat
1 16 -39.75 -34 31 1 0 0 0 -1 0 0 0 1 4-4ring3.dat
0 BFC INVERTNEXT
1 16 -39.75 -34 -31 3 0 0 0 -11 0 0 0 3 4-4cylo.dat
1 16 -39.75 -34 -31 4 0 0 0 -11 0 0 0 4 4-4cylo.dat
1 16 -39.75 -34 -31 1 0 0 0 -1 0 0 0 1 4-4ring3.dat
0 BFC INVERTNEXT
1 16 39.75 -34 -31 3 0 0 0 -11 0 0 0 3 4-4cylo.dat
1 16 39.75 -34 -31 4 0 0 0 -11 0 0 0 4 4-4cylo.dat
1 16 39.75 -34 -31 1 0 0 0 -1 0 0 0 1 4-4ring3.dat
1 16 0 0 20 1 0 0 0 1 0 0 0 1 t1082.dat
1 16 0 0 -20 1 0 0 0 1 0 0 0 1 t1082.dat
1 34 0 0 0 1 0 0 0 1 0 0 0 1 t1084.dat
0 BFC INVERTNEXT
1 16 -8.3358 -40.375 40 0 0 -1 -1 0 0 0 -3.5 0 1-8cylo.dat
1 16 -8.3358 -40.375 40 0 0 -1 -1 0 0 0 -1 0 1-8ndis.dat
1 16 -8.3358 -40.375 36.5 0 0 -1 -1 0 0 0 1 0 1-8ndis.dat
0 BFC INVERTNEXT
1 16 8.3358 -40.375 40 0 0 1 -1 0 0 0 -3.5 0 1-8cylo.dat
1 16 8.3358 -40.375 40 0 0 1 -1 0 0 0 -1 0 1-8ndis.dat
1 16 8.3358 -40.375 36.5 0 0 1 -1 0 0 0 1 0 1-8ndis.dat
0 BFC INVERTNEXT
1 16 -9 -39.7108 40 -1 0 0 0 0 -1 0 -3.5 0 1-8cylo.dat
1 16 -9 -39.7108 40 -1 0 0 0 0 -1 0 -1 0 1-8ndis.dat
1 16 -9 -39.7108 36.5 -1 0 0 0 0 -1 0 1 0 1-8ndis.dat
0 BFC INVERTNEXT
1 16 9 -39.7108 40 1 0 0 0 0 -1 0 -3.5 0 1-8cylo.dat
1 16 9 -39.7108 40 1 0 0 0 0 -1 0 -1 0 1-8ndis.dat
1 16 9 -39.7108 36.5 1 0 0 0 0 -1 0 1 0 1-8ndis.dat
0 BFC INVERTNEXT
1 16 50 -40.8 25.5 0 -3.5 0 -.375 0 0 0 0 .375 1-4cylo.dat
1 16 50 -40.8 25.5 0 -1 0 -.375 0 0 0 0 .375 1-4ndis.dat
1 16 46.5 -40.8 25.5 0 1 0 -.375 0 0 0 0 .375 1-4ndis.dat
0 BFC INVERTNEXT
1 16 50 -40.8 -25.5 0 -3.5 0 -.375 0 0 0 0 -.375 1-4cylo.dat
1 16 50 -40.8 -25.5 0 -1 0 -.375 0 0 0 0 -.375 1-4ndis.dat
1 16 46.5 -40.8 -25.5 0 1 0 -.375 0 0 0 0 -.375 1-4ndis.dat
0 BFC INVERTNEXT
1 16 42.642 -52.375 11.29 1.2 0 0 0 .375 0 0 0 -1.104 3-16cylo.dat
1 16 42.642 -52.375 11.29 1.8 0 0 0 .375 0 0 0 -1.656 3-16cylo.dat
1 16 42.642 -52.375 11.29 .6 0 0 0 1 0 0 0 -.552 3-16ring2.dat
1 16 42.642 -52.375 11.29 0 0 .6 0 1 0 .6 0 0 1-4ring2.dat
0 BFC INVERTNEXT
1 16 42.642 -52.375 11.29 0 0 1.2 0 .375 0 1.2 0 0 1-4cylo.dat
1 16 42.642 -52.375 11.29 0 0 1.8 0 .375 0 1.8 0 0 1-4cylo.dat
1 16 18.455 -52.375 12.84 .25 0 0 0 .375 0 0 0 .25 1-4cylo.dat
1 16 18.29 -52.375 12.84 -.25 0 0 0 .375 0 0 0 .25 1-4cylo.dat
1 16 18.455 -52.375 7.11 .25 0 0 0 .375 0 0 0 -.25 1-4cylo.dat
1 16 18.29 -52.375 7.11 -.25 0 0 0 .375 0 0 0 -.25 1-4cylo.dat
1 16 18.455 -52.375 12.84 .25 0 0 0 1 0 0 0 .25 1-4chrd.dat
1 16 18.29 -52.375 12.84 -.25 0 0 0 1 0 0 0 .25 1-4chrd.dat
1 16 18.455 -52.375 7.11 .25 0 0 0 1 0 0 0 -.25 1-4chrd.dat
1 16 18.29 -52.375 7.11 -.25 0 0 0 1 0 0 0 -.25 1-4chrd.dat
0 BFC INVERTNEXT
1 16 41.11 -52.375 12.24 0 0 -.25 0 .375 0 .25 0 0 1-4cylo.dat
1 16 40.445 -52.375 12.84 -.25 0 0 0 .375 0 0 0 .25 1-4cylo.dat
1 16 40.445 -52.375 7.11 -.25 0 0 0 .375 0 0 0 -.25 1-4cylo.dat
1 16 41.11 -52.375 12.24 0 0 -.25 0 1 0 .25 0 0 1-4ndis.dat
1 16 40.445 -52.375 12.84 -.25 0 0 0 1 0 0 0 .25 1-4chrd.dat
1 16 40.445 -52.375 7.11 -.25 0 0 0 1 0 0 0 -.25 1-4chrd.dat
0 BFC INVERTNEXT
1 16 41.11 -52.375 9.38 0 0 -.25 0 .375 0 .25 0 0 1-4cylo.dat
1 16 41.11 -52.375 9.38 0 0 -.25 0 1 0 .25 0 0 1-4ndis.dat
0 BFC INVERTNEXT
1 16 41.11 -52.375 10.46 0 0 -.25 0 .375 0 -.25 0 0 1-4cylo.dat
1 16 41.11 -52.375 10.46 0 0 -.25 0 1 0 -.25 0 0 1-4ndis.dat
0 BFC INVERTNEXT
1 16 42.203 -52.375 9.379 0 0 .25 0 .375 0 .25 0 0 3-16cylo.dat
1 16 42.203 -52.375 9.379 0 0 .25 0 1 0 .25 0 0 3-16ndis.dat
1 16 43.925 -52.375 7.11 0 0 -.25 0 .375 0 -.25 0 0 3-16cylo.dat
1 16 43.925 -52.375 7.11 0 0 -.25 0 1 0 -.25 0 0 3-16chrd.dat
1 16 44.14 -52.375 7.11 0 0 .25 0 .375 0 -.25 0 0 5-16cylo.dat
1 16 44.14 -52.375 7.11 0 0 .25 0 1 0 -.25 0 0 5-16chrd.dat
0 BFC INVERTNEXT
1 16 43.436 -52.375 9.534 -.11544 0 -.22175 0 .375 0 .22175 0 -.11544 1-4cylo.dat
1 16 43.436 -52.375 9.534 -.11544 0 -.22175 0 1 0 .22175 0 -.11544 1-4ndis.dat
1 16 40.61 -52.375 7.11 .25 0 0 0 .375 0 0 0 -.25 1-4cylo.dat
1 16 40.61 -52.375 7.11 .25 0 0 0 1 0 0 0 -.25 1-4chrd.dat
0 BFC INVERTNEXT
1 16 0 -52 -10 4 0 0 0 4 0 0 0 4 4-4cylo.dat
1 16 0 -52 -10 6 0 0 0 4 0 0 0 6 4-4cylo.dat
1 16 0 -52 -10 2 0 0 0 1 0 0 0 2 4-4ring2.dat
0 BFC INVERTNEXT
1 16 -20 -52 -10 4 0 0 0 4 0 0 0 4 4-4cylo.dat
1 16 -20 -52 -10 6 0 0 0 4 0 0 0 6 4-4cylo.dat
1 16 -20 -52 -10 2 0 0 0 1 0 0 0 2 4-4ring2.dat
0 BFC INVERTNEXT
1 16 40 -52 -10 4 0 0 0 4 0 0 0 4 4-4cylo.dat
1 16 40 -52 -10 6 0 0 0 4 0 0 0 6 4-4cylo.dat
1 16 40 -52 -10 2 0 0 0 1 0 0 0 2 4-4ring2.dat
0 BFC INVERTNEXT
1 16 20 -52 -10 4 0 0 0 4 0 0 0 4 4-4cylo.dat
1 16 20 -52 -10 6 0 0 0 4 0 0 0 6 4-4cylo.dat
1 16 20 -52 -10 2 0 0 0 1 0 0 0 2 4-4ring2.dat
0 BFC INVERTNEXT
1 16 0 -52 10 4 0 0 0 4 0 0 0 4 4-4cylo.dat
1 16 0 -52 10 6 0 0 0 4 0 0 0 6 4-4cylo.dat
1 16 0 -52 10 2 0 0 0 1 0 0 0 2 4-4ring2.dat
0 BFC INVERTNEXT
1 16 -20 -52 10 4 0 0 0 4 0 0 0 4 4-4cylo.dat
1 16 -20 -52 10 6 0 0 0 4 0 0 0 6 4-4cylo.dat
1 16 -20 -52 10 2 0 0 0 1 0 0 0 2 4-4ring2.dat
0 BFC INVERTNEXT
1 16 0 -52 30 4 0 0 0 4 0 0 0 4 4-4cylo.dat
1 16 0 -52 30 6 0 0 0 4 0 0 0 6 4-4cylo.dat
1 16 0 -52 30 2 0 0 0 1 0 0 0 2 4-4ring2.dat
0 BFC INVERTNEXT
1 16 -20 -52 30 4 0 0 0 4 0 0 0 4 4-4cylo.dat
1 16 -20 -52 30 6 0 0 0 4 0 0 0 6 4-4cylo.dat
1 16 -20 -52 30 2 0 0 0 1 0 0 0 2 4-4ring2.dat
0 BFC INVERTNEXT
1 16 40 -52 30 4 0 0 0 4 0 0 0 4 4-4cylo.dat
1 16 40 -52 30 6 0 0 0 4 0 0 0 6 4-4cylo.dat
1 16 40 -52 30 2 0 0 0 1 0 0 0 2 4-4ring2.dat
0 BFC INVERTNEXT
1 16 20 -52 30 4 0 0 0 4 0 0 0 4 4-4cylo.dat
1 16 20 -52 30 6 0 0 0 4 0 0 0 6 4-4cylo.dat
1 16 20 -52 30 2 0 0 0 1 0 0 0 2 4-4ring2.dat
0 BFC INVERTNEXT
1 16 40 -52 -30 4 0 0 0 4 0 0 0 4 4-4cylo.dat
1 16 40 -52 -30 6 0 0 0 4 0 0 0 6 4-4cylo.dat
1 16 40 -52 -30 2 0 0 0 1 0 0 0 2 4-4ring2.dat
0 BFC INVERTNEXT
1 16 20 -52 -30 4 0 0 0 4 0 0 0 4 4-4cylo.dat
1 16 20 -52 -30 6 0 0 0 4 0 0 0 6 4-4cylo.dat
1 16 20 -52 -30 2 0 0 0 1 0 0 0 2 4-4ring2.dat
1 16 20 -48 30 3 0 0 0 1 0 0 0 3 4-4ndis.dat
1 16 20 -45 30 2.5 0 0 0 -1 0 0 0 2.5 4-4ndis.dat
0 BFC INVERTNEXT
1 16 20 -48 30 .5 0 0 0 1 0 0 0 .5 4-4con5.dat
0 BFC INVERTNEXT
1 16 20 -47 30 -2.5 0 0 0 2 0 0 0 2.5 4-4cylo.dat
1 16 35 -52 10 11 0 0 0 4 0 0 0 10 48\5-48cylo.dat
1 16 35 -52 10 11 0 0 0 4 0 0 0 -10 48\5-48cylo.dat
1 16 35 -52 10 11 0 0 0 1 0 0 0 10 48\5-48chrd.dat
1 16 35 -52 10 11 0 0 0 1 0 0 0 -10 48\5-48chrd.dat
1 16 25 -52 10 -11 0 0 0 4 0 0 0 -10 48\5-48cylo.dat
1 16 25 -52 10 -11 0 0 0 4 0 0 0 10 48\5-48cylo.dat
1 16 25 -52 10 -11 0 0 0 1 0 0 0 -10 48\5-48chrd.dat
1 16 25 -52 10 -11 0 0 0 1 0 0 0 10 48\5-48chrd.dat
1 16 25 -48 10 -11 0 0 0 1 0 0 0 -10 48\5-48ndis.dat
1 16 25 -48 10 -11 0 0 0 1 0 0 0 10 48\5-48ndis.dat
1 16 35 -48 10 11 0 0 0 1 0 0 0 10 48\5-48ndis.dat
1 16 35 -48 10 11 0 0 0 1 0 0 0 -10 48\5-48ndis.dat
0 BFC INVERTNEXT
1 16 -2.025 -48 -19.4 -.5 0 0 0 .5 0 0 0 .5 1-4cylo.dat
1 16 -2.025 -48 -19.4 -.5 0 0 0 1 0 0 0 .5 1-4ndis.dat
1 16 -2.025 -47.5 -19.4 -.5 0 0 0 1 0 0 0 .5 1-4chrd.dat
0 BFC INVERTNEXT
1 16 -2.025 -48 -22.15 -.5 0 0 0 .5 0 0 0 -.5 1-4cylo.dat
1 16 -2.025 -48 -22.15 -.5 0 0 0 1 0 0 0 -.5 1-4ndis.dat
1 16 -2.025 -47.5 -22.15 -.5 0 0 0 1 0 0 0 -.5 1-4chrd.dat
0 BFC INVERTNEXT
1 16 2 -48 -17.5 .48 0 0 0 .5 0 0 0 .48 3-8cylo.dat
1 16 2 -48 -17.5 .48 0 0 0 1 0 0 0 .48 3-8ndis.dat
1 16 2 -47.5 -17.5 .48 0 0 0 1 0 0 0 .48 3-8chrd.dat
0 BFC INVERTNEXT
1 16 2 -48 -24.05 .48 0 0 0 .5 0 0 0 -.48 3-8cylo.dat
1 16 2 -48 -24.05 .48 0 0 0 1 0 0 0 -.48 3-8ndis.dat
1 16 2 -47.5 -24.05 .48 0 0 0 1 0 0 0 -.48 3-8chrd.dat

1 16 -48.09375 -48 20 -1.90625 0 0 0 1 0 0 0 -3.3125 rect1.dat
1 16 43.7926125 -52.1875 8.3121175 -.5783625 -1 0 0 0 -.1875 1.1064425 0 0 rect2p.dat
1 16 18.3725 -52.375 9.975 -.3325 0 0 0 1 0 0 0 -2.865 rect1.dat
1 16 18.705 -52.1875 9.975 0 -1 0 0 0 -.1875 2.865 0 0 rect2p.dat
1 16 18.04 -52.1875 9.975 0 1 0 .1875 0 0 0 0 -2.865 rect1.dat
1 16 18.3725 -52.1875 6.86 -.0825 0 0 0 0 .1875 0 1 0 rect2p.dat
1 16 18.3725 -52.1875 13.09 .0825 0 0 0 0 .1875 0 -1 0 rect2p.dat
1 16 44.0325 -52.1875 6.86 -.1075 0 0 0 0 .1875 0 1 0 rect2p.dat
1 16 43.064 -52.1875 8.2445 -.630025 1 0 0 0 .1875 1.230175 0 0 rect2p.dat
1 16 41.5435 -52.1875 13.09 1.0985 0 0 0 0 .1875 0 -1 0 rect2p.dat
1 16 41.876 -52.1875 12.49 -.766 0 0 0 0 .1875 0 1 0 rect2p.dat
1 16 41.6565 -52.1875 9.6295 -.5465 1 0 0 0 .1875 .0005 0 0 rect2p.dat
1 16 40.5275 -52.1875 6.86 -.0825 0 0 0 0 .1875 0 1 0 rect2p.dat
1 16 40.86 -52.1875 11.35 0 -1 0 0 0 -.1875 .89 0 0 rect2p.dat
1 16 40.86 -52.1875 8.245 0 -1 0 0 0 .1875 -1.135 0 0 rect2p.dat
1 16 41.818 -52.1875 10.21 -.708 0 0 0 0 -.1875 0 -1 0 rect2p.dat
1 16 40.195 -52.1875 9.975 0 1 0 0 0 .1875 2.865 0 0 rect2p.dat
1 16 43.32571 -52.1875 9.7578858 0 -1 -.00515 -.1875 0 0 0 0 -.0021358 rect1.dat
1 16 21.25 -50 10 0 -1 0 -2 0 0 0 0 -6.088 rect.dat
1 16 41.2387 -50 16.088 2.4887 0 0 0 0 2 0 -1 0 rect2p.dat
1 16 41.2387 -50 3.912 2.4887 0 0 0 0 -2 0 1 0 rect2p.dat
1 16 38.75 -50 10 0 1 0 -2 0 0 0 0 6.088 rect.dat
1 16 18.7613 -50 3.912 -2.4887 0 0 0 0 2 0 1 0 rect2p.dat
1 16 18.7613 -50 16.088 -2.4887 0 0 0 0 -2 0 -1 0 rect2p.dat
1 16 0 -42 -40 0 0 -50 -6 0 0 0 1 0 rect.dat
1 16 21.625 -46.5 8.125 0 -1 0 0 0 -1.5 3.125 0 0 rect2p.dat
1 16 30 -46.5 5 0 0 -8.375 1.5 0 0 0 -1 0 rect3.dat
1 16 30 -46.5 11.25 0 0 -8.375 -1.5 0 0 0 1 0 rect3.dat
1 16 38.375 -46.5 8.125 0 1 0 0 0 1.5 3.125 0 0 rect.dat
1 16 5.725 -47 -29.225 0 1 0 0 0 1 3.225 0 0 rect.dat
1 16 -5.75 -46.5 -29.225 0 -1 0 0 0 1.5 -3.225 0 0 rect.dat
1 16 -48.09375 -48 -20 -1.90625 0 0 0 1 0 0 0 -3.3125 rect1.dat
1 16 48.25 -38.4 25.875 1.75 0 0 0 0 2.4 0 -1 0 rect3.dat
1 16 48.25 -41.175 0 0 0 -1.75 0 -1 0 -25.5 0 0 rect2p.dat
1 16 48.25 -38.4 -25.875 1.75 0 0 0 0 2.4 0 -1 0 rect3.dat
1 16 8.3625 -46 -29.225 2.6375 0 0 0 -1 0 0 0 -3.225 rect2p.dat
1 16 11 -45.5 -29.225 0 1 0 0 0 .5 3.225 0 0 rect.dat
1 16 0 -40.5 -36.5 46.5 0 0 0 0 4.5 0 -1 0 rect.dat
1 16 -46.5 -40.5 0 0 -1 0 4.5 0 0 0 0 36.5 rect3.dat
1 16 .798246 -47.75 -23.519704 .862346 -1 0 0 0 .25 -.869704 0 0 rect2p.dat
1 16 -1.04455 -47.75 -22.65 0 0 -.98045 .25 0 0 0 -1 0 rect1.dat
1 16 .798246 -47.75 -18.030296 .862346 -1 0 0 0 -.25 .869704 0 0 rect2p.dat
1 16 2.48 -47.75 -20.775 0 1 0 .25 0 0 0 0 -3.275 rect1.dat
1 16 9.52145 -40.89645 36.5 -.14645 0 .3321 .14645 0 .3321 0 1 0 rect1.dat
3 16 -50 -48 10.0625 -46.1875 -48 6 -46.1875 -48 10.0625
3 16 43.09881 -52.375 9.64031 42.453 -52.375 9.629 43.21425 -52.375 9.41856
3 16 42.453 -52.375 9.629 42.433975 -52.375 9.474675 43.694025 -52.375 7.014325
3 16 -50 -48 -10.0625 -46.1875 -48 -10.0625 -46.1875 -48 -6
3 16 -5.75 -48 -26 -2.525 -48 -22.65 -2.525 -48 -18.9
3 16 -30.8125 -48 34 -29.13 -48 23.41 -29.13 -48 23.66
3 16 -29.13 -48 17.82 -30.8125 -48 6 -29.13 -48 16.59
3 16 -50 -48 29.9375 -50 -48 40 -50 -36 40
3 16 -50 -48 23.3125 -50 -48 29.9375 -50 -36 40
3 16 -50 -48 16.6875 -50 -48 23.3125 -50 -36 40
3 16 -50 -36 -40 -50 -48 -10.0625 -50 -48 10.0625
3 16 -50 -36 -40 -50 -48 -23.3125 -50 -48 -16.6875
3 16 -50 -36 -40 -50 -48 -16.6875 -50 -48 -10.0625
3 16 -50 -48 -29.9375 -50 -48 -23.3125 -50 -36 -40
3 16 -50 -48 -40 -50 -48 -29.9375 -50 -36 -40
3 16 50 -40.8 -25.875 50 -36 -40 50 -36 -25.875
3 16 50 -41.175 -25.5 50 -48 -40 50 -41.175 -25.875
3 16 50 -36 40 50 -40.8 25.875 50 -36 25.875
3 16 50 -48 40 50 -41.175 25.5 50 -41.175 25.875
3 16 10 -39.7108 40 50 -36 40 10 -36 40
3 16 9.3358 -41.375 40 50 -48 40 10 -40.7108 40
3 16 -15 -36 40 -10 -39.7108 40 -10 -36 40
3 16 -15 -48 40 -9.3358 -41.375 40 -10 -40.7108 40
3 16 8.3358 -41.375 40 50 -48 40 9.3358 -41.375 40
3 16 -15 -48 40 -8.3358 -41.375 40 -9.3358 -41.375 40
3 16 -43.4375 -45 25.0625 -46.5 -45 36.5 -43.4375 -45 26.9375
3 16 -43.4375 -45 18.9375 -46.5 -45 36.5 -43.4375 -45 25.0625
3 16 -43.4375 -45 17.0625 -46.5 -45 36.5 -43.4375 -45 18.9375
3 16 -41.5625 -45 26.9375 -43.4375 -45 26.9375 -46.5 -45 36.5
3 16 -43.4375 -45 -21.0625 -46.5 -45 -36.5 -43.4375 -45 -14.9375
3 16 -43.4375 -45 -22.9375 -46.5 -45 -36.5 -43.4375 -45 -21.0625
3 16 -35.4375 -45 13.0625 -43.4375 -45 -13.0625 -43.4375 -45 17.0625
3 16 -35.4375 -45 -26.9375 -41.5625 -45 -22.9375 -35.4375 -45 -25.0625
3 16 -5.75 -45 -26 -33.5625 -45 -18.9375 -33.5625 -45 -17.0625
3 16 -5.75 -45 -26 -33.5625 -45 -25.0625 -33.5625 -45 -18.9375
3 16 20 -45 32.5 17.5 -45 32.5 -46.5 -45 36.5
3 16 46.5 -45 36.5 22.5 -45 30 22.5 -45 32.5
3 16 46.5 -45 -36.5 11 -45 -32.45 11 -45 -26
3 16 -43.4375 -45 -13.0625 -46.5 -45 36.5 -43.4375 -45 17.0625
3 16 43.7274 -52 3.912 46 -52 10 38.75 -52 3.912
3 16 21.25 -52 3.912 14 -52 10 16.2726 -52 3.912
4 16 38.75 -52 3.912 46 -52 10 43.7274 -52 16.088 38.75 -52 16.088
4 16 16.2726 -52 16.088 14 -52 10 21.25 -52 3.912 21.25 -52 16.088
3 16 46.5 -36 -36.5 46.5 -40.8 -25.875 46.5 -36 -25.875
3 16 46.5 -45 -36.5 46.5 -41.175 -25.5 46.5 -41.175 -25.875
3 16 46.5 -40.8 25.875 46.5 -36 36.5 46.5 -36 25.875
3 16 46.5 -41.175 25.5 46.5 -45 36.5 46.5 -41.175 25.875
3 16 46.5 -36 36.5 10 -39.7108 36.5 10 -36 36.5
3 16 46.5 -45 36.5 9.3358 -41.375 36.5 10 -40.7108 36.5
3 16 -9.3358 -41.375 36.5 -46.5 -45 36.5 -10 -40.7108 36.4999
3 16 -10 -40.7108 36.4999 -46.5 -45 36.5 -10 -39.7108 36.5
3 16 46.5 -45 36.5 8.3358 -41.375 36.5 9.3358 -41.375 36.5
3 16 -8.3358 -41.375 36.5 -46.5 -45 36.5 -9.3358 -41.375 36.5
3 16 50 -48 -40 5.725 -48 -26 5.725 -48 -32.45
3 16 -5.75 -48 -26 -30.8125 -48 -34 -5.75 -48 -32.45
3 16 38.75 -48 16.088 50 -48 40 21.25 -48 16.088
3 16 23 -48 33 23 -48 27 50 -48 40
3 16 17 -48 27 14 -48 20 23 -48 27
3 16 23 -48 27 14 -48 20 50 -48 40
3 16 -30.8125 -48 34 17 -48 33 -15 -48 40
3 16 -44.7601 -48 34.753 -50 -48 40 -46.1875 -48 34
3 16 -50 -48 40 -44.7601 -48 34.753 -43.2599 -48 35.348
3 16 -50 -48 40 -43.2599 -48 35.348 -41.7043 -48 35.778
3 16 -41.7043 -48 35.778 -40.1115 -48 36.038 -50 -48 40
4 16 -38.5 -48 36.125 -15 -48 40 -50 -48 40 -40.1115 -48 36.038
3 16 -15 -48 40 -38.5 -48 36.125 -36.8885 -48 36.038
3 16 -15 -48 40 -36.8885 -48 36.038 -35.2957 -48 35.778
3 16 -15 -48 40 -35.2957 -48 35.778 -33.7401 -48 35.348
3 16 -15 -48 40 -33.7401 -48 35.348 -32.2399 -48 34.753
3 16 -15 -48 40 -32.2399 -48 34.753 -30.8125 -48 34
3 16 -20.97 -48 -17.78 -20.97 -48 -23.6 -5.75 -48 -26
3 16 1.660592 -47.5 -24.389408 2.48 -47.5 -24.05 -.0641 -47.5 -22.65
3 16 -.0641 -47.5 -18.9 2.48 -47.5 -17.5 1.660592 -47.5 -17.160592
3 16 1.52 -48 -24.53 -2.525 -48 -22.65 -5.75 -48 -26
3 16 -28.63 -48 16.59 -29.13 -48 16.59 -30.8125 -48 6
3 16 -20.92 -48 19.28 14 -48 0 -20.92 -48 20.98
3 16 -29.13 -48 23.66 -28.63 -48 23.66 -30.8125 -48 34
3 16 21.25 -48 3.912 16.2726 -48 3.912 14 -48 0
3 16 21.25 -48 3.912 14 -48 0 38.75 -48 3.912
3 16 -2.525 -48 -18.9 1.52 -48 -17.02 -30.8125 -48 6
3 16 -29.1 -48 -17.78 -20.97 -48 -17.78 -30.8125 -48 -6
3 16 -30.8125 -48 -6 -20.97 -48 -17.78 -5.75 -48 -26
3 16 -28.63 -48 23.66 -20.92 -48 20.98 -30.8125 -48 34
4 16 -50 -48 40 -15 -48 40 -15 -36 40 -50 -36 40
4 16 42.8768 -52.375 10.2423 42.526 -52.375 10.21 42.203 -52.375 9.629 42.453 -52.375 9.629
4 16 42.8768 -52.375 10.2423 43.32056 -52.375 9.75575 43.33086 -52.375 9.7600216 43.10124 -52.375 10.2700144
4 16 -29.13 -48 23.41 -30.8125 -48 34 -30.8125 -48 6 -29.13 -48 17.82
4 16 50 -36 -40 50 -40.8 -25.875 50 -41.175 -25.875 50 -48 -40
4 16 50 -41.175 25.875 50 -40.8 25.875 50 -36 40 50 -48 40
4 16 -15 -48 40 -10 -40.7108 40 -10 -39.7108 40 -15 -36 40
4 16 17.5 -45 32.5 17.5 -45 30 -33.5625 -45 21.0625 -33.5625 -45 22.9375
4 16 20 -45 27.5 21.625 -45 11.25 -33.5625 -45 14.9375 17.5 -45 27.5
4 16 38.375 -45 11.25 21.625 -45 11.25 20 -45 27.5 22.5 -45 27.5
4 16 22.5 -45 27.5 22.5 -45 30 46.5 -45 36.5 38.375 -45 11.25
4 16 46.5 -41.175 -25.875 46.5 -40.8 -25.875 46.5 -36 -36.5 46.5 -45 -36.5
4 16 46.5 -36 36.5 46.5 -40.8 25.875 46.5 -41.175 25.875 46.5 -45 36.5
3 16 -50 -48 -40 50 -48 -40 -5.75 -48 -32.45
3 16 -50 -48 -40 -44.7601 -48 -34.753 -46.1875 -48 -34
3 16 -43.2599 -48 -35.348 -44.7601 -48 -34.753 -50 -48 -40
3 16 -41.7043 -48 -35.778 -43.2599 -48 -35.348 -50 -48 -40
3 16 -50 -48 -40 -40.1115 -48 -36.038 -41.7043 -48 -35.778
3 16 -50 -48 -40 -38.5 -48 -36.125 -40.1115 -48 -36.038
3 16 -36.8885 -48 -36.038 -38.5 -48 -36.125 -50 -48 -40
4 16 -35.2957 -48 -35.778 -36.8885 -48 -36.038 -50 -48 -40 -5.75 -48 -32.45
3 16 -33.7401 -48 -35.348 -35.2957 -48 -35.778 -5.75 -48 -32.45
3 16 -32.2399 -48 -34.753 -33.7401 -48 -35.348 -5.75 -48 -32.45
3 16 -30.8125 -48 -34 -32.2399 -48 -34.753 -5.75 -48 -32.45
4 16 14 -48 20 17 -48 27 17 -48 33 -30.8125 -48 34
4 16 -29.1 -48 -23.6 -30.8125 -48 -34 -5.75 -48 -26 -20.97 -48 -23.6
4 16 -5.75 -48 -26 5.725 -48 -26 2.48 -48 -24.53 1.52 -48 -24.53
4 16 2.48 -48 -24.53 5.725 -48 -26 14 -48 0 2.48 -48 -17.02
4 16 -28.63 -48 16.59 -30.8125 -48 6 14 -48 0 -20.92 -48 19.28
4 16 50 -48 40 14 -48 20 16.2726 -48 16.088 21.25 -48 16.088
4 16 43.7274 -48 3.912 38.75 -48 3.912 50 -48 -40 46 -48 0
4 16 50 -48 40 38.75 -48 16.088 43.7274 -48 16.088 46 -48 20
4 16 -41.5625 -45 18.9375 -43.4375 -45 18.9375 -43.4375 -45 25.0625 -41.5625 -45 25.0625
4 16 -41.5625 -45 25.0625 -41.5625 -45 26.9375 -33.5625 -45 22.9375 -35.4375 -45 22.9375
4 16 -33.5625 -45 21.0625 -33.5625 -45 14.9375 -35.4375 -45 14.9375 -35.4375 -45 21.0625
4 16 40.445 -52.375 6.86 40.61 -52.375 6.86 40.86 -52.375 7.11 40.195 -52.375 7.11
4 16 44.370975 -52.375 7.205675 43.21425 -52.375 9.41856 42.453 -52.375 9.629 43.694025 -52.375 7.014325
4 16 43.32056 -52.375 9.75575 42.8768 -52.375 10.2423 42.453 -52.375 9.629 43.09881 -52.375 9.64031
4 16 42.526 -52 10.21 42.526 -52.375 10.21 42.8768 -52.375 10.2423 42.8768 -52 10.2423
4 16 43.10124 -52.375 10.2700144 43.10124 -52 10.2700144 42.8768 -52 10.2423 42.8768 -52.375 10.2423
4 16 18.29 -52.375 6.86 18.455 -52.375 6.86 18.705 -52.375 7.11 18.04 -52.375 7.11
4 16 18.455 -52.375 13.09 18.29 -52.375 13.09 18.04 -52.375 12.84 18.705 -52.375 12.84
4 16 44.370975 -52.375 7.205675 43.694025 -52.375 7.014325 43.925 -52.375 6.86 44.14 -52.375 6.86
4 16 42.642 -52.375 13.09 40.445 -52.375 13.09 41.11 -52.375 12.49 42.642 -52.375 12.49
4 16 40.86 -52.375 12.49 41.11 -52.375 12.49 40.445 -52.375 13.09 40.195 -52.375 12.84
4 16 41.11 -52.375 10.21 40.86 -52.375 10.21 40.86 -52.375 9.63 41.11 -52.375 9.63
4 16 42.526 -52.375 10.21 41.11 -52.375 10.21 41.11 -52.375 9.63 42.203 -52.375 9.629
4 16 40.195 -52.375 7.11 40.86 -52.375 7.11 40.86 -52.375 12.49 40.195 -52.375 12.84
4 16 -46.1875 -48 29.9375 -46.1875 -48 34 -50 -48 40 -50 -48 29.9375
4 16 -50 -48 -10.0625 -46.1875 -48 -6 -46.1875 -48 6 -50 -48 10.0625
4 16 -46.1875 -48 -29.9375 -50 -48 -29.9375 -50 -48 -40 -46.1875 -48 -34
4 16 21.625 -48 11.25 38.375 -48 11.25 38.75 -48 16.088 21.25 -48 16.088
4 16 21.25 -48 3.912 38.75 -48 3.912 38.375 -48 5 21.625 -48 5
4 16 -30.8125 -48 -34 -29.1 -48 -23.6 -29.1 -48 -17.78 -30.8125 -48 -6
4 16 21.25 -48 3.912 21.625 -48 5 21.625 -48 11.25 21.25 -48 16.088
4 16 38.75 -48 16.088 38.375 -48 11.25 38.375 -48 5 38.75 -48 3.912
4 16 -50 -48 16.6875 -50 -36 40 -50 -36 -40 -50 -48 10.0625
4 16 50 -48 40 50 -48 -40 50 -41.175 -25.5 50 -41.175 25.5
4 16 50 -48 40 50 -36 40 10 -39.7108 40 10 -40.7108 40
4 16 50 -48 40 8.3358 -41.375 40 -8.3358 -41.375 40 -15 -48 40
4 16 -5.75 -45 -32.45 -5.75 -48 -32.45 5.725 -48 -32.45 5.725 -46 -32.45
4 16 -5.75 -45 -32.45 5.725 -46 -32.45 11 -46 -32.45 11 -45 -32.45
4 16 -5.75 -45 -26 11 -45 -26 11 -46 -26 5.725 -46 -26
4 16 5.725 -48 -26 -5.75 -48 -26 -5.75 -45 -26 5.725 -46 -26
4 16 -50 -36 -40 -50 -36 40 -46.5 -36 36.5 -46.5 -36 -36.5
4 16 -15 -36 40 -10 -36 40 -10 -36 36.5 -46.5 -36 36.5
3 16 -46.5 -36 36.5 -50 -36 40 -15 -36 40
4 16 -50 -36 -40 -46.5 -36 -36.5 46.5 -36 -36.5 50 -36 -40
4 16 46.5 -36 -25.875 50 -36 -25.875 50 -36 -40 46.5 -36 -36.5
4 16 10 -36 36.5 10 -36 40 50 -36 40 46.5 -36 36.5
4 16 46.5 -36 25.875 46.5 -36 36.5 50 -36 40 50 -36 25.875
1 16 -10 -37.8554 38.25 0 -1 0 1.8554 0 0 0 0 1.75 rect2a.dat
1 16 0 -41.375 38.25 -8.3358 0 0 0 -1 0 0 0 1.75 rect2p.dat
1 16 10 -37.8554 38.25 0 1 0 0 0 1.8554 1.75 0 0 rect3.dat
4 16 -46.5 -45 36.5 -43.4375 -45 -13.0625 -43.4375 -45 -14.9375 -46.5 -45 -36.5
4 16 -41.5625 -45 -14.9375 -41.5625 -45 -21.0625 -43.4375 -45 -21.0625 -43.4375 -45 -14.9375
4 16 -41.5625 -45 18.9375 -41.5625 -45 25.0625 -35.4375 -45 22.9375 -35.4375 -45 21.0625
4 16 -41.5625 -45 17.0625 -41.5625 -45 18.9375 -35.4375 -45 21.0625 -35.4375 -45 14.9375
4 16 -43.4375 -45 17.0625 -41.5625 -45 17.0625 -35.4375 -45 14.9375 -35.4375 -45 13.0625
4 16 -33.5625 -45 13.0625 -41.5625 -45 -13.0625 -43.4375 -45 -13.0625 -35.4375 -45 13.0625
4 16 -41.5625 -45 -21.0625 -41.5625 -45 -14.9375 -35.4375 -45 -17.0625 -35.4375 -45 -18.9375
4 16 -41.5625 -45 -21.0625 -35.4375 -45 -18.9375 -35.4375 -45 -25.0625 -41.5625 -45 -22.9375
4 16 -43.4375 -45 -22.9375 -41.5625 -45 -22.9375 -35.4375 -45 -26.9375 -46.5 -45 -36.5
4 16 -5.75 -45 -26 -33.5625 -45 -17.0625 -41.5625 -45 -13.0625 -33.5625 -45 13.0625
4 16 -41.5625 -45 -14.9375 -41.5625 -45 -13.0625 -33.5625 -45 -17.0625 -35.4375 -45 -17.0625
4 16 -35.4375 -45 -25.0625 -35.4375 -45 -18.9375 -33.5625 -45 -18.9375 -33.5625 -45 -25.0625
4 16 -35.4375 -45 -26.9375 -33.5625 -45 -26.9375 -5.75 -45 -32.45 -46.5 -45 -36.5
4 16 -33.5625 -45 -25.0625 -5.75 -45 -26 -5.75 -45 -32.45 -33.5625 -45 -26.9375
4 16 17.5 -45 30 17.5 -45 27.5 -33.5625 -45 14.9375 -33.5625 -45 21.0625
4 16 -41.5625 -45 26.9375 -46.5 -45 36.5 17.5 -45 32.5 -33.5625 -45 22.9375
4 16 -33.5625 -45 13.0625 21.625 -45 5 11 -45 -26 -5.75 -45 -26
4 16 -33.5625 -45 14.9375 21.625 -45 11.25 21.625 -45 5 -33.5625 -45 13.0625
4 16 -46.5 -45 36.5 46.5 -45 36.5 22.5 -45 32.5 20 -45 32.5
4 16 38.375 -45 11.25 46.5 -45 36.5 46.5 -45 -36.5 38.375 -45 5
4 16 21.625 -45 5 38.375 -45 5 46.5 -45 -36.5 11 -45 -26
4 16 11 -45 -32.45 46.5 -45 -36.5 -46.5 -45 -36.5 -5.75 -45 -32.45
4 16 46.5 -41.175 -25.5 46.5 -45 -36.5 46.5 -45 36.5 46.5 -41.175 25.5
4 16 10 -40.7108 36.5 10 -39.7108 36.5 46.5 -36 36.5 46.5 -45 36.5
4 16 -46.5 -45 36.5 -46.5 -36 36.5 -10 -36 36.5 -10 -39.7108 36.5
4 16 -8.3358 -41.375 36.5 8.3358 -41.375 36.5 46.5 -45 36.5 -46.5 -45 36.5
3 16 50 -48 -40 5.725 -48 -32.45 -5.75 -48 -32.45
4 16 38.75 -48 3.912 14 -48 0 5.725 -48 -26 50 -48 -40
3 16 17 -48 33 23 -48 33 -15 -48 40
3 16 23 -48 33 50 -48 40 -15 -48 40
4 16 -2.525 -48 -22.65 -2.525 -47.5 -22.15 -2.525 -47.5 -19.4 -2.525 -48 -18.9
4 16 -2.025 -48 -18.9 -2.025 -47.5 -18.9 -.0641 -47.5 -18.9 -.0641 -48 -18.9
4 16 -.0641 -47.5 -18.9 -2.525 -47.5 -22.15 -2.025 -47.5 -22.65 -.0641 -47.5 -22.65
4 16 -2.525 -47.5 -22.15 -.0641 -47.5 -18.9 -2.025 -47.5 -18.9 -2.525 -47.5 -19.4
4 16 2.48 -47.5 -24.05 2.48 -47.5 -17.5 -.0641 -47.5 -18.9 -.0641 -47.5 -22.65
4 16 1.660592 -48 -17.160592 1.52 -48 -17.02 -2.525 -48 -18.9 -.0641 -48 -18.9
4 16 1.660592 -48 -24.389408 -.0641 -48 -22.65 -2.525 -48 -22.65 1.52 -48 -24.53
4 16 -30.8125 -48 34 -20.92 -48 20.98 14 -48 0 14 -48 20
4 16 50 -48 40 46 -48 20 46 -48 0 50 -48 -40
4 16 -30.8125 -48 6 1.52 -48 -17.02 2.48 -48 -17.02 14 -48 0
4 16 -44.7601 -48 -5.247 -44.7601 -48 5.247 -46.1875 -48 6 -46.1875 -48 -6
4 16 -43.2599 -48 4.652 -44.7601 -48 5.247 -44.7601 -48 -5.247 -43.2599 -48 -4.652
4 16 -41.7043 -48 4.222 -43.2599 -48 4.652 -43.2599 -48 -4.652 -41.7043 -48 -4.222
4 16 -41.7043 -48 -4.222 -40.1115 -48 -3.962 -40.1115 -48 3.962 -41.7043 -48 4.222
4 16 -38.5 -48 -3.875 -38.5 -48 3.875 -40.1115 -48 3.962 -40.1115 -48 -3.962
4 16 -36.8885 -48 3.962 -38.5 -48 3.875 -38.5 -48 -3.875 -36.8885 -48 -3.962
4 16 -35.2957 -48 4.222 -36.8885 -48 3.962 -36.8885 -48 -3.962 -35.2957 -48 -4.222
4 16 -33.7401 -48 4.652 -35.2957 -48 4.222 -35.2957 -48 -4.222 -33.7401 -48 -4.652
4 16 -32.2399 -48 5.247 -33.7401 -48 4.652 -33.7401 -48 -4.652 -32.2399 -48 -5.247
4 16 -30.8125 -48 6 -32.2399 -48 5.247 -32.2399 -48 -5.247 -30.8125 -48 -6
4 16 -5.75 -48 -26 -2.525 -48 -18.9 -30.8125 -48 6 -30.8125 -48 -6
1 16 9.52145 -40.89645 40 -.14645 0 -.3321 .14645 0 -.3321 0 -1 0 rect1.dat
4 16 9.0429 -41.0821 40 9.7071 -40.4179 40 9.7071 -40.4179 36.5 9.0429 -41.0821 36.5
1 16 -9.52145 -40.89645 40 .14645 0 -.3321 .14645 0 .3321 0 -1 0 rect1.dat
1 16 -9.52145 -40.89645 36.49995 .14645 0 .3321 .14645 1 -.3321 0 0 .00005 rect1.dat
4 16 -9.0429 -41.0821 40 -9.0429 -41.0821 36.5 -9.7071 -40.4179 36.4999 -9.7071 -40.4179 40

0 // Identifier "A" and "B"

0 BFC INVERTNEXT
1 16 -27.1 -48 -21.6 -2 0 0 0 .5 0 0 0 -2 1-4cylo.dat
1 16 -27.1 -47.5 -21.6 -2 0 0 0 1 0 0 0 -2 1-4chrd.dat
1 16 -27.1 -48 -21.6 -2 0 0 0 1 0 0 0 -2 1-4ndis.dat
0 BFC INVERTNEXT
1 16 -22.97 -48 -21.6 2 0 0 0 .5 0 0 0 -2 1-4cylo.dat
1 16 -22.97 -47.5 -21.6 2 0 0 0 1 0 0 0 -2 1-4chrd.dat
1 16 -22.97 -48 -21.6 2 0 0 0 1 0 0 0 -2 1-4ndis.dat
1 16 -27.1 -48 -21.6 -.8 0 0 0 .5 0 0 0 -.8 1-4cylo.dat
1 16 -27.1 -48 -21.6 -.8 0 0 0 1 0 0 0 -.8 1-4chrd.dat
1 16 -27.1 -47.5 -21.6 -.8 0 0 0 1 0 0 0 -.8 1-4ndis.dat
1 16 -26.44 -48 -21.6 .8 0 0 0 .5 0 0 0 -.8 1-4cylo.dat
1 16 -26.44 -48 -21.6 .8 0 0 0 1 0 0 0 -.8 1-4chrd.dat
1 16 -26.44 -47.5 -21.6 .8 0 0 0 1 0 0 0 -.8 1-4ndis.dat
1 16 -23.66 -48 -21.6 -.8 0 0 0 .5 0 0 0 -.8 1-4cylo.dat
1 16 -23.66 -48 -21.6 -.8 0 0 0 1 0 0 0 -.8 1-4chrd.dat
1 16 -23.66 -47.5 -21.6 -.8 0 0 0 1 0 0 0 -.8 1-4ndis.dat
1 16 -22.95 -48 -21.6 .8 0 0 0 .5 0 0 0 -.8 1-4cylo.dat
1 16 -22.95 -48 -21.6 .8 0 0 0 1 0 0 0 -.8 1-4chrd.dat
1 16 -22.95 -47.5 -21.6 .8 0 0 0 1 0 0 0 -.8 1-4ndis.dat
1 16 -24.97 -48 -23.33 .177 0 -.177 0 .5 0 .177 0 .177 1-4cylo.dat
1 16 -24.97 -48 -23.33 .177 0 -.177 0 1 0 .177 0 .177 1-4chrd.dat
1 16 -24.97 -47.5 -23.33 .177 0 -.177 0 1 0 .177 0 .177 1-4ndis.dat
1 16 -27.65 -48 -19.2 -.25 0 0 0 .5 0 0 0 .25 1-4cylo.dat
1 16 -27.65 -48 -19.2 -.25 0 0 0 1 0 0 0 .25 1-4chrd.dat
1 16 -27.65 -47.5 -19.2 -.25 0 0 0 1 0 0 0 .25 1-4ndis.dat
1 16 -25.89 -48 -19.2 .25 0 0 0 .5 0 0 0 .25 1-4cylo.dat
1 16 -25.89 -48 -19.2 .25 0 0 0 1 0 0 0 .25 1-4chrd.dat
1 16 -25.89 -47.5 -19.2 .25 0 0 0 1 0 0 0 .25 1-4ndis.dat
1 16 -24.21 -48 -19.2 -.25 0 0 0 .5 0 0 0 .25 1-4cylo.dat
1 16 -24.21 -48 -19.2 -.25 0 0 0 1 0 0 0 .25 1-4chrd.dat
1 16 -24.21 -47.5 -19.2 -.25 0 0 0 1 0 0 0 .25 1-4ndis.dat
1 16 -22.4 -48 -19.2 .25 0 0 0 .5 0 0 0 .25 1-4cylo.dat
1 16 -22.4 -48 -19.2 .25 0 0 0 1 0 0 0 .25 1-4chrd.dat
1 16 -22.4 -47.5 -19.2 .25 0 0 0 1 0 0 0 .25 1-4ndis.dat
0 BFC INVERTNEXT
1 16 -21.22 -48 -18.03 .25 0 0 0 .5 0 0 0 .25 1-4cylo.dat
1 16 -21.22 -47.5 -18.03 .25 0 0 0 1 0 0 0 .25 1-4chrd.dat
1 16 -21.22 -48 -18.03 .25 0 0 0 1 0 0 0 .25 1-4ndis.dat
0 BFC INVERTNEXT
1 16 -28.85 -48 -18.03 -.25 0 0 0 .5 0 0 0 .25 1-4cylo.dat
1 16 -28.85 -47.5 -18.03 -.25 0 0 0 1 0 0 0 .25 1-4chrd.dat
1 16 -28.85 -48 -18.03 -.25 0 0 0 1 0 0 0 .25 1-4ndis.dat
0 BFC INVERTNEXT
1 16 -28.88 -48 23.41 -.25 0 0 0 .5 0 0 0 .25 5-16cylo.dat
1 16 -28.88 -47.5 23.41 -.25 0 0 0 1 0 0 0 .25 5-16chrd.dat
1 16 -28.88 -48 23.41 -.25 0 0 0 1 0 0 0 .25 5-16ndis.dat
0 BFC INVERTNEXT
1 16 -28.88 -48 16.84 -.25 0 0 0 .5 0 0 0 -.25 5-16cylo.dat
1 16 -28.88 -47.5 16.84 -.25 0 0 0 1 0 0 0 -.25 5-16chrd.dat
1 16 -28.88 -48 16.84 -.25 0 0 0 1 0 0 0 -.25 5-16ndis.dat
0 BFC INVERTNEXT
1 16 -28.88 -48 17.57 -.25 0 0 0 .5 0 0 0 .25 3-16cylo.dat
1 16 -28.88 -47.5 17.57 -.25 0 0 0 1 0 0 0 .25 3-16chrd.dat
1 16 -28.88 -48 17.57 -.25 0 0 0 1 0 0 0 .25 3-16ndis.dat
0 BFC INVERTNEXT
1 16 -28.88 -48 22.68 -.25 0 0 0 .5 0 0 0 -.25 3-16cylo.dat
1 16 -28.88 -47.5 22.68 -.25 0 0 0 1 0 0 0 -.25 3-16chrd.dat
1 16 -28.88 -48 22.68 -.25 0 0 0 1 0 0 0 -.25 3-16ndis.dat
1 16 -27.69 -48 21.71 .25 0 0 0 .5 0 0 0 .25 3-16cylo.dat
1 16 -27.69 -48 21.71 .25 0 0 0 1 0 0 0 .25 3-16chrd.dat
1 16 -27.69 -47.5 21.71 .25 0 0 0 1 0 0 0 .25 3-16ndis.dat
1 16 -27.69 -48 18.53 .25 0 0 0 .5 0 0 0 -.25 3-16cylo.dat
1 16 -27.69 -48 18.53 .25 0 0 0 1 0 0 0 -.25 3-16chrd.dat
1 16 -27.69 -47.5 18.53 .25 0 0 0 1 0 0 0 -.25 3-16ndis.dat
1 16 -23.31 -48 20.13 .25 0 0 0 .5 0 0 0 .25 3-16cylo.dat
1 16 -23.31 -48 20.13 .25 0 0 0 1 0 0 0 .25 3-16chrd.dat
1 16 -23.31 -47.5 20.13 .25 0 0 0 1 0 0 0 .25 3-16ndis.dat
1 16 -23.31 -48 20.13 .25 0 0 0 .5 0 0 0 -.25 3-16cylo.dat
1 16 -23.31 -48 20.13 .25 0 0 0 1 0 0 0 -.25 3-16chrd.dat
1 16 -23.31 -47.5 20.13 .25 0 0 0 1 0 0 0 -.25 3-16ndis.dat
0 BFC INVERTNEXT
1 16 -21.77 -48 20.13 .85 0 0 0 .5 0 0 0 .85 3-16cylo.dat
1 16 -21.77 -47.5 20.13 .85 0 0 0 1 0 0 0 .85 3-16chrd.dat
1 16 -21.77 -48 20.13 .85 0 0 0 1 0 0 0 .85 3-16ndis.dat
0 BFC INVERTNEXT
1 16 -21.77 -48 20.13 .85 0 0 0 .5 0 0 0 -.85 3-16cylo.dat
1 16 -21.77 -47.5 20.13 .85 0 0 0 1 0 0 0 -.85 3-16chrd.dat
1 16 -21.77 -48 20.13 .85 0 0 0 1 0 0 0 -.85 3-16ndis.dat
1 16 -26.02 -48 21.1 -.25 0 0 0 1 0 0 0 .25 5-16chrd.dat
1 16 -26.02 -48 21.1 -.25 0 0 0 .5 0 0 0 .25 5-16cylo.dat
1 16 -26.02 -47.5 21.1 -.25 0 0 0 1 0 0 0 .25 5-16ndis.dat
1 16 -26.02 -48 19.15 -.25 0 0 0 .5 0 0 0 -.25 5-16cylo.dat
1 16 -26.02 -48 19.15 -.25 0 0 0 1 0 0 0 -.25 5-16chrd.dat
1 16 -26.02 -47.5 19.15 -.25 0 0 0 1 0 0 0 -.25 5-16ndis.dat

3 16 -22.15 -47.5 -22.4 -22.97 -47.5 -23.6 -20.97 -47.5 -21.6
3 16 -22.97 -47.5 -23.6 -22.15 -47.5 -22.4 -22.95 -47.5 -22.4
3 16 -22.15 -47.5 -21.6 -22.15 -47.5 -22.4 -20.97 -47.5 -21.6
3 16 -27.1 -47.5 -23.6 -27.9 -47.5 -22.4 -29.1 -47.5 -21.6
3 16 -27.9 -47.5 -21.6 -29.1 -47.5 -21.6 -27.9 -47.5 -22.4
3 16 -25.147 -47.5 -23.153 -25.64 -47.5 -22.4 -25.33 -47.5 -23.32
3 16 -26.22 -47.5 -23.6 -26.44 -47.5 -22.4 -27.1 -47.5 -22.4
3 16 -27.9 -47.5 -19.2 -27.9 -47.5 -18.95 -29.1 -47.5 -18.03
3 16 -28.85 -47.5 -17.78 -27.65 -47.5 -18.95 -25.89 -47.5 -18.95
3 16 -28.85 -47.5 -17.78 -25.89 -47.5 -18.95 -25.64 -47.5 -18.95
3 16 -21.22 -47.5 -17.78 -24.46 -47.5 -18.95 -24.21 -47.5 -18.95
3 16 -21.22 -47.5 -17.78 -24.21 -47.5 -18.95 -22.4 -47.5 -18.95
3 16 -23.06 -48 20.13 -23.214325 -48 20.360975 -23.214325 -48 19.899025
4 16 -28.975675 -47.5 17.800975 -28.784325 -47.5 16.609025 -27.44 -47.5 18.28 -27.594325 -47.5 18.299025
4 16 -28.784325 -47.5 16.609025 -25.77 -47.5 18.9 -26.27 -47.5 18.9 -27.44 -47.5 18.28
4 16 -23.06 -47.5 19.88 -25.77 -47.5 18.9 -28.784325 -47.5 16.609025 -21.444705 -47.5 19.344685
4 16 -28.784325 -47.5 23.640975 -27.44 -47.5 21.96 -26.27 -47.5 21.35 -25.77 -47.5 21.35
4 16 -28.784325 -47.5 23.640975 -25.77 -47.5 21.35 -23.06 -47.5 20.38 -21.444705 -47.5 20.915315
1 16 -26.66 -47.75 -23.6 -.44 0 0 0 0 -.25 0 -1 0 rect2p.dat
4 16 -25.86 -48 -23.57 -25.86 -47.5 -23.57 -26.22 -47.5 -23.6 -26.22 -48 -23.6
4 16 -25.52 -48 -23.44 -25.52 -47.5 -23.44 -25.86 -47.5 -23.57 -25.86 -48 -23.57
4 16 -25.52 -47.5 -23.44 -25.52 -48 -23.44 -25.33 -48 -23.32 -25.33 -47.5 -23.32
4 16 -24.43 -48 -23.42 -24.43 -47.5 -23.42 -24.63 -47.5 -23.31 -24.63 -48 -23.31
4 16 -24.43 -47.5 -23.42 -24.43 -48 -23.42 -24.18 -48 -23.51 -24.18 -47.5 -23.51
4 16 -23.92 -48 -23.58 -23.92 -47.5 -23.58 -24.18 -47.5 -23.51 -24.18 -48 -23.51
1 16 -23.445 -47.75 -23.59 .475 -1 0 0 0 .25 -.01 0 0 rect2p.dat
4 16 -25.33 -48 -23.32 -25.147 -48 -23.153 -25.147 -47.5 -23.153 -25.33 -47.5 -23.32
4 16 -24.793 -47.5 -23.153 -24.793 -48 -23.153 -24.63 -48 -23.31 -24.63 -47.5 -23.31
1 16 -23.305 -47.75 -22.4 -.355 0 0 0 0 .25 0 1 0 rect2p.dat
4 16 -24.46 -48 -21.6 -23.66 -48 -22.4 -22.95 -48 -22.4 -22.15 -48 -21.6
1 16 -26.77 -47.75 -22.4 -.33 0 0 0 0 .25 0 1 0 rect2p.dat
4 16 -24.46 -47.5 -22.4 -24.46 -47.5 -21.6 -25.64 -47.5 -21.6 -25.64 -47.5 -22.4
4 16 -25.147 -47.5 -23.153 -24.97 -47.5 -22.976 -24.46 -47.5 -22.4 -25.64 -47.5 -22.4
4 16 -24.63 -47.5 -23.31 -24.46 -47.5 -22.4 -24.97 -47.5 -22.976 -24.793 -47.5 -23.153
4 16 -24.18 -47.5 -23.51 -24.46 -47.5 -22.4 -24.63 -47.5 -23.31 -24.43 -47.5 -23.42
4 16 -22.97 -47.5 -23.6 -22.95 -47.5 -22.4 -23.66 -47.5 -22.4 -23.92 -47.5 -23.58
4 16 -24.18 -47.5 -23.51 -23.92 -47.5 -23.58 -23.66 -47.5 -22.4 -24.46 -47.5 -22.4
4 16 -27.9 -47.5 -22.4 -27.1 -47.5 -23.6 -26.22 -47.5 -23.6 -27.1 -47.5 -22.4
4 16 -25.33 -47.5 -23.32 -25.64 -47.5 -22.4 -25.86 -47.5 -23.57 -25.52 -47.5 -23.44
4 16 -26.44 -47.5 -22.4 -26.22 -47.5 -23.6 -25.86 -47.5 -23.57 -25.64 -47.5 -22.4
1 16 -29.1 -47.75 -19.815 0 -1 0 0 0 -.25 1.785 0 0 rect2p.dat
4 16 -28.85 -47.5 -17.78 -29.1 -47.5 -18.03 -27.9 -47.5 -18.95 -27.65 -47.5 -18.95
4 16 -29.1 -47.5 -21.6 -27.9 -47.5 -21.6 -27.9 -47.5 -19.2 -29.1 -47.5 -18.03
1 16 -27.9 -47.75 -20.4 0 1 0 0 0 -.25 -1.2 0 0 rect2p.dat
4 16 -24.46 -47.5 -18.95 -25.64 -47.5 -18.95 -25.64 -47.5 -19.2 -24.46 -47.5 -19.2
1 16 -24.46 -47.75 -20.4 0 1 0 0 0 -.25 -1.2 0 0 rect2p.dat
1 16 -23.305 -47.75 -18.95 -.905 0 0 0 0 -.25 0 -1 0 rect2p.dat
4 16 -24.793 -48 -23.153 -25.147 -48 -23.153 -25.33 -48 -23.32 -24.63 -48 -23.31
4 16 -24.63 -48 -23.31 -25.33 -48 -23.32 -25.52 -48 -23.44 -24.43 -48 -23.42
4 16 -23.92 -48 -23.58 -24.18 -48 -23.51 -25.86 -48 -23.57 -26.22 -48 -23.6
4 16 -24.18 -48 -23.51 -24.43 -48 -23.42 -25.52 -48 -23.44 -25.86 -48 -23.57
4 16 -24.46 -47.5 -21.6 -24.46 -47.5 -19.2 -25.64 -47.5 -19.2 -25.64 -47.5 -21.6
4 16 -22.4 -48 -18.95 -24.21 -48 -18.95 -24.46 -48 -19.2 -22.15 -48 -19.2
4 16 -22.15 -48 -21.6 -22.15 -48 -19.2 -24.46 -48 -19.2 -24.46 -48 -21.6
1 16 -22.15 -47.75 -20.4 0 -1 0 0 0 -.25 1.2 0 0 rect2p.dat
1 16 -20.97 -47.75 -19.815 0 1 0 0 0 -.25 -1.785 0 0 rect2p.dat
4 16 -27.65 -48 -18.95 -27.9 -48 -19.2 -25.64 -48 -19.2 -25.89 -48 -18.95
4 16 -25.64 -48 -21.6 -25.64 -48 -19.2 -27.9 -48 -19.2 -27.9 -48 -21.6
4 16 -25.64 -48 -21.6 -27.9 -48 -21.6 -27.1 -48 -22.4 -26.44 -48 -22.4
1 16 -25.64 -47.75 -20.4 0 -1 0 0 0 -.25 1.2 0 0 rect2p.dat
4 16 -20.97 -47.5 -18.03 -22.15 -47.5 -18.95 -22.15 -47.5 -21.6 -20.97 -47.5 -21.6
1 16 -25.035 -47.75 -17.78 3.815 0 0 0 0 -.25 0 1 0 rect2p.dat
1 16 -26.77 -47.75 -18.95 .88 0 0 0 0 .25 0 -1 0 rect2p.dat
4 16 -24.46 -47.5 -18.95 -21.22 -47.5 -17.78 -28.85 -47.5 -17.78 -25.64 -47.5 -18.95
4 16 -20.97 -47.5 -18.03 -21.22 -47.5 -17.78 -22.4 -47.5 -18.95 -22.15 -47.5 -18.95
4 16 -26.27 -48 21.1 -26.27 -48 19.15 -25.924325 -48 18.919025 -25.924325 -48 21.330975
4 16 -23.214325 -48 20.360975 -25.924325 -48 21.330975 -25.924325 -48 18.919025 -23.214325 -48 19.899025
1 16 -24.569325 -47.75 20.845975 -1.355 -1 0 0 0 -.25 .485 0 0 rect2p.dat
1 16 -24.569325 -47.75 19.409025 0 -1 -1.355 -.25 0 0 0 0 -.49 rect1.dat
4 16 -25.77 -47.5 21.35 -25.924325 -47.5 21.330975 -23.214325 -47.5 20.360975 -23.06 -47.5 20.38
1 16 -26.27 -47.75 20.125 0 1 0 0 0 -.25 -.975 0 0 rect2p.dat
1 16 -24.4921625 -47.5 19.3995125 -.0771625 0 -1.355 0 1 0 .0095125 0 -.49 rect1.dat
4 16 -20.92 -47.5 20.13 -23.06 -47.5 20.13 -23.06 -47.5 19.88 -21.444705 -47.5 19.344685
4 16 -23.06 -47.5 20.13 -20.92 -47.5 20.13 -21.444705 -47.5 20.915315 -23.06 -47.5 20.38
4 16 -28.784325 -47.5 16.609025 -28.975675 -47.5 17.800975 -29.13 -47.5 17.57 -29.13 -47.5 16.84
1 16 -29.13 -47.75 17.205 0 -1 0 0 0 -.25 .365 0 0 rect2p.dat
1 16 -28.285 -47.75 18.05 -.690675 -1 0 0 0 .25 -.249025 0 0 rect2p.dat
4 16 -26.27 -47.5 19.15 -27.44 -47.5 18.53 -27.44 -47.5 18.28 -26.27 -47.5 18.9
1 16 -25.114515 -47.75 17.976855 -3.66981 1 0 0 0 -.25 -1.36783 0 0 rect2p.dat
4 16 -28.63 -48 16.59 -20.92 -48 19.28 -21.444705 -48 19.344685 -28.784325 -48 16.609025
1 16 -29.13 -47.75 23.045 0 -1 0 0 0 .25 -.365 0 0 rect2p.dat
4 16 -28.784325 -47.5 23.640975 -29.13 -47.5 23.41 -29.13 -47.5 22.68 -28.975675 -47.5 22.449025
1 16 -28.285 -47.75 22.195 -.690675 -1 0 0 0 -.25 .254025 0 0 rect2p.dat
4 16 -28.784325 -47.5 23.640975 -28.975675 -47.5 22.449025 -27.594325 -47.5 21.940975 -27.44 -47.5 21.96
1 16 -25.114515 -47.75 22.278145 3.66981 1 0 0 0 -.25 -1.36283 0 0 rect2p.dat
4 16 -28.63 -48 23.66 -28.784325 -48 23.640975 -21.444705 -48 20.915315 -20.92 -48 20.98
4 16 -27.594325 -48 21.940975 -28.975675 -48 22.449025 -29.13 -48 22.43 -27.44 -48 21.71
4 16 -29.13 -48 17.82 -28.975675 -48 17.800975 -27.594325 -48 18.299025 -27.44 -48 18.53
1 16 -27.44 -47.75 20.12 0 -1 0 0 0 -.25 1.59 0 0 rect2p.dat
4 16 -27.44 -48 18.53 -27.44 -48 21.71 -29.13 -48 22.43 -29.13 -48 17.82
4 16 -27.44 -47.5 18.53 -26.27 -47.5 19.15 -26.27 -47.5 21.35 -27.44 -47.5 21.96

0 // Edges
5 24 -25.86 -48 -23.57 -25.86 -47.5 -23.57 -25.52 -48 -23.44 -26.22 -47.5 -23.6
5 24 -24.18 -48 -23.51 -24.18 -47.5 -23.51 -24.43 -47.5 -23.42 -23.92 -48 -23.58
5 24 -24.63 -48 -23.31 -24.63 -47.5 -23.31 -24.793 -47.5 -23.153 -24.43 -48 -23.42
5 24 -26.22 -48 -23.6 -26.22 -47.5 -23.6 -25.86 -48 -23.57 -27.1 -47.5 -23.6
5 24 -25.52 -47.5 -23.44 -25.52 -48 -23.44 -25.33 -48 -23.32 -25.86 -47.5 -23.57
5 24 -24.43 -47.5 -23.42 -24.43 -48 -23.42 -24.18 -48 -23.51 -24.63 -47.5 -23.31
5 24 -23.92 -47.5 -23.58 -23.92 -48 -23.58 -24.18 -47.5 -23.51 -22.97 -48 -23.6
5 24 -25.33 -47.5 -23.32 -25.33 -48 -23.32 -25.147 -48 -23.153 -25.52 -47.5 -23.44
2 24 -24.43 -47.5 -23.42 -24.63 -47.5 -23.31
2 24 -25.86 -48 -23.57 -26.22 -48 -23.6
2 24 -24.18 -47.5 -23.51 -24.43 -47.5 -23.42
2 24 -24.63 -48 -23.31 -24.43 -48 -23.42
2 24 -26.22 -47.5 -23.6 -25.86 -47.5 -23.57
2 24 -25.86 -47.5 -23.57 -25.52 -47.5 -23.44
2 24 -25.33 -47.5 -23.32 -25.52 -47.5 -23.44
2 24 -24.793 -48 -23.153 -24.63 -48 -23.31
2 24 -25.52 -48 -23.44 -25.86 -48 -23.57
2 24 -25.33 -48 -23.32 -25.147 -48 -23.153
2 24 -23.92 -47.5 -23.58 -24.18 -47.5 -23.51
2 24 -24.63 -47.5 -23.31 -24.793 -47.5 -23.153
2 24 -25.52 -48 -23.44 -25.33 -48 -23.32
2 24 -24.18 -48 -23.51 -23.92 -48 -23.58
2 24 -24.43 -48 -23.42 -24.18 -48 -23.51
2 24 -25.33 -47.5 -23.32 -25.147 -47.5 -23.153

0 // Edges
2 24 50 -36 40 10 -36 40
2 24 21.1481 -48 32.7717 22.1213 -48 32.1213
2 24 22.7717 -48 28.8519 22.1213 -48 27.8787
2 24 18.8519 -48 27.2283 17.8787 -48 27.8787
2 24 18.8519 -48 32.7717 20 -48 33
2 24 21.1481 -48 27.2283 20 -48 27
2 24 -15 -36 40 -50 -36 40
2 24 -10 -36 40 -15 -36 40
2 24 -5.75 -48 -32.45 5.725 -48 -32.45
2 24 -50 -48 29.9375 -50 -48 40
2 24 -10 -36 36.5 -46.5 -36 36.5
2 24 -50 -48 -10.0625 -50 -48 10.0625
2 24 23 -48 30 22.7717 -48 28.8519
2 24 -5.75 -45 -26 11 -45 -26
2 24 -50 -48 40 -50 -36 40
2 24 22.1213 -48 27.8787 21.1481 -48 27.2283
2 24 50 -36 -40 50 -36 -25.875
2 24 17 -48 30 17.2283 -48 31.1481
2 24 -10 -39.7108 36.4999 -10 -36 36.5
2 24 42.8768 -52.375 10.2423 42.526 -52.375 10.21
2 24 17.2283 -48 28.8519 17 -48 30
2 24 11 -45 -32.45 -5.75 -45 -32.45
2 24 22.7717 -48 31.1481 23 -48 30
5 24 -.0641 -48 -18.9 -.0641 -47.5 -18.9 1.660592 -47.5 -17.160592 -2.025 -48 -18.9
2 24 46.5 -45 36.5 46.5 -36 36.5
2 24 46.5 -36 -25.875 46.5 -36 -36.5
2 24 20 -48 33 21.1481 -48 32.7717
2 24 -46.5 -45 36.5 46.5 -45 36.5
2 24 -2.525 -47.5 -19.4 -2.525 -47.5 -22.15
2 24 10 -36 36.5 46.5 -36 36.5
2 24 50 -36 25.875 50 -36 40
2 24 46.5 -36 36.5 46.5 -36 25.875
2 24 22.1213 -48 32.1213 22.7717 -48 31.1481
2 24 -5.75 -48 -26 5.725 -48 -26
5 24 42.8768 -52 10.2423 42.8768 -52.375 10.2423 42.526 -52 10.21 43.10124 -52.375 10.2700144
2 24 50 -36 40 50 -48 40
2 24 46.5 -45 -36.5 46.5 -45 36.5
5 24 42.526 -52 10.21 42.526 -52.375 10.21 42.8768 -52.375 10.2423 41.11 -52 10.21
2 24 50 -48 40 50 -48 -40
2 24 -50 -48 -40 -50 -48 -29.9375
2 24 43.10124 -52.375 10.2700144 42.8768 -52.375 10.2423
5 24 -.0641 -47.5 -22.65 -.0641 -48 -22.65 1.660592 -48 -24.389408 -2.025 -47.5 -22.65
2 24 -2.525 -48 -22.65 -2.525 -48 -18.9
2 24 17.8787 -48 32.1213 18.8519 -48 32.7717
2 24 -50 -36 40 -50 -36 -40
2 24 17.8787 -48 27.8787 17.2283 -48 28.8519
2 24 -15 -48 40 50 -48 40
2 24 -50 -48 40 -15 -48 40
2 24 -.0641 -47.5 -18.9 -2.025 -47.5 -18.9
2 24 17.2283 -48 31.1481 17.8787 -48 32.1213
2 24 20 -48 27 18.8519 -48 27.2283
2 24 43.10124 -52 10.2700144 42.8768 -52 10.2423
2 24 42.8768 -52 10.2423 42.526 -52 10.21
