0 | Fx Bricks XL Speaker V2  4 x  6 x  2.4 - Case
0 Name: t1120.dat
0 Author: Ulrich Röder [UR]
0 !LDRAW_ORG Unofficial_Part 
0 !LICENSE Redistributable under CCAL version 2.0 : see CAreadme.txt

0 BFC CERTIFY CCW

0 !CATEGORY Electric
0 !KEYWORDS PFxBrick, Third Party, Sound


0 // Created with the express permission and behalf of Fx Bricks (Canada)
0 // Based on the original production files by Michael Gale.

0 BFC INVERTNEXT
1 16 56.625 -23.5 0 0 3.375 0 0 0 -1.5 -1.5 0 0 4-4cylo.dat
1 16 56.625 -23.5 0 0 1 0 0 0 -1.5 -1.5 0 0 4-4ndis.dat
1 16 60 -23.5 0 0 -1 0 0 0 -1.5 -1.5 0 0 4-4ndis.dat
4 16 60 -25 1.5 60 -22 1.5 60 0 40 60 -48 40
4 16 60 -48 -40 60 -25 -1.5 60 -25 1.5 60 -48 40
4 16 60 0 40 60 -22 1.5 60 -22 -1.5 60 0 -40
4 16 60 0 -40 60 -22 -1.5 60 -25 -1.5 60 -48 -40

1 16 0 0 0 1 0 0 0 1 0 0 0 1 s\t1120s01.dat
1 16 0 0 0 -1 0 0 0 1 0 0 0 1 s\t1120s01.dat
1 16 0 0 0 1 0 0 0 1 0 0 0 -1 s\t1120s01.dat
1 16 0 0 0 -1 0 0 0 1 0 0 0 -1 s\t1120s01.dat

0 BFC INVERTNEXT
1 16 0 0 0 56 0 0 0 -4 0 0 0 36 box5.dat
1 16 0 -24 -39 -1.75 0 0 0 0 -24 0 -1 0 box3u10p.dat
1 16 0 -24 39 1.75 0 0 0 0 -24 0 1 0 box3u10p.dat
1 16 0 -4 0 1 0 0 0 -1 0 0 0 -1 fxstud4.dat
1 16 20 -4 0 1 0 0 0 -1 0 0 0 -1 fxstud4.dat
1 16 40 -4 0 1 0 0 0 -1 0 0 0 -1 fxstud4.dat
1 16 -20 -4 0 1 0 0 0 -1 0 0 0 -1 fxstud4.dat
1 16 -40 -4 0 1 0 0 0 -1 0 0 0 -1 fxstud4.dat
1 16 0 -4 20 1 0 0 0 -1 0 0 0 -1 fxstud4.dat
1 16 20 -4 20 1 0 0 0 -1 0 0 0 -1 fxstud4.dat
1 16 40 -4 20 1 0 0 0 -1 0 0 0 -1 fxstud4.dat
1 16 -20 -4 20 1 0 0 0 -1 0 0 0 -1 fxstud4.dat
1 16 -40 -4 20 1 0 0 0 -1 0 0 0 -1 fxstud4.dat
1 16 0 -4 -20 1 0 0 0 -1 0 0 0 -1 fxstud4.dat
1 16 20 -4 -20 1 0 0 0 -1 0 0 0 -1 fxstud4.dat
1 16 40 -4 -20 1 0 0 0 -1 0 0 0 -1 fxstud4.dat
1 16 -20 -4 -20 1 0 0 0 -1 0 0 0 -1 fxstud4.dat
1 16 -40 -4 -20 1 0 0 0 -1 0 0 0 -1 fxstud4.dat
0 BFC INVERTNEXT
1 16 0 -14 0 16.5 0 0 0 6 0 0 0 14.5 box5.dat
0 BFC INVERTNEXT
1 16 33.4 -14 0 0 0 -14.9 0 6 0 14.5 0 0 box4-1.dat
0 BFC INVERTNEXT
1 16 -33.4 -14 0 0 0 14.9 0 6 0 14.5 0 0 box4-1.dat
0 BFC INVERTNEXT
1 16 0 -14 26.15 16.5 0 0 0 6 0 0 0 -9.65 box4-1.dat
0 BFC INVERTNEXT
1 16 0 -14 -26.15 16.5 0 0 0 6 0 0 0 9.65 box4-1.dat

1 16 -50.6105 -20 0 -.6625 0 0 0 1 0 0 0 -3 rect1.dat
1 16 -60 -24 0 0 1 0 0 0 24 40 0 0 rect2p.dat
1 16 -51.3125 -14 0 -.0395 0 0 6 1 0 0 0 -3 rect1.dat
1 16 -53.9885 -8 0 -2.6365 0 0 0 1 0 0 0 -3 rect1.dat
1 16 53.9885 -8 0 0 0 2.6365 0 1 0 -3 0 0 rect2p.dat
1 16 51.3125 -14 0 -.0395 0 0 -6 1 0 0 0 -3 rect1.dat

3 16 -48.15 -8 14.5 -48.18855 -14 14.5 -48.227 -20 11
3 16 -49.948 -20 3 -48.227 -20 11 -49.948 -20 5
3 16 -49.948 -20 -3 -48.227 -20 11 -49.948 -20 3
3 16 49.948 -20 5 48.227 -20 11 49.948 -20 3
3 16 49.948 -20 3 48.227 -20 11 49.948 -20 -3
4 16 16.5 -14 -35.8 16.5 -8 -35.8 -16.5 -8 -35.8 -16.5 -14 -35.8
4 16 16.5 -14 -35.8 -16.5 -14 -35.8 -22.775 -39 -35.8 22.775 -39 -35.8
4 16 22.775 -39 -35.8 -22.775 -39 -35.8 -56.625 -48 -35.8 56.625 -48 -35.8
4 16 -48.227 -20 -11 -48.15 -8 -14.5 -48.15 -8 14.5 -48.227 -20 11
4 16 -56.625 -48 3.0059 -60 -48 40 -60 -48 -40 -56.625 -48 -3.0059
4 16 60 -48 40 56.625 -48 3 56.625 -48 -3 60 -48 -40
4 16 -1.75 -48 -39 1.75 -48 -39 56.625 -48 -35.8 -56.625 -48 -35.8
4 16 -1.75 -48 39 -56.625 -48 35.8 56.625 -48 35.8 1.75 -48 39
4 16 -16.5 -14 -14.5 -16.5 -14 14.5 -18.5 -14 14.5 -18.5 -14 -14.5
4 16 16.5 -14 16.5 -16.5 -14 16.5 -16.5 -14 14.5 16.5 -14 14.5
4 16 -16.5 -14 -14.5 -16.5 -14 -16.5 16.5 -14 -16.5 16.5 -14 -14.5
4 16 18.5 -14 14.5 16.5 -14 14.5 16.5 -14 -14.5 18.5 -14 -14.5
4 16 -49.948 -20 -3 -49.948 -20 -5 -48.227 -20 -11 -48.227 -20 11
4 16 -18.5 -8 35.8 -22.75 -8 35.8 -22.75 -39 35.8 -18.5 -14 35.8
4 16 -22.75 -39 35.8 22.75 -39 35.8 56.625 -48 35.8 -56.625 -48 35.8
4 16 -56.625 -8 -3 -56.625 -8 3 -56.625 -48 3.0059 -56.625 -48 -3.0059
4 16 -56 0 -36 -60 0 -40 -60 0 40 -56 0 36
4 16 60 0 40 60 0 -40 56 0 -36 56 0 36
4 16 48.227 -20 11 48.227 -20 -11 49.948 -20 -5 49.948 -20 -3
4 16 51.273 -20 -3 51.273 -20 3 49.948 -20 3 49.948 -20 -3
4 16 48.227 -20 11 48.15 -8 14.5 48.15 -8 -14.5 48.227 -20 -11
4 16 -16.5 -14 35.8 16.5 -14 35.8 22.75 -39 35.8 -22.75 -39 35.8
4 16 -16.5 -14 35.8 -16.5 -8 35.8 16.5 -8 35.8 16.5 -14 35.8
4 16 56.625 -8 3 56.625 -22 1.5 56.625 -25 1.5 56.625 -48 3
4 16 56.625 -22 -1.5 56.625 -22 1.5 56.625 -8 3 56.625 -8 -3
4 16 56.625 -25 -1.5 56.625 -22 -1.5 56.625 -8 -3 56.625 -48 -3
4 16 56.625 -25 1.5 56.625 -25 -1.5 56.625 -48 -3 56.625 -48 3
4 16 56 0 -36 1.75 0 -39 -1.75 0 -39 -56 0 -36
4 16 56 0 36 -56 0 36 -1.75 0 39 1.75 0 39

2 24 48.227 -20 11 48.227 -20 -11
2 24 56.625 -48 3 56.625 -48 -3
2 24 -56.625 -48 -3.0059 -56.625 -48 3.0059
2 24 60 -48 -40 60 -48 40
2 24 -56.625 -48 -35.8 56.625 -48 -35.8
2 24 -48.227 -20 11 -48.227 -20 -11
2 24 -56.625 -48 35.8 56.625 -48 35.8
2 24 60 0 -40 60 0 40
2 24 -48.227 -20 11 -48.15 -8 14.5
2 24 -60 0 40 -60 -48 40
