0 | Fx Bricks FxTrack  9V Compensation Rail Straight  3.2 - Plastic Substructure
0 Name: t1128.dat
0 Author: Ulrich Röder [UR]
0 !LDRAW_ORG Unofficial_Part 
0 !LICENSE Redistributable under CCAL version 2.0 : see CAreadme.txt

0 BFC CERTIFY CCW

0 !CATEGORY Train
0 !KEYWORDS Track System, Third Party


0 // Created with the express permission and behalf of Fx Bricks (Canada)
0 // Based on the original production files by Michael Gale.

1 16 0 0 -22 1 0 0 0 1 0 0 0 1 s\t1128s04.dat
1 16 0 0 22 -1 0 0 0 1 0 0 0 -1 s\t1128s04.dat
1 16 0 0 -22 1 0 0 0 1 0 0 0 1 s\t1134s01.dat
1 16 0 0 22 1 0 0 0 1 0 0 0 1 s\t1134s01.dat
1 16 50 0 0 1 0 0 0 1 0 0 0 1 s\t1128s05.dat
1 16 -50 0 0 -1 0 0 0 1 0 0 0 -1 s\t1128s05.dat
1 16 50 0 -13.375 1 0 0 0 1 0 0 0 5.875 s\t1128s06.dat
1 16 -50 0 -13.375 1 0 0 0 1 0 0 0 5.875 s\t1128s06.dat
1 16 50 0 13.375 1 0 0 0 1 0 0 0 5.875 s\t1128s06.dat
1 16 -50 0 13.375 1 0 0 0 1 0 0 0 5.875 s\t1128s06.dat
1 16 -40 -4 0 0 -1 0 0 0 4 -12 0 0 rect2p.dat
1 16 -60 -4 0 0 1 0 0 0 4 12 0 0 rect2p.dat
1 16 60 -4 0 0 -1 0 0 0 4 -12 0 0 rect2p.dat
1 16 40 -4 0 0 1 0 0 0 4 12 0 0 rect2p.dat
1 16 -44.075 -5 0 0 0 .825 0 -1 0 12 0 0 rect.dat
1 16 -55.925 -5 0 0 0 .825 0 -1 0 12 0 0 rect.dat
1 16 -41.5 0 0 -1.5 0 0 0 -1 0 0 0 12 rect1.dat
1 16 -58.5 0 0 1.5 0 0 0 -1 0 0 0 -12 rect1.dat
1 16 -43.125 -2.5 0 -.125 0 0 -2.5 -1 0 0 0 12 rect2p.dat
1 16 -56.875 -2.5 0 .125 0 0 -2.5 -1 0 0 0 -12 rect2p.dat
1 16 -44.95 -6 0 0 0 -.05 0 -1 -1 -12 0 0 rect3.dat
1 16 -55.05 -6 0 0 0 .05 0 -1 -1 12 0 0 rect3.dat
3 16 -50 -8.5 -12 -45 -7 -12 -44.9 -5 -12
3 16 -44.9 -5 -12 -43.25 -5 -12 -43 0 -12
3 16 -56.75 -5 -12 -55.1 -5 -12 -57 0 -12
3 16 -45 -7 12 -50 -8.5 12 -44.9 -5 12
4 16 -55.1 -5 -12 -55 -7 -12 -50 -8.5 -12 -44.9 -5 -12
4 16 -44.9 -5 -12 -43 0 -12 -57 0 -12 -55.1 -5 -12
4 16 -44.9 -5 12 -50 -8.5 12 -55 -7 12 -55.1 -5 12
4 16 -50 -8.5 -7.5 -46.6875 -7.5062 -7.5 -45 -7 -12 -50 -8.5 -12
4 16 -45 -7 12 -46.6875 -7.5062 7.5 -50 -8.5 7.5 -50 -8.5 12
4 16 -45 -7 12 -45 -7 -12 -46.6875 -7.5062 -7.5 -46.6875 -7.5062 7.5
4 16 -50 -8.5 -7.5 -50 -8.5 -12 -55 -7 -12 -53.3125 -7.5062 -7.5
4 16 -55 -7 12 -50 -8.5 12 -50 -8.5 7.5 -53.3125 -7.5062 7.5
4 16 -55 -7 -12 -55 -7 12 -53.3125 -7.5062 7.5 -53.3125 -7.5062 -7.5

1 16 44.075 -5 0 0 0 .825 0 -1 0 12 0 0 rect.dat
1 16 55.925 -5 0 0 0 -.825 0 -1 0 -12 0 0 rect.dat
1 16 58.5 0 0 -1.5 0 0 0 -1 0 0 0 12 rect1.dat
1 16 41.5 0 0 1.5 0 0 0 -1 0 0 0 -12 rect1.dat
1 16 43.125 -2.5 0 -.125 0 0 2.5 -1 0 0 0 12 rect2p.dat
1 16 56.875 -2.5 0 -.125 0 0 -2.5 -1 0 0 0 12 rect2p.dat
1 16 44.95 -6 0 0 0 .05 0 -1 -1 12 0 0 rect3.dat
1 16 55.05 -6 0 0 0 -.05 0 -1 -1 -12 0 0 rect3.dat
3 16 44.9 -5 12 43.25 -5 12 43 0 12
3 16 50 -8.5 12 45 -7 12 44.9 -5 12
3 16 56.75 -5 12 55.1 -5 12 57 0 12
3 16 50 -8.5 -12 55 -7 -12 55.1 -5 -12
4 16 44.9 -5 12 43 0 12 57 0 12 55.1 -5 12
4 16 44.9 -5 12 55.1 -5 12 55 -7 12 50 -8.5 12
4 16 55.1 -5 -12 44.9 -5 -12 45 -7 -12 50 -8.5 -12
4 16 50 -8.5 -7.5 50 -8.5 -12 45 -7 -12 46.6875 -7.5062 -7.5
4 16 45 -7 12 50 -8.5 12 50 -8.5 7.5 46.6875 -7.5062 7.5
4 16 45 -7 -12 45 -7 12 46.6875 -7.5062 7.5 46.6875 -7.5062 -7.5
4 16 50 -8.5 -7.5 53.3125 -7.5062 -7.5 55 -7 -12 50 -8.5 -12
4 16 55 -7 12 53.3125 -7.5062 7.5 50 -8.5 7.5 50 -8.5 12
4 16 55 -7 12 55 -7 -12 53.3125 -7.5062 -7.5 53.3125 -7.5062 7.5

4 16 -60 -8 -12 -57.5 -8 -7.5 -57.5 -8 7.5 -60 -8 12
4 16 -42.5 -8 7.5 -42.5 -8 -7.5 -40 -8 -12 -40 -8 12
4 16 57.5 -8 7.5 57.5 -8 -7.5 60 -8 -12 60 -8 12
4 16 40 -8 -12 42.5 -8 -7.5 42.5 -8 7.5 40 -8 12
3 16 42.5 -8 12 40 -8 12 42.5 -8 7.5
3 16 40 -8 -12 42.5 -8 -12 42.5 -8 -7.5
3 16 60 -8 12 57.5 -8 12 57.5 -8 7.5
3 16 57.5 -8 -12 60 -8 -12 57.5 -8 -7.5
3 16 -57.5 -8 12 -60 -8 12 -57.5 -8 7.5
3 16 -60 -8 -12 -57.5 -8 -12 -57.5 -8 -7.5
3 16 -40 -8 12 -42.5 -8 12 -42.5 -8 7.5
3 16 -43 0 12 -43.25 -5 12 -44.9 -5 12
3 16 -55.1 -5 12 -56.75 -5 12 -57 0 12
4 16 -43 0 12 -44.9 -5 12 -55.1 -5 12 -57 0 12
4 16 43 0 -12 44.9 -5 -12 55.1 -5 -12 57 0 -12
3 16 43.25 -5 -12 44.9 -5 -12 43 0 -12
3 16 55.1 -5 -12 56.75 -5 -12 57 0 -12
3 16 -42.5 -8 -12 -40 -8 -12 -42.5 -8 -7.5

2 24 50 -8.5 12 45 -7 12
2 24 -50 -8.5 12 -55 -7 12
2 24 50 -8.5 -12 45 -7 -12
2 24 -45 -7 12 -50 -8.5 12
2 24 -50 -8.5 -12 -45 -7 -12
2 24 50 -8.5 -12 55 -7 -12
2 24 55 -7 12 50 -8.5 12
2 24 50 -8.5 -12 50 -8.5 -7.5
2 24 50 -8.5 12 50 -8.5 7.5
2 24 -50 -8.5 -7.5 -50 -8.5 -12
2 24 -50 -8.5 12 -50 -8.5 7.5
2 24 -50 -8.5 -12 -55 -7 -12
2 24 43 0 12 57 0 12
2 24 43 0 -12 57 0 -12
2 24 -57 0 12 -43 0 12
2 24 -57 0 -12 -43 0 -12
