0 | Fx Bricks FxTrack  9V Compensation Straight  1.6 - Metal Rail
0 Name: t1125.dat
0 Author: Ulrich Röder [UR]
0 !LDRAW_ORG Unofficial_Part 
0 !LICENSE Redistributable under CCAL version 2.0 : see CAreadme.txt

0 BFC CERTIFY CCW

0 !CATEGORY Train
0 !KEYWORDS Track System, Third Party


0 // Created with the express permission and behalf of Fx Bricks (Canada)
0 // Based on the original production files by Michael Gale.

1 16 -1.6 0 -3.2 1 0 0 0 1 0 0 0 1 s\t1131s01.dat
1 16 1.6 0 3.2 -1 0 0 0 1 0 0 0 -1 s\t1131s01.dat
1 16 -2.6 -23.35 -3.2 0 0 -.4 -.4 0 0 0 6.4 0 1-4cyli.dat
1 16 -2.6 -23.35 3.2 0 0 -.4 -.4 0 0 0 -1 0 1-4chrd.dat
1 16 2.6 -23.35 -3.2 0 0 .4 -.4 0 0 0 6.4 0 1-4cyli.dat
1 16 2.6 -23.35 -3.2 0 0 .4 -.4 0 0 0 1 0 1-4chrd.dat
1 16 -2.6 -23.35 3.2 0 0 -.4 -.4 0 0 0 -1 0 1-4edge.dat
1 16 2.6 -23.35 -3.2 0 0 .4 -.4 0 0 0 1 0 1-4edge.dat
1 16 -2.557 -23.3205 0 -.054 0 0 .0545 -1 0 0 0 3.2 rect3.dat
1 16 2.557 -23.3205 0 .054 0 0 .0545 -1 0 0 0 -3.2 rect3.dat
1 16 0 -23.75 0 -1.4 0 1.2 0 1 0 0 0 -3.2 rect2p.dat
1 16 -1.4375 -8.05 0 0 0 -1.1875 0 1 .35 3.2 0 0 rect.dat
1 16 -1.625 -7.65 0 1.375 0 0 -.4 -1 0 0 0 -3.2 rect.dat
1 16 1.4375 -8.05 0 0 0 -1.1875 0 1 -.35 3.2 0 0 rect.dat
1 16 1.625 -7.65 0 1.375 0 0 .4 -1 0 0 0 -3.2 rect.dat
1 16 -.25 -8.225 0 0 -1 0 .175 0 0 0 0 3.2 rect2p.dat
1 16 .25 -8.225 0 0 1 0 .175 0 0 0 0 -3.2 rect2p.dat
1 16 0 -23.375 0 1.3515 0 1.1515 0 -1 0 0 0 -3.2 rect2p.dat

3 16 -2.503 -23.375 -3.2 -2.503 -23.375 3.2 -.2 -23.375 -3.2
3 16 2.503 -23.375 3.2 2.503 -23.375 -3.2 .2 -23.375 3.2
3 16 2.611 -23.266 -3.2 2.611 -23.266 3.2 2.625 -19.5 3.2
3 16 -.2 -23.75 -3.2 -2.6 -23.75 3.2 -2.6 -23.75 -3.2
3 16 -2.625 -19.5 -3.2 -2.611 -23.266 3.2 -2.611 -23.266 -3.2
3 16 2.6 -23.75 3.2 .2 -23.75 3.2 2.6 -23.75 -3.2
3 16 3 -23.35 3.2 3 -23.35 -3.2 3 -19.5 3.2
3 16 -3 -23.35 -3.2 -3 -23.35 3.2 -3 -19.5 -3.2
4 16 .2 -23.375 3.2 -2.503 -23.375 3.2 -2.6 -23.75 3.2 .2 -23.75 3.2
4 16 -2.625 -7.7 3.2 -3 -7.25 3.2 -3 -23.35 3.2 -2.611 -23.266 3.2
4 16 2.625 -7.7 3.2 2.625 -7.7 -3.2 2.611 -23.266 -3.2 2.625 -19.5 3.2
4 16 3 -23.35 -3.2 3 -7.25 -3.2 3 -7.25 3.2 3 -19.5 3.2
4 16 3 -23.35 -3.2 2.611 -23.266 -3.2 2.625 -7.7 -3.2 3 -7.25 -3.2
4 16 -2.503 -23.375 3.2 -2.611 -23.266 3.2 -3 -23.35 3.2 -2.6 -23.75 3.2
4 16 3 -19.5 3.2 3 -7.25 3.2 2.625 -7.7 3.2 2.625 -19.5 3.2
4 16 -2.611 -23.266 3.2 -2.625 -19.5 -3.2 -2.625 -7.7 -3.2 -2.625 -7.7 3.2
4 16 -3 -23.35 3.2 -3 -7.25 3.2 -3 -7.25 -3.2 -3 -19.5 -3.2
4 16 -2.625 -19.5 -3.2 -3 -19.5 -3.2 -3 -7.25 -3.2 -2.625 -7.7 -3.2
4 16 2.611 -23.266 -3.2 3 -23.35 -3.2 2.6 -23.75 -3.2 2.503 -23.375 -3.2
4 16 -.2 -23.375 -3.2 2.503 -23.375 -3.2 2.6 -23.75 -3.2 -.2 -23.75 -3.2
4 16 -.25 -8.4 -3.2 -2.625 -7.7 -3.2 -3 -7.25 -3.2 -.25 -8.05 -3.2
4 16 3 -7.25 -3.2 2.625 -7.7 -3.2 .25 -8.4 -3.2 .25 -8.05 -3.2
4 16 -2.625 -7.7 3.2 -.25 -8.4 3.2 -.25 -8.05 3.2 -3 -7.25 3.2
4 16 3 -7.25 3.2 .25 -8.05 3.2 .25 -8.4 3.2 2.625 -7.7 3.2

2 24 -2.625 -19.5 -3.2 -3 -19.5 -3.2
2 24 -3 -19.5 -3.2 -3 -7.25 -3.2
2 24 2.625 -7.7 -3.2 2.611 -23.266 -3.2
2 24 2.625 -19.5 3.2 3 -19.5 3.2
2 24 -2.611 -23.266 3.2 -2.625 -7.7 3.2
2 24 3 -7.25 3.2 3 -19.5 3.2
2 24 3 -23.35 -3.2 3 -7.25 -3.2
2 24 2.625 -19.5 3.2 2.625 -7.7 3.2
2 24 -2.625 -7.7 -3.2 -2.625 -19.5 -3.2
2 24 -3 -7.25 3.2 -3 -23.35 3.2

5 24 -2.625 -19.5 -3.2 -2.611 -23.266 3.2 -2.625 -7.7 -3.2 -2.611 -23.266 -3.2
5 24 2.625 -19.5 3.2 2.611 -23.266 -3.2 2.625 -7.7 3.2 2.611 -23.266 3.2
