0 | Fx Bricks XL Speaker V2  4 x  6 x  2.4 - Cone
0 Name: t1121.dat
0 Author: Ulrich Röder [UR]
0 !LDRAW_ORG Unofficial_Part 
0 !LICENSE Redistributable under CCAL version 2.0 : see CAreadme.txt

0 BFC CERTIFY CCW

0 !CATEGORY Electric
0 !KEYWORDS PFxBrick, Third Party, Sound


0 // Created with the express permission and behalf of Fx Bricks (Canada)
0 // Based on the original production files by Michael Gale.

1 132 0 -43.8 0 8.25 0 0 0 -0.4 0 0 0 8.25 48\4-4con0.dat
1 256 0 -42.4 0 18.75 0 0 0 -7 0 0 0 18.75 48\t01i1200.dat

1 10321 0 0 0 1 0 0 0 1 0 0 0 1 s\t1121s02.dat
1 324 0 0 0 1 0 0 0 1 0 0 0 -1 s\t1121s02.dat

1 494 -28.46 0 -26.4 0.83 0 -0.55 0 1 0 0.55 0 0.83 s\t1121s03.dat
1 494 -28.46 0 26.4 0.83 0 -0.55 0 1 0 -0.55 0 -0.83 s\t1121s03.dat

1 16 0 0 0 1 0 0 0 1 0 0 0 1 s\t1121s01.dat
1 16 0 0 0 -1 0 0 0 1 0 0 0 1 s\t1121s01.dat
1 16 0 0 0 1 0 0 0 1 0 0 0 -1 s\t1121s01.dat
1 16 0 0 0 -1 0 0 0 1 0 0 0 -1 s\t1121s01.dat

1 16 0 -43.24 0 18.75 0 0 0 1 0 0 0 18.75 48\4-4edge.dat
1 16 0 -43.2 0 18.7 0 0 0 1 0 0 0 18.7 48\4-4edge.dat
1 0 0 -42.4 0 4.125 0 0 0 -0.7 0 0 0 4.125 48\4-4con3.dat
1 0 0 -43.1 0 4.125 0 0 0 -0.7 0 0 0 4.125 48\4-4con2.dat
1 256 0 -43 0 1.1 0 0 0 0.6 0 0 0 1.1 48\4-4con15.dat
1 256 0 -43.2 0 1.1 0 0 0 0.2 0 0 0 1.1 48\4-4con16.dat
1 256 0 -43.24 0 0.05 0 0 0 0.04 0 0 0 0.05 48\4-4con374.dat

1 16 0 -42.75 35.625 -48.75 0 0 0 0 -3.75 0 -1 0 rect2p.dat
1 16 50 -42.75 0 0 -1 0 0 0 3.75 -34.375 0 0 rect2p.dat
1 16 0 -42.75 -35.625 -48.75 0 0 0 0 -3.75 0 1 0 rect2p.dat
1 16 -50 -42.75 0 0 1 0 0 0 3.75 -34.375 0 0 rect2p.dat

1 16 -41.5 -25.563 2.094 1.25 0 0 0 0 1.25 0 1.25 0 1-4cyls.dat
1 16 -41.5 -25.563 -2.094 1.25 0 0 0 0 1.25 0 -1.25 0 1-4cyls.dat
1 16 -41.5 -25.563 -2.094 1.25 0 0 0 0 1.25 0 4.188 0 1-4cyli.dat
1 16 -36.062 -25.563 3.344 0 1.25 0 0 0 1.25 -1.25 0 0 1-4cyls.dat
1 16 -40.25 -25.563 3.344 0 -1.25 0 0 0 1.25 -1.25 0 0 1-4cyls.dat
1 16 -40.25 -25.563 3.344 0 4.188 0 0 0 1.25 -1.25 0 0 1-4cyli.dat
1 16 -34.812 -25.563 2.094 -1.25 0 0 0 0 1.25 0 1.25 0 1-4cyls.dat
1 16 -34.812 -25.563 -2.094 -1.25 0 0 0 0 1.25 0 -1.25 0 1-4cyls.dat
1 16 -34.812 -25.563 -2.094 -1.25 0 0 0 0 1.25 0 4.188 0 1-4cyli.dat
1 16 -36.062 -25.563 -3.344 0 1.25 0 0 0 1.25 1.25 0 0 1-4cyls.dat
1 16 -40.25 -25.563 -3.344 0 -1.25 0 0 0 1.25 1.25 0 0 1-4cyls.dat
1 16 -40.25 -25.563 -3.344 0 4.188 0 0 0 1.25 1.25 0 0 1-4cyli.dat

1 16 -34.813 -27.75 2.094 -1.25 0 0 0 0 -1.25 0 1.25 0 1-4cyls.dat
1 16 -34.813 -27.75 -2.094 -1.25 0 0 0 0 -1.25 0 -1.25 0 1-4cyls.dat
1 16 -34.813 -27.75 -2.094 -1.25 0 0 0 0 -1.25 0 4.188 0 1-4cyli.dat
1 16 -40.251 -27.75 3.344 0 -1.25 0 0 0 -1.25 -1.25 0 0 1-4cyls.dat
1 16 -36.063 -27.75 3.344 0 1.25 0 0 0 -1.25 -1.25 0 0 1-4cyls.dat
1 16 -36.063 -27.75 3.344 0 -4.188 0 0 0 -1.25 -1.25 0 0 1-4cyli.dat
1 16 -41.501 -27.75 2.094 1.25 0 0 0 0 -1.25 0 1.25 0 1-4cyls.dat
1 16 -41.501 -27.75 -2.094 1.25 0 0 0 0 -1.25 0 -1.25 0 1-4cyls.dat
1 16 -41.501 -27.75 -2.094 1.25 0 0 0 0 -1.25 0 4.188 0 1-4cyli.dat
1 16 -40.251 -27.75 -3.344 0 -1.25 0 0 0 -1.25 1.25 0 0 1-4cyls.dat
1 16 -36.063 -27.75 -3.344 0 1.25 0 0 0 -1.25 1.25 0 0 1-4cyls.dat
1 16 -36.063 -27.75 -3.344 0 -4.188 0 0 0 -1.25 1.25 0 0 1-4cyli.dat

1 16 0 -41.373 0 1 0 0 0 7.373 0 0 0 1 48\4-4con16.dat
1 16 0 -34 0 8 0 0 0 1 0 0 0 8 48\4-4ring2.dat
1 16 0 -34 0 6 0 0 0 1 0 0 0 6 48\4-4ring4.dat
1 16 0 -34 0 1.5 0 0 0 1 0 0 0 1.5 48\4-4rin20.dat
1 16 0 -31.5 0 0.5 0 0 0 -2.5 0 0 0 0.5 48\4-4con63.dat
1 16 0 -29 0 0.5 0 0 0 -2.5 0 0 0 0.5 48\4-4con64.dat
0 BFC INVERTNEXT
1 16 0 -29 0 0 0 -32.75 0 -10 0 32.75 0 0 48\5-48cyli.dat
0 BFC INVERTNEXT
1 16 0 -29 0 0 0 32.75 0 -4.625 0 32.75 0 0 48\5-24cyli.dat
0 BFC INVERTNEXT
1 16 0 -33.625 0 0 0 32.75 0 -5.375 0 32.75 0 0 48\1-24cyli.dat
0 BFC INVERTNEXT
1 16 0 -29 0 0 0 -32.75 0 -10 0 -32.75 0 0 48\5-48cyli.dat
0 BFC INVERTNEXT
1 16 0 -29 0 0 0 32.75 0 -4.625 0 -32.75 0 0 48\5-24cyli.dat
0 BFC INVERTNEXT
1 16 0 -33.625 0 0 0 32.75 0 -5.375 0 -32.75 0 0 48\1-24cyli.dat
1 16 0 -29 0 -23.157747 0 -23.157747 0 2.5 0 23.157747 0 -23.157747 48\1-12cyli.dat
1 16 0 -29 0 -31.634071 0 8.476324 0 2.5 0 -8.476324 0 -31.634071 48\1-12cyli.dat
1 16 0 -29 0 0.25 0 0 0 1 0 0 0 0.25 48\4-4ring130.dat
1 16 46.75 -32.375 6.25 1.25 0 0 0 0 1.25 0 -12.5 0 1-4cylo.dat
1 16 46.75 -32.375 6.25 1.25 0 0 0 0 1.25 0 -1 0 1-4chrd.dat
1 16 46.75 -32.375 -6.25 1.25 0 0 0 0 1.25 0 1 0 1-4chrd.dat
0 BFC INVERTNEXT
1 16 44.875 -34.25 6.25 0.625 0 0 0 0 0.625 0 -12.5 0 1-4cylo.dat
1 16 44.875 -34.25 6.25 0.625 0 0 0 0 0.625 0 -1 0 1-4ndis.dat
1 16 44.875 -34.25 -6.25 0.625 0 0 0 0 0.625 0 1 0 1-4ndis.dat
0 BFC INVERTNEXT
1 16 0 -25.875 0 22.884615 0 0 0 -25 0 0 0 22.884615 48\t01i0250.dat
1 16 0 -22.75 0 0 0 35.625 0 -10.875 0 -35.625 0 0 48\5-24cyli.dat
1 16 0 -33.625 0 0 0 35.625 0 -5.375 0 -35.625 0 0 48\1-24cyli.dat
1 16 0 -22.75 0 0 0 35.625 0 -1 0 -35.625 0 0 48\5-24edge.dat
1 16 0 -33.625 0 13.633097 0 32.913208 0 -1 0 -32.913208 0 13.633097 48\7-48edge.dat
1 16 0 -39 0 0 0 35.625 0 -1 0 -35.625 0 0 48\1-24edge.dat
1 16 0 -22.75 0 0 0 35.625 0 -1 0 35.625 0 0 48\5-24edge.dat
1 16 0 -33.625 0 13.633097 0 32.913208 0 -1 0 32.913208 0 -13.633097 48\7-48edge.dat
1 16 0 -39 0 0 0 35.625 0 -1 0 35.625 0 0 48\1-24edge.dat
1 16 0 -33.625 0 0 0 35.625 0 -5.375 0 35.625 0 0 48\1-24cyli.dat
1 16 0 -22.75 0 0 0 -35.625 0 -16.25 0 -35.625 0 0 48\1-12cylo.dat
0 BFC INVERTNEXT
1 16 0 -22.75 0 0 0 32.75 0 -3.438 0 -32.75 0 0 48\5-24cylo.dat
0 BFC INVERTNEXT
1 16 0 -22.75 0 0 0 -32.75 0 -3.438 0 -32.75 0 0 48\5-48cylo.dat
1 16 0 -19.5 0 21.25 0 0 0 21.25 0 0 0 21.25 48\t01o0500.dat
1 16 0 -19.5 0 22.3125 0 0 0 -6.375 0 0 0 22.3125 48\4-4cyli.dat
1 16 0 -18.438 0 21.25 0 0 0 -1 0 0 0 21.25 48\4-4disc.dat
1 16 0 -22.75 0 0 0 35.625 0 -10.875 0 35.625 0 0 48\5-24cyli.dat
1 16 0 -22.75 0 0 0 -35.625 0 -16.25 0 35.625 0 0 48\1-12cylo.dat
0 BFC INVERTNEXT
1 16 0 -22.75 0 0 0 32.75 0 -3.438 0 32.75 0 0 48\5-24cylo.dat
0 BFC INVERTNEXT
1 16 0 -22.75 0 0 0 -32.75 0 -3.438 0 32.75 0 0 48\5-48cylo.dat

3 16 12.188 -39 30.419 12.166 -39 33.411 15.102 -39 29.971
3 16 18.542 -39 29.315 15.102 -39 29.971 12.166 -39 33.411
3 16 12.166 -39 -33.411 12.188 -39 -30.419 15.102 -39 -29.971
3 16 12.166 -39 -33.411 15.102 -39 -29.971 18.542 -39 -29.315
3 16 46.75 -31.125 -6.25 35.073 -31.125 -6.25 35.272 -31.125 -5
3 16 46.75 -31.125 -6.25 35.537 -31.125 -2.5 35.615 -31.125 -0.834
3 16 46.75 -31.125 -6.25 35.272 -31.125 -5 35.537 -31.125 -2.5
3 16 46.75 -31.125 6.25 35.615 -31.125 0.834 35.537 -31.125 2.5
3 16 46.75 -31.125 6.25 35.272 -31.125 5 35.073 -31.125 6.25
3 16 46.75 -31.125 6.25 35.537 -31.125 2.5 35.272 -31.125 5
4 16 48 -32.375 -6.25 45.5 -34.25 -6.25 45.5 -33.625 -6.25 46.75 -31.125 -6.25
3 16 44.875 -33.625 -6.25 46.75 -31.125 -6.25 45.5 -33.625 -6.25
3 16 45.5 -39 0 45.5 -39 6.25 45.5 -34.25 6.25
3 16 -41.5 -29 -3.344 -44.958 -29 -5.875 -32.153 -29 -5.862
3 16 -44.373 -24.313 -6.532 -44.289 -24.313 -6.58 -43.419 -24.313 -11.04
3 16 -44.289 -24.313 -6.58 -44.216 -24.313 -6.603 -43.419 -24.313 -11.04
3 16 -44.216 -24.313 -6.603 -44.166 -24.313 -6.607 -43.419 -24.313 -11.04
3 16 -44.166 -24.313 -6.607 -44.12 -24.313 -6.599 -43.419 -24.313 -11.04
3 16 -44.12 -24.313 -6.599 -44.074 -24.313 -6.58 -43.419 -24.313 -11.04
3 16 -42.538 -24.313 -3.594 -41.5 -24.313 -3.344 -43.821 -24.313 -6.203
3 16 -42.378 -24.313 -3.008 -41.5 -24.313 -3.344 -42.538 -24.313 -3.594
3 16 -42.378 -24.313 -3.008 -42.275 -24.313 -2.075 -41.5 -24.313 -3.344
3 16 -42.887 -24.313 3.671 -41.5 -24.313 3.344 -42.294 -24.313 -0.912
3 16 -34.812 -24.313 -3.344 -32.38 -24.313 -4.909 -38.033 -24.313 -6.655
3 16 -43.936 -24.313 6.151 -43.419 -24.313 11.04 -43.817 -24.313 6.156
3 16 -44.093 -24.313 6.124 -43.419 -24.313 11.04 -43.936 -24.313 6.151
3 16 -44.449 -24.313 6.026 -43.419 -24.313 11.04 -44.093 -24.313 6.124
3 16 -43.546 -24.313 6.049 -41.102 -24.313 8.313 -43.468 -24.313 5.959
3 16 -43.621 -24.313 6.104 -41.102 -24.313 8.313 -43.546 -24.313 6.049
3 16 -43.705 -24.313 6.139 -41.102 -24.313 8.313 -43.621 -24.313 6.104
3 16 -43.419 -24.313 11.04 -41.102 -24.313 9.165 -41.102 -24.313 8.313
3 16 -41.102 -24.313 8.313 -38.521 -24.313 8.313 -38.521 -24.313 5.732
3 16 -41.102 -24.313 9.165 -38.521 -24.313 11.747 -38.521 -24.313 9.165
3 16 -41.983 -24.313 15.418 -31.279 -24.313 9.707 -37.699 -24.313 11.747
4 16 -31.279 -24.313 9.707 -32.38 -24.313 4.909 -35.118 -24.313 8.313 -35.118 -24.313 9.165
3 16 -21.036 -26.5 -25.101 -23.157 -26.5 -23.158 -21.021 -26.5 -24.884
3 16 -21.021 -26.5 -24.884 -23.157 -26.5 -23.158 -20.957 -26.5 -24.675
3 16 -20.957 -26.5 -24.675 -23.157 -26.5 -23.158 -20.807 -26.5 -24.418
3 16 -20.807 -26.5 -24.418 -23.157 -26.5 -23.158 -20.542 -26.5 -24.137
3 16 -20.542 -26.5 -24.137 -23.157 -26.5 -23.158 -20.065 -26.5 -23.82
3 16 -20.065 -26.5 -23.82 -23.157 -26.5 -23.158 -19.237 -26.5 -23.508
3 16 -18.038 -26.5 -23.351 -19.237 -26.5 -23.508 -16.182 -26.5 -16.182
3 16 -15.059 -26.5 -24.012 -16.603 -26.5 -23.491 -13.932 -26.5 -18.157
4 16 -8.758 -26.5 -21.143 -12.95 -26.5 -25.384 -13.971 -26.5 -24.622 -11.442 -26.5 -19.818
4 16 -2.986 -26.5 -22.688 -9.179 -26.5 -28.858 -10.111 -26.5 -28.116 -5.923 -26.5 -22.104
3 16 0 -26.5 -22.885 2.986 -26.5 -22.688 4.362 -26.5 -27.637
4 16 -21.143 -26.5 8.758 -31.633 -26.5 8.476 -30.256 -26.5 12.532 -19.818 -26.5 11.442
3 16 -23.158 -26.5 23.158 -21.036 -26.5 25.101 -20.244 -26.5 24.661
3 16 -23.158 -26.5 23.158 -20.244 -26.5 24.661 -19.525 -26.5 24.471
3 16 -16.182 -26.5 16.182 -19.525 -26.5 24.471 -18.853 -26.5 24.447

3 16 -21.036 -26.188 -25.101 -20.807 -26.188 -24.418 -20.542 -26.188 -24.137
3 16 -12.533 -26.188 -30.258 -10.111 -26.188 -28.116 -9.179 -26.188 -28.858
3 16 -12.533 -26.188 -30.258 -9.179 -26.188 -28.858 -8.035 -26.188 -29.461
3 16 -4.274 -26.188 -32.468 -5.316 -26.188 -29.811 -3.03 -26.188 -29.45
3 16 4.274 -26.188 -32.468 4.362 -26.188 -27.637 8.476 -26.188 -31.633
3 16 19.938 -26.188 -25.984 15.16 -26.188 -25.402 17.497 -26.188 -24.032
4 16 -8.476 -26.188 31.633 -4.274 -26.188 32.468 -1.232 -26.188 30.408 -6.092 -26.188 29.354
3 16 32.739 -26.188 -0.834 29.362 -26.188 -1.096 32.739 -26.188 0.834
3 16 24.903 -26.188 17.794 23.505 -26.188 19.249 25.984 -26.188 19.938
3 16 26.295 -26.188 15.632 24.903 -26.188 17.794 25.984 -26.188 19.938
3 16 -44.958 -24 5.875 -44.449 -24.313 6.026 -44.317 -24 6.065
3 16 -44.317 -24 6.065 -44.449 -24.313 6.026 -44.093 -24.313 6.124
3 16 -43.936 -24.313 6.151 -43.817 -24.313 6.156 -43.887 -24 6.155
3 16 -44.093 -24.313 6.124 -43.936 -24.313 6.151 -43.887 -24 6.155
3 16 -44.317 -24 6.065 -44.093 -24.313 6.124 -43.887 -24 6.155
3 16 -43.817 -24.313 6.156 -43.705 -24.313 6.139 -43.742 -24 6.148
3 16 -43.887 -24 6.155 -43.817 -24.313 6.156 -43.742 -24 6.148
3 16 -43.705 -24.313 6.139 -43.621 -24.313 6.104 -43.65 -24 6.119
3 16 -43.742 -24 6.148 -43.705 -24.313 6.139 -43.65 -24 6.119
3 16 -43.621 -24.313 6.104 -43.546 -24.313 6.049 -43.575 -24 6.074
3 16 -43.65 -24 6.119 -43.621 -24.313 6.104 -43.575 -24 6.074
3 16 -43.546 -24.313 6.049 -43.468 -24.313 5.959 -43.495 -24 5.995
3 16 -43.575 -24 6.074 -43.546 -24.313 6.049 -43.495 -24 5.995
3 16 -43.468 -24.313 5.959 -43.396 -24.313 5.837 -43.391 -24 5.826
3 16 -43.495 -24 5.995 -43.468 -24.313 5.959 -43.391 -24 5.826
3 16 -43.391 -24 5.826 -43.396 -24.313 5.837 -42.887 -24.313 3.671
3 16 -43.391 -24 5.826 -42.887 -24.313 3.671 -42.785 -24 2.988
3 16 -42.785 -24 2.988 -42.887 -24.313 3.671 -42.294 -24.313 -0.912
3 16 -42.785 -24 2.988 -42.294 -24.313 -0.912 -42.283 -24 -1.098
3 16 -42.283 -24 -1.098 -42.294 -24.313 -0.912 -42.275 -24.313 -2.075
3 16 -42.283 -24 -1.098 -42.275 -24.313 -2.075 -42.301 -24 -2.461
3 16 -42.301 -24 -2.461 -42.275 -24.313 -2.075 -42.378 -24.313 -3.008
3 16 -42.301 -24 -2.461 -42.378 -24.313 -3.008 -42.528 -24 -3.568
3 16 -42.378 -24.313 -3.008 -42.538 -24.313 -3.594 -42.528 -24 -3.568
3 16 -43.798 -24 -6.148 -43.821 -24.313 -6.203 -43.937 -24.313 -6.434
3 16 -43.937 -24.313 -6.434 -44.02 -24.313 -6.538 -43.975 -24 -6.488
3 16 -43.798 -24 -6.148 -43.937 -24.313 -6.434 -43.975 -24 -6.488
3 16 -44.02 -24.313 -6.538 -44.074 -24.313 -6.58 -44.04 -24 -6.556
3 16 -43.975 -24 -6.488 -44.02 -24.313 -6.538 -44.04 -24 -6.556
3 16 -44.074 -24.313 -6.58 -44.12 -24.313 -6.599 -44.09 -24 -6.588
3 16 -44.04 -24 -6.556 -44.074 -24.313 -6.58 -44.09 -24 -6.588
3 16 -44.12 -24.313 -6.599 -44.166 -24.313 -6.607 -44.137 -24 -6.603
3 16 -44.09 -24 -6.588 -44.12 -24.313 -6.599 -44.137 -24 -6.603
3 16 -44.166 -24.313 -6.607 -44.216 -24.313 -6.603 -44.183 -24 -6.607
3 16 -44.137 -24 -6.603 -44.166 -24.313 -6.607 -44.183 -24 -6.607
3 16 -44.373 -26.5 -6.532 -44.622 -26.5 -6.302 -44.373 -24.313 -6.532
3 16 -44.622 -26.5 -6.302 -44.958 -26.5 -5.875 -44.373 -24.313 -6.532
3 16 -44.216 -24.313 -6.603 -44.289 -24.313 -6.58 -44.239 -24 -6.598
3 16 -44.183 -24 -6.607 -44.216 -24.313 -6.603 -44.239 -24 -6.598
3 16 -44.289 -24.313 -6.58 -44.373 -24.313 -6.532 -44.324 -24 -6.562
3 16 -44.239 -24 -6.598 -44.289 -24.313 -6.58 -44.324 -24 -6.562
3 16 -44.324 -24 -6.562 -44.373 -24.313 -6.532 -44.49 -24 -6.437
3 16 -44.373 -24.313 -6.532 -44.958 -26.5 -5.875 -44.958 -24 -5.875
3 16 -44.49 -24 -6.437 -44.373 -24.313 -6.532 -44.958 -24 -5.875
3 16 -44.09 -24 -6.588 -44.239 -24 -6.598 -44.04 -24 -6.556
3 16 -44.324 -24 -6.562 -44.49 -24 -6.437 -43.975 -24 -6.488
3 16 -43.798 -24 -6.148 -44.958 -24 -5.875 -42.528 -24 -3.568
3 16 -42.301 -24 -2.461 -47.125 -24 -5.875 -42.283 -24 -1.098
3 16 -43.419 -26.5 11.04 -44.449 -26.5 6.026 -32.219 -26.5 5.875
3 16 -44.449 -26.5 6.026 -44.958 -26.5 5.875 -32.219 -26.5 5.875
3 16 -32.38 -24.313 4.909 -32.219 -26.5 5.875 -32.691 -26.5 1.968
3 16 -32.691 -26.5 1.968 -32.691 -26.5 -1.968 -32.75 -24.313 0
3 16 -32.38 -24.313 4.909 -32.691 -26.5 1.968 -32.75 -24.313 0
3 16 -32.691 -26.5 -1.968 -32.219 -26.5 -5.875 -32.38 -24.313 -4.909
3 16 -32.75 -24.313 0 -32.691 -26.5 -1.968 -32.38 -24.313 -4.909
3 16 -21.036 -26.5 -25.101 -20.996 -29 -25.055 -23.158 -29 -23.158
3 16 -23.158 -29 -23.158 -23.157 -26.5 -23.158 -21.036 -26.5 -25.101
3 16 -32.219 -26.5 -5.875 -31.633 -26.5 -8.476 -31.634 -29 -8.476
3 16 -31.634 -29 -8.476 -32.153 -29 -5.862 -32.219 -26.5 -5.875
3 16 -32.219 -26.5 5.875 -32.153 -29 5.862 -31.633 -29 8.476
3 16 -31.633 -29 8.476 -31.633 -26.5 8.476 -32.219 -26.5 5.875

4 16 12.181 -33.625 -30.377 8.476 -33.625 -31.633 8.476 -39 -31.633 12.188 -39 -30.419
4 16 12.188 -33.625 30.398 12.166 -33.625 33.411 12.166 -39 33.411 12.188 -39 30.419
4 16 9.22 -33.625 34.41 9.22 -39 34.41 12.166 -39 33.411 12.166 -33.625 33.411
3 16 35.073 -31.125 6.25 35.272 -31.125 5 35.272 -22.75 5
3 16 35.272 -22.75 -5 32.366 -22.75 -5 32.366 -26.188 -5
3 16 32.366 -29 -5 32.75 -31.125 -5 35.272 -31.125 -5
3 16 35.537 -22.75 2.5 32.654 -22.75 2.5 32.654 -26.188 2.5
3 16 32.654 -29 2.5 32.75 -31.125 2.5 35.537 -31.125 2.5
3 16 17.813 -33.625 30.851 17.23 -33.625 27.851 21.689 -33.625 28.265
4 16 34.41 -33.625 9.22 31.633 -33.625 8.476 32.366 -33.625 5 32.75 -33.625 5
3 16 32.75 -33.625 2.5 32.654 -33.625 2.5 32.739 -33.625 0.834
3 16 32.739 -33.625 -0.834 32.654 -33.625 -2.5 32.75 -33.625 -2.5
3 16 32.75 -33.625 -2.5 32.75 -33.625 -5 35.073 -33.625 -6.25
4 16 32.914 -33.625 -13.634 34.41 -33.625 -9.22 35.073 -33.625 -6.25 31.633 -33.625 -8.476
4 16 16.375 -33.625 -28.362 17.813 -33.625 -30.851 21.689 -33.625 -28.265 19.938 -33.625 -25.984
4 16 46.75 -31.125 6.25 44.875 -33.625 6.25 45.5 -33.625 6.25 48 -32.375 6.25
3 16 45.5 -39 6.25 48 -39 6.25 45.5 -34.25 6.25
3 16 -44.958 -26.5 5.875 -44.958 -22.75 8.75 -44.958 -29 5.875
3 16 -44.958 -24 5.875 -44.958 -22.75 8.75 -44.958 -26.5 5.875
3 16 -44.958 -22.75 5.875 -44.958 -22.75 8.75 -44.958 -24 5.875
3 16 -44.958 -39 -8.75 -44.958 -29 -5.875 -44.958 -39 -5.875
3 16 -44.958 -22.75 -8.75 -44.958 -24 -5.875 -44.958 -26.5 -5.875
3 16 -44.958 -22.75 -8.75 -44.958 -22.75 -5.875 -44.958 -24 -5.875
3 16 -16.375 -39 28.362 -12.533 -39 30.258 -15.102 -39 29.971
3 16 -21.036 -26.188 25.101 -21.036 -22.75 28.751 -21.036 -22.75 25.101
3 16 -21.036 -26.188 25.101 -21.036 -26.5 25.101 -21.036 -22.75 28.751
3 16 -21.036 -26.5 25.101 -20.996 -29 25.055 -21.036 -22.75 28.751
3 16 32.326 -29 4.992 35.272 -31.125 5 32.75 -31.125 5
3 16 32.366 -22.75 5 35.272 -22.75 5 32.366 -26.188 5
3 16 -15.102 -39 -29.971 -12.533 -39 -30.258 -16.375 -39 -28.362
3 16 35.073 -31.125 -6.25 35.272 -22.75 -5 35.272 -31.125 -5
3 16 35.073 -31.125 -6.25 34.41 -22.75 -9.22 35.272 -22.75 -5
3 16 -21.036 -22.75 -28.751 -21.036 -26.188 -25.101 -21.036 -22.75 -25.101
4 16 -21.036 -26.5 -25.101 -21.036 -26.188 -25.101 -21.036 -22.75 -28.751 -21.036 -39 -28.751
3 16 -20.996 -29 -25.055 -21.036 -39 -28.751 -21.036 -39 -25.101
4 16 -38.033 -24.563 -9.539 -38.959 -24.563 -9.539 -38.959 -24.563 -6.655 -38.033 -24.563 -6.655
4 16 -38.959 -24.563 -6.655 -38.959 -24.563 -9.539 -38.959 -24.313 -9.539 -38.959 -24.313 -6.655
4 16 -38.033 -24.313 -9.539 -38.959 -24.313 -9.539 -38.959 -24.563 -9.539 -38.033 -24.563 -9.539
4 16 -38.033 -24.313 -6.655 -38.033 -24.313 -9.539 -38.033 -24.563 -9.539 -38.033 -24.563 -6.655
4 16 -38.033 -24.563 -6.655 -38.959 -24.563 -6.655 -38.959 -24.313 -6.655 -38.033 -24.313 -6.655
4 16 -35.118 -24.313 8.313 -37.699 -24.313 8.313 -37.699 -24.563 8.313 -35.118 -24.563 8.313
4 16 -37.699 -24.313 8.313 -37.699 -24.313 5.732 -37.699 -24.563 5.732 -37.699 -24.563 8.313
4 16 -37.699 -24.313 5.732 -38.521 -24.313 5.732 -38.521 -24.563 5.732 -37.699 -24.563 5.732
4 16 -38.521 -24.563 8.313 -38.521 -24.563 5.732 -38.521 -24.313 5.732 -38.521 -24.313 8.313
4 16 -38.521 -24.313 8.313 -41.102 -24.313 8.313 -41.102 -24.563 8.313 -38.521 -24.563 8.313
4 16 -41.102 -24.563 9.165 -41.102 -24.563 8.313 -41.102 -24.313 8.313 -41.102 -24.313 9.165
4 16 -38.521 -24.563 9.165 -41.102 -24.563 9.165 -41.102 -24.313 9.165 -38.521 -24.313 9.165
4 16 -38.521 -24.563 11.747 -38.521 -24.563 9.165 -38.521 -24.313 9.165 -38.521 -24.313 11.747
4 16 -37.699 -24.563 11.747 -38.521 -24.563 11.747 -38.521 -24.313 11.747 -37.699 -24.313 11.747
4 16 -37.699 -24.313 11.747 -37.699 -24.313 9.165 -37.699 -24.563 9.165 -37.699 -24.563 11.747
4 16 -35.118 -24.563 9.165 -37.699 -24.563 9.165 -37.699 -24.313 9.165 -35.118 -24.313 9.165
4 16 -35.118 -24.313 9.165 -35.118 -24.313 8.313 -35.118 -24.563 8.313 -35.118 -24.563 9.165
4 16 -37.699 -24.563 5.732 -38.521 -24.563 5.732 -38.521 -24.563 8.313 -37.699 -24.563 8.313
4 16 -38.521 -24.563 8.313 -41.102 -24.563 8.313 -41.102 -24.563 9.165 -38.521 -24.563 9.165
4 16 -37.699 -24.563 8.313 -38.521 -24.563 8.313 -38.521 -24.563 9.165 -37.699 -24.563 9.165
4 16 -37.699 -24.563 8.313 -37.699 -24.563 9.165 -35.118 -24.563 9.165 -35.118 -24.563 8.313
4 16 -38.521 -24.563 9.165 -38.521 -24.563 11.747 -37.699 -24.563 11.747 -37.699 -24.563 9.165
4 16 32.75 -31.125 -5 32.75 -31.125 -2.5 35.537 -31.125 -2.5 35.272 -31.125 -5
4 16 32.75 -31.125 5 35.272 -31.125 5 35.537 -31.125 2.5 32.75 -31.125 2.5
4 16 35.615 -31.125 -0.834 35.615 -31.125 0.834 46.75 -31.125 6.25 46.75 -31.125 -6.25
4 16 46.75 -31.125 -6.25 44.875 -33.625 -6.25 35.073 -33.625 -6.25 35.073 -31.125 -6.25
4 16 48 -32.375 -6.25 48 -39 -6.25 45.5 -39 -6.25 45.5 -34.25 -6.25
4 16 45.5 -34.25 6.25 45.5 -34.25 -6.25 45.5 -39 -6.25 45.5 -39 0
4 16 -36.062 -25.563 2.094 -36.062 -25.563 -2.094 -36.063 -27.75 -2.094 -36.063 -27.75 2.094
4 16 -36.063 -27.75 2.094 -40.251 -27.75 2.094 -40.25 -25.563 2.094 -36.062 -25.563 2.094
4 16 -45.44 -29 -1.968 -41.5 -29 3.344 -44.958 -29 5.875 -45.44 -29 1.968
4 16 -41.5 -29 3.344 -45.44 -29 -1.968 -44.958 -29 -5.875 -41.5 -29 -3.344
3 16 -32.468 -29 4.274 -34.813 -29 3.344 -32.75 -29 0
3 16 -34.813 -29 3.344 -32.468 -29 4.274 -32.153 -29 5.862
4 16 -34.813 -29 3.344 -34.813 -29 -3.344 -32.468 -29 -4.274 -32.75 -29 0
4 16 -32.468 -29 -4.274 -34.813 -29 -3.344 -41.5 -29 -3.344 -32.153 -29 -5.862
4 16 -34.813 -29 3.344 -32.153 -29 5.862 -44.958 -29 5.875 -41.5 -29 3.344
4 16 -36.062 -25.563 -2.094 -40.25 -25.563 -2.094 -40.251 -27.75 -2.094 -36.063 -27.75 -2.094
4 16 -40.251 -27.75 2.094 -40.251 -27.75 -2.094 -40.25 -25.563 -2.094 -40.25 -25.563 2.094
3 16 -41.983 -24.313 -15.418 -43.419 -24.313 -11.04 -38.959 -24.313 -9.539
4 16 -44.074 -24.313 -6.58 -44.02 -24.313 -6.538 -38.959 -24.313 -9.539 -43.419 -24.313 -11.04
4 16 -31.279 -24.313 -9.707 -41.983 -24.313 -15.418 -38.959 -24.313 -9.539 -38.033 -24.313 -9.539
4 16 -44.02 -24.313 -6.538 -43.937 -24.313 -6.434 -38.959 -24.313 -6.655 -38.959 -24.313 -9.539
4 16 -43.937 -24.313 -6.434 -43.821 -24.313 -6.203 -41.5 -24.313 -3.344 -38.959 -24.313 -6.655
4 16 -34.812 -24.313 -3.344 -38.033 -24.313 -6.655 -38.959 -24.313 -6.655 -41.5 -24.313 -3.344
4 16 -41.5 -24.313 3.344 -41.5 -24.313 -3.344 -42.275 -24.313 -2.075 -42.294 -24.313 -0.912
4 16 -32.38 -24.313 -4.909 -31.279 -24.313 -9.707 -38.033 -24.313 -9.539 -38.033 -24.313 -6.655
4 16 -42.887 -24.313 3.671 -43.396 -24.313 5.837 -38.521 -24.313 5.732 -41.5 -24.313 3.344
4 16 -43.817 -24.313 6.156 -43.419 -24.313 11.04 -41.102 -24.313 8.313 -43.705 -24.313 6.139
4 16 -43.468 -24.313 5.959 -41.102 -24.313 8.313 -38.521 -24.313 5.732 -43.396 -24.313 5.837
4 16 -34.812 -24.313 3.344 -32.75 -24.313 0 -32.38 -24.313 -4.909 -34.812 -24.313 -3.344
4 16 -37.699 -24.313 5.732 -34.812 -24.313 3.344 -41.5 -24.313 3.344 -38.521 -24.313 5.732
4 16 -37.699 -24.313 8.313 -35.118 -24.313 8.313 -34.812 -24.313 3.344 -37.699 -24.313 5.732
4 16 -32.75 -24.313 0 -34.812 -24.313 3.344 -35.118 -24.313 8.313 -32.38 -24.313 4.909
4 16 -41.983 -24.313 15.418 -38.521 -24.313 11.747 -41.102 -24.313 9.165 -43.419 -24.313 11.04
4 16 -31.279 -24.313 9.707 -35.118 -24.313 9.165 -37.699 -24.313 9.165 -37.699 -24.313 11.747
3 16 -37.699 -24.313 11.747 -38.521 -24.313 11.747 -41.983 -24.313 15.418
4 16 -18.038 -26.5 -23.351 -16.182 -26.5 -16.182 -13.932 -26.5 -18.157 -16.603 -26.5 -23.491
4 16 -15.059 -26.5 -24.012 -13.932 -26.5 -18.157 -11.442 -26.5 -19.818 -13.971 -26.5 -24.622
4 16 -19.237 -26.5 -23.508 -23.157 -26.5 -23.158 -18.157 -26.5 -13.932 -16.182 -26.5 -16.182
4 16 -28.362 -26.5 -16.374 -18.157 -26.5 -13.932 -23.157 -26.5 -23.158 -25.983 -26.5 -19.938
4 16 -28.362 -26.5 -16.374 -30.256 -26.5 -12.532 -19.65 -26.5 -11.345 -18.157 -26.5 -13.932
3 16 -21.143 -26.5 -8.758 -19.65 -26.5 -11.345 -30.256 -26.5 -12.532
4 16 -22.104 -26.5 -5.923 -21.143 -26.5 -8.758 -30.256 -26.5 -12.532 -31.633 -26.5 -8.476
4 16 -3.03 -26.5 -29.45 -5.316 -26.5 -29.811 -6.773 -26.5 -29.776 -2.986 -26.5 -22.688
4 16 -6.773 -26.5 -29.776 -8.035 -26.5 -29.461 -9.179 -26.5 -28.858 -2.986 -26.5 -22.688
4 16 -5.923 -26.5 -22.104 -10.111 -26.5 -28.116 -12.95 -26.5 -25.384 -8.758 -26.5 -21.143
4 16 -31.633 -26.5 -8.476 -32.219 -26.5 -5.875 -32.691 -26.5 -1.968 -22.104 -26.5 -5.923
4 16 -2.986 -26.5 -22.688 0 -26.5 -22.885 4.362 -26.5 -27.637 -3.03 -26.5 -29.45
3 16 -22.688 -26.5 -2.986 -22.104 -26.5 -5.923 -32.691 -26.5 -1.968
4 16 -22.688 -26.5 -2.986 -32.691 -26.5 -1.968 -32.691 -26.5 1.968 -22.885 -26.5 0
3 16 -22.688 -26.5 2.986 -22.885 -26.5 0 -32.691 -26.5 1.968
4 16 -22.688 -26.5 2.986 -32.691 -26.5 1.968 -32.219 -26.5 5.875 -22.104 -26.5 5.923
3 16 2.986 -26.5 -22.688 5.923 -26.5 -22.104 4.362 -26.5 -27.637
4 16 8.758 -26.5 -21.143 12.789 -26.5 -26.191 4.362 -26.5 -27.637 5.923 -26.5 -22.104
4 16 -32.219 -26.5 5.875 -31.633 -26.5 8.476 -21.143 -26.5 8.758 -22.104 -26.5 5.923
4 16 15.16 -26.5 -25.402 12.789 -26.5 -26.191 8.758 -26.5 -21.143 11.442 -26.5 -19.818
4 16 -23.158 -26.5 23.158 -18.157 -26.5 13.932 -28.361 -26.5 16.375 -25.981 -26.5 19.937
4 16 -19.818 -26.5 11.442 -30.256 -26.5 12.532 -28.361 -26.5 16.375 -18.157 -26.5 13.932
4 16 15.16 -26.5 -25.402 11.442 -26.5 -19.818 19.914 -26.5 -21.648 17.497 -26.5 -24.032
4 16 13.932 -26.5 -18.157 16.182 -26.5 -16.182 22.508 -26.5 -17.857 19.914 -26.5 -21.648
3 16 19.914 -26.5 -21.648 11.442 -26.5 -19.818 13.932 -26.5 -18.157
4 16 -18.157 -26.5 13.932 -23.158 -26.5 23.158 -19.525 -26.5 24.471 -16.182 -26.5 16.182
4 16 18.157 -26.5 -13.932 19.818 -26.5 -11.442 25.567 -26.5 -12.718 22.508 -26.5 -17.857
3 16 22.508 -26.5 -17.857 16.182 -26.5 -16.182 18.157 -26.5 -13.932
4 16 -18.853 -26.5 24.447 -18.143 -26.5 24.548 -13.932 -26.5 18.157 -16.182 -26.5 16.182
3 16 25.567 -26.5 -12.718 19.818 -26.5 -11.442 21.143 -26.5 -8.758
4 16 21.143 -26.5 -8.758 22.104 -26.5 -5.923 28.229 -26.5 -8.052 25.567 -26.5 -12.718
4 16 29.396 -26.5 -5.102 28.229 -26.5 -8.052 22.104 -26.5 -5.923 22.688 -26.5 -2.986
3 16 -18.143 -26.5 24.548 -11.442 -26.5 19.818 -13.932 -26.5 18.157
4 16 -11.442 -26.5 19.818 -18.143 -26.5 24.548 -6.092 -26.5 29.354 -8.758 -26.5 21.143
4 16 29.396 -26.5 -5.102 22.688 -26.5 -2.986 29.362 -26.5 -1.096 29.629 -26.5 -3.352
4 16 28.444 -26.5 3.41 29.362 -26.5 -1.096 22.688 -26.5 -2.986 22.885 -26.5 0
3 16 -6.092 -26.5 29.354 -5.923 -26.5 22.104 -8.758 -26.5 21.143
4 16 -5.923 -26.5 22.104 -6.092 -26.5 29.354 -1.232 -26.5 30.408 -2.986 -26.5 22.688
4 16 -2.986 -26.5 22.688 -1.232 -26.5 30.408 3.008 -26.5 30.502 0 -26.5 22.885
3 16 3.008 -26.5 30.502 2.986 -26.5 22.688 0 -26.5 22.885
4 16 2.986 -26.5 22.688 3.008 -26.5 30.502 6.438 -26.5 29.774 5.923 -26.5 22.104
4 16 8.758 -26.5 21.143 5.923 -26.5 22.104 6.438 -26.5 29.774 9.243 -26.5 28.526
4 16 22.885 -26.5 0 22.688 -26.5 2.986 27.788 -26.5 10 28.444 -26.5 3.41
4 16 22.104 -26.5 5.923 21.143 -26.5 8.758 27.162 -26.5 13.344 27.788 -26.5 10
3 16 27.788 -26.5 10 22.688 -26.5 2.986 22.104 -26.5 5.923
4 16 11.442 -26.5 19.818 9.243 -26.5 28.526 12.806 -26.5 26.314 13.932 -26.5 18.157
3 16 9.243 -26.5 28.526 11.442 -26.5 19.818 8.758 -26.5 21.143
3 16 27.162 -26.5 13.344 21.143 -26.5 8.758 19.818 -26.5 11.442
4 16 26.295 -26.5 15.632 27.162 -26.5 13.344 19.818 -26.5 11.442 18.157 -26.5 13.932
4 16 16.182 -26.5 16.182 13.932 -26.5 18.157 12.806 -26.5 26.314 21.736 -26.5 20.641
4 16 23.505 -26.5 19.249 24.903 -26.5 17.794 26.295 -26.5 15.632 18.157 -26.5 13.932
4 16 21.736 -26.5 20.641 23.505 -26.5 19.249 18.157 -26.5 13.932 16.182 -26.5 16.182
4 16 -21.021 -26.188 -24.884 -21.036 -26.188 -25.101 -21.036 -26.5 -25.101 -21.021 -26.5 -24.884
4 16 -21.021 -26.188 -24.884 -21.021 -26.5 -24.884 -20.957 -26.5 -24.675 -20.957 -26.188 -24.675
4 16 -20.957 -26.188 -24.675 -20.957 -26.5 -24.675 -20.807 -26.5 -24.418 -20.807 -26.188 -24.418
4 16 -20.807 -26.188 -24.418 -20.807 -26.5 -24.418 -20.542 -26.5 -24.137 -20.542 -26.188 -24.137
4 16 -20.542 -26.188 -24.137 -20.542 -26.5 -24.137 -20.065 -26.5 -23.82 -20.065 -26.188 -23.82
4 16 -20.065 -26.188 -23.82 -20.065 -26.5 -23.82 -19.237 -26.5 -23.508 -19.237 -26.188 -23.508
4 16 -19.237 -26.188 -23.508 -19.237 -26.5 -23.508 -18.038 -26.5 -23.351 -18.038 -26.188 -23.351
4 16 -18.038 -26.188 -23.351 -18.038 -26.5 -23.351 -16.603 -26.5 -23.491 -16.603 -26.188 -23.491
4 16 -16.603 -26.188 -23.491 -16.603 -26.5 -23.491 -15.059 -26.5 -24.012 -15.059 -26.188 -24.012
4 16 -15.059 -26.188 -24.012 -15.059 -26.5 -24.012 -13.971 -26.5 -24.622 -13.971 -26.188 -24.622
4 16 -13.971 -26.188 -24.622 -13.971 -26.5 -24.622 -12.95 -26.5 -25.384 -12.95 -26.188 -25.384
4 16 -12.95 -26.188 -25.384 -12.95 -26.5 -25.384 -10.111 -26.5 -28.116 -10.111 -26.188 -28.116
4 16 -10.111 -26.188 -28.116 -10.111 -26.5 -28.116 -9.179 -26.5 -28.858 -9.179 -26.188 -28.858
4 16 -8.035 -26.188 -29.461 -9.179 -26.188 -28.858 -9.179 -26.5 -28.858 -8.035 -26.5 -29.461
4 16 -8.035 -26.5 -29.461 -6.773 -26.5 -29.776 -6.773 -26.188 -29.776 -8.035 -26.188 -29.461
4 16 -6.773 -26.188 -29.776 -6.773 -26.5 -29.776 -5.316 -26.5 -29.811 -5.316 -26.188 -29.811
4 16 -5.316 -26.188 -29.811 -5.316 -26.5 -29.811 -3.03 -26.5 -29.45 -3.03 -26.188 -29.45
4 16 -3.03 -26.188 -29.45 -3.03 -26.5 -29.45 4.362 -26.5 -27.637 4.362 -26.188 -27.637
4 16 4.362 -26.188 -27.637 4.362 -26.5 -27.637 12.789 -26.5 -26.191 12.789 -26.188 -26.191
4 16 15.16 -26.5 -25.402 15.16 -26.188 -25.402 12.789 -26.188 -26.191 12.789 -26.5 -26.191
4 16 17.497 -26.188 -24.032 15.16 -26.188 -25.402 15.16 -26.5 -25.402 17.497 -26.5 -24.032
4 16 19.914 -26.5 -21.648 19.914 -26.188 -21.648 17.497 -26.188 -24.032 17.497 -26.5 -24.032
4 16 22.508 -26.5 -17.857 22.508 -26.188 -17.857 19.914 -26.188 -21.648 19.914 -26.5 -21.648
4 16 25.567 -26.5 -12.718 25.567 -26.188 -12.718 22.508 -26.188 -17.857 22.508 -26.5 -17.857
4 16 28.229 -26.5 -8.052 28.229 -26.188 -8.052 25.567 -26.188 -12.718 25.567 -26.5 -12.718
4 16 29.396 -26.5 -5.102 29.396 -26.188 -5.102 28.229 -26.188 -8.052 28.229 -26.5 -8.052
4 16 29.396 -26.188 -5.102 29.396 -26.5 -5.102 29.629 -26.5 -3.352 29.629 -26.188 -3.352
4 16 29.629 -26.188 -3.352 29.629 -26.5 -3.352 29.362 -26.5 -1.096 29.362 -26.188 -1.096
4 16 28.444 -26.188 3.41 29.362 -26.188 -1.096 29.362 -26.5 -1.096 28.444 -26.5 3.41
4 16 28.444 -26.188 3.41 28.444 -26.5 3.41 27.788 -26.5 10 27.788 -26.188 10
4 16 27.788 -26.188 10 27.788 -26.5 10 27.162 -26.5 13.344 27.162 -26.188 13.344
4 16 26.295 -26.188 15.632 27.162 -26.188 13.344 27.162 -26.5 13.344 26.295 -26.5 15.632
4 16 26.295 -26.188 15.632 26.295 -26.5 15.632 24.903 -26.5 17.794 24.903 -26.188 17.794
4 16 24.903 -26.188 17.794 24.903 -26.5 17.794 23.505 -26.5 19.249 23.505 -26.188 19.249
4 16 23.505 -26.188 19.249 23.505 -26.5 19.249 21.736 -26.5 20.641 21.736 -26.188 20.641
4 16 21.736 -26.188 20.641 21.736 -26.5 20.641 12.806 -26.5 26.314 12.806 -26.188 26.314
4 16 12.806 -26.188 26.314 12.806 -26.5 26.314 9.243 -26.5 28.526 9.243 -26.188 28.526
4 16 9.243 -26.188 28.526 9.243 -26.5 28.526 6.438 -26.5 29.774 6.438 -26.188 29.774
4 16 6.438 -26.188 29.774 6.438 -26.5 29.774 3.008 -26.5 30.502 3.008 -26.188 30.502
4 16 3.008 -26.188 30.502 3.008 -26.5 30.502 -1.232 -26.5 30.408 -1.232 -26.188 30.408
4 16 -6.092 -26.5 29.354 -6.092 -26.188 29.354 -1.232 -26.188 30.408 -1.232 -26.5 30.408
4 16 -18.143 -26.188 24.548 -6.092 -26.188 29.354 -6.092 -26.5 29.354 -18.143 -26.5 24.548
4 16 -18.853 -26.5 24.447 -18.853 -26.188 24.447 -18.143 -26.188 24.548 -18.143 -26.5 24.548
4 16 -19.525 -26.5 24.471 -19.525 -26.188 24.471 -18.853 -26.188 24.447 -18.853 -26.5 24.447
4 16 -20.244 -26.5 24.661 -20.244 -26.188 24.661 -19.525 -26.188 24.471 -19.525 -26.5 24.471
4 16 -21.036 -26.188 25.101 -20.244 -26.188 24.661 -20.244 -26.5 24.661 -21.036 -26.5 25.101
4 16 -21.021 -26.188 -24.884 -20.957 -26.188 -24.675 -20.807 -26.188 -24.418 -21.036 -26.188 -25.101
4 16 -20.542 -26.188 -24.137 -20.065 -26.188 -23.82 -19.237 -26.188 -23.508 -21.036 -26.188 -25.101
4 16 -18.038 -26.188 -23.351 -16.603 -26.188 -23.491 -15.059 -26.188 -24.012 -16.375 -26.188 -28.362
4 16 -15.059 -26.188 -24.012 -13.971 -26.188 -24.622 -12.95 -26.188 -25.384 -16.375 -26.188 -28.362
4 16 -16.375 -26.188 -28.362 -12.95 -26.188 -25.384 -10.111 -26.188 -28.116 -12.533 -26.188 -30.258
4 16 -12.533 -26.188 -30.258 -8.035 -26.188 -29.461 -6.773 -26.188 -29.776 -8.476 -26.188 -31.633
4 16 -4.274 -26.188 -32.468 -8.476 -26.188 -31.633 -6.773 -26.188 -29.776 -5.316 -26.188 -29.811
4 16 19.938 -26.188 -25.984 16.375 -26.188 -28.362 12.789 -26.188 -26.191 15.16 -26.188 -25.402
4 16 19.938 -26.188 -25.984 17.497 -26.188 -24.032 19.914 -26.188 -21.648 23.158 -26.188 -23.158
4 16 25.984 -26.188 -19.938 23.158 -26.188 -23.158 19.914 -26.188 -21.648 22.508 -26.188 -17.857
4 16 -19.525 -26.188 24.471 -16.375 -26.188 28.362 -18.143 -26.188 24.548 -18.853 -26.188 24.447
4 16 28.229 -26.188 -8.052 31.633 -26.188 -8.476 30.258 -26.188 -12.533 25.567 -26.188 -12.718
4 16 -16.375 -26.188 28.362 -12.533 -26.188 30.258 -6.092 -26.188 29.354 -18.143 -26.188 24.548
3 16 -6.092 -26.188 29.354 -12.533 -26.188 30.258 -8.476 -26.188 31.633
4 16 28.229 -26.188 -8.052 29.396 -26.188 -5.102 32.366 -26.188 -5 31.633 -26.188 -8.476
4 16 29.396 -26.188 -5.102 29.629 -26.188 -3.352 32.484 -26.188 -4.169 32.366 -26.188 -5
4 16 32.654 -26.188 -2.5 32.58 -26.188 -3.336 32.484 -26.188 -4.169 29.629 -26.188 -3.352
4 16 29.629 -26.188 -3.352 29.362 -26.188 -1.096 32.739 -26.188 -0.834 32.654 -26.188 -2.5
4 16 29.362 -26.188 -1.096 28.444 -26.188 3.41 32.654 -26.188 2.5 32.739 -26.188 0.834
4 16 -1.232 -26.188 30.408 -4.274 -26.188 32.468 0 -26.188 32.75 3.008 -26.188 30.502
4 16 32.654 -26.188 2.5 28.444 -26.188 3.41 32.484 -26.188 4.169 32.58 -26.188 3.336
4 16 32.484 -26.188 4.169 28.444 -26.188 3.41 27.788 -26.188 10 32.366 -26.188 5
4 16 3.008 -26.188 30.502 4.274 -26.188 32.468 8.476 -26.188 31.633 6.438 -26.188 29.774
4 16 32.366 -26.188 5 27.788 -26.188 10 27.162 -26.188 13.344 31.633 -26.188 8.476
4 16 6.438 -26.188 29.774 8.476 -26.188 31.633 12.533 -26.188 30.258 9.243 -26.188 28.526
4 16 9.243 -26.188 28.526 12.533 -26.188 30.258 16.375 -26.188 28.362 12.806 -26.188 26.314
4 16 27.162 -26.188 13.344 26.295 -26.188 15.632 25.984 -26.188 19.938 28.362 -26.188 16.375
4 16 21.736 -26.188 20.641 23.158 -26.188 23.158 25.984 -26.188 19.938 23.505 -26.188 19.249
4 16 32.366 -26.188 5 31.633 -26.188 8.476 31.633 -22.75 8.476 32.366 -22.75 5
4 16 -44.958 -24 5.875 -44.958 -26.5 5.875 -44.449 -26.5 6.026 -44.449 -24.313 6.026
4 16 -43.821 -24.313 -6.203 -43.798 -24 -6.148 -42.528 -24 -3.568 -42.538 -24.313 -3.594
4 16 -44.137 -24 -6.603 -44.183 -24 -6.607 -44.239 -24 -6.598 -44.09 -24 -6.588
4 16 -43.975 -24 -6.488 -44.04 -24 -6.556 -44.239 -24 -6.598 -44.324 -24 -6.562
4 16 -43.975 -24 -6.488 -44.49 -24 -6.437 -44.958 -24 -5.875 -43.798 -24 -6.148
4 16 -44.958 -24 -5.875 -47.125 -24 -5.875 -42.301 -24 -2.461 -42.528 -24 -3.568
4 16 -42.785 -24 2.988 -42.283 -24 -1.098 -47.125 -24 -5.875 -47.125 -24 5.875
4 16 -43.391 -24 5.826 -42.785 -24 2.988 -47.125 -24 5.875 -44.958 -24 5.875
4 16 -44.958 -24 5.875 -44.317 -24 6.065 -43.887 -24 6.155 -43.391 -24 5.826
4 16 -43.495 -24 5.995 -43.742 -24 6.148 -43.65 -24 6.119 -43.575 -24 6.074
4 16 -43.391 -24 5.826 -43.887 -24 6.155 -43.742 -24 6.148 -43.495 -24 5.995
4 16 -44.373 -24.313 -6.532 -43.419 -24.313 -11.04 -43.419 -26.5 -11.04 -44.373 -26.5 -6.532
4 16 -43.419 -24.313 11.04 -44.449 -24.313 6.026 -44.449 -26.5 6.026 -43.419 -26.5 11.04
4 16 -47.125 -22.75 5.875 -44.958 -22.75 5.875 -44.958 -24 5.875 -47.125 -24 5.875
4 16 -32.219 -26.5 -5.875 -44.958 -26.5 -5.875 -44.622 -26.5 -6.302 -44.373 -26.5 -6.532
3 16 -44.373 -26.5 -6.532 -43.419 -26.5 -11.04 -32.219 -26.5 -5.875
4 16 -47.125 -22.75 -5.875 -47.125 -22.75 5.875 -47.125 -24 5.875 -47.125 -24 -5.875
4 16 -47.125 -24 -5.875 -44.958 -24 -5.875 -44.958 -22.75 -5.875 -47.125 -22.75 -5.875
4 16 -31.279 -24.313 9.707 -31.633 -26.5 8.476 -32.219 -26.5 5.875 -32.38 -24.313 4.909
4 16 -32.219 -26.5 -5.875 -31.633 -26.5 -8.476 -31.279 -24.313 -9.707 -32.38 -24.313 -4.909
3 16 32.326 -29 4.992 32.484 -29 4.169 32.484 -26.188 4.169
3 16 32.484 -26.188 4.169 32.366 -26.188 5 32.326 -29 4.992
5 24 32.484 -26.188 4.169 32.326 -29 4.992 32.366 -26.188 5 32.484 -29 4.169
4 16 32.484 -26.188 4.169 32.484 -29 4.169 32.58 -29 3.336 32.58 -26.188 3.336
4 16 32.58 -26.188 3.336 32.58 -29 3.336 32.654 -29 2.5 32.654 -26.188 2.5
4 16 32.58 -29 -3.336 32.58 -26.188 -3.336 32.654 -26.188 -2.5 32.654 -29 -2.5
4 16 32.58 -26.188 -3.336 32.58 -29 -3.336 32.484 -29 -4.169 32.484 -26.188 -4.169
4 16 32.484 -26.188 -4.169 32.484 -29 -4.169 32.366 -29 -5 32.366 -26.188 -5
4 16 -32.219 -26.5 5.875 -44.958 -26.5 5.875 -44.958 -29 5.875 -32.153 -29 5.862
4 16 -32.153 -29 -5.862 -44.958 -29 -5.875 -44.958 -26.5 -5.875 -32.219 -26.5 -5.875
4 16 31.633 -33.625 8.476 31.633 -29 8.476 32.326 -29 4.992 32.366 -33.625 5
4 16 12.188 -33.625 30.398 12.188 -39 30.419 8.476 -39 31.633 8.476 -33.625 31.633
3 16 -20.996 -29 -25.055 -19.938 -39 -25.984 -19.938 -29 -25.984
3 16 -19.938 -39 -25.984 -20.996 -29 -25.055 -21.036 -39 -25.101
4 16 32.739 -29 -0.834 32.654 -29 -2.5 32.654 -33.625 -2.5 32.739 -33.625 -0.834
4 16 32.739 -29 0.834 32.739 -29 -0.834 32.739 -33.625 -0.834 32.739 -33.625 0.834
4 16 32.654 -29 2.5 32.739 -29 0.834 32.739 -33.625 0.834 32.654 -33.625 2.5
4 16 12.166 -39 -33.411 12.166 -33.625 -33.411 12.181 -33.625 -30.377 12.188 -39 -30.419
4 16 31.633 -26.188 -8.476 32.366 -26.188 -5 32.366 -22.75 -5 31.633 -22.75 -8.476
4 16 -17.813 -22.75 30.851 -21.036 -22.75 28.751 -21.036 -39 28.751 -17.813 -39 30.851
4 16 32.75 -33.625 -5 32.75 -31.125 -5 32.366 -29 -5 32.366 -33.625 -5
4 16 35.272 -22.75 -5 32.366 -26.188 -5 32.366 -29 -5 35.272 -31.125 -5
4 16 32.739 -22.75 -0.834 32.654 -22.75 -2.5 32.654 -26.188 -2.5 32.739 -26.188 -0.834
4 16 32.739 -22.75 0.834 32.739 -22.75 -0.834 32.739 -26.188 -0.834 32.739 -26.188 0.834
4 16 32.654 -22.75 2.5 32.739 -22.75 0.834 32.739 -26.188 0.834 32.654 -26.188 2.5
4 16 32.75 -33.625 2.5 32.75 -31.125 2.5 32.654 -29 2.5 32.654 -33.625 2.5
4 16 35.537 -22.75 2.5 32.654 -26.188 2.5 32.654 -29 2.5 35.537 -31.125 2.5
4 16 25.19 -33.625 25.19 21.689 -33.625 28.265 17.23 -33.625 27.851 21.76 -33.625 24.476
4 16 30.851 -33.625 17.813 28.265 -33.625 21.689 25.642 -33.625 20.373 28.762 -33.625 15.663
4 16 28.762 -33.625 15.663 31.633 -33.625 8.476 32.914 -33.625 13.634 30.851 -33.625 17.813
4 16 32.75 -33.625 2.5 32.739 -33.625 0.834 44.875 -33.625 6.25 35.073 -33.625 6.25
4 16 44.875 -33.625 -6.25 32.739 -33.625 -0.834 32.75 -33.625 -2.5 35.073 -33.625 -6.25
4 16 35.073 -33.625 -6.25 32.75 -33.625 -5 32.366 -33.625 -5 31.633 -33.625 -8.476
4 16 25.984 -33.625 -19.938 28.265 -33.625 -21.689 30.851 -33.625 -17.813 28.362 -33.625 -16.375
4 16 23.158 -33.625 -23.158 25.19 -33.625 -25.19 28.265 -33.625 -21.689 25.984 -33.625 -19.938
4 16 32.739 -33.625 -0.834 44.875 -33.625 -6.25 44.875 -33.625 6.25 32.739 -33.625 0.834
4 16 32.75 -31.125 5 32.75 -31.125 2.5 32.75 -33.625 2.5 32.75 -33.625 5
4 16 48 -39 6.25 48 -39 -6.25 48 -32.375 -6.25 48 -32.375 6.25
4 16 32.75 -31.125 -2.5 32.75 -31.125 -5 32.75 -33.625 -5 32.75 -33.625 -2.5
4 16 35.073 -33.625 6.25 44.875 -33.625 6.25 46.75 -31.125 6.25 35.073 -31.125 6.25
4 16 48 -39 6.25 48 -32.375 6.25 45.5 -33.625 6.25 45.5 -34.25 6.25
4 16 -50 -22.75 -8.75 -44.958 -22.75 -8.75 -44.958 -39 -8.75 -50 -39 -8.75
4 16 -44.958 -22.75 8.75 -44.958 -39 8.75 -44.958 -39 5.875 -44.958 -29 5.875
4 16 -50 -39 8.75 -44.958 -39 8.75 -44.958 -22.75 8.75 -50 -22.75 8.75
4 16 -44.958 -39 -8.75 -44.958 -22.75 -8.75 -44.958 -26.5 -5.875 -44.958 -29 -5.875
4 16 -50 -22.75 -8.75 -47.125 -22.75 -5.875 -44.958 -22.75 -5.875 -44.958 -22.75 -8.75
4 16 -50 -22.75 -8.75 -50 -22.75 8.75 -47.125 -22.75 5.875 -47.125 -22.75 -5.875
4 16 -50 -22.75 8.75 -44.958 -22.75 8.75 -44.958 -22.75 5.875 -47.125 -22.75 5.875
4 16 -21.036 -39 25.101 -18.216 -39 27.133 -18.079 -39 29.411 -21.036 -39 28.751
4 16 -18.216 -39 27.133 -16.375 -39 28.362 -15.102 -39 29.971 -18.079 -39 29.411
3 16 -21.036 -39 28.751 -20.996 -29 25.055 -21.036 -39 25.101
3 16 -20.996 -29 25.055 -21.036 -39 28.751 -21.036 -22.75 28.751
3 16 32.75 -31.125 5 32.366 -33.625 5 32.326 -29 4.992
3 16 32.366 -33.625 5 32.75 -31.125 5 32.75 -33.625 5
5 24 32.75 -31.125 5 32.366 -33.625 5 32.75 -33.625 5 32.326 -29 4.992
4 16 32.326 -29 4.992 32.366 -26.188 5 35.272 -22.75 5 35.272 -31.125 5
4 16 -21.036 -39 -25.101 -21.036 -39 -28.751 -18.079 -39 -29.411 -19.938 -39 -25.984
4 16 -19.938 -39 -25.984 -18.079 -39 -29.411 -15.102 -39 -29.971 -16.375 -39 -28.362
4 16 35.073 -33.625 -6.25 34.41 -33.625 -9.22 34.41 -22.75 -9.22 35.073 -31.125 -6.25
4 16 -21.036 -39 -28.751 -21.036 -22.75 -28.751 -17.813 -22.75 -30.851 -17.813 -39 -30.851
3 16 -20.996 -29 -25.055 -21.036 -26.5 -25.101 -21.036 -39 -28.751
4 16 -16.375 -22.75 -28.362 -12.533 -22.75 -30.258 -13.634 -22.75 -32.914 -17.813 -22.75 -30.851
4 16 -4.274 -22.75 -32.468 0 -22.75 -32.75 0 -22.75 -35.625 -4.649 -22.75 -35.319
4 16 4.649 -22.75 -35.319 0 -22.75 -35.625 0 -22.75 -32.75 4.274 -22.75 -32.468
4 16 32.914 -22.75 -13.634 30.851 -22.75 -17.813 28.362 -22.75 -16.375 30.258 -22.75 -12.533
4 16 30.258 -22.75 -12.533 31.633 -22.75 -8.476 34.41 -22.75 -9.22 32.914 -22.75 -13.634
4 16 -12.533 -39 -30.258 -4.047 -39 -31.159 -2.478 -39 -32.656 -7.377 -39 -31.908
4 16 -4.047 -39 -31.159 4.047 -39 -31.159 2.478 -39 -32.656 -2.478 -39 -32.656
4 16 2.478 -39 -32.656 4.047 -39 -31.159 12.188 -39 -30.419 8.476 -39 -31.633
4 16 -12.533 -39 30.258 -8.476 -39 31.633 0 -39 32.75 -4.047 -39 31.159
4 16 -4.047 -39 31.159 0 -39 32.75 4.274 -39 32.468 4.047 -39 31.159
4 16 12.188 -39 30.419 4.047 -39 31.159 4.274 -39 32.468 8.476 -39 31.633
4 16 -44.958 -39 5.875 -45.394 -39 2.61 -45.44 -29 1.968 -44.958 -29 5.875
4 16 -45.394 -39 2.61 -45.44 -39 -1.968 -45.44 -29 -1.968 -45.44 -29 1.968
4 16 -44.958 -29 -5.875 -45.44 -29 -1.968 -45.44 -39 -1.968 -44.958 -39 -5.875
4 16 -50 -39 -8.75 -50 -39 8.75 -50 -22.75 8.75 -50 -22.75 -8.75
4 16 32.75 -33.625 -2.5 32.654 -33.625 -2.5 32.654 -29 -2.5 32.75 -31.125 -2.5
4 16 32.75 -31.125 -2.5 32.654 -29 -2.5 32.654 -26.188 -2.5 35.537 -31.125 -2.5
4 16 35.537 -31.125 -2.5 32.654 -26.188 -2.5 32.654 -22.75 -2.5 35.537 -22.75 -2.5
4 16 35.615 -22.75 0.834 35.537 -22.75 2.5 35.537 -31.125 2.5 35.615 -31.125 0.834
4 16 35.615 -22.75 -0.834 35.615 -22.75 0.834 35.615 -31.125 0.834 35.615 -31.125 -0.834
4 16 35.615 -31.125 -0.834 35.537 -31.125 -2.5 35.537 -22.75 -2.5 35.615 -22.75 -0.834
4 16 32.654 -22.75 -2.5 32.739 -22.75 -0.834 35.615 -22.75 -0.834 35.537 -22.75 -2.5
4 16 35.615 -22.75 -0.834 32.739 -22.75 -0.834 32.739 -22.75 0.834 35.615 -22.75 0.834
4 16 35.615 -22.75 0.834 32.739 -22.75 0.834 32.654 -22.75 2.5 35.537 -22.75 2.5
4 16 -21.036 -22.75 -25.101 -19.938 -22.75 -25.984 -17.813 -22.75 -30.851 -21.036 -22.75 -28.751
4 16 -19.938 -26.188 -25.984 -19.938 -22.75 -25.984 -21.036 -22.75 -25.101 -21.036 -26.188 -25.101
3 16 -17.813 -22.75 -30.851 -19.938 -22.75 -25.984 -16.375 -22.75 -28.362
3 16 -21.036 -26.188 -25.101 -19.237 -26.188 -23.508 -19.938 -26.188 -25.984
4 16 -19.237 -26.188 -23.508 -18.038 -26.188 -23.351 -16.375 -26.188 -28.362 -19.938 -26.188 -25.984
4 16 -9.22 -22.75 -34.41 -13.634 -22.75 -32.914 -12.533 -22.75 -30.258 -8.476 -22.75 -31.633
4 16 -9.22 -22.75 -34.41 -8.476 -22.75 -31.633 -4.274 -22.75 -32.468 -4.649 -22.75 -35.319
4 16 34.41 -22.75 -9.22 31.633 -22.75 -8.476 32.366 -22.75 -5 35.272 -22.75 -5
4 16 4.274 -26.188 -32.468 0 -26.188 -32.75 -5.316 -26.188 -29.811 4.362 -26.188 -27.637
3 16 -4.274 -26.188 -32.468 -5.316 -26.188 -29.811 0 -26.188 -32.75
3 16 12.533 -26.188 -30.258 12.789 -26.188 -26.191 16.375 -26.188 -28.362
4 16 12.789 -26.188 -26.191 12.533 -26.188 -30.258 8.476 -26.188 -31.633 4.362 -26.188 -27.637
4 16 9.22 -22.75 -34.41 4.649 -22.75 -35.319 4.274 -22.75 -32.468 8.476 -22.75 -31.633
4 16 13.634 -22.75 -32.914 9.22 -22.75 -34.41 8.476 -22.75 -31.633 12.533 -22.75 -30.258
4 16 17.813 -22.75 -30.851 13.634 -22.75 -32.914 12.533 -22.75 -30.258 16.375 -22.75 -28.362
4 16 21.689 -22.75 -28.265 17.813 -22.75 -30.851 16.375 -22.75 -28.362 19.938 -22.75 -25.984
4 16 21.689 -22.75 -28.265 19.938 -22.75 -25.984 23.158 -22.75 -23.158 25.19 -22.75 -25.19
4 16 28.265 -22.75 -21.689 25.19 -22.75 -25.19 23.158 -22.75 -23.158 25.984 -22.75 -19.938
4 16 30.851 -22.75 -17.813 28.265 -22.75 -21.689 25.984 -22.75 -19.938 28.362 -22.75 -16.375
4 16 12.181 -33.625 -30.377 12.166 -33.625 -33.411 13.634 -33.625 -32.914 12.533 -33.625 -30.258
4 16 12.166 -39 -33.411 9.22 -39 -34.41 9.22 -33.625 -34.41 12.166 -33.625 -33.411
3 16 25.984 -26.188 -19.938 22.508 -26.188 -17.857 28.362 -26.188 -16.375
4 16 28.362 -26.188 -16.375 22.508 -26.188 -17.857 25.567 -26.188 -12.718 30.258 -26.188 -12.533
4 16 28.362 -26.188 16.375 30.258 -26.188 12.533 31.633 -26.188 8.476 27.162 -26.188 13.344
4 16 -19.938 -26.188 25.984 -21.036 -26.188 25.101 -21.036 -22.75 25.101 -19.938 -22.75 25.984
4 16 -19.525 -26.188 24.471 -20.244 -26.188 24.661 -21.036 -26.188 25.101 -19.938 -26.188 25.984
3 16 -19.525 -26.188 24.471 -19.938 -26.188 25.984 -16.375 -26.188 28.362
3 16 -19.938 -22.75 25.984 -21.036 -22.75 25.101 -21.036 -22.75 28.751
4 16 -17.813 -22.75 30.851 -16.375 -22.75 28.362 -19.938 -22.75 25.984 -21.036 -22.75 28.751
4 16 -16.375 -22.75 28.362 -17.813 -22.75 30.851 -13.634 -22.75 32.914 -12.533 -22.75 30.258
4 16 -8.476 -22.75 31.633 -12.533 -22.75 30.258 -13.634 -22.75 32.914 -9.22 -22.75 34.41
4 16 -4.274 -22.75 32.468 -8.476 -22.75 31.633 -9.22 -22.75 34.41 -4.649 -22.75 35.319
4 16 0 -22.75 32.75 -4.274 -22.75 32.468 -4.649 -22.75 35.319 0 -22.75 35.625
4 16 4.274 -22.75 32.468 0 -22.75 32.75 0 -22.75 35.625 4.649 -22.75 35.319
4 16 8.476 -22.75 31.633 4.274 -22.75 32.468 4.649 -22.75 35.319 9.22 -22.75 34.41
4 16 12.533 -22.75 30.258 8.476 -22.75 31.633 9.22 -22.75 34.41 13.634 -22.75 32.914
4 16 16.375 -22.75 28.362 12.533 -22.75 30.258 13.634 -22.75 32.914 17.813 -22.75 30.851
4 16 19.938 -22.75 25.984 16.375 -22.75 28.362 17.813 -22.75 30.851 21.689 -22.75 28.265
4 16 23.158 -22.75 23.158 19.938 -22.75 25.984 21.689 -22.75 28.265 25.19 -22.75 25.19
4 16 25.984 -22.75 19.938 23.158 -22.75 23.158 25.19 -22.75 25.19 28.265 -22.75 21.689
4 16 28.362 -22.75 16.375 25.984 -22.75 19.938 28.265 -22.75 21.689 30.851 -22.75 17.813
4 16 30.258 -22.75 12.533 28.362 -22.75 16.375 30.851 -22.75 17.813 32.914 -22.75 13.634
3 16 35.073 -31.125 6.25 35.272 -22.75 5 34.41 -22.75 9.22
4 16 34.41 -22.75 9.22 34.41 -33.625 9.22 35.073 -33.625 6.25 35.073 -31.125 6.25
3 16 32.914 -33.625 13.634 31.633 -33.625 8.476 34.41 -33.625 9.22
4 16 32.75 -33.625 2.5 35.073 -33.625 6.25 34.41 -33.625 9.22 32.75 -33.625 5
4 16 25.642 -33.625 20.373 28.265 -33.625 21.689 25.19 -33.625 25.19 21.76 -33.625 24.476
3 16 12.166 -33.625 33.411 12.188 -33.625 30.398 13.634 -33.625 32.914
4 16 13.634 -33.625 32.914 12.188 -33.625 30.398 17.23 -33.625 27.851 17.813 -33.625 30.851
4 16 19.938 -26.188 25.984 23.158 -26.188 23.158 21.736 -26.188 20.641 12.806 -26.188 26.314
3 16 12.806 -26.188 26.314 16.375 -26.188 28.362 19.938 -26.188 25.984
3 16 0 -26.188 32.75 4.274 -26.188 32.468 3.008 -26.188 30.502
4 16 34.41 -22.75 9.22 35.272 -22.75 5 32.366 -22.75 5 31.633 -22.75 8.476
4 16 32.914 -22.75 13.634 34.41 -22.75 9.22 31.633 -22.75 8.476 30.258 -22.75 12.533
3 16 0 -39 32.75 -4.274 -39 32.468 -8.476 -39 31.633
3 16 -23.158 -26.5 23.158 -23.158 -29 23.158 -21.036 -26.5 25.101
3 16 -20.996 -29 25.055 -21.036 -26.5 25.101 -23.158 -29 23.158
3 16 -15.102 -39 -29.971 -12.533 -39 -30.258 -12.107 -39 -30.43
4 16 13.634 -33.625 -32.914 17.813 -33.625 -30.851 16.375 -33.625 -28.362 12.533 -33.625 -30.258
4 16 32.366 -29 -5 31.633 -29 -8.476 31.633 -33.625 -8.476 32.366 -33.625 -5
3 16 31.633 -33.625 -8.476 30.258 -33.625 -12.533 32.914 -33.625 -13.634
4 16 30.258 -33.625 -12.533 28.362 -33.625 -16.375 30.851 -33.625 -17.813 32.914 -33.625 -13.634
4 16 23.158 -33.625 -23.158 19.938 -33.625 -25.984 21.689 -33.625 -28.265 25.19 -33.625 -25.19
3 16 -19.938 -29 25.984 -19.938 -39 25.984 -20.996 -29 25.055
3 16 -21.036 -39 25.101 -20.996 -29 25.055 -19.938 -39 25.984
3 16 0 -39 35.625 48.75 -39 35.625 4.649 -39 35.319
3 16 -4.649 -39 35.319 -48.75 -39 35.625 0 -39 35.625

3 16 4.649 -39 -35.319 48.75 -39 -35.625 0 -39 -35.625
3 16 0 -39 -35.625 -48.75 -39 -35.625 -4.649 -39 -35.319
4 16 4.635 -46.5 -33.634 -4.635 -46.5 -33.634 -48.75 -46.5 -35.625 48.75 -46.5 -35.625
4 16 48 -39 -6.25 48 -39 6.25 50 -39 34.375 50 -39 -34.375
4 16 -50 -39 34.375 -48 -39 6.25 -48 -39 -6.25 -50 -39 -34.375
3 16 -47.885 -46.5 -2.813 -47.885 -46.5 0 -50 -46.5 -34.375
4 16 -50 -46.5 34.375 -50 -46.5 -34.375 -47.885 -46.5 0 -47.885 -46.5 2.813
4 16 -48.75 -46.5 35.625 -4.635 -46.5 33.634 4.635 -46.5 33.634 48.75 -46.5 35.625
4 16 50 -46.5 34.375 47.885 -46.5 2.813 47.885 -46.5 -2.813 50 -46.5 -34.375

2 24 -21.036 -39 -28.751 -17.813 -39 -30.851
2 24 13.633 -33.625 -32.913 12.166 -33.625 -33.411
2 24 12.533 -33.625 -30.258 12.181 -33.625 -30.377
2 24 -44.216 -24.313 -6.603 -44.166 -24.313 -6.607
2 24 -47.125 -24 5.875 -47.125 -24 -5.875
2 24 27.788 -26.188 10 28.444 -26.188 3.41
2 24 -20.807 -26.188 -24.418 -20.957 -26.188 -24.675
2 24 -43.546 -24.313 6.049 -43.621 -24.313 6.104
2 24 -42.785 -24 2.988 -43.391 -24 5.826
2 24 -37.699 -24.313 11.747 -38.521 -24.313 11.747
2 24 30.851 -33.625 17.813 28.265 -33.625 21.689
2 24 -21.036 -22.75 -28.751 -17.813 -22.75 -30.851
2 24 -44.958 -22.75 5.875 -44.958 -22.75 8.75
2 24 24.992 -34 19.177 22.274 -34 22.274
2 24 12.166 -39 33.411 12.166 -33.625 33.411
2 24 34.41 -33.625 -9.22 35.073 -33.625 -6.25
2 24 -40.251 -27.75 2.094 -40.346 -28.228 2.189
2 24 -40.345 -25.085 -2.189 -40.616 -24.679 -2.46
2 24 -32.153 -29 -5.862 -32.219 -26.5 -5.875
2 24 19.938 -29 25.984 16.375 -29 28.362
2 24 -6.092 -26.5 29.354 -1.232 -26.5 30.408
2 24 12.789 -26.188 -26.191 4.362 -26.188 -27.637
2 24 -43.468 -24.313 5.959 -43.546 -24.313 6.049
2 24 -41.102 -24.313 9.165 -41.102 -24.313 8.313
2 24 19.786 -29 -25.786 16.25 -29 -28.145
2 24 27.279 -34 15.75 24.992 -34 19.177
2 24 12.055 -34 29.103 8.152 -34 30.426
2 24 -6.773 -26.5 -29.776 -8.035 -26.5 -29.461
2 24 -41.102 -24.563 8.313 -41.102 -24.313 8.313
2 24 22.508 -26.5 -17.857 19.914 -26.5 -21.648
2 24 16.375 -29 28.362 12.533 -29 30.258
2 24 27.162 -26.188 13.344 27.788 -26.188 10
2 24 -38.521 -24.563 11.747 -38.521 -24.563 9.165
2 24 -38.521 -24.563 5.732 -37.699 -24.563 5.732
2 24 -44.958 -29 -5.875 -44.958 -26.5 -5.875
2 24 -38.521 -24.313 11.747 -38.521 -24.313 9.165
2 24 35.615 -22.75 -0.834 35.537 -22.75 -2.5
2 24 31.5 -34 0 31.229 -34 4.111
2 24 0 -29 -32.5 -4.241 -29 -32.221
2 24 -42.294 -24.313 -0.912 -42.275 -24.313 -2.075
2 24 -44.12 -24.313 -6.599 -44.074 -24.313 -6.58
2 24 30.426 -34 -8.152 31.229 -34 -4.111
2 24 32.221 -29 -4.241 31.392 -29 -8.411
2 24 19.786 -29 25.786 22.981 -29 22.981
2 24 32.654 -33.625 -2.5 32.75 -33.625 -2.5
2 24 32.366 -22.75 5 35.272 -22.75 5
2 24 -16.375 -29 28.362 -12.533 -29 30.258
2 24 -44.49 -24 -6.437 -44.324 -24 -6.562
2 24 -37.699 -24.313 5.732 -38.521 -24.313 5.732
2 24 -18.143 -26.5 24.548 -6.092 -26.5 29.354
2 24 -4.241 -29 32.221 0 -29 32.5
2 24 8.152 -34 -30.426 12.055 -34 -29.103
2 24 -4.111 -34 -31.229 0 -34 -31.5
2 24 -43.495 -24 5.995 -43.575 -24 6.074
2 24 32.484 -26.188 4.169 32.366 -26.188 5
2 24 32.914 -33.625 -13.634 34.41 -33.625 -9.22
2 24 -38.521 -24.563 8.313 -38.521 -24.313 8.313
2 24 -35.118 -24.563 8.313 -35.118 -24.313 8.313
2 24 -12.055 -34 -29.103 -8.152 -34 -30.426
2 24 -8.411 -29 31.392 -4.241 -29 32.221
2 24 -15.059 -26.188 -24.012 -16.603 -26.188 -23.491
2 24 24.903 -26.188 17.794 23.505 -26.188 19.249
2 24 12.533 -29 30.258 8.476 -29 31.633
2 24 -44.183 -24 -6.607 -44.137 -24 -6.603
2 24 4.274 -29 -32.468 0 -29 -32.75
2 24 -20.807 -26.188 -24.418 -20.542 -26.188 -24.137
2 24 -20.065 -26.5 -23.82 -20.542 -26.5 -24.137
2 24 -47.125 -22.75 -5.875 -47.125 -22.75 5.875
2 24 4.241 -29 -32.221 0 -29 -32.5
2 24 32.75 -31.125 -5 32.75 -31.125 -2.5
2 24 32.654 -33.625 2.5 32.654 -29 2.5
2 24 32.654 -22.75 -2.5 32.654 -26.188 -2.5
2 24 17.497 -26.5 -24.032 15.16 -26.5 -25.402
2 24 -44.958 -22.75 -8.75 -50 -22.75 -8.75
2 24 -30.258 -29 12.533 -28.362 -29 16.375
2 24 17.813 -33.625 -30.851 21.689 -33.625 -28.265
2 24 -35.967 -25.085 2.189 -35.696 -24.679 2.46
2 24 -42.294 -24.313 -0.912 -42.887 -24.313 3.671
2 24 -8.035 -26.5 -29.461 -9.179 -26.5 -28.858
2 24 32.739 -22.75 0.834 32.739 -22.75 -0.834
2 24 28.444 -26.5 3.41 29.362 -26.5 -1.096
2 24 28.265 -33.625 -21.689 30.851 -33.625 -17.813
2 24 29.103 -34 -12.055 30.426 -34 -8.152
2 24 -43.575 -24 6.074 -43.65 -24 6.119
2 24 -6.773 -26.188 -29.776 -8.035 -26.188 -29.461
2 24 28.145 -29 16.25 30.027 -29 12.438
2 24 -27.279 -34 -15.75 -24.992 -34 -19.177
2 24 28.362 -29 -16.375 25.984 -29 -19.938
2 24 25.984 -29 19.938 23.158 -29 23.158
2 24 -12.533 -39 30.258 -8.476 -39 31.633
2 24 32.366 -26.188 -5 31.633 -26.188 -8.476
2 24 -37.699 -24.563 11.747 -37.699 -24.313 11.747
2 24 45.5 -39 -6.25 45.5 -39 0
2 24 -19.938 -26.188 -25.984 -21.036 -26.188 -25.101
2 24 -15.059 -26.5 -24.012 -16.603 -26.5 -23.491
2 24 -38.959 -24.563 -6.655 -38.959 -24.563 -9.539
2 24 -35.118 -24.563 8.313 -35.118 -24.563 9.165
2 24 32.484 -26.188 4.169 32.58 -26.188 3.336
2 24 -18.853 -26.188 24.447 -18.143 -26.188 24.548
2 24 -20.244 -26.188 24.661 -19.525 -26.188 24.471
2 24 -24.992 -34 19.177 -27.279 -34 15.75
2 24 25.567 -26.5 -12.718 22.508 -26.5 -17.857
2 24 -40.251 -27.75 -2.094 -40.25 -25.563 -2.094
2 24 34.41 -22.75 -9.22 35.272 -22.75 -5
2 24 0 -39 32.75 -4.274 -39 32.468
2 24 -4.274 -26.188 -32.468 -5.316 -26.188 -29.811
2 24 21.736 -26.188 20.641 23.505 -26.188 19.249
2 24 -37.699 -24.313 11.747 -37.699 -24.313 9.165
2 24 -35.967 -25.085 -2.189 -35.696 -24.679 -2.46
2 24 -30.426 -34 -8.152 -29.103 -34 -12.055
2 24 12.806 -26.188 26.314 21.736 -26.188 20.641
2 24 -32.38 -24.313 -4.909 -31.279 -24.313 -9.707
2 24 44.875 -33.625 -6.25 35.073 -33.625 -6.25
2 24 31.633 -29 -8.476 30.258 -29 -12.533
2 24 19.177 -34 24.992 15.75 -34 27.279
2 24 -42.283 -24 -1.098 -42.785 -24 2.988
2 24 -4.274 -29 32.468 0 -29 32.75
2 24 34.41 -33.625 9.22 32.914 -33.625 13.634
2 24 4.362 -26.5 -27.637 -3.03 -26.5 -29.45
2 24 35.272 -22.75 -5 32.366 -22.75 -5
2 24 -19.525 -26.188 24.471 -18.853 -26.188 24.447
2 24 -37.699 -24.563 5.732 -37.699 -24.313 5.732
2 24 32.75 -31.125 -5 35.272 -31.125 -5
2 24 -19.938 -22.75 25.984 -21.036 -22.75 25.101
2 24 19.177 -34 -24.992 22.274 -34 -22.274
2 24 -32.691 -26.5 1.968 -32.691 -26.5 -1.968
2 24 -38.959 -24.313 -9.539 -38.959 -24.313 -6.655
2 24 32.739 -26.188 -0.834 32.654 -26.188 -2.5
2 24 -40.346 -28.228 2.189 -40.617 -28.634 2.46
2 24 -44.324 -24 -6.562 -44.239 -24 -6.598
2 24 -30.027 -29 12.438 -28.145 -29 16.25
2 24 -42.378 -24.313 -3.008 -42.275 -24.313 -2.075
2 24 12.055 -34 -29.103 15.75 -34 -27.279
2 24 -44.137 -24 -6.603 -44.09 -24 -6.588
2 24 -19.938 -26.188 25.984 -21.036 -26.188 25.101
2 24 32.75 -31.125 2.5 32.75 -31.125 5
2 24 -19.938 -29 25.984 -16.375 -29 28.362
2 24 -19.938 -29 -25.984 -16.375 -29 -28.362
2 24 -5.316 -26.188 -29.811 -6.773 -26.188 -29.776
2 24 -44.958 -22.75 -5.875 -47.125 -22.75 -5.875
2 24 -8.152 -34 30.426 -12.055 -34 29.103
2 24 19.914 -26.5 -21.648 17.497 -26.5 -24.032
2 24 12.438 -29 30.027 16.25 -29 28.145
2 24 -43.742 -24 6.148 -43.887 -24 6.155
2 24 -15.75 -34 27.279 -19.177 -34 24.992
2 24 -37.699 -24.563 11.747 -38.521 -24.563 11.747
2 24 32.484 -26.188 -4.169 32.366 -26.188 -5
2 24 35.537 -22.75 -2.5 35.537 -31.125 -2.5
2 24 35.615 -22.75 0.834 35.615 -22.75 -0.834
2 24 32.654 -33.625 2.5 32.739 -33.625 0.834
2 24 32.654 -26.188 -2.5 32.58 -26.188 -3.336
2 24 35.537 -31.125 2.5 35.537 -22.75 2.5
2 24 -16.603 -26.188 -23.491 -18.038 -26.188 -23.351
2 24 -31.5 -34 0 -31.229 -34 -4.111
2 24 32.366 -33.625 5 32.326 -29 4.992
2 24 -45.44 -29 -1.968 -44.958 -29 -5.875
2 24 21.689 -33.625 28.265 17.813 -33.625 30.851
2 24 29.629 -26.5 -3.352 29.396 -26.5 -5.102
2 24 -8.152 -34 -30.426 -4.111 -34 -31.229
2 24 -38.521 -24.563 11.747 -38.521 -24.313 11.747
2 24 -38.033 -24.313 -9.539 -38.959 -24.313 -9.539
2 24 29.629 -26.188 -3.352 29.396 -26.188 -5.102
2 24 31.229 -34 -4.111 31.5 -34 0
2 24 35.537 -22.75 2.5 32.654 -22.75 2.5
2 24 -38.033 -24.563 -6.655 -38.033 -24.313 -6.655
2 24 32.739 -26.188 0.834 32.739 -26.188 -0.834
2 24 -44.04 -24 -6.556 -44.09 -24 -6.588
2 24 -10.111 -26.188 -28.116 -12.95 -26.188 -25.384
2 24 15.16 -26.5 -25.402 12.789 -26.5 -26.191
2 24 -36.063 -27.75 -2.094 -35.968 -28.228 -2.189
2 24 0 -34 -31.5 4.111 -34 -31.229
2 24 -21.021 -26.188 -24.884 -21.036 -26.188 -25.101
2 24 9.22 -39 34.41 12.166 -39 33.411
2 24 3.008 -26.5 30.502 6.438 -26.5 29.774
2 24 -20.957 -26.188 -24.675 -21.021 -26.188 -24.884
2 24 -19.938 -22.75 -25.984 -21.036 -22.75 -25.101
2 24 25.984 -33.625 -19.938 23.158 -33.625 -23.158
2 24 -19.177 -34 24.992 -22.274 -34 22.274
2 24 -44.958 -24 5.875 -44.958 -22.75 5.875
2 24 31.633 -33.625 8.476 32.366 -33.625 5
2 24 6.438 -26.188 29.774 9.243 -26.188 28.526
2 24 -36.062 -25.563 2.094 -35.967 -25.085 2.189
2 24 35.073 -31.125 6.25 46.75 -31.125 6.25
2 24 30.426 -34 8.152 29.103 -34 12.055
2 24 27.162 -26.5 13.344 27.788 -26.5 10
2 24 48 -39 -6.25 45.5 -39 -6.25
2 24 -31.392 -29 -8.411 -32.221 -29 -4.241
2 24 32.739 -33.625 -0.834 32.654 -33.625 -2.5
2 24 -40.345 -25.085 2.189 -40.616 -24.679 2.46
2 24 22.981 -29 -22.981 19.786 -29 -25.786
2 24 -44.958 -22.75 8.75 -50 -22.75 8.75
2 24 -44.958 -29 -5.875 -32.153 -29 -5.862
2 24 -43.887 -24 6.155 -44.317 -24 6.065
2 24 8.152 -34 30.426 4.111 -34 31.229
2 24 26.295 -26.5 15.632 27.162 -26.5 13.344
2 24 35.615 -31.125 0.834 35.537 -31.125 2.5
2 24 35.537 -31.125 -2.5 35.615 -31.125 -0.834
2 24 -20.065 -26.188 -23.82 -20.542 -26.188 -24.137
2 24 32.75 -33.625 5 32.366 -33.625 5
2 24 32.739 -33.625 -0.834 32.739 -33.625 0.834
2 24 -42.528 -24 -3.568 -43.798 -24 -6.148
2 24 -12.533 -29 -30.258 -8.476 -29 -31.633
2 24 19.914 -26.188 -21.648 17.497 -26.188 -24.032
2 24 -42.301 -24 -2.461 -42.283 -24 -1.098
2 24 27.788 -26.5 10 28.444 -26.5 3.41
2 24 16.25 -29 -28.145 12.438 -29 -30.027
2 24 -32.219 -26.5 -5.875 -44.958 -26.5 -5.875
2 24 25.567 -26.188 -12.718 22.508 -26.188 -17.857
2 24 -9.179 -26.188 -28.858 -8.035 -26.188 -29.461
2 24 -20.957 -26.5 -24.675 -21.021 -26.5 -24.884
2 24 32.914 -33.625 13.634 30.851 -33.625 17.813
2 24 -38.521 -24.313 9.165 -38.521 -24.563 9.165
2 24 -21.036 -26.188 25.101 -21.036 -26.5 25.101
2 24 -22.981 -29 -22.981 -25.786 -29 -19.786
2 24 12.166 -39 -33.411 9.22 -39 -34.41
2 24 -5.316 -26.5 -29.811 -6.773 -26.5 -29.776
2 24 35.615 -22.75 0.834 35.537 -22.75 2.5
2 24 32.75 -33.625 -5 32.366 -33.625 -5
2 24 -28.145 -29 16.25 -25.786 -29 19.786
2 24 31.392 -29 8.411 32.221 -29 4.241
2 24 32.75 -33.625 -2.5 32.75 -31.125 -2.5
2 24 35.272 -22.75 -5 35.272 -31.125 -5
2 24 -21.036 -39 25.101 -21.036 -39 28.751
2 24 0 -34 31.5 -4.111 -34 31.229
2 24 -36.062 -25.563 2.094 -36.063 -27.75 2.094
2 24 -40.251 -27.75 -2.094 -40.346 -28.228 -2.189
2 24 -5.316 -26.188 -29.811 -3.03 -26.188 -29.45
2 24 -19.525 -26.5 24.471 -18.853 -26.5 24.447
2 24 -42.528 -24 -3.568 -42.301 -24 -2.461
2 24 15.75 -34 -27.279 19.177 -34 -24.992
2 24 -30.426 -34 8.152 -31.229 -34 4.111
2 24 29.362 -26.188 -1.096 29.629 -26.188 -3.352
2 24 -44.958 -29 5.875 -45.44 -29 1.968
2 24 19.938 -33.625 -25.984 16.375 -33.625 -28.362
2 24 0 -39 32.75 4.274 -39 32.468
2 24 -43.821 -24.313 -6.203 -43.937 -24.313 -6.434
2 24 32.58 -26.188 3.336 32.654 -26.188 2.5
2 24 -38.959 -24.563 -9.539 -38.033 -24.563 -9.539
2 24 -43.419 -26.5 11.04 -44.449 -26.5 6.026
2 24 -18.038 -26.188 -23.351 -19.237 -26.188 -23.508
2 24 -24.992 -34 -19.177 -22.274 -34 -22.274
2 24 4.111 -34 -31.229 8.152 -34 -30.426
2 24 31.633 -33.625 -8.476 30.258 -33.625 -12.533
2 24 -32.153 -29 5.862 -44.958 -29 5.875
2 24 -47.125 -22.75 5.875 -47.125 -24 5.875
2 24 -44.958 -24 -5.875 -44.49 -24 -6.437
2 24 -44.958 -39 -8.75 -44.958 -22.75 -8.75
2 24 32.366 -33.625 -5 31.633 -33.625 -8.476
2 24 31.392 -29 -8.411 30.027 -29 -12.438
2 24 -13.971 -26.5 -24.622 -15.059 -26.5 -24.012
2 24 -20.542 -26.5 -24.137 -20.807 -26.5 -24.418
2 24 32.739 -22.75 -0.834 32.654 -22.75 -2.5
2 24 31.633 -22.75 8.476 32.366 -22.75 5
2 24 -21.036 -22.75 28.751 -21.036 -22.75 25.101
2 24 -31.633 -26.5 8.476 -32.219 -26.5 5.875
2 24 -16.375 -39 -28.362 -19.938 -39 -25.984
2 24 23.505 -26.5 19.249 24.903 -26.5 17.794
2 24 -21.036 -26.5 -25.101 -23.157 -26.5 -23.158
2 24 -43.817 -24.313 6.156 -43.705 -24.313 6.139
2 24 32.75 -33.625 2.5 32.75 -31.125 2.5
2 24 -21.036 -22.75 -25.101 -21.036 -22.75 -28.751
2 24 -40.346 -28.228 -2.189 -40.617 -28.634 -2.46
2 24 -35.118 -24.563 9.165 -37.699 -24.563 9.165
2 24 21.689 -33.625 -28.265 25.19 -33.625 -25.19
2 24 -44.449 -26.5 6.026 -44.958 -26.5 5.875
2 24 -36.062 -25.563 -2.094 -36.063 -27.75 -2.094
2 24 -35.118 -24.313 8.313 -35.118 -24.313 9.165
2 24 28.145 -29 -16.25 25.786 -29 -19.786
2 24 29.396 -26.188 -5.102 28.229 -26.188 -8.052
2 24 -38.959 -24.563 -6.655 -38.033 -24.563 -6.655
2 24 -44.373 -26.5 -6.532 -44.622 -26.5 -6.302
2 24 -30.256 -26.5 12.532 -31.633 -26.5 8.476
2 24 -31.392 -29 8.411 -30.027 -29 12.438
2 24 -32.219 -26.5 5.875 -32.153 -29 5.862
2 24 -4.111 -34 31.229 -8.152 -34 30.426
2 24 -8.476 -29 -31.633 -4.274 -29 -32.468
2 24 32.366 -22.75 -5 32.366 -26.188 -5
2 24 -43.621 -24.313 6.104 -43.705 -24.313 6.139
2 24 -27.279 -34 15.75 -29.103 -34 12.055
2 24 -19.177 -34 -24.992 -15.75 -34 -27.279
2 24 -19.786 -29 25.786 -16.25 -29 28.145
2 24 -41.102 -24.563 9.165 -41.102 -24.563 8.313
2 24 -19.237 -26.188 -23.508 -20.065 -26.188 -23.82
2 24 30.851 -33.625 -17.813 32.914 -33.625 -13.634
2 24 -38.959 -24.313 -6.655 -38.959 -24.563 -6.655
2 24 45.5 -39 6.25 48 -39 6.25
2 24 -37.699 -24.563 9.165 -37.699 -24.563 11.747
2 24 29.396 -26.5 -5.102 28.229 -26.5 -8.052
2 24 22.981 -29 22.981 25.786 -29 19.786
2 24 -50 -22.75 -8.75 -50 -39 -8.75
2 24 12.806 -26.5 26.314 21.736 -26.5 20.641
2 24 32.366 -26.188 5 32.366 -22.75 5
2 24 0 -29 32.5 4.241 -29 32.221
2 24 -44.449 -26.5 6.026 -44.449 -24.313 6.026
2 24 -38.033 -24.563 -9.539 -38.033 -24.563 -6.655
2 24 -10.111 -26.5 -28.116 -12.95 -26.5 -25.384
2 24 3.008 -26.188 30.502 6.438 -26.188 29.774
2 24 -12.533 -39 -30.258 -16.375 -39 -28.362
2 24 -17.813 -22.75 30.851 -21.036 -22.75 28.751
2 24 -37.699 -24.563 5.732 -37.699 -24.563 8.313
2 24 -42.538 -24.313 -3.594 -42.378 -24.313 -3.008
2 24 30.258 -29 -12.533 28.362 -29 -16.375
2 24 -44.02 -24.313 -6.538 -44.074 -24.313 -6.58
2 24 -18.143 -26.188 24.548 -6.092 -26.188 29.354
2 24 -43.937 -24.313 -6.434 -44.02 -24.313 -6.538
2 24 -3.03 -26.5 -29.45 -5.316 -26.5 -29.811
2 24 32.366 -22.75 -5 31.633 -22.75 -8.476
2 24 -35.118 -24.313 9.165 -35.118 -24.563 9.165
2 24 28.265 -33.625 21.689 25.19 -33.625 25.19
2 24 28.362 -29 16.375 25.984 -29 19.938
2 24 28.444 -26.188 3.41 29.362 -26.188 -1.096
2 24 -43.396 -24.313 5.837 -42.887 -24.313 3.671
2 24 -25.786 -29 -19.786 -28.145 -29 -16.25
2 24 -44.373 -24.313 -6.532 -44.289 -24.313 -6.58
2 24 -38.959 -24.313 -9.539 -38.959 -24.563 -9.539
2 24 29.103 -34 12.055 27.279 -34 15.75
2 24 -32.691 -26.5 -1.968 -32.219 -26.5 -5.875
2 24 -22.274 -34 -22.274 -19.177 -34 -24.992
2 24 4.274 -29 32.468 0 -29 32.75
2 24 -38.521 -24.563 8.313 -38.521 -24.563 5.732
2 24 -36.062 -25.563 -2.094 -35.967 -25.085 -2.189
2 24 -36.063 -27.75 2.094 -35.968 -28.228 2.189
2 24 26.295 -26.188 15.632 27.162 -26.188 13.344
2 24 -12.95 -26.5 -25.384 -13.971 -26.5 -24.622
2 24 12.188 -39 30.419 12.166 -39 33.411
2 24 32.75 -33.625 -5 32.75 -31.125 -5
2 24 -37.699 -24.313 9.165 -35.118 -24.313 9.165
2 24 -38.959 -24.313 -6.655 -38.033 -24.313 -6.655
2 24 -13.971 -26.188 -24.622 -15.059 -26.188 -24.012
2 24 -38.521 -24.313 9.165 -41.102 -24.313 9.165
2 24 8.476 -29 31.633 4.274 -29 32.468
2 24 -37.699 -24.563 9.165 -37.699 -24.313 9.165
2 24 -21.036 -39 -25.101 -19.938 -39 -25.984
2 24 28.229 -26.188 -8.052 25.567 -26.188 -12.718
2 24 -43.975 -24 -6.488 -43.798 -24 -6.148
2 24 -43.817 -24.313 6.156 -43.936 -24.313 6.151
2 24 -12.055 -34 29.103 -15.75 -34 27.279
2 24 19.938 -29 -25.984 16.375 -29 -28.362
2 24 -45.44 -29 1.968 -45.44 -29 -1.968
2 24 -32.75 -24.313 0 -32.38 -24.313 4.909
2 24 32.221 -29 4.241 32.5 -29 0
2 24 12.789 -26.5 -26.191 4.362 -26.5 -27.637
2 24 -35.968 -28.228 2.189 -35.697 -28.634 2.46
2 24 15.75 -34 27.279 12.055 -34 29.103
2 24 -35.968 -28.228 -2.189 -35.697 -28.634 -2.46
2 24 -16.25 -29 -28.145 -19.786 -29 -25.786
2 24 -21.021 -26.5 -24.884 -21.036 -26.5 -25.101
2 24 -32.219 -26.5 5.875 -32.691 -26.5 1.968
2 24 29.362 -26.5 -1.096 29.629 -26.5 -3.352
2 24 32.366 -29 -5 32.366 -33.625 -5
2 24 8.411 -29 -31.392 4.241 -29 -32.221
2 24 -44.239 -24 -6.598 -44.183 -24 -6.607
2 24 32.654 -22.75 2.5 32.654 -26.188 2.5
2 24 25.19 -33.625 25.19 21.689 -33.625 28.265
2 24 -30.027 -29 -12.438 -31.392 -29 -8.411
2 24 25.786 -29 -19.786 22.981 -29 -22.981
2 24 -43.419 -24.313 -11.04 -44.373 -24.313 -6.532
2 24 -1.232 -26.188 30.408 -6.092 -26.188 29.354
2 24 -25.786 -29 19.786 -22.981 -29 22.981
2 24 -4.274 -39 32.468 -8.476 -39 31.633
2 24 -22.274 -34 22.274 -24.992 -34 19.177
2 24 -19.786 -29 -25.786 -22.981 -29 -22.981
2 24 -21.036 -39 -28.751 -21.036 -39 -25.101
2 24 -43.65 -24 6.119 -43.742 -24 6.148
2 24 -43.391 -24 5.826 -43.495 -24 5.995
2 24 25.19 -33.625 -25.19 28.265 -33.625 -21.689
2 24 -16.25 -29 28.145 -12.438 -29 30.027
2 24 32.75 -31.125 2.5 35.537 -31.125 2.5
2 24 -31.633 -29 8.476 -30.258 -29 12.533
2 24 -47.125 -22.75 -5.875 -47.125 -24 -5.875
2 24 35.272 -31.125 5 35.272 -22.75 5
2 24 -44.289 -24.313 -6.58 -44.216 -24.313 -6.603
2 24 46.75 -31.125 -6.25 35.073 -31.125 -6.25
2 24 35.073 -31.125 -6.25 35.272 -31.125 -5
2 24 -32.75 -29 0 -32.221 -29 4.241
2 24 32.75 -33.625 2.5 32.75 -33.625 5
2 24 -32.221 -29 4.241 -31.392 -29 8.411
2 24 -38.521 -24.563 5.732 -38.521 -24.313 5.732
2 24 6.438 -26.5 29.774 9.243 -26.5 28.526
2 24 32.654 -29 -2.5 32.654 -33.625 -2.5
2 24 -4.274 -29 -32.468 0 -29 -32.75
2 24 12.166 -39 -33.411 12.166 -33.625 -33.411
2 24 -31.279 -24.313 9.707 -32.38 -24.313 4.909
2 24 35.272 -31.125 5 32.75 -31.125 5
2 24 -41.102 -24.313 8.313 -38.521 -24.313 8.313
2 24 15.16 -26.188 -25.402 17.497 -26.188 -24.032
2 24 12.166 -39 -33.411 12.188 -39 -30.419
2 24 -1.232 -26.5 30.408 3.008 -26.5 30.502
2 24 24.903 -26.5 17.794 26.295 -26.5 15.632
2 24 24.992 -34 -19.177 27.279 -34 -15.75
2 24 -12.438 -29 30.027 -8.411 -29 31.392
2 24 -41.102 -24.563 8.313 -38.521 -24.563 8.313
2 24 -44.958 -22.75 -8.75 -44.958 -22.75 -5.875
2 24 -8.411 -29 -31.392 -12.438 -29 -30.027
2 24 -22.981 -29 22.981 -19.786 -29 25.786
2 24 -21.036 -26.5 25.101 -20.244 -26.5 24.661
2 24 48 -39 6.25 48 -39 -6.25
2 24 -40.25 -25.563 -2.094 -40.345 -25.085 -2.189
2 24 -44.317 -24 6.065 -44.958 -24 5.875
2 24 -43.936 -24.313 6.151 -44.093 -24.313 6.124
2 24 12.188 -39 -30.419 12.181 -33.625 -30.377
2 24 -38.521 -24.563 9.165 -41.102 -24.563 9.165
2 24 30.027 -29 -12.438 28.145 -29 -16.25
2 24 4.111 -34 31.229 0 -34 31.5
2 24 32.366 -26.188 5 32.326 -29 4.992
2 24 30.027 -29 12.438 31.392 -29 8.411
2 24 -40.251 -27.75 2.094 -40.25 -25.563 2.094
2 24 -18.853 -26.5 24.447 -18.143 -26.5 24.548
2 24 48 -32.375 6.25 48 -39 6.25
2 24 -43.821 -24.313 -6.203 -42.538 -24.313 -3.594
2 24 -15.75 -34 -27.279 -12.055 -34 -29.103
2 24 -41.102 -24.563 9.165 -41.102 -24.313 9.165
2 24 44.875 -33.625 6.25 35.073 -33.625 6.25
2 24 -31.229 -34 4.111 -31.5 -34 0
2 24 22.274 -34 -22.274 24.992 -34 -19.177
2 24 -44.093 -24.313 6.124 -44.449 -24.313 6.026
2 24 23.158 -33.625 -23.158 19.938 -33.625 -25.984
2 24 -16.603 -26.5 -23.491 -18.038 -26.5 -23.351
2 24 16.375 -33.625 -28.362 12.533 -33.625 -30.258
2 24 32.654 -26.188 2.5 32.739 -26.188 0.834
2 24 -4.241 -29 -32.221 -8.411 -29 -31.392
2 24 -35.118 -24.313 8.313 -37.699 -24.313 8.313
2 24 -12.533 -29 30.258 -8.476 -29 31.633
2 24 -37.699 -24.563 8.313 -35.118 -24.563 8.313
2 24 -44.449 -24.313 6.026 -43.419 -24.313 11.04
2 24 22.508 -26.188 -17.857 19.914 -26.188 -21.648
2 24 -50 -22.75 -8.75 -50 -22.75 8.75
2 24 32.58 -26.188 -3.336 32.484 -26.188 -4.169
2 24 -44.958 -26.5 5.875 -44.958 -24 5.875
2 24 4.241 -29 32.221 8.411 -29 31.392
2 24 -44.622 -26.5 -6.302 -44.958 -26.5 -5.875
2 24 12.166 -33.625 33.411 12.188 -33.625 30.398
2 24 32.75 -31.125 5 32.75 -33.625 5
2 24 -44.958 -29 5.875 -44.958 -26.5 5.875
2 24 -32.219 -26.5 -5.875 -31.633 -26.5 -8.476
2 24 -38.033 -24.313 -9.539 -38.033 -24.563 -9.539
2 24 -47.125 -22.75 5.875 -44.958 -22.75 5.875
2 24 48 -32.375 -6.25 48 -39 -6.25
2 24 -32.38 -24.313 -4.909 -32.75 -24.313 0
2 24 -1.232 -26.188 30.408 3.008 -26.188 30.502
2 24 15.16 -26.188 -25.402 12.789 -26.188 -26.191
2 24 16.25 -29 28.145 19.786 -29 25.786
2 24 -12.95 -26.188 -25.384 -13.971 -26.188 -24.622
2 24 -44.958 -39 8.75 -44.958 -22.75 8.75
2 24 31.229 -34 4.111 30.426 -34 8.152
2 24 27.279 -34 -15.75 29.103 -34 -12.055
2 24 -44.958 -22.75 -5.875 -44.958 -24 -5.875
2 24 -32.221 -29 -4.241 -32.75 -29 0
2 24 -28.145 -29 -16.25 -30.027 -29 -12.438
2 24 22.274 -34 22.274 19.177 -34 24.992
2 24 8.411 -29 31.392 12.438 -29 30.027
2 24 35.272 -31.125 5 35.073 -31.125 6.25
2 24 -20.244 -26.5 24.661 -19.525 -26.5 24.471
2 24 -16.375 -29 -28.362 -12.533 -29 -30.258
2 24 -19.237 -26.5 -23.508 -20.065 -26.5 -23.82
2 24 23.158 -29 -23.158 19.938 -29 -25.984
2 24 45.5 -34.25 -6.25 45.5 -39 -6.25
2 24 -9.179 -26.5 -28.858 -10.111 -26.5 -28.116
2 24 12.166 -33.625 -33.411 12.181 -33.625 -30.377
2 24 -29.103 -34 12.055 -30.426 -34 8.152
2 24 -44.958 -26.5 5.875 -32.219 -26.5 5.875
2 24 -31.229 -34 -4.111 -30.426 -34 -8.152
2 24 -47.125 -24 5.875 -44.958 -24 5.875
2 24 32.654 -22.75 2.5 32.739 -22.75 0.834
2 24 -29.103 -34 -12.055 -27.279 -34 -15.75
2 24 -10.111 -26.188 -28.116 -9.179 -26.188 -28.858
2 24 32.654 -26.188 -2.5 32.654 -29 -2.5
2 24 12.533 -29 -30.258 8.476 -29 -31.633
2 24 -37.699 -24.563 8.313 -37.699 -24.313 8.313
2 24 -44.958 -24 -5.875 -47.125 -24 -5.875
2 24 -50 -22.75 8.75 -50 -39 8.75
2 24 -37.699 -24.313 8.313 -37.699 -24.313 5.732
2 24 32.75 -33.625 -2.5 32.75 -33.625 -5
2 24 12.188 -39 30.419 12.188 -33.625 30.398
2 24 -38.033 -24.313 -6.655 -38.033 -24.313 -9.539
2 24 -44.166 -24.313 -6.607 -44.12 -24.313 -6.599
2 24 -18.038 -26.5 -23.351 -19.237 -26.5 -23.508
2 24 32.654 -29 2.5 32.654 -26.188 2.5
2 24 34.41 -33.625 9.22 35.073 -33.625 6.25
2 24 26.295 -26.188 15.632 24.903 -26.188 17.794
2 24 32.5 -29 0 32.221 -29 -4.241
2 24 32.75 -31.125 -2.5 35.537 -31.125 -2.5
2 24 -38.521 -24.313 8.313 -38.521 -24.313 5.732
2 24 45.5 -39 6.25 45.5 -34.25 6.25
2 24 -21.036 -26.188 25.101 -20.244 -26.188 24.661
2 24 12.438 -29 -30.027 8.411 -29 -31.392
2 24 -44.373 -26.5 -6.532 -43.419 -26.5 -11.04
2 24 23.158 -29 23.158 19.938 -29 25.984
2 24 32.366 -26.188 5 31.633 -26.188 8.476
2 24 30.258 -29 12.533 28.362 -29 16.375
2 24 -8.476 -29 31.633 -4.274 -29 32.468
2 24 35.073 -33.625 -6.25 35.073 -31.125 -6.25
2 24 -20.807 -26.5 -24.418 -20.957 -26.5 -24.675
2 24 25.786 -29 19.786 28.145 -29 16.25
2 24 32.654 -22.75 -2.5 35.537 -22.75 -2.5
2 24 32.366 -29 -5 32.366 -26.188 -5
2 24 35.272 -22.75 5 34.41 -22.75 9.22
2 24 45.5 -39 0 45.5 -39 6.25
2 24 25.984 -29 -19.938 23.158 -29 -23.158
2 24 12.188 -39 30.419 8.476 -39 31.633
2 24 8.476 -29 -31.633 4.274 -29 -32.468
2 24 -43.468 -24.313 5.959 -43.396 -24.313 5.837
2 24 28.362 -33.625 -16.375 25.984 -33.625 -19.938
2 24 35.615 -31.125 -0.834 35.615 -31.125 0.834
2 24 16.375 -29 -28.362 12.533 -29 -30.258
2 24 30.258 -33.625 -12.533 28.362 -33.625 -16.375
2 24 9.243 -26.5 28.526 12.806 -26.5 26.314
2 24 21.736 -26.5 20.641 23.505 -26.5 19.249
2 24 -16.375 -39 28.362 -12.533 -39 30.258
2 24 4.274 -39 32.468 8.476 -39 31.633
2 24 -44.04 -24 -6.556 -43.975 -24 -6.488
2 24 32.75 -33.625 2.5 32.654 -33.625 2.5
2 24 9.243 -26.188 28.526 12.806 -26.188 26.314
2 24 28.229 -26.5 -8.052 25.567 -26.5 -12.718
2 24 -12.438 -29 -30.027 -16.25 -29 -28.145
2 24 35.073 -31.125 6.25 35.073 -33.625 6.25
2 24 -40.25 -25.563 2.094 -40.345 -25.085 2.189
2 24 31.633 -29 8.476 30.258 -29 12.533
2 24 8.476 -39 -31.633 12.188 -39 -30.419
2 24 -32.5 -29 0 -32.221 -29 4.241
2 24 -30.256 -26.5 -12.532 -28.362 -26.5 -16.374
2 24 -32.221 -29 -4.241 -32.5 -29 0
5 24 -31.279 -24.313 -9.707 -31.633 -26.5 -8.476 -30.256 -26.5 -12.532 -32.38 -24.313 -4.909
2 24 -25.983 -26.5 -19.938 -23.157 -26.5 -23.158
2 24 -25.981 -26.5 19.937 -28.361 -26.5 16.375
5 24 -30.256 -26.5 12.532 -30.256 -24.313 12.532 -31.279 -24.313 9.707 -29.257 -24.313 14.604
2 24 -23.158 -26.5 23.158 -21.036 -26.5 25.101
2 24 -23.158 -26.5 23.158 -25.981 -26.5 19.937
5 24 -30.256 -26.5 -12.532 -30.256 -24.313 -12.532 -29.257 -24.313 -14.604 -31.279 -24.313 -9.707
2 24 -28.362 -26.5 -16.374 -25.983 -26.5 -19.938
2 24 -28.362 -29 16.375 -25.984 -29 19.938
2 24 -25.984 -29 19.938 -23.158 -29 23.158
2 24 -23.158 -29 23.158 -20.996 -29 25.055
2 24 -29.257 -26.5 14.604 -28.361 -26.5 16.375
2 24 -20.996 -29 -25.055 -23.158 -29 -23.158
2 24 -23.158 -29 -23.158 -25.984 -29 -19.938
2 24 -25.984 -29 -19.938 -28.362 -29 -16.374
2 24 -28.362 -29 -16.374 -30.258 -29 -12.533
2 24 -30.258 -29 -12.533 -31.634 -29 -8.476
2 24 -31.634 -29 -8.476 -32.153 -29 -5.862
2 24 -21.036 -22.75 -28.751 -21.036 -39 -28.751
2 24 -21.036 -26.5 25.101 -20.996 -29 25.055
2 24 -21.036 -22.75 28.751 -21.036 -39 28.751
2 24 -21.036 -26.5 -25.101 -20.996 -29 -25.055
2 24 12.166 -33.625 33.411 13.633 -33.625 32.913
2 24 -21.036 -39 28.751 -17.813 -39 30.851

5 24 -20.996 -29 -25.055 -19.938 -39 -25.984 -21.036 -39 -25.101 -19.938 -29 -25.984
5 24 -21.036 -39 28.751 -20.996 -29 25.055 -21.036 -22.75 28.751 -21.036 -39 25.101
5 24 -19.938 -39 25.984 -20.996 -29 25.055 -21.036 -39 25.101 -19.938 -29 25.984
5 24 -1.077 -43.8 8.179 0 -43.8 8.25 0 -44.2 0 0 -43.1 12.375
5 24 -43.546 -24.313 6.049 -43.575 -24 6.074 -43.495 -24 5.995 -43.621 -24.313 6.104
5 24 21.736 -26.188 20.641 21.736 -26.5 20.641 23.505 -26.188 19.249 12.806 -26.5 26.314
5 24 -44.074 -24.313 -6.58 -44.04 -24 -6.556 -44.02 -24.313 -6.538 -44.09 -24 -6.588
5 24 -40.617 -28.634 -2.46 -41.023 -28.905 -2.866 -40.251 -28.905 -2.866 -41.023 -28.905 -2.094
5 24 35.272 -22.75 5 35.073 -31.125 6.25 35.272 -31.125 5 34.41 -22.75 9.22
5 24 2.135 -43.8 7.969 3.157 -43.8 7.622 3.203 -43.1 11.953 0 -44.2 0
5 24 8.179 -43.8 1.077 8.25 -43.8 0 0 -44.2 0 12.269 -43.1 1.615
5 24 -21.036 -22.75 25.101 -21.036 -26.188 25.101 -19.938 -22.75 25.984 -21.036 -22.75 28.751
5 24 -38.276 -39.562 0 -38.843 -39.418 0 -38.418 -39.418 -4.634 -38.418 -39.418 4.634
5 24 -7.145 -43.8 -4.125 -7.622 -43.8 -3.157 -10.717 -43.1 -6.188 0 -44.2 0
5 24 -16.603 -26.188 -23.491 -16.603 -26.5 -23.491 -18.038 -26.188 -23.351 -15.059 -26.5 -24.012
5 24 -1.232 -26.188 30.408 -1.232 -26.5 30.408 -6.092 -26.5 29.354 3.008 -26.188 30.502
5 24 -21.036 -26.5 25.101 -23.158 -29 23.158 -20.996 -29 25.055 -23.158 -26.5 23.158
5 24 -40.617 -28.634 2.46 -41.023 -28.905 2.866 -40.251 -28.905 2.866 -41.023 -28.905 2.094
5 24 7.969 -43.8 2.135 8.179 -43.8 1.077 11.953 -43.1 3.203 0 -44.2 0
5 24 -41.023 -28.905 2.866 -41.501 -29 3.344 -40.251 -29 3.344 -41.501 -29 2.094
5 24 15.16 -26.188 -25.402 15.16 -26.5 -25.402 12.789 -26.188 -26.191 17.497 -26.5 -24.032
5 24 -44.093 -24.313 6.124 -44.317 -24 6.065 -44.449 -24.313 6.026 -43.887 -24 6.155
5 24 -41.023 -28.905 -2.866 -41.501 -29 -3.344 -40.251 -29 -3.344 -41.501 -29 -2.094
5 24 37.329 -39.836 0 34.575 -42.988 0 34.615 -42.895 -2.228 34.615 -42.895 2.228
5 24 -18.038 -26.188 -23.351 -18.038 -26.5 -23.351 -19.237 -26.188 -23.508 -16.603 -26.5 -23.491
5 24 34.41 -22.75 9.22 35.073 -31.125 6.25 35.272 -22.75 5 34.41 -33.625 9.22
5 24 29.362 -26.188 -1.096 29.362 -26.5 -1.096 28.444 -26.5 3.41 29.629 -26.188 -3.352
5 24 -21.036 -22.75 28.751 -21.036 -26.5 25.101 -21.036 -26.188 25.101 -20.996 -29 25.055
5 24 32.739 -29 0.834 32.739 -33.625 0.834 32.739 -29 -0.834 32.654 -33.625 2.5
5 24 32.58 -29 -3.336 32.58 -26.188 -3.336 32.654 -26.188 -2.5 32.484 -29 -4.169
5 24 32.75 -31.125 5 32.326 -29 4.992 32.366 -33.625 5 35.272 -31.125 5
5 24 -44.093 -24.313 6.124 -43.887 -24 6.155 -43.936 -24.313 6.151 -44.317 -24 6.065
5 24 -19.525 -26.188 24.471 -19.525 -26.5 24.471 -18.853 -26.188 24.447 -20.244 -26.5 24.661
5 24 -43.798 -24 -6.148 -43.821 -24.313 -6.203 -43.937 -24.313 -6.434 -42.528 -24 -3.568
5 24 -43.396 -24.313 5.837 -43.391 -24 5.826 -42.887 -24.313 3.671 -43.468 -24.313 5.959
5 24 -20.996 -29 25.055 -21.036 -39 25.101 -21.036 -39 28.751 -19.938 -39 25.984
5 24 -7.622 -43.8 3.157 -7.145 -43.8 4.125 0 -44.2 0 -10.717 -43.1 6.188
5 24 -8.179 -43.8 1.077 -7.969 -43.8 2.135 0 -44.2 0 -11.953 -43.1 3.203
5 24 -6.546 -43.8 -5.023 -7.145 -43.8 -4.125 -9.818 -43.1 -7.534 0 -44.2 0
5 24 -7.969 -43.8 -2.135 -8.179 -43.8 -1.077 -11.953 -43.1 -3.203 0 -44.2 0
5 24 32.484 -26.188 -4.169 32.484 -29 -4.169 32.58 -26.188 -3.336 32.366 -29 -5
5 24 -45.44 -29 1.968 -45.394 -39 2.61 -44.958 -29 5.875 -45.44 -39 -1.968
5 24 32.739 -22.75 0.834 32.739 -26.188 0.834 32.739 -22.75 -0.834 32.654 -26.188 2.5
5 24 -42.785 -24 2.988 -42.887 -24.313 3.671 -43.391 -24 5.826 -42.294 -24.313 -0.912
5 24 -7.145 -43.8 4.125 -6.546 -43.8 5.023 0 -44.2 0 -9.818 -43.1 7.534
5 24 -35.697 -28.634 -2.46 -35.291 -28.905 -2.866 -35.291 -28.905 -2.094 -36.063 -28.905 -2.866
5 24 4.362 -26.188 -27.637 4.362 -26.5 -27.637 -3.03 -26.188 -29.45 12.789 -26.5 -26.191
5 24 -18.853 -26.188 24.447 -18.853 -26.5 24.447 -18.143 -26.188 24.548 -19.525 -26.5 24.471
5 24 6.438 -26.188 29.774 6.438 -26.5 29.774 9.243 -26.188 28.526 3.008 -26.5 30.502
5 24 -4.125 -43.8 7.145 -3.157 -43.8 7.622 -4.736 -43.1 11.433 0 -44.2 0
5 24 -32.38 -24.313 4.909 -32.691 -26.5 1.968 -32.219 -26.5 5.875 -32.75 -24.313 0
5 24 27.162 -26.188 13.344 27.162 -26.5 13.344 26.295 -26.5 15.632 27.788 -26.188 10
5 24 -3.157 -43.8 7.622 -2.135 -43.8 7.969 0 -44.2 0 -3.203 -43.1 11.953
5 24 -43.419 -24.313 -11.04 -43.419 -26.5 -11.04 -44.373 -26.5 -6.532 -41.983 -24.313 -15.418
5 24 -35.291 -28.905 2.866 -34.813 -29 3.344 -34.813 -29 2.094 -36.063 -29 3.344
5 24 0 -43.8 8.25 1.077 -43.8 8.179 0 -44.2 0 0 -43.1 12.375
5 24 -8.035 -26.188 -29.461 -8.035 -26.5 -29.461 -9.179 -26.188 -28.858 -6.773 -26.5 -29.776
5 24 -20.807 -26.188 -24.418 -20.807 -26.5 -24.418 -20.957 -26.188 -24.675 -20.542 -26.5 -24.137
5 24 -43.742 -24 6.148 -43.705 -24.313 6.139 -43.65 -24 6.119 -43.817 -24.313 6.156
5 24 -41.022 -24.408 2.866 -41.5 -24.313 3.344 -41.5 -24.313 2.094 -40.25 -24.313 3.344
5 24 -44.289 -24.313 -6.58 -44.324 -24 -6.562 -44.373 -24.313 -6.532 -44.239 -24 -6.598
5 24 -32.691 -26.5 1.968 -32.75 -24.313 0 -32.691 -26.5 -1.968 -32.38 -24.313 4.909
5 24 -44.317 -24 6.065 -44.449 -24.313 6.026 -44.958 -24 5.875 -44.093 -24.313 6.124
5 24 -39.429 -39.418 0 -39.997 -39.562 0 -39.552 -39.562 4.844 -39.552 -39.562 -4.844
5 24 -44.12 -24.313 -6.599 -44.137 -24 -6.603 -44.166 -24.313 -6.607 -44.09 -24 -6.588
5 24 -35.291 -28.905 -2.866 -34.813 -29 -3.344 -34.813 -29 -2.094 -36.063 -29 -3.344
5 24 9.243 -26.5 28.526 9.243 -26.188 28.526 12.806 -26.188 26.314 6.438 -26.5 29.774
5 24 -35.29 -24.408 2.866 -34.812 -24.313 3.344 -36.062 -24.313 3.344 -34.812 -24.313 2.094
5 24 -42.538 -24.313 -3.594 -42.528 -24 -3.568 -42.378 -24.313 -3.008 -43.821 -24.313 -6.203
5 24 7.622 -43.8 3.157 7.969 -43.8 2.135 0 -44.2 0 11.433 -43.1 4.736
5 24 -32.691 -26.5 -1.968 -32.38 -24.313 -4.909 -32.219 -26.5 -5.875 -32.75 -24.313 0
5 24 -35.29 -24.408 -2.866 -34.812 -24.313 -3.344 -36.062 -24.313 -3.344 -34.812 -24.313 -2.094
5 24 4.125 -43.8 7.145 5.023 -43.8 6.546 6.188 -43.1 10.717 0 -44.2 0
5 24 28.229 -26.188 -8.052 28.229 -26.5 -8.052 25.567 -26.188 -12.718 29.396 -26.5 -5.102
5 24 3.157 -43.8 -7.622 2.135 -43.8 -7.969 3.203 -43.1 -11.953 0 -44.2 0
5 24 7.145 -43.8 -4.125 6.546 -43.8 -5.023 0 -44.2 0 9.818 -43.1 -7.534
5 24 2.135 -43.8 -7.969 1.077 -43.8 -8.179 1.615 -43.1 -12.269 0 -44.2 0
5 24 1.077 -43.8 8.179 2.135 -43.8 7.969 0 -44.2 0 1.615 -43.1 12.269
5 24 37.571 -40.042 0 38.276 -39.562 0 37.86 -39.562 4.53 37.86 -39.562 -4.53
5 24 0 -43.8 -8.25 -1.077 -43.8 -8.179 0 -43.1 -12.375 0 -44.2 0
5 24 -38.843 -39.018 0 -38.276 -39.162 0 -37.86 -39.162 -4.53 -37.86 -39.162 4.53
5 24 -32.38 -24.313 4.909 -32.219 -26.5 5.875 -32.691 -26.5 1.968 -31.279 -24.313 9.707
5 24 -43.391 -24 5.826 -42.887 -24.313 3.671 -43.396 -24.313 5.837 -42.785 -24 2.988
5 24 -20.065 -26.5 -23.82 -20.065 -26.188 -23.82 -20.542 -26.188 -24.137 -19.237 -26.5 -23.508
5 24 -43.419 -26.5 11.04 -43.419 -24.313 11.04 -41.983 -24.313 15.418 -44.449 -24.313 6.026
5 24 5.834 -43.8 5.834 6.546 -43.8 5.023 8.75 -43.1 8.75 0 -44.2 0
5 24 -43.937 -24.313 -6.434 -43.798 -24 -6.148 -43.975 -24 -6.488 -43.821 -24.313 -6.203
5 24 38.843 -39.018 0 38.276 -39.162 0 37.86 -39.162 -4.53 37.86 -39.162 4.53
5 24 -8.179 -43.8 -1.077 -8.25 -43.8 0 -12.269 -43.1 -1.615 0 -44.2 0
5 24 -43.468 -24.313 5.959 -43.495 -24 5.995 -43.546 -24.313 6.049 -43.391 -24 5.826
5 24 6.546 -43.8 -5.023 5.834 -43.8 -5.834 0 -44.2 0 8.75 -43.1 -8.75
5 24 -2.135 -43.8 -7.969 -3.157 -43.8 -7.622 -3.203 -43.1 -11.953 0 -44.2 0
5 24 -43.887 -24 6.155 -43.817 -24.313 6.156 -43.936 -24.313 6.151 -43.742 -24 6.148
5 24 22.508 -26.188 -17.857 22.508 -26.5 -17.857 19.914 -26.188 -21.648 25.567 -26.5 -12.718
5 24 38.276 -39.562 0 38.843 -39.418 0 38.418 -39.418 4.634 38.418 -39.418 -4.634
5 24 28.444 -26.5 3.41 28.444 -26.188 3.41 27.788 -26.5 10 29.362 -26.188 -1.096
5 24 -44.958 -29 -5.875 -44.958 -39 -5.875 -44.958 -39 -8.75 -45.44 -29 -1.968
5 24 40.944 -39.836 0 40.512 -39.44 0 40.059 -39.44 4.938 40.059 -39.44 -4.938
5 24 -5.316 -26.188 -29.811 -5.316 -26.5 -29.811 -6.773 -26.188 -29.776 -3.03 -26.5 -29.45
5 24 8.179 -43.8 -1.077 7.969 -43.8 -2.135 0 -44.2 0 11.953 -43.1 -3.203
5 24 29.396 -26.188 -5.102 29.396 -26.5 -5.102 29.629 -26.5 -3.352 28.229 -26.188 -8.052
5 24 -3.03 -26.5 -29.45 -3.03 -26.188 -29.45 -5.316 -26.188 -29.811 4.362 -26.5 -27.637
5 24 -44.183 -24 -6.607 -44.216 -24.313 -6.603 -44.166 -24.313 -6.607 -44.239 -24 -6.598
5 24 32.326 -29 4.992 35.272 -31.125 5 32.75 -31.125 5 32.366 -26.188 5
5 24 38.276 -39.162 0 37.76 -39.44 0 37.353 -39.44 4.437 37.353 -39.44 -4.437
5 24 6.546 -43.8 5.023 7.145 -43.8 4.125 9.818 -43.1 7.534 0 -44.2 0
5 24 1.077 -43.8 -8.179 0 -43.8 -8.25 0 -43.1 -12.375 0 -44.2 0
5 24 -39.997 -39.562 0 -40.702 -40.042 0 -40.245 -40.042 4.972 -40.245 -40.042 -4.972
5 24 -21.036 -39 -25.101 -20.996 -29 -25.055 -19.938 -39 -25.984 -21.036 -39 -28.751
5 24 -44.373 -24.313 -6.532 -44.373 -26.5 -6.532 -43.419 -24.313 -11.04 -44.622 -26.5 -6.302
5 24 -44.958 -39 5.875 -44.958 -29 5.875 -44.958 -22.75 8.75 -45.394 -39 2.61
5 24 -10.111 -26.188 -28.116 -10.111 -26.5 -28.116 -9.179 -26.5 -28.858 -12.95 -26.188 -25.384
5 24 26.295 -26.188 15.632 26.295 -26.5 15.632 27.162 -26.188 13.344 24.903 -26.5 17.794
5 24 -44.216 -24.313 -6.603 -44.239 -24 -6.598 -44.289 -24.313 -6.58 -44.183 -24 -6.607
5 24 -44.373 -24.313 -6.532 -44.958 -24 -5.875 -44.958 -26.5 -5.875 -44.49 -24 -6.437
5 24 -18.143 -26.188 24.548 -18.143 -26.5 24.548 -6.092 -26.188 29.354 -18.853 -26.5 24.447
5 24 3.157 -43.8 7.622 4.125 -43.8 7.145 0 -44.2 0 4.736 -43.1 11.433
5 24 35.073 -31.125 -6.25 35.272 -22.75 -5 34.41 -22.75 -9.22 35.272 -31.125 -5
5 24 3.008 -26.188 30.502 3.008 -26.5 30.502 6.438 -26.188 29.774 -1.232 -26.5 30.408
5 24 -32.75 -24.313 0 -32.691 -26.5 -1.968 -32.691 -26.5 1.968 -32.38 -24.313 -4.909
5 24 32.739 -26.188 -0.834 32.739 -22.75 -0.834 32.654 -22.75 -2.5 32.739 -26.188 0.834
5 24 -35.696 -24.679 -2.46 -35.29 -24.408 -2.866 -35.29 -24.408 -2.094 -36.062 -24.408 -2.866
5 24 -3.157 -43.8 -7.622 -4.125 -43.8 -7.145 -4.736 -43.1 -11.433 0 -44.2 0
5 24 -44.373 -24.313 -6.532 -44.622 -26.5 -6.302 -44.958 -26.5 -5.875 -44.373 -26.5 -6.532
5 24 -12.95 -26.188 -25.384 -12.95 -26.5 -25.384 -10.111 -26.5 -28.116 -13.971 -26.188 -24.622
5 24 -43.546 -24.313 6.049 -43.495 -24 5.995 -43.468 -24.313 5.959 -43.575 -24 6.074
5 24 -7.969 -43.8 2.135 -7.622 -43.8 3.157 0 -44.2 0 -11.433 -43.1 4.736
5 24 -41.022 -24.408 -2.866 -41.5 -24.313 -3.344 -41.5 -24.313 -2.094 -40.25 -24.313 -3.344
5 24 17.497 -26.5 -24.032 17.497 -26.188 -24.032 15.16 -26.188 -25.402 19.914 -26.5 -21.648
5 24 -42.301 -24 -2.461 -42.378 -24.313 -3.008 -42.528 -24 -3.568 -42.275 -24.313 -2.075
5 24 -42.294 -24.313 -0.912 -42.785 -24 2.988 -42.887 -24.313 3.671 -42.283 -24 -1.098
5 24 23.505 -26.188 19.249 23.505 -26.5 19.249 24.903 -26.188 17.794 21.736 -26.5 20.641
5 24 -35.697 -28.634 2.46 -35.291 -28.905 2.866 -35.291 -28.905 2.094 -36.063 -28.905 2.866
5 24 32.484 -29 4.169 32.484 -26.188 4.169 32.58 -29 3.336 32.326 -29 4.992
5 24 7.622 -43.8 -3.157 7.145 -43.8 -4.125 0 -44.2 0 10.717 -43.1 -6.188
5 24 -20.957 -26.188 -24.675 -20.957 -26.5 -24.675 -21.021 -26.188 -24.884 -20.807 -26.5 -24.418
5 24 -45.44 -29 -1.968 -45.44 -39 -1.968 -44.958 -39 -5.875 -45.44 -29 1.968
5 24 -37.329 -39.836 0 -34.575 -42.988 0 -34.615 -42.895 2.228 -34.615 -42.895 -2.228
5 24 -40.512 -39.44 0 -39.997 -39.162 0 -39.552 -39.162 -4.844 -39.552 -39.162 4.844
5 24 -43.705 -24.313 6.139 -43.65 -24 6.119 -43.621 -24.313 6.104 -43.742 -24 6.148
5 24 -44.09 -24 -6.588 -44.074 -24.313 -6.58 -44.12 -24.313 -6.599 -44.04 -24 -6.556
5 24 -6.773 -26.188 -29.776 -6.773 -26.5 -29.776 -8.035 -26.188 -29.461 -5.316 -26.5 -29.811
5 24 -13.971 -26.188 -24.622 -13.971 -26.5 -24.622 -15.059 -26.188 -24.012 -12.95 -26.5 -25.384
5 24 -15.059 -26.188 -24.012 -15.059 -26.5 -24.012 -16.603 -26.188 -23.491 -13.971 -26.5 -24.622
5 24 -31.633 -26.5 8.476 -31.279 -24.313 9.707 -32.219 -26.5 5.875 -30.256 -26.5 12.532
5 24 19.914 -26.188 -21.648 19.914 -26.5 -21.648 17.497 -26.188 -24.032 22.508 -26.5 -17.857
5 24 -42.283 -24 -1.098 -42.275 -24.313 -2.075 -42.294 -24.313 -0.912 -42.301 -24 -2.461
5 24 7.145 -43.8 4.125 7.622 -43.8 3.157 10.717 -43.1 6.188 0 -44.2 0
5 24 -5.023 -43.8 6.546 -4.125 -43.8 7.145 0 -44.2 0 -6.188 -43.1 10.717
5 24 -42.283 -24 -1.098 -42.294 -24.313 -0.912 -42.275 -24.313 -2.075 -42.785 -24 2.988
5 24 35.073 -31.125 -6.25 34.41 -22.75 -9.22 35.272 -22.75 -5 35.073 -33.625 -6.25
5 24 -42.528 -24 -3.568 -42.378 -24.313 -3.008 -42.301 -24 -2.461 -42.538 -24.313 -3.594
5 24 5.834 -43.8 -5.834 5.023 -43.8 -6.546 0 -44.2 0 7.534 -43.1 -9.818
5 24 24.903 -26.5 17.794 24.903 -26.188 17.794 26.295 -26.188 15.632 23.505 -26.5 19.249
5 24 -43.621 -24.313 6.104 -43.65 -24 6.119 -43.575 -24 6.074 -43.705 -24.313 6.139
5 24 35.615 -31.125 0.834 35.615 -22.75 0.834 35.537 -22.75 2.5 35.615 -31.125 -0.834
5 24 4.125 -43.8 -7.145 3.157 -43.8 -7.622 4.736 -43.1 -11.433 0 -44.2 0
5 24 -5.023 -43.8 -6.546 -5.834 -43.8 -5.834 0 -44.2 0 -7.534 -43.1 -9.818
5 24 12.789 -26.188 -26.191 12.789 -26.5 -26.191 15.16 -26.5 -25.402 4.362 -26.188 -27.637
5 24 -5.834 -43.8 5.834 -5.023 -43.8 6.546 0 -44.2 0 -7.534 -43.1 9.818
5 24 12.806 -26.188 26.314 12.806 -26.5 26.314 21.736 -26.188 20.641 9.243 -26.5 28.526
5 24 -4.125 -43.8 -7.145 -5.023 -43.8 -6.546 -6.188 -43.1 -10.717 0 -44.2 0
5 24 -32.219 -26.5 -5.875 -32.38 -24.313 -4.909 -32.691 -26.5 -1.968 -31.633 -26.5 -8.476
5 24 5.023 -43.8 6.546 5.834 -43.8 5.834 7.534 -43.1 9.818 0 -44.2 0
5 24 -44.239 -24 -6.598 -44.289 -24.313 -6.58 -44.324 -24 -6.562 -44.216 -24.313 -6.603
5 24 -39.997 -39.162 0 -39.429 -39.018 0 -38.994 -39.018 -4.741 -38.994 -39.018 4.741
5 24 7.969 -43.8 -2.135 7.622 -43.8 -3.157 0 -44.2 0 11.433 -43.1 -4.736
5 24 5.023 -43.8 -6.546 4.125 -43.8 -7.145 0 -44.2 0 6.188 -43.1 -10.717
5 24 35.615 -22.75 -0.834 35.615 -31.125 -0.834 35.615 -22.75 0.834 35.537 -31.125 -2.5
5 24 -38.276 -39.162 0 -37.76 -39.44 0 -37.353 -39.44 -4.437 -37.353 -39.44 4.437
5 24 -43.391 -24 5.826 -43.468 -24.313 5.959 -43.396 -24.313 5.837 -43.495 -24 5.995
5 24 -44.183 -24 -6.607 -44.166 -24.313 -6.607 -44.216 -24.313 -6.603 -44.137 -24 -6.603
5 24 -43.817 -24.313 6.156 -43.742 -24 6.148 -43.705 -24.313 6.139 -43.887 -24 6.155
5 24 -1.077 -43.8 -8.179 -2.135 -43.8 -7.969 -1.615 -43.1 -12.269 0 -44.2 0
5 24 37.76 -39.44 0 37.329 -39.836 0 36.929 -39.836 4.358 36.929 -39.836 -4.358
5 24 -43.936 -24.313 6.151 -43.887 -24 6.155 -43.817 -24.313 6.156 -44.093 -24.313 6.124
5 24 -20.996 -29 25.055 -21.036 -22.75 28.751 -21.036 -39 28.751 -21.036 -26.5 25.101
5 24 32.58 -26.188 3.336 32.58 -29 3.336 32.484 -26.188 4.169 32.654 -29 2.5
5 24 40.512 -39.44 0 39.997 -39.162 0 39.552 -39.162 4.844 39.552 -39.162 -4.844
5 24 -44.02 -24.313 -6.538 -43.975 -24 -6.488 -44.04 -24 -6.556 -43.937 -24.313 -6.434
5 24 -44.324 -24 -6.562 -44.373 -24.313 -6.532 -44.49 -24 -6.437 -44.289 -24.313 -6.58
5 24 -44.958 -26.5 -5.875 -44.958 -24 -5.875 -44.373 -24.313 -6.532 -44.958 -22.75 -8.75
5 24 32.739 -33.625 -0.834 32.739 -29 -0.834 32.739 -33.625 0.834 32.654 -29 -2.5
5 24 -21.021 -26.5 -24.884 -21.021 -26.188 -24.884 -21.036 -26.188 -25.101 -20.957 -26.5 -24.675
5 24 -6.546 -43.8 5.023 -5.834 -43.8 5.834 0 -44.2 0 -8.75 -43.1 8.75
5 24 -7.622 -43.8 -3.157 -7.969 -43.8 -2.135 -11.433 -43.1 -4.736 0 -44.2 0
5 24 -19.237 -26.188 -23.508 -19.237 -26.5 -23.508 -20.065 -26.188 -23.82 -18.038 -26.5 -23.351
5 24 12.188 -39 -30.419 8.476 -33.625 -31.633 8.476 -39 -31.633 12.181 -33.625 -30.377
5 24 -42.301 -24 -2.461 -42.275 -24.313 -2.075 -42.283 -24 -1.098 -42.378 -24.313 -3.008
5 24 -6.092 -26.188 29.354 -6.092 -26.5 29.354 -1.232 -26.188 30.408 -18.143 -26.5 24.548
5 24 -21.036 -26.5 -25.101 -21.036 -26.188 -25.101 -21.036 -22.75 -28.751 -21.021 -26.5 -24.884
5 24 -21.036 -26.188 -25.101 -21.036 -22.75 -25.101 -21.036 -22.75 -28.751 -19.938 -26.188 -25.984
5 24 -35.696 -24.679 2.46 -35.29 -24.408 2.866 -36.062 -24.408 2.866 -35.29 -24.408 2.094
5 24 39.997 -39.162 0 39.429 -39.018 0 38.994 -39.018 4.741 38.994 -39.018 -4.741
5 24 39.997 -39.562 0 40.702 -40.042 0 40.245 -40.042 -4.972 40.245 -40.042 4.972
5 24 -44.166 -24.313 -6.607 -44.137 -24 -6.603 -44.12 -24.313 -6.599 -44.183 -24 -6.607
5 24 -44.02 -24.313 -6.538 -44.04 -24 -6.556 -44.074 -24.313 -6.58 -43.975 -24 -6.488
5 24 -44.373 -24.313 -6.532 -44.958 -26.5 -5.875 -44.958 -24 -5.875 -44.622 -26.5 -6.302
5 24 -37.76 -39.44 0 -37.329 -39.836 0 -36.929 -39.836 4.358 -36.929 -39.836 -4.358
5 24 -43.575 -24 6.074 -43.621 -24.313 6.104 -43.65 -24 6.119 -43.546 -24.313 6.049
5 24 8.25 -43.8 0 8.179 -43.8 -1.077 12.269 -43.1 -1.615 0 -44.2 0
5 24 -43.975 -24 -6.488 -43.937 -24.313 -6.434 -43.798 -24 -6.148 -44.02 -24.313 -6.538
5 24 -20.542 -26.188 -24.137 -20.542 -26.5 -24.137 -20.807 -26.188 -24.418 -20.065 -26.5 -23.82
5 24 29.629 -26.188 -3.352 29.629 -26.5 -3.352 29.362 -26.5 -1.096 29.396 -26.188 -5.102
5 24 27.788 -26.188 10 27.788 -26.5 10 27.162 -26.5 13.344 28.444 -26.188 3.41
5 24 -40.944 -39.836 0 -40.512 -39.44 0 -40.059 -39.44 -4.938 -40.059 -39.44 4.938
5 24 25.567 -26.188 -12.718 25.567 -26.5 -12.718 22.508 -26.188 -17.857 28.229 -26.5 -8.052
5 24 -9.179 -26.5 -28.858 -9.179 -26.188 -28.858 -8.035 -26.5 -29.461 -10.111 -26.188 -28.116
5 24 -44.373 -24.313 -6.532 -44.49 -24 -6.437 -44.958 -24 -5.875 -44.324 -24 -6.562
5 24 -20.244 -26.5 24.661 -20.244 -26.188 24.661 -21.036 -26.5 25.101 -19.525 -26.188 24.471
5 24 39.429 -39.418 0 39.997 -39.562 0 39.552 -39.562 -4.844 39.552 -39.562 4.844
5 24 -5.834 -43.8 -5.834 -6.546 -43.8 -5.023 0 -44.2 0 -8.75 -43.1 -8.75
5 24 -2.135 -43.8 7.969 -1.077 -43.8 8.179 0 -44.2 0 -1.615 -43.1 12.269
5 24 -40.616 -24.679 2.46 -41.022 -24.408 2.866 -40.25 -24.408 2.866 -41.022 -24.408 2.094
5 24 -44.12 -24.313 -6.599 -44.09 -24 -6.588 -44.137 -24 -6.603 -44.074 -24.313 -6.58
5 24 -37.571 -40.042 0 -38.276 -39.562 0 -37.86 -39.562 4.53 -37.86 -39.562 -4.53
5 24 -8.25 -43.8 0 -8.179 -43.8 1.077 0 -44.2 0 -12.269 -43.1 1.615
5 24 -40.616 -24.679 -2.46 -41.022 -24.408 -2.866 -41.022 -24.408 -2.094 -40.25 -24.408 -2.866
5 24 -23.158 -29 -23.158 -21.036 -26.5 -25.101 -23.157 -26.5 -23.158 -20.996 -29 -25.055
5 24 -31.634 -29 -8.476 -32.219 -26.5 -5.875 -32.153 -29 -5.862 -31.633 -26.5 -8.476
5 24 -31.633 -29 8.476 -32.219 -26.5 5.875 -31.633 -26.5 8.476 -32.153 -29 5.862
5 24 -21.036 -39 -28.751 -21.036 -26.5 -25.101 -21.036 -22.75 -28.751 -20.996 -29 -25.055
5 24 0 -22.75 -35.625 0 -39 -35.625 4.649 -22.75 -35.319 -4.649 -22.75 -35.319
5 24 0 -22.75 35.625 0 -39 35.625 4.649 -22.75 35.319 -4.649 -22.75 35.319
