0 | Fx Bricks FxTrack  9V Rail Straight 16 - Plastic Substructure
0 Name: t1132.dat
0 Author: Ulrich Röder [UR]
0 !LDRAW_ORG Unofficial_Part 
0 !LICENSE Redistributable under CCAL version 2.0 : see CAreadme.txt

0 BFC CERTIFY CCW

0 !CATEGORY Train
0 !KEYWORDS Track System, Third Party


0 // Created with the express permission and behalf of Fx Bricks (Canada)
0 // Based on the original production files by Michael Gale.

1 16 0 0 -150 1 0 0 0 1 0 0 0 1 s\t1128s04.dat
1 16 0 0 150 -1 0 0 0 1 0 0 0 -1 s\t1128s04.dat
1 16 50 0 -40 1 0 0 0 1 0 0 0 1 s\t1128s05.dat
1 16 50 0 40 1 0 0 0 1 0 0 0 1 s\t1128s05.dat
1 16 50 0 -126 1 0 0 0 1 0 0 0 1 s\t1128s05.dat
1 16 50 0 126 1 0 0 0 1 0 0 0 1 s\t1128s05.dat
1 16 -50 0 -40 1 0 0 0 1 0 0 0 1 s\t1128s05.dat
1 16 -50 0 40 1 0 0 0 1 0 0 0 1 s\t1128s05.dat
1 16 -50 0 -126 1 0 0 0 1 0 0 0 1 s\t1128s05.dat
1 16 -50 0 126 1 0 0 0 1 0 0 0 1 s\t1128s05.dat
1 16 50 0 0 1 0 0 0 1 0 0 0 32.5 s\t1128s06.dat
1 16 50 0 83 1 0 0 0 1 0 0 0 35.5 s\t1128s06.dat
1 16 50 0 -60 1 0 0 0 1 0 0 0 12.5 s\t1128s06.dat
1 16 50 0 -103 1 0 0 0 1 0 0 0 15.5 s\t1128s06.dat
1 16 50 0 -140.375 1 0 0 0 1 0 0 0 6.875 s\t1128s06.dat
1 16 50 0 140.375 1 0 0 0 1 0 0 0 6.875 s\t1128s06.dat
1 16 0 0 0 1 0 0 0 1 0 0 0 1 s\t1132s03.dat
1 16 50 0 -80 1 0 0 0 1 0 0 0 1 s\t1130s01.dat
1 16 0 0 80 1 0 0 0 1 0 0 0 1 s\t1132s04.dat
1 16 -50 0 0 1 0 0 0 1 0 0 0 32.5 s\t1128s06.dat
1 16 -50 0 83 1 0 0 0 1 0 0 0 35.5 s\t1128s06.dat
1 16 -50 0 -60 1 0 0 0 1 0 0 0 12.5 s\t1128s06.dat
1 16 -50 0 -103 1 0 0 0 1 0 0 0 15.5 s\t1128s06.dat
1 16 -50 0 -140.375 1 0 0 0 1 0 0 0 6.875 s\t1128s06.dat
1 16 -50 0 140.375 1 0 0 0 1 0 0 0 6.875 s\t1128s06.dat
1 16 -50 0 -80 -1 0 0 0 1 0 0 0 -1 s\t1130s01.dat
1 16 0 0 -90 1 0 0 0 1 0 0 0 1 s\t1134s01.dat
1 16 0 0 -70 1 0 0 0 1 0 0 0 1 s\t1134s01.dat
1 16 0 0 -10 1 0 0 0 1 0 0 0 1 s\t1134s01.dat
1 16 0 0 10 1 0 0 0 1 0 0 0 1 s\t1134s01.dat
1 16 0 0 70 1 0 0 0 1 0 0 0 1 s\t1134s01.dat
1 16 0 0 90 1 0 0 0 1 0 0 0 1 s\t1134s01.dat
1 16 0 0 150 1 0 0 0 1 0 0 0 1 s\t1134s01.dat
1 16 0 0 -150 1 0 0 0 1 0 0 0 1 s\t1134s01.dat
1 16 70 0 0 1 0 0 0 1 0 0 0 1 s\t1132s02.dat
1 16 70 0 80 1 0 0 0 1 0 0 0 1 s\t1132s02.dat
1 16 70 0 -80 1 0 0 0 1 0 0 0 1 s\t1132s02.dat
1 16 -70 0 -80 -1 0 0 0 1 0 0 0 -1 s\t1132s02.dat
1 16 -70 0 0 -1 0 0 0 1 0 0 0 -1 s\t1132s02.dat
1 16 -70 0 80 -1 0 0 0 1 0 0 0 -1 s\t1132s02.dat
1 16 0 0 -80 1 0 0 0 1 0 0 0 1 s\t1132s04.dat
1 16 -50 0 40 1 0 0 0 1 0 0 0 1 s\t1132s05.dat
1 16 50 0 40 -1 0 0 0 1 0 0 0 1 s\t1132s05.dat
1 16 -50 0 110.5 1 0 0 0 1 0 0 0 1 s\t1130s02.dat
1 16 50 0 110.5 1 0 0 0 1 0 0 0 1 s\t1130s02.dat
1 16 50 0 -40 -1 0 0 0 1 0 0 0 1 s\t1132s06.dat
1 16 -50 0 -40 1 0 0 0 1 0 0 0 1 s\t1132s06.dat
1 16 -50 0 -110.5 1 0 0 0 1 0 0 0 1 s\t1130s03.dat
1 16 50 0 -110.5 -1 0 0 0 1 0 0 0 1 s\t1130s03.dat

0 // Side I
3 16 57.5 -8 -118.5 60 -8 -100 57.5 -8 -87.5
3 16 42.5 -8 -47.5 40 -8 -60 42.5 -8 -72.5
3 16 42.5 -8 -87.5 40 -8 -100 42.5 -8 -118.5
3 16 60 -8 -60 57.5 -8 -47.5 57.5 -8 -72.5
4 16 56.9 0 -81 56.9 0 -79 60 0 -71.5 60 0 -88.5
4 16 43.1 0 81 56.9 0 81 56.9 0 79 43.1 0 79
4 16 56.9 0 79 56.9 0 81 60 0 88.5 60 0 71.5
4 16 56.9 0 -1 43.1 0 -1 43.1 0 1 56.9 0 1
4 16 56.9 0 -81 43.1 0 -81 43.1 0 -79 56.9 0 -79
4 16 43.1 0 81 43.1 0 79 40.3 0 71.5 40.3 0 88.5
4 16 43.1 0 1 43.1 0 -1 40.3 0 -8.5 40.3 0 8.5
4 16 60 0 -8.5 56.9 0 -1 56.9 0 1 60 0 8.5
4 16 57.5 -8 133.5 57.5 -8 118.5 60 -8 100 60 -8 140
4 16 57.5 -8 47.5 60 -8 60 60 -8 100 57.5 -8 118.5
4 16 60 -8 60 57.5 -8 47.5 57.5 -8 32.5 60 -8 20
4 16 57.5 -8 -72.5 57.5 -8 -87.5 60 -8 -100 60 -8 -60
4 16 57.5 -8 -118.5 57.5 -8 -133.5 60 -8 -140 60 -8 -100
4 16 42.5 -8 118.5 42.5 -8 133.5 40 -8 140 40 -8 100
4 16 40 -8 100 40 -8 60 42.5 -8 47.5 42.5 -8 118.5
4 16 40 -8 20 40 -8 -20 42.5 -8 -32.5 42.5 -8 32.5
4 16 42.5 -8 -47.5 42.5 -8 -32.5 40 -8 -20 40 -8 -60
4 16 40 -8 -100 42.5 -8 -87.5 42.5 -8 -72.5 40 -8 -60
4 16 42.5 -8 -133.5 42.5 -8 -118.5 40 -8 -100 40 -8 -140
4 16 42.5 -8 32.5 42.5 -8 47.5 40 -8 60 40 -8 20
4 16 40.3 0 -88.5 40.3 0 -71.5 43.1 0 -79 43.1 0 -81
4 16 60 -8 -20 60 -8 20 57.5 -8 32.5 57.5 -8 -32.5
4 16 60 -8 -20 57.5 -8 -32.5 57.5 -8 -47.5 60 -8 -60

0 // Side II
3 16 -57.5 -8 -87.5 -60 -8 -100 -57.5 -8 -118.5
3 16 -57.5 -8 -47.5 -60 -8 -60 -57.5 -8 -72.5
4 16 -57 0 79 -57 0 81 -43.1 0 81 -43.1 0 79
4 16 -40.3 0 8.5 -40.3 0 -8.5 -43.1 0 -1 -43.1 0 1
4 16 -40.3 0 88.5 -40.3 0 71.5 -43.1 0 79 -43.1 0 81
4 16 -57 0 81 -57 0 79 -60 0 71.5 -60 0 88.5
4 16 -43.1 0 -1 -57 0 -1 -57 0 1 -43.1 0 1
4 16 -57 0 -79 -43.1 0 -79 -43.1 0 -81 -57 0 -81
4 16 -60 0 -88.5 -60 0 -71.5 -57 0 -79 -57 0 -81
4 16 -43.1 0 -81 -43.1 0 -79 -40.3 0 -71.5 -40.3 0 -88.5
4 16 -57.5 -8 -133.5 -57.5 -8 -118.5 -60 -8 -100 -60 -8 -140
4 16 -57.5 -8 -87.5 -57.5 -8 -72.5 -60 -8 -60 -60 -8 -100
4 16 -57.5 -8 -47.5 -57.5 -8 -32.5 -60 -8 -20 -60 -8 -60
4 16 -57.5 -8 32.5 -60 -8 20 -60 -8 -20 -57.5 -8 -32.5
4 16 -60 -8 20 -57.5 -8 32.5 -57.5 -8 47.5 -60 -8 60
4 16 -57.5 -8 118.5 -60 -8 100 -60 -8 60 -57.5 -8 47.5
4 16 -57.5 -8 118.5 -57.5 -8 133.5 -60 -8 140 -60 -8 100
4 16 -57 0 1 -57 0 -1 -60 0 -8.5 -60 0 8.5
4 16 -40 -8 -100 -42.5 -8 -118.5 -42.5 -8 -133.5 -40 -8 -140
4 16 -42.5 -8 -72.5 -42.5 -8 -87.5 -40 -8 -100 -40 -8 -60
3 16 -40 -8 -100 -42.5 -8 -87.5 -42.5 -8 -118.5
3 16 -42.5 -8 -72.5 -40 -8 -60 -42.5 -8 -47.5
4 16 -42.5 -8 -32.5 -42.5 -8 -47.5 -40 -8 -60 -40 -8 -20
4 16 -42.5 -8 -32.5 -40 -8 -20 -40 -8 20 -42.5 -8 32.5
4 16 -42.5 -8 47.5 -42.5 -8 32.5 -40 -8 20 -40 -8 60
4 16 -42.5 -8 47.5 -40 -8 60 -40 -8 100 -42.5 -8 118.5
4 16 -42.5 -8 133.5 -42.5 -8 118.5 -40 -8 100 -40 -8 140
3 16 -42.5 -8 -140 -40 -8 -140 -42.5 -8 -133.5
3 16 -60 -8 -140 -57.5 -8 -140 -57.5 -8 -133.5
3 16 57.5 -8 -140 60 -8 -140 57.5 -8 -133.5
3 16 40 -8 -140 42.5 -8 -140 42.5 -8 -133.5
3 16 -40 -8 140 -42.5 -8 140 -42.5 -8 133.5
3 16 -57.5 -8 140 -60 -8 140 -57.5 -8 133.5
3 16 60 -8 140 57.5 -8 140 57.5 -8 133.5
3 16 42.5 -8 140 40 -8 140 42.5 -8 133.5
