0 | Fx Bricks FxTrack  9V Rail Straight  8 - Plastic Substructure
0 Name: t1130.dat
0 Author: Ulrich Röder [UR]
0 !LDRAW_ORG Unofficial_Part 
0 !LICENSE Redistributable under CCAL version 2.0 : see CAreadme.txt

0 BFC CERTIFY CCW

0 !CATEGORY Train
0 !KEYWORDS Track System, Third Party


0 // Created with the express permission and behalf of Fx Bricks (Canada)
0 // Based on the original production files by Michael Gale.

1 16 0 0 -70 1 0 0 0 1 0 0 0 1 s\t1128s04.dat
1 16 0 0 70 -1 0 0 0 1 0 0 0 -1 s\t1128s04.dat
1 16 50 0 -46 1 0 0 0 1 0 0 0 1 s\t1128s05.dat
1 16 -50 0 -46 1 0 0 0 1 0 0 0 1 s\t1128s05.dat
1 16 50 0 -23 1 0 0 0 1 0 0 0 15.5 s\t1128s06.dat
1 16 -50 0 -23 1 0 0 0 1 0 0 0 15.5 s\t1128s06.dat
1 16 50 0 23 1 0 0 0 1 0 0 0 15.5 s\t1128s06.dat
1 16 -50 0 23 1 0 0 0 1 0 0 0 15.5 s\t1128s06.dat
1 16 50 0 -60.375 1 0 0 0 1 0 0 0 6.875 s\t1128s06.dat
1 16 50 0 0 1 0 0 0 1 0 0 0 1 s\t1130s01.dat
1 16 -50 0 -60.375 1 0 0 0 1 0 0 0 6.875 s\t1128s06.dat
1 16 -50 0 0 -1 0 0 0 1 0 0 0 -1 s\t1130s01.dat
1 16 -50 0 -30.5 1 0 0 0 1 0 0 0 1 s\t1130s03.dat
1 16 50 0 -30.5 -1 0 0 0 1 0 0 0 1 s\t1130s03.dat
1 16 50 0 46 1 0 0 0 1 0 0 0 1 s\t1128s05.dat
1 16 -50 0 46 1 0 0 0 1 0 0 0 1 s\t1128s05.dat
1 16 50 0 60.375 1 0 0 0 1 0 0 0 6.875 s\t1128s06.dat
1 16 -50 0 60.375 1 0 0 0 1 0 0 0 6.875 s\t1128s06.dat
1 16 -50 0 30.5 1 0 0 0 1 0 0 0 1 s\t1130s02.dat
1 16 50 0 30.5 -1 0 0 0 1 0 0 0 1 s\t1130s02.dat
1 16 0 0 -70 1 0 0 0 1 0 0 0 1 s\t1134s01.dat
1 16 0 0 -10 1 0 0 0 1 0 0 0 1 s\t1134s01.dat
1 16 0 0 10 1 0 0 0 1 0 0 0 1 s\t1134s01.dat
1 16 0 0 70 1 0 0 0 1 0 0 0 1 s\t1134s01.dat
1 16 70 0 0 1 0 0 0 1 0 0 0 1 s\t1132s02.dat
1 16 0 0 0 1 0 0 0 1 0 0 0 1 s\t1132s03.dat
1 16 -70 0 0 -1 0 0 0 1 0 0 0 -1 s\t1132s02.dat

3 16 57.5 -8 38.5 57.5 -8 7.5 60 -8 20
3 16 57.5 -8 -7.5 57.5 -8 -38.5 60 -8 -20
3 16 -40 -8 -20 -42.5 -8 -7.5 -42.5 -8 -38.5
3 16 -42.5 -8 7.5 -40 -8 20 -42.5 -8 38.5
3 16 42.5 -8 -7.5 40 -8 -20 42.5 -8 -38.5
3 16 42.5 -8 38.5 40 -8 20 42.5 -8 7.5
3 16 -57.5 -8 38.5 -60 -8 20 -57.5 -8 7.5
3 16 -57.5 -8 -7.5 -60 -8 -20 -57.5 -8 -38.5
3 16 57.5 -8 -60 60 -8 -60 57.5 -8 -53.5
3 16 40 -8 -60 42.5 -8 -60 42.5 -8 -53.5
3 16 -60 -8 -60 -57.5 -8 -60 -57.5 -8 -53.5
3 16 -42.5 -8 -60 -40 -8 -60 -42.5 -8 -53.5
3 16 60 -8 60 57.5 -8 60 57.5 -8 53.5
3 16 42.5 -8 60 40 -8 60 42.5 -8 53.5
3 16 -57.5 -8 60 -60 -8 60 -57.5 -8 53.5
3 16 -40 -8 60 -42.5 -8 60 -42.5 -8 53.5
4 16 60 0 -8.5 57 0 -1 57 0 1 60 0 8.5
4 16 57 0 1 57 0 -1 43.1 0 -1 43.1 0 1
4 16 40.3 0 8.5 43.1 0 1 43.1 0 -1 40.3 0 -8.5
4 16 -57 0 1 -43.1 0 1 -43.1 0 -1 -57 0 -1
4 16 -57 0 1 -57 0 -1 -60 0 -8.5 -60 0 8.5
4 16 -40.3 0 -8.5 -43.1 0 -1 -43.1 0 1 -40.3 0 8.5
4 16 57.5 -8 -38.5 57.5 -8 -53.5 60 -8 -60 60 -8 -20
4 16 60 -8 20 57.5 -8 7.5 57.5 -8 -7.5 60 -8 -20
4 16 57.5 -8 53.5 57.5 -8 38.5 60 -8 20 60 -8 60
4 16 -42.5 -8 -38.5 -42.5 -8 -53.5 -40 -8 -60 -40 -8 -20
4 16 -42.5 -8 7.5 -42.5 -8 -7.5 -40 -8 -20 -40 -8 20
4 16 -42.5 -8 53.5 -42.5 -8 38.5 -40 -8 20 -40 -8 60
4 16 42.5 -8 -7.5 42.5 -8 7.5 40 -8 20 40 -8 -20
4 16 42.5 -8 38.5 42.5 -8 53.5 40 -8 60 40 -8 20
4 16 40 -8 -60 42.5 -8 -53.5 42.5 -8 -38.5 40 -8 -20
4 16 -60 -8 -60 -57.5 -8 -53.5 -57.5 -8 -38.5 -60 -8 -20
4 16 -57.5 -8 -7.5 -57.5 -8 7.5 -60 -8 20 -60 -8 -20
4 16 -60 -8 20 -57.5 -8 38.5 -57.5 -8 53.5 -60 -8 60
