0 | Fx Bricks FxTrack  9V - Point - Cover
0 Name: t1153.dat
0 Author: Ulrich Röder [UR]
0 !LDRAW_ORG Unofficial_Part 
0 !LICENSE Redistributable under CCAL version 2.0 : see CAreadme.txt

0 BFC CERTIFY CCW

0 !CATEGORY Train
0 !KEYWORDS Track System, Third Party


0 // Created with the express permission and behalf of Fx Bricks (Canada)
0 // Based on the original production files by Michael Gale.

0 BFC INVERTNEXT
1 16 0 -.375 10 3.5 0 0 0 .375 0 0 0 3.5 4-4cylo.dat
1 16 0 -2 10 2 0 0 0 1 0 0 0 2 4-4ndis.dat
1 16 0 0 10 3.5 0 0 0 -1 0 0 0 3.5 4-4ndis.dat
0 BFC INVERTNEXT
1 16 0 -2 10 2 0 0 0 .25 0 0 0 2 4-4cylo.dat
0 BFC INVERTNEXT
1 16 0 -.375 10 .5 0 0 0 -.5 0 0 0 .5 4-4con6.dat
0 BFC INVERTNEXT
1 16 0 -.875 10 .5 0 0 0 -.5 0 0 0 .5 4-4con5.dat
0 BFC INVERTNEXT
1 16 0 -1.375 10 .5 0 0 0 -.375 0 0 0 .5 4-4con4.dat
1 16 59 -3 4.25 0 0 -1 1 0 0 0 -1 0 rect.dat
1 16 58 -3 -.5 0 1 0 1 0 0 0 0 -4.75 rect3.dat
1 16 -35.25 -4 -10.5 0 0 -1 0 1 0 4.25 0 -1 rect2p.dat
1 16 0 -4 -4.75 1 0 0 0 1 0 0 0 9 rect3.dat
1 16 35.25 -4 -10.5 0 0 1 0 1 0 -4.25 0 -1 rect2p.dat
1 16 -47.125 -4 -6.25 11.875 0 1 0 1 0 0 0 1 rect2p.dat
1 16 47.125 -4 -6.25 -11.875 0 1 0 1 0 0 0 -1 rect2p.dat
1 16 44 -3 13.75 -16 0 0 0 0 1 0 1 0 rect3.dat
1 16 44 -4 14.75 16 0 0 0 1 0 0 0 1 rect.dat
1 16 0 -3 15.75 -18.75 0 0 0 0 -1 0 -1 0 rect3.dat
1 16 48.125 -2 -7.25 -11.875 0 0 0 0 2 0 1 0 rect3.dat
1 16 28 -3 14.75 0 1 0 0 0 1 1 0 0 rect2a.dat
1 16 46.125 -3 -5.25 0 0 -11.875 1 0 0 0 -1 0 rect2a.dat
1 16 18.75 -3 6.25 0 -1 0 -1 0 0 0 0 -9.5 rect3.dat
1 16 34.25 -3 -9.5 0 1 0 1 0 0 0 0 -4.25 rect2a.dat
1 16 17.75 -3 -3.25 0 0 -1 -1 0 0 0 1 0 rect3.dat
1 16 17.625 -3 -13.75 0 0 -16.625 1 0 0 0 -1 0 rect3.dat
1 16 16.75 -3 5.25 0 1 0 -1 0 0 0 0 8.5 rect3.dat
1 16 1 -3 -4.75 0 -1 0 1 0 0 0 0 9 rect2a.dat
1 16 0 -3 13.75 0 0 -16.75 -1 0 0 0 1 0 rect3.dat
1 16 0 -3 4.25 0 0 -1 1 0 0 0 -1 0 rect2a.dat
1 16 -16.75 -3 5.25 0 -1 0 -1 0 0 0 0 -8.5 rect3.dat
1 16 -1 -3 -4.75 0 1 0 1 0 0 0 0 -9 rect2a.dat
1 16 -17.75 -3 -3.25 0 0 -1 -1 0 0 0 1 0 rect3.dat
1 16 -17.625 -3 -13.75 0 0 -16.625 1 0 0 0 -1 0 rect3.dat
1 16 -18.75 -3 6.25 0 1 0 0 0 1 9.5 0 0 rect2p.dat
1 16 -34.25 -3 -9.5 0 -1 0 1 0 0 0 0 4.25 rect1.dat
1 16 -46.125 -3 -5.25 11.875 0 0 0 0 1 0 -1 0 rect3.dat
1 16 -28 -3 14.75 0 -1 0 0 0 1 -1 0 0 rect.dat
1 16 -58 -3 -.5 0 -1 0 1 0 0 0 0 4.75 rect3.dat
1 16 -44 -3 13.75 0 0 -16 -1 0 0 0 1 0 rect3.dat
1 16 -59 -3 4.25 0 0 -1 1 0 0 0 -1 0 rect3.dat
1 16 36.25 -2 -11.5 0 -1 0 0 0 2 -4.25 0 0 rect2a.dat
1 16 0 -2 -15.75 -36.25 0 0 0 0 2 0 1 0 rect2p.dat
1 16 -36.25 -2 -11.5 0 1 0 0 0 2 4.25 0 0 rect3.dat
1 16 -48.125 -2 -7.25 -11.875 0 0 0 0 2 0 1 0 rect2a.dat
1 16 -44 -4 14.75 0 0 -16 0 1 0 1 0 0 rect2a.dat
0 BFC INVERTNEXT
1 16 -16.25 -2 -10 2 0 0 0 .25 0 0 0 2 4-4cylo.dat
0 BFC INVERTNEXT
1 16 -16.25 -.375 -10 .5 0 0 0 -.5 0 0 0 .5 4-4con6.dat
0 BFC INVERTNEXT
1 16 -16.25 -.875 -10 .5 0 0 0 -.5 0 0 0 .5 4-4con5.dat
0 BFC INVERTNEXT
1 16 -16.25 -1.375 -10 .5 0 0 0 -.375 0 0 0 .5 4-4con4.dat
0 BFC INVERTNEXT
1 16 -16.25 -.375 -10 3.5 0 0 0 .375 0 0 0 3.5 4-4cylo.dat
1 16 -16.25 -2 -10 2 0 0 0 1 0 0 0 2 4-4ndis.dat
1 16 -16.25 0 -10 3.5 0 0 0 -1 0 0 0 3.5 4-4ndis.dat
0 BFC INVERTNEXT
1 16 16.25 -2 -10 2 0 0 0 .25 0 0 0 2 4-4cylo.dat
0 BFC INVERTNEXT
1 16 16.25 -.375 -10 .5 0 0 0 -.5 0 0 0 .5 4-4con6.dat
0 BFC INVERTNEXT
1 16 16.25 -.875 -10 .5 0 0 0 -.5 0 0 0 .5 4-4con5.dat
0 BFC INVERTNEXT
1 16 16.25 -1.375 -10 .5 0 0 0 -.375 0 0 0 .5 4-4con4.dat
0 BFC INVERTNEXT
1 16 16.25 -.375 -10 3.5 0 0 0 .375 0 0 0 3.5 4-4cylo.dat
1 16 16.25 -2 -10 2 0 0 0 1 0 0 0 2 4-4ndis.dat
1 16 16.25 0 -10 3.5 0 0 0 -1 0 0 0 3.5 4-4ndis.dat

3 16 -16.75 -2 13.75 -2 -2 8 -2 -2 12
3 16 -1 -2 4.25 -16.75 -2 -3.25 -14.25 -2 -8
3 16 -2 -2 8 -1 -2 4.25 1 -2 4.25
3 16 14.25 -2 -8 16.75 -2 -3.25 1 -2 4.25
3 16 18.25 -2 -8 34.25 -2 -5.25 18.75 -2 -3.25
3 16 34.25 -2 -5.25 58 -2 -5.25 58 -2 4.25
3 16 1 -4 -13.75 36.25 -4 -15.75 34.25 -4 -13.75
3 16 -1 -4 -13.75 36.25 -4 -15.75 1 -4 -13.75
3 16 28 -2 15.75 60 0 15.75 18.75 -2 15.75
3 16 18.75 -2 15.75 60 0 15.75 -18.75 -2 15.75
3 16 -3.5 0 6.5 -60 0 15.75 -3.5 0 13.5
3 16 -3.5 0 6.5 -19.75 0 -6.5 -36.25 0 -7.25
3 16 -19.75 0 -10 -36.25 0 -7.25 -19.75 0 -6.5
3 16 -19.75 0 -6.5 -3.5 0 6.5 -12.75 0 -6.5
3 16 36.25 0 -15.75 12.75 0 -13.5 19.75 0 -13.5
3 16 60 0 -7.25 36.25 0 -7.25 60 0 15.75
3 16 12.75 0 -13.5 36.25 0 -15.75 -12.75 0 -13.5
4 16 60 -4 13.75 60 -2 13.75 60 0 15.75 60 -4 15.75
4 16 60 0 -7.25 60 0 15.75 60 -2 13.75 60 -2 4.25
4 16 60 -4 4.25 60 -4 -7.25 60 0 -7.25 60 -2 4.25
4 16 -60 -2 4.25 -58 -2 4.25 -28 -2 13.75 -60 -2 13.75
4 16 -18.75 -2 -3.25 -18.75 -2 15.75 -28 -2 15.75 -28 -2 13.75
4 16 -28 -2 13.75 -58 -2 4.25 -58 -2 -5.25 -34.25 -2 -5.25
4 16 -18.25 -2 -8 -18.75 -2 -3.25 -28 -2 13.75 -34.25 -2 -5.25
4 16 -1 -2 4.25 -2 -2 8 -16.75 -2 13.75 -16.75 -2 -3.25
4 16 -16.75 -2 -3.25 -18.75 -2 -3.25 -18.25 -2 -8 -14.25 -2 -8
4 16 -34.25 -2 -13.75 -18.25 -2 -12 -18.25 -2 -8 -34.25 -2 -5.25
4 16 -1 -2 -13.75 -14.25 -2 -12 -18.25 -2 -12 -34.25 -2 -13.75
4 16 -1 -2 4.25 -14.25 -2 -8 -14.25 -2 -12 -1 -2 -13.75
4 16 18.75 -2 -3.25 28 -2 13.75 28 -2 15.75 18.75 -2 15.75
4 16 2 -2 12 2 -2 8 16.75 -2 -3.25 16.75 -2 13.75
4 16 -2 -2 8 1 -2 4.25 16.75 -2 -3.25 2 -2 8
4 16 1 -2 4.25 1 -2 -13.75 14.25 -2 -12 14.25 -2 -8
4 16 16.75 -2 -3.25 14.25 -2 -8 18.25 -2 -8 18.75 -2 -3.25
4 16 18.25 -2 -12 34.25 -2 -13.75 34.25 -2 -5.25 18.25 -2 -8
4 16 1 -2 -13.75 34.25 -2 -13.75 18.25 -2 -12 14.25 -2 -12
4 16 60 -2 4.25 60 -2 13.75 28 -2 13.75 58 -2 4.25
4 16 18.75 -2 -3.25 34.25 -2 -5.25 58 -2 4.25 28 -2 13.75
4 16 -16.75 -2 13.75 -2 -2 12 2 -2 12 16.75 -2 13.75
4 16 -60 -4 -7.25 -58 -4 -5.25 -58 -4 4.25 -60 -4 4.25
4 16 58 -4 4.25 58 -4 -5.25 60 -4 -7.25 60 -4 4.25
4 16 -34.25 -4 -13.75 -36.25 -4 -15.75 36.25 -4 -15.75 -1 -4 -13.75
4 16 -60 0 15.75 -60 -4 15.75 -28 -4 15.75 -28 -2 15.75
4 16 -28 -2 15.75 -18.75 -2 15.75 60 0 15.75 -60 0 15.75
4 16 28 -4 15.75 60 -4 15.75 60 0 15.75 28 -2 15.75
4 16 -3.5 0 6.5 -36.25 0 -7.25 -60 0 -7.25 -60 0 15.75
4 16 -36.25 0 -7.25 -19.75 0 -10 -19.75 0 -13.5 -36.25 0 -15.75
4 16 12.75 0 -6.5 -12.75 0 -6.5 -3.5 0 6.5 3.5 0 6.5
4 16 12.75 0 -6.5 3.5 0 6.5 3.5 0 13.5 19.75 0 -6.5
4 16 -12.75 0 -6.5 12.75 0 -6.5 12.75 0 -13.5 -12.75 0 -13.5
4 16 60 0 15.75 36.25 0 -7.25 19.75 0 -6.5 3.5 0 13.5
4 16 36.25 0 -7.25 36.25 0 -15.75 19.75 0 -13.5 19.75 0 -6.5
4 16 -19.75 0 -13.5 -12.75 0 -13.5 36.25 0 -15.75 -36.25 0 -15.75
4 16 -3.5 0 13.5 -60 0 15.75 60 0 15.75 3.5 0 13.5
4 16 -60 -4 4.25 -60 -2 4.25 -60 0 -7.25 -60 -4 -7.25
4 16 -60 -2 13.75 -60 0 15.75 -60 0 -7.25 -60 -2 4.25
4 16 -60 -4 13.75 -60 -4 15.75 -60 0 15.75 -60 -2 13.75
4 16 -18.75 -4 15.75 -18.75 -4 -3.25 -16.75 -4 -3.25 -16.75 -4 13.75
4 16 16.75 -4 13.75 18.75 -4 15.75 -18.75 -4 15.75 -16.75 -4 13.75
4 16 16.75 -4 -3.25 18.75 -4 -3.25 18.75 -4 15.75 16.75 -4 13.75

2 24 -60 0 15.75 60 0 15.75
2 24 18.75 -2 15.75 28 -2 15.75
2 24 -60 -4 15.75 -60 0 15.75
2 24 -18.75 -2 15.75 -28 -2 15.75
2 24 60 -4 4.25 60 -4 -7.25
2 24 60 -2 13.75 60 -2 4.25
2 24 -60 -4 -7.25 -60 -4 4.25
2 24 60 0 15.75 60 -4 15.75
2 24 60 0 15.75 60 0 -7.25
2 24 -60 -2 13.75 -60 -2 4.25
2 24 -60 0 -7.25 -60 0 15.75

5 24 17.20675 -1.375 -7.69025 16.25 -1.375 -7.5 16.25 -.875 -7 17.0154 -1.75 -8.1522
5 24 -17.20675 -1.375 -12.30975 -18.01775 -1.375 -11.76775 -17.6642 -1.75 -11.4142 -17.3981 -.875 -12.7717
5 24 14.48225 -1.375 -11.76775 13.94025 -1.375 -10.95675 14.4022 -1.75 -10.7654 14.1287 -.875 -12.1213
5 24 1.76775 -1.375 8.23225 .95675 -1.375 7.69025 .7654 -1.75 8.1522 2.1213 -.875 7.8787
5 24 0 -1.375 12.5 .95675 -1.375 12.30975 0 -.875 13 .7654 -1.75 11.8478
5 24 18.55975 -1.375 -10.95675 18.01775 -1.375 -11.76775 17.6642 -1.75 -11.4142 19.0217 -.875 -11.1481
5 24 -2.30975 -1.375 10.95675 -1.76775 -1.375 11.76775 -1.4142 -1.75 11.4142 -2.7717 -.875 11.1481
5 24 18.01775 -1.375 -11.76775 17.20675 -1.375 -12.30975 17.0154 -1.75 -11.8478 18.3713 -.875 -12.1213
5 24 -2.30975 -1.375 9.04325 -2.5 -1.375 10 -2 -1.75 10 -2.7717 -.875 8.8519
5 24 -13.75 -1.375 -10 -13.94025 -1.375 -10.95675 -14.4022 -1.75 -10.7654 -13.25 -.875 -10
5 24 .95675 -1.375 7.69025 0 -1.375 7.5 0 -1.75 8 1.1481 -.875 7.2283
5 24 18.01775 -1.375 -8.23225 17.20675 -1.375 -7.69025 17.3981 -.875 -7.2283 17.6642 -1.75 -8.5858
5 24 -15.29325 -1.375 -12.30975 -16.25 -1.375 -12.5 -15.1019 -.875 -12.7717 -16.25 -1.75 -12
5 24 2.30975 -1.375 10.95675 2.5 -1.375 10 2.7717 -.875 11.1481 2 -1.75 10
5 24 13.94025 -1.375 -9.04325 14.48225 -1.375 -8.23225 13.4783 -.875 -8.8519 14.8358 -1.75 -8.5858
5 24 14.48225 -1.375 -8.23225 15.29325 -1.375 -7.69025 14.1287 -.875 -7.8787 15.4846 -1.75 -8.1522
5 24 -.95675 -1.375 12.30975 0 -1.375 12.5 -1.1481 -.875 12.7717 0 -1.75 12
5 24 -16.25 -1.375 -7.5 -15.29325 -1.375 -7.69025 -15.4846 -1.75 -8.1522 -16.25 -.875 -7
5 24 -1.76775 -1.375 11.76775 -.95675 -1.375 12.30975 -.7654 -1.75 11.8478 -2.1213 -.875 12.1213
5 24 18.75 -1.375 -10 18.55975 -1.375 -10.95675 18.0978 -1.75 -10.7654 19.25 -.875 -10
5 24 -13.94025 -1.375 -10.95675 -14.48225 -1.375 -11.76775 -14.8358 -1.75 -11.4142 -13.4783 -.875 -11.1481
5 24 -18.55975 -1.375 -9.04325 -18.01775 -1.375 -8.23225 -17.6642 -1.75 -8.5858 -19.0217 -.875 -8.8519
5 24 1.76775 -1.375 11.76775 2.30975 -1.375 10.95675 2.1213 -.875 12.1213 1.8478 -1.75 10.7654
5 24 16.25 -1.375 -12.5 15.29325 -1.375 -12.30975 15.4846 -1.75 -11.8478 16.25 -.875 -13
5 24 18.55975 -1.375 -9.04325 18.01775 -1.375 -8.23225 18.3713 -.875 -7.8787 18.0978 -1.75 -9.2346
5 24 -18.55975 -1.375 -10.95675 -18.75 -1.375 -10 -19.0217 -.875 -11.1481 -18.25 -1.75 -10
5 24 -1.76775 -1.375 8.23225 -2.30975 -1.375 9.04325 -1.8478 -1.75 9.2346 -2.1213 -.875 7.8787
5 24 18.75 -1.375 -10 18.55975 -1.375 -9.04325 18.25 -1.75 -10 19.0217 -.875 -8.8519
5 24 .95675 -1.375 12.30975 1.76775 -1.375 11.76775 1.1481 -.875 12.7717 1.4142 -1.75 11.4142
5 24 13.94025 -1.375 -10.95675 13.75 -1.375 -10 14.25 -1.75 -10 13.4783 -.875 -11.1481
5 24 -15.29325 -1.375 -7.69025 -14.48225 -1.375 -8.23225 -14.8358 -1.75 -8.5858 -15.1019 -.875 -7.2283
5 24 -.95675 -1.375 7.69025 -1.76775 -1.375 8.23225 -1.4142 -1.75 8.5858 -1.1481 -.875 7.2283
5 24 16.25 -1.375 -7.5 15.29325 -1.375 -7.69025 15.1019 -.875 -7.2283 16.25 -1.75 -8
5 24 -2.5 -1.375 10 -2.30975 -1.375 10.95675 -1.8478 -1.75 10.7654 -3 -.875 10
5 24 2.30975 -1.375 9.04325 1.76775 -1.375 8.23225 1.4142 -1.75 8.5858 2.7717 -.875 8.8519
5 24 -13.94025 -1.375 -9.04325 -13.75 -1.375 -10 -13.4783 -.875 -8.8519 -14.25 -1.75 -10
5 24 -14.48225 -1.375 -11.76775 -15.29325 -1.375 -12.30975 -14.1287 -.875 -12.1213 -15.4846 -1.75 -11.8478
5 24 15.29325 -1.375 -12.30975 14.48225 -1.375 -11.76775 14.8358 -1.75 -11.4142 15.1019 -.875 -12.7717
5 24 -17.20675 -1.375 -7.69025 -16.25 -1.375 -7.5 -16.25 -1.75 -8 -17.3981 -.875 -7.2283
5 24 2.5 -1.375 10 2.30975 -1.375 9.04325 3 -.875 10 1.8478 -1.75 9.2346
5 24 17.20675 -1.375 -12.30975 16.25 -1.375 -12.5 16.25 -1.75 -12 17.3981 -.875 -12.7717
5 24 -14.48225 -1.375 -8.23225 -13.94025 -1.375 -9.04325 -14.1287 -.875 -7.8787 -14.4022 -1.75 -9.2346
5 24 13.75 -1.375 -10 13.94025 -1.375 -9.04325 13.25 -.875 -10 14.4022 -1.75 -9.2346
5 24 -18.01775 -1.375 -8.23225 -17.20675 -1.375 -7.69025 -17.0154 -1.75 -8.1522 -18.3713 -.875 -7.8787
5 24 -18.75 -1.375 -10 -18.55975 -1.375 -9.04325 -18.0978 -1.75 -9.2346 -19.25 -.875 -10
5 24 -16.25 -1.375 -12.5 -17.20675 -1.375 -12.30975 -17.0154 -1.75 -11.8478 -16.25 -.875 -13
5 24 0 -1.375 7.5 -.95675 -1.375 7.69025 -.7654 -1.75 8.1522 0 -.875 7
5 24 -18.01775 -1.375 -11.76775 -18.55975 -1.375 -10.95675 -18.3713 -.875 -12.1213 -18.0978 -1.75 -10.7654
