0 Sheet Fabric Tepee Cover with Dark Brown Edge and Black Horses Pattern (Formed)
0 Name: u9328ap01c01.dat
0 Author: Alex Taylor [anathema]
0 !LDRAW_ORG Unofficial_Part 
0 !LICENSE Redistributable under CCAL version 2.0 : see CAreadme.txt

0 BFC CERTIFY CCW

0 !CATEGORY Sheet Fabric


0 // Based on original geometry by Philo

1 16 0 0 0 1 0 0 0 1 0 0 0 1 s\u9328ac01s01.dat

0 !TEXMAP START PLANAR 40 -276 150 -19.575 -276 148.71 30 -3 150 u9328ap0100.png
4 16 -4 -131.199 87.601 -19.575 -6 148.71 -4 -202.974 51.979 -3.315 -199.899 53.55
3 16 -3.315 -199.899 53.55 -3.315 -134.305 86.104 -4 -131.199 87.601
4 16 -1.364 -136.971 84.91 -3.315 -134.305 86.104 -3.315 -199.899 53.55 -1.364 -197.326 54.956
4 16 1.556 -138.731 84.063 -1.364 -136.971 84.91 -1.364 -197.326 54.956 1.556 -195.585 55.847
4 16 5 -139.296 83.643 1.556 -138.731 84.063 1.556 -195.585 55.847 5 -194.92 56.037
4 16 8.444 -138.631 83.834 5 -139.296 83.643 5 -194.92 56.037 8.444 -195.485 55.618
4 16 11.364 -136.839 84.606 8.444 -138.631 83.834 8.444 -195.485 55.618 11.364 -197.193 54.652
4 16 13.315 -134.191 85.841 11.364 -136.839 84.606 11.364 -197.193 54.652 13.315 -199.785 53.287
4 16 14 -131.09 87.352 13.315 -134.191 85.841 13.315 -199.785 53.287 14 -202.865 51.73
4 16 26.616 -260.858 21.049 26.531 -19.906 140.65 24.823 -14.883 143.432 25.207 -266.691 18.394
4 16 25.207 -266.691 18.394 24.823 -14.883 143.432 21.695 -10.344 146.215 21.805 -271.337 16.669
3 16 21.805 -271.337 16.669 21.695 -10.344 146.215 17.895 -7.391 148.588
3 16 21.805 -271.337 16.669 17.895 -7.391 148.588 17.131 -274.859 15.872
4 16 14 -59.316 122.974 17.895 -7.391 148.588 12.59 -6.13 149.427 13.315 -56.235 124.531
3 16 13.315 -56.235 124.531 12.59 -6.13 149.427 11.364 -53.644 125.896
3 16 11.364 -53.644 125.896 12.59 -6.13 149.427 8.444 -51.936 126.861
4 16 5 -51.371 127.281 8.444 -51.936 126.861 12.59 -6.13 149.427 0 -6 150
3 16 5 -51.371 127.281 0 -6 150 1.556 -52.035 127.09
3 16 -1.364 -53.776 126.199 1.556 -52.035 127.09 0 -6 150
4 16 -1.364 -53.776 126.199 0 -6 150 -19.575 -6 148.71 -3.315 -56.35 124.793
3 16 -3.315 -56.35 124.793 -19.575 -6 148.71 -4 -59.424 123.222
4 16 -4 -59.424 123.222 -19.575 -6 148.71 -4 -131.199 87.601 -3.315 -62.531 121.726
4 16 -3.315 -62.531 121.726 -4 -131.199 87.601 -3.315 -128.125 89.172 -1.364 -65.196 120.531
3 16 -1.364 -125.551 90.577 -1.364 -65.196 120.531 -3.315 -128.125 89.172
4 16 1.556 -66.957 119.685 -1.364 -65.196 120.531 -1.364 -125.551 90.577 1.556 -123.81 91.468
4 16 5 -67.521 119.265 1.556 -66.957 119.685 1.556 -123.81 91.468 5 -123.146 91.659
3 16 5 -123.146 91.659 8.444 -66.857 119.456 5 -67.521 119.265
4 16 11.364 -65.064 120.228 8.444 -66.857 119.456 5 -123.146 91.659 8.444 -123.71 91.239
4 16 11.364 -65.064 120.228 8.444 -123.71 91.239 11.364 -125.419 90.274 13.315 -62.416 121.463
4 16 13.315 -62.416 121.463 11.364 -125.419 90.274 13.315 -128.01 88.909 14 -59.316 122.974
4 16 14 -59.316 122.974 13.315 -128.01 88.909 14 -131.09 87.352 17.895 -7.391 148.588
4 16 17.131 -274.859 15.872 17.895 -7.391 148.588 14 -131.09 87.352 14 -202.865 51.73
4 16 12.59 -276.13 15.426 17.131 -274.859 15.872 14 -202.865 51.73 13.315 -205.965 50.219
3 16 12.59 -276.13 15.426 13.315 -205.965 50.219 11.364 -208.613 48.984
3 16 12.59 -276.13 15.426 11.364 -208.613 48.984 8.444 -210.406 48.212
4 16 12.59 -276.13 15.426 8.444 -210.406 48.212 5 -211.071 48.022 0 -276 16
3 16 0 -276 16 5 -211.071 48.022 1.556 -210.506 48.441
3 16 0 -276 16 1.556 -210.506 48.441 -1.364 -208.746 49.288
4 16 -2.088 -276 15.862 0 -276 16 -1.364 -208.746 49.288 -3.315 -206.08 50.483
3 16 -2.088 -276 15.862 -3.315 -206.08 50.483 -4 -202.974 51.979
3 16 -4 -202.974 51.979 -19.575 -6 148.71 -2.088 -276 15.862
0 !TEXMAP END

0 !TEXMAP START PLANAR -19.575 -276 148.71 -38.82 -276 144.885 -19.575 -6 148.71 u9328ap0101.png
4 16 -4.141 -276 15.454 -2.088 -276 15.862 -19.575 -6 148.71 -38.82 -6 144.885
0 !TEXMAP END

0 !TEXMAP START PLANAR -38.82 -276 144.885 -57.405 -276 138.585 -38.82 -6 144.885 u9328ap0102.png
4 16 -6.123 -276 14.782 -4.141 -276 15.454 -38.82 -6 144.885 -57.405 -6 138.585
0 !TEXMAP END

0 !TEXMAP START PLANAR -57.405 -276 138.585 -75 -276 129.9 -57.405 -6 138.585 u9328ap0103.png
4 16 -8 -276 13.856 -6.123 -276 14.782 -57.405 -6 138.585 -75 -6 129.9
0 !TEXMAP END

0 !TEXMAP START PLANAR -75 -276 129.9 -91.32 -276 119.01 -75 -6 129.9 u9328ap0104.png
4 16 -9.741 -276 12.694 -8 -276 13.856 -75 -6 129.9 -91.32 -6 119.01
0 !TEXMAP END

0 !TEXMAP START PLANAR -91.32 -276 119.01 -106.065 -276 106.065 -91.32 -6 119.01 u9328ap0105.png
4 16 -11.314 -276 11.314 -9.741 -276 12.694 -91.32 -6 119.01 -106.065 -6 106.065
0 !TEXMAP END

0 !TEXMAP START PLANAR -106.065 -276 106.065 -119.01 -276 91.32 -106.065 -6 106.065 u9328ap0106.png
4 16 -12.694 -276 9.741 -11.314 -276 11.314 -106.065 -6 106.065 -119.01 -6 91.32
0 !TEXMAP END

0 !TEXMAP START PLANAR -119.01 -276 91.32 -129.9 -276 75 -119.01 -6 91.32 u9328ap0107.png
4 16 -13.856 -276 8 -12.694 -276 9.741 -119.01 -6 91.32 -129.9 -6 75
0 !TEXMAP END

0 !TEXMAP START PLANAR -129.9 -276 75 -138.585 -276 57.405 -129.9 -6 75 u9328ap0108.png
4 16 -14.782 -276 6.123 -13.856 -276 8 -129.9 -6 75 -138.585 -6 57.405
0 !TEXMAP END

0 !TEXMAP START PLANAR -138.585 -276 57.405 -144.885 -276 38.82 -138.585 -6 57.405 u9328ap0109.png
4 16 -15.454 -276 4.141 -14.782 -276 6.123 -138.585 -6 57.405 -144.885 -6 38.82
0 !TEXMAP END

0 !TEXMAP START PLANAR -144.885 -276 38.82 -148.71 -276 19.575 -144.885 -6 38.82 u9328ap0110.png
4 16 -15.862 -276 2.088 -15.454 -276 4.141 -144.885 -6 38.82 -148.71 -6 19.575
0 !TEXMAP END

0 !TEXMAP START PLANAR -148.71 -276 19.575 -150 -276 0 -148.71 -6 19.575 u9328ap0111.png
4 16 -16 -276 0 -15.862 -276 2.088 -148.71 -6 19.575 -150 -6 0
0 !TEXMAP END

0 !TEXMAP START PLANAR -150 -276 0 -148.71 -276 -19.575 -150 -6 0 u9328ap0112.png
4 16 -15.862 -276 -2.088 -16 -276 0 -150 -6 0 -148.71 -6 -19.575
0 !TEXMAP END

0 !TEXMAP START PLANAR -148.71 -276 -19.575 -144.885 -276 -38.82 -148.71 -6 -19.575 u9328ap0113.png
4 16 -15.454 -276 -4.141 -15.862 -276 -2.088 -148.71 -6 -19.575 -144.885 -6 -38.82
0 !TEXMAP END

0 !TEXMAP START PLANAR -144.885 -276 -38.82 -138.585 -276 -57.405 -144.885 -6 -38.82 u9328ap0114.png
4 16 -14.782 -276 -6.123 -15.454 -276 -4.141 -144.885 -6 -38.82 -138.585 -6 -57.405
0 !TEXMAP END

0 !TEXMAP START PLANAR -138.585 -276 -57.405 -129.9 -276 -75 -138.585 -6 -57.405 u9328ap0115.png
4 16 -13.856 -276 -8 -14.782 -276 -6.123 -138.585 -6 -57.405 -129.9 -6 -75
0 !TEXMAP END

0 !TEXMAP START PLANAR -129.9 -276 -75 -119.01 -276 -91.32 -129.9 -6 -75 u9328ap0116.png
4 16 -12.694 -276 -9.741 -13.856 -276 -8 -129.9 -6 -75 -119.01 -6 -91.32
0 !TEXMAP END

0 !TEXMAP START PLANAR -119.01 -276 -91.32 -106.065 -276 -106.065 -119.01 -6 -91.32 u9328ap0117.png
4 16 -11.314 -276 -11.314 -12.694 -276 -9.741 -119.01 -6 -91.32 -106.065 -6 -106.065
0 !TEXMAP END

0 !TEXMAP START PLANAR -106.065 -276 -106.065 -91.32 -276 -119.01 -106.065 -6 -106.065 u9328ap0118.png
4 16 -9.741 -276 -12.694 -11.314 -276 -11.314 -106.065 -6 -106.065 -91.32 -6 -119.01
0 !TEXMAP END

0 !TEXMAP START PLANAR -91.32 -276 -119.01 -75 -276 -129.9 -91.32 -6 -119.01 u9328ap0119.png
4 16 -8 -276 -13.856 -9.741 -276 -12.694 -91.32 -6 -119.01 -75 -6 -129.9
0 !TEXMAP END

0 !TEXMAP START PLANAR -75 -276 -129.9 -57.405 -276 -138.585 -75 -6 -129.9 u9328ap0120.png
4 16 -6.123 -276 -14.782 -8 -276 -13.856 -75 -6 -129.9 -57.405 -6 -138.585
0 !TEXMAP END

0 !TEXMAP START PLANAR -57.405 -276 -138.585 -38.82 -276 -144.885 -57.405 -6 -138.585 u9328ap0121.png
4 16 -13.315 -205.52 -49.199 -4.141 -276 -15.454 -6.123 -276 -14.782 -14 -202.377 -50.611
4 16 -14 -202.377 -50.611 -6.123 -276 -14.782 -57.405 -6 -138.585 -38.82 -6 -144.885
0 !TEXMAP END

0 !TEXMAP START PLANAR -38.82 -276 -144.885 -19.575 -276 -148.71 -38.82 -6 -144.885 u9328ap0122.png
4 16 -11.364 -208.277 -48.212 -8.444 -210.229 -47.807 -2.088 -276 -15.862 -4.141 -276 -15.454
3 16 -11.364 -208.277 -48.212 -4.141 -276 -15.454 -13.315 -205.52 -49.199
3 16 -13.315 -199.365 -52.324 -14 -202.377 -50.611 -38.82 -6 -144.885
3 16 -19.575 -6 -148.71 -11.364 -125.315 -90.036 -38.82 -6 -144.885
3 16 -38.82 -6 -144.885 -11.364 -125.315 -90.036 -13.315 -127.811 -88.452
3 16 -38.82 -6 -144.885 -13.315 -127.811 -88.452 -14 -130.843 -86.785
4 16 -13.315 -199.365 -52.324 -38.82 -6 -144.885 -14 -130.843 -86.785 -11.364 -196.892 -53.961
3 16 -13.315 -133.972 -85.341 -11.364 -196.892 -53.961 -14 -130.843 -86.785
4 16 -11.364 -196.892 -53.961 -13.315 -133.972 -85.341 -11.364 -136.723 -84.34 -8.444 -195.354 -55.317
0 !TEXMAP END

0 !TEXMAP START PLANAR -19.575 -276 -148.71 0 -276 -150 -19.575 -6 -148.71 u9328ap0123.png
4 16 -5 -211.025 -47.917 -1.556 -210.492 -48.409 0 -276 -16 -2.088 -276 -15.862
3 16 -5 -211.025 -47.917 -2.088 -276 -15.862 -8.444 -210.229 -47.807
4 16 -5 -67.476 -119.16 -1.556 -66.942 -119.652 -1.556 -123.796 -91.436 -5 -123.1 -91.554
4 16 -8.444 -66.78 -119.279 -5 -67.476 -119.16 -5 -123.1 -91.554 -8.444 -123.633 -91.063
4 16 -11.364 -64.96 -119.99 -8.444 -66.78 -119.279 -8.444 -123.633 -91.063 -11.364 -125.315 -90.036
3 16 -11.364 -64.96 -119.99 -11.364 -125.315 -90.036 -13.315 -62.294 -121.184
3 16 -13.315 -62.294 -121.184 -11.364 -125.315 -90.036 -14 -59.188 -122.681
4 16 0 -6 -150 -1.556 -52.021 -127.057 -5 -51.325 -127.176 -19.575 -6 -148.71
3 16 -19.575 -6 -148.71 -5 -51.325 -127.176 -8.444 -51.858 -126.684
3 16 -19.575 -6 -148.71 -8.444 -51.858 -126.684 -11.364 -53.54 -125.657
3 16 -19.575 -6 -148.71 -11.364 -53.54 -125.657 -13.315 -56.114 -124.251
3 16 -19.575 -6 -148.71 -13.315 -56.114 -124.251 -14 -59.188 -122.681
3 16 -14 -59.188 -122.681 -11.364 -125.315 -90.036 -19.575 -6 -148.71
3 16 -8.444 -138.554 -83.657 -8.444 -195.354 -55.317 -11.364 -136.723 -84.34
3 16 -8.444 -138.554 -83.657 -5 -194.875 -55.933 -8.444 -195.354 -55.317
4 16 -5 -194.875 -55.933 -8.444 -138.554 -83.657 -5 -139.25 -83.539 -1.556 -195.571 -55.814
3 16 -1.556 -138.717 -84.03 -1.556 -195.571 -55.814 -5 -139.25 -83.539
0 !TEXMAP END

0 !TEXMAP START PLANAR -0.1 -276 -150 19.575 -276 -148.71 0 -6 -150 u9328ap0124.png
3 16 1.364 -208.746 -49.288 0 -276 -16 -1.556 -210.492 -48.409
4 16 4 -59.424 -123.222 19.575 -6 -148.71 4 -131.199 -87.601 3.315 -62.531 -121.726
3 16 3.315 -128.125 -89.172 3.315 -62.531 -121.726 4 -131.199 -87.601
4 16 3.315 -62.531 -121.726 3.315 -128.125 -89.172 1.364 -125.551 -90.577 1.364 -65.196 -120.531
4 16 -1.556 -66.942 -119.652 1.364 -65.196 -120.531 1.364 -125.551 -90.577 -1.556 -123.796 -91.436
3 16 19.575 -6 -148.71 4 -59.424 -123.222 3.315 -56.35 -124.793
4 16 19.575 -6 -148.71 3.315 -56.35 -124.793 1.364 -53.776 -126.199 0 -6 -150
3 16 0 -6 -150 1.364 -53.776 -126.199 -1.556 -52.021 -127.057
4 16 1.364 -197.326 -54.956 -1.556 -195.571 -55.814 -1.556 -138.717 -84.03 1.364 -136.971 -84.91
4 16 3.315 -199.899 -53.55 1.364 -197.326 -54.956 1.364 -136.971 -84.91 3.315 -134.305 -86.104
4 16 3.315 -199.899 -53.55 3.315 -134.305 -86.104 4 -131.199 -87.601 4 -202.974 -51.979
3 16 4 -131.199 -87.601 19.575 -6 -148.71 4 -202.974 -51.979
3 16 4 -202.974 -51.979 19.575 -6 -148.71 2.088 -276 -15.862
4 16 3.315 -206.08 -50.483 4 -202.974 -51.979 2.088 -276 -15.862 0 -276 -16
3 16 0 -276 -16 1.364 -208.746 -49.288 3.315 -206.08 -50.483
0 !TEXMAP END

0 !TEXMAP START PLANAR 19.575 -276 -148.71 38.82 -276 -144.885 19.575 -6 -148.71 u9328ap0125.png
4 16 19.575 -6 -148.71 38.82 -6 -144.885 4.141 -276 -15.454 2.088 -276 -15.862
0 !TEXMAP END

0 !TEXMAP START PLANAR 38.82 -276 -144.885 57.405 -276 -138.585 38.82 -6 -144.885 u9328ap0126.png
4 16 38.82 -6 -144.885 57.405 -6 -138.585 6.123 -276 -14.782 4.141 -276 -15.454
0 !TEXMAP END

0 !TEXMAP START PLANAR 57.405 -276 -138.585 75 -276 -129.9 57.405 -6 -138.585 u9328ap0127.png
4 16 57.405 -6 -138.585 75 -6 -129.9 8 -276 -13.856 6.123 -276 -14.782
0 !TEXMAP END

0 !TEXMAP START PLANAR 75 -276 -129.9 91.32 -276 -119.01 75 -6 -129.9 u9328ap0128.png
4 16 75 -6 -129.9 91.32 -6 -119.01 9.741 -276 -12.694 8 -276 -13.856
0 !TEXMAP END

0 !TEXMAP START PLANAR 91.32 -276 -119.01 106.065 -276 -106.065 91.32 -6 -119.01 u9328ap0129.png
4 16 91.32 -6 -119.01 106.065 -6 -106.065 11.314 -276 -11.314 9.741 -276 -12.694
0 !TEXMAP END

0 !TEXMAP START PLANAR 106.065 -276 -106.065 119.01 -276 -91.32 106.065 -6 -106.065 u9328ap0130.png
4 16 106.065 -6 -106.065 119.01 -6 -91.32 12.694 -276 -9.741 11.314 -276 -11.314
0 !TEXMAP END

0 !TEXMAP START PLANAR 119.01 -276 -91.32 129.9 -276 -75 119.01 -6 -91.32 u9328ap0131.png
4 16 119.01 -6 -91.32 129.9 -6 -75 13.856 -276 -8 12.694 -276 -9.741
0 !TEXMAP END

0 !TEXMAP START PLANAR 129.9 -276 -75 138.585 -276 -57.405 129.9 -6 -75 u9328ap0132.png
4 16 99.303 -85.952 -47.531 14.782 -276 -6.123 13.856 -276 -8 129.9 -6 -75
4 16 129.9 -6 -75 138.585 -6 -57.405 112.302 -63.321 -46.518 109.576 -66.789 -48.16
3 16 129.9 -6 -75 109.576 -66.789 -48.16 103.867 -76.131 -49.273
3 16 103.867 -76.131 -49.273 99.303 -85.952 -47.531 129.9 -6 -75
3 16 14.782 -276 -6.123 99.303 -85.952 -47.531 96.193 -95.585 -43.053
3 16 96.193 -95.585 -43.053 95.46 -100.051 -39.542 14.782 -276 -6.123
0 !TEXMAP END

0 !TEXMAP START PLANAR 138.585 -276 -57.405 144.885 -276 -38.82 138.585 -6 -57.405 u9328ap0133.png
4 16 138.585 -6 -57.405 144.885 -6 -38.82 124.381 -48.773 -33.326 121.513 -51.369 -37.781
3 16 138.585 -6 -57.405 121.513 -51.369 -37.781 115.659 -58.375 -44.244
3 16 115.659 -58.375 -44.244 112.302 -63.321 -46.518 138.585 -6 -57.405
4 16 15.454 -276 -4.141 14.782 -276 -6.123 95.46 -100.051 -39.542 94.44 -104.217 -36.125
3 16 15.454 -276 -4.141 94.44 -104.217 -36.125 93.86 -111.111 -27.201
3 16 93.86 -111.111 -27.201 94.046 -112.054 -25.198 15.454 -276 -4.141
0 !TEXMAP END

0 !TEXMAP START PLANAR 144.885 -276 -38.82 148.71 -276 -19.575 144.885 -6 -38.82 u9328ap0134.png
4 16 144.885 -6 -38.82 148.71 -6 -19.575 130.588 -42.831 -17.19 130.156 -42.948 -19.069
3 16 144.885 -6 -38.82 130.156 -42.948 -19.069 126.529 -46.143 -29.199
3 16 126.529 -46.143 -29.199 124.381 -48.773 -33.326 144.885 -6 -38.82
4 16 15.862 -276 -2.088 15.454 -276 -4.141 94.046 -112.054 -25.198 93.951 -115.526 -16.855
3 16 93.951 -115.526 -16.855 94.449 -116.28 -12.433 15.862 -276 -2.088
0 !TEXMAP END

0 !TEXMAP START PLANAR 148.71 -276 -19.575 150 -276 0 148.71 -6 -19.575 u9328ap0135.png
4 16 148.71 -6 -19.575 150 -6 0 131.77 -42.731 0 131.709 -41.786 -8.056
3 16 131.709 -41.786 -8.056 130.588 -42.831 -17.19 148.71 -6 -19.575
4 16 16 -276 0 15.862 -276 -2.088 94.449 -116.28 -12.433 94.5 -117.061 -5.78
3 16 94.5 -117.061 -5.78 95.209 -116.399 0 16 -276 0
0 !TEXMAP END

0 !TEXMAP START PLANAR 150 -276 0 148.71 -276 19.575 150 -6 0 u9328ap0136.png
4 16 150 -6 0 148.71 -6 19.575 127.834 -48.298 17.117 129.175 -46.158 13.559
3 16 150 -6 0 129.175 -46.158 13.559 131.47 -42.928 3.068
3 16 131.47 -42.928 3.068 131.77 -42.731 0 150 -6 0
4 16 96.33 -112.458 12.629 15.862 -276 1.958 16 -276 0 95.294 -115.521 5.28
3 16 16 -276 0 95.209 -116.399 0 95.217 -116.296 .617
3 16 16 -276 0 95.217 -116.296 .617 95.294 -115.521 5.28
0 !TEXMAP END

0 !TEXMAP START PLANAR 148.71 -276 19.575 144.885 -276 38.82 148.71 -6 19.575 u9328ap0137.png
4 16 148.71 -6 19.575 144.885 -6 38.82 118.174 -61.721 31.61 120.214 -58.388 29.817
3 16 148.71 -6 19.575 120.214 -58.388 29.817 125.182 -51.354 22.693
3 16 148.71 -6 19.575 125.182 -51.354 22.693 127.834 -48.298 17.117
4 16 99.088 -101.535 26.458 15.454 -276 3.882 15.862 -276 1.958 98.15 -104.223 24.346
3 16 15.862 -276 1.958 96.33 -112.458 12.629 96.35 -112.091 13.409
3 16 15.862 -276 1.958 96.35 -112.091 13.409 96.429 -111.088 15.562
3 16 15.862 -276 1.958 96.429 -111.088 15.562 98.15 -104.223 24.346
3 16 15.454 -276 3.882 99.088 -101.535 26.458 99.349 -100.501 27.242
0 !TEXMAP END

0 !TEXMAP START PLANAR 144.885 -276 38.82 138.585 -276 57.405 144.885 -6 38.82 u9328ap0138.png
3 16 14.782 -276 5.741 15.454 -276 3.882 100.66 -95.554 31.013
3 16 100.66 -95.554 31.013 104.317 -85.934 35.077 14.782 -276 5.741
5 24 100.66 -95.554 31.013 14.782 -276 5.741 104.317 -85.934 35.077 15.454 -276 3.882
3 16 15.454 -276 3.882 99.349 -100.501 27.242 100.66 -95.554 31.013
3 16 144.885 -6 38.82 138.585 -6 57.405 117.767 -62.277 31.925
3 16 117.767 -62.277 31.925 118.174 -61.721 31.61 144.885 -6 38.82
5 24 117.767 -62.277 31.925 144.885 -6 38.82 118.174 -61.721 31.61 138.585 -6 57.405
3 16 138.585 -6 57.405 104.317 -85.934 35.077 109.06 -76.112 36.25
3 16 138.585 -6 57.405 109.06 -76.112 36.25 114.566 -66.758 34.45
3 16 138.585 -6 57.405 114.566 -66.758 34.45 117.767 -62.277 31.925
3 16 138.585 -6 57.405 14.782 -276 5.741 104.317 -85.934 35.077
0 !TEXMAP END

0 !TEXMAP START PLANAR 138.585 -276 57.405 129.9 -276 75 138.585 -6 57.405 u9328ap0139.png
3 16 138.585 -6 57.405 129.9 -6 75 13.856 -276 7.5
3 16 13.856 -276 7.5 14.782 -276 5.741 138.585 -6 57.405
0 !TEXMAP END

0 !TEXMAP START PLANAR 129.9 -276 75 119.01 -276 91.32 129.9 -6 75 u9328ap0140.png
3 16 13.856 -276 7.5 129.9 -6 75 12.694 -276 9.132
3 16 12.694 -276 9.132 119.01 -6 91.32 11.314 -276 10.607
3 16 12.694 -276 9.132 129.9 -6 75 119.01 -6 91.32
0 !TEXMAP END

0 !TEXMAP START PLANAR 119.01 -276 91.32 106.065 -276 106.065 119.01 -6 91.32 u9328ap0141.png
3 16 11.314 -276 10.607 106.065 -6 106.065 9.741 -276 11.901
3 16 11.314 -276 10.607 119.01 -6 91.32 106.065 -6 106.065
0 !TEXMAP END

0 !TEXMAP START PLANAR 106.065 -276 106.065 91.32 -276 119.01 106.065 -6 106.065 u9328ap0142.png
3 16 9.741 -276 11.901 91.32 -6 119.01 8 -276 12.99
3 16 9.741 -276 11.901 106.065 -6 106.065 91.32 -6 119.01
0 !TEXMAP END

0 !TEXMAP START PLANAR 91.32 -276 119.01 75 -276 129.9 91.32 -6 119.01 u9328ap0143.png
3 16 8 -276 12.99 75 -6 129.9 6.123 -276 13.859
3 16 8 -276 12.99 91.32 -6 119.01 75 -6 129.9
0 !TEXMAP END

0 !TEXMAP START PLANAR 75 -276 129.9 57.405 -276 138.585 75 -6 129.9 u9328ap0144.png
3 16 6.123 -276 13.859 57.405 -6 138.585 4.141 -276 14.489
3 16 6.123 -276 13.859 75 -6 129.9 57.405 -6 138.585
0 !TEXMAP END

0 !TEXMAP START PLANAR 57.405 -276 138.585 38.82 -276 144.885 57.405 -6 138.585 u9328ap0145.png
3 16 57.405 -6 138.585 38.82 -6 144.885 14 -202.128 50.04
3 16 4.141 -276 14.489 14 -202.128 50.04 13.315 -205.267 48.619
3 16 57.405 -6 138.585 14 -202.128 50.04 4.141 -276 14.489
0 !TEXMAP END

0 !TEXMAP START PLANAR 38.82 -276 144.885 -19.575 -276 148.71 38.82 -6 144.885 u9328ap0146.png
4 16 -3.315 -133.742 84.813 -4 -130.589 86.203 -4 -202.352 50.555 -3.315 -199.326 52.235
3 16 -4 -58.845 121.895 -4 -130.589 86.203 -3.315 -61.979 120.46
3 16 -3.315 -61.979 120.46 -4 -130.589 86.203 -1.364 -64.689 119.368
3 16 -1.364 -64.689 119.368 -4 -130.589 86.203 -3.315 -127.562 87.882
3 16 -3.315 -127.562 87.882 -1.364 -125.096 89.535 -1.364 -64.689 119.368
4 16 -1.364 -64.689 119.368 -1.364 -125.096 89.535 1.556 -123.337 90.384 1.556 -66.434 118.487
4 16 5 -67.041 118.163 1.556 -66.434 118.487 1.556 -123.337 90.384 5 -122.714 90.669
4 16 8.444 -66.417 118.448 5 -67.041 118.163 5 -122.714 90.669 8.444 -123.32 90.346
4 16 11.364 -64.658 119.297 8.444 -66.417 118.448 8.444 -123.32 90.346 11.364 -125.057 89.445
3 16 11.364 -64.658 119.297 11.364 -125.057 89.445 13.315 -62.031 120.581
3 16 13.315 -62.031 120.581 11.364 -125.057 89.445 14 -58.936 122.105
3 16 -1.364 -196.886 53.948 -3.315 -133.742 84.813 -3.315 -199.326 52.235
3 16 -1.364 -196.886 53.948 -1.364 -136.526 83.89 -3.315 -133.742 84.813
3 16 -1.364 -136.526 83.89 -1.364 -196.886 53.948 1.556 -138.271 83.009
3 16 1.556 -138.271 83.009 -1.364 -196.886 53.948 1.556 -195.174 54.906
4 16 5 -138.878 82.686 1.556 -138.271 83.009 1.556 -195.174 54.906 5 -194.551 55.191
3 16 5 -138.878 82.686 5 -194.551 55.191 8.444 -138.255 82.97
3 16 8.444 -138.255 82.97 5 -194.551 55.191 8.444 -195.063 54.649
3 16 8.444 -138.255 82.97 8.444 -195.063 54.649 11.364 -136.461 83.741
4 16 11.364 -136.461 83.741 8.444 -195.063 54.649 11.364 -196.627 53.355 13.315 -133.729 84.783
3 16 13.315 -133.729 84.783 11.364 -196.627 53.355 13.315 -199.115 51.751
3 16 13.315 -133.729 84.783 13.315 -199.115 51.751 14 -202.128 50.04
3 16 13.315 -133.729 84.783 14 -202.128 50.04 14 -130.606 86.242
3 16 14 -130.606 86.242 14 -202.128 50.04 38.82 -6 144.885
3 16 14 -130.606 86.242 38.82 -6 144.885 13.315 -127.568 87.895
4 16 11.364 -125.057 89.445 13.315 -127.568 87.895 38.82 -6 144.885 17.881 -6.138 148.21
3 16 17.881 -6.138 148.21 14 -58.936 122.105 11.364 -125.057 89.445
3 16 13.315 -55.845 123.636 14 -58.936 122.105 17.881 -6.138 148.21
3 16 17.881 -6.138 148.21 11.364 -53.228 124.942 13.315 -55.845 123.636
3 16 17.881 -6.138 148.21 8.444 -51.483 125.823 11.364 -53.228 124.942
4 16 5 -50.876 126.147 8.444 -51.483 125.823 17.881 -6.138 148.21 -2.945 -5.742 148.491
3 16 -2.945 -5.742 148.491 1.556 -51.5 125.862 5 -50.876 126.147
3 16 -2.945 -5.742 148.491 -1.364 -53.259 125.013 1.556 -51.5 125.862
3 16 -1.364 -53.259 125.013 -2.945 -5.742 148.491 -8.825 -6.558 147.566
3 16 -1.364 -53.259 125.013 -8.825 -6.558 147.566 -3.315 -55.799 123.53
3 16 -3.315 -55.799 123.53 -8.825 -6.558 147.566 -4 -58.845 121.895
3 16 -13.486 -256.245 16.028 -12.637 -261.913 14.894 -18.276 -18.765 139.625
3 16 -17.474 -13.434 142.747 -18.276 -18.765 139.625 -12.637 -261.913 14.894
3 16 -12.637 -261.913 14.894 -10.885 -268.674 14.143 -17.474 -13.434 142.747
3 16 -14.713 -9.177 145.777 -17.474 -13.434 142.747 -10.885 -268.674 14.143
3 16 -10.885 -268.674 14.143 -6.642 -272.917 14.823 -14.713 -9.177 145.777
4 16 -8.825 -6.558 147.566 -14.713 -9.177 145.777 -6.642 -272.917 14.823 -4 -58.845 121.895
3 16 -6.642 -272.917 14.823 -4 -130.589 86.203 -4 -58.845 121.895
3 16 -4 -202.352 50.555 -4 -130.589 86.203 -6.642 -272.917 14.823
3 16 -3.315 -205.505 49.165 -4 -202.352 50.555 -6.642 -272.917 14.823
4 16 -1.364 -208.304 48.276 -3.315 -205.505 49.165 -6.642 -272.917 14.823 0 -276 15
3 16 1.556 -210.109 47.531 -1.364 -208.304 48.276 0 -276 15
3 16 5 -210.71 47.196 1.556 -210.109 47.531 0 -276 15
3 16 0 -276 15 2.088 -276 14.871 5 -210.71 47.196
3 16 5 -210.71 47.196 2.088 -276 14.871 8.444 -209.937 47.137
4 16 8.444 -209.937 47.137 2.088 -276 14.871 4.141 -276 14.489 11.364 -208.012 47.605
3 16 11.364 -208.012 47.605 4.141 -276 14.489 13.315 -205.267 48.619
0 !TEXMAP END

0 !TEXMAP START PLANAR 96 -112 -44 101 -112 32 96 -40 -44 u9328ap0147.png
4 16 94.993 -89.163 -45.582 96.559 -78.933 -48.586 98.683 -68.755 -48.716 94.095 -98.744 -39.905
4 16 94.095 -98.744 -39.905 98.683 -68.755 -48.716 101.224 -59.317 -45.963 93.952 -107.508 -31.291
3 16 93.952 -107.508 -31.291 101.224 -59.317 -45.963 104.476 -50.168 -39.313
4 16 93.952 -107.508 -31.291 104.476 -50.168 -39.313 106.515 -44.732 -32.712 94.129 -112.967 -22.214
4 16 94.129 -112.967 -22.214 106.515 -44.732 -32.712 108.595 -40.665 -23.845 94.374 -114.562 -18.181
4 16 94.374 -114.562 -18.181 108.595 -40.665 -23.845 109.814 -38.407 -15.072 95.125 -116.223 -5.788
4 16 95.874 -114.587 6.549 110.667 -37.79 -6.739 110.836 -38.407 1.636 110.695 -40.658 10.475
4 16 103.878 -68.743 36.386 101.752 -78.918 36.516 99.831 -89.146 33.726 98.246 -98.726 28.201
4 16 106.066 -59.306 33.344 103.878 -68.743 36.386 98.246 -98.726 28.201 108.497 -50.127 26.308
3 16 98.246 -98.726 28.201 97.049 -107.575 19.56 108.497 -50.127 26.308
4 16 108.497 -50.127 26.308 97.049 -107.575 19.56 96.122 -112.959 10.638 109.708 -44.729 19.547
4 16 110.695 -40.658 10.475 109.708 -44.729 19.547 96.122 -112.959 10.638 95.874 -114.587 6.549
3 16 110.667 -37.79 -6.739 95.874 -114.587 6.549 95.125 -116.223 -5.788
3 16 95.125 -116.223 -5.788 109.814 -38.407 -15.072 110.667 -37.79 -6.739
3 16 94.5 -117.061 -5.78 95.125 -116.223 -5.788 95.209 -116.399 0
3 16 95.209 -116.399 0 95.125 -116.223 -5.788 95.217 -116.296 .617
3 16 95.217 -116.296 .617 95.125 -116.223 -5.788 95.294 -115.521 5.28
3 16 95.294 -115.521 5.28 95.125 -116.223 -5.788 95.874 -114.587 6.549
3 16 97.049 -107.575 19.56 96.35 -112.091 13.409 96.33 -112.458 12.629
3 16 97.049 -107.575 19.56 96.33 -112.458 12.629 96.122 -112.959 10.638
3 16 95.294 -115.521 5.28 95.874 -114.587 6.549 96.122 -112.959 10.638
3 16 95.294 -115.521 5.28 96.122 -112.959 10.638 96.33 -112.458 12.629
3 16 95.125 -116.223 -5.788 94.5 -117.061 -5.78 94.449 -116.28 -12.433
3 16 94.129 -112.967 -22.214 93.951 -115.526 -16.855 94.046 -112.054 -25.198
3 16 94.129 -112.967 -22.214 94.046 -112.054 -25.198 93.86 -111.111 -27.201
3 16 94.129 -112.967 -22.214 93.86 -111.111 -27.201 93.952 -107.508 -31.291
3 16 94.129 -112.967 -22.214 94.374 -114.562 -18.181 93.951 -115.526 -16.855
3 16 93.951 -115.526 -16.855 94.374 -114.562 -18.181 94.449 -116.28 -12.433
3 16 94.449 -116.28 -12.433 94.374 -114.562 -18.181 95.125 -116.223 -5.788
3 16 96.429 -111.088 15.562 96.35 -112.091 13.409 97.049 -107.575 19.56
0 !TEXMAP END
